4.262919
4.620103
5.083330
5.559159
6.089140
6.429668
6.562921
6.875225
6.970458
6.796638
6.373465
5.636339
4.652141
3.562790
2.171106
0.639705
-0.891334
-2.237819
-3.820820
-5.402680
-6.653180
-7.839938
-8.849203
-9.637181
-10.235233
-10.794152
-10.967162
-11.176661
-11.316130
-11.271805
-11.266556
-11.273314
-11.221489
-11.031828
-10.682121
-10.435061
-10.068433
-9.397143
-8.708573
-7.571160
-6.017432
-3.909814
-1.557793
0.508372
1.792781
2.077487
1.467639
0.624976
0.185266
-0.185016
-0.648368
-1.937490
-3.270090
-4.420340
-5.136867
-5.840558
-6.554794
-6.883748
-7.136915
-7.283017
-7.161331
-6.984455
-6.479392
-5.910234
-5.173618
-4.542919
-3.931174
-3.416063
-2.783584
-2.550892
-2.176796
-1.839321
-1.763286
-1.599506
-1.810964
-1.887000
-1.891963
-2.300265
-2.480698
-2.745945
-2.991232
-3.262587
-3.464127
-3.780747
-3.945036
-4.071810
-4.281492
-4.424924
-4.405089
-4.173785
-4.257077
-4.253138
-4.134753
-3.970335
-3.798169
-3.824615
-3.840252
-3.758744
-3.610611
-3.402324
-3.426484
-3.629688
-3.496042
-3.337731
-3.301745
-3.369908
-3.333667
-3.409572
-3.476966
-3.342688
-3.496546
-3.338876
-3.361384
-3.474172
-3.266142
-3.107962
-2.850343
-2.380118
-1.833218
-1.339594
-0.555552
0.271227
0.941346
1.703895
2.183530
2.719624
3.670499
4.295600
5.283482
6.190623
7.324349
8.386108
9.322862
10.234959
11.387631
12.605792
13.699090
14.627080
15.845365
16.664507
17.402265
17.876686
17.976126
17.754495
16.903435
15.663399
14.444858
12.814971
11.228689
9.663392
8.350247
6.978731
6.080123
5.218892
4.443610
3.764212
3.327938
3.465904
3.640365
3.753529
3.971474
4.298017
4.308315
4.515329
4.549029
4.432801
4.034804
3.535330
2.630990
1.775613
0.779718
-0.340532
-1.622651
-2.677289
-4.004796
-5.317439
-6.296034
-7.205496
-8.240119
-8.919390
-9.574855
-10.031370
-10.279738
-10.638834
-10.717213
-10.834398
-10.768839
-10.898333
-10.802077
-10.474900
-10.128654
-9.266914
-8.262636
-6.752771
-4.755402
-2.244951
0.246051
2.304970
3.420896
3.273010
2.390038
1.330316
0.404616
-0.415041
-1.119488
-1.890564
-2.744927
-3.562675
-4.538596
-5.202742
-5.854037
-6.150943
-6.294763
-6.280902
-6.240214
-5.889895
-5.566282
-5.231478
-4.688773
-4.169209
-3.513212
-2.916333
-2.534994
-2.152888
-1.849621
-1.706692
-1.648202
-1.545335
-1.739124
-1.832959
-2.128979
-2.411910
-2.615737
-2.960206
-3.226852
-3.509393
-3.681309
-3.674820
-3.709914
-3.938042
-3.860476
-3.777060
-3.662620
-3.579073
-3.603367
-3.536604
-3.274787
-3.288400
-3.273898
-3.275048
-3.241350
-3.273393
-3.269962
-3.404874
-3.369265
-3.254447
-3.075278
-3.371814
-3.182985
-3.191244
-3.231299
-3.286365
-3.532155
-3.381728
-3.405892
-3.550851
-3.537749
-3.342693
-3.044134
-2.941891
-2.508038
-2.160899
-1.566819
-0.782774
-0.033320
0.858050
1.597344
2.495446
3.190487
4.101557
4.659014
5.311077
6.179303
7.150777
7.953267
8.819711
9.923428
10.904062
11.805339
13.154730
14.238102
15.330761
16.270569
17.245737
17.708966
18.140540
18.111795
17.497884
16.510267
15.396880
13.892113
12.457652
10.895287
9.481176
8.088303
6.933976
6.026709
5.044557
4.334515
4.024117
3.935113
3.804524
3.809868
4.043325
4.184471
4.423777
4.813132
4.869074
4.873150
4.583233
4.345198
3.837205
3.025561
1.986313
0.963717
0.056456
-1.439034
-2.551910
-3.671138
-4.686228
-6.054184
-6.863405
-7.889777
-8.560202
-9.035026
-9.682551
-9.881487
-9.984543
-10.035065
-10.238007
-10.096489
-10.137685
-10.166295
-9.842296
-9.461972
-9.028116
-7.989251
-6.967795
-5.184805
-2.960336
-0.475059
1.891453
3.328446
3.502530
2.949907
1.859155
0.862246
0.116987
-0.876109
-1.598103
-2.450310
-3.399528
-4.405216
-4.854587
-5.508808
-5.902864
-6.021247
-6.123989
-6.207528
-6.022897
-5.910239
-5.434290
-5.039597
-4.651386
-3.997291
-3.448490
-2.947491
-2.499135
-2.113855
-1.968133
-1.695508
-1.545585
-1.549656
-1.903405
-2.031330
-1.952746
-2.463407
-2.731321
-2.780787
-3.189595
-3.345998
-3.535463
-3.603108
-3.715006
-3.667828
-3.679530
-3.743994
-3.667578
-3.596493
-3.586702
-3.442251
-3.566234
-3.522234
-3.546273
-3.387961
-3.344090
-3.216676
-3.174078
-3.287123
-3.101095
-3.183619
-3.152588
-3.010434
-2.963127
-3.128437
-3.143053
-3.075031
-3.149672
-3.169508
-3.344983
-3.373969
-3.342309
-3.066764
-2.904133
-2.826691
-2.002974
-1.668038
-1.075998
-0.109742
0.728984
1.844410
2.717593
3.795241
4.436617
5.125557
6.043118
6.839630
7.722096
8.876796
9.760030
10.798895
11.696371
12.708540
13.839600
14.987942
16.067374
16.920731
17.786533
18.394725
18.714653
18.423712
17.790474
16.814294
15.358733
13.687135
12.252684
10.576381
9.160740
7.822547
6.786094
5.805467
5.026373
4.466890
4.327651
4.485449
4.582977
4.834245
5.279041
5.474218
5.932622
6.051005
6.088258
6.284340
5.936560
5.692807
5.069357
4.142133
3.299078
1.991407
0.735350
-0.624846
-2.064003
-3.398766
-4.623392
-5.882935
-6.908579
-7.841124
-8.783755
-9.225301
-9.801360
-10.179897
-10.381859
-10.727705
-10.814787
-10.844922
-10.703498
-10.431966
-10.269170
-9.930801
-9.285101
-8.931737
-7.933683
-6.903199
-5.533857
-3.513338
-1.142499
1.251982
2.988815
3.446706
2.960587
1.842246
0.825123
0.168357
-0.491968
-1.126605
-2.464426
-3.304545
-4.182053
-4.980086
-5.487189
-5.994032
-6.118137
-6.335069
-6.313705
-6.120177
-5.882009
-5.426026
-5.239104
-4.826231
-4.191591
-3.673559
-3.351208
-2.712375
-2.413811
-2.075699
-1.829534
-1.790235
-1.921843
-1.776633
-1.976392
-2.145132
-2.295050
-2.694825
-3.058240
-3.159202
-3.465014
-3.552883
-3.730266
-4.088088
-4.012938
-3.945921
-4.086562
-3.963601
-4.017768
-3.858310
-3.930280
-3.956729
-3.785200
-3.596748
-3.672026
-3.681565
-3.585184
-3.269324
-3.466793
-3.256222
-3.119022
-3.349559
-3.241098
-3.185270
-3.205232
-3.054302
-3.157554
-3.272242
-3.262326
-3.240072
-3.365833
-3.154753
-2.979026
-2.762093
-2.403263
-1.929854
-1.299289
-0.363927
0.427878
1.363115
2.283983
3.196973
4.071554
4.814912
5.478418
6.258012
7.170999
7.965471
9.087244
10.081861
11.021297
12.132642
13.115059
14.406455
15.578331
16.548407
17.201231
18.336611
18.761574
18.842826
18.385317
17.581432
16.295114
14.770891
13.040418
11.485031
9.866078
8.697000
7.224149
6.366984
5.544285
4.614769
4.373044
4.351176
4.405848
4.478457
4.882308
5.055750
5.542879
5.799104
6.023030
6.018960
5.847298
5.602143
4.968261
4.374693
3.617480
2.738322
1.614761
0.349558
-1.047898
-2.361555
-3.804414
-5.034644
-6.309601
-7.403846
-8.454170
-9.036141
-9.621174
-10.164786
-10.503118
-10.472664
-10.635396
-10.834730
-10.552827
-10.341488
-10.206972
-9.905369
-9.975562
-9.615197
-8.882269
-8.079660
-6.881203
-5.136872
-3.017046
-0.861996
1.639813
2.960459
3.237784
2.442421
1.538718
0.786591
0.051623
-0.537234
-1.414490
-2.375159
-3.465909
-4.413099
-5.029038
-5.733997
-6.138735
-6.382752
-6.273011
-6.391021
-6.298698
-5.870185
-5.607093
-5.248138
-4.606502
-4.157261
-3.620780
-3.298947
-2.739842
-2.372486
-2.218629
-1.940027
-1.881795
-1.956936
-1.898826
-2.209978
-2.287040
-2.500156
-2.769723
-3.125763
-3.282929
-3.587216
-3.635535
-3.759387
-3.849280
-3.902558
-3.807702
-3.835425
-3.799950
-3.750996
-3.606413
-3.530249
-3.571451
-3.409572
-3.363543
-3.322851
-3.180569
-3.314464
-3.183235
-3.170140
-3.226473
-3.225067
-3.200527
-3.185016
-3.064856
-3.213757
-3.237153
-3.371816
-3.343451
-3.337226
-3.362784
-3.220114
-2.988438
-2.829996
-2.521895
-1.888661
-1.241680
-0.591405
0.207268
1.146698
2.251302
3.108338
3.992712
4.951735
5.587513
6.211220
7.154594
8.293662
9.203975
10.127260
11.061730
12.068308
13.159436
14.282990
15.412143
16.468173
17.336651
18.230434
18.447240
18.904498
18.583932
17.890294
16.684338
15.236412
13.690943
12.176889
10.508597
9.032311
7.789859
6.741459
5.764511
5.328620
4.918156
4.781847
4.660672
4.836016
5.021542
5.177434
5.597554
5.729418
5.836998
5.831014
5.699663
5.531824
5.244571
4.774988
4.024247
3.190489
1.983011
0.718566
-0.680410
-1.926756
-3.297377
-4.522661
-5.772498
-7.095486
-8.157592
-8.856054
-9.431866
-9.947863
-10.229350
-10.454694
-10.747565
-10.751087
-10.787708
-10.613413
-10.576136
-10.447160
-10.284661
-9.860786
-9.376399
-8.612188
-7.603456
-6.240465
-4.148359
-1.867038
0.426612
2.147416
2.941641
2.654901
1.645406
0.706485
-0.001396
-0.849917
-1.662322
-2.623372
-3.223415
-3.795373
-4.777020
-5.382918
-5.927662
-6.279758
-6.324510
-6.473158
-6.207400
-6.150312
-5.774178
-5.376686
-4.671736
-4.274497
-3.760147
-3.270342
-2.736533
-2.340443
-1.979446
-1.786300
-1.608150
-1.640065
-1.690292
-1.925403
-2.081040
-2.373757
-2.716577
-2.887344
-3.185273
-3.577548
-3.687797
-3.894422
-4.033283
-4.061381
-4.177474
-4.100928
-4.186246
-4.138439
-3.980379
-3.954191
-3.838860
-3.701651
-3.687540
-3.578055
-3.445564
-3.452179
-3.467433
-3.512188
-3.402080
-3.240587
-3.301870
-3.264487
-3.167982
-3.162763
-3.219600
-3.153991
-3.266783
-3.128304
-3.018447
-2.783081
-2.607606
-2.331921
-1.921970
-1.405593
-0.727467
0.127540
0.978980
2.041247
2.995935
4.095335
4.940795
5.939230
6.684875
7.398479
8.287813
9.126158
10.110598
11.142226
12.122473
13.141379
14.020792
15.159351
16.080350
17.411040
18.325430
19.482426
19.854099
19.819136
19.320929
18.258916
16.806669
15.103533
13.308715
11.756514
9.775538
8.410518
7.112753
6.062057
5.455274
5.077234
4.745614
4.663597
4.863608
5.180100
5.368293
5.854668
6.241483
6.517404
6.643670
6.846358
6.812409
6.752271
6.471631
6.228511
5.384442
4.250075
3.058111
1.685383
0.177657
-1.499342
-3.039141
-4.535047
-6.042313
-7.385525
-8.633465
-9.552895
-10.230906
-10.769270
-11.098652
-11.165313
-11.386096
-11.371607
-11.215975
-11.240264
-11.008175
-10.767992
-10.388516
-10.076440
-9.584389
-8.964062
-8.214319
-7.214103
-5.631765
-3.845342
-1.778287
0.626502
2.282456
2.976867
2.467851
1.534648
0.651801
-0.019587
-0.592293
-1.556523
-2.700805
-3.911592
-4.861319
-5.502577
-6.078720
-6.508763
-6.896086
-7.110595
-6.952285
-7.010907
-6.584291
-6.174726
-5.711620
-5.046335
-4.695001
-4.125852
-3.505196
-2.957658
-2.623370
-2.249147
-2.086006
-1.780704
-1.628237
-1.525751
-1.757683
-1.883060
-2.310436
-2.570602
-2.892428
-2.969229
-3.508377
-3.528216
-3.868357
-4.034044
-4.265085
-4.337822
-4.259235
-4.269793
-4.303870
-4.231768
-4.177605
-4.101565
-4.093930
-3.979877
-4.000597
-3.963222
-4.028447
-3.980382
-3.851826
-3.938422
-3.974792
-3.943383
-3.824870
-3.795747
-3.827154
-3.613919
-3.682837
-3.793842
-3.774518
-3.875984
-3.641763
-3.476202
-3.059518
-2.721910
-2.197779
-1.548255
-0.875731
0.220867
1.166664
2.477006
3.682456
4.808555
5.923846
6.748585
7.480109
8.161540
8.880490
9.772616
10.906094
11.873248
12.710570
13.366955
14.240387
15.303165
16.210681
17.266717
18.068056
18.940992
19.145070
19.009651
18.364081
17.128373
15.753811
14.085642
12.465417
10.800680
9.336733
7.890198
6.482706
5.652630
5.211773
4.849889
4.552467
4.724512
4.854471
5.140566
5.264166
5.658354
6.147401
6.382766
6.733712
6.732574
6.590536
6.269211
5.973702
5.233524
4.045238
2.910626
1.623432
0.246972
-1.326012
-3.062830
-4.277967
-5.797202
-6.976868
-8.172610
-8.985934
-10.011162
-10.715139
-11.187249
-11.742918
-11.869607
-11.903396
-11.864739
-11.831365
-11.563256
-11.258446
-10.988035
-10.556676
-10.225038
-9.804358
-9.069445
-8.177566
-6.907398
-4.899721
-2.739840
-0.567630
1.624931
2.399698
2.382915
1.682921
0.613789
-0.124483
-0.805794
-1.685332
-2.546312
-3.412371
-4.618458
-5.502321
-6.224823
-6.649525
-6.871160
-7.090887
-7.204186
-6.875097
-6.643418
-6.188837
-5.890016
-5.163320
-4.447429
-3.739420
-3.236008
-2.697373
-2.149958
-1.742683
-1.620741
-1.572550
-1.462937
-1.596961
-1.693984
-1.831313
-2.144494
-2.594631
-3.002671
-3.360997
-3.550719
-3.747304
-3.877131
-4.202143
-4.328540
-4.391100
-4.384999
-4.530080
-4.470314
-4.363126
-4.361216
-4.223376
-4.133732
-4.074100
-3.897984
-3.781638
-3.642524
-3.484092
-3.548553
-3.320569
-3.202692
-3.199511
-3.255339
-3.056590
-3.010689
-3.167721
-3.074392
-3.088636
-3.155013
-3.288775
-3.349299
-3.298184
-3.285217
-3.207781
-2.929555
-2.652743
-2.279032
-1.667789
-1.070659
-0.234477
0.321200
1.086169
1.764803
2.397409
2.966821
3.865049
4.804232
5.705642
6.950502
8.009845
8.873497
9.889476
10.947932
12.259037
13.342156
14.484406
15.425492
16.321941
17.178855
17.764664
17.727532
17.557268
16.845198
15.679674
14.486059
13.314570
11.683656
10.142141
8.737564
7.354742
6.432088
5.445860
4.779941
4.045994
3.652695
3.128687
3.446451
3.482558
3.555931
3.690846
3.895945
3.950874
3.737125
3.550079
3.217312
2.753449
1.993812
1.094813
0.218450
-0.783672
-1.772570
-2.737688
-3.677496
-4.741922
-5.813093
-6.788253
-7.708746
-8.300784
-9.121736
-9.871498
-10.090607
-10.510152
-10.707946
-10.842747
-10.879768
-10.893756
-10.666656
-10.434591
-9.841157
-9.056985
-7.827633
-6.316248
-3.985597
-1.439159
0.933709
2.902984
3.688050
3.195699
2.129109
1.298273
0.129319
-0.530498
-1.491161
-2.252835
-3.259787
-3.993609
-4.891591
-5.477015
-5.933510
-6.145092
-6.205243
-6.300105
-6.109112
-5.849586
-5.633923
-5.179344
-4.581328
-4.001361
-3.404238
-2.927146
-2.374651
-1.988476
-1.603060
-1.509853
-1.413981
-1.498289
-1.414615
-1.635231
-2.003990
-2.074816
-2.576190
-2.751790
-3.103003
-3.310780
-3.504687
-3.672024
-3.871794
-3.718315
-3.912735
-3.690209
-3.899379
-3.703181
-3.678257
-3.658927
-3.479514
-3.508758
-3.484852
-3.644177
-3.229909
-3.294757
-3.370033
-3.111394
-3.146612
-3.061546
-2.979664
-2.990091
-2.975968
-3.027220
-2.992882
-3.220112
-3.231559
-3.298309
-3.136445
-3.254187
-3.246947
-3.112035
-3.181328
-2.847549
-2.493923
-1.811221
-1.284414
-0.361376
0.540795
1.350144
2.113728
2.867379
3.931176
4.351044
5.215074
5.949913
6.991065
7.984794
8.851873
9.877393
10.833107
12.081911
12.995786
14.244210
15.262095
16.254168
17.034781
17.605843
18.200561
18.153641
17.889026
17.118965
15.686545
14.241159
12.789794
11.092508
9.576927
8.241521
7.075756
6.004590
5.073165
4.503634
4.067482
4.027435
4.206337
4.199094
4.552457
4.694750
5.040746
5.270764
5.490239
5.337399
5.151116
4.994326
4.307431
3.661858
2.647269
1.565931
0.525538
-0.824356
-1.878861
-3.052904
-4.209774
-5.425644
-6.502785
-7.669675
-8.440404
-9.112315
-9.818369
-10.261775
-10.650241
-10.878918
-10.923012
-10.821046
-10.447692
-10.486089
-10.281754
-9.793725
-9.199903
-8.532971
-7.390090
-5.723823
-3.801476
-1.400117
0.897599
2.898406
3.739548
3.524400
2.430468
1.258977
0.201161
-0.427754
-1.272460
-2.067061
-2.973180
-3.926721
-4.520539
-5.276621
-5.506515
-5.984247
-6.027861
-6.065752
-6.137338
-5.940250
-5.798465
-5.452726
-4.811482
-4.358035
-3.723783
-3.302252
-2.796049
-2.230451
-1.942571
-1.946000
-1.718520
-1.832457
-1.587682
-1.787183
-2.064255
-2.311069
-2.483237
-2.882127
-3.011066
-3.366475
-3.571577
-3.548688
-3.607430
-3.638969
-3.706617
-3.642400
-3.783922
-3.782402
-3.621164
-3.650794
-3.631846
-3.647233
-3.522360
-3.553517
-3.394188
-3.449121
-3.360752
-3.288011
-3.212355
-3.191249
-3.163149
-3.198754
-3.044637
-3.240329
-2.865856
-3.066631
-3.197738
-3.119788
-3.173697
-3.291445
-3.144200
-3.024932
-2.743152
-2.396522
-2.226006
-1.565680
-0.842667
-0.038788
0.874458
1.809185
2.832669
3.562801
4.423524
5.159506
5.988695
6.861750
7.611978
8.579381
9.560263
10.586802
11.573157
12.558494
13.797630
14.919791
15.868379
16.920728
17.900599
18.360133
18.805570
18.704601
18.119176
16.856382
15.595753
13.952125
12.379836
10.917910
9.413266
8.247755
7.071561
5.950034
5.153153
4.519405
4.383980
4.292684
4.359434
4.637147
4.870228
5.118312
5.411528
5.663553
6.044899
5.961484
5.856703
5.644096
5.188494
4.417424
3.372319
2.292382
0.852079
-0.517141
-1.727672
-3.264488
-4.554828
-5.864917
-6.616325
-7.852206
-8.635980
-9.272536
-9.869930
-10.100221
-10.347009
-10.365010
-10.506181
-10.449208
-10.528857
-10.388408
-10.232797
-9.808855
-9.354276
-8.989081
-8.268230
-7.193629
-5.758918
-3.701143
-1.846826
0.525413
2.381892
3.246816
2.909981
1.856231
1.058327
0.357693
-0.233459
-1.268514
-1.947911
-2.959702
-3.798675
-4.601286
-5.164079
-5.774685
-6.014757
-6.243901
-6.288785
-6.283566
-6.014129
-5.772014
-5.320231
-4.768248
-4.346338
-3.968433
-3.512189
-2.894969
-2.598449
-2.437205
-1.980212
-1.852287
-1.767350
-1.917143
-1.943965
-2.218751
-2.492774
-2.908583
-2.984366
-3.325139
-3.705212
-3.665668
-3.778334
-3.986990
-4.013700
-4.035313
-3.867468
-3.950244
-3.833006
-3.793721
-3.788888
-3.613152
-3.713736
-3.577036
-3.521094
-3.526431
-3.420004
-3.352105
-3.351207
-3.384400
-3.148274
-3.238683
-3.234357
-3.217955
-3.165051
-3.260551
-3.308739
-3.175100
-3.173451
-3.315863
-3.272634
-3.328325
-3.117880
-2.790194
-2.369689
-1.890948
-1.321666
-0.600813
0.275803
1.221719
2.220917
3.010811
3.833011
4.516474
5.450825
6.172691
6.932574
8.044047
9.138999
10.031002
10.987977
11.905926
13.122554
14.329149
15.309519
16.349161
17.200728
18.048223
18.450414
18.644203
18.159480
17.544046
16.322582
14.800266
13.235728
11.646397
10.235844
8.830264
7.511522
6.495286
5.967843
5.110294
4.397584
4.240798
4.456075
4.588832
4.715607
5.105463
5.559039
5.757907
6.026592
5.935930
5.960217
5.758292
5.369067
4.794440
4.003911
2.934779
1.761122
0.350323
-1.143133
-2.462513
-3.794106
-5.034733
-6.226440
-7.428120
-8.340467
-8.891896
-9.560251
-9.949512
-10.278351
-10.487702
-10.471246
-10.387701
-10.449142
-10.474799
-10.217817
-10.088727
-9.611639
-9.368259
-8.867519
-8.045199
-7.110084
-5.550255
-3.433485
-1.338447
0.974017
2.540972
3.076677
2.468112
1.505786
0.561774
0.035604
-0.505317
-1.411434
-2.057523
-2.971898
-3.872806
-4.809572
-5.466331
-6.035872
-6.279376
-6.460568
-6.407040
-6.312183
-5.914182
-5.825929
-5.275979
-4.858396
-4.298530
-3.778713
-3.187434
-2.840933
-2.370963
-2.207437
-1.869962
-1.776637
-1.711778
-1.858396
-1.943847
-2.197652
-2.501803
-2.894589
-2.985255
-3.290941
-3.384018
-3.707252
-3.553391
-3.831739
-3.864799
-3.861361
-3.844707
-3.899384
-3.862506
-3.877643
-3.749718
-3.619127
-3.743490
-3.566230
-3.601969
-3.494769
-3.557465
-3.491595
-3.459927
-3.397114
-3.319799
-3.319548
-3.123602
-3.069046
-3.041963
-2.941001
-3.103513
-2.935281
-3.160097
-3.026966
-3.070067
-2.993523
-2.663425
-2.521891
-2.079904
-1.505157
-0.807824
-0.294491
1.023105
1.911669
2.752053
3.808973
4.667412
5.267456
6.174471
6.893029
7.864760
8.932110
9.956492
10.945506
11.835101
12.824887
13.946152
15.069706
16.118493
17.315927
18.071876
18.677772
19.016652
18.781277
18.145367
17.079676
15.685403
14.062753
12.595752
10.968910
9.586332
8.107505
7.101825
6.138615
5.430091
4.826100
4.589077
4.700081
4.737469
4.806766
5.131142
5.457682
5.716702
5.997075
5.881751
5.899804
5.747340
5.540337
4.866908
4.293816
3.444665
2.188739
1.209254
-0.539156
-1.837668
-3.022367
-4.408884
-5.602441
-6.627409
-7.624601
-8.509681
-9.117093
-9.870944
-10.260360
-10.527479
-10.729443
-10.748884
-10.780319
-10.827082
-10.656346
-10.624549
-10.437893
-10.000738
-9.583788
-8.928294
-8.004250
-6.774773
-4.937360
-2.806852
-0.222017
1.737465
2.859747
2.883406
2.213417
1.093675
0.253427
-0.639593
-1.193365
-2.165862
-3.036247
-3.870901
-4.663599
-5.513637
-5.869548
-6.218724
-6.505842
-6.511305
-6.429292
-6.137719
-5.904765
-5.582561
-4.982508
-4.562383
-4.024630
-3.563696
-2.907812
-2.435681
-2.107107
-1.686983
-1.538595
-1.461921
-1.543558
-1.526900
-1.731106
-2.172594
-2.423864
-2.687708
-2.980418
-3.291063
-3.550591
-3.830339
-3.830715
-4.039258
-4.220577
-4.111350
-4.103597
-4.042821
-4.011786
-3.862511
-3.751885
-3.719588
-3.759894
-3.650922
-3.545124
-3.539276
-3.431955
-3.580224
-3.288144
-3.438952
-3.467812
-3.266779
-3.240073
-3.373973
-3.130600
-3.218584
-3.196970
-3.023017
-3.040315
-3.033445
-2.941770
-2.507652
-2.169164
-1.793669
-1.184337
-0.447586
0.221124
1.213965
2.391050
3.539151
4.624302
5.605320
6.398643
7.331214
7.961528
8.829621
9.753162
10.928220
11.931866
12.715274
13.805134
14.797848
15.781531
16.839729
17.822011
18.758775
19.577155
19.775269
19.468434
18.681080
17.484917
16.040543
14.157225
12.307485
10.750827
8.975087
7.333493
6.068033
5.309552
4.868695
4.609935
4.519019
4.802573
4.944483
5.373632
5.564367
6.190744
6.703951
6.776302
7.144423
7.090129
6.980006
6.929013
6.355919
5.713526
4.795078
3.461072
2.130372
0.727498
-0.710259
-2.207662
-3.578431
-4.876618
-6.083503
-7.130285
-7.941429
-8.914677
-9.712511
-10.208252
-10.619272
-10.949668
-11.214202
-11.161783
-11.164629
-11.328014
-11.121158
-10.812730
-10.609786
-10.167334
-9.698917
-9.063858
-8.444211
-7.098766
-5.566914
-3.387454
-1.251725
1.009497
2.531055
2.874245
2.150597
1.256684
0.609584
-0.190731
-1.029077
-1.933671
-3.174079
-4.000090
-5.039983
-5.600353
-6.190998
-6.525930
-6.664531
-6.546270
-6.757741
-6.709167
-6.347782
-6.074652
-5.490366
-5.102665
-4.545977
-4.070159
-3.527452
-3.122076
-2.550885
-2.129492
-1.960120
-1.980466
-1.790615
-1.816942
-1.897554
-2.285635
-2.321365
-2.973686
-3.173068
-3.457265
-3.913498
-4.091767
-4.319255
-4.664606
-4.689659
-4.835886
-4.763412
-4.564789
-4.523980
-4.428739
-4.349521
-4.447686
-4.238005
-4.445263
-4.439675
-4.372276
-4.289246
-4.057315
-3.921766
-3.857553
-3.869752
-3.821822
-3.690975
-3.593954
-3.380714
-3.345111
-3.171161
-3.184131
-3.173698
-3.001908
-2.831144
-2.783208
-2.366383
-2.183785
-1.617176
-1.195653
-0.551864
0.120419
1.083373
2.113853
3.112287
4.072571
5.263900
5.943552
6.565861
7.235844
8.021676
9.200281
10.342403
11.570484
12.416708
13.208901
14.257936
15.128330
16.346872
17.432913
18.487552
19.238657
19.547270
19.606019
18.810657
17.584990
16.281762
14.503220
12.696842
10.891470
9.245812
7.855736
6.684364
5.694960
4.966735
4.500066
4.263426
4.120894
4.502865
4.821396
5.284880
5.511222
5.882264
6.156417
6.238681
6.287514
6.229021
6.024805
5.521650
4.713317
4.008867
2.811812
1.461319
0.181573
-1.407147
-2.885677
-4.613394
-6.033978
-7.279036
-8.417533
-9.446673
-10.293981
-10.899209
-11.235387
-11.595014
-11.608006
-11.609823
-11.562874
-11.282572
-10.996266
-10.866897
-10.632734
-10.310406
-9.627388
-9.150698
-8.514019
-7.354735
-6.005477
-4.216391
-2.149960
0.224556
1.844915
2.559410
2.241130
1.064809
0.326414
-0.526684
-1.016614
-1.772946
-2.972663
-4.230242
-5.093765
-5.644730
-6.205619
-6.704078
-6.768419
-7.044981
-6.995522
-6.763330
-6.328078
-6.001030
-5.506134
-4.730861
-4.179760
-3.603867
-3.092825
-2.608998
-1.891455
-1.817708
-1.425556
-1.413216
-1.347095
-1.635489
-1.716998
-1.929732
-2.264663
-2.625270
-2.958042
-3.167853
-3.469845
-3.859586
-4.025650
-4.364396
-4.491048
-4.708862
-4.552968
-4.610573
-4.621634
-4.377623
-4.202141
-4.286451
-4.049171
-3.956349
-3.783927
-3.644813
-3.450270
-3.452297
-3.352864
-3.258132
-3.066631
-3.097784
-3.076931
-3.090285
-3.167721
-3.195194
-3.256607
-3.222532
-3.361633
-3.428397
-3.475951
-3.419494
-3.551613
-3.212351
-2.975595
-2.728775
-2.268727
-1.618953
-1.023486
-0.228119
0.235490
1.007336
1.714069
2.216213
2.887089
3.738911
4.779560
5.857466
6.922533
7.924147
8.768207
9.845348
10.939533
12.223944
13.373435
14.367678
15.350852
16.267008
16.860199
17.512131
17.699685
17.465843
16.535438
15.687434
14.237594
12.977729
11.485926
10.036215
8.550389
7.393776
6.160105
5.334857
4.763031
3.922784
3.372192
3.264113
3.157176
3.280256
3.486257
3.668083
3.598910
3.764471
3.708392
3.422551
3.034968
2.417373
1.675164
0.950236
0.133767
-0.824739
-1.709621
-2.978767
-4.064689
-5.214821
-6.310149
-7.204061
-7.920962
-8.713282
-9.232331
-9.875103
-10.249963
-10.667800
-10.708622
-10.784787
-10.654446
-10.643638
-10.506948
-9.932204
-9.455745
-8.570735
-7.230250
-5.249784
-2.773799
-0.194800
1.963173
3.402328
3.772992
2.765274
1.754756
0.834401
-0.271351
-0.742599
-1.726146
-2.821354
-3.953300
-4.648969
-5.051166
-5.695722
-6.076435
-6.208928
-6.233345
-6.300734
-6.088258
-5.716708
-5.404277
-4.777017
-4.427969
-3.794484
-3.341554
-2.731075
-2.392450
-1.918154
-1.576483
-1.388294
-1.463319
-1.575722
-1.521937
-1.781084
-1.950832
-2.207948
-2.736916
-2.899168
-3.337353
-3.384015
-3.542202
-3.638714
-3.607178
-3.648885
-3.628667
-3.607305
-3.639729
-3.561278
-3.472136
-3.441362
-3.492356
-3.418604
-3.239691
-3.242362
-3.394445
-3.336592
-3.311544
-3.241981
-3.147250
-3.118768
-3.042471
-3.147763
-3.022131
-3.024805
-3.015133
-3.154119
-3.149162
-3.272629
-3.193282
-3.264868
-3.343706
-3.017425
-2.963643
-2.614597
-2.241517
-1.620607
-1.094432
-0.238418
0.721108
1.712293
2.562074
3.485232
4.345194
4.992927
5.578867
6.326935
7.458238
8.433022
9.319557
10.482533
11.387634
12.438452
13.408407
14.739097
15.679678
16.630299
17.560318
18.062722
18.382139
18.227385
17.778648
16.827903
15.292869
13.923895
12.258661
10.674163
9.273018
7.995478
6.902570
5.873998
5.128224
4.454549
4.093170
4.093552
4.151157
4.459766
4.621891
4.821395
5.291623
5.345286
5.449808
5.569717
5.121235
4.900867
4.425307
3.740566
2.553303
1.626845
0.311665
-0.941087
-2.182771
-3.608828
-4.654690
-5.796812
-6.939188
-7.929341
-8.716316
-9.430862
-9.845267
-10.285100
-10.479462
-10.553347
-10.601648
-10.614523
-10.418068
-10.257851
-9.795251
-9.506737
-9.021253
-8.307778
-6.997811
-5.806356
-3.820161
-1.717502
0.612130
2.659609
3.774511
3.565980
2.604424
1.490016
0.372441
-0.387568
-1.132580
-2.006528
-3.014885
-3.828557
-4.661435
-5.300650
-5.619689
-5.973684
-6.012470
-6.169634
-6.159842
-5.830765
-5.692292
-5.332442
-4.900358
-4.433191
-3.766883
-3.262459
-2.789946
-2.391308
-2.047987
-1.748785
-1.559577
-1.553597
-1.582969
-1.885093
-1.842884
-2.062094
-2.550765
-2.696487
-3.068417
-3.287380
-3.536349
-3.677236
-3.792959
-3.939945
-3.974276
-3.897350
-3.875478
-3.607309
-3.719334
-3.567507
-3.609971
-3.432207
-3.448865
-3.442639
-3.396479
-3.527707
-3.368380
-3.157296
-3.110884
-3.314206
-3.165185
-3.052773
-3.173189
-3.204474
-3.025695
-3.078077
-3.117374
-3.114697
-3.138227
-3.204859
-3.174205
-3.120803
-2.990339
-2.670540
-2.335233
-1.731998
-1.094434
-0.321837
0.622174
1.459503
2.431104
3.529741
4.368465
4.969655
5.603663
6.430945
7.392122
8.489231
9.459686
10.314561
11.290234
12.392809
13.459899
14.673229
15.513486
16.693368
17.628355
18.380867
18.713379
18.769960
18.273548
17.128749
15.897627
14.454273
12.766524
11.219531
9.521607
8.079273
7.121405
5.924095
5.188115
4.642865
4.347615
4.227962
4.325999
4.547882
4.815674
5.177558
5.511475
5.823267
6.052530
6.090797
5.955886
5.789061
5.288186
4.579548
3.676349
2.382023
1.401265
-0.144575
-1.456198
-2.750140
-3.862253
-5.324954
-6.308060
-7.486485
-8.134837
-9.013655
-9.494784
-10.004434
-10.110630
-10.487343
-10.531393
-10.590489
-10.680210
-10.470934
-10.379704
-10.065839
-9.705480
-9.368769
-8.698398
-7.680007
-6.415429
-4.723232
-2.442165
-0.033184
2.209599
3.228889
3.212865
2.244310
1.342267
0.430551
-0.141399
-1.026784
-1.801679
-2.923585
-3.744511
-4.447810
-5.155691
-5.837628
-6.063838
-6.142553
-6.317011
-6.281281
-6.085582
-5.774944
-5.488972
-5.069990
-4.431529
-3.979618
-3.387835
-3.042599
-2.533848
-2.442801
-1.839704
-2.050273
-1.821012
-1.885476
-1.960626
-2.087655
-2.350621
-2.677413
-2.858735
-3.242751
-3.398766
-3.638970
-3.775655
-3.771723
-3.863905
-3.992083
-3.783672
-3.782147
-3.783541
-4.021204
-3.802491
-3.739039
-3.635915
-3.589503
-3.614683
-3.458405
-3.458784
-3.437041
-3.450518
-3.410340
-3.483204
-3.426236
-3.346510
-3.243894
-3.279621
-3.363543
-3.352736
-3.265765
-3.308232
-3.405758
-3.386816
-3.307087
-3.141785
-2.864073
-2.450438
-2.169668
-1.533504
-0.952660
0.066756
0.986350
1.910022
2.952703
3.777441
4.325482
5.335112
5.815508
6.704455
7.735320
8.706406
9.697853
10.509623
11.679587
12.778855
13.824976
14.907456
16.252904
17.376073
17.909495
18.465929
19.077680
18.738180
18.108624
17.022073
15.456651
13.941326
12.376655
10.646566
9.111911
8.005654
6.881457
5.846403
5.086262
4.743579
4.462053
4.560215
4.567719
4.832464
5.085118
5.472435
5.563740
5.892183
5.808511
5.974832
5.637235
5.309553
4.828259
3.927490
3.135428
2.115759
0.723271
-0.556305
-1.912304
-3.166197
-4.597854
-5.710733
-6.771752
-7.885507
-8.742869
-9.559022
-9.891282
-10.361109
-10.666696
-10.913174
-10.898330
-10.886890
-10.850008
-10.690135
-10.343701
-9.960560
-9.595364
-9.172953
-8.399714
-7.358297
-5.916341
-4.243083
-2.168526
0.277840
2.013903
3.094227
2.714159
1.951596
1.117072
0.403218
-0.167212
-0.769936
-1.732766
-2.793760
-3.703434
-4.496259
-5.307893
-5.523555
-5.963645
-6.036756
-6.024548
-5.970253
-5.843097
-5.670674
-5.274077
-4.793424
-4.169211
-3.688301
-3.106565
-2.561953
-2.385714
-2.199042
-2.030053
-1.937099
-1.974745
-2.043788
-2.076083
-2.298228
-2.404915
-2.932484
-2.977112
-3.384521
-3.433350
-3.819908
-3.924434
-3.940076
-3.854497
-3.933717
-3.779602
-3.829451
-3.761799
-3.664902
-3.584166
-3.451281
-3.465783
-3.360113
-3.318917
-3.432850
-3.329339
-3.180826
-3.214645
-3.316244
-3.181969
-3.313702
-3.471504
-3.423946
-3.290556
-3.340662
-3.431960
-3.362657
-3.379060
-3.282669
-3.281275
-3.161116
-2.828723
-2.451583
-2.027384
-1.603442
-0.911077
-0.137205
0.847884
1.814646
2.839660
3.772861
4.577513
5.346684
6.136068
6.918716
7.932280
8.946612
9.893036
10.823054
11.824164
12.803401
13.810604
14.963406
16.062929
17.196403
18.215303
18.908944
19.166951
19.104391
18.554690
17.410411
15.900163
14.341479
12.504330
11.028926
9.357579
8.063893
6.878279
5.885953
5.226263
4.682542
4.124834
4.191723
4.367198
4.828770
5.210500
5.455143
5.663560
6.050746
6.183247
6.122078
6.044133
5.833053
5.253602
4.575224
3.789898
2.778501
1.680124
0.297924
-0.761409
-2.251934
-3.650176
-4.918438
-6.051816
-7.413457
-8.055340
-8.948145
-9.605962
-10.188341
-10.415284
-10.918902
-11.117066
-11.073037
-11.298254
-11.242245
-11.028296
-10.986472
-10.443367
-9.948179
-9.219357
-8.328376
-7.327269
-5.507531
-3.420003
-1.028568
1.239779
2.715047
3.151581
2.548984
1.540502
0.602341
0.101849
-0.752518
-1.800670
-2.841184
-3.935874
-4.691570
-5.367404
-5.809661
-6.282810
-6.444678
-6.686910
-6.581747
-6.429548
-6.172691
-5.685806
-5.186713
-4.740655
-4.206471
-3.678007
-3.140642
-2.584712
-2.197900
-1.866660
-1.753742
-1.652904
-1.681899
-1.647310
-1.866021
-2.000299
-2.411017
-2.666723
-3.158316
-3.249105
-3.510026
-3.695426
-3.860092
-3.964486
-4.128394
-4.175439
-4.048918
-4.009754
-3.990806
-4.172516
-4.028571
-3.880440
-3.713865
-3.600569
-3.671264
-3.628155
-3.411485
-3.380587
-3.401308
-3.293611
-3.302638
-3.341295
-3.249998
-3.066379
-3.193031
-3.279112
-3.194551
-3.105035
-3.088124
-2.889255
-2.836863
-2.824533
-2.522152
-2.014029
-1.373420
-0.835545
0.004446
0.883486
1.855851
2.930574
4.200238
5.215067
6.127169
6.905240
7.705429
8.418783
9.309769
10.545226
11.377975
12.479524
13.490931
14.502460
15.180587
16.458890
17.457200
18.501151
19.459410
19.910051
20.078402
19.497555
18.585843
17.019022
15.275065
13.499963
11.653645
9.986877
8.576580
7.157259
5.993014
5.127846
4.561995
4.475143
4.487224
4.791513
5.171714
5.531306
6.195570
6.620279
6.841272
7.082737
7.126225
7.165267
6.967793
6.713096
6.383636
5.370071
4.301833
3.026562
1.619498
0.102490
-1.431704
-2.949398
-4.620539
-5.775030
-7.138811
-7.940790
-8.899196
-9.595234
-10.356947
-10.545456
-11.049770
-11.186950
-11.264584
-11.394600
-11.397910
-11.101997
-10.959741
-10.755892
-10.373648
-10.138805
-9.488079
-8.920575
-8.198799
-6.835810
-5.238853
-3.058113
-0.645573
1.443480
2.680840
2.977503
2.195363
1.012289
0.259397
-0.292331
-1.186243
-2.180479
-3.234731
-4.308573
-4.969661
-5.770489
-6.477104
-6.779734
-6.998321
-7.171881
-6.903332
-6.927614
-6.598538
-6.154251
-5.700172
-5.000052
-4.563266
-4.121907
-3.490445
-3.146620
-2.792486
-2.432508
-2.168146
-1.895274
-1.920827
-2.097068
-2.186078
-2.524823
-2.861152
-3.054681
-3.739043
-4.027432
-4.087825
-4.512149
-4.531355
-4.706823
-4.792786
-4.709758
-4.620616
-4.717632
-4.648841
-4.476678
-4.352951
-4.166927
-4.080836
-3.694149
-3.702800
-3.438064
-3.394956
-3.329975
-3.245925
-3.326921
-3.321200
-3.147385
-3.348286
-3.518931
-3.452934
-3.639729
-3.686269
-3.789266
-3.852843
-3.700767
-3.698732
-3.610482
-3.357949
-3.113552
-2.433015
-1.733274
-1.006063
-0.057477
1.081593
2.162684
3.363932
4.401400
5.370969
6.243772
6.909948
7.467655
8.585483
9.698234
10.869221
11.772155
12.831495
13.761011
14.635210
15.649413
16.718669
17.778777
18.619917
19.398749
19.753518
19.605510
18.798319
17.709351
16.358824
14.475637
12.676239
11.167278
9.326169
7.786175
6.410088
5.551906
4.868950
4.358158
4.338833
4.274620
4.336548
4.702509
5.183668
5.465323
5.730060
6.114068
6.186173
6.244914
6.179435
6.111529
5.656822
4.849246
4.013315
2.741242
1.458224
0.170693
-1.434626
-3.005381
-4.473617
-5.932120
-7.157471
-8.114761
-9.210170
-9.809449
-10.363082
-10.686726
-10.686650
-10.861225
-10.999562
-11.023358
-11.319890
-11.140203
-11.118964
-11.172077
-10.756316
-10.524645
-9.938839
-9.303160
-8.390806
-6.858057
-4.899726
-2.458196
-0.085832
1.520662
2.507141
2.220916
1.479979
0.904595
0.013609
-0.826773
-1.807913
-2.953207
-4.311494
-5.218249
-5.929943
-6.282166
-6.828184
-7.157897
-7.303877
-6.936267
-6.735994
-6.236650
-5.648550
-4.924642
-4.469175
-3.740052
-3.349554
-2.735905
-2.309040
-1.839321
-1.561864
-1.454800
-1.197431
-1.459248
-1.486081
-1.611198
-1.920193
-2.153395
-2.583817
-3.053664
-3.190995
-3.713860
-4.005682
-4.250848
-4.297379
-4.186885
-4.426323
-4.381177
-4.427850
-4.586791
-4.291537
-4.239910
-4.153317
-4.057315
-4.140603
-3.788504
-3.798801
-3.661090
-3.634392
-3.503040
-3.427255
-3.416952
-3.315861
-3.361765
-3.350448
-3.170518
-3.277461
-3.238422
-3.318664
-3.361256
-3.483836
-3.595480
-3.515878
-3.435770
-3.336459
-3.033960
-2.929309
-2.381895
-2.032730
-1.207992
-0.638323
0.084430
0.644679
1.310726
1.817063
2.450946
3.331628
4.382328
5.277507
6.291073
7.206470
8.184310
9.301123
10.215378
11.626693
12.606559
13.589609
14.803185
15.562825
16.458380
17.076491
17.329663
17.298002
16.772842
16.061531
14.901100
13.313805
12.147777
10.709631
9.333043
8.016203
6.810120
5.737175
4.964317
4.365925
3.682579
3.177642
3.265764
3.181200
3.475439
3.401690
3.432715
3.705850
3.665163
3.387576
3.131743
2.369311
1.803590
1.030475
0.207648
-0.674690
-1.797990
-2.785491
-4.202776
-5.002716
-5.959195
-6.876750
-7.914610
-8.679330
-9.273270
-9.797415
-10.156507
-10.527165
-10.676827
-10.840858
-10.725910
-10.687765
-10.514197
-9.982940
-9.513470
-8.575188
-7.108946
-5.336892
-2.983852
-0.340912
2.227907
3.622308
3.593185
2.870305
2.012000
0.895950
-0.027719
-0.926976
-2.115373
-2.955879
-3.782141
-4.509231
-5.045956
-5.669525
-5.975083
-5.865985
-6.107080
-6.135943
-5.969874
-5.562723
-5.390679
-4.910785
-4.525378
-3.885017
-3.304670
-2.982840
-2.242916
-1.791632
-1.453019
-1.405080
-1.356759
-1.276270
-1.555511
-1.670207
-2.005384
-2.244570
-2.488705
-2.671941
-3.119150
-3.270725
-3.416822
-3.547928
-3.736498
-3.679275
-3.661860
-3.622689
-3.529355
-3.503928
-3.522872
-3.449375
-3.319930
-3.402961
-3.439712
-3.283690
-3.300218
-3.169636
-3.160097
-3.019332
-3.151701
-3.170780
-3.111778
-2.933753
-2.928411
-2.982583
-3.027089
-3.144198
-3.062184
-3.230922
-3.157302
-3.187814
-3.114195
-3.078842
-2.865471
-2.561945
-2.118939
-1.614759
-0.747554
-0.099567
0.814819
1.736326
2.696605
3.514477
4.355747
5.046972
5.706918
6.539023
7.455820
8.507795
9.481685
10.382463
11.386491
12.453206
13.399249
14.505893
15.601730
16.506577
17.629493
18.151986
18.326310
18.186063
17.568967
16.642379
15.231196
13.785682
11.953229
10.466384
8.936057
7.694373
6.474804
5.673972
4.860051
4.669056
4.274746
3.996399
4.167554
4.488243
4.735563
5.197390
5.298104
5.709455
5.931599
5.836862
5.794777
5.360918
4.942698
3.954310
3.118506
1.925652
0.597373
-0.651553
-2.006278
-3.313956
-4.509611
-5.761594
-6.904733
-7.871222
-8.829459
-9.345196
-9.883268
-9.915042
-10.200196
-10.329458
-10.480745
-10.427352
-10.495120
-10.360595
-10.221477
-9.864933
-9.297180
-8.711752
-7.886376
-6.391650
-4.443742
-2.388636
0.247444
2.448657
3.673554
3.591789
2.791338
1.772817
0.603993
-0.330099
-1.049296
-1.864875
-2.678041
-3.551741
-4.310608
-4.902264
-5.593744
-6.023916
-5.975975
-6.137976
-5.921427
-6.012597
-5.641428
-5.402372
-5.010732
-4.316588
-3.872558
-3.322344
-2.816650
-2.483879
-1.996230
-1.812871
-1.644264
-1.655070
-1.505024
-1.678211
-2.030561
-2.229306
-2.543260
-2.691397
-3.104021
-3.259537
-3.332650
-3.553138
-3.491718
-3.808085
-3.843051
-3.805929
-3.809098
-3.946555
-3.720727
-3.671137
-3.749970
-3.820929
-3.672281
-3.579454
-3.566357
-3.507867
-3.430048
-3.412502
-3.209180
-3.295774
-3.275044
-3.230290
-3.145214
-3.130216
-2.976480
-3.055952
-3.089903
-3.078075
-3.051253
-3.092315
-2.983602
-3.026202
-2.719746
-2.464676
-2.073291
-1.468405
-0.743358
-0.115203
0.773241
1.721824
2.514903
3.422931
4.275512
5.122500
5.799607
6.729257
7.662203
8.699670
9.554926
10.548398
11.529671
12.502795
13.635513
14.860913
16.080096
16.968150
17.798865
18.466952
18.777083
18.649287
18.162408
16.860711
15.784587
14.065937
12.425737
10.902531
9.461716
8.057398
6.835558
6.061175
5.166751
4.478832
4.089612
4.213458
4.163737
4.486206
4.953764
5.201848
5.578098
5.674357
6.048205
5.938973
5.865479
5.684407
5.305988
4.501472
3.577168
2.504606
1.218033
-0.155897
-1.495360
-2.798722
-4.123310
-5.487020
-6.510148
-7.558365
-8.462614
-9.181515
-9.592433
-10.192665
-10.485310
-10.422221
-10.588962
-10.435445
-10.434865
-10.095211
-10.201897
-9.867476
-9.720235
-9.179564
-8.734513
-7.718529
-6.416827
-4.707081
-2.390799
-0.022380
2.234523
3.401443
3.174719
2.422841
1.412710
0.865429
0.034464
-0.689571
-1.895136
-2.750907
-3.709412
-4.418306
-5.152896
-5.675254
-5.987297
-6.243646
-6.431455
-6.305315
-6.094233
-5.888238
-5.515665
-5.168155
-4.678474
-4.093552
-3.563057
-2.815247
-2.814487
-2.347187
-2.060441
-1.912943
-1.899087
-1.949689
-2.019625
-2.264024
-2.412924
-2.678803
-2.920662
-3.241099
-3.454207
-3.670885
-3.675713
-3.832246
-4.038624
-3.971225
-3.956728
-3.803502
-3.838351
-3.788633
-3.814819
-3.755950
-3.734844
-3.729248
-3.666814
-3.489305
-3.505457
-3.342950
-3.269954
-3.456622
-3.373971
-3.140001
-3.156150
-3.229395
-3.131870
-3.174596
-3.148270
-3.338499
-3.280891
-3.351468
-3.383634
-3.197986
-3.140513
-3.016538
-2.503205
-1.998517
-1.479979
-0.666178
0.213368
0.918329
2.156576
3.007764
3.881074
4.666901
5.493796
6.195451
7.078557
8.051938
9.121197
10.088223
10.986833
11.941783
13.264468
14.253358
15.371836
16.389972
17.365134
18.167877
18.617755
18.731816
18.511071
17.501323
16.256584
14.888257
13.368604
11.594903
10.048677
8.791862
7.703269
6.485746
5.712629
4.982627
4.270421
3.993095
4.235074
4.396058
4.932529
5.154288
5.545547
5.712632
6.036502
6.084315
5.976866
5.858612
5.367399
4.886366
4.235837
3.103507
2.008822
0.613528
-0.562544
-2.079521
-3.382876
-4.741747
-5.995218
-7.130658
-8.112691
-8.990891
-9.646970
-10.179747
-10.413101
-10.696633
-10.946556
-11.190674
-11.083820
-10.997549
-10.747293
-10.448453
-10.163881
-9.726209
-9.041977
-8.211514
-7.114282
-5.723190
-3.850433
-1.472982
0.788625
2.948121
3.442764
3.088002
2.254235
1.579667
0.832749
0.110629
-0.889588
-1.840843
-2.894461
-3.998439
-4.713570
-5.243940
-5.760824
-6.242497
-6.448619
-6.371687
-6.231940
-6.151326
-5.764393
-5.267584
-4.867300
-4.466122
-3.892645
-3.458025
-3.003060
-2.633664
-2.156192
-2.165862
-2.099232
-1.905064
-1.920447
-2.014031
-2.151366
-2.255119
-2.700806
-2.847417
-3.101352
-3.445818
-3.600943
-3.798292
-3.755701
-3.856535
-3.905992
-3.906124
-3.845846
-3.868863
-3.725056
-3.740178
-3.508118
-3.379054
-3.532412
-3.461326
-3.496040
-3.425724
-3.485739
-3.511556
-3.437928
-3.477099
-3.376391
-3.331122
-3.201675
-3.271106
-3.296786
-3.122458
-3.156538
-3.362401
-3.128941
-3.295390
-3.016658
-2.686058
-2.306624
-1.639810
-1.101941
-0.304923
0.492348
1.322936
2.536780
3.385670
4.267884
5.292509
5.952325
6.667332
7.456335
8.425772
9.476601
10.444639
11.252599
12.248232
13.305407
14.254759
15.666580
16.628776
17.766696
18.689853
19.003803
19.223913
18.721898
17.797088
16.550572
15.094509
13.259767
11.680987
10.081991
8.470536
7.313663
6.438200
5.406697
4.756933
4.555766
4.553478
4.697163
5.115516
5.384579
5.820593
6.203971
6.281918
6.708913
6.744897
6.603501
6.338377
5.769351
5.310439
4.385121
3.374998
1.966347
0.573602
-0.941176
-2.348616
-3.751792
-5.066449
-6.314768
-7.425180
-8.491753
-9.206109
-9.673849
-10.282759
-10.654744
-10.750320
-10.859765
-10.750369
-10.878843
-10.827013
-11.020445
-10.647216
-10.381520
-10.013445
-9.608845
-8.883918
-7.949572
-6.465913
-4.540511
-2.338662
0.016915
2.037687
3.070448
2.867766
1.744203
0.814943
0.089772
-0.230284
-1.119230
-2.164456
-3.297424
-4.384998
-5.084740
-5.636978
-6.341423
-6.573864
-6.726331
-6.921771
-6.653468
-6.347651
-5.909602
-5.596162
-5.051045
-4.468665
-3.982032
-3.272884
-2.694446
-2.350870
-1.907224
-1.662825
-1.321027
-1.470693
-1.436359
-1.578141
-1.767472
-2.139155
-2.497103
-2.861781
-3.139368
-3.445693
-3.806304
-3.961432
-4.041542
-4.347358
-4.310102
-4.262923
-4.214100
-4.187007
-4.068125
-4.014337
-3.805288
-3.770443
-3.514608
-3.690342
-3.573227
-3.510662
-3.331247
-3.249492
-3.366595
-3.332263
-3.043114
-3.237536
-3.206131
-3.084442
-3.192269
-3.068159
-3.203455
-3.168612
-2.950032
-2.953973
-2.824533
-2.612430
-2.250801
-1.688384
-0.984952
-0.270081
0.656886
1.663973
2.742135
3.948086
5.054858
6.066893
6.984075
7.695893
8.582305
9.522886
10.371780
11.503469
12.466685
13.340381
14.193848
15.134050
16.147109
17.360561
18.376419
19.288130
20.008594
19.931163
19.596864
18.253335
17.067597
15.333049
13.545743
11.884189
10.084538
8.522417
7.325370
6.016160
5.344396
4.994842
4.565437
4.422511
4.804231
5.125939
5.553822
5.938087
6.543610
6.778091
7.182957
7.122678
6.990824
6.848529
6.563191
6.091822
5.262633
4.063544
2.864542
1.325828
-0.193584
-1.718030
-3.256970
-4.619096
-6.071100
-7.004433
-8.058876
-8.963035
-9.863562
-10.409062
-10.848918
-11.100601
-11.157440
-10.915916
-10.859186
-10.560601
-10.434688
-10.386812
-10.082632
-9.669872
-9.447429
-9.020782
-8.399169
-7.870868
-6.729884
-5.330408
-3.357692
-1.022723
1.173400
2.622091
2.782696
2.119066
0.842158
0.033065
-0.258762
-0.838724
-1.802572
-3.058244
-4.266104
-5.246348
-5.786261
-6.366734
-6.906382
-7.216267
-7.379657
-7.344691
-7.234830
-6.932836
-6.611249
-6.125135
-5.416108
-4.983778
-4.637779
-3.924305
-3.627264
-3.157551
-2.790706
-2.525453
-2.406946
-2.331040
-2.277246
-2.398556
-2.590819
-2.739336
-3.023656
-3.359478
-3.406397
-3.722894
-3.866704
-3.841019
-3.899891
-4.143266
-4.175061
-4.211810
-4.393264
-4.577760
-4.330951
-4.543174
-4.653672
-4.425047
-4.312003
-4.132211
-4.368970
-4.198962
-4.043448
-3.919348
-3.836950
-3.644944
-3.624213
-3.680677
-3.517154
-3.448233
-3.334936
-3.271870
-3.341043
-3.361135
-3.121439
-3.093335
-2.841825
-2.724961
-2.242530
-1.823425
-1.233798
-0.604501
0.289921
1.173910
2.163700
3.317256
4.381689
5.162812
6.081132
6.798430
7.562383
8.429210
9.555181
10.840864
11.681366
12.579850
13.332113
14.125059
15.417231
16.482286
17.585378
18.493271
19.332889
19.528838
19.565451
18.771746
17.635602
15.893807
14.191940
12.351864
10.787584
9.218471
7.801820
6.293233
5.405676
4.721069
4.300178
4.070278
4.338585
4.391982
4.830672
4.920446
5.468494
5.771508
5.949404
6.216687
6.191508
6.137212
5.764769
5.341212
4.514697
3.668591
2.390547
1.050438
-0.398512
-1.776614
-3.359600
-4.871062
-6.204834
-7.458791
-8.418808
-9.441107
-10.128300
-10.591860
-10.849291
-11.176044
-11.421056
-11.265793
-11.261716
-11.040508
-11.141565
-10.869007
-10.641911
-10.354860
-9.967943
-9.337112
-8.618923
-7.438528
-5.800122
-3.698224
-1.447428
0.639982
2.006662
2.439119
2.130131
1.369854
0.680162
-0.496416
-1.218537
-2.226890
-3.498079
-4.339980
-5.181631
-6.004464
-6.405382
-6.512446
-6.822590
-6.676480
-6.408310
-6.315235
-5.804442
-5.244060
-4.785667
-4.308832
-3.691615
-3.043874
-2.559156
-2.062477
-2.090198
-1.553344
-1.607512
-1.557546
-1.612345
-1.798628
-2.074559
-2.207950
-2.466712
-2.946724
-3.165432
-3.560509
-3.802868
-4.100672
-4.256562
-4.329046
-4.359056
-4.396695
-4.620232
-4.442852
-4.489261
-4.433442
-4.352572
-4.150517
-4.116435
-3.953046
-3.666815
-3.491850
-3.366721
-3.286872
-3.224695
-3.294247
-3.196844
-3.248216
-3.181078
-3.127664
-3.256729
-3.214138
-3.271995
-3.487268
-3.460823
-3.392033
-3.522744
-3.536982
-3.661727
-3.222145
-2.980548
-2.583316
-2.042259
-1.606879
-0.803500
-0.356927
0.369006
1.018904
1.652527
2.179977
2.888359
3.944020
4.944993
5.894467
7.046380
7.830047
8.981704
9.994631
11.221441
12.367885
13.368479
14.369325
15.384927
16.195554
16.943228
17.316944
17.488231
17.119857
16.238790
15.239969
13.846460
12.484997
11.074447
9.398269
8.058799
6.826658
5.787661
5.065914
4.426700
3.694536
3.223170
3.301621
3.185656
3.471246
3.421784
3.509137
3.553007
3.325271
3.225069
2.947869
2.378972
1.855469
0.922644
0.185778
-0.533801
-1.496127
-2.495450
-3.343205
-4.388813
-5.328365
-6.150820
-7.196683
-7.817712
-8.515671
-9.043251
-9.696579
-10.189817
-10.500331
-10.818865
-10.830179
-10.740659
-10.514454
-10.262937
-9.670639
-8.890532
-7.879383
-6.176887
-4.125469
-1.354730
1.325988
3.279366
3.840384
3.495149
2.292383
1.289750
0.347519
-0.715260
-1.591743
-2.658337
-3.414658
-4.154715
-5.020269
-5.650837
-5.787783
-6.125260
-6.133267
-6.175742
-5.913032
-5.824408
-5.518849
-5.027901
-4.349266
-4.155607
-3.382617
-2.894213
-2.368168
-1.989746
-1.770913
-1.677701
-1.412199
-1.461414
-1.414232
-1.572541
-1.815416
-2.103556
-2.374518
-2.797316
-3.060535
-3.287378
-3.515116
-3.581362
-3.695168
-3.753911
-3.765108
-3.623960
-3.774767
-3.642149
-3.473405
-3.423053
-3.366469
-3.435643
-3.297047
-3.307979
-3.257247
-3.217319
-3.076809
-3.079605
-3.008909
-3.079354
-2.793126
-2.899046
-2.896878
-2.839154
-2.783459
-2.919511
-2.997590
-3.062948
-3.134792
-3.173066
-3.123343
-2.983728
-2.924219
-2.621588
-2.237954
-1.795829
-0.977068
-0.138090
0.645951
1.755015
2.793251
3.596494
4.370369
5.080409
5.854159
6.475324
7.519655
8.334855
9.359998
10.306297
11.307527
12.247466
13.290536
14.520775
15.635042
16.527939
17.478055
18.005624
18.465174
18.470767
17.779287
16.811756
15.353390
13.838829
12.369279
10.778427
9.358218
8.009088
6.859208
5.664319
4.960380
4.508971
4.200745
4.174422
4.372780
4.522576
4.734543
5.126316
5.455900
5.670166
5.729677
5.430348
5.602767
5.255883
4.743828
4.103719
3.268172
2.157208
0.718177
-0.428263
-1.610819
-3.002300
-4.294585
-5.433908
-6.517033
-7.495276
-8.226381
-8.882497
-9.500992
-9.943097
-10.119035
-10.492668
-10.397085
-10.432944
-10.496779
-10.486730
-10.159811
-10.028969
-9.623079
-9.153489
-8.290994
-7.117080
-5.284373
-3.024933
-0.397489
1.921594
3.406142
3.787489
2.903747
1.844152
0.849283
0.333407
-0.428134
-1.345575
-2.331795
-3.275169
-4.220966
-4.928970
-5.445356
-5.969876
-6.067525
-6.236265
-6.223681
-6.014888
-5.899687
-5.440270
-5.152256
-4.546736
-4.050450
-3.505964
-3.088249
-2.603655
-2.294034
-1.792651
-1.844919
-1.624556
-1.458229
-1.812487
-1.813128
-1.848852
-2.314755
-2.646506
-3.054684
-3.022894
-3.282800
-3.499860
-3.579966
-3.499093
-3.841275
-3.627142
-3.697206
-3.636553
-3.720224
-3.742850
-3.725183
-3.814189
-3.651557
-3.522361
-3.652443
-3.539408
-3.523510
-3.528086
-3.392788
-3.592931
-3.527575
-3.345362
-3.283562
-3.199771
-3.211209
-3.076807
-3.015648
-3.118005
-3.193155
-3.166457
-3.007509
-2.929433
-2.678680
-2.393335
-2.073926
-1.529566
-0.816722
-0.105415
0.896203
1.633074
2.751410
3.499854
4.270300
5.040362
5.808253
6.387325
7.522198
8.417514
9.411999
10.352199
11.563360
12.365338
13.683450
14.684681
15.693413
16.913734
17.942555
18.259936
18.746566
18.425242
17.928820
17.003125
15.491234
13.889693
12.403737
10.753251
9.421029
8.124025
7.042311
6.103515
5.096176
4.543940
4.270041
4.447682
4.593905
4.845800
5.234644
5.386477
5.744669
5.991235
6.053534
6.163019
5.974695
5.726621
5.331162
4.541138
3.570546
2.574274
1.129398
-0.127671
-1.697290
-3.112040
-4.419797
-5.644602
-6.645056
-7.819880
-8.599558
-9.183010
-9.819409
-10.213345
-10.414504
-10.625973
-10.564382
-10.626993
-10.581944
-10.321655
-10.234455
-9.949619
-9.503047
-9.024047
-8.542382
-7.350034
-6.305944
-4.445643
-2.273177
-0.005087
2.191794
3.372697
3.086087
2.100625
1.285299
0.327808
-0.171789
-1.155982
-1.772178
-2.602517
-3.510028
-4.450352
-4.972584
-5.609890
-6.053668
-6.224438
-6.235760
-6.230795
-6.026966
-5.856323
-5.415218
-5.053710
-4.524739
-4.086303
-3.711573
-3.175612
-2.665070
-2.362065
-2.048878
-1.956942
-1.820751
-2.035907
-1.988225
-2.377579
-2.371214
-2.626039
-2.963381
-3.276823
-3.593704
-3.651810
-3.711316
-3.809102
-3.834403
-4.055272
-3.946560
-3.803126
-3.775530
-3.831865
-3.614810
-3.721869
-3.596628
-3.755572
-3.694282
-3.505959
-3.485359
-3.429413
-3.329346
-3.347269
-3.289156
-3.179296
-3.170393
-3.407541
-3.220877
-3.266527
-3.222275
-3.411360
-3.317392
-3.366601
-3.344087
-3.440095
-2.951436
-2.625274
-2.443951
-1.889798
-1.224135
-0.382104
0.375497
1.615015
2.492146
3.332263
4.145687
5.004116
5.811691
6.547295
7.302986
8.274586
9.464903
10.448837
11.328637
12.376027
13.562898
14.575828
15.698115
16.669082
17.605462
18.279262
18.636064
18.570707
18.176776
17.336405
15.834809
14.177961
12.606558
11.215717
9.578578
8.460869
7.200236
6.111906
5.292889
4.718905
4.516726
4.321418
4.426190
4.641594
5.046208
5.343877
5.766039
5.980803
6.141406
6.246440
6.117878
5.698398
5.207442
4.491291
3.708395
2.805961
1.344679
0.019582
-1.412207
-2.788420
-4.080209
-5.379577
-6.541051
-7.697680
-8.440882
-9.197785
-10.000870
-10.282850
-10.635335
-10.720551
-10.761423
-10.742947
-10.660179
-10.506407
-10.302641
-9.926094
-9.627279
-9.081395
-8.519747
-7.777661
-6.407804
-4.715470
-2.585345
-0.461574
1.737724
3.085329
3.501129
2.590175
1.597593
0.910565
0.203323
-0.424707
-1.505028
-2.628711
-3.503164
-4.249442
-5.036039
-5.665717
-6.002553
-6.269202
-6.380463
-6.254959
-6.258143
-5.910744
-5.518338
-5.097453
-4.643246
-3.859835
-3.510416
-3.125764
-2.688088
-2.316032
-2.183788
-1.949057
-1.800532
-1.770276
-1.849751
-2.061590
-2.276613
-2.579370
-2.900316
-3.094991
-3.409064
-3.593696
-3.757982
-3.993729
-4.102833
-4.222873
-4.112115
-4.185485
-4.024633
-3.986233
-4.044851
-3.865178
-3.717805
-3.690591
-3.468197
-3.357573
-3.349300
-3.283567
-3.388218
-3.273898
-3.259790
-3.316240
-3.196080
-3.219355
-3.130474
-3.146999
-3.027603
-3.115973
-3.187309
-3.169126
-3.252665
-3.190618
-2.682242
-2.584332
-2.157082
-1.575473
-0.815197
-0.114696
0.841526
1.893998
2.940111
3.929396
4.924269
5.624901
6.343335
7.104234
8.219658
9.142180
10.110853
11.146798
12.005364
13.032279
14.140071
15.116625
16.111118
17.214967
18.146392
18.776191
19.081367
19.020337
18.257780
17.113753
15.576297
13.942341
12.255091
10.767740
9.267424
7.826101
6.827927
5.571749
4.891073
4.367190
4.299166
4.247791
4.576107
4.850007
5.288696
5.663687
6.117884
6.181084
6.633763
6.204476
6.181343
5.834454
5.302177
4.742053
3.869504
2.800119
1.408266
0.146362
-1.123508
-2.608221
-3.863542
-5.087769
-6.470064
-7.627245
-8.500502
-9.329653
-9.906512
-10.391274
-10.825997
-11.102001
-10.983169
-10.816827
-10.948720
-10.835143
-10.555432
-10.253047
-9.939050
-9.500253
-9.058629
-8.296077
-7.249709
-5.794273
-3.645451
-1.286442
1.014711
2.714664
3.250501
2.740731
1.678213
0.658802
-0.162887
-0.898356
-1.857245
-2.764763
-3.551225
-4.260512
-5.086902
-5.849327
-6.428023
-6.642274
-6.916175
-6.636305
-6.700259
-6.319430
-6.142811
-5.620832
-5.029172
-4.520162
-3.933337
-3.261947
-2.735387
-2.211885
-1.968513
-1.665876
-1.431280
-1.459247
-1.341756
-1.730852
-2.018864
-2.071251
-2.555084
-2.818679
-3.185654
-3.409708
-3.665666
-3.957626
-4.185107
-4.269407
-4.184982
-4.155601
-4.268265
-4.252877
-4.238255
-4.097362
-3.837206
-3.874968
-3.754169
-3.494006
-3.582128
-3.469593
-3.418479
-3.424708
-3.266780
-3.348287
-3.161371
-3.221256
-3.143821
-3.033451
-3.176753
-3.091053
-3.174333
-3.136191
-2.982585
-2.847923
-2.539572
-2.207561
-1.661047
-1.290641
-0.485739
0.220114
1.108297
2.635320
3.428146
4.695633
5.712506
6.708018
7.424672
8.351391
9.048075
10.005447
10.997642
12.033212
13.105262
13.924153
14.787675
15.785977
16.852699
17.996726
18.854142
19.771828
20.184451
19.974647
19.053147
17.835747
16.370770
14.441426
12.726216
11.125817
9.455876
8.016970
6.661096
5.574930
5.114743
4.733656
4.698945
4.655578
5.063503
5.273568
5.726115
6.230036
6.732181
6.896210
7.167438
7.264705
6.946561
7.078939
6.390387
5.709589
4.737983
3.477968
2.103414
0.603839
-0.873324
-2.479652
-3.861120
-5.404540
-6.563453
-7.510842
-8.538597
-9.283657
-9.967317
-10.353321
-10.682023
-10.890700
-11.045949
-10.898850
-11.260351
-11.196121
-11.082630
-10.914639
-10.602282
-10.356746
-10.126892
-9.455881
-8.690163
-7.716116
-6.386944
-4.556151
-2.251814
0.113166
2.073036
3.084691
2.595774
1.541515
0.389355
-0.531135
-1.146317
-2.184674
-3.240841
-4.405465
-5.316165
-6.086730
-6.656142
-6.963980
-7.260129
-7.551703
-7.448582
-7.398221
-7.112631
-6.826279
-6.237662
-5.861795
-5.108266
-4.590225
-3.951646
-3.147885
-2.711616
-2.332940
-1.944861
-1.776755
-1.582213
-1.729202
-1.839704
-1.990507
-2.372483
-2.884036
-3.315987
-3.640115
-3.872168
-4.196549
-4.374184
-4.625952
-4.764052
-4.914853
-4.728575
-4.885359
-4.845177
-4.696530
-4.596961
-4.396308
-4.013700
-4.147971
-3.957626
-3.703566
-3.735857
-3.547926
-3.312558
-3.541309
-3.320442
-3.387838
-3.266905
-3.152589
-3.199258
-3.157678
-3.188710
-3.431700
-3.285477
-3.432468
-3.191754
-3.286612
-2.958421
-2.630237
-2.309289
-1.755017
-1.298647
-0.607553
0.393805
1.285427
2.376554
3.597009
4.391864
5.406573
6.244783
6.774399
7.576493
8.617529
9.606426
10.745751
11.828742
12.754059
13.764187
14.715577
15.473047
16.678750
17.674381
18.418885
18.982821
19.188049
19.034701
18.274050
16.810734
15.423070
13.540901
11.712270
10.055803
8.398186
6.916054
5.744941
5.156971
4.425429
4.058966
3.960289
3.942489
4.224783
4.751209
4.980351
5.459222
5.861669
5.901473
6.116996
5.997599
5.803940
5.521653
4.975516
3.951393
2.934267
1.711790
0.173322
-1.168675
-2.543653
-3.918434
-5.122915
-6.395392
-7.447967
-8.431786
-9.367669
-10.120296
-10.650464
-10.703630
-10.873004
-11.138893
-11.339870
-11.268479
-11.248171
-11.211958
-11.059521
-10.593296
-10.171868
-9.418237
-8.789446
-7.916893
-6.387707
-4.486084
-2.232992
0.046794
1.799905
2.466710
2.165988
1.412578
0.653716
-0.077055
-0.696946
-1.560341
-2.504982
-3.816350
-4.729719
-5.403006
-6.084821
-6.483337
-6.708397
-6.735102
-6.616465
-6.475706
-6.103388
-5.726375
-4.980980
-4.449461
-3.819786
-3.203455
-2.661132
-2.130382
-1.920571
-1.557159
-1.450853
-1.499558
-1.620611
-1.648710
-1.861572
-2.212908
-2.422457
-2.902225
-3.172807
-3.284969
-3.582388
-3.938039
-4.283775
-4.248681
-4.484436
-4.342526
-4.406098
-4.395297
-4.327266
-4.230113
-4.193110
-3.859330
-3.756970
-3.744889
-3.612393
-3.627268
-3.439967
-3.371426
-3.341798
-3.200787
-3.178021
-3.158694
-3.249483
-3.274022
-3.272502
-3.460949
-3.391770
-3.421401
-3.420003
-3.569410
-3.701397
-3.734968
-3.630194
-3.439079
-3.112542
-2.909087
-2.543262
-1.845426
-1.186373
-0.490574
0.269188
0.872677
1.505661
1.947152
2.651847
3.627139
4.511515
5.522024
6.461592
7.432047
8.389534
9.458038
10.515082
11.601896
12.802891
13.798901
14.670306
15.662388
16.320930
16.929621
17.183054
17.233655
16.659297
15.874100
14.758047
13.421887
11.845146
10.475413
9.181974
7.783509
6.628421
5.685300
4.667667
4.250592
3.363923
2.967324
2.884931
2.956134
2.956012
3.101353
3.245161
3.336077
3.245801
3.063077
2.747731
2.002460
1.589075
1.501781
1.273505
1.127430
0.755380
0.376201
0.117630
-0.152024
-0.498131
-0.880219
-0.943178
-1.063517
-1.129063
-1.080362
-0.723790
-0.482651
-0.170836
0.263122
0.868423
1.333379
2.140892
2.783357
4.070912
5.391122
7.274643
9.602487
12.622400
15.297244
18.057490
19.731510
0.206873
-1.340554
-3.128958
-4.865087
-6.576691
-8.271741
-9.818580
-11.157863
-12.311065
-13.276520
-14.056370
-14.700128
-15.223829
-15.683739
-14.785490
-14.902154
-14.970581
-14.987089
-14.942558
-14.848459
-14.714889
-14.535307
-14.299322
-14.145382
-13.750515
-13.126203
-12.280337
-11.196276
-9.878333
-8.257103
-6.235772
-3.586443
-1.968719
-2.174684
-2.452011
-2.752433
-3.018825
-3.225073
-3.476460
-3.629937
-3.585945
-3.442386
-3.675339
-3.578816
-3.574622
-3.469471
-3.361513
-3.458273
-3.401821
-3.289412
-3.241221
-3.306962
-3.237155
-3.003694
-3.122080
-3.051628
-3.039037
-2.994029
-3.067652
-2.965673
-2.930071
-3.073498
-2.880355
-2.988563
-3.023533
-3.035736
-3.355790
-3.181839
-3.050992
-3.223035
-2.832792
-2.498495
-2.016065
-1.499689
-0.614805
0.092826
1.145171
2.198025
2.967575
4.117458
4.909896
5.665338
6.402717
7.302224
8.112972
9.069692
10.000863
11.031976
12.051140
12.963737
14.096318
15.163040
16.166055
17.198948
17.900849
18.361793
18.368273
18.133415
17.468388
16.211828
14.616138
13.219957
11.613084
10.040409
8.591592
7.305144
6.378939
5.275853
4.460786
3.982803
3.868611
3.903838
4.315313
4.282641
4.629264
5.108132
5.436715
5.654528
5.794279
5.935803
5.884298
5.382796
4.864628
4.102332
3.160608
2.009709
0.722891
-0.627383
-1.907853
-3.211848
-4.493197
-5.817029
-6.764350
-7.781427
-8.736203
-9.348600
-9.901224
-10.335011
-10.648717
-10.809442
-10.771725
-10.607149
-10.479100
-10.306040
-10.217798
-9.638723
-9.333546
-8.611424
-7.688776
-6.234104
-4.371769
-2.213541
0.050102
2.348584
3.590771
3.676347
2.621084
1.590093
0.880942
-0.106051
-0.740175
-1.627090
-2.502441
-3.553896
-4.280599
-5.021926
-5.676019
-5.819195
-6.026077
-6.187824
-6.073125
-6.072744
-5.935156
-5.405934
-5.035912
-4.566700
-4.146199
-3.437546
-2.957412
-2.577085
-2.124661
-1.886874
-1.542665
-1.564915
-1.659650
-1.598743
-1.916758
-2.196631
-2.341972
-2.782568
-3.115977
-3.277720
-3.498586
-3.677246
-3.734972
-3.761036
-3.915153
-3.821181
-3.951899
-3.773499
-3.945795
-3.782787
-3.676602
-3.703179
-3.535715
-3.522490
-3.599799
-3.575893
-3.317130
-3.386683
-3.152592
-3.265378
-3.063709
-3.003563
-2.990977
-3.146485
-3.050863
-3.035484
-3.146998
-3.257240
-3.223032
-3.144705
-3.253047
-3.219984
-2.715433
-2.323916
-1.802193
-1.410298
-0.700762
0.176871
0.907519
2.010853
2.886324
3.819525
4.680376
5.429836
6.057862
7.123052
7.927447
8.885704
9.872182
10.918555
11.894223
12.996040
14.024608
15.254846
16.072207
17.297365
18.028136
18.588004
18.755596
18.538031
17.737451
16.483691
15.153376
13.367846
12.032317
10.291550
8.741883
7.625575
6.678266
5.709332
5.091858
4.458359
4.383979
4.453529
4.431154
4.924902
5.168406
5.422086
5.864077
6.150814
6.379447
6.265771
6.113176
5.749637
5.184933
4.166154
3.328195
2.119693
0.804646
-0.588354
-2.220788
-3.579588
-4.718111
-5.960378
-7.124975
-8.108859
-8.891770
-9.700532
-10.298124
-10.504808
-10.704837
-10.968029
-10.984165
-10.845286
-10.816978
-10.379638
-10.190206
-9.705351
-9.450409
-8.925879
-8.152518
-7.155737
-5.763504
-3.739928
-1.383591
0.874074
2.524699
3.337601
2.921037
2.006403
1.001233
0.133258
-0.426229
-1.380537
-2.408849
-3.205746
-4.230631
-4.883072
-5.362321
-5.952962
-5.962118
-6.408434
-6.399404
-6.161240
-5.818555
-5.600231
-5.338798
-4.815167
-4.606505
-3.735991
-3.305304
-2.899928
-2.550252
-2.368540
-2.137502
-2.039211
-1.993685
-1.962284
-1.998516
-2.274706
-2.466585
-2.835972
-3.073375
-3.134031
-3.584163
-3.749466
-3.835935
-3.945289
-3.913116
-4.050064
-4.163110
-3.809097
-3.961692
-3.833257
-3.833006
-3.731790
-3.520961
-3.686141
-3.622563
-3.605910
-3.446327
-3.423058
-3.422547
-3.253051
-3.285853
-3.230411
-3.008274
-3.247452
-3.092194
-3.401823
-3.217697
-3.310136
-3.441621
-3.543214
-3.398000
-2.998991
-2.919637
-2.570725
-2.052302
-1.566568
-0.770828
0.042475
1.157249
2.098465
3.075156
3.938162
4.634987
5.351507
6.226862
7.194642
7.873661
8.987682
9.944149
10.881805
11.940259
12.805433
14.024223
14.993662
16.301729
17.256545
18.038300
18.517305
18.592199
18.342848
17.504878
16.297271
14.818441
13.161977
11.529413
10.199355
8.676526
7.550301
6.555045
5.628964
5.108640
4.480490
4.319250
4.087578
4.347862
4.676185
5.183545
5.594380
5.892822
6.073510
6.254836
6.263357
6.117252
5.614729
5.149845
4.397588
3.345623
2.412671
1.037854
-0.199382
-1.714071
-2.990336
-4.225613
-5.451236
-6.714354
-7.757668
-8.656068
-9.367708
-9.748351
-10.361129
-10.571541
-10.688389
-10.992602
-10.834399
-10.921369
-10.834012
-10.758069
-10.408152
-9.991325
-9.319818
-8.432648
-7.403058
-5.894218
-3.969831
-1.380799
1.026409
2.536647
3.155391
2.942660
2.061461
1.195523
0.640489
-0.316365
-1.234691
-2.156581
-3.039169
-3.799436
-4.725007
-5.401991
-5.814364
-6.186043
-6.296037
-6.173194
-6.208419
-5.922441
-5.597810
-5.368168
-4.823560
-4.448060
-3.898490
-3.335059
-2.776717
-2.578477
-2.156831
-2.037680
-1.790111
-1.866020
-1.827239
-1.916632
-2.237957
-2.480697
-2.643707
-3.126395
-3.450778
-3.672030
-3.807962
-3.982038
-4.023357
-4.039512
-4.033784
-4.087452
-4.151284
-4.053374
-4.072697
-3.881960
-3.763326
-3.671013
-3.613534
-3.618494
-3.452299
-3.396989
-3.348800
-3.333538
-3.338110
-3.190356
-3.198626
-3.184509
-3.206375
-3.230667
-3.066508
-3.057102
-3.204856
-3.111646
-3.199896
-3.043111
-2.792487
-2.347693
-1.879248
-1.309081
-0.483448
0.279235
1.328154
2.290981
3.327692
4.402036
5.094652
5.892942
6.798301
7.500081
8.462778
9.285606
10.412093
11.227672
11.995951
13.005831
14.127729
15.209960
16.528831
17.423126
18.291980
18.863679
19.120791
18.889744
17.989734
16.856761
15.218225
13.710531
12.033840
10.504531
8.788805
7.478965
6.387328
5.555725
4.637909
4.213583
4.279579
4.258094
4.465480
4.822787
5.206166
5.406439
6.013364
6.409330
6.540043
6.418988
6.430181
6.174088
5.754342
4.942961
3.875094
2.667108
1.214216
-0.282031
-1.699799
-3.268147
-4.738131
-6.089536
-7.332532
-8.071376
-9.044017
-9.504978
-10.120500
-10.436273
-10.660657
-10.911004
-10.695145
-10.508570
-10.669575
-10.393422
-10.318352
-10.148900
-10.028980
-9.533569
-9.100730
-8.280942
-7.299546
-5.728149
-3.656257
-1.072441
1.167554
2.696732
2.985002
2.608616
1.648204
1.055017
0.539778
-0.123467
-1.328283
-2.598065
-3.868993
-4.609424
-5.548982
-6.039680
-6.719585
-7.010903
-7.314805
-7.055540
-6.988267
-6.662750
-6.250505
-5.749635
-4.976651
-4.613242
-3.946816
-3.207906
-2.789942
-2.316289
-1.828258
-1.519645
-1.258598
-1.088460
-1.178364
-1.503755
-1.775486
-2.140430
-2.289453
-2.783714
-3.136574
-3.386179
-3.538129
-3.891251
-4.084901
-4.242201
-4.297761
-4.266487
-4.344434
-4.215500
-4.280217
-3.990808
-3.897985
-3.966140
-3.698727
-3.699999
-3.577554
-3.376267
-3.250121
-3.212868
-3.192774
-3.203836
-3.103002
-3.053793
-3.085325
-3.101220
-3.105671
-3.073503
-3.118894
-2.955242
-2.904000
-2.616758
-2.432636
-1.960631
-1.305518
-0.525408
0.097781
0.927737
2.188240
3.047057
4.253637
5.446245
6.542846
7.479351
8.223977
8.918636
9.792455
10.896939
12.106575
13.027068
14.123031
14.801275
15.796789
16.823067
17.983885
18.967695
19.801457
20.225648
19.979099
19.115443
18.002831
16.316613
14.432024
12.624866
10.872143
9.313083
7.759602
6.541826
5.764773
4.996745
4.696791
4.594673
4.543305
4.888160
5.236953
5.967079
6.152344
6.628929
7.121539
7.212962
7.264211
7.117850
6.901429
6.498479
6.101110
5.296335
4.095969
2.616496
1.246949
-0.277875
-1.694914
-3.114609
-4.711611
-6.071379
-7.496642
-8.646725
-9.554273
-10.218525
-10.699986
-11.153305
-11.334170
-11.435215
-11.402775
-11.641841
-11.412146
-11.486096
-10.990179
-10.827022
-10.594925
-10.134790
-9.758796
-9.016573
-7.871501
-6.631855
-4.793932
-2.545544
-0.118253
1.769387
2.624132
2.276863
1.244095
0.263727
-0.547919
-1.299927
-2.175906
-3.410972
-4.702374
-5.485407
-6.163789
-6.736246
-7.117209
-7.205962
-7.270436
-7.156369
-6.852980
-6.604891
-6.165186
-5.739853
-5.311454
-4.773076
-4.429631
-4.012176
-3.568394
-3.164669
-2.842964
-2.538680
-2.186964
-2.401223
-2.317681
-2.477267
-2.562969
-2.732719
-3.218583
-3.170901
-3.599290
-3.739926
-3.899891
-4.113265
-4.128270
-4.409531
-4.545725
-4.358803
-4.421866
-4.409533
-4.430010
-4.258983
-4.247027
-4.214602
-4.080835
-3.956861
-3.963469
-3.731284
-3.646853
-3.615058
-3.447474
-3.410726
-3.357318
-3.238293
-3.047562
-3.104405
-3.157677
-2.972154
-3.049848
-3.071466
-3.003821
-3.107198
-2.848438
-2.785364
-2.468746
-2.074814
-1.633836
-0.752772
0.051242
0.942105
1.777645
2.962874
3.926980
4.922616
5.718608
6.238941
7.081608
7.849887
8.912150
10.118101
11.122258
12.142056
13.089882
13.800934
14.882401
15.980023
17.022453
17.940771
18.757624
19.109984
18.994009
18.456268
17.325594
15.908942
14.075469
12.494911
10.700351
9.140013
7.704416
6.594593
5.629222
4.870354
4.445779
4.162475
4.071430
4.145944
4.509993
4.949834
5.027649
5.262119
5.598199
5.689500
5.903633
5.703232
5.323159
5.047361
4.278564
3.266022
2.058667
0.658043
-0.697201
-2.135705
-3.532042
-5.038289
-6.307823
-7.436229
-8.430866
-9.490996
-10.329034
-10.723398
-11.274106
-11.513906
-11.643472
-11.865020
-11.868829
-11.511524
-11.394632
-10.983402
-10.455668
-10.023240
-9.480922
-8.504234
-7.464848
-5.919392
-4.022221
-1.814020
0.483446
2.278901
2.838647
2.520115
1.431788
0.813293
0.109226
-0.696186
-1.832323
-2.765788
-3.792186
-4.852295
-5.514527
-6.165059
-6.610489
-6.808467
-6.786349
-6.758504
-6.461076
-6.054946
-5.788807
-5.038712
-4.426952
-3.867082
-3.309883
-2.722171
-2.217734
-1.966476
-1.561353
-1.444630
-1.421354
-1.487858
-1.560715
-1.781975
-2.200954
-2.407202
-2.790201
-3.254189
-3.350069
-3.712587
-3.883361
-4.077148
-4.391229
-4.315187
-4.251357
-4.361727
-4.347101
-4.351168
-4.186754
-4.121271
-3.924812
-3.907649
-3.891117
-3.697844
-3.479388
-3.364437
-3.291196
-3.219858
-3.238167
-3.335192
-3.197863
-3.237658
-3.265636
-3.216805
-3.422673
-3.404234
-3.561144
-3.415294
-3.731412
-3.526184
-3.497573
-3.496042
-3.304671
-2.928801
-2.542242
-2.074307
-1.428600
-0.727337
-0.003052
0.650665
1.301193
1.817700
2.416480
3.288647
4.063162
5.178580
6.118394
7.179010
7.949955
9.198126
10.125607
11.388014
12.347035
13.378779
14.442187
15.381881
16.235222
16.886647
17.208225
17.355604
16.918058
16.165160
14.987181
13.596094
12.253447
10.601295
9.216564
8.039217
6.935250
5.683005
5.032477
4.205573
3.824111
3.467939
3.177896
2.997844
3.065741
3.161113
3.374225
3.347393
3.272883
3.023526
2.743915
2.412927
1.898833
1.135759
0.305687
-0.551477
-1.711273
-2.637993
-3.529234
-4.497651
-5.462772
-6.538768
-7.319130
-8.255899
-8.796949
-9.172565
-9.522879
-9.927499
-10.149892
-10.289383
-10.506311
-10.301717
-10.394921
-9.929907
-9.305701
-8.681492
-7.353841
-5.758670
-3.606157
-1.124576
1.333234
3.053159
3.475190
3.027602
2.105459
1.141734
0.352856
-0.468194
-1.444757
-2.320867
-3.329081
-3.984837
-4.983779
-5.462265
-5.849455
-6.107453
-6.251396
-6.213887
-6.094102
-5.750275
-5.557253
-5.090971
-4.488372
-4.023873
-3.536093
-2.864202
-2.585859
-2.072268
-1.731488
-1.522951
-1.384479
-1.281487
-1.304497
-1.589714
-1.834614
-1.959360
-2.311069
-2.651341
-2.807363
-3.416445
-3.365331
-3.447600
-3.554663
-3.520075
-3.603107
-3.441495
-3.572341
-3.416950
-3.656894
-3.435003
-3.386431
-3.428523
-3.352865
-3.348283
-3.232574
-3.221005
-3.149922
-3.192648
-3.045911
-3.177009
-3.170517
-3.000254
-2.986020
-3.040569
-3.041203
-3.024924
-3.055702
-3.080754
-3.002543
-3.079097
-3.113807
-3.059891
-2.690128
-2.199810
-1.725389
-1.059849
-0.338489
0.599161
1.370999
2.388254
3.429539
4.127119
5.017727
5.766556
6.334555
7.359311
8.273827
9.349318
10.224912
11.174898
12.054693
13.196308
14.329280
15.393443
16.395185
17.407486
17.952731
18.549351
18.410370
17.890800
17.201102
15.990954
14.442320
12.728379
11.264546
9.684627
8.345284
7.001240
5.831524
5.248263
4.657363
4.245121
4.044474
4.027809
4.243594
4.520167
5.106352
5.452478
5.590819
5.860649
5.901465
5.794655
5.680845
4.991916
4.312133
3.540166
2.438351
1.118348
-0.182853
-1.527531
-2.583184
-4.100671
-5.299379
-6.252920
-7.330415
-8.064288
-8.908607
-9.353582
-9.661381
-10.147972
-10.365924
-10.198758
-10.429664
-10.547258
-10.532255
-10.360842
-9.857559
-9.741213
-9.010698
-8.157986
-7.171888
-5.673976
-3.970341
-1.480483
0.935870
2.782953
3.839236
3.493503
2.410381
1.340614
0.851061
0.171150
-0.730005
-1.892470
-2.956521
-3.706869
-4.443237
-5.296195
-5.722049
-6.047053
-6.511690
-6.470360
-6.264751
-6.164167
-5.828096
-5.321500
-4.745228
-4.484560
-3.826909
-3.372706
-2.924853
-2.397537
-2.060956
-1.960368
-1.679360
-1.685211
-1.596831
-1.705296
-1.949691
-2.231472
-2.597554
-2.801767
-3.152593
-3.334296
-3.547292
-3.587081
-3.796007
-3.937280
-3.803893
-3.891755
-3.682195
-3.681310
-3.565848
-3.717420
-3.533047
-3.695048
-3.355914
-3.531898
-3.387453
-3.416572
-3.639350
-3.258645
-3.416956
-3.278729
-3.122586
-3.238556
-3.237918
-3.208926
-3.063836
-3.129065
-3.210699
-3.346503
-3.239190
-3.301110
-3.183621
-2.853012
-2.716705
-2.230834
-1.600900
-1.099269
-0.267031
0.467552
1.726022
2.688349
3.458151
4.339472
5.219010
5.812197
6.665934
7.594933
8.565653
9.526829
10.503393
11.446512
12.407433
13.572945
14.782587
15.931320
16.936490
17.771783
18.245320
18.664807
18.530913
18.017065
17.176690
15.640642
14.042160
12.413152
10.835143
9.516527
8.094021
7.016244
5.780029
5.002597
4.538598
4.428986
4.336543
4.330446
4.728446
5.048748
5.207817
5.608492
5.865852
6.120930
6.012848
5.942909
5.784219
5.544407
4.695255
3.922269
2.832660
1.600894
0.292841
-1.055788
-2.631888
-3.861746
-5.156571
-6.586120
-7.537810
-8.472318
-9.292908
-10.059333
-10.452027
-10.651237
-10.904919
-10.945098
-11.068006
-10.884218
-10.688138
-10.442428
-10.294212
-9.908292
-9.405648
-8.567681
-7.832589
-6.509148
-4.725772
-2.381640
-0.218580
1.841990
2.972414
2.999746
2.370834
1.576364
0.611364
0.179541
-0.738658
-1.647568
-2.700936
-3.592679
-4.436746
-5.241777
-5.672452
-6.040316
-6.392538
-6.372068
-6.440355
-6.180445
-6.106190
-5.694195
-4.997251
-4.637657
-4.308064
-3.772605
-3.358078
-2.742256
-2.414067
-2.085111
-1.839577
-1.763532
-1.726405
-1.927949
-2.071632
-2.443309
-2.695468
-2.929046
-3.184383
-3.491467
-3.616590
-3.786725
-3.858564
-3.852588
-4.060745
-4.160434
-3.857679
-3.737770
-3.964997
-3.802491
-3.851317
-3.938928
-3.734585
-3.596243
-3.579712
-3.621801
-3.519952
-3.433612
-3.485112
-3.430687
-3.278349
-3.327942
-3.265256
-3.180443
-3.264106
-3.127800
-3.359476
-3.270722
-3.294499
-3.127548
-3.220364
-3.019459
-2.821985
-2.283731
-1.927694
-1.160304
-0.186917
0.572835
1.488493
2.467730
3.599802
4.212693
5.113346
5.917355
6.529998
7.622656
8.617145
9.491223
10.577643
11.341354
12.598162
13.635886
14.761730
15.922421
16.960399
17.801669
18.452833
18.801883
18.737416
18.145243
17.083235
15.750126
14.034019
12.409841
10.849633
9.319306
8.193964
6.977710
6.154880
5.484897
4.894385
4.432927
4.285171
4.425549
4.798889
5.249657
5.562336
5.823894
5.961862
6.318785
6.305812
6.171414
6.045404
5.553435
4.864623
4.115416
3.098800
1.718136
0.435002
-0.825123
-2.308916
-3.665134
-4.978769
-6.344067
-7.490709
-8.468915
-9.316995
-9.748992
-10.388952
-10.693451
-10.867810
-11.023422
-10.968414
-10.764847
-10.553820
-10.303646
-10.270154
-10.051467
-9.578453
-8.803687
-7.906599
-6.721627
-4.964575
-2.910103
-0.763323
1.632434
2.954229
3.112033
2.437972
1.392108
0.648247
0.175726
-0.510028
-1.470435
-2.550759
-3.611629
-4.245759
-4.982502
-5.559664
-5.961614
-6.225200
-6.526442
-6.485371
-6.292855
-6.022132
-5.574922
-5.257667
-4.633076
-4.233425
-3.754677
-3.312173
-2.878948
-2.570602
-2.040610
-1.805371
-1.864749
-1.984408
-1.953252
-2.138269
-2.293015
-2.686818
-2.918494
-3.114953
-3.526813
-3.758878
-3.807579
-3.882857
-4.013824
-3.983563
-4.020187
-3.895950
-3.871788
-3.955077
-3.761034
-3.692754
-3.644186
-3.694792
-3.617475
-3.503422
-3.510027
-3.343842
-3.501893
-3.333923
-3.359354
-3.239185
-3.229391
-3.197730
-3.096896
-3.177645
-3.146111
-3.136313
-3.241602
-3.092957
-3.284074
-3.119912
-2.794524
-2.441534
-1.925151
-1.510743
-0.822572
0.159587
1.122287
2.067693
3.207785
4.173279
5.129746
6.053673
6.647239
7.404200
8.263398
9.327064
10.348766
11.386363
12.245819
13.151808
14.100773
15.035627
16.594441
17.335508
18.448256
18.936918
19.338224
19.141388
18.527474
17.258323
15.685395
14.149346
12.357330
10.702770
9.138741
7.738362
6.572083
5.422204
5.005902
4.633335
4.665245
4.747258
4.878107
5.159630
5.437082
6.083421
6.319683
6.637324
6.647237
6.646599
6.518425
6.161753
5.638885
4.647196
3.659947
2.288816
0.921502
-0.591988
-1.806357
-3.195434
-4.421021
-5.705533
-6.876860
-7.805837
-8.581618
-9.384451
-9.766032
-10.051348
-10.241080
-10.506516
-10.574751
-10.761344
-10.847945
-10.818380
-10.756848
-10.520466
-10.209184
-9.909061
-9.308112
-8.598709
-7.563272
-6.027853
-4.157387
-1.812239
0.362012
2.362060
2.972413
2.625147
1.583358
0.596106
0.126898
-0.411986
-1.392749
-2.465563
-3.740057
-4.577888
-5.353167
-5.709200
-6.452176
-6.693273
-6.660839
-6.776936
-6.703697
-6.385418
-6.072999
-5.661397
-5.101523
-4.736578
-4.014075
-3.513592
-2.980419
-2.500921
-2.240370
-1.988096
-1.644643
-1.568853
-1.716616
-1.704149
-1.953376
-2.189254
-2.453358
-2.721790
-2.933505
-3.362660
-3.791681
-3.870642
-4.036839
-4.077146
-4.266359
-4.071686
-4.090750
-4.216258
-4.117585
-4.029716
-4.022979
-3.800709
-3.770198
-3.695683
-3.497313
-3.492610
-3.398641
-3.328962
-3.290555
-3.270471
-3.266528
-3.255336
-3.190995
-3.229140
-3.090161
-3.037392
-3.023151
-3.101219
-2.984363
-2.901711
-2.813464
-2.435553
-1.914470
-1.387663
-0.772095
0.169119
1.091007
2.132930
3.201674
4.473881
5.619432
6.524655
7.375460
8.153658
8.840052
9.854502
10.814915
11.959715
12.914020
13.784409
14.624532
15.581516
16.583764
17.798620
18.659593
19.502130
20.103068
20.120368
19.396717
18.166090
16.537090
14.763891
12.978738
11.410520
9.663510
7.902652
6.698347
5.543385
4.825715
4.628999
4.560720
4.576743
4.928201
5.194086
5.680205
6.165434
6.412115
6.963974
7.205578
7.209133
7.185991
6.859197
6.742981
6.132759
5.283983
4.228845
2.980971
1.386172
-0.384756
-1.836803
-3.492618
-4.865512
-6.197325
-7.405937
-8.312133
-9.208299
-10.040368
-10.496657
-11.108864
-11.398083
-11.682725
-11.718519
-11.677955
-11.489326
-11.280393
-11.128095
-11.032870
-10.812920
-10.424181
-9.950793
-9.284205
-8.388521
-7.007856
-5.327222
-3.229652
-0.890603
1.375076
2.353287
2.498628
1.645537
0.497568
-0.240956
-0.891622
-1.538212
-2.495068
-3.500750
-4.448319
-5.464048
-6.077703
-6.554414
-6.942876
-7.302221
-7.352061
