9.523644
8.009847
6.750361
5.548099
4.214478
3.053280
1.797739
0.494509
-0.566866
-1.744082
-2.898155
-3.931555
-4.761246
-5.366267
-6.109614
-6.277087
-6.536736
-6.766385
-6.451800
-6.628930
-6.425730
-6.260430
-6.076433
-5.971528
-5.876161
-5.628583
-5.449674
-5.317429
-5.040869
-5.022172
-4.893999
-4.624176
-4.618831
-4.678976
-4.537451
-4.610447
-4.633208
-4.752351
-4.947790
-5.037055
-5.349096
-5.599085
-5.790715
-6.162902
-6.227879
-6.583663
-7.030738
-7.084781
-7.304001
-7.514447
-7.381564
-7.362624
-7.122172
-6.626380
-5.925373
-5.034005
-4.239273
-3.347021
-2.324929
-1.661679
-0.905864
-0.499088
0.082526
0.268051
0.425589
0.533806
0.846986
1.028060
1.025771
1.138563
1.279959
1.476927
1.344432
1.136019
1.074983
0.667195
0.362012
-0.102489
-0.617088
-0.900011
-1.336668
-1.921208
-2.196253
-2.345657
-2.673215
-3.173318
-3.241347
-3.521857
-3.707245
-3.982418
-4.102452
-4.285302
-4.348121
-4.295092
-4.312386
-4.439924
-4.319248
-4.153571
-4.061891
-3.873697
-3.762313
-3.591669
-3.442767
-3.404109
-3.260167
-2.959821
-2.902471
-2.707289
-2.520876
-2.293526
-2.143729
-2.099485
-1.940156
-1.787445
-1.620869
-1.670207
-1.512405
-1.288986
-1.242064
-1.304882
-1.315185
-1.153946
-1.314163
-1.051072
-1.250839
-1.228969
-1.271440
-1.367698
-1.400501
-1.281868
-1.193239
-1.232017
-1.244098
-0.937909
-0.863900
-0.508374
-0.434238
0.100579
0.465524
1.050443
1.426824
2.333709
2.851737
3.471124
4.401145
5.291241
6.222790
7.199734
8.208588
9.315997
10.383606
11.690265
12.795641
13.933056
15.016048
16.222253
17.283116
18.305464
19.037246
19.833371
20.395658
20.266725
20.027034
19.697186
18.839260
17.848715
16.716009
15.370564
13.896434
12.531537
11.076103
9.553150
8.240634
6.811266
5.563611
4.242712
2.969235
1.706445
0.440729
-0.785195
-2.145893
-3.075155
-4.169722
-4.759851
-5.602512
-6.082914
-6.148527
-6.566623
-6.590400
-6.618374
-6.290942
-6.271109
-6.012212
-5.912401
-5.557505
-5.316163
-5.087918
-4.663847
-4.560855
-4.477948
-4.209773
-4.257968
-4.060486
-4.051974
-4.045105
-4.125467
-4.254407
-4.256949
-4.339347
-4.471330
-4.637017
-4.843906
-5.029553
-5.427803
-5.750657
-6.128824
-6.521224
-7.021461
-7.180663
-7.478076
-7.786177
-7.868700
-7.885230
-7.890449
-7.443489
-7.005310
-6.412885
-5.525843
-4.555000
-3.523512
-2.872089
-2.204771
-1.720428
-1.313398
-0.953417
-0.806933
-0.576784
-0.442250
-0.278345
0.150424
0.216807
0.528334
0.671511
0.759631
0.948591
0.662739
0.624590
0.165178
-0.145466
-0.447976
-1.006445
-1.394530
-1.713684
-2.001319
-2.228168
-2.362189
-2.681476
-2.947231
-3.161619
-3.422168
-3.622695
-3.814701
-3.841777
-4.170477
-4.157002
-4.457471
-4.462561
-4.413225
-4.294207
-4.419965
-4.255041
-4.126864
-3.778968
-3.557462
-3.679531
-3.527704
-3.400934
-3.152843
-2.974831
-2.843734
-2.801263
-2.610400
-2.467218
-2.229436
-1.838428
-1.905563
-1.776250
-1.847333
-1.462558
-1.533377
-1.605483
-1.441195
-1.524482
-1.435721
-1.452891
-1.301320
-1.402033
-1.343406
-1.285551
-1.520918
-1.380034
-1.412459
-1.373295
-1.467387
-1.427584
-1.391603
-1.397326
-0.887040
-0.844193
-0.702924
-0.381720
0.197725
0.538512
1.106516
1.698176
2.496468
2.987285
3.889595
4.729974
5.718743
6.613669
7.660927
8.731208
9.891764
10.985310
12.441253
13.584139
14.907330
16.212081
17.294181
18.414310
19.444659
20.257183
20.778908
21.280157
21.369424
21.082175
20.494084
19.721225
18.534470
17.312243
15.992740
14.375048
12.631479
11.201856
9.928640
8.277129
6.916052
5.351764
3.982676
2.583063
1.218030
-0.176615
-1.427710
-2.780530
-3.845212
-4.868573
-5.634566
-6.280132
-6.638593
-7.131832
-7.082240
-7.089356
-7.107674
-7.035449
-6.901550
-6.609089
-6.354140
-6.083422
-5.708316
-5.252714
-4.962536
-4.574580
-4.264454
-4.095971
-3.803255
-3.756590
-3.533300
-3.501513
-3.652189
-3.568780
-3.751501
-4.078297
-4.191208
-4.382957
-4.730349
-5.080670
-5.398559
-5.762869
-5.989203
-6.411105
-6.720602
-7.081984
-7.302094
-7.702768
-7.872771
-8.169302
-8.174259
-8.179224
-7.925665
-7.295352
-6.563955
-5.688480
-4.878493
-4.128772
-2.980170
-2.456540
-1.680882
-1.105244
-0.595342
-0.164793
0.118634
0.397620
0.634768
0.688049
0.680413
0.968933
0.692752
0.641759
0.540541
0.253549
-0.053407
-0.510531
-0.933968
-1.199850
-1.867170
-2.087788
-2.553175
-3.031160
-3.281149
-3.605521
-3.786467
-3.870649
-4.200614
-4.338206
-4.400632
-4.419968
-4.595944
-4.792791
-4.667030
-4.639438
-4.692842
-4.543817
-4.394024
-4.212568
-4.023615
-4.006195
-3.764978
-3.698727
-3.486633
-3.261054
-3.124493
-2.912009
-2.911635
-2.682747
-2.636466
-2.427163
-2.206547
-2.201842
-2.152760
-2.072273
-1.806520
-1.903407
-1.673377
-1.602042
-1.635620
-1.589714
-1.537704
-1.515070
-1.584123
-1.483408
-1.498791
-1.560717
-1.535798
-1.561609
-1.717379
-1.558558
-1.563006
-1.759211
-1.744710
-1.722968
-1.584620
-1.631673
-1.358034
-1.291407
-1.210154
-0.719830
-0.539142
-0.209679
0.386941
0.819907
1.339468
2.143990
2.810282
3.587845
4.386015
5.112077
6.258397
7.018410
8.109669
9.179943
10.258861
11.441422
12.526444
13.780590
14.749272
15.842439
16.821542
17.885842
18.505480
19.240319
19.618605
19.673029
19.546128
18.988034
18.286897
17.236205
16.047538
14.746600
13.445154
11.981964
10.573071
9.195579
7.608410
6.306961
4.943973
3.615062
2.198282
0.954058
-0.227988
-1.490405
-2.586489
-3.674193
-4.569878
-5.207060
-5.980178
-6.485492
-6.914779
-7.043072
-7.115555
-7.201130
-7.234445
-7.024642
-6.880825
-6.839879
-6.759135
-6.574504
-6.432468
-6.362275
-5.959575
-5.808891
-5.861918
-5.685677
-5.502448
-5.393598
-5.273945
-5.276612
-5.213799
-5.383177
-5.400979
-5.519990
-5.718741
-5.891417
-6.106949
-6.445824
-6.542711
-6.758881
-6.991834
-7.218047
-7.139586
-6.960044
-6.927234
-6.752908
-6.207146
-5.658338
-4.783884
-3.819272
-3.113304
-2.440133
-1.837414
-1.325357
-0.605515
-0.280257
-0.031784
0.092697
0.307594
0.364305
0.808078
0.960928
1.057692
1.082481
1.271564
1.141485
1.073714
0.890989
0.547024
0.290424
-0.139493
-0.721231
-0.882594
-1.432928
-1.674398
-2.165094
-2.500156
-2.703728
-2.991996
-3.180443
-3.577428
-3.725689
-3.818001
-3.929520
-4.084012
-4.117716
-4.187388
-4.062021
-4.155856
-3.939952
-4.025018
-3.903958
-3.916677
-3.874333
-3.574121
-3.566485
-3.423687
-3.136442
-2.996448
-2.927140
-2.857719
-2.802654
-2.512864
-2.353284
-2.389276
-1.995339
-2.058282
-1.796471
-1.869461
-1.745988
-1.568983
-1.524227
-1.456200
-1.490914
-1.453015
-1.392877
-1.321661
-1.213072
-1.287081
-1.390714
-1.349764
-1.434449
-1.381554
-1.287717
-1.353837
-1.521303
-1.376850
-1.376853
-1.541263
-1.500579
-1.461535
-1.335522
-1.088082
-1.033019
-0.904717
-0.468569
-0.077692
0.352098
0.811767
1.122158
1.836396
2.500281
3.133901
3.936899
4.656726
5.544023
6.389234
7.264840
8.205797
9.197486
10.233309
11.283367
12.195717
13.115819
14.295451
15.004093
16.082892
17.037196
17.599358
17.900973
18.112057
17.882538
17.595167
16.948569
15.975061
14.906814
13.634868
12.411242
11.194610
9.811270
8.595149
7.170491
6.007513
4.819365
3.585056
2.182260
1.085413
-0.082400
-1.394402
-2.430091
-3.396477
-4.421484
-5.199556
-6.001284
-6.410721
-6.898238
-7.176590
-7.334392
-7.595692
-7.602180
-7.585908
-7.558568
-7.663983
-7.568236
-7.724629
-7.392878
-7.296117
-7.310485
-7.185747
-7.086053
-6.906513
-6.874723
-6.821946
-6.547549
-6.455231
-6.382880
-6.297431
-6.420263
-6.430691
-6.298317
-6.429165
-6.463755
-6.555428
-6.407043
-6.583153
-6.395975
-6.272636
-5.926391
-5.526224
-4.848225
-4.215113
-3.341678
-2.726741
-1.899975
-1.290129
-0.569537
-0.114954
0.504558
0.830334
1.293434
1.451496
1.749926
1.874799
2.066674
2.114870
2.262757
2.176535
2.069224
1.943333
1.743697
1.212314
0.980122
0.552369
0.212098
-0.298057
-0.842289
-1.058709
-1.490529
-1.998521
-2.207821
-2.467479
-2.778497
-2.966691
-3.384654
-3.253302
-3.609594
-3.693261
-3.938800
-4.040778
-4.009506
-3.915912
-3.857681
-3.859077
-3.983180
-3.773881
-3.605907
-3.521854
-3.629305
-3.345744
-3.148143
-3.065110
-2.805071
-2.731069
-2.608870
-2.133432
-2.083084
-2.206040
-1.919172
-1.818976
-1.801174
-1.676308
-1.670328
-1.483786
-1.423008
-1.389698
-1.313782
-1.192854
-1.234945
-1.288093
-1.143008
-1.210908
-1.161576
-1.228840
-1.146445
-1.265966
-1.206592
-1.203153
-1.359939
-1.238123
-1.368206
-1.204687
-1.161445
-0.979614
-0.703943
-0.478619
-0.294746
0.129442
0.502016
1.050563
1.384350
2.124661
2.757265
3.424074
4.148740
4.958726
5.786002
6.646598
7.738238
8.653763
9.777067
10.544081
11.587270
12.561802
13.483051
14.808022
15.597666
16.580075
17.388530
18.120834
18.565371
18.857447
18.637344
18.312578
17.723589
16.817222
15.636318
14.502712
12.985607
11.764274
10.438660
8.914569
7.680513
6.337989
5.151620
3.814064
2.474088
1.307933
0.146737
-1.008098
-2.156953
-3.147633
-4.202903
-4.814271
-5.941777
-6.351089
-6.841156
-7.129418
-7.316588
-7.391607
-7.441330
-7.470574
-7.278313
-7.037352
-7.013322
-6.825129
-6.777322
-6.622826
-6.446456
-6.355919
-6.331504
-6.085082
-5.852639
-6.030402
-5.916471
-5.764519
-5.553689
-5.631637
-5.578232
-5.678303
-5.601246
-5.831655
-6.016543
-5.988183
-6.273774
-6.325908
-6.328072
-6.398897
-6.568150
-6.528602
-6.184639
-5.755232
-5.267334
-4.514943
-3.811523
-2.813338
-1.990763
-1.116051
-0.494643
0.151698
0.347394
0.618104
0.967412
0.895696
1.036456
1.033274
1.191329
1.251476
1.385117
1.502231
1.447808
1.448826
1.370239
1.159663
0.773746
0.485480
0.224810
-0.157801
-0.628918
-1.156109
-1.494848
-1.777016
-2.153017
-2.515151
-2.643459
-2.930197
-2.942407
-3.257370
-3.402708
-3.578311
-3.517408
-3.822203
-3.837708
-3.932952
-4.094573
-4.177350
-4.096219
-3.978093
-3.925068
-3.918840
-3.673173
-3.523376
-3.236005
-3.126399
-3.008904
-2.833178
-2.692540
-2.289583
-2.327988
-2.074438
-1.994838
-1.795070
-1.693221
-1.523588
-1.349005
-1.376593
-1.317596
-1.203667
-1.198197
-1.107917
-1.017759
-1.027936
-1.125080
-1.256304
-1.128005
-1.170223
-1.140591
-1.214468
-1.224009
-1.285557
-1.338449
-1.286444
-1.110073
-0.934472
-0.960155
-0.843562
-0.377523
-0.210699
0.101091
0.668333
1.228077
1.760994
2.425254
3.150174
3.848007
4.648588
5.617523
6.328072
7.450867
8.403138
9.302647
10.525514
11.607873
12.681706
13.667934
14.892700
15.851850
16.818232
17.781706
18.343354
19.073739
19.181567
19.311018
18.970240
18.427404
17.771781
16.669339
15.410616
14.041651
12.660220
11.242426
9.828825
8.475365
7.168957
5.828854
4.567336
3.353500
2.152258
0.792188
-0.370916
-1.503247
-2.655663
-3.409071
-4.355746
-5.382025
-5.742390
-6.326416
-6.605785
-6.705859
-6.798044
-6.869512
-6.729002
-6.631084
-6.422174
-6.284082
-6.137087
-5.940502
-5.725731
-5.624137
-5.444334
-5.301413
-5.267210
-5.171712
-5.163832
-5.052953
-4.997504
-5.145513
-5.117544
-5.101138
-5.212658
-5.326971
-5.399960
-5.569845
-5.770109
-5.948770
-6.092959
-6.500628
-6.611125
-6.755830
-6.920111
-6.849037
-6.913123
-6.704839
-6.403094
-5.912782
-5.346681
-4.549785
-3.641508
-2.593483
-1.737594
-1.129154
-0.442757
-0.004195
0.241597
0.301105
0.491335
0.523126
0.634635
0.653455
0.891624
0.938925
1.047893
1.108294
0.936763
0.948207
0.767644
0.525158
0.085707
-0.406268
-0.601575
-1.132454
-1.487857
-1.846569
-2.140811
-2.324804
-2.761208
-2.983604
-3.068414
-3.158062
-3.297804
-3.521089
-3.760021
-3.867471
-3.915281
-4.042051
-3.944778
-4.381180
-4.167178
-4.215371
-3.978979
-4.162727
-3.957497
-3.764848
-3.641383
-3.627776
-3.343579
-3.162891
-3.128685
-2.849073
-2.832799
-2.565894
-2.219262
-2.037048
-1.997118
-1.948165
-1.715217
-1.580051
-1.484551
-1.519901
-1.406481
-1.348109
-1.253251
-1.151149
-1.174413
-1.102954
-1.196928
-0.961810
-1.286821
-1.134621
-1.182938
-1.098636
-1.258725
-1.227316
-0.936887
-1.022469
-0.697324
-0.734076
-0.282409
-0.040817
0.357434
0.931292
1.309459
1.921208
2.712760
3.360116
4.116180
4.895400
5.782702
6.663134
7.666141
8.766941
9.797542
10.836533
11.927411
13.274512
14.188888
15.449264
16.281254
17.546721
18.463002
19.127398
19.702657
19.774887
19.623566
19.539384
18.819559
17.957431
16.785561
15.584311
14.284513
12.712483
11.520389
10.104121
8.843867
7.274624
6.191123
4.771931
3.478879
2.310180
1.117202
-0.172684
-1.236346
-2.398042
-3.304795
-4.160949
-4.946010
-5.532201
-5.994032
-6.351849
-6.433999
-6.483203
-6.414163
-6.387587
-6.210452
-6.100593
-5.810677
-5.590816
-5.562207
-5.261607
-5.158486
-4.925028
-4.654562
-4.729466
-4.496508
-4.535422
-4.436244
-4.500196
-4.425170
-4.392497
-4.542798
-4.597475
-4.950337
-4.977927
-5.323663
-5.534358
-5.700809
-5.928671
-6.088892
-6.466929
-6.605909
-6.967544
-6.973016
-7.183071
-7.337957
-7.312903
-7.270305
-6.629567
-5.956648
-5.076470
-4.106270
-3.123601
-2.368294
-1.502607
-0.967786
-0.629556
-0.375114
-0.427628
-0.184250
-0.230533
-0.037893
0.280250
0.361252
0.498834
0.782018
0.730011
0.897215
0.787993
0.593058
0.297041
-0.121563
-0.427374
-0.967659
-1.540248
-1.953891
-2.034127
-2.473701
-2.763115
-2.835723
-3.101095
-3.279241
-3.500114
-3.479767
-3.741329
-3.935497
-4.181162
-4.245380
-4.384108
-4.508848
-4.306408
-4.435350
-4.210153
-4.204050
-3.936386
-3.840897
-3.651941
-3.452172
-3.286489
-3.183235
-3.083807
-2.946087
-2.886967
-2.817664
-2.537661
-2.489469
-2.363202
-2.306750
-1.794303
-1.668298
-1.656468
-1.550418
-1.404316
-1.454418
-1.406732
-1.378377
-1.180523
-1.346077
-1.284159
-1.219555
-1.317339
-1.160809
-1.179633
-1.306789
-1.214470
-1.245880
-1.322554
-1.174927
-0.973259
-0.944135
-0.422671
-0.289031
0.127922
0.445048
1.028950
1.529953
2.139405
2.864080
3.625873
4.343031
5.374271
6.012220
7.161968
8.270769
9.273401
10.456847
11.586382
12.847012
14.136508
15.144479
16.412857
17.571133
18.479541
19.489288
20.242179
20.651752
20.878726
20.646031
20.182925
19.395315
18.478143
17.266214
15.895457
14.486184
13.034186
11.557010
10.186890
8.739728
7.246013
5.808385
4.390081
3.117113
1.916125
0.359731
-0.756453
-1.933923
-3.069938
-4.047139
-5.008448
-5.503842
-6.192528
-6.487016
-6.574630
-6.661736
-6.688946
-6.583659
-6.427893
-6.347273
-6.130351
-5.722303
-5.549367
-5.217741
-5.011624
-4.528171
-4.296493
-4.096473
-3.925833
-3.772862
-3.818642
-3.801988
-3.825884
-3.975169
-3.996531
-4.041413
-4.105121
-4.284409
-4.586413
-4.869587
-5.340067
-5.583442
-6.008783
-6.473031
-6.834540
-6.918459
-7.274119
-7.437637
-7.552593
-7.669188
-7.569118
-7.409159
-7.045368
-6.890611
-6.352747
-5.651349
-4.909895
-3.999581
-3.187819
-2.528762
-1.750179
-1.214216
-0.441109
-0.260800
0.012585
0.350188
0.366208
0.570547
0.526936
0.716017
0.760397
0.827022
0.639213
0.384265
0.112274
-0.136821
-0.640615
-1.029076
-1.494218
-1.911034
-2.242785
-2.513882
-2.928539
-3.161997
-3.425084
-3.516511
-3.683851
-3.930024
-4.064305
-4.193881
-4.231261
-4.384363
-4.485830
-4.594424
-4.657743
-4.530331
-4.332098
-4.333879
-4.124070
-4.002374
-3.873949
-3.534065
-3.545505
-3.284579
-3.060399
-2.916845
-2.778501
-2.692666
-2.513761
-2.451327
-2.354684
-2.118301
-2.025225
-1.928966
-1.827116
-1.666515
-1.597465
-1.492691
-1.367698
-1.337689
-1.388553
-1.208873
-1.487477
-1.542155
-1.457473
-1.475654
-1.545846
-1.480356
-1.594289
-1.565809
-1.490025
-1.481502
-1.419958
-1.402669
-1.576484
-1.439034
-1.098889
-1.107659
-0.644172
-0.282287
0.103891
0.828684
1.323955
2.033995
2.715178
3.427630
4.399492
5.250297
6.182358
7.224271
8.385845
9.324007
10.646689
11.812592
13.092423
14.261378
15.596264
16.815061
17.928822
18.940484
19.985322
20.645396
21.141055
21.355694
20.991392
20.432535
19.564184
18.506876
17.263794
15.871934
14.410785
12.892022
11.384965
9.590400
8.436713
6.882094
5.312978
4.063413
2.279660
0.987117
-0.403467
-1.698046
-2.923077
-4.032643
-5.099615
-5.824283
-6.530384
-7.029975
-7.262037
-7.528049
-7.459769
-7.486850
-7.239658
-6.970468
-6.853359
-6.617356
-6.115727
-5.917488
-5.567427
-5.153024
-4.732262
-4.418818
-4.195529
-4.124833
-3.895820
-3.810118
-3.853862
-3.768154
-3.905873
-3.887432
-4.014079
-4.231776
-4.571661
-4.760618
-5.160393
-5.551785
-5.831525
-6.575520
-6.837206
-7.067487
-7.450609
-7.580945
-7.977172
-7.952758
-8.069231
-7.889177
-7.631300
-7.242716
-6.563437
-5.757263
-4.926040
-4.100929
-3.062052
-2.525202
-1.915863
-1.272328
-0.835038
-0.431693
-0.301237
0.083801
0.315598
0.470993
0.776670
0.758488
0.688047
0.724670
0.742978
0.624846
0.313183
0.044503
-0.326667
-0.830337
-1.172515
-1.669310
-1.966478
-2.412287
-2.800499
-3.204605
-3.484346
-3.707889
-4.038873
-4.034420
-4.107417
-4.206336
-4.362871
-4.380292
-4.294458
-4.395672
-4.241057
-4.393891
-4.268901
-4.259105
-3.937913
-3.829192
-3.838728
-3.517025
-3.648377
-3.231433
-3.313192
-3.218590
-2.752943
-2.844241
-2.549491
-2.478667
-2.258042
-2.286659
-2.102155
-1.888525
-1.886749
-1.834230
-1.778795
-1.695888
-1.753109
-1.578010
-1.743821
-1.616792
-1.600897
-1.452123
-1.532874
-1.523206
-1.460265
-1.614636
-1.550042
-1.673888
-1.682028
-1.633070
-1.756536
-1.744583
-1.549404
-1.846189
-1.634852
-1.528806
-1.357648
-1.485188
-1.252488
-1.016110
-0.597892
-0.176746
0.219471
0.671896
1.251223
2.023443
2.652355
3.367233
4.005049
4.856999
5.869924
6.724543
7.508973
8.499140
9.570692
10.643004
11.716337
12.765124
13.761518
14.724354
15.889355
16.794970
17.638773
18.162539
18.565240
18.729021
18.466946
17.956664
17.294053
16.436383
15.166855
14.121759
12.882867
11.510343
10.199863
8.732608
7.428865
5.944057
4.563272
3.390252
2.137122
0.952661
-0.306952
-1.490531
-2.545296
-3.561145
-4.441451
-5.244189
-5.900322
-6.473028
-6.855904
-7.150519
-7.074606
-7.199474
-7.322053
-7.208253
-7.322818
-7.096351
-7.058589
-7.071814
-6.959534
-6.703693
-6.870519
-6.680937
-6.520844
-6.539792
-6.383770
-6.402970
-6.260176
-6.343838
-6.216687
-6.329726
-6.303406
-6.235503
-6.257376
-6.339263
-6.447220
-6.555052
-6.763968
-6.965890
-6.767654
-6.894689
-6.664406
-6.414033
-5.947111
-5.224352
-4.491427
-3.489431
-2.528507
-1.711523
-0.814309
-0.255454
0.198107
0.584538
0.958765
1.052091
1.161450
1.247407
1.347988
1.351165
1.568477
1.472475
1.563135
1.611709
1.455814
1.335267
0.833262
0.689320
0.271349
-0.187557
-0.721744
-1.162975
-1.468655
-1.844917
-2.184299
-2.376304
-2.926894
-3.003566
-3.270343
-3.469976
-3.763457
-3.763202
-3.983689
-4.101431
-4.077528
-4.076511
-3.899135
-4.057566
-3.935239
-3.853864
-3.739422
-3.694155
-3.570050
-3.407795
-3.297292
-3.105291
-3.021618
-2.924724
-2.640789
-2.480568
-2.487185
-2.173235
-2.023952
-2.062611
-1.936722
-1.688133
-1.580180
-1.539356
-1.396942
-1.376089
-1.175178
-1.249055
-1.302722
-1.159158
-1.314798
-1.191327
-1.318491
-1.190182
-1.184213
-1.157374
-1.465477
-1.278682
-1.262540
-1.383215
-1.207861
-1.312510
-1.393760
-1.293565
-1.037594
-1.058580
-0.853604
-0.711951
-0.335436
-0.019330
0.404863
1.011016
1.506804
2.188749
2.751036
3.561401
4.293188
5.090844
5.796300
6.861875
7.722473
8.768976
9.862900
10.688529
11.675008
12.621433
13.749191
14.538319
15.728377
16.385399
17.314024
17.768349
18.262993
18.295418
17.991253
17.671459
17.007954
15.921787
14.859895
13.583758
12.342965
10.992301
9.647239
8.145645
7.023493
5.659607
4.453789
3.143186
1.917902
0.638326
-0.539268
-1.578271
-2.781429
-3.585814
-4.650247
-5.355452
-6.099071
-6.741712
-6.900534
-7.237119
-7.459005
-7.457357
-7.527542
-7.350545
-7.360584
-7.232413
-7.320912
-7.129800
-7.115938
-6.956862
-6.900912
-6.789269
-6.644313
-6.503800
-6.372068
-6.258262
-6.030781
-6.038031
-6.045786
-6.043623
-5.941009
-5.934906
-5.994158
-5.976486
-6.100717
-6.247200
-6.351982
-6.480027
-6.504311
-6.533179
-6.264366
-6.031161
-5.465066
-4.972460
-4.216001
-3.376138
-2.267962
-1.534141
-0.784808
-0.071333
0.371041
0.858817
1.025390
1.419327
1.384991
1.585767
1.803975
1.725004
1.871995
1.806893
1.776757
1.820121
1.630912
1.524740
1.094822
0.853347
0.513080
0.081377
-0.470609
-0.750858
-1.176966
-1.518889
-1.850382
-2.114995
-2.688475
-2.834826
-2.913921
-3.088502
-3.452932
-3.579586
-3.768154
-3.796767
-4.124964
-4.138307
-4.221729
-4.166031
-4.249826
-4.192603
-3.903839
-4.004035
-3.611119
-3.532794
-3.299078
-3.221004
-3.025693
-2.803546
-2.639774
-2.373887
-2.386731
-2.171203
-2.112712
-1.798753
-1.762390
-1.594923
-1.475145
-1.554612
-1.270925
-1.087696
-1.212186
-1.035565
-1.047640
-1.077018
-1.080572
-1.113761
-1.096469
-1.276906
-1.101933
-1.205318
-1.120506
-1.232402
-1.340737
-1.340356
-1.346974
-1.217399
-1.098376
-1.110841
-0.590388
-0.605522
-0.287503
0.098677
0.483702
0.932570
1.592001
1.981222
2.673849
3.511686
4.034298
4.971699
5.810674
6.815207
7.789480
8.869167
9.733705
10.932537
11.885833
12.887699
14.054108
14.919537
16.073482
16.975407
17.689768
18.407436
18.796796
19.198739
19.044116
18.644203
18.003842
17.071155
15.936280
14.748382
13.182063
11.926271
10.409545
9.002559
7.710646
6.412628
5.206557
3.925702
2.640533
1.569752
0.325397
-0.787739
-1.855467
-2.885820
-3.892010
-4.838814
-5.546950
-6.192650
-6.601204
-6.911213
-7.054390
-7.183843
-6.972246
-7.017515
-6.856159
-6.802494
-6.641010
-6.336590
-6.285225
-6.083681
-6.030910
-5.955630
-5.861921
-5.732469
-5.775577
-5.606845
-5.641939
-5.508170
-5.340699
-5.494182
-5.416487
-5.437723
-5.349352
-5.566911
-5.526092
-5.720136
-5.843100
-5.968730
-6.242364
-6.620789
-6.593827
-6.726325
-6.661353
-6.564204
-6.187183
-5.727765
-4.810970
-4.062527
-3.043114
-2.112075
-1.391601
-0.726701
-0.313053
0.098422
0.367861
0.605905
0.665788
0.809729
1.073706
1.041282
1.392618
1.457599
1.372779
1.412833
1.393383
1.091258
0.981395
0.514097
0.039671
-0.192135
-0.941468
-1.175692
-1.424793
-2.111312
-2.257787
-2.489346
-2.748230
-2.898401
-3.250884
-3.394446
-3.509395
-3.549321
-3.782016
-3.952410
-3.814826
-3.991828
-3.971224
-3.789270
-3.908031
-3.788756
-3.875609
-3.655498
-3.451028
-3.394322
-3.219982
-3.131861
-2.930828
-2.588782
-2.721019
-2.574795
-2.432254
-2.204518
-2.217484
-2.005004
-2.026114
-1.921467
-1.791128
-1.477811
-1.434704
-1.374052
-1.410425
-1.129531
-1.236090
-1.336799
-1.110963
-1.339343
-1.328663
-1.255159
-1.289618
-1.264569
-1.391978
-1.262795
-1.417287
-1.221720
-1.285428
-1.215740
-1.039886
-0.876870
-0.495661
-0.228124
0.175222
0.431696
1.040518
1.410801
2.135977
2.733614
3.494011
4.239148
5.151364
5.915446
6.998444
7.847976
9.014384
9.993747
11.069363
12.206646
13.178509
14.422350
15.474829
16.543702
17.426550
18.394214
19.150035
19.510654
19.665784
19.448848
19.027839
18.184667
17.322797
16.052249
14.776234
13.453419
12.099581
10.759097
9.467700
8.026379
6.579850
5.472816
3.935749
2.872720
1.686348
0.256979
-0.706991
-1.949434
-3.168357
-3.987120
-4.750822
-5.450059
-6.082792
-6.367870
-6.614172
-6.565858
-6.590778
-6.494645
-6.595993
-6.234362
-5.863185
-5.927916
-5.698906
-5.427174
-5.340956
-5.032225
-4.973987
-4.774729
-4.786176
-4.651263
-4.611074
-4.528554
-4.359943
-4.477051
-4.512528
-4.705301
-5.068844
-5.130890
-5.547711
-5.713403
-5.956906
-6.292850
-6.628803
-6.715516
-6.858447
-6.755699
-6.916809
-7.003788
-7.059729
-7.117593
-6.850055
-6.573998
-6.233601
-5.279412
-4.337439
-3.689829
-2.765273
-1.855088
-1.292678
-0.539528
-0.308354
0.137706
0.276189
0.421011
0.710935
0.903322
0.940200
1.155474
1.256430
1.179373
1.317855
1.335778
1.076382
0.704577
0.451537
-0.087735
-0.562281
-1.191460
-1.426700
-1.892976
-2.288306
-2.443060
-2.671561
-2.872980
-3.022006
-3.248216
-3.416316
-3.700127
-3.820671
-3.779601
-3.945920
-4.141869
-4.240921
-4.248556
-4.261147
-4.120384
-3.944266
-3.837336
-3.866201
-3.500494
-3.444668
-3.271233
-3.149922
-3.073887
-3.056590
-2.749383
-2.727000
-2.477136
-2.269365
-2.172983
-2.038827
-1.940793
-1.837921
-1.659523
-1.529317
-1.406100
-1.382063
-1.258474
-1.369224
-1.356637
-1.173402
-1.023353
-1.286566
-1.339851
-1.226802
-1.419326
-1.093670
-1.111345
-1.480994
-1.393886
-1.035559
-1.026156
-0.784682
-0.819140
-0.230657
-0.111385
0.413519
0.857041
1.334124
1.967622
2.622226
3.212101
4.125725
4.877221
5.756375
6.800968
7.782742
8.846409
9.858575
11.098860
12.143575
13.243615
14.588542
15.542470
16.626611
17.749146
18.802258
19.172537
19.813159
20.036698
20.071152
19.626359
18.977988
17.979053
16.920474
15.667346
14.294312
12.786487
11.366272
10.018288
8.504236
7.271324
5.951563
4.588951
3.363929
2.079137
0.985466
-0.337723
-1.497900
-2.609892
-3.609595
-4.457728
-5.137891
-5.747608
-6.114070
-6.415687
-6.462481
-6.354652
-6.244530
-6.256103
-5.951813
-5.637997
-5.624646
-5.030319
-4.928465
-4.564163
-4.379526
-4.182812
-4.054512
-3.958771
-4.000985
-3.883487
-3.955966
-3.711824
-3.857165
-3.984066
-4.073967
-4.113392
-4.263428
-4.763920
-5.055492
-5.320485
-5.563865
-6.088254
-6.396743
-6.834796
-7.209393
-7.556660
-7.845177
-7.991278
-8.002599
-7.849886
-7.416793
-7.004420
-6.597389
-5.560555
-4.792787
-3.953682
-3.408432
-2.572628
-1.835247
-1.620102
-1.122286
-0.731916
-0.609839
-0.233331
0.124361
0.225191
0.524143
0.635152
0.820794
1.066463
0.915144
0.889593
0.680928
0.254565
0.026574
-0.453308
-0.900781
-1.357398
-1.794307
-2.151488
-2.391683
-2.690633
-3.086215
-3.164677
-3.458280
-3.751501
-3.832754
-3.984961
-4.255551
-4.272081
-4.440184
-4.474640
-4.443610
-4.304377
-4.352319
-4.128139
-4.107413
-4.030229
-3.880689
-3.681178
-3.630834
-3.448614
-3.415811
-3.251390
-2.963516
-2.845259
-2.563481
-2.322901
-2.457809
-2.136992
-2.002847
-1.921207
-1.748403
-1.744463
-1.676049
-1.539102
-1.494092
-1.360447
-1.524612
-1.174798
-1.393004
-1.276522
-1.237361
-1.388931
-1.105752
-1.371253
-1.197438
-1.320010
-1.278811
-1.503122
-1.272706
-1.367823
-1.214602
-1.216762
-0.963850
-0.748696
-0.348790
0.033699
0.451663
0.981136
1.594803
2.252449
2.853648
3.770832
4.693861
5.412040
6.490580
7.511398
8.533224
9.727481
10.779062
12.202197
13.442107
14.639790
15.817003
17.013295
18.189616
19.213235
20.102186
20.718509
21.235780
21.307757
21.186572
20.632556
19.721604
18.590675
17.264938
15.999857
14.630379
13.003919
11.597439
10.012566
8.497107
7.089740
5.474858
4.081216
2.903492
1.410297
0.166826
-1.261262
-2.450812
-3.407927
-4.485448
-5.406952
-5.974326
-6.512196
-6.767908
-6.909175
-7.034942
-7.005695
-6.722511
-6.602988
-6.531147
-6.021751
-5.756634
-5.468368
-5.062992
-4.823557
-4.271693
-4.233806
-3.864924
-3.702422
-3.654990
-3.581748
-3.700257
-3.838980
-3.795874
-4.033278
-4.223889
-4.318875
-4.395677
-4.828393
-4.960380
-5.347825
-5.693310
-5.910616
-6.291576
-6.563951
-6.992595
-7.148486
-7.566963
-7.524114
-7.643380
-7.811865
-7.673640
-7.238385
-6.625617
-6.077706
-5.339561
-4.573437
-4.013950
-3.060024
-2.505751
-2.012890
-1.574702
-1.135126
-0.823469
-0.417075
-0.263728
-0.098544
0.199637
0.246052
0.333279
0.276696
0.179288
0.142031
-0.106425
-0.454461
-0.815329
-1.002887
-1.444367
-1.977542
-2.209218
-2.659356
-2.652353
-3.122714
-3.288392
-3.536474
-3.567507
-3.768160
-3.937280
-4.053112
-4.105376
-4.208755
-4.233678
-4.044467
-4.248050
-4.347606
-4.300812
-4.209516
-4.214730
-3.977839
-3.972627
-3.757860
-3.732429
-3.841404
-3.513332
-3.328197
-3.216173
-3.127921
-2.886579
-2.944442
-2.759935
-2.785112
-2.574287
-2.481718
-2.355197
-2.243676
-2.089055
-1.843002
-1.963043
-1.890309
-1.742298
-1.640448
-1.626970
-1.508716
-1.584245
-1.574581
-1.453779
-1.520537
-1.555128
-1.557917
-1.655200
-1.482011
-1.651130
-1.366930
-1.410547
-1.401260
-1.553975
-1.303863
-1.012295
-0.967536
-0.687029
-0.310517
0.008266
0.506725
1.079557
1.672359
2.519097
3.052522
3.883234
4.718021
5.772528
6.500114
7.546999
8.551787
9.721752
10.809830
11.961487
13.116459
14.221570
15.495934
16.501867
17.503228
18.419515
19.176478
19.697187
19.918064
20.010252
19.607928
19.080985
18.127697
17.005284
15.870791
14.388148
13.109717
11.679205
10.201648
8.915204
7.516732
6.044642
4.625702
3.228507
2.031967
0.584408
-0.586569
-1.582342
-2.744035
-3.934866
-4.747393
-5.470535
-6.084190
-6.551236
-6.798430
-7.063545
-7.110980
-7.181804
-7.049177
-7.108049
-6.933844
-6.692374
-6.516643
-6.463877
-6.120808
-5.914691
-5.722430
-5.672072
-5.537797
-5.305482
-5.001954
-5.157596
-5.064007
-5.085122
-5.137120
-5.306621
-5.420682
-5.490871
-5.673475
-5.704498
-5.909348
-6.141661
-6.436918
-6.362664
-6.678519
-6.974924
-6.915537
-6.912232
-7.197954
-7.038368
-6.793210
-6.366221
-5.636338
-4.902393
-3.955583
-3.130088
-2.330782
-1.545970
-1.068755
-0.483577
-0.382616
0.074133
0.151822
0.332766
0.553390
0.612768
0.717036
0.959011
0.951007
1.002756
0.925702
0.726060
0.503921
0.191500
-0.365319
-0.627266
-1.014710
-1.483159
-1.761120
-2.262879
-2.515542
-2.810292
-3.263094
-3.277713
-3.480656
-3.607304
-3.798299
-3.831351
-3.832114
-3.935495
-4.104108
-4.072826
-4.240295
-4.229482
-4.205321
-4.111606
-3.882723
-3.875865
-3.910824
-3.485363
-3.454462
-3.100964
-3.101221
-2.913412
-2.520876
-2.337011
-2.331802
-2.299501
-2.102656
-2.104955
-2.041250
-1.727169
-1.583227
-1.756292
-1.711780
-1.610438
-1.365791
-1.517238
-1.387916
-1.329167
-1.399609
-1.440426
-1.441826
-1.578394
-1.571651
-1.523593
-1.614630
-1.619464
-1.632310
-1.627734
-1.694997
-1.752849
-1.486966
-1.619341
-1.506936
-1.463320
-1.326626
-1.244480
-1.032511
-0.568643
-0.461957
0.080357
0.570172
0.898617
1.740777
2.289456
2.739586
3.683475
4.296748
5.370203
6.074270
7.002001
7.869080
8.857219
9.885536
10.904821
11.684038
12.748206
13.744993
14.918268
15.882368
16.577658
17.251967
17.769114
18.168258
17.827858
17.667139
17.106631
16.217678
15.183638
14.016343
12.801617
11.570360
10.272087
9.086357
7.468286
6.265391
5.118307
3.839244
2.516939
1.351038
0.154875
-0.918710
-2.147552
-3.195697
-4.137426
-4.994078
-5.778757
-6.209314
-6.694664
-7.103607
-7.215629
-7.477439
-7.462187
-7.667034
-7.448192
-7.693736
-7.484692
-7.433198
-7.476295
-7.299427
-7.321674
-7.145560
-7.074863
-7.043453
-6.929908
-6.733453
-6.597642
-6.538775
-6.603240
-6.456507
-6.384276
-6.370797
-6.466037
-6.498467
-6.312813
-6.617607
-6.475452
-6.362282
-6.432600
-6.269960
-6.104789
-5.824915
-5.194088
-4.716489
-3.801851
-2.943169
-2.094013
-1.201500
-0.532537
0.031281
0.606660
1.235580
1.273856
1.606879
1.648333
1.805878
1.681773
1.803208
1.930616
1.781212
1.734795
1.716488
1.454800
1.480866
1.223631
0.799942
0.427624
0.150169
-0.133516
-0.624853
-1.094188
-1.595177
-1.889166
-2.231849
-2.722294
-3.001274
-3.089391
-3.272375
-3.718696
-3.808084
-3.896073
-4.074863
-4.177981
-4.243085
-4.017002
-4.060490
-4.058966
-4.045107
-3.888064
-3.931432
-3.558990
-3.448609
-3.244273
-3.211974
-2.842840
-2.953214
-2.701442
-2.612179
-2.414454
-2.190778
-2.131275
-1.922356
-1.813122
-1.629891
-1.596326
-1.401011
-1.463443
-1.270548
-1.163360
-1.118724
-0.939814
-1.143519
-1.074216
-0.896710
-1.217652
-1.206841
-1.204296
-1.108045
-1.317213
-1.240153
-1.114527
-1.173019
-1.171371
-1.041668
-1.001356
-0.924046
-0.619379
-0.543211
-0.361248
-0.114696
0.337216
0.692751
1.278936
1.956686
2.469257
3.075281
3.977203
4.665506
5.522414
6.403094
7.285179
8.289723
9.406532
10.332491
11.276750
12.367890
13.275272
14.352929
15.456391
16.321181
17.104340
17.897542
18.523530
18.658571
18.613684
18.540443
17.868936
17.111461
15.744399
14.530686
13.282141
11.937211
10.626733
9.303286
7.819365
6.518306
5.354053
4.070919
2.850600
1.654686
0.402452
-0.735985
-1.902385
-2.980807
-3.956608
-4.880399
-5.665969
-6.097535
-6.588360
-7.011028
-7.176716
-7.375972
-7.164764
-7.124967
-7.192234
-7.099662
-6.912736
-6.717554
-6.728238
-6.706876
-6.522882
-6.499612
-6.320573
-6.216684
-6.073508
-6.113940
-5.943302
-5.890655
-5.804320
-5.831527
-5.927913
-5.952836
-5.879970
-5.865347
-5.780916
-5.998355
-6.113812
-6.260045
-6.258648
-6.328203
-6.329851
-6.513344
-6.218848
-5.941904
-5.294040
-4.646175
-3.915790
-3.008911
-2.189505
-1.436233
-0.849278
-0.181582
0.160976
0.425340
0.883233
1.105749
1.445009
1.449582
1.521046
1.730979
1.869583
1.847459
1.767353
1.760354
1.505656
1.378756
1.084521
0.637947
0.213751
-0.142037
-0.403848
-0.873310
-1.367691
-1.566951
-1.966224
-2.251819
-2.568564
-2.846522
-3.084305
-3.514984
-3.553261
-3.938673
-4.194130
-4.330315
-4.461163
-4.523591
-4.426069
-4.220324
-4.352319
-4.114021
-3.984328
-3.762558
-3.612521
-3.463365
-3.256735
-3.188326
-3.032305
-2.754717
-2.533852
-2.524060
-2.286150
-2.096688
-1.895526
-1.734036
-1.784900
-1.602809
-1.355615
-1.544949
-1.241684
-1.269913
-1.023742
-1.010129
-1.224007
-1.007084
-1.063534
-1.055399
-1.168062
-1.085025
-1.066204
-1.187515
-1.155977
-1.159537
-1.294838
-1.017254
-1.067734
-1.033650
-0.752387
-0.673172
-0.331621
0.072858
0.255206
0.801597
1.247278
1.848600
2.434281
3.080876
3.779859
4.815419
5.618798
6.364309
7.404832
8.332693
9.455492
10.557942
11.570996
12.631985
13.710907
14.674889
15.783441
16.667430
17.718884
18.308381
19.091037
19.261427
19.232046
18.912128
18.367770
17.542394
16.424810
15.304312
13.974509
12.618638
11.225132
9.948352
8.521144
7.168324
5.915575
4.552964
3.447973
2.260336
0.918197
-0.134659
-1.356125
-2.332180
-3.465269
-4.397837
-5.152635
-5.603919
-6.171291
-6.386186
-6.644567
-6.642912
-6.739431
-6.637316
-6.706491
-6.489819
-6.568145
-6.316889
-6.043113
-5.911255
-5.701825
-5.678173
-5.455270
-5.382917
-5.394615
-5.228427
-4.991408
-5.047484
-5.224354
-5.103298
-5.216347
-5.324045
-5.274968
-5.204645
-5.441033
-5.563862
-5.694453
-5.944695
-6.054692
-6.371942
-6.571202
-6.735234
-6.968180
-7.003399
-6.950629
-6.678386
-6.305693
-5.626297
-4.983776
-4.172518
-3.122712
-2.311707
-1.404700
-0.552747
-0.166318
0.185902
0.412237
0.890351
0.822452
0.854237
0.995889
1.168439
1.206085
1.351671
1.494471
1.384992
1.160815
1.110970
0.629166
0.441108
-0.030387
-0.468955
-0.889967
-1.395798
-1.793164
-2.203622
-2.562332
-2.991481
-3.151447
-3.320310
-3.496425
-3.811265
-3.769553
-3.955079
-4.186380
-4.007593
-4.275386
-4.182691
-4.199722
-4.179000
-4.181031
-4.088592
-3.968178
-3.715129
-3.739931
-3.449252
-3.216171
-3.123223
-3.136568
-2.796169
-2.703096
-2.425891
-2.348456
-2.180860
-2.232363
-2.064900
-1.816055
-1.731369
-1.595303
-1.507824
-1.370873
-1.347482
-1.414995
-1.323829
-1.221589
-1.435593
-1.155599
-1.259991
-1.220832
-1.273981
-1.324968
-1.238254
-1.282879
-1.231642
-1.166408
-1.012424
-1.037469
-0.712198
-0.613660
-0.159070
-0.018694
0.545122
0.974145
1.442087
2.216725
2.829871
3.605649
4.206472
5.031970
6.001539
7.030740
7.999163
8.862939
10.113650
11.162311
12.218600
13.261030
14.333216
15.430702
16.468429
17.554088
18.491746
18.982189
19.453052
19.699859
19.421893
19.237134
18.426764
17.401248
16.330844
14.876301
13.500852
12.127052
10.736718
9.373852
8.179732
6.859718
5.503970
4.156752
3.090924
1.833215
0.701400
-0.594843
-1.542538
-2.635451
-3.712333
-4.456203
-5.173871
-5.748749
-5.969620
-6.202440
-6.297935
-6.150312
-6.027224
-5.982975
-5.967711
-5.650587
-5.626420
-5.376434
-5.217102
-4.978437
-5.007041
-4.662581
-4.548389
-4.569757
-4.338585
-4.354987
-4.064434
-4.084652
-4.097363
-4.049558
-4.263560
-4.311497
-4.607013
-4.823690
-5.005650
-5.570093
-5.828220
-6.196215
-6.666182
-7.052489
-7.263185
-7.314044
-7.689917
-7.698314
-7.462054
-7.123951
-6.707765
-6.261829
-5.374275
-4.597984
-3.802361
-2.918497
-2.324168
-1.694869
-1.005559
-0.810747
-0.541813
-0.308357
-0.280257
-0.037509
0.039165
0.548811
0.653080
0.889719
0.976562
0.951772
1.009118
0.938032
0.677747
0.236008
-0.161364
-0.650916
-1.224136
-1.560214
-2.097198
-2.550124
-2.893828
-3.121564
-3.286363
-3.519317
-3.433352
-3.499219
-3.660838
-3.644565
-3.766000
-4.059985
-3.873314
-4.101177
-4.099021
-4.237237
-4.089867
-4.210412
-3.941980
-3.863521
-3.810755
-3.611121
-3.397114
-3.290432
-3.021623
-2.923707
-2.779771
-2.725596
-2.516170
-2.166491
-2.176919
-2.039080
-2.085624
-2.027006
-1.742554
-1.675925
-1.577001
-1.479212
-1.445011
-1.374309
-1.543682
-1.355619
-1.393253
-1.393886
-1.383465
-1.473105
-1.268771
-1.347476
-1.289624
-1.309839
-1.141868
-1.049418
-1.154960
-0.842156
-0.620267
-0.277838
0.022635
0.488532
0.940963
1.495743
2.054852
2.725344
3.612264
4.488116
5.450437
6.284463
7.163874
8.232882
9.246697
10.398738
11.613206
12.761309
13.832470
15.161263
16.189699
17.307791
18.411381
19.328815
20.046109
20.550534
20.634588
20.564780
20.021696
19.386036
18.479918
17.057168
15.844601
14.409763
12.880071
11.375428
9.953566
8.679331
7.113264
5.674364
4.466506
3.080238
1.773835
0.705462
-0.806049
-1.841611
-3.135303
-4.139840
-5.008445
-5.523685
-6.038794
-6.551740
-6.748329
-6.804660
-6.770576
-6.755700
-6.526823
-6.186926
-6.000642
-5.646901
-5.434675
-5.271027
-4.897558
-4.717890
-4.385631
-4.312643
-4.207735
-3.985217
-3.849031
-3.872302
-3.796515
-3.801220
-4.062910
-4.102199
-4.070915
-4.257072
-4.611592
-4.969917
-4.945754
-5.368548
-5.741751
-6.037779
-6.663766
-6.932194
-7.136404
-7.595061
-7.850897
-7.845182
-7.887137
-7.414880
-7.090760
-6.421404
-5.631639
-4.857889
-3.885777
-3.164420
-2.423863
-1.924386
-1.718518
-1.303232
-1.109064
-0.856904
-0.483701
-0.353117
0.017166
0.308610
0.410464
0.595983
0.524398
0.645069
0.675962
0.283689
0.080236
-0.248466
-0.711698
-1.108934
-1.478828
-1.958338
-2.214175
-2.592341
-2.736026
-3.027086
-3.149416
-3.463492
-3.533678
-3.748319
-4.177475
-4.004541
-4.211807
-4.352187
-4.399746
-4.340744
-4.335026
-4.507577
-4.620999
-4.239656
-4.316075
-4.047648
-3.867343
-3.712972
-3.355536
-3.439329
-3.173958
-2.949139
-2.779134
-2.843728
-2.423353
-2.344387
-2.172726
-2.277247
-2.021407
-1.985419
-1.722464
-1.766587
-1.587294
-1.502612
-1.400250
-1.539104
-1.422371
-1.432419
-1.192096
-1.416782
-1.400502
-1.254780
-1.405333
-1.564028
-1.334641
-1.593785
-1.427714
-1.503245
-1.492056
-1.246521
-1.268645
-1.102190
-0.813166
-0.543211
-0.103251
0.421900
0.849025
1.528546
1.963173
2.890400
3.537626
4.373425
5.302560
6.137339
7.127125
8.349607
9.343337
10.479233
11.621728
12.767664
14.102558
15.316901
16.537097
17.653403
18.556471
19.568507
20.281732
20.694225
20.947391
20.859402
20.337681
19.588729
18.613431
17.290629
15.892535
14.419685
12.928515
11.582057
10.036849
8.797326
7.169216
5.705515
4.234316
2.848939
1.483405
0.125887
-0.999834
-2.226516
-3.202437
-4.301194
-5.027645
-6.042737
-6.332783
-6.535088
-6.873062
-6.873320
-6.743493
-6.874335
-6.707764
-6.563820
-6.578443
-6.212238
-5.787536
-5.555090
-5.226266
-4.875822
-4.666772
-4.359180
-4.326501
-4.155220
-4.075748
-3.981529
-3.875092
-4.153956
-4.005809
-4.544577
-4.572678
-4.671733
-4.944229
-5.173747
-5.426283
-5.572639
-5.863957
-6.335323
-6.736879
-7.090255
-7.493715
-7.857892
-8.165866
-8.314516
-8.435690
-8.226397
-7.741928
-7.043841
-6.134665
-5.178705
-4.187522
-3.167348
-2.418266
-1.798250
-1.238761
-0.908912
-0.428391
-0.432203
-0.136562
0.049080
0.115073
0.424194
0.482685
0.608574
0.602974
0.562541
0.270847
0.164030
-0.148771
-0.577801
-1.021194
-1.391851
-1.847200
-2.225748
-2.534868
-2.932998
-3.079094
-3.306575
-3.581367
-3.738025
-3.940713
-4.077782
-3.975294
-4.125090
-4.315946
-4.380799
-4.362104
-4.306028
-4.357276
-4.116060
-4.093426
-4.115799
-3.974401
-3.724287
-3.742602
-3.700768
-3.364946
-3.205871
-3.066640
-2.989451
-2.769093
-2.638628
-2.385839
-2.368925
-2.328617
-2.180604
-2.061077
-2.011491
-1.922612
-1.821260
-1.785531
-1.750312
-1.595560
-1.615527
-1.542921
-1.437760
-1.576999
-1.477942
-1.468151
-1.622644
-1.508459
-1.516599
-1.775359
-1.616797
-1.739372
-1.737084
-1.842624
-1.821520
-1.692967
-1.698052
-1.764302
-1.521177
-1.585392
-1.282759
-1.141867
-0.755695
-0.236639
-0.022127
0.630317
1.079935
1.733528
2.388633
3.014118
3.835554
4.660668
5.515164
6.567639
7.666777
8.454769
9.614182
10.579175
11.735918
12.659710
13.683958
14.955900
15.683750
16.916784
17.718253
18.272019
18.762209
18.891781
18.885680
18.395739
17.895638
16.799167
15.753304
14.654674
13.262177
11.820219
10.520807
9.306841
7.642872
6.479012
5.109919
3.879419
2.441788
1.284158
0.056586
-1.102827
-2.381264
-3.281021
-4.227959
-5.049773
-5.875014
-6.306967
-6.846233
-7.164253
-7.147345
-7.383729
-7.228346
-7.387545
-7.169469
-7.293832
-6.867474
-7.025148
-6.728743
-6.500626
-6.487147
-6.371054
-6.368638
-6.157553
-6.202187
-6.133906
-5.871581
-5.872726
-5.867001
-5.767951
-5.928552
-5.967841
-6.010056
-6.106435
-6.241610
-6.355535
-6.553649
-6.755448
-6.831486
-6.755702
-6.633250
-6.415816
-6.216940
-5.779898
-5.088554
-4.031883
-3.440986
-2.523934
-1.558556
-1.039755
-0.403976
-0.018693
0.191242
0.454842
0.719958
0.950366
0.898104
1.019668
1.050951
1.215998
1.350403
1.320011
0.968549
1.197687
0.851181
0.678249
0.270715
-0.169504
-0.385409
-0.873693
-1.206207
-1.500320
-2.116774
-2.230068
-2.460605
-2.838517
-2.890011
-3.227865
-3.364310
-3.489815
-3.709153
-3.710811
-3.774518
-3.824363
-3.922908
-3.950377
-3.990299
-3.815079
-3.794099
-3.728484
-3.662997
-3.523132
-3.270981
-3.298440
-3.268429
-3.161492
-3.030522
-2.944569
-2.585219
-2.488963
-2.475741
-2.112959
-1.970796
-2.022040
-1.852797
-1.849243
-1.661429
-1.618830
-1.605220
-1.412584
-1.377483
-1.423642
-1.292927
-1.446028
-1.248419
-1.210907
-1.270296
-1.242196
-1.275756
-1.306910
-1.407751
-1.320263
-1.495747
-1.323953
-1.200107
-1.224774
-1.205320
-1.145557
-1.051203
-0.638833
-0.527573
-0.192515
0.074000
0.259398
1.071298
1.481630
2.056755
2.818293
3.546778
4.300311
5.054725
5.684660
6.722513
7.601806
8.632404
9.813055
10.445529
11.401625
12.562943
13.624830
14.560952
15.601860
16.491191
17.215602
17.788187
18.227890
18.200684
17.962900
17.409384
16.865411
15.834938
14.628097
13.237633
12.248870
10.919443
9.442265
8.262632
6.985606
5.753963
4.365030
3.301751
2.078378
0.776542
-0.469840
-1.609799
-2.792996
-3.630826
-4.522837
-5.272296
-6.055707
-6.474688
-6.777192
-7.058079
-7.327147
-7.512789
-7.403561
-7.415008
-7.536316
-7.401911
-7.316713
-7.351178
-7.166036
-7.131953
-7.109574
-6.966275
-6.960679
-6.845731
-6.677497
-6.705345
-6.538776
-6.498715
-6.479135
-6.372456
-6.411109
-6.259156
-6.412506
-6.317013
-6.288405
-6.386824
-6.535215
-6.401698
-6.464764
-6.198122
-5.856704
-5.670803
-4.945756
-4.276020
-3.424962
-2.390415
-1.645786
-0.861101
-0.036620
0.368626
0.905860
1.204935
1.274234
1.391470
1.572800
1.500320
1.717380
1.588062
1.716361
1.792014
1.804221
1.756665
1.572421
1.351041
1.226426
0.921506
0.535713
-0.129193
-0.474298
-0.882340
-1.333616
-1.769636
-2.180734
-2.587885
-2.809528
-2.986393
-3.433731
-3.538257
-3.588869
-3.786212
-3.859201
-4.199978
-4.189428
-4.027051
-4.204180
-4.113008
-4.199600
-3.977839
-3.883739
-3.731285
-3.616586
-3.528846
-3.346504
-3.180441
-2.935540
-2.851236
-2.602008
-2.484002
-2.318959
-2.092236
-1.925155
-1.776762
-1.636001
-1.539743
-1.480740
-1.411183
-1.235965
-1.076634
-1.123425
-1.104989
-1.097230
-1.168061
-1.192602
-0.983813
-1.033143
-1.057684
-1.204805
-1.247404
-1.282755
-1.361337
-1.236982
-1.116052
-1.226810
-1.113004
-1.031490
-0.895440
-0.709529
-0.465523
-0.332390
0.226467
0.596868
1.014580
1.559580
2.127201
2.761586
3.462601
4.416914
5.047603
5.945588
6.827670
7.826110
8.702468
9.770204
10.743967
11.916737
12.988668
14.013037
14.868415
15.977857
16.873802
17.742919
18.562830
18.937678
18.947728
18.869015
18.435541
17.700198
16.821798
15.738040
14.488350
13.149513
11.606977
10.204188
8.849459
7.554240
6.209304
5.027519
3.655247
2.471031
1.333238
0.167464
-1.102325
-2.170058
-3.263598
-4.153057
-5.079646
-5.772399
-6.302642
-6.748075
-7.062404
-7.186251
-7.251485
-7.165015
-7.100932
-6.769813
-6.711066
-6.640115
-6.406272
-6.233467
-6.059777
-6.018833
-5.886964
-5.759555
-5.726754
-5.483625
-5.410127
-5.361560
-5.225630
-5.266698
-5.146285
-5.340708
-5.392079
-5.450057
-5.519232
-5.537541
-5.786008
-6.029506
-6.265508
-6.528597
-6.597386
-6.730651
-6.955212
-6.843947
-6.494398
-6.262720
-5.567423
-4.406866
-3.622436
-2.771378
-1.760866
-1.019539
-0.274789
0.111393
0.406392
0.747683
1.027808
0.998810
1.177217
1.308318
1.452890
1.485189
1.666005
1.741150
1.646045
1.652273
1.331459
0.792439
0.457254
0.057475
-0.426864
-0.900651
-1.269147
-1.717380
-2.042260
-2.222698
-2.701570
-2.812319
-3.124368
-3.332261
-3.601580
-3.668724
-3.989159
-4.021199
-4.154073
-4.105119
-4.227830
-4.254021
-4.309334
-4.174299
-4.009757
-3.750614
-3.696572
-3.630445
-3.520460
-3.249361
-3.112541
-3.120423
-2.861020
-2.729792
-2.522915
-2.374272
-2.263387
-2.009206
-2.006913
-1.719665
-1.793419
-1.575976
-1.556399
-1.491928
-1.262669
-1.222478
-1.327770
-1.142501
-1.294326
-1.198959
-1.081216
-1.209765
-1.096727
-1.114401
-1.123169
-1.205699
-1.273986
-1.131692
-1.241046
-1.137418
-1.172384
-0.987116
-0.522740
-0.622299
-0.153604
0.170013
0.573730
1.135255
1.529689
2.186712
2.873487
3.705468
4.435476
5.199562
6.025188
7.095592
8.037437
9.143573
10.164259
11.226527
12.270227
13.331351
14.489111
15.694806
16.645302
17.734151
18.319196
18.974557
19.476571
19.471991
19.348270
18.857569
17.846039
17.057414
15.811161
14.491529
13.065725
11.775716
10.224793
9.027741
7.596463
6.157937
4.984666
3.722765
2.650708
1.381180
0.145213
-1.185103
-2.153906
-3.160099
-4.288991
-4.968132
-5.839415
-6.079995
-6.483074
-6.591797
-6.565856
-6.705216
-6.451413
-6.268568
-6.269074
-6.093982
-5.921429
-5.751041
-5.607475
-5.520380
-5.183665
-5.083591
-4.970047
-4.857506
-4.745234
-4.608537
-4.495752
-4.520416
-4.459888
-4.603835
-4.717004
-4.819236
-5.137250
-5.426788
-5.936182
-6.060535
-6.321974
-6.496554
-6.912609
-7.048032
-7.188417
-7.300058
-7.151034
-6.998569
-6.914393
-6.441496
-5.949271
-5.260972
-4.356380
-3.482814
-2.708940
-1.979704
-1.568855
-0.939305
-0.678379
-0.438816
-0.141902
-0.024670
0.158562
0.280891
0.443528
0.771457
0.881065
1.023860
0.993093
1.210271
0.863902
0.800955
0.613400
0.216671
-0.207772
-0.730901
-1.212561
-1.420343
-1.817327
-2.100116
-2.327224
-2.540079
-2.707417
-3.063836
-3.155011
-3.338621
-3.621038
-3.940324
-3.973133
-4.103855
-4.270937
-4.329933
-4.401655
-4.243852
-4.114917
-3.967798
-3.792316
-3.654228
-3.504435
-3.348667
-3.062181
-3.033316
-2.872462
-2.615863
-2.517571
-2.462385
-2.217486
-1.967237
-2.054724
-1.868314
-1.736067
-1.603830
-1.352825
-1.399742
-1.437121
-1.267371
-1.209767
-1.271821
-1.069512
-1.313024
-1.257703
-1.242445
-1.409530
-1.382578
-1.426566
-1.424794
-1.477684
-1.437123
-1.312507
-1.237102
-1.014451
-0.794348
-0.675968
-0.232946
0.103383
0.456110
1.089861
1.553223
2.143737
2.838259
3.731919
4.435471
5.321631
6.337996
7.328415
8.309811
9.436292
10.412981
11.469520
12.766777
13.932673
14.996082
15.919240
16.966630
18.096161
18.845493
19.524254
19.968675
20.202256
19.800438
19.355016
18.680954
17.687857
16.215514
14.772538
13.488895
12.161131
10.750068
9.335452
8.020402
6.786602
5.509311
4.283782
2.962490
1.688641
0.496290
-0.829314
-1.843772
-2.967957
-3.973264
-4.777147
-5.389276
-5.735651
-6.072747
-6.182098
-6.228507
-6.205880
-6.061046
-5.935411
-5.839924
-5.665081
-5.232751
-5.270261
-4.857885
-4.567465
-4.467642
-4.327134
-4.090756
-4.130049
-4.047770
-3.964747
-4.093554
-4.035827
-4.072067
-4.222997
-4.317088
-4.555768
-4.857763
-5.004247
-5.293403
-5.637103
-6.157178
-6.271748
-6.842930
-6.942618
-7.372152
-7.614259
-7.718400
-7.855855
-7.975132
-7.864248
-7.518132
-7.062151
-6.240466
-5.255635
-4.372402
-3.330996
-2.663037
-1.684828
-1.265712
-0.631843
-0.468447
-0.173953
0.074767
0.098166
0.364558
0.453439
0.541812
0.687030
0.778452
0.692623
0.694526
0.526555
0.302250
-0.028737
-0.456236
-0.951260
-1.132713
-1.763152
-2.025990
-2.343881
-2.589544
-2.881872
-3.401309
-3.319546
-3.603743
-3.727216
-3.945927
-3.778707
-4.052609
-4.064689
-4.172643
-4.230244
-4.321286
-4.155857
-4.153183
-4.028698
-4.005815
-3.688180
-3.697208
-3.479009
-3.312807
-3.268945
-3.131361
-2.808761
-2.846273
-2.578737
-2.545550
-2.503080
-2.431871
-2.214054
-1.994829
-2.000806
-1.788457
-1.682279
-1.717761
-1.583993
-1.548007
-1.491419
-1.340612
-1.517365
-1.273344
-1.423266
-1.393887
-1.465606
-1.441450
-1.457724
-1.455941
-1.509735
-1.347474
-1.372403
-1.384354
-1.233671
-1.162969
-0.876866
-0.715127
-0.376890
0.033190
0.398889
0.863141
1.429498
2.216082
3.038531
3.696442
4.442221
5.487443
6.307479
7.398479
8.414461
9.629314
10.769659
11.864470
13.127774
14.433668
15.706383
16.840104
18.004991
18.986254
19.864910
20.674129
20.968757
21.291858
20.976636
20.422869
19.743345
18.825780
17.538451
16.105396
14.751558
13.243869
11.678064
10.224405
8.718742
7.117842
5.767828
4.332097
3.111391
1.704663
0.365577
-0.900653
-2.048875
-3.215533
-4.165271
-5.018235
-5.870311
-6.279505
-6.519444
-6.619901
-6.874211
-6.757860
-6.587470
-6.352994
-6.211976
-5.966947
-5.713399
-5.333458
-5.100501
-4.708102
-4.480490
-3.908156
-3.835044
-3.479009
-3.291194
-3.330611
-3.495789
-3.339260
-3.677243
-3.651299
-3.876373
-4.195148
-4.275389
-4.516979
-5.021418
-5.176667
-5.631506
-5.783462
-6.109995
-6.651053
-7.077920
-7.359691
-7.664997
-8.101786
-8.162558
-8.445486
-8.373900
-7.975898
-7.387031
-6.825257
-5.659108
-4.735943
-3.702039
-2.864585
-2.110162
-1.387020
-0.901925
-0.653967
-0.447333
-0.311281
-0.112787
0.094478
0.065228
0.150805
0.251135
0.369131
0.527699
0.321706
0.190866
0.042721
-0.359217
-0.618619
-1.115925
-1.564156
-2.024081
-2.415462
-2.659602
-3.112539
-3.407163
-3.713226
-3.894934
-4.107157
-4.303230
-4.358289
-4.576997
-4.719548
-4.688394
-4.934952
-4.804741
-5.058793
-5.020270
-4.926176
-4.840592
-4.472348
-4.377616
-4.138305
-3.810376
-3.514352
-3.427253
-3.115715
-3.019584
-2.899683
-2.454246
-2.373890
-2.295433
-2.196761
-2.016575
-1.827748
-1.738742
-1.606494
-1.502483
-1.335397
-1.338323
-1.443231
-1.364262
-1.381177
-1.306027
-1.572550
-1.538852
-1.605478
-1.710131
-1.675547
-1.926804
-1.822786
-1.835758
-1.980082
-1.865383
-1.839444
-1.749041
-1.608914
-1.624294
-1.477809
-1.424662
-1.041156
-0.906247
-0.366341
0.109101
0.480779
1.090371
1.893999
2.633163
3.387069
4.165136
5.005516
5.891805
6.923421
7.830558
8.977258
10.134637
11.309181
12.315622
13.648865
14.714811
15.785726
17.056145
18.045301
18.726989
19.598010
20.144905
20.319620
20.007320
19.855754
19.167329
18.083061
17.018255
15.886943
14.465844
13.054147
11.567815
10.102843
8.791093
7.091780
5.952831
4.580302
3.249484
2.050022
0.585809
-0.627642
-1.884076
-3.027980
-4.145181
-4.911044
-5.689371
-6.380334
-6.659193
-6.893290
-6.993867
-7.035321
-6.958003
-6.857424
-6.720994
-6.603365
-6.284079
-6.154760
-5.989335
-5.881247
-5.476766
-5.427549
-5.403775
-5.123519
-5.205410
-4.985045
-4.894385
-4.888150
-5.056504
-5.180874
-5.195748
-5.235415
-5.349857
-5.705515
-5.901461
-6.004840
-6.223041
-6.569672
-6.791562
-6.983952
-7.205326
-7.546487
-7.658382
-7.430905
-7.326762
-6.977845
-6.552375
-5.977634
-5.157468
-4.430513
-3.611375
-2.933501
-2.352017
-1.699194
-1.299794
-1.015731
-0.396472
-0.226972
0.177380
0.497695
0.618489
0.706867
0.890986
0.931041
0.847628
0.877125
0.730893
0.387188
0.021108
-0.193409
-0.597128
-0.865423
-1.249571
-1.757939
-2.031582
-2.302548
-2.653246
-2.922313
-3.126396
-3.417456
-3.740943
-3.880688
-4.023231
-3.986742
-4.122673
-4.161331
-4.238765
-4.145052
-3.964872
-4.172766
-3.994880
-3.897727
-3.823341
-3.693898
-3.554278
-3.547161
-3.278355
-3.166073
-3.121185
-2.976354
-2.897010
-2.791723
-2.419921
-2.487690
-2.440775
-2.312849
-2.053449
-1.875558
-1.751454
-1.845930
-1.713432
-1.618831
-1.480867
-1.366419
-1.509860
-1.375070
-1.394147
-1.337051
-1.265590
-1.347854
-1.356126
-1.254399
-1.443097
-1.397446
-1.408516
-1.596197
-1.580680
-1.537445
-1.651767
-1.633703
-1.547372
-1.415889
-1.319253
-1.208241
-0.955710
-0.705337
-0.288516
0.185265
0.463992
1.161572
1.637265
2.203111
2.804315
3.700761
4.446282
5.314250
6.156792
7.021457
8.057398
9.005479
10.131205
10.934957
12.079494
12.951664
13.930516
15.014397
15.845105
16.532262
17.484664
17.850239
18.005121
18.016048
17.589698
17.030336
16.119516
15.050252
13.980607
12.609735
11.355340
10.049952
8.636600
7.337058
6.055325
4.832201
3.732555
2.290470
1.114147
-0.137459
-1.086939
-2.371220
-3.223542
-4.305266
-5.132674
-5.862934
-6.461718
-6.646226
-7.281876
-7.414117
-7.566450
-7.573700
-7.585777
-7.843655
-7.701623
-7.605996
-7.523344
-7.585021
-7.477571
-7.304132
-7.378512
-7.318747
-7.180527
-7.158278
-6.893793
-6.933081
-6.765114
-6.681821
-6.663893
-6.539152
-6.614308
-6.521228
-6.568273
-6.550469
-6.539407
-6.615064
-6.532542
-6.357450
-6.172813
-5.875527
-5.370586
-4.991913
-4.121147
-3.130592
-2.248895
-1.572795
-0.607431
0.009024
0.587465
0.808714
1.096217
1.351042
1.551187
1.858650
1.946384
2.044171
2.050784
2.049641
2.160268
2.057653
2.005637
1.733272
1.539100
1.118594
0.757216
0.129065
-0.253169
-0.723899
-1.120377
-1.658884
-1.977289
-2.246475
-2.556098
-2.793882
-3.141533
-3.372194
-3.653207
-3.803635
-3.813045
-4.072445
-4.169336
-4.217531
-4.364271
-4.088976
-4.035440
-4.117841
-4.156619
-3.885014
-3.682578
-3.568651
-3.380587
-3.300224
-3.021746
-2.923077
-2.687578
-2.613454
-2.424112
-2.251185
-2.131776
-2.009076
-1.776255
-1.640316
-1.697410
-1.605354
-1.321027
-1.137920
-1.153184
-1.241807
-1.135636
-1.067987
-0.848007
-0.959140
-1.004537
-1.002506
-1.181535
-1.174544
-1.228843
-1.035817
-1.246135
-1.181289
-1.308436
-1.343030
-1.164885
-1.140209
-1.165261
-0.812530
-0.811007
-0.357695
-0.112026
0.194037
0.572967
1.153686
1.649345
2.201843
2.872723
3.536601
4.519394
5.232238
6.195195
7.049055
8.055116
8.987168
9.995655
11.070765
11.967977
12.939452
13.974637
14.990111
15.957642
16.913606
17.710750
18.289697
18.472287
18.512215
18.195088
17.937723
16.946158
16.027709
14.736683
13.671624
12.459434
10.769651
9.373219
8.002726
6.727470
5.622486
4.203925
3.041970
1.719540
0.580088
-0.566101
-1.691059
-2.740355
-3.779988
-4.837545
-5.328372
-6.014506
-6.588614
-7.050200
-7.357664
-7.408139
-7.574585
-7.376606
-7.474774
-7.243350
-7.223638
-7.053252
-6.990053
-6.884261
-6.730395
-6.695048
-6.387071
-6.356938
-6.351217
-6.249237
-6.033458
-5.986656
-6.019588
-5.810035
-5.828727
-5.713143
-5.894474
-5.804188
-5.965047
-6.017175
-6.056597
-6.094489
-6.459680
-6.232203
-6.378685
-6.283190
-6.042731
-5.727893
-5.238212
-4.507572
-3.836439
-2.910740
-2.078370
-1.216249
-0.426101
0.098423
0.707121
0.997667
1.294581
1.614252
1.706311
1.673003
1.705549
1.887770
1.701732
1.964696
1.801432
1.768873
1.530207
1.391221
1.001865
0.712077
0.268551
-0.031915
-0.456368
-1.078421
-1.666645
-2.038704
-2.423734
-2.752178
-2.988562
-3.208161
-3.359348
-3.426748
-3.625363
-3.620526
-3.833643
-3.818769
-3.936517
-3.843941
-3.948341
-3.963216
-3.889207
-3.795111
-3.855005
-3.739164
-3.580983
-3.341289
-3.299335
-3.158187
-3.105674
-2.890775
-2.541095
-2.353284
-2.222567
-2.006154
-1.926681
-1.826989
-1.638030
-1.634599
-1.557538
-1.515067
-1.636376
-1.293948
-1.372530
-1.082862
-1.103467
-1.178997
-1.269279
-1.182559
-1.079054
-1.203280
-1.018647
-0.967530
-1.119483
-1.105372
-1.192980
-1.178357
-1.334637
-1.122538
-0.830209
-0.863645
-0.527697
-0.464246
0.107190
0.537496
0.975290
1.587928
2.244062
2.773671
3.462347
4.381180
5.131528
5.928806
6.798298
7.833607
8.835599
9.755576
10.773978
11.888119
12.937799
14.041646
15.236538
16.217296
17.125707
17.983882
18.662005
19.133378
19.220353
19.329067
18.805185
18.037036
16.981506
15.776948
14.503096
13.277813
12.055842
10.581715
9.298066
8.006665
6.568275
5.406952
4.028194
2.863055
1.624168
0.251511
-0.820285
-1.966603
-3.116230
-4.002634
-4.901762
-5.519103
-6.069186
-6.415049
-6.705603
-6.803765
-6.830092
-6.633247
-6.704965
-6.657664
-6.492357
-6.476979
-6.157174
-6.010568
-5.744807
-5.713143
-5.508038
-5.374014
-5.316416
-5.133947
-5.038328
-4.850769
-4.918420
-5.008321
-4.923119
-5.009842
-5.041502
-5.178070
-5.493800
-5.597177
-5.923713
-6.158698
-6.402967
-6.306710
-6.568780
-6.788631
-6.661608
-6.868996
-6.735867
-6.546023
-6.074654
-5.391060
-4.681654
-3.722638
-2.862041
-2.066673
-1.270926
-0.700377
-0.386301
-0.007370
0.070826
0.222652
0.214517
0.420252
0.448101
0.681814
0.843433
1.063916
1.254143
1.099906
1.327772
1.009746
0.798801
0.469842
0.085322
-0.391901
-0.835163
-1.195658
-1.533638
-1.954138
-2.236304
-2.357481
-2.671051
-2.981950
-3.058495
-3.366473
-3.462728
-3.784816
-3.843181
-3.973644
-4.081721
-4.314044
-4.257079
-4.229734
-4.213208
-4.106776
-4.214219
-3.988271
-3.730518
-3.736500
-3.426487
-3.315736
-3.183236
-3.079093
-2.811816
-2.622855
-2.344638
-2.310181
-2.181880
-1.767988
-1.619215
-1.564281
-1.369728
-1.355361
-1.202647
-1.294840
-1.208116
-1.268645
-1.174036
-1.237612
-1.236852
-1.183577
-1.221465
-1.169839
-1.179761
-1.144788
-1.265891
-1.280056
-1.218053
-1.304043
-1.295950
-1.370059
-1.178176
-1.020792
-0.991570
-0.911405
-0.924252
-0.659562
-0.286840
-0.233355
0.034993
0.333579
0.789360
1.163079
1.652700
2.038723
2.595287
3.128404
3.755692
4.452360
5.268429
5.914310
6.455479
7.289450
8.002472
8.747562
9.477997
10.232133
10.939560
11.571981
12.217079
12.754698
13.309610
13.769968
14.091514
14.412918
14.602130
14.400080
14.355574
14.160460
13.942314
13.656310
13.309763
12.929943
12.537870
11.748170
11.241660
10.761772
10.239745
9.693652
9.175619
8.617786
8.088737
7.268375
6.727343
6.207202
5.650201
5.088145
4.538373
3.955896
3.347368
2.522935
1.899999
1.279140
0.623347
0.006607
-0.547718
-1.125924
-1.644114
-2.204034
-2.630917
-2.990210
-3.365483
-3.649697
-3.846866
-4.049172
-4.188997
-4.257839
-4.341048
-4.389415
-4.437385
-4.480615
-4.485502
-4.486691
-4.505407
-4.423979
-4.394884
-4.345800
-4.290647
-4.199323
-4.049145
-3.888804
-3.764516
-3.493040
-3.321560
-3.198777
-3.069458
-2.863308
-2.737048
-2.605106
-2.434358
-2.208813
-2.121306
-2.019957
-1.926298
-1.898096
-1.885888
-1.883776
-1.899875
-1.869739
-1.911924
-1.969728
-2.048038
-2.166439
-2.347365
-2.542116
-2.755965
-2.935541
-3.153462
-3.386538
-3.624777
-3.874261
-4.153211
-4.434358
-4.677100
-4.897034
-5.143686
-5.360717
-5.581156
-5.767337
-5.895462
-6.021577
-6.059847
-5.910134
-5.821993
-5.641324
-5.444873
-5.125805
-4.799298
-4.450579
-3.986760
-3.371533
-2.960842
-2.568688
-2.152883
-1.877463
-1.641594
-1.391422
-1.192037
-0.972392
-0.834375
-0.722347
-0.603386
-0.483655
-0.331749
-0.174232
0.033617
0.286664
0.492372
0.688321
0.887728
1.032357
1.163967
1.295822
1.398999
1.456906
1.488694
1.438519
1.379926
1.273909
1.146575
1.011204
0.864743
0.661366
0.494053
0.333664
0.161006
-0.016251
-0.158310
-0.310161
-0.493668
-0.680389
-0.829620
-0.972946
-1.127650
-1.259841
-1.381254
-1.508099
-1.633550
-1.741923
-1.825538
-1.919555
-2.020692
-2.103928
-2.178369
-2.255073
-2.352935
-2.382377
-2.456211
-2.554960
-2.658541
-2.742132
-2.851228
-2.962980
-3.025414
-2.999908
-2.995661
-2.985302
-2.972563
-2.965445
-2.937137
-2.903880
-2.878035
-2.751513
-2.673640
-2.665047
-2.654571
-2.571080
-2.507372
-2.437646
-2.353258
-2.206951
-2.163165
-2.118732
-2.070748
-2.000805
-1.907373
-1.808143
-1.734751
-1.596377
-1.510007
-1.427433
-1.341375
-1.299182
-1.218951
-1.135328
-1.093144
-1.025645
-0.943527
-0.938420
-0.932997
-0.897777
-0.842951
-0.786207
-0.735141
-0.670831
-0.655443
-0.671236
-0.688657
-0.690389
-0.682114
-0.673443
-0.663957
-0.653788
-0.668839
-0.691654
-0.717088
-0.733460
-0.738731
-0.746154
-0.771613
-0.773698
-0.798109
-0.810065
-0.821605
-0.800708
-0.830079
-0.859272
-0.853702
-0.852200
-0.880176
-0.853578
-0.795598
-0.727593
-0.597861
-0.419004
-0.148165
0.188725
0.557022
0.996752
1.504494
2.058992
2.702075
3.407413
4.187088
5.041346
5.920109
6.883389
7.894287
8.919982
9.986265
11.089449
12.162145
13.272097
14.627969
15.716550
16.867065
18.081026
18.852110
19.746523
20.302709
20.460769
20.480476
20.176700
19.644673
18.793234
17.598467
16.243104
14.843498
13.349024
12.037153
10.552468
9.000401
7.702639
6.356685
4.892980
3.636043
2.256390
0.982925
-0.315098
-1.552836
-2.542754
-3.688936
-4.470575
-5.330527
-5.847041
-6.242369
-6.612146
-6.566489
-6.475704
-6.383384
-6.204860
-5.930962
-5.913922
-5.741245
-5.329001
-5.271533
-5.020903
-4.705687
-4.374437
-4.212446
-3.899512
-3.959399
-3.909942
-3.825127
-3.700889
-3.600818
-3.682453
-3.808469
-3.822837
-4.198075
-4.308317
-4.944099
-5.079773
-5.554576
-5.979667
-6.270349
-6.547551
-6.846871
-7.053507
-7.166921
-7.344052
-7.387414
-7.349391
-7.364021
-7.269412
-6.911466
-6.358342
-5.742013
-5.235289
-4.299292
-3.583148
-2.794903
-2.259067
-1.446658
-1.057814
-0.537108
-0.068537
0.153600
0.357439
0.642519
0.884376
0.958120
0.959144
0.723772
0.600563
0.452929
0.217689
-0.077950
-0.315599
-0.706737
-1.047388
-1.540120
-1.979450
-2.329381
-2.637605
-3.072863
-3.173955
-3.539915
-3.635787
-3.758497
-3.963473
-4.232658
-4.294591
-4.256567
-4.383340
-4.477183
-4.517239
-4.563268
-4.521053
-4.429503
-4.399487
-4.190314
-4.037091
-3.686398
-3.665801
-3.360621
-3.122586
-3.155014
-2.721148
-2.801007
-2.690883
-2.462261
-2.314122
-2.341711
-2.061715
-1.874287
-1.891201
-1.635231
-1.559065
-1.564662
-1.507311
-1.417793
-1.435603
-1.321790
-1.233798
-1.508841
-1.327518
-1.344174
-1.367697
-1.454416
-1.407874
-1.557292
-1.483660
-1.397963
-1.426825
-1.473105
-1.195529
-1.157128
-0.850546
-0.715252
-0.596490
-0.170386
0.349679
0.800197
1.491421
1.967245
2.841055
3.561151
4.525759
5.360922
6.430820
7.312263
8.619050
9.577304
10.811355
11.860782
13.227463
14.412181
15.591560
17.113115
18.033723
19.099302
19.949975
20.796332
21.205521
21.366372
21.151348
20.695240
19.849010
18.964642
17.594905
16.249977
14.707440
13.347756
11.574045
10.128023
8.674999
7.111742
5.667372
4.143777
2.621205
1.259742
-0.123339
-1.457600
-2.745188
-3.785072
-4.691062
-5.858104
-6.415302
-7.073465
-7.506685
-7.632700
-7.636005
-7.558701
-7.464599
-7.177987
-6.778458
-6.643299
-6.289923
-5.857979
-5.451331
-5.011238
-4.651260
-4.215244
-4.049305
-3.743105
-3.480399
-3.383641
-3.226976
-3.317768
-3.236517
-3.394956
-3.587216
-3.731152
-4.094065
-4.312383
-4.768625
-5.051681
-5.452728
-5.885184
-6.374103
-6.625745
-6.864425
-7.619985
-7.821651
-8.077109
-8.240128
-8.267340
-8.227790
-7.965724
-7.415266
-6.827291
-5.704114
-4.924016
-4.104489
-3.310905
-2.512492
-1.867546
-1.296490
-0.842668
-0.545628
-0.146997
-0.062687
0.186411
0.296399
0.586704
0.666304
0.612258
0.569536
0.323490
0.003052
-0.130463
-0.505961
-1.052986
-1.265717
-1.590471
-2.116651
-2.423477
-2.661382
-2.963130
-3.146489
-3.491590
-3.774519
-3.797021
-3.897604
-4.069644
-4.203411
-4.391484
-4.288101
-4.491170
-4.378636
-4.270807
-4.302721
-4.207997
-4.320144
-4.086428
-3.948342
-3.701270
-3.608065
-3.567376
-3.294624
-3.205109
-3.056712
-2.893320
-2.704495
-2.562718
-2.297970
-2.411783
-2.139533
-2.110035
-2.010977
-1.922229
-1.866536
-1.921594
-1.567714
-1.699323
-1.542796
-1.616539
-1.548128
-1.566573
-1.381552
-1.619849
-1.431912
-1.625822
-1.471202
-1.672875
-1.603570
-1.782612
-1.745861
-1.832712
-1.932148
-1.820498
-1.805114
-1.841097
-1.610180
-1.333358
-1.290889
-0.946678
-0.626369
-0.480146
0.120673
0.554786
1.283895
1.719798
2.547203
3.310399
4.066215
4.905062
5.710093
6.452688
7.696917
8.719379
9.622189
10.911176
11.884944
12.803653
13.909144
15.043510
16.169488
17.046611
17.937977
18.625257
18.972520
19.278843
19.094209
18.795774
17.864730
17.030461
15.963869
14.722566
13.333766
11.955645
10.528566
9.284466
7.909263
6.575903
5.262754
3.994117
2.759801
1.389190
0.156021
-1.030092
-2.250288
-3.289665
-4.165395
-5.071511
-5.785501
-6.182224
-6.605915
-6.933082
-6.994123
-7.048160
-7.232411
-7.093307
-7.040402
-6.831992
-6.758495
-6.498713
-6.412884
-6.578570
-6.323372
-6.349050
-6.109748
-6.012471
-5.895102
-5.796556
-5.755998
-5.747478
-5.885572
-5.965297
-5.881502
-6.110889
-6.143193
-6.226599
-6.349056
-6.495797
-6.731288
-6.480915
-6.827547
-6.659190
-6.774264
-6.762569
-6.621293
-6.436161
-5.790076
-5.384065
-4.544193
-3.763711
-2.621462
-1.707332
-1.125339
-0.255707
0.194803
0.674184
0.743481
1.019542
1.139834
0.990675
1.143010
1.275893
1.328535
1.416525
1.469168
1.543807
1.240028
0.975418
0.631330
0.381729
-0.220367
-0.432587
-0.905737
-1.481124
-1.802704
-2.264151
-2.680081
-3.002043
-3.229525
-3.597770
-3.579971
-3.787482
-3.839874
-3.926973
-4.051845
-4.145938
-3.938162
-4.068880
-4.264326
-4.120252
-3.975298
-3.956225
-3.924686
-3.784562
-3.550843
-3.502143
-3.307721
-3.141906
-2.987675
-2.801383
-2.554962
-2.388637
-2.415845
-2.341842
-2.191922
-1.881407
-1.802829
-1.741536
-1.723740
-1.515198
-1.439669
-1.440938
-1.434069
-1.260249
-1.342015
-1.293567
-1.185483
-1.283389
-1.334258
-1.303486
-1.249183
-1.358030
-1.369854
-1.395163
-1.445901
-1.314796
-1.406228
-1.242823
-1.357137
-1.246514
-0.963970
-0.864412
-0.614424
-0.470987
-0.348536
0.084685
0.426993
0.788370
1.455310
2.022424
2.523295
3.416061
4.191335
5.042264
5.892564
6.744386
7.759860
8.687977
9.690987
10.603712
11.664324
12.567390
13.455714
14.461514
15.402474
16.297023
17.046990
17.753090
18.053815
18.168132
17.933018
17.587919
16.655101
15.888597
14.650600
13.389205
12.137735
10.760499
9.354525
8.304343
6.953682
5.706149
4.377997
3.127544
1.941300
0.837703
-0.433349
-1.600014
-2.619934
-3.611504
-4.728443
-5.430855
-6.134792
-6.540430
-7.110718
-7.325873
-7.490792
-7.480622
-7.444129
-7.594555
-7.244233
-7.261152
-7.215377
-7.258095
-7.200874
-7.058720
-6.984332
-6.886927
-6.822326
-6.652707
-6.451924
-6.261448
-6.125004
-6.109620
-6.059774
-6.029004
-6.022387
-5.978516
-6.069056
-6.166713
-6.175614
-6.286622
-6.312683
-6.424202
-6.131617
-6.127296
-6.030912
-5.621975
-5.052052
-4.435602
-3.557716
-2.743279
-1.984400
-1.211677
-0.540802
0.011446
0.416184
0.798672
1.007720
1.244358
1.251480
1.381431
1.378376
1.488754
1.615522
1.624428
1.693215
1.659394
1.543805
1.264442
1.155728
0.569403
0.324756
-0.302504
-0.744251
-1.035313
-1.571655
-1.987587
-2.283860
-2.608739
-2.923836
-3.013230
-3.204344
-3.377404
-3.522237
-3.733828
-3.752645
-3.610107
-3.937146
-3.976060
-3.944900
-3.761675
-3.985853
-3.816983
-3.589506
-3.642147
-3.327556
-3.369517
-3.198626
-3.011062
-2.746583
-2.681355
-2.490105
-2.420045
-2.125170
-2.235027
-1.997246
-1.924264
-1.850513
-1.685208
-1.555764
-1.550294
-1.349764
-1.196037
-1.353966
-1.256183
-1.158140
-1.192987
-1.207482
-1.024752
-1.166531
-1.208371
-1.307677
-1.279067
-1.220070
-1.293948
-1.263046
-1.278810
-1.363372
-1.288219
-1.072824
-0.939053
-0.771586
-0.416059
-0.225199
0.031154
0.395079
1.055649
1.582714
2.074055
2.810799
3.525029
4.410555
5.117798
6.147386
7.034431
7.942329
8.844633
9.871676
10.990652
12.008283
13.069028
14.015581
15.044527
15.972771
16.951628
17.757794
18.360265
18.744026
19.016392
18.925990
18.411378
17.647937
16.656115
15.663271
14.263413
12.982433
11.607233
10.220721
8.924865
7.437512
6.269959
5.010225
3.786978
2.420047
1.283262
0.079474
-1.122540
-2.316158
-3.306703
-4.328919
-4.997003
-5.639012
-6.334684
-6.770833
-6.869892
-7.222747
-7.095084
-7.040156
-6.958264
-6.961182
-6.770200
-6.579976
-6.402208
-6.328075
-6.143825
-6.108349
-5.960463
-5.822877
-5.754601
-5.573397
-5.444078
-5.642449
-5.267974
-5.402372
-5.487063
-5.365369
-5.603028
-5.568439
-5.664319
-5.649565
-5.802535
-5.911633
-6.169767
-6.299841
-6.425733
-6.511428
-6.664277
-6.450903
-6.148905
-5.801648
-5.235798
-4.289502
-3.772484
-2.535246
-2.053067
-1.191071
-0.727207
0.022506
0.286991
0.687919
0.838980
1.097740
1.187130
1.258722
1.474888
1.580175
1.691690
1.565931
1.472724
1.351673
1.090241
0.791292
0.463996
0.060015
-0.309756
-0.771336
-1.175434
-1.729714
-2.085746
-2.249398
-2.502818
-2.721654
-3.109102
-3.192396
-3.321837
-3.549069
-3.900019
-3.746666
-4.075876
-4.140858
-4.309339
-4.187905
-4.187520
-4.257331
-4.179511
-3.933085
-4.017517
-3.623833
-3.633248
-3.370918
-3.212734
-2.992371
-2.809651
-2.686185
-2.501675
-2.393089
-2.153781
-2.074811
-2.054852
-1.721701
-1.640957
-1.477941
-1.237237
-1.258727
-1.271564
-1.173786
-1.153559
-1.110077
-1.077266
-1.185351
-1.074215
-1.159919
-1.188656
-1.191203
-1.334762
-1.327390
-1.208111
-1.161064
-1.164753
-1.162595
-1.203787
-1.027928
-0.770316
-0.468194
-0.288011
0.073116
0.544100
0.964990
1.549147
2.308652
2.787525
3.634772
4.400123
5.279036
6.023408
7.064563
7.907106
9.023671
10.069400
10.966748
12.228391
13.262302
14.377974
15.513611
16.455079
17.449565
18.114848
18.824254
19.236250
19.355897
19.215517
18.683370
17.981339
17.039614
15.908818
14.668406
13.265863
11.789066
10.423785
9.046048
7.806273
6.376780
5.283354
3.863653
2.647780
1.510617
0.218959
-0.837838
-2.115881
-3.207266
-4.079311
-4.899466
-5.535252
-6.048586
-6.292087
-6.453320
-6.573743
-6.572981
-6.421156
-6.348550
-6.081767
-6.055450
-5.770496
-5.574930
-5.483497
-5.130003
-5.088804
-4.905951
-4.824322
-4.618583
-4.660794
-4.596836
-4.388305
-4.435726
-4.462816
-4.684197
-4.796596
-4.900872
-5.186839
-5.538815
-5.880608
-6.235505
-6.474817
-6.754553
-6.959282
-7.197574
-7.165403
-7.306416
-7.128403
-7.192865
-6.839884
-6.456629
-5.869426
-5.235672
-4.324595
-3.606290
-2.940238
-2.137249
-1.632820
-1.273474
-0.568774
-0.420375
-0.016534
0.077569
0.327681
0.439450
0.583907
1.043570
1.074222
1.024119
1.095838
1.062777
0.889458
0.731278
0.451411
0.141910
-0.342810
-0.825372
-1.349765
-1.593397
-1.842114
-2.152889
-2.495830
-2.779898
-2.916715
-3.145347
-3.293233
-3.546397
-3.581877
-3.727091
-3.838983
-4.165018
-4.114278
-4.264446
-4.348244
-4.210665
-4.141361
-4.309335
-4.032260
-3.932575
-3.761799
-3.527704
-3.262587
-3.076808
-2.885562
-2.913287
-2.701059
-2.504097
-2.383679
-2.189384
-2.104061
-1.931253
-1.754254
-1.521048
-1.498919
-1.596575
-1.304750
-1.401268
-1.190952
-1.137291
-0.951763
-0.957611
-0.992458
-1.128769
-1.056415
-1.107148
-0.975671
-1.170734
-1.139196
-1.069763
-1.026666
-0.960035
-0.956976
-0.923282
-0.514985
-0.301487
-0.031156
0.400285
0.769424
1.367571
1.863358
2.473835
3.293487
4.003908
4.889170
5.873872
6.723534
7.760235
8.746590
9.886167
10.934577
12.095895
13.143029
14.416254
15.465674
16.612626
17.531329
18.552142
19.275034
19.866561
20.031485
19.893771
19.634119
18.725457
17.965699
16.885633
15.574135
14.113360
12.848662
11.321641
10.006965
8.593872
7.201005
5.974574
4.789101
3.433865
2.127709
1.057182
-0.413261
-1.470693
-2.632907
-3.571066
-4.470697
-5.190660
-5.624394
-6.045406
-6.094743
-6.259533
-6.337997
-6.239451
-6.017432
-5.852129
-5.842083
-5.418394
-5.214307
-5.076468
-4.936980
-4.720819
-4.565428
-4.317604
-4.189933
-4.106524
-3.978216
-3.842547
-4.039252
-4.050828
-4.175694
-4.284542
-4.641977
-4.810334
-5.186970
-5.475488
-5.927020
-6.289035
-6.384148
-6.452430
-6.847638
-6.883113
-7.357024
-7.425941
-7.553991
-7.641854
-7.670462
-7.383093
-6.865568
-6.351475
-5.420048
-4.460779
-3.641641
-2.713905
-2.080282
-1.391222
-1.224010
-0.594582
-0.581483
-0.145974
-0.028354
0.019708
0.297290
0.556184
0.879420
0.937655
0.918451
0.923541
0.829316
0.831228
0.259523
0.027595
-0.457257
-1.065957
-1.446533
-1.700720
-2.182767
-2.440644
-2.816266
-3.044511
-3.327300
-3.513716
-3.781509
-3.920878
-4.116826
-4.128778
-4.213078
-4.321545
-4.182688
-4.272712
-4.132844
-4.203798
-3.914388
-4.058079
-3.877636
-3.854754
-3.744758
-3.432212
-3.557075
-3.409835
-3.177899
-2.978900
-2.765272
-2.554962
-2.463909
-2.236559
-2.159114
-1.990257
-1.872761
-1.941426
-1.780826
-1.897556
-1.645660
-1.526389
-1.470183
-1.428734
-1.419453
-1.344427
-1.499562
-1.359818
-1.381942
-1.475778
-1.334126
-1.339210
-1.329040
-1.374686
-1.358027
-1.378503
-1.138686
-1.132834
-1.030094
-0.627901
-0.410457
0.022764
0.283810
0.854492
1.311878
2.193324
2.906167
3.501636
4.347995
5.275853
6.101994
7.255678
8.214187
9.250000
10.448960
11.710741
12.820053
14.104588
15.181477
16.471732
17.581179
18.711721
19.571302
20.351536
20.818587
21.077855
21.019622
20.654427
19.926965
19.022492
17.667387
16.449742
14.988960
13.437398
11.969123
10.481133
8.972167
7.604474
6.074399
4.730477
3.461842
1.975628
0.928374
-0.513969
-1.858526
-2.947749
-3.899386
-4.918159
-5.551279
-6.188456
-6.679915
-6.746931
-6.972246
-6.878031
-6.780120
-6.637320
-6.269325
-6.074267
-5.891673
-5.382789
-5.143992
-4.827369
-4.445392
-4.151153
-3.932190
-3.856533
-3.688425
-3.591916
-3.528469
-3.664521
-3.817491
-3.813297
-3.919220
-3.950247
-4.195281
-4.507449
-4.579545
-4.986442
-5.081429
-5.409748
-5.812327
-6.269457
-6.697206
-7.180028
-7.536828
-7.891975
-8.107758
-8.278398
-8.323163
-7.877732
-7.470830
-6.807964
-5.904140
-4.952753
-4.152296
-3.431575
-2.575433
-1.876961
-1.333745
-0.955197
-0.532151
-0.281401
0.143307
0.166067
0.467175
0.642780
0.683084
0.645701
0.559106
0.364043
0.168483
-0.099947
-0.226209
-0.581360
-0.764081
-0.969443
-1.428094
-1.782482
-2.207187
-2.451579
-2.796299
-3.161873
-3.366087
-3.673169
-3.804906
-4.095973
-4.189300
-4.423650
-4.563138
-4.857887
-4.690556
-4.775241
-4.804481
-4.701738
-4.549537
-4.554490
-4.241938
-4.145179
-4.012932
-3.885900
-3.733068
-3.671778
-3.643419
-3.511684
-3.391522
-3.227366
-3.035102
-2.965671
-2.799858
-2.585982
-2.433136
-2.371083
-2.326967
-2.032596
-1.790111
-1.765823
-1.671600
-1.470948
-1.558309
-1.450855
-1.306029
-1.252108
-1.271062
-1.095706
-1.189421
-1.166533
-1.076893
-1.197684
-1.214473
-1.372016
-1.302715
-1.350276
-1.271314
-1.267119
-0.965500
-0.768534
-0.434242
-0.094605
0.135420
0.643283
1.243719
1.687500
2.468365
3.017176
3.959906
4.677077
5.670166
6.753413
7.875573
8.928175
9.903975
11.183289
12.428026
13.496527
14.750797
15.806452
17.011009
17.949929
18.995919
19.618607
20.093662
20.419060
20.320125
19.992320
19.219206
18.495689
17.166141
15.924834
14.583712
13.099291
11.707179
10.304768
8.789068
7.341511
5.985010
4.569118
3.165434
1.792015
0.638451
-0.795365
-1.903665
-3.050234
-4.052737
-4.931254
-5.572131
-6.343719
-6.577048
-6.811777
-7.036586
-7.025526
-7.067490
-6.872685
-6.851957
-6.692887
-6.423188
-6.150050
-5.958299
-5.571107
-5.383296
-5.242033
-4.955040
-4.835002
-4.597475
-4.552073
-4.413864
-4.233548
-4.276278
-4.538468
-4.632823
-4.938510
-4.945884
-5.377069
-5.724340
-6.133398
-6.223679
-6.455996
-6.636430
-6.919738
-6.984452
-7.049182
-7.376229
-7.278569
-7.324600
-7.302094
-7.154976
-6.621420
-5.863187
-5.148957
-4.375709
-3.430303
-2.521769
-1.803586
-1.265462
-0.755052
-0.451024
-0.160349
0.135036
0.147632
0.360237
0.408553
0.553637
0.589624
0.729247
0.720721
0.649514
0.317132
0.183742
-0.103249
-0.507232
-0.975041
-1.298901
-1.794816
-2.319337
-2.541729
-2.961987
-3.103387
-3.342440
-3.662234
-3.695046
-3.821948
-4.000474
-4.020947
-4.230370
-4.166282
-4.377617
-4.357019
-4.282504
-4.207867
-4.317221
-4.294327
-4.051083
-3.982289
-3.905107
-3.552630
-3.344092
-3.218711
-3.048197
-2.848048
-2.730686
-2.592088
-2.302808
-2.226639
-2.351120
-2.156697
-1.918538
-1.744331
-1.710002
-1.685337
-1.835761
-1.530455
-1.599498
-1.518759
-1.422119
-1.404449
-1.329681
-1.394014
-1.290257
-1.272206
-1.429112
-1.478072
-1.487860
-1.670707
-1.744084
-1.676310
-1.641213
-1.645026
-1.713184
-1.703894
-1.689401
-1.630019
-1.464589
-1.395162
-1.283011
-0.788494
-0.726822
-0.242610
0.261176
0.755943
1.093551
1.771674
2.426784
3.063711
3.972629
4.900490
5.642317
6.564326
7.530718
8.377713
9.402464
10.458119
11.317447
12.345508
13.355506
14.461387
15.272017
16.215257
17.064154
17.735289
18.102135
18.111544
17.912677
17.483903
16.879276
15.944926
14.751563
13.685105
12.222547
10.923767
9.734468
8.349612
7.231136
5.973306
4.571025
3.385929
2.023064
0.803882
-0.356550
-1.593904
-2.557118
-3.722377
-4.539486
-5.347320
-5.847042
-6.440231
-6.792962
-7.076005
-7.239281
-7.324857
-7.364781
-7.295858
-7.325870
-7.334645
-7.435228
-7.302983
-7.148870
-7.233174
-7.283402
-7.191843
-7.246018
-7.100546
-6.908293
-6.846107
-7.049941
