-1.782518
-1.752914
-1.575992
-1.575209
-1.748844
-1.822505
-1.497069
-1.604807
-1.581521
-1.231222
-1.231752
-0.875270
-0.474338
-0.101948
0.258212
0.912767
1.499699
2.166089
2.865368
3.614230
4.429655
5.208242
6.294907
6.985103
7.893269
8.636741
9.430982
10.160377
11.125628
11.826353
12.905911
13.581902
14.466124
15.079496
15.422162
15.279176
15.095677
14.618576
13.592025
12.589683
11.729270
10.506863
9.555426
8.793538
7.805928
6.926573
6.296749
5.916860
5.492108
5.209169
5.347678
5.304666
5.366881
5.436995
5.709022
5.834647
6.099177
6.273074
6.295830
6.344104
6.334103
6.438550
6.121533
5.835957
5.374647
4.973704
4.355072
3.775765
3.123182
2.280530
1.408677
0.511697
-0.549848
-1.471681
-2.612278
-3.313660
-4.283508
-5.305190
-6.015248
-6.852516
-7.464702
-8.022703
-8.773544
-9.296156
-9.389282
-9.732214
-9.839548
-9.996609
-9.777203
-9.376257
-9.191316
-8.582414
-7.822624
-7.041146
-6.121534
-5.483431
-5.005808
-4.367439
-4.311790
-4.031613
-3.887830
-3.945317
-4.173274
-4.103296
-4.039370
-4.195511
-4.293374
-4.274166
-4.500287
-4.619467
-4.807313
-5.005278
-5.152342
-5.292698
-5.383722
-5.366232
-5.252836
-5.181679
-5.011592
-4.933060
-4.912281
-4.453722
-4.242736
-3.915858
-3.629880
-3.200793
-2.833796
-2.673706
-2.329338
-2.218313
-1.766338
-1.552972
-1.499175
-1.228595
-1.282392
-0.996690
-1.024971
-1.021023
-1.013391
-0.898559
-1.003267
-1.116263
-1.142829
-1.179924
-1.194397
-1.210833
-1.502333
-1.283974
-1.582832
-1.405916
-1.602961
-1.446030
-1.489176
-1.510225
-1.543371
-1.658869
-1.616773
-1.787908
-1.832236
-1.664790
-1.820659
-1.780413
-1.646767
-1.738053
-1.672419
-1.570204
-1.702935
-1.639268
-1.831187
-1.745683
-1.753318
-1.846835
-1.812903
-1.810793
-1.858287
-2.042048
-2.014027
-1.993771
-1.842237
-1.924715
-2.060334
-1.991401
-1.782249
-1.841708
-1.961544
-1.764889
-1.743977
-1.463005
-1.205050
-1.005110
-0.660867
0.000521
0.277555
0.936050
1.493128
2.296442
2.971123
3.673944
4.593687
5.468957
6.397509
7.239245
8.242248
9.079245
9.762331
10.824530
11.745060
12.562326
13.310922
14.173709
15.015569
15.582514
16.133147
16.197467
15.881375
15.289047
14.567800
13.535734
12.437627
11.347933
10.351512
9.224599
8.227774
7.351321
6.564174
6.108125
5.794659
5.492508
5.584588
5.454229
5.639439
5.718360
5.912386
6.290959
6.331080
6.404742
6.766086
6.716893
6.784243
6.633234
6.392380
6.101671
5.736123
5.340313
4.785999
3.925589
3.347859
2.421673
1.458661
0.537214
-0.441712
-1.454587
-2.558482
-3.522149
-4.451757
-5.425159
-6.442229
-7.228327
-8.144777
-8.692120
-9.342853
-9.793252
-10.364790
-10.892404
-11.007243
-11.123789
-11.195081
-11.134574
-10.884517
-10.497657
-10.031999
-9.085952
-8.333010
-7.577833
-6.632971
-6.025249
-5.551701
-5.210222
-5.103544
-4.924639
-4.840584
-4.657348
-4.414136
-4.368486
-4.447152
-4.543168
-4.521598
-4.596976
-4.736673
-4.709306
-4.871636
-4.959368
-4.850059
-4.892148
-5.082492
-4.991602
-4.883998
-4.712464
-4.498577
-4.463065
-4.124474
-3.788520
-3.588971
-3.205924
-2.868784
-2.723692
-2.402993
-2.038494
-1.945366
-1.604279
-1.339089
-1.287529
-1.144020
-1.017602
-0.951830
-0.851076
-0.807273
-0.798190
-0.791615
-0.900134
-0.842391
-0.997089
-1.085348
-0.953935
-1.159533
-1.301864
-1.215968
-1.220306
-1.325408
-1.568108
-1.506679
-1.582313
-1.472868
-1.716614
-1.667019
-1.609273
-1.553238
-1.686359
-1.817112
-1.803558
-1.689912
-1.751600
-1.679121
-1.785931
-1.633083
-1.509434
-1.458004
-1.568499
-1.668605
-1.581391
-1.602308
-1.685706
-1.665447
-1.757001
-1.811190
-1.810009
-1.921159
-1.952340
-1.977856
-1.837237
-1.874466
-1.818430
-1.940632
-1.789354
-1.869199
-1.693987
-1.565733
-1.614148
-1.400780
-0.890144
-0.593905
-0.079709
0.433954
1.020233
1.558107
2.237916
3.110955
4.119474
4.972258
5.968026
6.757012
7.725682
8.702643
9.883488
10.693912
11.571817
12.368173
13.273177
14.260131
15.076865
15.897287
16.717319
17.189552
17.357404
16.985793
16.272969
15.412824
14.462565
13.166752
12.044840
10.732853
9.726034
8.562682
7.588615
6.948536
6.346740
6.069712
5.894631
6.006704
5.856478
5.949877
5.992229
6.490116
6.628754
6.929334
7.140324
7.330136
7.243058
7.301859
7.220298
6.984843
6.734913
6.528788
5.964346
5.252444
4.677474
3.976888
2.993613
2.096772
1.018658
-0.208622
-1.253854
-2.215290
-3.437308
-4.436752
-5.733486
-6.595351
-7.619398
-8.442714
-9.219071
-10.023968
-10.640108
-11.247564
-11.577472
-12.077203
-12.143233
-12.089962
-12.055889
-11.945137
-11.554979
-11.130104
-10.429904
-9.703142
-8.759594
-7.692270
-6.729523
-6.040112
-5.601426
-5.100648
-4.655381
-4.423472
-4.583295
-4.506608
-4.570403
-4.237473
-4.121579
-4.261276
-4.257865
-4.426893
-4.609077
-4.682604
-4.899386
-5.027113
-5.018304
-5.180094
-5.089330
-5.033164
-4.913728
-4.947005
-4.865715
-4.608021
-4.314819
-4.211554
-4.032789
-3.518329
-3.161992
-2.949028
-2.702250
-2.478636
-2.168330
-1.879327
-1.795145
-1.507458
-1.375392
-1.244511
-1.092182
-1.043910
-1.040098
-0.933681
-0.932232
-0.957483
-0.949856
-0.978404
-1.069299
-1.104815
-1.260301
-1.195316
-1.185183
-1.302651
-1.492466
-1.664263
-1.672683
-1.747268
-1.785276
-1.874994
-1.846710
-1.799751
-1.872489
-1.836448
-1.927607
-1.914977
-1.900248
-1.772910
-1.967464
-1.943389
-1.872492
-1.904848
-1.892092
-1.942602
-1.867890
-1.741210
-1.767520
-1.844730
-1.880115
-1.838948
-1.879332
-2.084663
-2.040079
-2.024943
-2.099662
-2.101370
-2.039155
-2.135971
-2.115443
-2.063091
-1.946417
-1.899194
-1.824086
-1.549819
-1.463261
-1.081932
-0.633112
-0.288210
0.240849
0.924739
1.364079
2.381423
3.137653
3.981097
4.878207
5.898183
7.088238
8.019681
8.988351
10.094218
11.083797
12.144676
13.063892
14.145029
14.924014
15.919260
16.826108
17.461978
18.171506
18.279240
18.101791
17.455264
16.526719
15.246295
14.084910
12.866314
11.593916
10.358350
9.244332
8.273814
7.566519
6.813051
6.491956
6.282548
6.217565
6.214013
6.180331
6.346336
6.559306
6.830413
6.910523
7.302776
7.244238
7.390645
7.371709
7.305145
7.102306
6.921967
6.520893
6.137326
5.352678
4.606574
3.974391
3.036365
1.907089
0.835023
-0.349637
-1.727006
-2.696727
-3.837584
-4.980815
-6.359228
-7.290407
-8.224356
-9.106861
-9.938996
-10.558295
-11.230209
-11.811488
-12.447356
-12.643613
-12.811466
-12.832376
-12.729512
-12.705044
-12.275829
-11.663505
-11.014217
-10.292188
-9.575287
-8.583329
-7.810391
-6.811869
-6.237297
-5.692978
-5.519600
-5.301642
-4.977392
-4.803227
-4.691155
-4.540938
-4.445038
-4.458858
-4.579746
-4.923190
-4.871892
-4.804545
-5.055398
-5.315450
-5.267569
-5.305719
-5.521713
-5.413315
-5.566169
-5.430283
-5.307295
-4.983576
-4.772977
-4.519629
-4.061867
-3.888496
-3.702491
-3.217764
-2.827477
-2.690024
-2.429302
-2.035865
-1.792909
-1.529558
-1.417361
-1.085473
-1.151647
-0.982747
-1.126778
-1.068377
-1.153882
-1.138361
-1.256350
-1.259109
-1.355143
-1.384606
-1.478003
-1.536013
-1.634531
-1.760679
-1.679647
-1.814613
-1.745159
-1.914192
-1.939970
-1.956412
-2.121893
-2.140966
-1.933658
-1.983120
-1.992590
-2.027713
-2.060599
-2.163720
-2.171480
-2.040467
-1.910902
-2.107682
-2.126760
-1.988507
-2.007449
-2.192262
-2.086507
-2.055595
-2.039943
-2.093350
-2.119784
-2.221471
-2.085323
-2.166747
-2.275270
-2.062037
-2.076638
-2.260540
-2.157277
-1.903012
-2.002322
-1.774227
-1.730026
-1.682150
-1.309761
-1.078108
-0.794769
-0.056039
0.204939
0.968801
1.457344
2.319471
2.891538
3.916509
4.752852
5.667851
6.573775
7.605715
8.471517
9.241296
10.269431
10.928973
11.923031
12.969839
13.816702
14.714467
15.392830
16.102367
16.322429
16.192999
15.793378
15.112121
14.229477
13.131105
12.164942
10.832158
10.020423
8.854442
7.873532
7.069951
6.441580
5.817678
5.491718
5.364118
5.272969
5.318083
5.198516
5.371486
5.334003
5.667716
5.691923
5.776111
5.791367
6.132060
5.707706
5.571171
5.353463
5.175620
4.628676
4.096461
3.352327
2.572161
1.879856
1.294101
0.289649
-0.700197
-1.655973
-2.864710
-3.522940
-4.679977
-5.520527
-6.600211
-7.227401
-8.162927
-8.989931
-9.424803
-10.124862
-10.541320
-10.960014
-11.001848
-11.183907
-11.007897
-10.690627
-10.316912
-9.730241
-9.118183
-8.257104
-7.530736
-6.659279
-6.024066
-5.842800
-5.399898
-5.491851
-5.276256
-5.226401
-5.069342
-4.971604
-4.925434
-4.764026
-4.820332
-5.015936
-5.127084
-5.232318
-5.344257
-5.120906
-5.231662
-5.266124
-5.337416
-5.411344
-5.358594
-5.296509
-5.181546
-4.802970
-4.625386
-4.390583
-3.963599
-3.607518
-3.442037
-3.094372
-2.935212
-2.542032
-2.217129
-1.896036
-1.793042
-1.400655
-1.283713
-1.196897
-1.192028
-1.034179
-0.974331
-0.879876
-1.074303
-1.037992
-0.947493
-1.157169
-1.124279
-1.018656
-1.345008
-1.266873
-1.334357
-1.282396
-1.332903
-1.455633
-1.470627
-1.428015
-1.649004
-1.506934
-1.606647
-1.558241
-1.582443
-1.456822
-1.539297
-1.639531
-1.567052
-1.482860
-1.470495
-1.604937
-1.616383
-1.487727
-1.560213
-1.512992
-1.527721
-1.497202
-1.579812
-1.589805
-1.605459
-1.644793
-1.795936
-1.718461
-1.601384
-1.790541
-1.858938
-1.693202
-1.766992
-1.804874
-1.738709
-1.712930
-1.753446
-1.774887
-1.741864
-1.651503
-1.409461
-1.122702
-0.885537
-0.593910
-0.255586
0.328724
0.837134
1.515748
2.213843
2.775262
3.577261
4.560141
5.381484
6.199803
6.914599
7.827229
8.614114
9.409807
10.239040
11.121550
12.051808
12.836452
13.564934
14.387727
14.822467
15.132904
14.960326
14.703287
14.141606
13.218190
12.316079
11.354377
10.460817
9.286026
8.285389
7.279498
6.633237
5.924222
5.463433
5.046978
4.951476
4.600661
4.557114
4.717994
4.710094
4.733382
4.898592
5.053420
5.062496
5.150238
5.211662
5.010542
4.786657
4.425973
4.219052
3.767343
3.284186
2.582940
1.904061
0.942889
0.301230
-0.746492
-1.350927
-2.303027
-3.219468
-3.919666
-4.841249
-5.688634
-6.445652
-7.315272
-7.745016
-8.515452
-8.993210
-9.462953
-9.677886
-9.849020
-9.960046
-9.842713
-9.335744
-8.801556
-8.335640
-7.616371
-6.868690
-6.056554
-5.513030
-5.054080
-4.877816
-4.762981
-4.752057
-4.694579
-4.867944
-4.857430
-5.004621
-4.898864
-5.009358
-5.148000
-5.212057
-5.353729
-5.236261
-5.231659
-5.551436
-5.618783
-5.626939
-5.552359
-5.450012
-5.396746
-5.029486
-4.802042
-4.773895
-4.651041
-4.280618
-3.933477
-3.714721
-3.475322
-3.005193
-2.693307
-2.520858
-2.179642
-1.805140
-1.725958
-1.400521
-1.397888
-1.155198
-1.153749
-1.071933
-1.039706
-1.006949
-0.994323
-1.060356
-0.936311
-1.026413
-0.985108
-1.041810
-1.069955
-1.064565
-1.205576
-1.117581
-1.018389
-1.282927
-1.323958
-1.347113
-1.420647
-1.380131
-1.456949
-1.700569
-1.432877
-1.480106
-1.489048
-1.477210
-1.640189
-1.436037
-1.619670
-1.549159
-1.495756
-1.618226
-1.591912
-1.544817
-1.512203
-1.619536
-1.473134
-1.494967
-1.525614
-1.672938
-1.555077
-1.617560
-1.764493
-1.555214
-1.684916
-1.714374
-1.514699
-1.683729
-1.562319
-1.760282
-1.526276
-1.439197
-1.476681
-1.139671
-1.010892
-0.681775
-0.369364
0.131539
0.639293
1.250691
1.836574
2.465875
3.177514
3.897039
4.922272
5.654831
6.477622
7.331721
8.189625
8.980323
9.686566
10.700749
11.453301
12.398561
13.274622
13.910227
14.740255
15.204724
15.221163
15.277600
14.938754
14.094124
13.168330
12.258860
11.223362
10.094612
9.013871
8.134776
7.363810
6.483404
5.990522
5.586292
5.354522
5.150891
5.006990
5.305984
5.319395
5.370967
5.596295
5.630494
5.979867
6.143637
5.989604
6.245713
6.229532
5.895414
5.744542
5.330707
4.803494
4.377429
3.928611
3.001246
2.321440
1.442479
0.470655
-0.598903
-1.302780
-2.215286
-3.273013
-4.249706
-5.145898
-5.898969
-6.659673
-7.522719
-8.171481
-8.667909
-8.949149
-9.520304
-9.922293
-10.075406
-10.098950
-9.948594
-9.681835
-9.200786
-8.682781
-8.133596
-7.256605
-6.536290
-5.578535
-4.950299
-4.545669
-4.039895
-4.100140
-3.976100
-4.070285
-4.041215
-4.040025
-3.963602
-4.079225
-4.124347
-4.164991
-4.321265
-4.671294
-4.558301
-4.862420
-4.804280
-4.942800
-5.005011
-5.109193
-5.044082
-4.903599
-4.940160
-4.830324
-4.635118
-4.283249
-4.042391
-3.789704
-3.241574
-3.107267
-2.789591
-2.480469
-2.158202
-1.907743
-1.600201
-1.408279
-1.249382
-1.114023
-1.265427
-1.105473
-0.990510
-1.055885
-0.895926
-1.064306
-0.926048
-1.139282
-1.081138
-1.163219
-1.230834
-1.289367
-1.264769
-1.407621
-1.529430
-1.436955
-1.505495
-1.508381
-1.549294
-1.542455
-1.480631
-1.755546
-1.596777
-1.615200
-1.469051
-1.677284
-1.545348
-1.608615
-1.598096
-1.632295
-1.749235
-1.537583
-1.640447
-1.625591
-1.879460
-1.672543
-1.728720
-1.853552
-1.854730
-1.903013
-1.989299
-1.905115
-1.923531
-1.987980
-2.008502
-2.018767
-2.041520
-1.929049
-1.840916
-1.813558
-1.641768
-1.511938
-1.464322
-1.193472
-0.889745
-0.466048
0.094448
0.590231
1.204263
1.815924
2.430879
3.386661
4.108030
5.001072
5.924091
6.833309
7.651629
8.585440
9.561599
10.109206
11.209818
12.141262
12.868425
13.837881
14.500451
15.284569
15.742594
16.000418
15.863748
15.463070
14.792743
13.834720
12.768979
11.649690
10.714698
9.583307
8.615827
7.638863
6.846332
6.369882
5.929489
5.709157
5.636013
5.498561
5.545784
5.579453
5.608002
5.912654
6.176517
6.246371
6.234134
6.403431
6.345155
6.327532
6.316216
5.934752
5.395557
5.141293
4.423866
3.792600
3.053204
2.158591
1.378422
0.433428
-0.548529
-1.644656
-2.636351
-3.608439
-4.337046
-5.606552
-6.460786
-7.233720
-7.881557
-8.788144
-9.414546
-9.905584
-10.317181
-10.744295
-10.948054
-10.995531
-11.127606
-10.831110
-10.538689
-10.219307
-9.737348
-8.900737
-8.112944
-7.149663
-6.550759
-5.730990
-5.272303
-5.050006
-4.786655
-4.810725
-4.620785
-4.687737
-4.566978
-4.533566
-4.416897
-4.548958
-4.741933
-4.727066
-4.869136
-4.829675
-5.002782
-4.988311
-5.160888
-5.152733
-5.076834
-5.030009
-5.053030
-4.892419
-4.772313
-4.529358
-4.184851
-3.985047
-3.790492
-3.368247
-3.103713
-2.849442
-2.470081
-2.250936
-1.929318
-1.769489
-1.377892
-1.210045
-1.212548
-1.032604
-1.021810
-1.006944
-0.947228
-0.795826
-0.753471
-0.924872
-0.789777
-0.887114
-0.960519
-0.940390
-1.109817
-1.081136
-1.014968
-1.193740
-1.206893
-1.294499
-1.389729
-1.408021
-1.418017
-1.458921
-1.584807
-1.516411
-1.489444
-1.556137
-1.601382
-1.595468
-1.605594
-1.511799
-1.430248
-1.679256
-1.462217
-1.546133
-1.589803
-1.477074
-1.507195
-1.533111
-1.712269
-1.677286
-1.520617
-1.722270
-1.611508
-1.770939
-1.813693
-1.804221
-1.805796
-1.718587
-1.981277
-1.869597
-1.631240
-1.552322
-1.476291
-1.303576
-0.965251
-0.726897
-0.301233
0.128123
0.662570
1.409072
2.022581
2.722900
3.547006
4.297581
5.280597
6.313847
7.303967
8.132144
9.111600
10.097763
11.089456
11.720857
12.680840
13.647936
14.424290
15.389015
16.236795
16.637344
17.065902
16.829000
16.574989
15.584617
14.788004
13.693581
12.465904
11.328076
10.237862
9.041494
7.997310
7.207544
6.689005
6.203092
6.002881
5.869893
5.906729
5.999207
5.999205
6.220196
6.351863
6.554433
6.853169
7.167420
7.011019
7.108891
7.033643
7.075601
6.666121
6.204410
5.894368
5.265990
4.853480
4.059236
3.134367
2.209104
1.361062
0.254798
-0.722556
-1.850393
-2.999007
-3.949924
-4.911486
-6.118515
-6.955507
-7.975216
-8.749863
-9.534376
-10.274429
-10.780859
-11.157074
-11.512761
-11.894881
-11.854239
-11.938293
-11.949474
-11.566031
-11.303076
-10.631558
-10.027396
-9.000844
-8.231853
-7.410775
-6.527996
-5.800182
-5.249682
-4.936615
-4.858216
-4.774945
-4.479375
-4.526073
-4.492920
-4.269831
-4.076206
-4.377429
-4.330079
-4.627093
-4.612232
-4.774157
-4.825068
-4.934373
-4.922935
-4.981336
-4.932143
-4.954637
-5.027510
-4.879261
-4.569740
-4.375323
-4.189584
-3.869152
-3.560693
-3.329832
-2.963097
-2.803543
-2.312758
-2.238306
-1.987067
-1.696618
-1.596913
-1.406965
-1.301468
-1.118892
-1.123494
-1.035362
-0.965122
-0.899218
-1.064435
-0.867909
-1.166241
-1.038253
-1.039176
-1.152824
-1.203210
-1.219125
-1.383425
-1.479711
-1.474713
-1.442742
-1.570732
-1.821981
-1.732536
-1.853022
-1.884194
-1.929183
-1.908139
-1.930497
-1.997193
-1.895118
-1.833688
-2.006137
-1.750025
-1.826315
-1.924973
-1.885906
-1.913531
-1.887483
-1.764755
-1.858151
-1.796988
-1.996794
-1.896301
-1.995485
-2.067037
-1.816323
-1.991933
-2.018759
-1.903266
-1.893540
-1.957596
-1.836970
-1.837369
-1.708328
-1.634534
-1.249644
-1.129282
-0.861466
-0.370811
0.121674
0.591410
1.387497
2.107156
2.753551
3.645404
4.457011
5.437392
6.434341
7.554547
8.413777
9.451370
10.599601
11.506570
12.528520
13.473774
14.457046
15.355865
16.294543
17.306885
17.734133
18.119290
18.170979
17.576941
16.837414
15.748124
14.490856
13.401159
11.980383
10.923585
9.791933
8.730795
7.950356
7.290937
6.742939
6.359756
6.302013
6.233210
6.325691
6.327138
6.553258
6.675330
7.027463
7.178864
7.424063
7.363284
7.424583
7.498119
7.348951
7.061005
6.722941
6.314765
5.634302
5.043558
4.322179
3.415728
2.394316
1.319753
0.377915
-0.772281
-1.870911
-3.043338
-4.166833
-5.526442
-6.542600
-7.667539
-8.517958
-9.409672
-10.040943
-10.855704
-11.399897
-12.038261
-12.230972
-12.652033
-12.609156
-12.622175
-12.624934
-12.247019
-11.959603
-11.520519
-10.741532
-9.901372
-8.785507
-7.979029
-6.982213
-6.225979
-5.631675
-5.110506
-4.968576
-4.742590
-4.561985
-4.421236
-4.354283
-4.168408
-4.100929
-4.301003
-4.435836
-4.578817
-4.789946
-4.875580
-5.107222
-5.038424
-5.129716
-5.388328
-5.324662
-5.482506
-5.441472
-5.226666
-5.116960
-5.006729
-4.663136
-4.572371
-4.046343
-4.001219
-3.414810
-3.124633
-2.775389
-2.521780
-2.189114
-2.057172
-1.871309
-1.710304
-1.625984
-1.441032
-1.324357
-1.437219
-1.495229
-1.491545
-1.451296
-1.451953
-1.629665
-1.668204
-1.696487
-1.783173
-1.795280
-1.879852
-2.007845
-2.010474
-2.136894
-1.995347
-2.269216
-2.106631
-2.216079
-2.172797
-2.239628
-2.313021
-2.251063
-2.191088
-2.200952
-2.086773
-2.148864
-2.020867
-2.086242
-2.203184
-2.065852
-2.059014
-2.146226
-2.166225
-2.044411
-2.079932
-2.109134
-2.133210
-2.200025
-2.127810
-2.300135
-2.216339
-2.181348
-2.229362
-2.098740
-2.293420
-2.082562
-2.159778
-2.075587
-1.968387
-1.946681
-1.624534
-1.367375
-1.100739
-0.778852
-0.249402
0.259001
0.950387
1.522855
2.280140
3.114241
3.871654
4.772320
5.671406
6.681634
7.755936
8.709082
9.561863
10.518038
11.435545
12.392112
13.300273
14.172656
14.911787
15.804422
16.441603
16.796503
16.762698
16.310332
15.567521
14.673829
13.768300
12.444202
11.391478
10.556056
9.328647
8.529396
7.562830
6.841589
6.260711
6.124436
5.981316
5.514214
5.682581
5.621547
5.797286
5.797416
5.893974
6.095619
6.306483
6.511951
6.486958
6.476696
6.156659
5.836747
5.593925
5.002384
4.314684
3.779176
3.143443
2.217001
1.308044
0.148647
-0.624162
-1.889721
-2.734350
-3.875864
-4.943579
-5.861616
-6.742942
-7.615974
-8.324980
-9.078844
-9.983455
-10.435430
-10.974755
-11.323729
-11.753612
-11.850032
-11.803729
-11.540513
-11.302293
-10.689172
-9.896636
-9.080166
-8.324981
-7.472470
-6.897496
-6.142585
-5.685348
-5.667065
-5.424102
-5.451594
-5.230473
-5.057897
-5.050524
-4.800859
-4.718913
-5.069729
-5.166679
-5.209825
-5.306902
-5.223501
-5.246259
-5.326110
-5.303873
-5.312561
-5.415948
-5.211933
-5.184437
-4.842037
-4.636958
-4.512396
-4.241680
-4.003852
-3.877967
-3.495581
-3.131608
-2.849710
-2.448511
-2.161748
-1.814877
-1.657021
-1.384209
-1.364479
-1.280030
-1.097050
-1.018785
-1.069567
-0.937361
-0.910528
-1.137833
-1.041677
-1.089817
-1.054569
-1.200442
-1.284232
-1.196368
-1.265557
-1.418938
-1.507722
-1.517326
-1.509439
-1.468265
-1.501802
-1.500229
-1.458397
-1.599675
-1.506406
-1.612696
-1.643743
-1.514828
-1.549427
-1.543108
-1.685701
-1.597040
-1.679650
-1.764628
-1.719380
-1.661629
-1.682152
-1.529172
-1.700964
-1.649007
-1.640456
-1.648475
-1.905111
-1.800141
-1.763053
-1.857759
-1.852759
-1.838687
-1.864339
-1.947075
-1.920764
-1.900636
-1.775940
-1.963251
-1.910502
-1.773040
-1.569815
-1.647686
-1.231624
-1.072189
-0.788594
-0.426853
0.132991
0.433956
1.094297
1.838286
2.548613
3.211184
4.032657
4.953322
5.759531
6.679534
7.393014
8.342083
9.102789
9.833895
10.664706
11.630752
12.388292
13.283830
13.961268
14.422446
14.802208
14.943881
14.904945
14.209617
13.564140
12.651113
11.725851
10.616307
9.547396
8.554657
7.637026
6.921305
6.183759
5.747301
5.191805
4.809671
4.698126
4.444252
4.485299
4.630511
4.674322
4.760479
4.794681
4.975159
4.935170
4.865058
4.697339
4.749689
4.503188
3.920064
3.581606
3.111342
2.505202
1.745949
1.046019
0.353448
-0.611534
-1.459979
-2.197139
-3.092407
-3.821274
-4.745485
-5.582610
-6.393302
-7.192680
-7.594146
-8.415353
-8.839833
-9.166853
-9.548710
-9.577785
-9.740370
-9.495043
-8.977035
-8.463233
-7.900500
-7.048380
-6.540626
-5.913706
-5.331894
-5.147341
-4.892675
-4.713779
-4.689846
-4.926877
-4.971866
-4.929769
-5.002775
-5.103538
-5.247704
-5.238501
-5.443966
-5.608391
-5.553409
-5.579848
-5.681667
-5.645625
-5.717437
-5.716130
-5.514340
-5.527629
-5.303614
-4.961607
-4.833612
-4.552649
-4.304818
-3.918089
-3.620281
-3.227235
-2.961522
-2.590317
-2.417467
-1.982592
-1.869075
-1.726221
-1.491282
-1.356454
-1.236618
-1.113625
-1.115338
-1.016025
-1.063777
-1.025630
-1.025229
-0.995370
-1.109814
-0.956433
-0.995766
-1.182948
-1.125594
-1.025764
-1.027863
-1.289104
-1.226225
-1.328039
-1.345406
-1.392368
-1.208870
-1.275555
-1.398022
-1.378418
-1.439061
-1.284373
-1.362639
-1.317251
-1.307260
-1.292786
-1.215972
-1.167953
-1.230964
-1.233067
-1.438407
-1.217806
-1.437616
-1.495496
-1.318964
-1.411831
-1.422088
-1.405119
-1.583226
-1.523638
-1.590204
-1.647683
-1.570341
-1.522984
-1.633746
-1.511936
-1.625062
-1.549954
-1.607169
-1.435774
-1.380792
-1.231491
-0.825290
-0.434742
-0.213756
0.115362
0.524191
0.973012
1.676099
2.464952
2.977174
3.848242
4.706941
5.512106
6.359624
7.156767
8.022047
8.882063
9.593046
10.573811
11.257176
12.206898
13.195169
13.888388
14.549392
15.089236
15.479651
15.320611
14.941515
14.129900
13.361967
12.478398
11.520389
10.312702
9.388629
8.502693
7.443916
6.570088
5.912646
5.516314
5.246264
5.007773
5.103534
4.927404
5.085650
5.097489
5.371361
5.392927
5.513290
5.643648
5.986834
5.953033
5.801361
5.599975
5.487117
5.048157
4.733912
4.129079
3.517284
2.905482
2.082696
1.383283
0.247561
-0.584308
-1.451689
-2.469951
-3.220265
-4.378348
-5.145763
-6.032743
-6.937617
-7.760800
-8.187258
-8.708558
-9.270371
-9.700509
-10.153017
-10.021738
-10.188925
-10.164199
-9.928206
-9.635930
-9.138045
-8.408904
-7.724629
-6.850273
-6.216381
-5.612207
-5.228372
-4.851375
-4.878739
-4.650376
-4.621703
-4.564090
-4.600785
-4.543172
-4.670638
-4.622623
-4.730226
-4.625383
-5.119982
-4.908855
-5.005146
-4.924252
-5.202061
-5.272038
-5.159968
-5.076567
-5.015804
-4.783236
-4.722860
-4.431496
-4.205635
-3.879674
-3.606204
-3.063990
-2.873390
-2.583733
-2.159116
-2.034021
-1.607305
-1.471552
-1.162698
-0.879481
-0.789642
-0.619430
-0.628630
-0.415669
-0.556420
-0.444350
-0.543532
-0.537608
-0.426058
-0.505780
-0.524977
-0.455265
-0.599042
-0.671122
-0.788856
-0.959858
-0.842254
-0.949863
-0.978277
-0.991294
-1.125860
-1.102714
-1.363950
-1.097452
-1.189005
-1.172296
-1.200051
-1.167170
-1.391311
-1.359220
-1.239778
-1.328304
-1.311204
-1.544290
-1.570606
-1.585730
-1.394601
-1.660838
-1.587700
-1.605595
-1.618487
-1.704906
-1.747917
-1.713323
-1.679251
-1.821849
-1.852494
-1.826320
-1.790412
-1.876833
-1.916422
-1.656372
-1.671367
-1.594936
-1.465630
-1.050229
-0.802010
-0.588385
-0.026041
0.517092
0.999716
1.667551
2.273431
3.049127
3.753007
4.689190
5.543146
6.425919
7.431819
8.210804
9.191184
9.789173
10.625377
11.485663
12.545352
13.349206
14.257238
14.698295
15.284435
15.557779
15.510167
15.018205
14.445867
13.505478
12.619146
11.492633
10.390319
9.367977
8.320116
7.513371
6.683744
6.182701
5.727833
5.385166
5.288481
5.057635
5.286118
5.154838
5.050527
5.446731
5.479353
5.630494
5.780185
5.916863
5.824649
5.864248
5.890022
5.475273
5.242313
4.689048
4.135127
3.404813
2.753032
1.944439
1.180972
0.268739
-0.710452
-1.711088
-2.669502
-3.670401
-4.674975
-5.238894
-6.341866
-7.043642
-7.835916
-8.537027
-9.102132
-9.642637
-9.948736
-10.313493
-10.501599
-10.659713
-10.633927
-10.418328
-9.994766
-9.433613
-8.704880
-8.196200
-7.144005
-6.419604
-5.775320
-5.336633
-4.986073
-4.776399
-4.718254
-4.568686
-4.581848
-4.604466
-4.652879
-4.727597
-4.907016
-4.893337
-5.002122
-5.030531
-5.026056
-5.170626
-5.167205
-5.375436
-5.165232
-5.260862
-5.147476
-5.121168
-5.105385
-4.841117
-4.747063
-4.323766
-4.139470
-3.814308
-3.382191
-3.156076
-2.906403
-2.545984
-2.342220
-2.144781
-1.896037
-1.712140
-1.616382
-1.422229
-1.187553
-1.172164
-1.103108
-1.070218
-1.022473
-0.980111
-1.081136
-1.012869
-1.174929
-1.058114
-1.026808
-1.057326
-0.974588
-1.005369
-1.260294
-1.273583
-1.303306
-1.438932
-1.580990
-1.520482
-1.478396
-1.515490
-1.550743
-1.587700
-1.544956
-1.622821
-1.544559
-1.548764
-1.541004
-1.382763
-1.497200
-1.508252
-1.488783
-1.529697
-1.449452
-1.504573
-1.641763
-1.628346
-1.725167
-1.608222
-1.641242
-1.620983
-1.823821
-1.719769
-1.721221
-1.687281
-1.535740
-1.676892
-1.621774
-1.581123
-1.618747
-1.405252
-1.172429
-1.070878
-0.875147
-0.388312
-0.219671
0.423564
0.846731
1.535609
2.187535
2.901930
3.644483
4.460560
5.395695
6.177311
7.390380
8.318273
9.190660
10.111310
11.029470
11.962368
12.792781
13.738433
14.564513
15.345608
16.143661
16.844391
17.055640
16.898717
16.470024
15.810475
14.925068
13.630438
12.700315
11.480787
10.306921
9.203544
8.200418
7.389730
6.793447
6.388306
6.127059
5.883182
5.952774
6.086149
6.101016
6.226378
6.633362
6.858168
6.929333
7.294888
7.272785
7.466551
7.441159
7.275940
7.035883
6.601133
6.156268
5.748091
4.935959
4.403744
3.456121
2.558877
1.697930
0.700984
-0.432898
-1.498521
-2.796300
-3.671056
-4.762322
-5.818599
-6.729391
-7.618081
-8.479154
-9.258273
-10.017918
-10.546454
-10.975411
-11.373852
-11.802016
-12.079834
-11.994328
-12.056419
-11.663372
-11.338728
-10.958708
-10.101713
-9.488602
-8.562810
-7.550080
-6.745432
-6.151129
-5.426074
-5.059601
-4.858874
-4.678791
-4.656424
-4.420842
-4.463721
-4.329020
-4.293642
-4.376903
-4.315478
-4.543043
-4.578821
-4.645640
-4.591583
-4.847423
-4.830986
-4.856631
-4.858876
-4.913589
-4.710234
-4.628414
-4.451619
-4.249967
-4.078837
-3.704333
-3.545697
-3.448876
-3.083593
-2.781568
-2.470608
-2.100456
-1.857623
-1.801724
-1.549293
-1.305018
-1.364218
-0.979983
-1.255299
-1.221887
-1.161638
-1.082320
-1.123761
-1.172028
-1.280418
-1.299631
-1.274638
-1.128491
-1.303705
-1.399998
-1.389738
-1.472870
-1.604670
-1.592568
-1.732140
-1.823685
-1.837239
-1.815537
-1.752129
-1.924446
-1.956544
-1.840135
-1.862757
-1.833952
-1.781204
-1.788965
-1.776463
-1.863676
-1.757523
-1.728450
-1.828287
-1.821714
-1.825928
-1.793034
-1.906825
-2.011792
-1.890772
-1.965355
-1.987585
-1.963519
-1.888274
-2.122415
-2.060462
-2.068880
-2.004297
-1.932737
-1.882227
-1.903537
-1.974308
-1.868277
-1.516410
-1.436296
-0.880673
-0.535635
-0.093918
0.484862
1.058378
1.878012
2.631087
3.447566
4.389273
5.298353
6.178894
7.400123
8.352745
9.278003
10.350720
11.341488
12.359617
13.267911
14.351021
15.321662
16.266792
17.108132
17.775696
18.116524
18.255568
17.610088
17.037890
15.938328
14.559647
13.513760
12.310819
11.133256
9.797191
8.675544
7.923394
7.239107
6.627969
6.350812
6.314118
6.348711
6.340817
6.441313
6.501033
6.688876
6.916707
7.361311
7.275677
7.351580
7.622420
7.567175
7.386833
7.100864
6.893814
6.410268
5.977496
5.091173
4.498182
3.656458
2.513097
1.630194
0.567996
-0.423039
-1.710557
-2.867597
-3.791023
-5.237057
-6.226641
-7.170054
-8.287631
-9.320754
-10.021338
-10.674440
-11.396997
-11.890142
-12.167441
-12.544696
-12.705572
-12.889336
-12.668744
-12.632302
-12.244912
-11.681790
-10.847420
-10.163665
-9.379422
-7.968245
-7.125199
-6.304120
-5.755324
-5.166417
-4.832960
-4.403475
-4.333234
-4.182221
-3.816277
-3.747086
-3.964520
-3.767075
-4.005558
-4.149076
-4.275745
-4.502661
-4.661561
-4.841246
-4.785606
-5.083810
-5.211407
-5.128800
-5.157860
-5.070650
-4.940959
-4.820326
-4.632096
-4.249181
-4.100804
-3.809173
-3.489790
-3.217236
-2.860763
-2.552687
-2.221863
-2.065199
-1.843029
-1.729763
-1.442485
-1.421438
-1.092586
-1.102707
-1.078371
-1.073510
-0.963013
-1.190317
-1.356716
-1.476944
-1.360794
-1.535607
-1.586654
-1.739234
-1.644531
-1.778830
-1.955624
-2.014689
-2.049281
-2.127683
-2.048229
-2.209372
-2.146098
-2.266323
-2.194902
-2.253698
-2.373660
-2.140436
-2.247642
-2.256331
-2.263558
-2.228182
-2.196343
-2.217526
-2.244753
-2.247118
-2.425093
-2.340517
-2.290528
-2.634249
-2.608591
-2.549134
-2.517703
-2.684365
-2.636086
-2.504677
-2.737637
-2.521519
-2.419043
-2.646484
-2.444567
-2.201870
-2.124261
-2.100454
-1.828951
-1.503122
-1.093238
-0.638894
-0.072216
0.365288
1.028651
1.631248
2.636217
3.357854
4.202085
5.136689
6.033804
7.039958
8.226726
9.160269
10.052387
10.991853
11.931191
12.830406
13.741195
14.591086
15.402299
16.287439
16.950806
17.250321
16.996580
16.813479
15.853353
14.891389
13.678457
12.684922
11.546699
10.551845
9.324698
8.452845
7.607827
6.951557
6.436181
6.258869
5.971313
5.989864
6.004201
6.133379
6.245056
6.255839
6.439736
6.536020
6.603896
6.754253
6.825676
6.542736
6.435265
6.285176
5.902911
5.515794
4.846767
4.096330
3.233807
2.502441
1.493256
0.598116
-0.548917
-1.621118
-2.654761
-3.830877
-4.776662
-5.876999
-6.932620
-7.803954
-8.670541
-9.458479
-10.053172
-10.680888
-11.274931
-11.648371
-11.916718
-12.085489
-12.107459
-12.137450
-11.920403
-11.214683
-10.726010
-10.130782
-9.167372
-8.331697
-7.360785
-6.698475
-6.352782
-6.085627
-5.657589
-5.378990
-5.349126
-5.186542
-4.979100
-5.053159
-4.948449
-4.936741
-4.803628
-5.001328
-5.222980
-5.094072
-5.128138
-5.118008
-5.388191
-5.295330
-5.134717
-5.295851
-5.136949
-5.204302
-4.802836
-4.601178
-4.369016
-4.108293
-3.880996
-3.611735
-3.221715
-2.978619
-2.570057
-2.283820
-2.033239
-1.923131
-1.681622
-1.448134
-1.348561
-1.039705
-1.059562
-1.019179
-0.927363
-0.987612
-1.188348
-1.061671
-1.211628
-1.185451
-1.181243
-1.439589
-1.421962
-1.501279
-1.514961
-1.590993
-1.592700
-1.742927
-1.747654
-1.776600
-1.740954
-1.686492
-1.666759
-1.662418
-1.763177
-1.753837
-1.699774
-1.570205
-1.550999
-1.668465
-1.693728
-1.723712
-1.770018
-1.735688
-1.741208
-1.738182
-1.804090
-1.682672
-1.937077
-1.997584
-1.789620
-1.864730
-1.888534
-1.778571
-2.034418
-1.961021
-2.036784
-1.905773
-1.821975
-1.781067
-1.822506
-1.791455
-1.816193
-1.748838
-1.751074
-1.458663
-1.508124
-1.305941
-1.078772
-0.759653
-0.372922
0.222699
0.596012
1.222544
1.835396
2.632401
3.513075
4.128816
4.905037
5.823596
6.629413
7.320662
8.155033
8.940335
9.786408
10.459372
11.403444
12.407898
13.196742
13.839988
14.402324
14.595556
14.894156
14.601350
14.199752
13.315138
12.630597
11.604971
10.392286
9.677751
8.548739
7.794349
6.990104
6.113907
5.602217
5.261784
4.979762
4.689049
4.587898
4.722727
4.554096
4.635908
4.662347
4.637093
4.673271
4.642877
4.761398
4.696285
4.429917
4.086986
3.606728
3.148175
2.448901
1.847500
1.295550
0.621931
-0.207706
-0.848173
-1.706226
-2.639245
-3.264588
-4.274431
-5.191016
-5.891206
-6.354368
-7.228983
-7.790797
-8.396548
-8.941779
-9.156854
-9.403750
-9.474522
-9.305228
-9.191839
-8.613450
-8.243036
-7.388801
-6.733863
-5.978949
-5.365303
-5.019881
-4.727198
-4.432416
-4.614205
-4.685233
-4.603949
-4.786527
-4.765741
-5.040138
-5.273890
-5.351231
-5.439360
-5.428578
-5.591162
-5.697058
-5.737047
-5.839518
-5.830829
-5.919888
-5.655093
-5.713761
-5.571960
-5.322687
-5.103672
-4.915826
-4.571059
-4.370460
-3.944524
-3.516227
-3.293531
-2.950344
-2.538879
-2.255405
-2.165955
-1.693467
-1.621773
-1.380793
-1.104153
-1.030492
-0.925922
-1.030363
-1.013523
-0.985637
-0.953147
-1.005898
-0.976297
-1.083900
-1.014974
-0.971561
-1.194398
-1.195974
-1.204123
-1.232931
-1.225835
-1.308306
-1.317911
-1.390126
-1.434988
-1.314625
-1.442876
-1.481023
-1.406313
-1.336720
-1.493518
-1.470766
-1.381318
-1.307257
-1.361323
-1.292261
-1.169662
-1.369350
-1.274772
-1.331063
-1.138751
-1.237149
-1.286478
-1.383154
-1.394342
-1.422228
-1.368819
-1.347377
-1.544818
-1.394992
-1.498251
-1.688336
-1.460763
-1.530615
-1.484044
-1.307780
-1.321592
-1.297389
-1.122179
-0.724003
-0.553923
-0.206652
0.126548
0.626798
1.332913
1.990744
2.636083
3.364823
4.121849
5.093018
5.905681
6.712417
7.621367
8.282891
9.297470
10.052784
10.879122
11.674816
12.537592
13.197402
13.965342
14.762350
15.322847
15.496611
15.415454
14.886921
14.148053
13.373018
12.322651
11.238621
10.358216
9.098711
8.218175
7.305806
6.543652
6.010911
5.442784
5.095115
4.991334
4.910570
4.864790
4.967527
4.974369
5.025667
5.385040
5.323474
5.449882
5.477512
5.424767
5.505399
5.198507
4.963710
4.553959
4.224058
3.508073
3.027423
2.137282
1.352644
0.519062
-0.243743
-1.348034
-2.223568
-3.098189
-4.014241
-4.879263
-5.790844
-6.613766
-7.318564
-8.019550
-8.771699
-9.376918
-9.620404
-10.134199
-10.321648
-10.428720
-10.402677
-10.423861
-9.833497
-9.304707
-8.822609
-8.004817
-7.366050
-6.556019
-5.932252
-5.326372
-4.949769
-4.905962
-4.807046
-4.809414
-4.740219
-4.755348
-4.728123
-4.736144
-4.810336
-4.848746
-4.955948
-5.038297
-5.161023
-5.193773
-5.086310
-5.177203
-5.252709
-5.270465
-5.293747
-5.151158
-5.014089
-4.872418
-4.684841
-4.473848
-4.158946
-3.900329
-3.508204
-3.107928
-2.895617
-2.579921
-2.340512
-2.146888
-1.752791
-1.619010
-1.373157
-1.146512
-1.159671
-0.890272
-0.861336
-0.744391
-0.704009
-0.838045
-0.913945
-0.890801
-0.861332
-0.828707
-0.899739
-0.986688
-1.032998
-1.062060
-1.081270
-0.971301
-1.074826
-1.206098
-1.279243
-1.139670
-1.291868
-1.254905
-1.218726
-1.273586
-1.331988
-1.227670
-1.242148
-1.319357
-1.340008
-1.267925
-1.231357
-1.337638
-1.235830
-1.251487
-1.326070
-1.318574
-1.286604
-1.374083
-1.351853
-1.210179
-1.381316
-1.394341
-1.393023
-1.300813
-1.310151
-1.281339
-1.326991
-1.365524
-1.151646
-1.200186
-1.160715
-0.908684
-0.892506
-0.569573
-0.144303
0.039594
0.509193
0.939467
1.580605
2.041912
2.613593
3.471371
4.106190
5.042767
5.893180
6.655199
7.415379
8.235804
9.007685
9.859280
10.628665
11.525381
12.345417
13.224630
13.986261
14.752752
15.278523
15.380991
15.300617
15.191839
14.308536
13.616366
12.551537
11.600498
10.619722
9.529245
8.671992
7.657937
7.026280
6.430524
6.006834
5.681268
5.472248
5.307031
5.274545
5.396872
5.280853
5.449362
5.618788
5.573143
5.890422
5.818466
5.909753
5.600892
5.384117
5.070787
4.712203
4.184984
3.752477
2.937189
2.264088
1.475362
0.655072
-0.304519
-1.148093
-2.058756
-3.052021
-3.792860
-4.896629
-5.694290
-6.590350
-7.374336
-8.265398
-8.789718
-9.251955
-9.729710
-10.203391
-10.382158
-10.587892
-10.597490
-10.621300
-10.149853
-9.794300
-9.235642
-8.530057
-7.860247
-6.948667
-6.158896
-5.519340
-4.922666
-4.821781
-4.796919
-4.656959
-4.462010
-4.502530
-4.466356
-4.553040
-4.575665
-4.805074
-4.805067
-4.834805
-4.971208
-5.067366
-5.162993
-5.172596
-5.184961
-5.175232
-5.353203
-5.214428
-5.035793
-4.994889
-4.707079
-4.460699
-4.196171
-4.063307
-3.783652
-3.484265
-3.251439
-2.880622
-2.678577
-2.224494
-2.094006
-1.903793
-1.713322
-1.409996
-1.428669
-1.281476
-1.274243
-1.150461
-1.041939
-0.988795
-0.961694
-0.871458
-0.993400
-1.087453
-1.061409
-1.154008
-1.090744
-1.040884
-1.235168
-1.354478
-1.389340
-1.395520
-1.433803
-1.415387
-1.433274
-1.486154
-1.479836
-1.580732
-1.786591
-1.628881
-1.557444
-1.433665
-1.745161
-1.743183
-1.548507
-1.738980
-1.649267
-1.629267
-1.627562
-1.696491
-1.800797
-1.679647
-1.757126
-1.542326
-1.647290
-1.776468
-1.654003
-1.836972
-1.780810
-1.665708
-1.739762
-1.650708
-1.560077
-1.626510
-1.560867
-1.433271
-1.308443
-0.982083
-0.776092
-0.414619
-0.061565
0.654683
1.073513
1.894461
2.457584
3.316421
3.981231
4.843741
5.746120
6.713209
7.628997
8.616609
9.516482
10.389915
11.319652
12.187565
13.114796
13.880628
14.820759
15.546465
16.362030
16.695224
16.866093
16.628262
15.942538
14.995044
14.074390
12.896838
11.659822
10.584336
9.457946
8.545321
7.621371
6.893819
6.546677
6.209533
6.179807
6.108253
5.998807
6.096547
6.552463
6.459994
6.889874
7.141376
7.221744
7.418664
7.420642
7.324748
7.313692
7.128090
6.849228
6.419343
5.994472
5.328867
4.726148
3.950055
2.800380
1.889852
0.979197
-0.028013
-1.049963
-2.253831
-3.301813
-4.305872
-5.312951
-6.405930
-7.247790
-8.051512
-8.834185
-9.403749
-10.161962
-10.646030
-11.074331
-11.367275
-11.556561
-11.740718
-11.640743
-11.513942
-11.101296
-10.580658
-9.895845
-9.290502
-8.358922
-7.599794
-6.756353
-6.036696
-5.345703
-5.090123
-4.823352
-4.647615
-4.669717
-4.456357
-4.449382
-4.553306
-4.422020
-4.451887
-4.264439
-4.601314
-4.587637
-4.779424
-4.766791
-5.000671
-4.961339
-4.940560
-5.040926
-4.915834
-4.866506
-4.799682
-4.719831
-4.506475
-4.202876
-3.825620
-3.672367
-3.401132
-3.031368
-2.847998
-2.463379
-2.198053
-1.906818
-1.764363
-1.512332
-1.361717
-1.296601
-1.335406
-1.021414
-1.206890
-0.988531
-0.981956
-1.125857
-1.168749
-1.161638
-1.160461
-1.083374
-1.335799
-1.276607
-1.357503
-1.413145
-1.529170
-1.597568
-1.778705
-1.687939
-1.572311
-1.882616
-1.938788
-1.938787
-1.740032
-1.883277
-1.821457
-1.887622
-1.812774
-1.638742
-1.789222
-1.807244
-1.753318
-1.741341
-1.714899
-1.809090
-1.716350
-1.808557
-1.783702
-1.917606
-1.964042
-2.008242
-1.802771
-1.871961
-1.980490
-2.070065
-1.995873
-2.003766
-1.974298
-1.890646
-1.908661
-1.749899
-1.631375
-1.611247
-1.380266
-0.938419
-0.713219
-0.294131
0.411855
1.109027
1.670573
2.452722
3.158830
4.171304
4.931484
6.074447
7.045743
7.863668
9.140278
9.805877
10.928710
11.930797
13.026933
13.852086
14.814174
15.778770
16.637345
17.385946
17.838575
17.829760
17.500253
16.752181
15.912415
14.629236
13.443384
12.406057
11.091032
9.997793
8.816426
7.792900
6.987211
6.771483
6.433160
6.072605
6.191513
6.234531
6.165468
6.457494
6.547199
6.797925
7.083104
7.290942
7.418267
7.561127
7.492854
7.273052
7.078632
6.899082
6.328191
5.783210
5.137607
4.608023
3.634357
2.681730
1.704908
0.773992
-0.356342
-1.528117
-2.743031
-3.813119
-4.881762
-6.136796
-7.054300
-7.766201
-8.948364
-9.829550
-10.494493
-11.163514
-11.649035
-12.046942
-12.301342
-12.400794
-12.395270
-12.508660
-12.445644
-11.995512
-11.391741
-10.804274
-9.969381
-9.109627
-8.047043
-7.203329
-6.250313
-5.815830
-5.237183
-5.045928
-4.797175
-4.682210
-4.423202
-4.196166
-4.264171
-4.115399
-4.031478
-4.192224
-4.338753
-4.505818
-4.466879
-4.652879
-4.712468
-4.851114
-4.936878
-5.069211
-4.941871
-4.878344
-4.956081
-4.848350
-4.677348
-4.458726
-4.302323
-4.018717
-3.760105
-3.339575
-2.975862
-2.871676
-2.574261
-2.202004
-1.932212
-1.723981
-1.332510
-1.242278
-1.288577
-1.184527
-1.092711
-0.971169
-1.018920
-0.988402
-1.086001
-0.976167
-1.119940
-1.214522
-1.173869
-1.227018
-1.438402
-1.446953
-1.598228
-1.586252
-1.778434
-1.798823
-1.829347
-2.007842
-2.013759
-1.963514
-2.143729
-2.029945
-2.127681
-1.976542
-2.017707
-2.107556
-2.087822
-2.013503
-2.041260
-2.089801
-2.098744
-1.929713
-2.106502
-1.982856
-1.988636
-2.069674
-2.164778
-2.235412
-2.197000
-2.152410
-2.261196
-2.214887
-2.281192
-2.281979
-2.128861
-2.158992
-1.987856
-1.974044
-1.946024
-1.807774
-1.357641
-1.225697
-0.717818
-0.186659
0.204416
1.025894
1.649659
2.510599
3.431385
4.076855
5.171674
6.243737
7.295943
8.217779
9.300497
10.379130
11.489866
12.288057
13.062974
14.245924
14.969929
15.940173
16.747312
17.197844
17.574311
17.458427
16.795586
15.707608
14.626732
13.437340
12.367379
11.292954
10.116574
9.077796
8.115441
7.410507
6.605477
6.200726
6.013276
5.893180
5.730199
5.827672
5.836090
6.114165
6.196512
6.306613
6.639023
6.809762
6.842511
6.818573
6.813045
6.667301
6.317667
6.125480
5.649438
5.026322
4.459248
3.587388
2.607676
1.662027
0.643897
-0.580755
-1.572318
-2.652139
-4.064758
-5.076043
-5.913435
-7.163867
-8.064135
-8.962560
-9.752342
-10.639978
-11.148389
-11.577869
-12.068389
-12.244258
-12.574422
-12.618096
-12.632036
-12.295689
-11.846868
-11.271769
-10.593541
-9.770097
-8.909816
-8.045197
-7.353156
-6.590614
-6.039196
-5.574457
-5.278879
-4.995936
-4.844009
-4.815731
-4.719699
-4.636438
-4.503320
-4.486748
-4.666825
-4.711809
-4.949501
-4.934508
-4.976204
-5.127089
-5.187992
-5.022248
-5.180361
-5.104989
-4.977129
-4.923854
-4.867156
-4.617759
-4.414260
-4.244050
-3.834958
-3.568581
-3.271173
-3.160676
-2.755918
-2.403392
-2.277107
-1.836970
-1.416434
-1.558497
-1.344216
-1.334878
-1.129542
-0.999981
-1.069959
-1.207418
-1.087977
-1.050750
-1.153353
-1.262533
-1.350401
-1.466952
-1.420905
-1.512203
-1.526664
-1.725692
-1.692677
-1.864594
-1.795144
-2.044156
-1.861049
-1.743446
-1.720298
-1.867230
-1.802511
-1.924970
-1.808819
-1.907219
-1.801197
-1.977587
-1.828948
-1.887746
-1.878410
-1.918795
-2.025604
-2.118473
-2.074800
-2.268432
-2.179904
-2.042962
-2.042439
-2.137022
-2.056127
-2.047701
-2.031524
-1.922871
-2.015741
-1.880648
-2.023504
-1.888276
-1.834077
-1.742267
-1.567184
-1.387106
-1.187816
-0.712166
-0.361875
0.205993
0.532221
1.074433
1.867889
2.558736
3.178435
4.192615
5.136949
5.925538
6.808838
7.589272
8.359055
9.245245
10.053965
10.824929
11.965260
12.557590
13.568224
14.107801
14.827461
15.180122
15.254449
14.864824
14.558858
13.776842
12.934326
11.972627
10.891619
10.028575
8.899424
7.974299
7.158218
6.381730
5.612602
5.239812
5.190488
4.983971
4.830850
4.821253
4.990284
4.754689
4.902807
5.007120
4.959498
5.179045
5.216668
5.096569
4.806651
4.573299
4.219581
3.612656
2.982698
2.387999
1.754764
0.995899
0.233091
-0.578258
-1.501413
-2.273823
-3.173830
-4.156576
-4.952005
-5.720864
-6.626919
-7.444317
-8.019941
-8.597674
-9.160667
-9.334170
-9.743393
-9.855997
-9.840869
-9.713401
-9.416252
-8.965720
-8.378394
-7.703185
-6.961691
-6.288327
-5.610365
-5.352151
-5.191277
-5.054476
-4.995276
-4.939764
-5.049214
-5.227713
-5.123270
-5.300196
-5.180888
-5.472118
-5.507243
-5.564595
-5.511970
-5.740589
-5.787156
-5.824514
-5.792946
-5.717577
-5.630101
-5.398060
-5.269937
-5.048164
-4.743646
-4.648804
-4.414522
-3.982676
-3.736694
-3.362455
-3.136471
-2.695284
-2.365644
-2.039290
-1.894331
-1.600597
-1.390526
-1.223595
-1.055222
-1.002736
-1.012469
-0.885534
-0.965385
-0.994188
-1.036546
-1.084561
-1.209518
-1.218335
-1.155982
-1.277524
-1.155193
-1.223729
-1.234651
-1.326330
-1.265160
-1.428534
-1.473395
-1.429454
-1.427220
-1.517992
-1.551661
-1.427356
-1.453927
-1.407233
-1.443407
-1.526930
-1.533777
-1.347638
-1.383817
-1.282398
-1.255821
-1.395127
-1.389471
-1.516147
-1.464716
-1.448136
-1.549953
-1.605858
-1.421038
-1.641500
-1.533243
-1.542721
-1.543633
-1.510230
-1.463789
-1.530083
-1.702535
-1.413940
-1.539690
-1.410390
-1.287788
-1.019836
-0.732949
-0.612714
0.111021
0.508673
0.911584
1.538376
2.212791
2.950211
3.729850
4.554488
5.234158
6.202962
6.936171
7.889186
8.682778
9.548192
10.410832
11.178770
11.924742
12.926037
13.609789
14.403898
15.120011
15.324821
15.354942
15.198148
14.424819
13.680160
12.792912
11.786627
10.859651
9.638948
8.756574
7.766062
6.939856
6.295306
5.810577
5.340447
5.166548
5.053290
4.927273
4.820853
4.941740
4.915306
4.990680
5.150896
5.289407
5.408056
5.217450
5.281511
5.121690
4.892808
4.512387
4.035953
3.736426
3.002432
2.159780
1.469185
0.557474
-0.182978
-0.953413
-1.921683
-2.934426
-3.741691
-4.722598
-5.544725
-6.334893
-7.077053
-7.737781
-8.578465
-9.022418
-9.421648
-9.878755
-10.064091
-10.153141
-10.066853
-9.980566
-9.483074
-8.836419
-8.299596
-7.695562
-6.796079
-6.294117
-5.522764
-5.158126
-4.880839
-4.853476
-5.008696
-4.999354
-4.870580
-5.027901
-4.938318
-4.991729
-5.101170
-5.208375
-5.280730
-5.364652
-5.394769
-5.380038
-5.457389
-5.599581
-5.624707
-5.470012
-5.506316
-5.370434
-5.319663
-5.004225
-4.766789
-4.587762
-4.210378
-3.908617
-3.554505
-3.234866
-2.970469
-2.836952
-2.369719
-1.947605
-1.911162
-1.839477
-1.372631
-1.380127
-1.078643
-1.178743
-1.134934
-1.039835
-1.082587
-1.047592
-1.100868
-1.155986
-1.035887
-1.168879
-1.117444
-1.178872
-1.136520
-1.154014
-1.268720
-1.173616
-1.508777
-1.472471
-1.593490
-1.597301
-1.598623
-1.580729
-1.571132
-1.636768
-1.522324
-1.504303
-1.383944
-1.427353
-1.438663
-1.558893
-1.427622
-1.448267
-1.470769
-1.357899
-1.214782
-1.445642
-1.301993
-1.489446
-1.468003
-1.485501
-1.590865
-1.612035
-1.600991
-1.518903
-1.573366
-1.747127
-1.589943
-1.671367
-1.728979
-1.580862
-1.453002
-1.445112
-1.132571
-0.957360
-0.508541
-0.020526
0.109972
0.750974
1.075350
1.880647
2.663970
3.272224
4.111325
4.889919
5.845955
6.555232
7.324480
8.206336
8.942177
9.916238
10.624593
11.565501
12.527203
13.304616
14.190148
14.683300
15.274574
15.372306
15.114621
14.674880
14.122269
13.234764
12.364876
11.284931
10.247982
9.245118
8.317752
7.644389
6.931962
6.574829
6.058787
6.089571
5.990389
5.840306
5.797029
5.909096
5.873845
6.022490
6.170868
6.392906
6.551811
6.775826
6.708476
6.713873
6.541678
6.208224
5.836884
5.450673
4.835849
4.200372
3.379294
2.635558
1.748185
0.825287
-0.049329
-1.162040
-2.165303
-3.040846
-4.028580
-4.865057
-5.666803
-6.584823
-7.385781
-7.843281
-8.643578
-9.365870
-9.657889
-9.974518
-10.214574
-10.239831
-10.225229
-9.868232
-9.522667
-9.109627
-8.279604
-7.507189
-6.881450
-6.136669
-5.631016
-5.347028
-5.157208
-4.996460
-5.040271
-4.882154
-4.922404
-5.022646
-5.073546
-5.108533
-5.115511
-5.207588
-5.407396
-5.285328
-5.458442
-5.554327
-5.591159
-5.584722
-5.657070
-5.558148
-5.577877
-5.154049
-5.160756
-4.941347
-4.717202
-4.479768
-4.158809
-3.850349
-3.550168
-3.228681
-2.956650
-2.561633
-2.298417
-2.071251
-1.970226
-1.444586
-1.577045
-1.264115
-1.156114
-1.180317
-1.193743
-1.171245
-1.071926
-1.233460
-1.142438
-1.301730
-1.109944
-1.276744
-1.285945
-1.245302
-1.299893
-1.275290
-1.468006
-1.375658
-1.659528
-1.543904
-1.570469
-1.703721
-1.666098
-1.705169
-1.548764
-1.650318
-1.735686
-1.680839
-1.656371
-1.562312
-1.727400
-1.465238
-1.596118
-1.569545
-1.694651
-1.692537
-1.582833
-1.779751
-1.650840
-1.595466
-1.719114
-1.766078
-1.866437
-1.825002
-1.829738
-1.904981
-1.770019
-1.700828
-1.654002
-1.663208
-1.611771
-1.702148
-1.539034
-1.359481
-1.143619
-0.569178
-0.345950
0.100758
0.481043
1.100342
1.779620
2.517565
3.248412
3.963208
4.962654
5.842669
6.678880
7.607166
8.668176
9.460585
10.237855
11.384897
12.068389
12.964843
14.079262
14.820819
15.693268
16.444959
16.657471
17.037752
16.758096
16.372879
15.697414
14.911585
13.934432
12.950176
11.942767
11.044730
10.007133
9.224069
8.468103
7.797241
7.185374
6.614024
6.170998
5.763348
5.093808
4.616903
4.208272
3.874223
3.492549
2.904496
2.017707
0.942560
-0.490126
-2.112162
-3.888097
-5.800443
-7.647156
-9.724521
-11.710463
-13.391035
-14.613249
-15.812119
-16.509416
-16.907723
-16.736592
-16.062834
-14.790564
-13.218388
-11.155223
-9.716894
-8.855559
-8.270129
-7.799804
-7.426559
-7.169594
-7.088561
-7.008779
-6.989839
-6.905590
-6.800154
-6.358707
-5.934022
-5.429429
-4.778826
-4.044764
-3.505183
-3.106347
-2.819062
-2.724287
-2.562949
-2.674563
-2.654698
-2.884506
-2.908641
-3.133711
-3.233944
-3.496496
-3.617909
-3.599237
-3.464070
-3.145547
-2.846943
-2.307234
-1.651038
-0.845220
-0.017884
0.784641
1.689909
2.685284
3.648166
4.675897
5.765056
6.738466
7.849460
9.166784
10.372421
11.702441
12.904663
14.547147
16.083945
17.788064
19.523689
20.901451
22.461462
23.832651
24.826837
25.259149
24.116718
21.563629
18.336000
14.889092
11.758866
9.325486
7.559676
6.219074
5.129522
4.425375
3.713340
2.857012
1.820467
0.484725
-1.006622
-2.690676
-4.583230
-6.713403
-8.961248
-11.081633
-13.038567
-14.722629
-16.307109
-17.424876
-18.053842
-18.170714
-17.846138
-17.211186
-15.861775
-14.031444
-12.131398
-10.097040
-9.021496
-8.345176
-8.036123
-7.537119
-7.251541
-7.267332
-7.222015
-7.285413
-7.141046
-6.999509
-6.619154
-6.178624
-5.612930
-4.977724
-4.366315
-3.903022
-3.323914
-3.001114
-2.791437
-2.680086
-2.766049
-2.983093
-2.934555
-3.090763
-3.255247
-3.455063
-3.769647
-3.875996
-3.892965
-3.889672
-3.639222
-3.095036
-2.587083
-1.855260
-1.107776
-0.178045
0.757085
1.796657
2.719682
3.652114
4.758439
5.790317
7.053115
8.088213
9.338049
10.403596
11.703557
12.875588
14.238427
15.680441
17.201129
18.684917
20.172773
21.592302
22.884299
24.015297
24.441490
23.325160
20.861063
17.939931
15.039840
12.476560
10.292446
9.114955
8.304986
7.884712
7.477598
7.422870
7.188466
7.012206
6.847906
6.760172
6.486039
5.862139
5.465146
4.825203
4.165786
3.239471
2.465479
1.538512
0.397125
-0.621397
-1.781729
-3.014659
-4.030817
-5.235213
-6.360549
-7.527580
-8.562154
-9.558578
-10.292846
-11.146548
-11.899749
-12.315949
-12.758191
-13.191488
-13.175308
-13.203721
-13.101119
-12.915514
-12.594029
-12.076538
-11.290982
-10.370052
-9.435064
-8.425216
-7.668988
-6.775694
-6.150212
-5.601953
-5.363064
-4.904124
-4.763765
-4.562643
-4.408603
-4.383742
-4.216289
-4.236414
-4.273252
-4.347968
-4.492270
-4.742456
-4.744560
-4.782974
-4.858476
-4.977527
-5.050793
-5.051585
-5.069733
-5.058949
-4.963977
-4.860977
-4.561192
-4.372568
-4.235889
-3.871655
-3.582134
-3.131074
-2.879706
-2.482185
-2.271848
-1.996398
-1.621248
-1.564288
-1.450770
-1.246092
-1.096131
-1.122970
-1.050356
-1.102842
-1.141383
-1.202420
-1.286600
-1.346452
-1.394070
-1.404463
-1.614537
-1.439851
-1.617304
-1.734375
-1.800798
-1.717661
-1.693723
-1.872623
-1.932346
-1.970884
-2.010874
-2.006536
-2.040333
-2.073355
-2.170039
-2.003113
-2.068746
-2.095580
-2.113475
-2.087163
-2.174643
-2.179640
-2.034288
-2.132282
-2.238831
-2.201478
-2.224234
-2.187927
-2.311710
-2.223183
-2.156620
-2.124261
-2.179374
-2.059144
-2.248036
-2.214368
-2.085983
-1.948391
-1.760808
-1.741740
-1.677676
-1.403280
-1.073637
-0.940386
-0.589568
0.010652
0.370026
1.094952
1.751341
2.406420
3.315760
4.110010
4.962524
5.836752
6.717814
7.756721
8.490335
9.439795
10.334406
11.240203
12.113764
12.915512
13.790392
14.650148
15.358760
15.762596
15.960427
15.646704
15.215249
14.489535
13.627936
12.721222
11.573266
10.503176
9.526880
8.437974
7.596242
6.750176
6.261761
5.950923
5.537233
5.520790
5.371360
5.238501
5.264938
5.324395
5.459354
5.466724
5.602213
5.710473
5.593661
5.511319
5.428970
5.165761
4.872948
4.449645
3.656580
3.288401
2.558342
1.709247
0.849758
-0.103651
-0.997606
-1.993774
-2.926268
-3.837189
-4.741804
-5.588003
-6.535231
-7.283703
-7.959956
-8.787747
-9.326536
-9.900196
-10.346377
-10.455688
-10.778361
-10.764682
-10.535663
-10.268773
-9.795086
-9.097655
-8.244611
-7.617949
-6.748202
-6.299772
-5.665743
-5.512503
-5.273618
-5.221799
-5.135110
-5.348729
-5.142611
-5.036589
-4.974102
-5.159181
-5.176015
-5.109066
-5.220082
-5.497376
-5.425030
-5.593799
-5.513819
-5.597870
-5.534341
-5.464620
-5.404898
-5.184703
-5.065784
-4.898334
-4.647875
-4.233656
-3.950449
-3.745637
-3.335363
-2.986510
-2.510857
-2.320647
-2.119392
-1.783040
-1.601905
-1.400648
-1.287793
-1.170983
-1.085346
-0.919215
-1.051671
-1.057462
-0.930522
-0.898032
-1.049306
-1.166511
-1.098629
-1.205968
-1.309233
-1.288577
-1.266615
-1.503249
-1.388942
-1.544164
-1.532326
-1.532986
-1.452609
-1.504826
-1.568498
-1.507728
-1.497732
-1.545871
-1.453402
-1.522721
-1.423801
-1.435505
-1.425250
-1.583889
-1.312781
-1.379080
-1.380660
-1.526006
-1.624143
-1.591909
-1.693203
-1.788700
-1.507330
-1.687410
-1.733053
-1.651896
-1.693598
-1.745951
-1.681359
-1.753445
-1.674657
-1.712668
-1.625853
-1.801851
-1.610726
-1.315810
-1.247012
-0.841471
-0.482757
-0.099184
0.371601
0.699928
1.572186
2.188061
2.781832
3.658948
4.430312
5.196408
6.026826
7.016809
7.688065
8.601093
9.372449
10.176555
11.166806
12.001167
12.894468
13.530072
14.308669
14.713024
15.156189
15.119750
14.755121
14.259468
13.505344
12.487218
11.656000
10.599066
9.425986
8.588068
7.645183
6.808712
6.245452
5.699290
5.271647
4.974894
4.824146
4.815986
4.642622
4.778109
4.743900
4.894123
4.917937
5.043160
5.053681
4.963974
4.882553
4.627624
4.457014
3.936369
3.467169
2.893254
2.435482
1.553498
0.810294
-0.042227
-0.880016
-1.743314
-2.659108
-3.508730
-4.428734
-5.173915
-6.066417
-6.874081
-7.666225
-8.323016
-8.760646
-9.384153
-9.539369
-9.930838
-10.072373
-9.846393
-9.838764
-9.452166
-8.827208
-8.160948
-7.444974
-6.585084
-6.011438
-5.441072
-5.011989
-4.887946
-4.672211
-4.815330
-4.553167
-4.715887
-4.769687
-4.738120
-4.959634
-4.928984
-5.185360
-5.227975
-5.144846
-5.378597
-5.458573
-5.501058
-5.437654
-5.463833
-5.443570
-5.358857
-5.275202
-5.146421
-4.976207
-4.722596
-4.349283
-3.999642
-3.983066
-3.525179
-3.157518
-2.937839
-2.583998
-2.334990
-2.039944
-1.795148
-1.421437
-1.446951
-1.210970
-1.162162
-1.156114
-1.145062
-0.800298
-0.975504
-0.983538
-1.009452
-1.001425
-1.085349
-1.020501
-1.095085
-1.105476
-1.138756
-1.253847
-1.235431
-1.199520
-1.331984
-1.279239
-1.460899
-1.401176
-1.429987
-1.512072
-1.509306
-1.355266
-1.676891
-1.531401
-1.644663
-1.535355
-1.536793
-1.488388
-1.543110
-1.612434
-1.598096
-1.575601
-1.545481
-1.491287
-1.609275
-1.510622
-1.748316
-1.628477
-1.668211
-1.687013
-1.719380
-1.790939
-1.550210
-1.645318
-1.663862
-1.664789
-1.675443
-1.559813
-1.584938
-1.421567
-1.344351
-0.934334
-0.716632
-0.392781
0.263606
0.533530
1.240702
1.767781
2.462322
3.147519
4.008988
4.985679
5.519998
6.445527
7.394723
8.149109
8.897317
9.895851
10.603276
11.490131
12.445125
13.280274
14.102808
14.943748
15.283252
15.515820
15.291276
14.946646
14.286957
13.359861
12.413814
11.366085
10.179982
9.264323
8.207254
7.488255
6.720705
6.312142
5.661140
5.559859
5.450813
5.351624
5.325447
5.431738
5.481194
5.583005
5.901336
5.977896
6.111537
6.086805
5.986444
6.134953
5.849111
5.611289
5.298488
4.661032
4.089361
3.557793
2.736191
1.949972
1.011946
0.351608
-0.571022
-1.710563
-2.595704
-3.628303
-4.575927
-5.404246
-6.322004
-7.007207
-7.745282
-8.474679
-8.896527
-9.429540
-9.795226
-10.028711
-10.192084
-10.217202
-10.004894
-9.713793
-9.218940
-8.707902
-7.823416
-6.984449
-6.316082
-5.646410
-5.241660
-4.662353
-4.302187
-4.104351
-4.070677
-4.154864
-4.161050
-4.047135
-3.924533
-4.116714
-4.313763
-4.291535
-4.352439
-4.573821
-4.696155
-4.860585
-5.023690
-4.988572
-5.107881
-5.144844
-5.036843
-4.951738
-4.765612
-4.571327
-4.560662
-4.323896
-3.951502
-3.538596
-3.257228
-3.052814
-2.653978
-2.351696
-2.156089
-1.806718
-1.489179
-1.526663
-1.322648
-1.134415
-0.951698
-1.074960
-1.068770
-1.009579
-1.230174
-1.030760
-1.014971
-1.071405
-1.108500
-1.097847
-1.268062
-1.312651
-1.336858
-1.561526
-1.342118
-1.457612
-1.500358
-1.651764
-1.664652
-1.642557
-1.728188
-1.711354
-1.727794
-1.786856
-1.741080
-1.661102
-1.641633
-1.552051
-1.662814
-1.490628
-1.525217
-1.650049
-1.588619
-1.753574
-1.802647
-1.741606
-1.745551
-1.778837
-1.989562
-1.986671
-2.012317
-2.127944
-1.896169
-1.937081
-1.978777
-1.986407
-2.073484
-1.989823
-1.799354
-1.794351
-1.796982
-1.519437
-1.285425
-0.822787
-0.713608
-0.200601
0.216520
0.852387
1.551920
2.361426
2.974152
4.043189
4.748901
5.760980
6.581927
7.535213
8.349980
9.160010
10.256927
10.914637
11.955001
12.659532
13.709366
14.429024
15.272071
15.758516
16.153927
16.152875
15.739440
15.199206
14.295121
13.310794
12.295555
11.096293
10.088164
9.049912
7.993504
7.327768
6.632702
6.304642
5.936855
5.861742
5.665748
5.691921
5.824906
6.006832
6.004071
6.283466
6.492218
6.441449
6.605609
6.754516
6.541815
6.370152
6.156260
5.696921
5.124185
4.541729
3.913883
3.295241
2.478632
1.518379
0.543532
-0.348060
-1.507852
-2.500337
-3.416125
-4.359151
-5.424235
-6.458285
-7.279629
-8.002576
-8.795381
-9.476492
-10.083558
-10.364527
-10.827554
-11.187849
-11.391734
-11.199947
-11.105894
-10.723769
-10.358090
-9.836260
-9.110025
-8.424563
-7.512982
-6.804371
-6.081282
-5.500403
-5.186677
-5.127483
-4.925041
-4.745878
-4.809940
-4.631836
-4.564220
-4.488322
-4.513710
-4.525285
-4.842951
-4.733778
-4.827963
-4.845060
-5.046447
-5.063150
-5.087357
-5.024478
-4.960683
-5.022774
-4.935823
-4.571450
-4.445571
-4.210506
-3.919138
-3.574244
-3.224996
-2.967303
-2.779729
-2.358530
-2.213580
-1.849602
-1.757518
-1.504698
-1.283845
-1.081795
-1.118233
-0.845682
-0.791619
-0.953275
-0.892775
-0.775040
-0.848572
-0.983800
-0.896980
-1.014182
-1.109292
-0.969856
-1.078773
-1.120074
-1.203076
-1.234909
-1.184268
-1.346458
-1.379601
-1.513907
-1.615592
-1.541792
-1.491288
-1.604282
-1.655057
-1.599806
-1.547717
-1.474579
-1.573629
-1.652687
-1.501408
-1.537458
-1.658998
-1.532451
-1.661756
-1.550478
-1.757389
-1.894586
-1.839864
-1.938526
-1.852499
-1.990880
-1.986533
-1.944840
-1.971018
-1.752131
-1.806851
-2.010610
-1.888668
-1.862360
-1.954840
-1.735161
-1.633615
-1.350006
-1.035757
-0.579832
-0.291104
0.284390
0.714530
1.380259
2.054018
2.763818
3.667108
4.561453
5.564594
6.426584
7.496929
8.407325
9.440984
10.375583
11.174036
12.089963
12.885520
13.720673
14.914673
15.556463
16.440687
16.938441
17.331090
17.140489
16.521981
15.725102
14.648172
13.479827
12.441176
11.241917
10.247722
9.034651
8.243430
7.231219
6.688747
6.285569
6.169024
6.069445
5.943955
6.046558
6.156522
6.390015
6.689660
6.559039
6.978398
7.050088
7.048768
7.230303
7.001287
6.943804
6.587852
6.315427
5.767298
5.252179
4.591058
3.676837
2.858518
1.835398
0.976298
-0.322800
-1.315543
-2.376823
-3.568973
-4.563691
-5.723625
-6.660065
-7.671877
-8.462706
-9.372713
-10.007529
-10.615780
-11.133787
-11.517752
-11.836084
-12.045501
-12.078517
-12.042475
-11.885548
-11.694809
-10.988038
-10.302055
-9.685908
-8.626474
-7.707004
-6.768987
-6.091416
-5.611680
-5.304531
-5.010279
-4.869793
-4.715494
-4.654587
-4.449647
-4.247206
-4.393344
-4.347699
-4.360195
-4.391641
-4.549883
-4.753511
-4.802176
-4.937928
-4.939372
-5.011332
-5.008172
-5.000278
-4.899522
-4.812303
-4.686950
-4.512261
-4.262198
-3.921507
-3.689211
-3.335226
-3.069251
-2.650028
-2.482977
-2.130443
-1.910768
-1.670707
-1.657817
-1.355796
-1.302389
-1.019312
-0.920393
-1.136779
-1.036022
-0.991292
-1.155720
-1.130863
-1.092579
-1.175322
-1.137968
-1.310414
-1.286741
-1.405387
-1.501943
-1.460631
-1.465631
-1.522857
-1.593886
-1.608225
-1.963648
-1.693986
-2.005739
-1.803041
-2.022050
-1.872752
-1.925104
-1.921157
-1.963910
-1.981274
-1.829345
-1.811722
-1.755949
-1.718714
-1.835790
-1.777776
-1.734104
-1.756604
-1.820790
-1.821189
-1.853681
-1.943392
-2.085320
-2.027449
-2.117419
-1.973120
-2.098350
-2.070323
-1.944574
-2.066643
-2.076778
-2.018239
-1.909061
-1.640192
-1.653078
-1.436431
-1.094163
-0.600747
-0.078139
0.310038
0.924737
1.515090
2.318682
3.103716
4.071073
4.911094
6.001177
6.899997
7.786581
8.947044
10.045019
11.115366
11.976837
12.893681
13.953632
14.882971
15.816124
16.802819
17.741232
18.070619
18.292135
18.131650
17.480786
16.342956
15.338902
14.163046
12.907754
11.774132
10.654190
9.627764
8.562948
7.586644
7.088624
6.737681
6.438418
6.529844
6.623767
6.570093
6.773984
6.753727
7.056400
7.201359
7.263447
7.399464
7.444713
7.555599
7.311328
7.053769
6.848431
6.366338
5.935276
5.089988
4.511210
3.724328
2.719884
1.524560
0.571286
-0.367397
-1.594939
-2.683963
-3.819699
-5.052892
-6.283334
-7.366046
-8.210019
-9.128965
-10.003056
-10.594597
-11.441719
-11.855684
-12.369488
-12.627043
-12.755689
-12.823300
-12.750167
-12.383958
-11.966051
-11.497894
-11.010800
-10.168406
-9.355610
-8.232773
-7.480622
-6.633362
-6.152845
-5.725334
-5.268358
-5.151287
-4.898338
-4.829673
-4.514891
-4.361387
-4.324814
-4.435705
-4.658931
-4.636964
-4.851903
-4.940294
-4.941608
-5.068545
-5.122480
-5.178385
-5.055526
-5.109980
-5.186014
-5.191016
-4.811649
-4.766793
-4.618018
-4.413866
-4.197748
-3.952291
-3.617783
-3.363377
-3.120553
-2.869438
-2.602415
-2.310520
-2.178982
-1.934188
-1.919850
-1.705830
-1.440116
-1.459192
-1.414724
-1.426570
-1.384469
-1.504436
-1.339358
-1.459451
-1.527322
-1.614009
-1.655711
-1.755948
-1.808821
-1.656503
-1.727267
-1.852888
-1.999431
-1.999429
-2.055995
-1.894725
-2.032049
-2.115840
-2.091637
-2.097691
-2.136496
-2.211873
-2.273296
-2.216205
-2.088086
-2.220420
-2.246334
-2.163722
-2.227780
-2.283161
-2.086767
-2.196079
-2.213315
-2.104398
-2.091897
-2.123598
-2.190292
-2.251328
-2.296579
-2.137808
-2.441276
-2.330516
-2.243963
-2.090718
-2.103604
-1.998373
-2.060994
-1.966539
-1.887094
-1.569025
-1.569023
-1.323833
-0.961704
-0.364760
0.131542
0.742809
1.290421
1.988646
2.782489
3.560036
4.477268
5.305589
6.438420
7.321720
8.351952
9.303388
10.210757
11.109058
11.849374
12.910116
13.636487
14.680271
15.593302
16.175104
16.641555
16.900028
16.409779
15.878088
14.944934
13.842486
12.947346
11.862259
10.899377
9.790879
8.892453
8.044146
7.201492
6.624024
6.088392
6.065631
5.797552
5.811365
5.874895
5.859641
5.828070
5.910942
6.060897
6.416843
6.383696
6.413954
6.217041
6.105489
5.753611
5.365565
5.012906
4.478195
3.794831
3.025189
2.218448
1.410648
0.424088
-0.643768
-1.559030
-2.601496
-3.644357
-4.474638
-5.523423
-6.483404
-7.400512
-8.162271
-8.872851
-9.677094
-10.398599
-10.831641
-11.084325
-11.292686
-11.597470
-11.456592
-11.181664
-10.959489
-10.325726
-9.803637
-9.105021
-8.290000
-7.316588
-6.647837
-6.307800
-5.990654
-5.662197
-5.516713
-5.552488
-5.359120
-5.160495
-5.001200
-4.915307
-4.958714
-5.100513
-5.115112
-5.234421
-5.397797
-5.227056
-5.368195
-5.392536
-5.263621
-5.302561
-5.454486
-5.307822
-5.137876
-5.103272
-4.763372
-4.486740
-4.068043
-3.865073
-3.591607
-3.169883
-2.979283
-2.705279
-2.431276
-2.064544
-1.821189
-1.595468
-1.394075
-1.136651
-1.097583
-0.882120
-0.883167
-1.003793
-1.021809
-0.989977
-1.032203
-1.007869
-1.035757
-1.229784
-1.111258
-1.202942
-1.317916
-1.366056
-1.288184
-1.393817
-1.348170
-1.419331
-1.512334
-1.478659
-1.702536
-1.685313
-1.612302
-1.461028
-1.475232
-1.487204
-1.667021
-1.567446
-1.636897
-1.550346
-1.613744
-1.729506
-1.561655
-1.730421
-1.693202
-1.600196
-1.758311
-1.881959
-1.788435
-1.811324
-1.831055
-1.830528
-1.922871
-1.875642
-1.869073
-1.785011
-1.800670
-1.934574
-1.872617
-1.920638
-1.756734
-1.948786
-1.968778
-1.915902
-1.751869
-1.629536
-1.549946
-1.291473
-1.008265
-0.654676
-0.078532
0.257292
0.717297
1.258060
2.167009
2.788942
3.493867
4.391239
5.276380
6.142321
6.902499
7.699501
8.462843
9.307200
10.183270
10.946078
11.996034
12.846186
13.441410
14.113986
14.711182
15.033193
14.741701
14.616082
13.977186
13.420107
12.468667
11.330438
10.384267
9.385605
8.314860
7.428798
6.723996
6.072605
5.609184
5.208900
5.024084
4.876371
4.858476
4.875312
4.732334
4.732729
4.658146
4.901096
5.013963
5.006458
4.902806
4.804805
4.513573
4.351778
3.836268
3.283007
2.872858
2.272640
1.402358
0.737290
-0.025124
-0.901581
-1.707927
-2.609515
-3.437038
-4.356381
-5.147737
-5.888186
-6.662569
-7.360261
-8.066896
-8.435346
-8.865357
-9.387448
-9.515566
-9.569626
-9.677101
-9.408362
-9.032942
-8.442587
-7.654384
-7.041532
-6.386727
-5.775841
-5.286516
-5.109724
-4.983307
-4.932405
-4.929247
-4.951868
-4.866242
-4.966738
-5.175363
-5.123927
-5.192597
-5.301770
-5.528551
-5.664825
-5.538152
-5.593397
-5.647589
-5.753355
-5.654428
-5.586158
-5.507496
-5.326502
-5.116690
-4.953848
-4.638412
-4.474511
-3.947162
-3.743925
-3.453090
-3.063333
-2.728825
-2.476660
-2.324996
-2.086376
-1.879598
-1.534301
-1.422490
-1.252269
-1.181766
-0.996954
-0.943280
-0.847256
-0.903953
-1.188084
-1.024842
-0.989321
-1.031022
-1.237273
-1.032597
-0.937493
-1.153222
-1.053382
-1.041672
-1.140593
-1.192422
-1.425247
-1.349090
-1.294494
-1.321202
-1.415517
-1.419066
-1.327387
-1.355400
-1.499047
-1.240438
-1.270561
-1.308840
-1.465238
-1.268326
-1.358031
-1.278192
-1.400912
-1.303054
-1.317122
-1.277395
-1.441300
-1.432218
-1.393290
-1.502200
-1.508515
-1.541793
-1.561916
-1.624924
-1.554155
-1.587969
-1.675963
-1.832763
-1.696092
-1.661370
-1.650839
-1.594802
-1.523645
-1.494573
-1.215041
-1.003926
-0.757150
-0.193896
0.226123
0.452631
1.179005
1.772912
2.322883
3.184750
4.093036
4.872023
5.571031
6.608237
7.349079
8.196862
8.867459
9.850339
10.772709
11.458427
12.338836
13.273827
13.938904
14.528474
15.177628
15.443337
15.390984
14.970187
14.250920
13.320399
12.299242
11.366354
10.268640
9.382044
8.247769
7.382626
6.719125
6.134167
5.652200
5.273098
5.378331
5.097484
5.036063
5.227455
5.227718
5.311897
5.548278
5.601292
5.816228
5.733883
5.771239
5.722051
5.723104
5.318475
4.990813
4.649987
4.091202
3.434548
2.697120
1.862232
1.154542
0.223881
-0.796082
-1.693070
-2.678707
-3.547407
-4.608418
-5.465273
-6.232954
-7.041537
-7.664388
-8.484413
-8.907717
-9.302200
-9.803514
-9.929399
-10.162483
-10.276008
-10.147229
-10.066594
-9.574492
-9.124497
-8.309337
-7.591779
-6.950772
-6.179545
-5.584190
-4.953712
-4.886758
-4.681427
-4.659328
-4.429519
-4.416234
-4.445967
-4.422948
-4.550541
-4.314293
-4.597236
-4.850583
-4.640246
-4.772315
-4.880710
-5.007122
-5.053421
-4.987385
-5.066967
-4.931220
-4.752320
-4.669054
-4.631832
-4.292326
-3.882571
-3.626203
-3.266169
-2.976778
-2.687126
-2.377083
-1.978250
-1.718189
-1.471690
-1.098896
-0.880277
-0.824368
-0.684807
-0.682834
-0.490384
-0.367268
-0.409618
-0.508672
-0.525506
-0.425006
-0.639684
-0.625344
-0.767283
-0.921841
-0.861463
-0.945387
-0.924074
-1.097316
-1.120073
-1.353954
-1.269373
-1.227937
-1.334350
-1.381710
-1.305548
-1.405783
-1.428664
-1.439190
-1.384470
-1.351716
-1.445109
-1.463006
-1.514964
-1.475495
-1.372374
-1.488258
-1.605992
-1.550741
-1.665970
-1.629530
-1.684781
-1.748978
-1.785802
-1.806854
-1.799086
-1.947597
-1.902347
-1.935502
-1.832769
-1.960890
-1.982197
-1.957469
-1.949577
-1.952469
-1.831314
-1.697938
-1.590993
-1.491682
-1.103762
-0.754654
-0.293465
0.106811
0.576020
1.173877
1.940101
2.453641
3.289849
4.165777
4.993433
5.786242
6.647567
7.562963
8.465208
9.361400
10.144072
10.951470
11.991825
12.651771
13.566119
14.486638
14.966240
15.465700
15.564362
15.565414
14.990973
14.321164
13.370778
12.375004
11.393714
10.243904
9.251170
8.274342
7.516797
6.782666
6.178232
5.857274
5.535391
5.501714
5.392010
5.403846
5.615106
5.698234
5.760979
5.767561
6.026569
6.143902
6.228875
6.217165
6.176122
5.775713
5.689556
5.213246
4.836120
4.080934
3.580033
2.713700
1.922736
1.028527
0.139437
-0.800825
-1.873409
-2.812617
-3.721833
-4.644724
-5.564723
-6.475911
-7.274231
-8.027310
-8.598989
-9.202624
-9.635139
-10.258505
-10.476868
-10.718510
-10.600121
-10.705229
-10.286528
-10.000297
-9.417564
-8.696460
-7.986137
-7.303567
-6.556413
-5.964866
-5.404509
-5.162073
-4.898726
-5.051843
-4.980683
-4.855456
-4.755219
-4.864793
-4.783632
-4.830329
-4.986994
-5.036055
-5.092093
-5.167339
-5.177467
-5.113927
-5.359387
-5.166937
-5.249284
-5.199696
-5.143263
-4.886103
-4.812307
-4.620388
-4.396899
-4.037396
-3.955443
-3.749984
-3.343383
-2.834841
-2.831424
-2.421407
-2.192400
-1.874860
-1.742921
-1.594811
-1.329094
-1.245304
-0.932755
-0.942493
-0.841334
-0.954073
-0.892379
-1.011290
-0.930526
-0.917233
-1.039575
-0.975508
-1.024969
-1.069431
-1.060616
-1.148884
-1.274899
-1.326070
-1.319231
-1.404727
-1.412232
-1.451431
-1.613621
-1.542852
-1.494043
-1.605196
-1.656765
-1.564548
-1.521010
-1.526537
-1.463393
-1.450512
-1.610333
-1.430377
-1.431825
-1.581128
-1.555349
-1.645712
-1.610325
-1.643871
-1.649528
-1.443664
-1.728323
-1.602564
-1.736473
-1.636241
-1.726349
-1.608616
-1.748578
-1.737923
-1.747923
-1.580864
-1.721345
-1.516272
-1.486545
-1.350407
-1.073767
-0.769910
-0.423563
-0.025786
0.499856
0.992087
1.626507
2.371298
3.065701
3.678287
4.605258
5.480010
6.601926
7.450368
8.306307
9.317598
10.291390
11.183508
11.915668
12.963263
13.691206
14.811811
15.334430
16.276654
16.863069
16.990798
16.938833
16.342820
15.665780
14.788788
13.500350
12.204529
11.278348
10.196027
9.089634
8.290787
7.420773
7.112564
6.468018
6.307539
6.218747
6.070893
6.191912
6.440394
6.552596
6.881321
6.950511
7.082448
7.227400
7.379462
7.196752
7.254629
7.069821
6.899472
6.534309
5.995917
5.477907
4.755221
4.169989
3.266699
2.359584
1.446296
0.293599
-0.894614
-1.761072
-3.020711
-3.916382
-4.947135
-5.825968
-6.943146
-7.813818
-8.753022
-9.339433
-9.999897
-10.694178
-11.036574
-11.504733
-11.877254
-12.044048
-11.938162
-11.900405
-11.553532
-11.135234
-10.577624
-9.857838
-9.130810
-8.260402
-7.332766
-6.773063
-5.845427
-5.466066
-5.212196
-5.001856
-4.924119
-4.706018
-4.641175
-4.483320
-4.540280
-4.489372
-4.307582
-4.534357
-4.632621
-4.411892
-4.647351
-4.725094
-4.932664
-4.925961
-4.985936
-4.848482
-4.767192
-4.674316
-4.613023
-4.537650
-4.362308
-4.165650
-3.659352
-3.486367
-3.255516
-3.095692
-2.603074
-2.499152
-2.188325
-1.951811
-1.685829
-1.521411
-1.298312
-1.248456
-1.207025
-1.222283
-1.084556
-1.144671
-1.085875
-1.156779
-1.143221
-1.066928
-1.140067
-1.208602
-1.257142
-1.350403
-1.299757
-1.397360
-1.440909
-1.431429
-1.699906
-1.841578
-1.860253
-1.743713
-1.901429
-1.843424
-1.872491
-1.954569
-1.923264
-1.944443
-1.965885
-1.845793
-1.919841
-1.828027
-1.891566
-1.590337
-1.799489
-1.775936
-1.780146
-1.736612
-1.780939
-1.805407
-1.832500
-1.836840
-1.944447
-1.842497
-1.887617
-2.069010
-2.005351
-2.225547
-2.092819
-2.067039
-2.189634
-2.090847
-2.037574
-1.930893
-2.009552
-1.770415
-1.581917
-1.347112
-1.008530
-0.507091
-0.057218
0.591278
1.061804
1.861574
2.438386
3.382192
4.265491
5.288617
6.358573
7.170978
8.466389
9.364163
10.432143
11.500258
12.342391
13.393398
14.191332
15.294178
16.177078
17.144955
17.792542
18.279898
18.195313
17.881328
16.885299
16.003703
14.837204
13.717648
12.225186
11.149570
10.026073
8.950337
8.199228
7.400514
6.898290
6.662172
6.567589
6.461702
6.482613
6.717812
6.762145
6.897372
7.140847
7.460491
7.311331
7.487993
7.562441
7.486938
7.359207
7.077316
6.893551
6.340024
5.896597
5.309008
4.550667
3.579501
2.740004
1.507198
0.535765
-0.504070
-1.787648
-2.811168
-3.810752
-5.069603
-6.238348
-7.393540
-8.387072
-9.148966
-10.002666
-10.715351
-11.385161
-11.893566
-12.097853
-12.550481
-12.736879
-12.814879
-12.738194
-12.574030
-12.080092
-11.768345
-10.850050
-10.079481
-9.039388
-8.043087
-7.187816
-6.474198
-5.806099
-5.284273
-4.982256
-4.772057
-4.373482
-4.304552
-4.194193
-4.162887
-4.174457
-4.147103
-4.209063
-4.132499
-4.360853
-4.442015
-4.729567
-4.848612
-4.887156
-5.158397
-5.134981
-5.216793
-5.063152
-5.112750
-5.124588
-4.904520
-4.450702
-4.483192
-4.109744
-3.758535
-3.466379
-3.293132
-3.142391
-2.735407
-2.353141
-2.229624
-2.036916
-1.848812
-1.681489
-1.386050
-1.410915
-1.291204
-1.229512
-1.207286
-1.184529
-1.290682
-1.116523
-1.292124
-1.298707
-1.474450
-1.480100
-1.469839
-1.477472
-1.659656
-1.797904
-1.967857
-1.979567
-2.118994
-2.338935
-2.461790
-2.532039
-2.526378
-2.416149
-2.627271
-2.678051
-2.625042
-2.658321
-2.617147
-2.714487
-2.580052
-2.496918
-2.450087
-2.385634
-2.433647
-2.420884
-2.209239
-2.343673
-2.239228
-2.178853
-2.339854
-2.176610
-2.235542
-2.055991
-2.167671
-2.178061
-2.021127
-2.127156
-2.039683
-1.988119
-2.105185
-2.074930
-2.064014
-1.920499
-1.796857
-1.630188
-1.170584
-0.910788
-0.406467
0.091681
0.605746
1.346323
2.063222
2.782489
3.469923
4.480819
5.367938
6.321483
7.416429
8.318933
9.373899
10.248911
11.360300
12.317392
13.135190
13.982440
14.823648
15.769302
16.663251
16.971848
17.261112
16.857013
16.389649
15.336007
14.255921
13.269094
12.143892
11.127077
10.018052
8.919686
8.121225
7.340926
6.811474
6.401062
6.069577
6.015117
6.036293
5.997362
6.013011
6.159682
6.188620
6.350291
6.440126
6.655200
6.685457
6.667958
6.591536
6.395932
5.945406
5.485671
5.139713
4.270877
3.778260
2.888780
1.926294
0.957493
0.153773
-1.181767
-2.177535
-3.110029
-4.140131
-5.310844
-6.320161
-7.257531
-8.279599
-8.960197
-9.814821
-10.404388
-10.938449
-11.321757
-11.695072
-11.865150
-11.953681
-11.859765
-11.775570
-11.494342
-10.875310
-10.144467
-9.459796
-8.587802
-7.667410
-7.078631
-6.361733
-6.121015
-5.826093
-5.451329
-5.379116
-5.203245
-4.998964
-4.817565
-4.971077
-4.885837
-4.897678
-4.937793
-5.028031
-5.069604
-5.159969
-5.181274
-5.375567
-5.307822
-5.364912
-5.171021
-4.966476
-5.119065
-4.974630
-4.686162
-4.585269
-4.238657
-4.002146
-3.555299
-3.285902
-3.072800
-2.691470
-2.438247
-2.300390
-1.761204
-1.786595
-1.523250
-1.311070
-1.147037
-1.178612
-0.991168
-1.078244
-0.998132
-1.034049
-1.004974
-1.192550
-1.135074
-1.209783
-1.260827
-1.176116
-1.266874
-1.239776
-1.452082
-1.332508
-1.588363
-1.485894
-1.605067
-1.578231
-1.605063
-1.687805
-1.660316
-1.696882
-1.575470
-1.582180
-1.807240
-1.631897
-1.595072
-1.539694
-1.641506
-1.707404
-1.707803
-1.616902
-1.691092
-1.717003
-1.748843
-1.761999
-1.786457
-1.944707
-1.908140
-1.820534
-1.969834
-2.009825
-1.885643
-1.828954
-2.057176
-1.906163
-1.998112
