-4.336102
-4.529876
-4.008960
-3.989359
-4.710352
-4.144811
-3.313751
-3.431633
-3.623595
-3.094346
-3.005651
-2.945872
-2.586763
-2.454720
-1.752021
-2.150175
-2.005867
-1.405057
-1.620092
-1.860389
-2.032078
-2.067810
-2.010479
-1.834784
-1.841807
-1.745387
-1.901907
-2.789048
-2.643049
-1.545880
-1.458232
-1.130837
-1.550691
-1.885355
-1.608413
-2.316196
-2.274495
-1.891316
-1.949863
-1.812456
-2.084308
-1.856247
-2.001647
-1.974756
-1.950246
-1.867663
-1.849635
-2.111148
-2.064969
-2.171330
-2.119478
-1.800199
-1.393998
-1.680023
-1.713639
-0.992009
-1.268553
-1.659945
-1.367777
-0.863635
-0.702092
-0.627065
-0.273048
-0.348350
-0.039256
-0.014101
0.488842
0.826048
1.090465
1.597609
2.657356
3.031830
3.754238
4.103681
4.956991
5.838604
6.539850
7.769442
9.036286
10.416437
10.629684
11.448913
12.077908
12.247562
13.058571
14.325074
15.170818
15.786510
16.398138
15.928330
16.090680
16.608785
16.682203
16.644504
16.826990
16.826832
16.077139
15.335362
14.829160
14.174348
13.347872
12.982099
12.473860
11.578476
10.947609
10.657280
10.037644
9.563402
8.778082
8.447209
7.960815
7.746209
7.370158
6.367642
5.878008
5.530904
4.966512
5.081953
3.802142
3.031082
2.059607
1.103890
0.416821
-0.319523
-1.047555
-1.898575
-3.062746
-4.485821
-5.879930
-7.029153
-8.744305
-8.973123
-9.847535
-10.570951
-10.655887
-11.628316
-12.927087
-13.098165
-13.406892
-13.832168
-13.394822
-13.191182
-13.488194
-13.324311
-12.396931
-12.991244
-12.872334
-11.684656
-10.864988
-9.821279
-9.506255
-9.326579
-8.577916
-8.682083
-7.909886
-7.709910
-7.800821
-7.022858
-6.642914
-5.508753
-4.884266
-5.514565
-5.042943
-4.830335
-3.846496
-3.351963
-3.369568
-3.683436
-4.523463
-4.629985
-4.026009
-3.824301
-4.046057
-4.125953
-4.093563
-3.824894
-4.218826
-3.964651
-3.237145
-3.302379
-2.738002
-2.549679
-2.987107
-2.900805
-3.243634
-3.383879
-2.684270
-2.368724
-3.024405
-2.989902
-2.599950
-2.273481
-2.112292
-1.536719
-1.361386
-1.129267
-0.878690
-0.498910
-0.427977
-0.393914
-0.502434
0.053886
0.403768
0.378934
0.556752
0.645548
1.443803
1.328974
0.754120
0.681895
0.557125
0.150145
0.791515
0.086722
-0.475769
-0.769270
-1.001447
-0.869686
-1.018728
-0.600244
0.110144
-0.666916
-1.207175
-0.868502
-0.320366
-0.174942
-0.466907
-0.330422
-0.218835
-0.477938
-0.141624
-1.084193
-0.592362
-0.387468
-0.421777
-0.151225
-0.346719
-0.458867
-0.370741
0.518569
0.067611
-0.007095
-0.166692
-0.079540
-0.344195
-0.360712
-0.908539
-0.115037
-0.021760
0.935359
0.872130
1.424483
2.080027
2.707219
2.611511
3.480222
4.383512
5.173504
5.757758
7.098808
7.909432
8.823899
9.881339
10.639762
11.661900
12.018454
12.744489
13.524355
14.450542
14.842682
15.043415
15.264038
15.903385
16.434750
16.353714
15.819495
15.373828
14.973719
14.914783
13.837247
13.315790
12.475864
12.494199
12.441312
11.547466
11.321078
10.883751
10.386077
9.951599
9.510729
9.266733
9.498813
8.639158
8.305638
7.883808
7.830607
7.294169
7.309755
6.300012
4.786139
3.750299
3.001782
2.287424
0.683938
-0.262608
-0.522097
-1.827656
-3.310019
-4.657371
-5.222042
-6.435535
-7.289610
-8.291981
-9.045707
-9.992023
-9.903748
-10.316942
-11.006576
-12.175200
-12.977495
-12.905778
-13.305317
-13.770428
-13.838395
-14.047304
-14.277997
-13.914282
-13.096642
-12.529342
-12.190144
-11.182312
-10.951435
-9.850452
-9.239853
-8.876124
-9.004792
-8.681882
-8.184721
-7.570069
-7.176364
-7.089881
-6.378760
-6.366135
-5.280015
-4.919940
-4.713777
-4.829913
-4.073987
-4.056787
-3.400550
-2.963699
-3.027442
-2.806390
-2.506958
-2.376139
-2.045222
-1.639885
-1.394181
-1.440181
-1.649685
-1.448557
-1.169563
-2.161223
-1.912284
-1.929911
-1.838539
-2.295647
-2.262309
-2.090627
-1.523348
-1.302627
-1.144160
-0.667791
-0.561532
-0.686518
-0.901569
-0.751813
-0.955707
-1.451106
-1.363959
-1.241552
-2.246931
-1.709124
-1.540311
-1.472097
-1.682729
-1.090063
-1.201771
-0.841706
-0.734837
-1.213040
-1.489215
-1.953804
-2.013683
-2.109723
-2.104265
-1.700787
-1.405621
-1.534988
-1.485794
-2.024334
-1.676818
-1.673227
-1.988642
-1.850363
-1.975923
-2.031644
-2.442062
-2.389731
-2.573872
-2.083499
-2.276691
-2.244769
-1.531797
-1.403288
-1.548073
-1.742314
-1.199611
-1.394998
-0.745019
-0.909554
-1.390761
-1.965121
-2.204480
-1.602569
-1.342904
-0.751053
-0.644401
-0.029335
1.129699
1.922737
2.549967
3.744288
3.997373
4.309440
4.674119
5.386447
6.056689
7.175844
7.440830
8.235472
9.695951
11.095598
12.542033
14.127554
14.543300
15.170697
16.386629
16.775179
17.094307
17.081856
17.335878
17.727060
17.625027
17.203336
17.054405
16.546711
16.093269
15.995982
15.583710
15.562997
15.364086
15.076462
14.774132
13.956463
13.059125
12.148689
11.619822
10.708061
10.829098
9.731727
9.211058
9.079768
8.980375
8.696502
8.234989
7.992533
7.602572
6.845218
6.095119
4.956972
3.280397
2.290383
1.202610
0.335432
-0.393384
-1.177617
-2.445572
-2.908314
-4.073067
-4.835468
-5.803360
-7.146661
-8.653025
-9.773178
-10.458865
-11.029268
-11.928768
-13.338474
-14.069896
-14.086496
-14.345347
-14.683063
-14.960544
-14.792099
-14.454168
-14.238095
-14.556993
-14.222303
-14.009825
-13.704809
-13.348904
-12.864061
-12.918652
-11.975303
-11.058927
-9.837584
-8.623582
-7.884891
-6.903255
-7.083682
-6.460797
-5.894212
-5.414363
-5.207220
-4.884268
-4.948776
-3.844377
-4.057800
-3.419515
-3.030771
-2.713837
-1.844522
-1.797991
-1.424598
-1.368433
-0.751329
-1.399017
-1.268685
-1.203703
-1.356726
-1.494639
-1.419368
-1.301459
-1.069368
-0.983573
-1.427066
-1.492186
-1.562165
-1.257876
-1.198614
-1.791964
-1.944663
-1.780488
-1.527711
-1.733674
-1.721373
-2.444263
-2.071836
-2.015214
-1.732693
-1.881855
-1.501088
-1.065422
-1.172646
-1.341129
-1.268431
-2.098653
-2.021796
-2.402362
-2.565072
-2.290792
-1.809361
-1.517187
-0.988701
-0.772695
-0.827674
-0.538632
-2.065789
-1.979451
-2.168255
-2.274088
-1.749066
-2.234323
-2.359996
-2.363019
-2.561329
-2.941207
-2.479660
-2.670802
-2.798107
-2.456827
-2.583051
-2.394053
-2.386264
-2.297505
-2.265270
-2.577932
-2.332665
-2.565647
-2.381735
-2.022068
-2.359301
-2.274320
-2.047426
-1.824256
-1.707592
-1.430903
-0.322862
-0.229143
0.217413
0.111986
0.153485
0.448285
0.269802
0.577513
1.508927
2.113540
3.210918
4.365334
5.619194
6.761910
7.911359
9.179011
9.884790
10.865926
11.945166
12.568128
13.198162
14.494063
15.614165
16.457926
17.017438
16.863615
17.628178
18.092996
18.110732
17.526432
16.922070
16.919667
17.011741
16.372473
15.656938
15.945675
15.692021
15.227228
14.077008
13.465161
12.748872
12.267356
11.337584
11.146739
10.462375
10.556261
10.413767
9.867991
9.858918
9.417856
8.450967
8.507222
7.435634
7.134859
6.859361
6.512076
6.178182
6.013002
5.141655
3.912160
2.431736
1.636754
0.106093
-1.794609
-3.333242
-4.261571
-6.266031
-7.251401
-8.638453
-9.530996
-10.337861
-11.101337
-11.854865
-12.569214
-13.232612
-13.823867
-14.231533
-14.371660
-14.755833
-15.163381
-15.119586
-15.048341
-15.162151
-15.017247
-14.308376
-14.177367
-14.081198
-13.736456
-12.948974
-12.108894
-11.377311
-10.513431
-9.631676
-8.876447
-7.887386
-6.716923
-6.190101
-6.047469
-5.443295
-4.778910
-4.913368
-4.113748
-3.831419
-2.860349
-2.404697
-2.430635
-2.518450
-2.384513
-2.973706
-2.705062
-2.632766
-2.368961
-2.776229
-2.838632
-2.240153
-2.421139
-2.296684
-2.543039
-1.961148
-2.239325
-2.680377
-2.531808
-2.561460
-2.137351
-1.702004
-1.831682
-1.522716
-1.322147
-1.954078
-2.125552
-1.609908
-1.538645
-1.151456
-0.989547
-0.990194
-1.256043
-0.717548
-0.351497
-0.582130
-0.340932
0.147558
-0.136763
-0.540577
-0.430281
-1.072122
-1.864334
-2.109731
-1.942120
-1.936097
-1.823621
-2.460798
-2.005156
-1.470873
-1.570123
-2.110164
-2.040816
-2.067002
-2.099501
-2.301814
-2.178967
-2.488630
-2.362539
-2.692031
-2.567532
-2.411066
-2.409897
-2.476661
-2.827057
-2.726552
-2.848007
-2.425756
-2.367025
-2.304503
-2.611004
-2.720897
-3.198633
-3.239401
-3.305547
-3.902739
-3.773792
-3.125661
-3.202646
-2.743165
-2.821815
-2.911236
-2.830310
-2.288554
-2.306170
-2.494938
-1.989642
-1.686599
-1.422639
-0.654037
0.737639
1.745749
2.338691
3.847810
4.401658
5.472747
6.748784
7.743227
8.574554
9.718245
10.365975
11.795182
12.723170
14.154287
15.724623
16.429909
17.071024
17.500243
18.063457
18.502407
19.025135
19.068950
19.297347
18.674741
18.468792
18.047223
17.643214
16.895058
16.175470
15.693079
15.517070
14.794962
14.228526
13.717407
13.355051
12.939217
12.543283
12.036514
11.021645
10.327388
9.755492
9.019702
9.474832
9.566216
9.347214
8.529910
8.403505
6.945186
5.959812
5.284877
4.254953
3.525456
1.935899
0.991079
-0.445224
-1.346764
-2.822547
-4.658337
-5.969036
-6.120371
-7.753279
-8.849950
-10.363190
-11.234343
-12.865055
-14.566533
-15.380616
-15.811769
-15.906208
-16.710950
-17.273859
-17.478823
-17.878097
-17.739365
-16.736589
-16.378850
-15.403922
-15.152688
-14.373975
-13.494812
-13.038478
-12.978236
-11.974381
-10.897601
-10.025178
-9.148545
-9.084509
-7.964567
-7.094374
-6.543963
-5.971621
-5.535309
-4.886737
-4.339986
-5.027827
-4.830721
-4.026064
-3.911300
-3.133831
-3.331927
-3.420012
-3.305599
-4.028276
-4.013212
-3.309003
-2.852319
-3.071286
-2.905349
-2.963475
-2.891670
-3.776902
-3.655002
-3.191655
-3.417962
-3.520771
-3.407736
-2.711813
-2.400633
-2.323430
-2.031897
-1.220386
-1.069595
-0.829724
-0.836825
-0.379180
-0.644758
-0.762551
-1.230118
-1.447405
-1.363567
-1.441742
-0.708284
-0.120813
0.061223
0.206919
0.281018
-0.014684
0.712447
0.207971
-0.199594
-0.020014
-0.131953
-0.159083
0.030652
-0.845641
-0.183048
-0.296084
-0.875314
-0.618656
-0.436783
0.054726
0.465276
0.096455
0.437599
0.545932
0.215187
-0.490245
-0.799614
-0.832427
-1.565925
-1.514769
-1.124837
-0.782362
-1.150071
-0.914121
-0.554248
-0.531958
-1.228000
-1.217499
-1.629840
-1.775606
-2.453273
-2.410843
-2.587408
-2.598676
-3.155967
-3.154154
-3.650972
-3.272715
-2.342858
-1.781462
-1.743129
-1.628048
-1.879268
-1.295146
-1.064376
-0.246982
0.431826
0.674215
1.244011
2.201175
2.732580
3.642800
4.224201
5.379604
6.761541
7.507724
8.353358
9.821796
10.683735
11.692341
12.507557
12.755034
13.440935
13.814587
14.108896
14.450152
14.138719
14.339311
14.175360
14.509962
14.140696
13.591719
12.726944
12.489194
11.911789
11.564007
11.408367
11.385594
10.417792
9.804832
9.503909
8.973945
8.213442
8.409928
7.768715
7.542316
7.069442
7.070953
7.216671
6.683117
5.779924
5.494698
5.011987
4.517831
3.953582
3.052048
1.116683
-0.037609
-0.840748
-1.951751
-3.298224
-4.438281
-5.262471
-6.280435
-7.755004
-8.838459
-9.862172
-9.857683
-10.417043
-11.211754
-11.861593
-12.467169
-12.794381
-12.480966
-12.522410
-12.540853
-12.322670
-11.198690
-11.170186
-10.675918
-10.687100
-10.072781
-9.615052
-9.440387
-9.319725
-8.687900
-8.544892
-8.794861
-8.441862
-8.061642
-7.193290
-6.760400
-6.418931
-5.780845
-5.835856
-5.367956
-5.320907
-5.176580
-4.852331
-5.617295
-5.267595
-4.797830
-5.186106
-4.541705
-4.795202
-4.788817
-3.928695
-3.008312
-2.962650
-2.592317
-2.210795
-1.180766
-0.538838
-0.390810
0.013548
0.457117
0.300191
0.746694
0.522954
0.483930
0.478953
0.650202
0.610867
0.612753
0.493709
0.486545
0.525308
-0.091916
-0.153191
0.340023
0.287421
0.512647
0.187980
0.369964
0.020995
0.386624
0.142314
0.536556
0.531192
0.677780
1.194947
1.116167
0.899170
0.857711
0.475494
0.811218
0.649766
0.311156
0.425590
0.178311
0.363076
-0.073458
-0.493941
-0.585643
-0.799897
-1.032081
-1.461443
-1.706486
-2.100340
-2.266509
-2.491179
-2.902058
-2.970392
-3.937958
-4.545229
-4.665230
-4.671824
-4.734617
-4.841883
-4.621690
-4.725351
-3.972528
-4.268399
-4.039329
-3.852804
-3.392197
-3.158266
-1.962441
-1.788571
-1.267673
-1.119555
-0.339369
0.319199
1.252090
1.809672
2.981963
3.566765
4.725660
5.049040
5.597650
6.048450
6.032696
6.987044
7.284658
8.327324
9.167528
9.424652
10.394713
11.507872
12.097479
13.328183
13.991694
14.877305
15.679261
16.131903
16.124910
16.503757
17.200017
16.378116
16.447268
15.940006
15.738746
15.841457
14.758636
15.297692
15.056303
14.204975
13.711041
13.308357
12.769907
12.070024
11.359950
10.678728
10.126591
9.383836
9.052966
7.987998
7.595542
6.870298
6.338166
5.645646
4.832619
3.640751
2.561371
1.946863
0.586054
-1.227785
-2.070442
-3.180118
-4.437443
-5.444275
-5.796312
-6.003168
-7.381282
-8.261291
-9.849052
-10.651452
-11.427343
-12.174925
-13.139061
-14.383232
-14.715578
-14.546740
-15.174539
-15.743509
-15.476273
-15.819567
-16.283978
-16.444024
-15.194678
-14.534133
-13.490286
-12.832081
-11.896575
-11.599851
-10.746655
-10.543471
-9.896200
-9.961798
-9.610710
-9.582857
-9.789290
-9.301866
-9.346646
-8.471715
-7.647591
-7.486575
-6.750944
-6.079327
-5.627143
-4.361464
-4.228437
-4.141809
-3.981790
-3.429811
-3.668743
-2.771421
-1.934600
-1.510284
-1.771564
-1.829809
-1.645593
-1.467459
-2.120229
-1.913412
-1.390563
-0.567630
-0.292794
0.300314
0.508632
0.816588
1.365754
1.364225
0.585371
0.563208
0.741846
0.613086
0.982704
1.905456
2.074614
1.623709
1.429372
0.633294
-0.234661
-0.293250
0.359059
-0.226904
0.486599
0.340338
1.108250
1.221205
1.288548
1.711937
1.386085
1.712633
1.044034
0.670585
0.224500
0.367504
-0.129902
-0.839197
-1.187552
-0.935354
-1.080956
-0.657225
-0.893836
-1.056430
-1.083896
-1.113287
-1.688317
-1.230795
-1.248986
-1.482906
-2.211005
-1.782262
-2.286908
-2.189953
-2.666793
-3.028664
-3.795915
-4.047206
-3.715220
-4.001274
-3.866821
-3.319887
-2.846295
-2.808299
-2.959152
-3.080859
-3.128811
-3.247770
-2.866865
-1.995966
-1.884180
-0.743914
-0.405259
-0.559434
0.300749
1.151307
2.534393
2.684674
3.876868
4.402401
5.017611
5.999861
6.501532
7.718694
8.308891
9.791621
10.272574
11.686483
13.334803
13.884463
14.517949
14.866965
14.803737
14.832827
15.199738
14.757629
14.915138
14.869354
14.429218
14.325980
13.843144
14.074358
13.569492
13.788818
13.019738
12.537092
11.864383
12.137733
11.309573
10.805089
10.689713
10.527985
9.910074
9.648514
9.483345
9.242127
9.185833
8.568105
8.076052
7.684899
6.934073
6.861702
6.060835
5.085187
4.303091
2.977153
1.635035
-0.053188
-1.511695
-2.270977
-3.513401
-4.330237
-5.105901
-5.703615
-7.064890
-8.096705
-9.000965
-9.688078
-10.712848
-11.379956
-12.335701
-12.743271
-13.093768
-12.737438
-13.444085
-13.528495
-13.385244
-13.632400
-13.009914
-13.138287
-13.167476
-12.425661
-11.649659
-11.193685
-9.930941
-9.245933
-8.157506
-7.657794
-7.179955
-5.897227
-6.268960
-6.153490
-6.094294
-5.653864
-5.488504
-5.486101
-5.050362
-4.897894
-4.684101
-4.180086
-3.946089
-3.789137
-3.998428
-3.316906
-3.165935
-3.195251
-2.622540
-2.614731
-2.493277
-2.303965
-2.362226
-1.474632
-1.242554
-1.049333
-1.620210
-1.247863
-0.897633
-0.940797
-1.002076
-1.429939
-1.506084
-1.791991
-1.372350
-1.479935
-1.722683
-1.342188
-0.808729
-1.023184
-0.713632
-0.953400
-0.497534
0.098514
0.444486
0.139192
-0.481209
-0.823238
-0.724099
-0.966171
-0.762623
-1.038390
-1.357650
-0.905399
-0.752342
-0.463941
-0.743659
-0.969543
-1.094674
-1.376617
-0.850673
-0.980348
-0.449043
-0.780787
-1.352576
-1.221528
-1.672250
-1.813321
-2.211080
-2.567207
-2.280385
-1.705044
-1.658332
-1.603996
-1.717567
-2.419831
-1.791926
-1.765467
-1.685159
-1.587548
-1.581851
-2.194417
-1.599420
-2.130129
-1.551736
-1.763479
-1.532813
-1.191603
-1.450224
-1.733472
-0.999655
-1.179005
-0.117431
-0.583718
-0.483871
-0.324847
0.363530
1.333262
2.351265
3.031564
3.636103
4.547538
5.269331
6.642241
7.493544
8.364164
9.283166
10.193128
11.560729
13.469553
13.724796
14.384946
14.909723
15.239711
16.134735
16.176256
16.519667
17.051631
17.093123
17.066016
16.684051
16.637091
15.916590
15.041817
14.613870
13.601545
13.386589
12.723064
12.230057
11.709886
11.559096
11.130530
10.919267
10.413701
9.901554
9.270091
8.891160
8.437151
8.312156
8.333924
8.470874
8.019723
7.575275
6.499355
6.440609
5.782840
4.947862
4.105256
3.282363
1.966871
0.160084
-0.831464
-2.186718
-3.559220
-5.329643
-6.770524
-8.100252
-9.611439
-10.586822
-11.659553
-13.260042
-13.653592
-14.653056
-14.975478
-15.401051
-16.018563
-15.506859
-15.828338
-16.203205
-16.053748
-15.896362
-15.626822
-15.601060
-15.415904
-14.197494
-13.380786
-12.274152
-11.422959
-10.725849
-10.219058
-9.564171
-9.021923
-8.783427
-8.282968
-7.970708
-7.430396
-6.781639
-6.621564
-5.829058
-6.091067
-5.991599
-6.232556
-6.323972
-6.141087
-5.932578
-5.611441
-5.060277
-4.784463
-4.514249
-4.323537
-4.076561
-3.567962
-3.662441
-3.572997
-3.246596
-2.841849
-3.046847
-2.802255
-2.161542
-1.924341
-1.747373
-1.284920
-0.959699
-0.653387
-0.578048
-0.520449
-0.460938
-0.321126
-0.582303
-1.043429
-1.162772
-0.926898
-0.635802
-0.472006
-0.320304
0.118554
-0.381339
-0.614153
-0.991674
-0.578911
-0.211399
0.136836
0.025832
0.379423
-0.252156
0.353268
0.235257
-0.127251
0.422878
0.053334
-0.342823
-0.020278
0.534496
0.967946
1.558620
0.731490
1.005541
0.499147
0.076605
-0.584719
-1.074804
-0.719363
-0.835309
-0.733514
-0.542566
-0.621523
-0.361540
-0.067318
-0.340823
-0.655944
-0.648249
-0.736865
-1.212484
-1.708533
-1.608991
-1.588924
-1.718601
-1.807337
-2.000770
-2.060570
-1.302995
-0.933005
-1.108429
-1.741481
-1.864904
-2.205489
-1.666382
-1.101798
-0.499309
0.016713
0.389939
0.986129
1.061420
1.166504
1.615428
2.669089
3.365860
5.083223
6.079111
6.771997
7.794778
9.533722
10.787485
11.259812
12.083442
13.312895
14.490802
15.118141
16.067883
16.593257
17.221028
18.550100
18.466560
18.328809
18.231294
17.716886
17.675494
17.317145
16.763389
16.284408
16.188919
15.740911
15.490157
15.341640
15.135312
14.397482
13.818615
12.910193
12.177659
11.482864
11.318818
11.136606
10.140049
10.351705
11.161839
10.941967
10.477042
9.285198
8.119299
7.637988
7.057510
6.117674
4.478714
3.348984
2.359787
1.403444
0.811450
-1.119938
-2.631850
-3.954507
-5.295965
-6.543367
-7.837282
-8.829910
-9.719581
-10.737243
-11.607137
-12.305999
-12.513780
-13.292771
-14.379012
-14.481081
-15.922999
-16.781139
-16.521985
-16.523000
-16.057517
-15.925203
-15.308736
-15.176936
-14.417880
-13.770410
-13.202122
-12.763403
-12.448606
-11.957486
-11.065208
-10.630598
-9.431977
-9.091929
-8.266674
-7.732638
-6.957732
-6.324815
-6.563128
-6.688860
-6.573482
-5.898299
-5.654051
-5.125803
-4.533208
-4.103726
-4.030756
-3.592123
-2.997306
-2.278519
-1.854425
-2.018493
-1.010248
-1.162638
-0.966107
-0.719320
-0.312921
-0.711200
-0.660103
-0.357345
-0.565029
-0.932694
-1.075611
-1.446484
-1.545161
-1.071976
-1.646422
-0.999898
-0.616968
-1.018687
-0.852473
-0.584779
-0.338191
-0.574624
-0.784195
-0.552252
-0.581340
-0.715216
-0.756667
-0.739943
-0.590649
-0.889641
-0.486575
-0.672898
-0.705661
-0.525516
-0.549868
-1.040680
-1.340552
-0.623549
-0.617174
-0.131061
-0.334191
-0.002084
-0.621275
-0.918185
-1.408319
-1.651146
-1.913306
-1.883828
-2.066698
-2.494002
-2.772706
-2.787419
-2.585639
-2.916320
-2.433282
-2.881450
-3.087990
-2.611179
-2.945902
-3.176911
-3.059222
-2.316921
-2.673923
-2.473415
-2.618289
-2.719288
-3.146124
-3.315840
-2.563886
-3.022924
-3.217291
-3.086868
-2.399231
-1.553183
-1.448290
-0.954732
-0.302751
0.235195
0.726241
1.473189
3.053494
3.427240
4.333770
5.167028
6.151566
7.171863
7.780243
8.635794
9.065040
9.906671
10.153494
11.540900
11.978042
13.271179
13.983461
14.665094
15.167371
15.189501
15.089255
15.150328
15.161408
15.021106
14.462535
14.298037
13.906996
13.243197
12.854947
13.380777
12.402860
12.367609
11.932217
11.299712
10.734604
10.922642
10.838410
10.124691
10.985404
11.115350
11.352276
11.014150
11.160006
10.661581
10.181475
9.970980
9.055866
8.735007
7.920192
7.274072
6.590401
5.649609
4.074642
2.526126
1.234024
0.039677
-0.731911
-2.029286
-2.817228
-3.788023
-5.050803
-6.200124
-6.781671
-7.612289
-8.777314
-9.698516
-10.898405
-12.094254
-12.630766
-13.559478
-13.518854
-13.833376
-14.187284
-13.455074
-13.193634
-13.424051
-12.862213
-12.314171
-11.586338
-10.856349
-10.582442
-10.011208
-9.676169
-8.782088
-8.074204
-7.810296
-7.866293
-7.793577
-7.164657
-7.160053
-7.336840
-7.238518
-6.753099
-6.733711
-6.159980
-5.425715
-5.213455
-5.035161
-5.072592
-4.819667
-4.795993
-4.827228
-4.079905
-3.716120
-3.443498
-2.962973
-2.812464
-2.856010
-2.830416
-3.668846
-3.355896
-3.143061
-2.969371
-3.023674
-2.947717
-2.689191
-2.914577
-2.955130
-2.637526
-2.327273
-2.004901
-1.944686
-1.751349
-1.584322
-2.569186
-2.302851
-2.479859
-2.813277
-2.247244
-2.667396
-2.097871
-1.516853
-1.421352
-1.604731
-1.577748
-1.862494
-1.934235
-1.512930
-1.339472
-1.236757
-1.431447
-1.035260
-1.044794
-1.201167
-1.094008
-1.156353
-1.745634
-1.458145
-1.234369
-1.079509
-0.718452
-1.192914
-0.885701
-1.961043
-2.323287
-2.602656
-3.288015
-4.025273
-4.478629
-5.094636
-4.444253
-4.714254
-4.352182
-4.097710
-3.960078
-3.779670
-3.314937
-2.474278
-2.498737
-2.160230
-2.238275
-2.434917
-2.512237
-2.489017
-2.439103
-1.940174
-1.755460
-0.678658
-0.617803
-0.929750
-0.399180
-0.393862
-0.840833
-0.520571
0.415063
1.180065
1.982554
2.735266
3.367455
4.572299
5.303822
5.901378
7.029352
7.730602
8.671484
9.126659
10.380563
11.197866
11.803076
12.308998
12.756572
13.042280
13.925503
13.704063
14.709480
14.759447
14.164666
14.154843
14.484695
15.339809
15.332540
14.686041
14.443938
13.267016
12.846514
12.251703
12.320922
10.741708
9.604426
9.114337
8.308903
7.999390
8.222668
7.866076
7.584910
7.260103
6.596899
5.722036
5.894116
5.917531
5.594612
5.069669
4.534126
4.170524
3.582614
2.634227
1.405054
0.827663
-0.478338
-1.593145
-3.186557
-4.519215
-5.025920
-6.454653
-7.461467
-8.342511
-9.022997
-10.438156
-11.665743
-12.036515
-12.495630
-12.355503
-12.994577
-13.598812
-13.157112
-13.105904
-12.271414
-11.678645
-10.965979
-10.445997
-10.709126
-9.577963
-9.308301
-8.537346
-7.785099
-7.336801
-7.150104
-7.453540
-6.283638
-6.019246
-5.225769
-5.246342
-5.433487
-5.084409
-4.976084
-4.683016
-4.357217
-4.006029
-3.551584
-3.780748
-4.242522
-4.320356
-3.623894
-3.354088
-3.452988
-3.237923
-3.622026
-3.242323
-3.237501
-3.413150
-3.185598
-2.890529
-2.232175
-2.448950
-2.515008
-2.595916
-2.843526
-2.723683
-2.633790
-1.543014
-0.901663
-1.133254
-1.519309
-0.909499
-0.679644
-0.504450
-0.820856
-1.006909
-0.316992
0.102787
-0.292151
-0.054836
0.006878
0.218468
-0.219159
-0.204657
0.092331
0.091247
0.453356
0.541341
-0.164398
0.172191
0.364888
0.558199
0.548399
0.654243
0.339219
0.178432
-0.210555
-0.715437
-0.751462
-0.933469
-0.832691
-1.890073
-1.992760
-2.322860
-2.505323
-2.152968
-2.763227
-2.275760
-2.142797
-1.810353
-1.870713
-2.218368
-1.883031
-1.188211
-1.273828
-0.720807
-0.569136
-0.423649
-1.236606
-1.269080
-1.573153
-0.931364
-1.126298
-0.974154
-1.186779
-1.450626
-1.259731
-1.725036
-1.891826
-0.884212
-1.077733
-1.551174
-1.781084
-1.247343
-1.014267
-1.439711
-0.543914
-0.449205
-0.089215
1.429832
2.075550
3.247363
3.732330
4.334755
4.887946
6.049316
7.834138
9.067387
9.892577
10.773955
11.982223
12.512336
13.526368
14.173764
14.684066
15.377069
15.510972
15.861506
15.531144
15.393943
14.853004
14.054480
14.057113
13.250850
12.400187
12.010593
11.167279
10.770661
9.949284
9.612839
8.685651
8.238585
7.373285
7.080153
6.671707
6.582452
6.459609
5.728315
5.642277
4.994125
4.755193
4.300234
3.991435
4.041612
3.378642
2.665832
2.523486
1.589330
1.067912
-0.054062
-1.054467
-1.716679
-2.751385
-3.093504
-4.093680
-4.646790
-5.758538
-7.580402
-8.556428
-9.379893
-10.204674
-11.204749
-11.658617
-11.873351
-12.269632
-12.063996
-12.492454
-12.069610
-11.588986
-11.505212
-11.271368
-10.849325
-9.678294
-9.625038
-8.980244
-8.265903
-7.288891
-6.798423
-6.761599
-6.169541
-6.029041
-5.661454
-5.428623
-4.153910
-4.057017
-4.202135
-3.662499
-4.034007
-2.918172
-2.407953
-1.972944
-2.154035
-1.625007
-1.568861
-1.925360
-1.502000
-1.248953
-1.452978
-1.047739
-1.159737
-0.556211
-0.916776
-1.615990
-1.607229
-2.295495
-2.008256
-2.500092
-2.112244
-1.543153
-1.120632
-1.230704
-1.504608
-1.551149
-0.673865
-0.590972
-0.358550
-0.516034
-1.031358
-0.560097
-0.389520
-0.342291
-0.416321
-0.606115
-0.596861
-0.447828
-0.632384
-0.589025
-1.036413
-0.902259
-0.742612
-0.699542
-0.588762
-0.457097
-0.983826
-1.367121
-1.213694
-0.856050
-1.445456
-0.791219
-1.193254
-1.762571
-1.794832
-1.688921
-1.917352
-1.762909
-2.028718
-2.544248
-2.696400
-2.365676
-2.537724
-2.924693
-3.127850
-2.799871
-2.807628
-2.875944
-2.480841
-2.849996
-2.324001
-2.839326
-2.747069
-3.121491
-2.807734
-2.373516
-2.367540
-2.974532
-3.073262
-3.449674
-3.160012
-2.658695
-3.337545
-3.355111
-2.726935
-2.428827
-2.011706
-1.486302
-1.404837
-0.735368
-0.560770
0.143972
0.907589
1.667869
2.490459
3.361844
4.415887
5.948464
7.105755
7.758827
7.990126
9.668332
10.931680
11.610528
12.479094
13.565692
14.065934
14.573363
15.249664
16.133810
17.013141
17.108594
16.574087
16.598046
15.946386
16.095125
15.349722
15.669286
15.723659
15.555630
15.064097
14.249785
13.682174
11.906855
11.889663
11.317078
10.845553
10.558466
9.719309
8.923209
8.649732
8.174330
7.851715
7.906713
7.430601
6.730363
6.212489
6.031203
5.734999
5.390828
4.327194
3.646076
2.124284
1.192275
0.806208
-0.706151
-2.148577
-3.553627
-4.700183
-6.267806
-7.360662
-8.009763
-9.250417
-10.517305
-10.916572
-11.782716
-13.041874
-13.709797
-13.788383
-14.748176
-14.476871
-15.284896
-14.775625
-14.300739
-14.911990
-14.003349
-13.535398
-13.181253
-12.872721
-12.818294
-12.780610
-12.185243
-11.504179
-10.694455
-9.357079
-8.775870
-8.049135
-7.653264
-7.187738
-6.667855
-6.067830
-5.519739
-4.879987
-4.315555
-4.532584
-4.053673
-3.986094
-3.883277
-3.721575
-4.204557
-4.400973
-3.785861
-3.431302
-3.075178
-3.282041
-3.228864
-2.953656
-2.105296
-1.749398
-1.207209
-0.355009
-0.318774
0.063577
-0.264359
0.465402
0.227669
-0.037594
0.500504
0.772147
0.329317
0.708317
0.138911
0.108011
-0.260055
-0.308926
0.513305
0.421695
-0.033590
-0.009067
-0.492625
-0.264500
-0.253685
-0.776473
-0.882435
-1.371174
-1.142251
-1.369206
-2.037069
-2.559548
-2.237446
-2.363499
-2.031592
-2.289844
-2.393200
-2.223527
-1.528348
-1.386019
-1.000369
-1.208489
-1.073388
-0.787752
-0.862290
-0.804926
-1.472075
-1.681356
-1.474458
-1.724183
-1.544452
-1.901129
-2.302462
-2.632753
-3.418042
-2.684197
-3.555290
-3.252263
-3.615800
-4.126917
-3.284879
-3.342986
-3.082497
-3.014639
-3.077737
-3.115231
-2.997154
-3.192000
-3.107643
-2.712370
-2.112662
-1.652940
-1.205891
-0.003636
0.356001
1.471528
2.745486
3.287006
4.477257
5.157046
6.407321
7.887467
9.340603
10.158891
11.493794
11.915059
13.201350
14.072268
14.800599
15.651019
16.123737
16.429151
17.397294
17.869089
18.148806
18.004057
17.427235
17.334552
17.383180
17.102259
16.820096
16.549956
15.574420
14.892103
14.413516
14.201707
13.399807
12.994943
12.397911
12.036202
12.022273
11.429427
11.012312
9.841751
9.996249
9.710096
9.671353
9.488166
9.645909
9.780984
9.086559
8.614373
7.987291
7.223630
6.557512
5.312995
3.700136
2.649969
1.709097
0.806007
-0.624905
-1.899349
-3.325531
-4.000186
-4.888698
-6.467415
-7.640695
-8.553783
-9.842319
-10.829584
-12.036445
-13.020166
-13.422755
-14.262820
-14.936869
-15.918509
-15.407676
-15.435167
-15.293434
-14.771953
-15.074401
-14.838924
-14.344307
-13.600447
-12.780800
-11.692178
-11.343684
-10.946485
-10.518238
-9.523457
-8.759528
-8.564637
-8.457359
-8.216841
-7.139005
-7.101218
-6.452358
-5.957481
-6.300196
-6.119965
-5.636929
-5.226672
-5.315577
-5.122557
-5.054639
-4.807297
-3.960271
-3.288797
-3.349114
-3.469140
-3.301195
-3.308028
-3.482196
-3.116719
-3.785560
-3.901140
-3.718224
-3.398844
-3.207312
-2.641730
-2.357641
-1.845446
-1.943376
-1.444171
-1.854059
-1.736054
-2.008834
-1.930186
-2.403277
-2.479955
-2.966963
-2.385142
-2.339390
-2.404003
-2.838422
-2.317564
-2.153023
-1.707112
-1.393503
-1.100003
-0.999479
-1.582215
-1.510593
-0.922920
-0.918106
-0.754228
-0.071234
-0.154666
0.004622
0.050340
-0.368836
-0.124148
-0.286815
-0.233039
-0.710617
-0.478498
-0.568246
-0.795240
-0.964691
-0.937064
-0.250694
-0.391650
-1.064684
-0.687371
-0.858317
-0.980964
-1.249642
-1.305680
-1.673977
-1.437983
-1.537239
-2.028511
-2.532750
-2.054580
-2.082723
-2.069310
-2.307013
-1.666967
-1.737354
-0.816849
-1.024562
-0.768302
-0.176066
0.216883
0.095969
1.046059
0.953618
1.083285
1.386767
2.073927
3.543563
4.104761
5.194545
5.923798
6.498162
7.647997
8.340470
9.188038
10.215504
11.122604
12.149792
13.805014
14.774679
15.283779
16.351051
17.229826
17.627162
17.386189
17.212692
17.426544
17.552317
17.224678
17.596950
17.573268
16.961568
16.464737
16.120543
15.551891
14.924441
14.403665
13.743029
12.526429
12.161107
12.259795
11.790669
10.867125
10.916285
10.965427
10.519196
10.214984
9.349335
9.949501
10.041450
9.461379
9.123697
9.065613
8.259070
7.355908
6.438485
5.641799
4.461288
2.686202
1.476667
0.637464
-0.263029
-1.306656
-2.848211
-3.980964
-5.989417
-7.278268
-8.203095
-8.806545
-10.225242
-11.801245
-12.602796
-13.557733
-13.817733
-14.977538
-14.662682
-15.533149
-15.576762
-15.871170
-15.875578
-16.781410
-16.232029
-16.147873
-15.522406
-14.927405
-14.355849
-13.250522
-12.547927
-11.671396
-10.550991
-9.986760
-9.790009
-9.265392
-8.239915
-8.176161
-7.526188
-7.684304
-6.680596
-6.565154
-6.185382
-6.026715
-5.443802
-5.842483
-5.706063
-5.218442
-4.994070
-5.225452
-5.098241
-5.221665
-4.662226
-4.501173
-4.810108
-4.935864
-4.849328
-4.609769
-5.041055
-4.780986
-4.739595
-4.518943
-4.481778
-4.616503
-4.268373
-3.932012
-4.043032
-3.926889
-2.893932
-2.807002
-2.340591
-2.881804
-2.744340
-2.510772
-1.991045
-1.788865
-1.123398
-0.449059
-0.133843
-0.057585
0.011413
0.100937
0.247529
0.452215
0.141410
0.548052
1.024338
0.480238
0.768885
0.616386
1.596474
0.837099
1.155071
0.262526
0.583313
0.042104
-0.189811
-0.429524
-0.888327
-0.812159
-0.696652
-0.948777
-0.913530
-1.064277
-1.366762
-1.001819
-0.593089
-0.666738
-0.903073
-0.325893
-0.107746
-0.053210
-0.701676
-0.998685
-0.704353
-0.927155
-0.963939
-0.934936
-1.979651
-1.945488
-2.075397
-2.316546
-2.406274
-2.267051
-2.240821
-1.821390
-2.162454
-2.537099
-2.845518
-2.639554
-2.057889
-2.048785
-1.437212
-1.191535
-0.546224
0.521970
0.704488
1.316226
2.179222
3.433824
4.410667
5.021610
6.508608
7.912461
8.785270
9.367181
11.063317
12.703595
14.571950
15.517062
16.760634
17.655053
18.468089
18.315990
17.874662
17.736780
17.280771
17.197234
16.611123
16.363448
15.804524
14.576999
14.301105
13.979283
13.796154
13.651205
13.151662
12.383465
12.027131
12.323051
11.401164
10.489247
10.010178
9.170789
9.218169
8.723782
8.610257
8.546136
7.820426
7.581725
6.633512
6.105901
5.799046
5.396530
4.072260
2.826436
1.526205
0.762436
-0.115014
-1.518086
-2.641643
-3.616006
-4.567109
-6.031529
-7.559755
-8.894072
-9.509769
-10.234439
-11.193569
-12.586000
-13.889612
-14.768276
-15.524942
-16.514577
-16.380139
-15.852201
-15.356330
-15.488149
-15.705492
-14.795185
-14.986879
-14.453243
-13.048663
-11.934655
-11.153808
-10.893887
-10.380529
-9.919130
-8.752062
-8.180070
-7.536280
-7.163800
-6.579537
-5.164766
-4.540368
-4.383912
-4.394807
-4.012089
-2.952525
-1.809442
-1.560520
-1.560396
-1.200651
-1.727436
-2.033377
-1.734440
-1.571170
-1.634799
-1.743859
-1.830863
-1.469647
-2.646346
-2.685687
-2.500921
-2.115354
-2.653948
-2.141984
-1.876236
-2.665208
-2.600176
-3.294535
-2.651589
-2.791127
-2.171710
-2.340499
-2.396515
-2.597943
-2.983002
-2.828771
-3.208027
-3.164908
-2.715771
-3.210366
-3.444894
-3.242408
-3.771548
-3.438557
-3.242645
-3.069442
-3.363101
-3.188708
-3.485767
-3.294650
-3.478925
-3.664578
-2.950791
-2.698291
-2.576990
-2.613287
-2.911804
-2.764363
-2.018099
-1.976824
-1.847614
-2.294153
-2.196861
-2.163487
-2.042374
-1.865286
-2.351508
-2.090479
-1.687299
-0.783195
-1.010752
-1.553552
-1.833295
-1.434706
-1.617494
-2.063898
-1.174060
-1.583178
-1.280944
-1.487972
-1.638860
-1.829465
-1.712910
-1.909379
-2.020650
-2.024468
-2.007814
-1.592197
-1.915229
-1.960150
-0.826587
-0.438922
-0.497355
0.367480
0.531317
0.852873
1.351165
2.009963
2.340410
3.463618
4.543620
5.675386
6.083674
6.620696
7.187644
8.402007
9.409014
10.296938
10.367650
10.959833
11.692099
12.538490
13.973064
14.576442
14.879489
15.387358
15.517545
15.719730
15.888133
15.594102
15.280502
14.936965
14.915142
14.272474
14.136335
14.078592
13.365711
12.922626
12.480338
11.936507
11.434306
10.750018
10.265455
9.665236
8.864223
9.127486
8.576889
8.273353
8.276542
7.963037
7.813900
7.436486
6.754206
5.625188
4.985226
4.623479
3.556505
3.322353
2.122491
1.090605
-0.110983
-1.207520
-1.980834
-3.052676
-4.600904
-5.037313
-6.709077
-8.218332
-9.713930
-10.238592
-10.373805
-10.885369
-11.278932
-11.419521
-12.145991
-12.420885
-12.229220
-11.925328
-12.261258
-11.743263
-10.988704
-10.812440
-10.475800
-10.139523
-9.741473
-9.746887
-9.560684
-8.816645
-8.431750
-8.442522
-7.947214
-6.927380
-6.364444
-6.207252
-6.238423
-6.013663
-5.658408
-5.389606
-4.468370
-4.617711
-4.426519
-4.131934
-3.971450
-3.866139
-3.096290
-3.372971
-3.409533
-3.241245
-3.738338
-3.664563
-3.352231
-3.317218
-3.013610
-3.817545
-3.422881
-3.278435
-2.931722
-2.537806
-1.428326
-0.914910
-0.896908
-0.899688
-0.658823
-1.288552
-1.471152
-1.566375
-1.531056
-1.497556
-1.700629
-0.869740
-1.005507
-1.074792
-1.516104
-0.989760
-1.065339
-0.238697
0.375204
-0.045467
-0.592377
-1.154803
-0.633524
-0.736969
-0.765200
-0.610940
-0.774893
-0.429257
-0.017078
-0.069388
0.299810
-0.122596
-0.206509
-0.274705
-1.095827
-2.189895
-2.185528
-2.097946
-1.305149
-0.773984
-0.786938
-0.494847
-0.728651
-0.910379
-1.026312
-1.166306
-0.805135
-0.797897
-1.015565
-0.733447
-0.590651
-1.100655
-1.405361
-1.914519
-2.064096
-1.983587
-1.557030
-1.519852
-1.220624
-0.926270
-1.078367
-0.691553
-0.905266
-1.129453
-1.234264
-0.634174
-0.767084
-0.945811
-0.707911
-0.584181
-0.099026
1.170413
2.191019
2.612854
3.280483
3.655200
4.461292
5.770492
6.467297
7.398262
8.140901
8.566222
9.577660
10.164945
11.379859
12.858193
14.802722
15.749888
15.805631
15.127464
14.827612
14.998217
14.859434
15.437711
14.834803
14.623871
14.240541
13.598552
13.312519
13.392100
12.905647
12.104420
11.107318
10.762371
9.965078
9.502358
8.329647
7.993855
7.792017
7.316710
6.830989
5.642668
5.020441
4.243083
3.776857
3.585815
3.726980
3.411788
3.018918
2.679992
1.987028
1.109432
-0.390495
-1.281899
-2.517358
-3.694935
-4.530715
-5.891527
-6.491192
-7.421153
-8.827015
-8.970534
-9.493999
-10.494282
-10.917739
-11.414532
-11.891754
-13.655577
-14.004361
-14.387370
-13.706836
-14.251754
-13.716139
-13.496965
-13.422852
-12.716838
-12.536624
-11.772604
-10.961974
-10.163073
-10.108069
-9.923511
-10.270492
-9.521422
-9.404056
-8.859741
-8.640260
-7.909938
-7.081461
-7.174611
-7.571218
-7.356966
-5.831750
-5.598717
-5.151581
-4.653146
-4.681038
-4.699932
-4.971446
-4.877733
-4.781610
-4.822031
-4.829103
-4.697633
-4.190412
-3.532683
-3.702945
-3.616501
-2.906263
-3.490470
-2.912761
-2.768507
-2.985163
-2.903558
-3.028347
-2.695453
-3.024583
-2.864741
-0.976295
-0.728924
-1.050138
-1.200958
-0.542825
-0.568750
-0.420231
-0.220116
-0.158694
0.066824
-0.005495
-0.082819
-0.898392
-1.092718
-1.070064
-0.690983
-0.244109
0.350665
0.772632
1.065887
0.914720
1.395897
1.783861
2.333906
2.263278
1.987458
2.100154
1.787920
1.793991
1.911078
1.485838
1.668652
1.695767
1.541345
2.172734
2.585341
2.999918
3.032978
2.871392
3.145464
3.062066
3.010200
2.637130
1.746025
1.602742
1.498420
1.647898
1.027734
0.600894
0.498654
0.475413
-0.787989
-1.227130
-0.886795
-1.170580
-1.032180
-1.421617
-1.567227
-1.934594
-1.332898
-0.382733
-0.375104
0.096202
0.605820
1.561345
2.753714
2.945826
3.696569
3.738148
3.738043
4.460036
5.545852
6.068639
6.989179
7.548325
8.831700
9.813942
11.149750
12.110181
13.018777
14.164732
14.710175
15.332379
15.589205
15.155456
14.427356
14.030339
13.568001
12.831298
12.277354
12.218662
11.428481
11.012878
10.749156
10.869248
10.551284
9.637476
8.437805
8.316876
7.836889
7.498188
6.675659
6.458801
6.283603
6.288183
6.198366
5.951423
5.559529
5.769779
6.144090
4.794564
3.783592
3.974786
3.050064
2.884644
2.199622
1.056602
0.078840
-1.149269
-2.007966
-2.396516
-3.573195
-4.673413
-5.825161
-6.892311
-7.857380
-8.911550
-9.868085
-10.842133
-12.124162
-12.935913
-14.307156
-14.483932
-15.021545
-15.263744
-15.039437
-14.357831
-15.025561
-14.042840
-13.895973
-12.763381
-12.074723
-11.412788
-10.201413
-10.035292
-9.149788
-8.609256
-8.166409
-7.236779
-6.727700
-5.810569
-5.450617
-4.791302
-4.340408
-3.865576
-3.391264
-3.358020
-3.203256
-2.884926
-2.506780
-2.524351
-2.221102
-2.343599
-2.422876
-1.871429
-2.483473
-3.065844
-3.074891
-2.746579
-2.855750
-2.204641
-2.331841
-2.431871
-2.254189
-2.602211
-2.027023
-1.446123
-1.603944
-2.239571
-1.598126
-1.075557
-0.479136
-0.095096
-0.436184
-0.221013
-0.006518
-0.107468
-0.051222
0.701578
0.997809
1.322725
1.270866
0.873310
0.371796
-0.508610
-0.366974
-0.647851
-0.750647
-0.443611
-0.207974
-0.396796
-0.515427
-0.583802
-0.503868
-0.185730
-0.496904
-0.798440
-0.797123
-0.475271
-0.579461
-1.011413
-0.974211
-0.763031
-0.782327
-0.565143
-0.968383
-0.803429
-1.285579
-1.441636
-2.028670
-2.062860
-2.146274
-1.905423
-1.475631
-1.052261
-1.068973
-1.621658
-2.165321
-1.769834
-1.854700
-2.353301
-2.319519
-2.454913
-2.127317
-2.293721
-2.021845
-2.004661
-1.828023
-1.998777
-1.882940
-1.926481
-1.420319
-1.106267
-0.599087
0.171399
1.224702
2.249077
2.836780
4.024433
4.661864
5.067464
6.470523
6.928726
8.295066
9.149048
9.739443
11.131155
12.256664
12.993192
13.480713
14.216437
15.055188
15.333266
15.924925
16.471349
16.140135
16.290303
16.496113
16.733921
16.746476
17.026276
16.423628
15.599172
14.637573
14.150819
12.901037
12.674495
12.589216
12.615689
11.714832
11.577105
11.643295
11.102910
10.704017
10.374369
10.268558
9.829198
9.837930
9.496250
9.491711
9.284469
8.669325
7.588007
6.343843
6.089078
4.598919
3.561346
2.523583
1.697156
-0.003062
-1.060716
-2.106057
-3.905736
-4.901074
-6.585533
-7.860308
-8.727975
-9.754951
-10.905052
-11.828441
-12.723853
-13.252660
-13.743680
-14.104367
-14.862810
-15.348843
-15.717942
-15.539643
-15.483853
-15.302361
-14.827678
-14.955102
-13.463790
-12.998134
-12.093692
-11.664787
-10.857643
-10.329534
-9.709249
-9.862680
-9.488023
-8.723532
-9.317497
-8.659553
-8.346609
-8.013358
-7.683370
-7.289791
-7.165726
-6.588508
-6.672050
-6.402145
-6.007292
-5.140680
-4.409006
-4.404175
-3.811607
-3.979932
-3.431978
-3.518585
-3.499146
-3.024968
-2.944059
-2.747644
-2.850239
-1.832200
-1.422354
-1.274525
-0.932454
-0.808117
-0.195123
0.329932
-0.207762
-0.190400
0.550628
0.582639
0.214427
0.731543
0.225356
0.308750
-0.003398
0.088240
0.649426
0.333016
0.344892
0.550683
0.414152
0.490969
0.116262
-0.160894
0.361509
0.689786
0.587368
0.923015
0.770567
0.753004
1.012172
0.717739
0.783213
0.613772
0.480764
0.491847
0.200888
0.035854
-0.647950
-0.953460
-1.303547
-1.255747
-1.483647
-1.757726
-1.356631
-1.365894
-1.136427
-1.009980
-1.353051
-0.636221
-1.293055
-1.207423
-1.815569
-2.181188
-1.424603
-2.354746
-2.773658
-2.199816
-1.827214
-2.544882
-2.200356
-2.201408
-2.259908
-1.878640
-2.588270
-2.093811
-2.518734
-2.203353
-2.197428
-1.507697
-0.863107
-0.369752
0.078691
0.958652
2.200330
2.520261
3.437798
4.590581
5.725590
6.273707
7.880112
8.787764
9.637177
10.216419
11.583781
13.344062
14.708818
15.497536
16.373783
16.903679
17.290359
17.639802
18.226227
18.183899
17.944604
17.999097
17.521843
16.902948
16.373186
16.691512
15.784144
15.056428
14.424210
13.832037
13.535032
12.514265
12.093527
12.005223
12.044312
11.487109
11.058040
10.824777
10.355015
9.737098
9.147203
9.512060
9.476469
9.362310
8.560339
7.987659
6.914336
5.395202
4.716554
3.521396
2.357103
0.843689
0.154317
-1.102529
-2.235335
-3.535262
-4.503236
-5.802504
-7.579958
-8.062250
-8.544035
-9.595259
-11.456774
-12.572022
-13.482780
-14.578542
-14.749330
-15.545080
-15.273625
-15.907163
-15.639879
-15.420377
-15.424578
-15.121543
-14.785325
-13.948592
-14.014266
-13.753601
-12.595370
-12.162197
-11.256438
-10.766246
-9.963641
-9.564759
-8.818638
-8.225824
-7.702587
-7.706938
-7.366089
-6.417043
-5.936394
-5.222277
-4.790448
-4.758214
-4.694819
-4.609082
-4.159856
-4.236132
-3.774922
-2.998175
-2.403756
-1.791163
-1.879946
-2.408581
-2.418304
-2.514967
-2.907415
-2.573799
-2.672503
-2.569861
-3.130572
-3.021536
-3.074544
-2.772987
-2.914307
-2.884953
-1.987657
-1.612498
-0.988445
-1.112990
-1.588446
-1.488271
-1.532479
-1.562604
-1.645736
-1.584129
-2.074545
-2.051448
-1.494540
-1.344871
-0.959395
0.169321
0.034352
-0.012972
0.422806
-0.317387
-0.565312
-1.203399
-0.939565
-0.828459
-1.107540
-0.264164
-1.085331
-1.077059
-1.067304
-1.174841
-1.611690
-1.789858
-2.088773
-1.758174
-1.893514
-2.658545
-3.003652
-2.758534
-2.603090
-3.002978
-3.280512
-2.811745
-2.749255
-2.906609
-2.720581
-2.145859
-1.912092
-2.268102
-1.833411
-1.903834
-1.904183
-1.732140
-2.362605
-2.560788
-2.303426
-2.298582
-2.481894
-2.492168
-1.918974
-1.935528
-1.463482
-1.632887
-1.489494
-0.817557
-0.902435
-0.185717
-0.390539
0.089796
1.138921
1.700139
2.754437
3.640042
4.817903
6.196327
7.054999
7.943810
9.192847
10.119787
11.245378
12.540993
13.761050
14.855916
15.836895
17.314394
17.747296
17.997474
18.561083
18.927986
18.904402
19.306284
19.214279
18.878046
18.172758
17.687691
17.634989
17.035045
16.032414
15.162276
14.838817
13.933074
13.497785
13.063709
12.035949
11.355445
11.145233
10.278227
10.287553
10.240076
9.830724
9.595298
9.477229
8.628142
9.137070
8.256401
7.602302
6.983261
6.458548
5.537790
4.458022
2.965107
1.802913
0.135323
-0.895238
-2.087559
-3.735205
-4.959295
-5.548327
-7.465116
-8.453166
-9.628059
-11.514446
-12.300431
-12.820100
-13.813678
-14.707238
-15.264843
-16.276081
-16.433047
-16.837457
-16.845617
-17.378777
-17.099921
-16.503636
-15.841966
-15.635287
-14.936394
-13.695807
-12.689416
-11.514556
-10.872424
-10.098977
-8.925402
-8.874602
-8.464371
-8.069968
-7.748656
-7.304671
-6.851585
-5.870566
-5.806706
-5.428637
-4.644152
-4.421597
-3.972541
-3.661226
-3.561442
-3.556635
-3.792604
-3.375115
-4.106555
-3.375034
-3.324162
-2.605898
-2.886125
-3.008743
-2.420391
-2.588157
-2.963320
-3.056582
-2.987381
-2.605255
-1.943002
-1.939836
-1.566521
-1.605508
-1.481708
-1.211642
-0.508816
-0.588406
-0.662925
-0.592949
-0.024053
0.353145
0.268059
0.306203
0.694217
0.452330
0.328603
0.397078
-0.166583
-0.525515
-1.132126
-1.664527
-1.663414
-1.760009
-2.071029
-2.147290
-2.571494
-2.658232
-3.454548
-3.182309
-3.269726
-3.732526
-3.434747
-3.545362
-3.208709
-3.439933
-3.447241
-2.810381
-2.958940
-2.562137
-3.404444
-3.625739
-3.715185
-3.465710
-3.553960
-3.720363
-3.607170
-3.584056
-3.458771
-3.356465
-2.829908
-3.079426
-3.184609
-3.618129
-3.574108
-3.488893
-3.960885
-4.097423
-4.305100
-4.026969
-3.862968
-4.077510
-4.019712
-3.491447
-2.571065
-2.549158
-2.428999
-2.006927
-1.720023
-1.215715
-0.168868
0.373552
0.884385
1.862228
2.540516
3.324339
3.995724
5.209444
5.906621
6.686758
8.019035
8.716759
9.912612
10.317163
11.309781
11.903611
12.639340
13.287860
13.427193
13.420488
14.330892
15.382987
15.851235
16.267850
15.662991
15.933389
15.615758
15.682974
15.658308
15.507922
14.465046
13.647483
13.269704
12.138266
12.109339
11.774677
11.103566
10.961443
10.367060
10.416850
9.619077
9.041273
9.052633
8.464086
8.078718
7.116361
6.191036
5.632990
4.866285
4.238579
3.556827
2.059207
1.442651
0.913059
0.203336
-0.356280
-1.287937
-1.450025
-2.468247
-3.224432
-4.393280
-6.158035
-7.037404
-7.930082
-8.424367
-9.176970
-10.333156
-10.774555
-10.712496
-10.674165
-10.529198
-10.962847
-11.650210
-11.470699
-11.518563
-11.211157
-10.395381
-10.790082
-10.931418
-10.091849
-10.410959
-9.741234
-9.178929
-8.967028
-7.782884
-7.521651
-7.420236
-6.927699
-6.488456
-6.544019
-5.663828
-5.146801
-5.272827
-5.058544
-4.941578
-5.095105
-5.044920
-4.770119
-4.891393
-4.299836
-4.040516
-3.938852
-3.446031
-3.017565
-2.921747
-3.004143
-2.877071
-2.786691
-3.105073
-3.157037
-3.443365
-3.184644
-3.194922
-3.197953
-3.367996
-3.104138
-2.938687
-2.427472
-2.604674
-2.928954
-3.231576
-3.638958
-3.706512
-3.288584
-3.587136
-3.459299
-2.732493
-3.582817
-2.477622
-2.549982
-2.963216
-2.387115
-2.418463
-1.831575
-1.077993
-1.791186
-1.373626
-1.227357
-0.994913
-1.104054
-1.314853
-1.187342
-1.369935
-1.367730
-1.512415
-1.461767
-1.680929
-1.308240
-0.953186
0.217186
0.005672
-0.585095
-0.318108
-0.548287
-0.859013
-0.957590
-1.112593
-1.072691
-1.141497
-1.269672
-1.134742
-1.208018
-1.110848
-1.068638
-0.879180
-0.419753
-0.965325
-1.282664
-1.536861
-1.220339
-0.716976
-0.676511
-0.255480
0.011627
-0.693655
-1.167509
-0.800864
-0.775458
0.434490
0.276223
0.806755
1.525573
1.604418
2.090126
2.485775
2.241080
3.329899
3.856273
4.141959
4.833330
5.203398
6.303766
6.336700
7.851065
9.054820
9.732209
10.801133
12.134742
12.642715
13.315929
13.575374
13.766361
14.321993
14.687703
14.926467
14.898973
15.468283
15.361116
15.273140
14.986154
14.962329
14.152218
13.481454
13.372960
12.793810
12.176508
11.143748
11.127875
10.909305
10.910518
10.051252
9.477336
8.826741
8.071871
7.816013
8.231742
8.523691
8.213623
7.405481
5.642388
5.718254
4.853389
4.301801
4.018195
3.378893
2.410247
1.508497
0.466407
-0.538849
-1.472961
-2.408883
-3.399755
-4.454803
-5.733592
-7.605089
-8.528346
-9.345840
-10.444403
-11.387435
-11.409384
-11.626267
-12.757248
-12.998205
-13.531886
-13.516974
-13.494296
-13.806306
-13.625681
-13.272583
-13.176906
-12.948365
-12.236561
-11.664153
-11.271743
-10.950354
-9.990571
-9.358388
-8.887242
-8.811335
-8.807058
-8.732004
-8.343493
-7.516096
-7.022868
-6.490126
-6.767712
-7.158339
-6.758007
-6.664226
-5.674741
-5.250090
-5.605628
-5.030681
-4.202760
-4.564914
-4.790616
-4.372289
-4.060582
-4.315335
-4.036911
-3.825532
-2.940530
-2.903385
-2.543631
-1.953261
-1.292524
-0.984370
-1.083880
-0.841293
-0.796642
-0.814553
-0.837463
-0.456903
-0.672347
-0.281467
-0.231468
-0.560670
-0.279962
0.177628
0.594370
0.856469
1.466183
1.532265
1.591197
1.385940
0.830942
0.576971
-0.080624
0.310072
-0.174077
-0.084898
-0.014585
-0.037172
-0.827350
-0.733861
-0.424649
-0.834888
0.149371
-0.070176
-0.179315
-0.520272
-0.182058
-0.756720
-0.977575
-1.690497
-1.467146
-1.360180
-1.726512
-1.913401
-1.420175
-1.451593
-1.287237
-1.355705
-1.930996
-1.664603
-1.949596
-1.920833
-1.689311
-1.361000
-1.445445
-1.534473
-2.203136
-2.090564
-2.152610
-1.985745
-1.899731
-1.807245
-1.714625
-1.752653
-1.674174
-2.102470
-1.533558
-1.433441
-1.263253
-1.020006
-0.104051
0.729137
1.883280
2.962155
3.112682
4.296124
4.801206
5.824803
7.173165
8.222599
9.177765
9.281424
10.497795
11.061204
12.066236
13.196228
14.471831
15.197128
16.129883
16.520201
16.554382
16.122929
16.383391
16.291826
16.368955
15.633643
15.498378
15.028898
14.116680
14.596222
13.956064
13.455866
12.444978
11.533560
10.871724
10.448829
10.494135
9.882503
9.642393
9.249702
8.952428
8.509432
8.306133
8.014943
7.873371
7.378882
7.047477
6.193001
5.500093
4.536009
4.232155
3.318708
2.719819
1.486091
0.093785
-0.746874
-2.054593
-2.898848
-4.392063
-6.040614
-7.004881
-7.917934
-8.245220
-8.944729
-9.951931
-10.777874
-11.220577
-12.544862
-13.292843
-13.579376
-14.316161
-14.052554
-14.403970
-14.467717
-14.141521
-14.066738
-13.273875
-13.666226
-13.274221
-12.272767
-11.812605
-11.370681
-10.843230
-10.323862
-9.774309
-9.495417
-9.057275
-8.791641
-8.248788
-8.270995
-7.790820
-7.635494
-7.395902
-7.110476
-6.417305
-6.571099
-6.092188
-5.712135
-5.530075
-5.186290
-4.606566
-4.144580
-3.799818
-3.625813
-3.392224
-2.847296
-2.534353
-1.936839
-1.945171
-1.771489
-1.662181
-1.754988
-1.651080
-2.092768
-1.574163
-1.466461
-1.799285
-1.461695
-1.858643
-0.990309
-0.708024
0.089079
0.261791
0.502689
0.851169
0.908270
1.247216
1.515182
2.065244
1.870070
1.335563
0.888994
1.526042
1.686655
1.451301
1.636645
2.003453
1.621240
1.412000
1.406923
1.534121
1.267377
1.128299
0.928808
0.947254
0.694872
0.968110
0.549672
-0.146632
-0.548130
-0.799411
-0.755673
-0.856773
-0.722950
-1.502637
-1.833004
-2.148061
-1.911967
-1.995734
-1.648753
-1.868882
-1.978396
-1.605214
-1.299660
-1.450498
-2.085289
-1.907766
-2.102430
-2.650028
-2.063376
-2.548169
-3.113329
-3.304560
-3.547065
-3.251068
-2.751926
-2.205661
-2.318269
-1.852066
-1.642172
-0.677160
0.849234
1.032263
1.101452
2.020562
2.510316
3.631546
4.324012
6.157087
6.917283
7.223954
8.913657
10.222175
11.857050
13.090851
13.564116
14.548258
15.400351
15.942235
17.012446
18.450966
19.025879
18.440341
18.384930
17.682043
17.742705
17.497353
17.402766
16.955449
16.318939
15.134635
15.316325
14.269194
13.602006
12.997520
12.145157
11.771872
11.247045
10.905418
10.712991
10.022296
10.001625
9.582927
8.970100
8.936978
8.308670
7.737126
7.102116
6.666318
5.653278
4.783453
3.925945
2.262181
1.998289
0.567304
-0.186974
-1.256311
-2.707563
-3.870745
-5.393321
-6.628208
-7.317898
-8.759726
-9.825772
-11.219492
-12.114525
-12.361706
-13.348211
-13.946227
-14.096420
-14.422999
-15.789436
-16.385215
-15.756704
-15.456659
-15.395845
-15.555732
-14.755374
-14.579285
-14.131771
-13.597454
-12.226275
-11.805507
-10.778383
-10.149723
-9.789834
-8.808974
-8.570589
-8.319644
-7.610236
-7.449501
-6.396662
-6.559633
-5.919105
-5.710426
-5.484864
-5.441305
-4.780330
-5.060296
-4.484817
-3.992630
-3.437648
-3.502899
-3.040142
-3.172804
-2.721441
-2.244625
-1.913721
-1.466215
-1.320088
-1.651899
-1.324840
-1.439272
-1.129454
-0.993770
-0.602651
-0.229557
-0.321055
0.102462
-0.142942
-0.500839
-1.402091
-0.717724
-0.718718
-1.440130
-1.552054
-1.312784
-1.134825
-1.615085
-0.933780
-0.625969
-0.649831
-1.016629
-1.447223
-1.516927
-1.692206
-1.270790
-1.029994
-0.976490
-0.951003
-1.107993
-0.740626
-1.706062
-1.336148
-1.586409
-0.722433
-0.624456
0.083903
-0.107031
0.187934
0.596338
0.316462
-0.251382
0.183217
0.220658
0.000165
-0.418415
-1.045242
-1.123689
-1.556748
-1.750367
-1.769787
-1.679028
-1.361025
-1.626321
-2.066154
-2.863046
-3.051505
-3.043527
-3.183464
-2.579252
-2.542254
-2.186202
-2.411225
-2.313867
-2.063607
-2.432702
-2.512665
-1.806191
-1.822938
-2.225564
-2.178841
-1.643941
-1.600144
-0.399402
0.950190
1.831785
2.600973
3.091409
4.179977
5.197888
6.828792
7.610495
8.934920
10.351532
12.041537
12.455886
14.035949
14.757581
15.264813
15.830598
16.849066
17.384466
18.256120
18.089370
17.946286
17.534283
17.891334
18.041703
17.339980
17.339866
17.717000
17.522024
16.291005
15.451417
15.123181
14.726851
15.095367
14.269265
14.113290
13.374705
12.908229
12.474740
12.225475
11.765042
11.381419
11.074448
10.940939
9.764783
9.369977
9.154329
9.212840
8.393794
7.903191
6.982086
5.703997
4.222389
2.624843
1.447550
-0.137976
-0.974863
-2.489741
-3.776480
-5.127467
-6.668826
-8.415994
-10.014463
-11.766420
-13.418430
-13.900440
-14.195382
-14.480479
-15.599136
-15.720217
-16.520227
-16.032439
-15.723796
-15.176689
-15.563110
-15.356598
-14.677736
-14.991904
-15.280705
-14.554782
-13.058157
-12.307105
-12.240915
-11.658755
-10.961849
-10.246732
-9.735844
-9.213445
-9.049325
-8.372799
-8.268735
-7.424773
-7.217390
-6.871668
-6.202743
-5.712465
-5.660336
-4.881772
-5.180297
-4.552454
-4.124431
-3.539102
-3.697254
-3.178489
-2.737522
-2.882194
-2.776652
-2.994415
-2.364330
-2.102612
-2.114399
-2.056588
-1.294061
-1.081612
-1.011753
-0.601702
-0.894316
-1.723642
-2.352548
-2.474677
-2.605824
-2.799120
-3.306286
-3.705905
-3.882930
-3.978099
-3.292601
-3.233160
-2.727474
-2.329156
-2.381269
-2.320398
-2.112570
-1.823372
-1.840104
-2.071061
-1.579583
-1.907629
-1.811518
-2.098867
-1.827921
-1.512468
-2.099443
-1.635161
-1.769561
-1.827531
-1.248933
-1.061326
-1.692793
-1.827433
-2.218983
-2.622316
-3.035549
-3.148701
-2.966966
-2.675897
-2.376492
-2.268661
-2.119486
-2.751611
-2.953625
-2.474787
-2.106794
-2.310134
-2.398756
-2.095927
-2.660051
-2.376545
-2.074788
-1.786863
-1.257775
-0.917966
-0.872824
-0.954270
-0.809906
-0.707500
-0.507771
-0.873439
-1.539633
-1.532200
-1.486139
-1.255908
-0.796696
0.302836
0.268441
0.584200
1.473407
2.094689
3.448318
4.078331
5.214081
5.853770
6.901355
8.519555
8.994583
10.493578
11.153699
12.244732
13.359624
14.847845
15.810715
17.059319
17.841676
18.725026
19.384839
19.469359
19.386132
19.716971
19.626251
19.228137
18.669294
17.965351
17.135403
16.494877
15.496291
15.240593
15.141145
14.165073
12.651097
12.281741
12.049438
11.294980
10.198102
9.695817
9.137021
8.894794
8.475712
8.414594
7.464471
7.855895
7.293887
7.253663
6.800541
5.786141
4.197493
3.622731
3.107369
2.132321
0.833756
-0.680229
-2.221573
-2.789567
-3.583823
-4.828142
-6.202794
-6.919314
-8.185425
-8.949423
-10.201990
-11.089823
-12.472432
-13.477059
-14.623994
-15.909003
-15.947589
-16.128376
-16.667526
-17.669883
-17.932870
-18.598268
-18.184893
-17.527847
-16.547370
-15.606759
-15.056968
-14.007192
-13.831860
-12.927112
-11.247995
-9.747251
-9.449625
-9.051409
-8.391780
-7.476972
-6.686572
-5.832854
-5.238899
-4.374749
-3.920366
-3.403731
-3.524308
-3.299368
-2.778876
-2.372635
-1.631970
-1.313506
-1.207037
-1.531847
-2.035508
-2.112973
-1.959693
-2.685215
-2.802015
-2.736075
-3.091958
-3.735870
-3.972056
-3.304159
-3.675800
-3.539309
-3.482229
-2.734311
-2.494466
-1.691185
-1.549879
-1.964934
-2.272536
-1.976762
-1.204624
-1.274894
-0.722924
-0.668120
-0.080691
-0.605400
-0.548909
-0.448683
-0.412645
0.109353
0.147775
0.534134
0.665436
0.844102
0.741497
0.502141
0.644255
-0.055603
-0.232026
-0.784862
-1.207872
-1.302070
-0.855939
-0.997084
-0.204127
-0.511532
-0.832046
-1.391113
-1.894173
-1.656830
-1.596967
-0.850213
-0.769897
-0.816158
-0.021670
-0.349216
-1.296952
-1.196113
-0.286277
-0.528367
-0.744915
-0.759576
-1.055785
-1.542719
-1.887387
-1.957574
-2.013361
-1.853530
-1.947766
-1.594283
-2.345945
-2.728524
-2.662840
-3.229754
-3.055789
-3.017923
-2.537518
-2.838254
-2.976602
-2.702767
-2.361951
-1.449462
-1.749437
-0.927410
-0.458353
0.479428
1.335854
2.128841
2.982517
3.777088
5.253203
6.570397
7.102833
7.496466
9.170374
9.661605
10.417422
11.741818
13.071533
14.360977
14.887761
16.102733
16.499786
16.464200
17.068031
17.336038
17.354575
17.486926
17.172784
16.418785
16.022617
15.488468
15.140963
14.048193
13.750567
13.254993
12.651525
12.064423
11.501889
10.976638
10.648539
10.158719
9.805869
9.352334
9.660484
8.515119
7.647452
7.297979
6.990576
6.784349
6.007816
5.045887
3.635950
2.747349
1.613803
1.044228
-0.632819
-1.187489
-2.538940
-3.614132
-4.580837
-5.530319
-7.203058
-8.356305
-9.321353
-11.305918
-11.928085
-13.309883
-13.854669
-14.719281
-15.122868
-15.734584
-16.416613
-16.778884
-16.297902
-16.121077
-16.225218
-15.990774
-15.259826
-14.703508
-14.218686
-13.002183
-12.572219
-11.130669
-11.186786
-10.573294
-10.278754
-10.069419
-9.861924
-9.289872
-8.471641
-8.440514
-7.638514
-7.417319
-7.195207
-6.765824
-6.375268
-6.398803
-6.157022
-5.889062
-5.448794
-4.644846
-4.101549
-3.540408
-3.189108
-3.200383
-3.555958
-2.899082
-2.744419
-2.668893
-1.963446
-1.594422
-1.483291
-1.287774
-0.558372
0.181536
0.579931
0.632519
1.058860
1.032675
1.070863
0.366890
0.417175
0.330978
0.170527
0.138646
-0.558392
-0.855086
-0.698889
-0.556194
-0.315286
0.104083
-0.561217
-0.583035
-1.031387
-0.118321
0.148931
0.294277
0.327772
-0.247243
-0.802994
-0.965893
-1.039879
-0.761521
-0.823207
-0.936657
-0.736945
-1.066984
-0.484324
-0.276287
-0.475318
-0.656670
-0.600187
-1.029637
-1.943321
-2.164908
-1.908017
-1.953027
-2.096804
-2.711561
-2.839730
-3.128696
-3.393503
-2.691593
-2.344239
-2.954600
-3.033409
-2.450555
-2.882015
-3.261801
-3.304967
-3.600819
-3.140526
-2.409046
-2.701832
-2.821407
-2.744116
-1.884643
-1.353210
-1.682482
-1.175202
-0.529013
0.089852
0.242986
0.654990
1.544890
1.811207
2.721771
3.249987
4.364227
5.633443
6.577488
7.332213
8.149792
9.083892
10.074748
10.767330
11.400669
13.217298
13.345035
14.089164
14.766979
15.003981
15.295236
15.837606
15.803835
16.261204
15.905442
16.015138
16.013130
15.618930
15.826334
15.589769
15.189650
14.068278
13.230331
12.429932
11.697908
10.883874
11.103192
10.456741
9.526179
9.787392
8.532160
7.650389
7.927659
7.143792
6.938271
6.000133
5.599125
5.245725
4.210325
3.520493
2.526454
2.104815
1.750423
1.346710
-0.298959
-0.883021
-1.566897
-2.432189
-3.637890
-4.150781
-5.019157
-6.100856
-7.339090
-8.380363
-9.182684
-9.619732
-11.073000
-11.106677
-11.923897
-12.190361
-12.579088
-13.184988
-13.474606
-12.845907
-13.280513
-12.812633
-13.186762
-13.226486
-12.533353
-11.883582
-11.836369
-10.711108
-10.269089
-9.212886
-8.189827
-7.841791
-7.712592
-7.269257
-7.004796
-6.649125
-6.551242
-6.371390
-5.141578
-4.943725
-4.254064
-4.064212
-3.865711
-3.799373
-3.322922
-3.262159
-2.781410
-2.623660
-2.258770
-2.604112
-2.388415
-1.615453
-1.673191
-1.175699
-1.421241
-0.895752
-1.673037
-1.910623
-1.365772
-0.803047
-0.572340
-0.660708
-0.679421
-0.324157
-0.246992
0.194291
-0.031071
-0.468809
-0.148650
-0.194610
-0.436201
-0.437623
-0.808536
-0.378747
-0.103503
-0.211047
-0.313788
0.384347
-0.105418
-0.505313
-0.843989
-1.263429
-1.121124
-1.147663
-1.734603
-1.205987
-0.915696
-1.432384
-1.314135
-1.764708
-2.024713
-2.076811
-1.476844
-1.595117
-1.882559
-1.855243
-1.902599
-1.946339
-1.849930
-2.467728
-2.129857
-2.673763
-2.802342
-2.810135
-2.968921
-3.338753
-3.622308
-3.224630
-3.211354
-3.448278
-3.686517
-3.487720
-3.847211
-3.545308
-3.604093
-4.078286
-4.244912
-4.279426
-3.784902
-3.799410
-3.353023
-2.501411
-2.073495
-1.740166
-1.097620
-0.601398
-0.383170
-0.878150
-0.939015
-0.709356
-0.213523
0.296954
0.631230
1.384411
2.291803
2.732924
3.024291
3.183676
3.481853
4.580508
4.519785
4.979299
4.892568
5.059653
5.418279
5.496638
5.830308
6.390567
6.756061
7.433067
7.733040
7.802782
8.538696
8.020683
7.758298
8.070912
8.287759
8.369659
8.337565
8.427027
8.643888
8.982562
9.387157
9.782846
9.109339
9.363612
9.393748
9.047895
8.792247
8.689694
8.690397
8.884378
8.780338
7.932401
7.795526
7.541315
6.937776
6.927244
7.005330
6.768631
6.523576
6.499344
5.767080
5.586029
5.722630
4.930523
4.194199
4.155474
3.874325
4.195286
3.888346
4.158695
3.983815
4.243657
4.256821
4.481653
4.621080
4.894887
4.514600
4.464470
4.546619
4.995385
5.490976
5.332209
5.863553
6.256719
6.485470
6.268171
6.909512
7.022883
6.836136
6.743636
6.430240
6.050298
5.728058
6.369056
5.564755
5.292946
5.523196
5.377252
4.727475
4.112532
2.863861
1.821725
1.858557
0.682634
-0.749435
-1.773316
-2.827096
-4.491638
-5.826903
-7.239742
-8.488112
-9.120718
-10.585730
-12.577016
-13.503241
-13.905484
-15.014371
-15.840352
-17.904205
-19.423929
-20.704524
-21.838550
-22.017421
-21.517800
-20.605730
-18.997766
-17.676833
-15.704204
-14.031242
-12.778707
-11.392290
-10.590455
-9.558727
-7.924947
-7.367401
-6.585272
-5.795487
-5.987879
-5.811710
-4.912528
-4.357315
-3.715587
-2.744515
-2.357955
-2.804458
-2.539416
-2.301846
-2.394492
-2.335686
-2.250349
-2.096351
-1.550454
-1.573798
-1.863846
-1.920207
-2.216094
-2.839651
-2.881387
-2.363499
-2.498819
-2.416361
-2.350380
-2.679039
-2.411782
-2.200467
-1.755376
-1.662779
-1.525809
-1.347056
-0.997771
-1.217920
-1.192716
-0.841587
-1.107692
-1.228817
-1.221180
-1.246889
-0.717831
-0.548643
-0.868187
-1.413895
-1.664657
-1.048372
-0.471857
-0.173192
0.419387
0.141469
0.270418
0.548528
1.578346
1.551642
2.317125
2.712969
2.389162
3.083761
4.058318
4.931858
6.518135
7.621847
8.626634
9.723048
10.403939
11.580068
12.630891
13.214677
14.551091
15.724122
16.919068
17.186896
17.242419
17.812831
18.042548
17.730118
17.675040
17.419830
17.357897
16.074522
14.932431
13.820194
12.938252
12.166283
12.139556
11.472345
10.798574
10.442274
10.243403
9.602351
9.146788
8.681679
8.185929
8.435267
8.471962
8.276143
7.725108
7.091719
5.879093
5.215143
4.410095
4.408493
3.922010
2.687479
2.323823
1.247458
-0.010284
-0.513968
-1.724957
-3.080466
-4.205495
-5.745403
-6.602676
-8.023612
-9.329940
-9.921015
-10.880730
-11.931376
-12.447826
-13.349817
-13.913315
-14.410995
-14.904454
-15.340858
-15.272461
-15.390758
-15.145957
-14.667047
-14.139342
-13.726242
-12.631255
-11.712158
-10.597790
-9.578341
-8.679393
-8.411442
-8.026063
-6.783607
-6.445673
-6.536460
-5.812005
-5.324154
-5.105053
-4.354110
-4.629285
-4.152134
-4.664137
-4.568923
-4.540413
-4.186421
-3.799860
-3.216672
-3.351196
-3.290149
-3.153893
-3.469543
-3.635819
-3.471816
-3.562062
-3.392415
-2.386209
-2.635341
-1.989382
-1.700454
-1.571584
-1.042155
-1.028140
-0.802311
-0.344994
-0.228150
-0.380559
-0.135567
-0.117321
0.063307
0.835509
0.143682
-0.062177
-0.082524
-0.046843
0.250295
0.131493
-0.165490
0.030399
0.320757
-0.111374
-0.142375
0.460338
0.884349
0.503681
0.407508
0.191111
-0.027223
0.146378
0.051821
-0.803551
-0.708792
-0.986213
-0.419027
-0.230717
-0.723347
-0.001739
0.046477
-0.466212
-0.740090
-1.055933
-0.818931
-0.633961
-0.686739
-0.864629
-0.796824
-0.855169
-1.432941
-1.134529
-1.614393
-1.858921
-1.828707
-2.042293
-1.816332
-2.634321
-3.100388
-3.314164
-2.790070
-3.216121
-2.655206
-3.071867
-3.322713
-3.023451
-2.444351
-2.315536
-2.107792
-2.201994
-1.668389
-1.286990
-1.153393
-0.975821
0.021888
1.022080
1.256557
1.848944
2.674613
4.073921
5.880590
6.566208
7.401577
8.292046
9.886447
11.127593
12.299628
13.420501
13.996921
15.520330
15.674216
15.925196
16.531736
17.281928
17.001708
16.850225
16.248719
16.083650
15.778772
15.322823
15.092113
14.758486
14.097603
13.468947
13.031060
12.774047
12.185897
11.577770
11.141499
11.980349
11.411305
11.077652
10.597132
10.407494
9.659476
9.838852
9.378794
8.557966
8.270869
8.071300
7.576277
6.902895
6.479520
5.697373
5.196954
4.382245
3.351156
1.810694
0.287080
-0.988826
-2.421555
-3.935409
-4.980500
-5.960290
-6.840683
-8.272816
-9.799876
-10.699327
-12.244149
-13.333943
-14.505991
-15.260870
-15.906591
-16.365679
-16.694565
-16.487307
-16.376912
-16.314317
-15.498400
-15.432567
-14.650704
-14.064756
-13.290430
-12.608921
-11.825345
-11.307619
-10.259627
-9.793357
-9.073350
-8.823969
-8.774380
-8.026094
-7.551694
-5.969303
-5.805931
-5.108245
-5.352079
-4.674171
-4.441995
-4.886047
-4.868741
-4.705763
-5.379409
-5.742034
-5.650408
-5.889679
-5.967907
-6.009853
-5.214844
-5.167438
-4.430607
-4.437274
-4.612669
-3.910872
-4.470584
-4.836216
-4.439806
-4.221529
-4.282503
-2.991336
-2.505332
-1.492788
-1.722025
-1.726904
-1.208090
-1.047538
-1.235265
-1.176488
-1.188295
-1.177238
-0.631407
-0.048454
0.167748
-0.249704
-0.033052
-0.298985
0.359476
0.205023
0.326594
-0.243938
-0.025618
-0.139024
-0.726123
-1.214136
-2.273078
-2.196083
-1.880610
-1.712116
-1.450879
-1.256266
-0.815957
-0.773225
-0.750609
-0.530261
-0.218211
0.217554
0.559406
0.588539
0.452405
0.238208
0.301372
-0.127025
-0.571587
-0.384561
-0.566399
-0.221500
0.647462
0.014548
-0.418287
-0.381052
-0.837278
-1.339915
-1.735034
-1.545988
-1.411522
-1.747013
-2.346326
-2.803305
-2.280014
-2.044639
-1.335964
-2.143347
-2.294093
-1.857661
-1.476632
-0.970832
0.453320
0.394114
1.589619
1.883113
2.449959
3.450089
4.482483
5.523449
7.277388
8.711881
10.020719
10.713571
12.397587
12.766011
13.332931
14.588002
16.386391
17.204407
17.408830
18.198408
17.941948
17.904570
17.740826
17.704046
17.943719
18.010647
18.063133
18.201113
17.743541
16.866144
16.159092
14.901153
14.702211
14.503787
13.459688
13.270264
12.499304
11.588900
10.988630
10.663517
10.503382
10.028605
9.778941
9.146413
8.445517
7.826250
7.850618
7.537493
6.890960
6.279333
4.925353
3.725459
3.134441
1.552970
1.165731
1.012772
-0.238329
-0.984663
-2.037580
-3.698773
-5.641176
-7.658569
-9.362313
-10.583770
-11.068335
-12.302449
-13.397170
-14.978026
-15.762247
-16.642658
-17.273538
-17.109047
-17.445562
-17.418948
-17.815691
-18.254095
-18.397407
-18.001673
-17.802927
-16.513865
-16.095882
-14.938201
-13.941423
-13.215657
-12.214518
-10.704027
-10.641466
-9.598583
-8.693713
-7.764029
-7.570260
-7.102884
-6.246075
-5.877143
-5.218697
-4.446407
-3.919800
-3.572153
-2.913102
-3.233230
-3.006759
-3.045641
-2.811945
-2.780916
-2.930378
-3.987332
-4.090799
-4.180343
-4.330064
-4.651896
-3.906743
-3.492456
-3.619920
-2.152393
-2.336332
-2.655501
-2.431430
-2.657161
-2.584551
-2.333240
-2.146812
-1.905155
-2.592651
-1.701198
-1.753930
-1.546420
-1.488133
-1.456540
-1.845900
-1.683011
-2.073109
-2.080188
-2.159359
-2.251653
-2.344028
-2.743993
-2.370110
-2.562051
-2.040490
-2.031183
-2.288021
-2.192146
-2.553825
-2.342266
-1.892648
-1.900628
-1.824936
-2.346075
-2.408556
-2.981944
-2.440607
-1.744327
-1.316459
-0.691640
-0.656517
-0.959015
-0.487201
-0.307579
-0.126852
-0.610927
-0.387495
-1.003787
-1.377955
-0.939720
-1.559940
-1.696896
-1.420190
-1.107282
-0.238661
-0.820919
-0.719234
-0.496688
-0.428947
0.112885
-0.242470
-0.289423
-0.088156
-0.299118
-0.632491
-0.170246
-0.022606
0.479364
0.986419
1.181531
2.073789
2.507321
3.608001
3.000426
3.568352
3.860566
4.146398
5.238579
5.581837
6.421415
7.042193
7.817139
8.715769
9.296537
10.239775
11.182281
12.712116
13.667055
14.071262
14.437448
14.349302
14.706785
15.614664
16.016277
15.613133
15.437809
15.600806
15.648910
15.149324
15.310896
15.011442
14.400017
13.857740
13.771597
12.648911
12.103206
11.601753
10.843463
9.980968
9.734506
9.555346
8.644028
8.490748
8.613368
8.564501
8.432910
7.380429
7.299334
6.402186
5.735996
5.705767
5.093627
4.610379
3.938776
3.576354
2.584099
0.989664
-0.095631
-1.577455
-2.488028
-3.803995
-4.619935
-5.567729
-7.233925
-8.675925
-9.999812
-10.803668
-11.824484
-13.498447
-14.186641
-14.567715
-14.533122
-14.991378
-15.569432
-15.339184
-15.110532
-14.609595
-14.360592
-14.029243
-13.442576
-13.090454
-12.825379
-11.520942
-11.086938
-10.676424
-10.305396
-9.558003
-9.033655
-8.951459
-7.509221
-6.851158
-6.770844
-5.972572
-5.500163
-5.817148
-5.413663
-4.710450
-4.182328
-4.539646
-4.277535
-4.142797
-4.215918
-4.059882
-4.388466
-4.626205
-3.990348
-3.899349
-3.396706
-3.390751
-3.055911
-2.906377
-2.345101
-2.568025
-2.470568
-2.186417
-1.816301
-0.887719
-1.289695
-1.315979
-1.223774
-0.905273
-0.629191
-1.030714
-0.867146
-0.771542
-0.375384
-0.262528
-0.387599
-0.459778
-1.139551
-1.247374
-1.014552
-0.881968
-0.987198
-0.750099
-0.520964
0.448490
0.099176
0.391999
1.338965
0.601779
0.152723
0.273281
0.061796
-0.441618
-0.525129
-0.348153
-1.172911
-1.307542
-1.614176
-1.449994
-1.270736
-1.432176
-1.416057
-1.554490
-1.777722
-2.178935
-1.983332
-2.174985
-2.078315
-1.545546
-1.111227
-1.992513
-1.622817
-1.451849
-1.344413
-1.559152
-2.075341
-1.884124
-1.780219
-1.275265
-1.825821
-1.740194
-1.530049
-1.789575
-1.431742
-1.699151
-2.110457
-1.854997
-1.040934
-0.576549
0.014502
0.320180
0.933626
1.127751
1.562282
1.259763
1.423527
1.089780
2.022333
2.589555
3.399607
4.263444
5.174426
5.482572
6.665097
8.369772
9.004568
9.382548
10.883818
12.740474
13.861981
14.268043
15.146480
15.006133
15.563422
15.939105
15.972628
15.609457
15.997068
15.828629
14.781669
14.080711
14.255064
13.609769
12.802198
11.973451
11.567593
11.198768
10.611056
9.216825
8.928695
8.059542
7.927037
7.418246
7.083156
6.662011
6.389046
6.522832
6.002212
5.454300
5.571733
5.088141
4.566171
3.617080
3.100990
2.511985
1.813257
0.963696
1.007209
-0.628872
-1.859343
-3.276200
-4.445483
-5.634551
-6.347139
-7.336762
-9.153907
-10.353544
-10.366255
-11.384519
-11.903100
-12.796525
-12.822128
-13.271038
-13.320810
-13.946144
-13.504396
-13.049827
-12.676381
-12.083796
-12.047983
-11.401901
-10.949267
-10.299941
-9.876352
-9.307764
-8.889071
-8.636582
-8.089451
-7.881760
-6.784610
-7.067336
-6.039485
-6.268757
-5.619360
-5.706146
-5.477851
-5.816040
-5.364362
-5.234775
-5.324189
-5.309159
-4.807518
-4.812670
-4.540143
-4.187278
-4.485576
-4.133917
-4.349188
-4.234505
-4.469059
-4.042849
-3.348964
-3.240568
-2.722300
-2.234975
-2.022573
-1.500162
-1.230639
-1.100901
-0.572503
-0.420914
0.005236
-0.360041
0.275129
0.461113
0.676215
0.148051
0.409545
0.882876
1.392757
1.774096
2.208748
2.063158
1.494773
0.877387
1.257994
1.406002
1.997747
1.846101
1.609708
1.461512
1.179609
1.029379
1.242053
1.143659
1.505445
1.327020
1.164326
0.775784
0.168977
-0.037257
0.113588
-0.591532
-0.336152
-0.567580
-0.977793
-0.852209
-0.500615
-0.100236
-0.033846
0.373134
0.175805
0.281908
-0.054292
-0.247950
-0.894735
-1.481746
-1.591083
-1.011953
-0.973064
-1.292654
-2.020925
-2.362116
-2.318105
-2.747147
-2.927104
-2.192526
-2.391931
-2.866523
-2.942219
-3.202608
-3.454829
-3.556287
-3.322595
-2.497699
-1.512616
-0.605991
-0.072191
0.281039
1.354526
2.533741
3.188788
4.676235
5.430132
6.737017
7.811024
8.611168
9.652766
10.758421
12.114758
13.554035
14.188544
14.661880
15.213867
15.632740
15.438775
15.782419
15.454105
15.445765
14.839501
14.105165
13.878880
13.226448
12.826506
12.472175
12.020466
12.479307
12.254970
11.711812
10.853700
10.316522
9.319530
9.109523
8.499559
7.885315
7.619341
7.563311
7.192185
7.231755
6.918490
7.023181
6.831170
6.332981
5.882694
5.602957
4.889126
4.089159
2.695488
1.251356
0.451837
-0.537831
-1.808908
-3.026578
-3.967923
-4.884077
-6.248837
-7.411574
-8.008858
-8.806701
-9.461026
-10.592320
-11.097114
-11.871905
-12.566729
-12.828854
-13.676119
-13.711064
-13.864156
-14.015243
-13.911106
-13.464392
-13.019837
-12.733418
-12.083561
-11.608443
-10.435239
-10.800143
-10.555739
-10.053463
-9.372200
-9.119628
-8.361657
-8.032837
-7.412180
-6.932849
-6.217870
-5.485370
-5.604356
-5.326204
-5.066526
-4.537127
-4.463615
-4.425476
-3.836963
-3.397489
-3.321535
-3.713086
-3.129503
-2.649986
-2.521988
-2.627676
-2.195999
-2.001588
-1.757174
-2.242161
-2.001351
-2.091363
-1.786315
-2.548276
-2.629847
-2.787315
-2.501898
-2.835184
-2.228499
-1.727087
-1.958169
-1.821349
-1.061513
-1.140781
-0.744394
-0.695125
-0.422967
-0.283469
-0.584865
-0.641164
-0.375922
-0.120559
0.014448
0.243669
0.498671
-0.439990
-0.649220
-0.786186
0.020768
-0.694214
-0.554748
-0.652936
-0.681259
-0.603303
-0.730510
-0.630949
-0.801828
-1.118902
-1.247016
-1.436382
-1.437450
-1.611259
-1.128226
-1.997078
-1.947397
-2.088790
-1.841725
-2.589622
-2.647653
-2.500771
-2.452661
-2.740091
-2.639059
-2.914134
-2.231583
-2.153387
-2.216463
-2.258878
-1.580951
-1.899224
-2.041924
-1.810740
-1.348259
-1.898734
-1.796447
-1.661945
-1.542610
-1.308067
-1.015573
-0.438425
0.106321
0.654113
1.336360
1.964055
2.039665
2.968299
4.006872
4.979481
5.817965
6.137097
7.601707
8.218848
9.692692
10.904626
11.862659
12.675185
13.612660
14.481427
15.592181
16.440394
17.105139
16.813399
17.197994
17.157016
17.431363
16.837196
16.854272
16.706765
16.695703
15.962233
15.577730
14.979947
14.488238
14.208696
14.362054
13.463369
13.013378
11.836891
11.029823
10.395552
9.929344
9.352650
9.402850
9.096762
8.971558
8.747383
8.264250
7.377194
6.943645
6.077955
5.458701
4.984526
3.990496
3.127502
2.332459
1.360140
-0.104245
-0.750424
-2.217230
-3.312412
-4.208882
-4.984005
-6.266208
-7.526309
-8.885181
-9.669940
-10.307884
-11.410779
-12.176906
-13.299811
-13.440395
-13.978032
-14.273405
-14.568398
-14.708642
-15.073384
-15.165737
-14.153197
-14.181861
-13.755603
-12.861912
-12.159202
-11.216415
-10.376379
-9.969526
-9.522901
-8.889602
-8.258992
-7.219527
-6.932163
-5.983695
-6.094061
-5.586475
-5.273972
-5.219782
-4.997178
-4.275269
-3.659397
-3.088579
-3.201873
-2.810739
-2.810832
-2.961257
-3.003400
-3.948993
-3.506272
-3.522328
-3.319917
-2.871739
-2.649133
-2.648900
-2.367922
-2.325729
-2.206465
-2.508154
-2.718387
-3.176739
-2.697222
-2.607806
-2.357075
-2.322183
-2.797934
-3.345419
-2.822898
-2.545615
-2.658659
-1.797456
-1.608105
-1.548666
-1.369772
-0.755098
-0.242938
-0.573138
-0.317030
-0.602640
-0.140554
-0.675019
-0.421846
-0.925348
-0.542566
-0.399346
-0.951295
-0.600343
-0.156106
-0.602622
-0.121426
-0.079200
-0.236775
-0.675573
-0.685311
-0.856807
-1.116950
-0.756033
-1.231464
-1.493560
-0.913749
-1.135756
-1.420196
-1.804166
-1.748738
-1.831816
-1.714399
-2.487278
-2.894253
-2.805696
-2.967937
-2.262709
-2.163930
-2.782043
-2.904233
-3.071647
-2.788211
-2.563336
-2.202334
-2.358293
-2.513390
-2.064837
-2.432649
-1.581691
-1.856918
-1.269851
-1.158409
-1.206689
-0.145912
0.501097
1.503438
1.959679
2.932525
3.876452
4.895282
5.321600
6.617584
7.618064
8.439301
9.170229
10.381591
11.123474
11.773276
12.522857
13.692312
14.467604
15.842436
16.402897
16.242897
16.747022
16.985043
16.492496
16.258497
16.042300
16.158872
15.535597
14.926873
14.629302
14.646405
14.450568
13.740400
13.339882
12.500865
12.337633
11.718263
11.694579
11.511131
11.112430
10.743026
10.315985
9.955992
10.090349
9.754992
9.663972
8.590691
8.192839
7.464344
6.498088
5.836858
4.476667
3.166424
2.364113
1.161781
-0.360796
-1.840774
-2.922043
-3.634678
-5.467937
-6.717033
-7.702245
-8.106847
-9.189709
-10.158015
-10.671867
-11.802959
-12.085833
-12.786092
-13.779524
-14.337069
-14.182418
-14.973521
-15.230024
-14.570910
-14.659457
-14.031854
-13.832740
-12.553120
-12.455446
-11.688830
-10.663038
-10.434665
-9.950182
-9.551604
-9.132228
-8.364506
-7.900870
-7.365310
-6.750153
-6.228866
-5.498014
-5.089787
-4.780611
-4.874858
-3.868340
-3.926428
-3.868654
-3.979678
-4.280749
-4.231810
-4.267060
-3.655588
-3.611460
-3.712498
-3.768898
-3.357025
-2.811511
-3.028018
-3.051326
-2.631325
-2.375412
-2.010145
-2.701552
-2.414013
-2.279046
-1.852721
-1.508175
-1.586739
-1.764408
-1.600585
-1.482414
-1.815032
-1.235437
-1.293405
-1.643088
-1.515063
-1.319902
-1.392480
-1.937232
-1.715691
-1.783356
-2.543873
-1.542016
-0.895454
-1.250139
-1.072877
-1.148705
-1.193324
-0.691681
-1.364284
-1.363001
-1.720099
-1.797795
-2.066746
-1.889712
-2.236514
-2.489802
-2.343451
-2.270465
-1.867749
-1.641534
-1.256154
-1.441386
-1.193390
-1.609830
-1.319532
-1.073489
-1.401736
-1.370878
-1.328338
-1.894408
-1.771287
-2.412898
-2.178889
-2.417505
-2.875216
-3.158859
-2.613511
-2.662944
-2.734520
-2.424682
-2.731810
-2.054773
-2.299295
-1.933852
-2.089649
-1.998730
-1.721954
-1.293645
-1.303291
-1.114309
-0.082859
0.275307
0.015274
-0.049666
0.960762
1.829292
2.494204
3.221370
3.872092
5.086397
6.061267
7.509359
9.108847
10.822829
11.841572
12.994882
14.252512
15.832388
17.158172
17.711357
18.472584
19.503296
20.133272
20.502054
20.964607
21.561764
20.860936
20.338356
20.430610
19.668785
20.071742
19.509994
18.740610
17.993131
17.630416
17.007838
16.012457
14.803085
14.308684
13.617338
13.037597
12.588991
11.698883
11.911438
11.129250
11.068256
10.546989
9.700961
10.257379
9.605695
8.896887
8.220317
7.792596
7.292827
6.608717
5.586224
4.841283
3.041818
1.497862
0.528719
-0.572991
-2.533682
-3.465729
-5.241595
-6.885623
-7.891264
-9.727952
-10.844344
-11.756010
-13.658348
-14.283822
-15.312323
-15.505245
-16.797103
-17.132462
-17.110759
-17.283824
-17.337639
-16.579587
-16.459302
-16.248116
-15.619133
-15.027830
-13.534933
