-2.683623
-3.064859
-3.037497
-3.165921
-2.774308
-2.588751
-2.137885
-1.840603
-1.782025
-1.230463
-1.458283
-1.738771
-1.073995
-1.025577
-0.794428
0.378728
1.293345
2.354999
3.288290
4.387016
5.542074
6.645921
7.564189
7.917660
9.270599
9.778231
9.988445
10.233239
11.208789
11.909634
12.723961
13.372860
14.164599
15.235742
15.536376
15.527802
14.878819
14.444012
13.173498
12.576282
12.276545
10.900486
10.002422
9.391599
8.301529
7.889508
7.062093
6.681691
6.295931
5.623413
5.952223
5.933107
6.273083
6.304816
6.561265
6.266715
6.460581
6.703185
6.695683
6.856801
6.497574
6.885893
7.042350
6.505408
6.441855
6.526990
5.224098
4.265811
3.312102
2.256074
0.857471
-0.268267
-1.407418
-2.258709
-3.039476
-4.229853
-4.935399
-5.404164
-5.812199
-6.197277
-6.793184
-7.463665
-8.323321
-8.638135
-9.145436
-9.622120
-9.833127
-9.937126
-9.863711
-9.751656
-9.849326
-9.406490
-8.707470
-7.808709
-6.328869
-5.263821
-4.752581
-3.945267
-3.928126
-3.885426
-3.846051
-4.119279
-4.335894
-4.196143
-3.412148
-3.393983
-3.318870
-3.296921
-3.498308
-3.725534
-4.098736
-4.151133
-4.641341
-4.648274
-4.414937
-4.701840
-5.161257
-4.504395
-3.830046
-3.706891
-4.021324
-3.087451
-3.018152
-2.683104
-2.473251
-2.188030
-1.822471
-1.762026
-1.281732
-1.262543
-1.021300
-0.527495
-0.835511
-0.590600
-1.378689
-0.817724
-1.085541
-1.021797
-0.503809
-0.122169
-0.265306
-0.471886
-0.715426
-0.880564
-0.951488
-1.269557
-1.815710
-1.846979
-2.288346
-2.219183
-2.178512
-1.347803
-1.119538
-1.442796
-1.521953
-2.236039
-1.836569
-2.282049
-2.433508
-2.492636
-2.877306
-2.616688
-2.453406
-1.936676
-2.092137
-2.067841
-2.012409
-1.862089
-2.627757
-2.923996
-3.171376
-2.631248
-2.883882
-2.941808
-3.264281
-3.139064
-3.081288
-3.407654
-3.120830
-3.361150
-3.538714
-3.685305
-3.644511
-3.376505
-3.579957
-2.665789
-2.668515
-1.614818
-1.370434
-1.357916
-1.146626
-0.370736
0.183913
0.723849
1.912169
2.717213
3.113390
3.772755
4.767138
5.547137
6.946505
7.840197
8.625254
9.725780
10.927202
11.839500
12.643638
13.141316
13.937302
14.786008
15.535312
16.629984
17.254377
17.115690
16.219501
15.439241
15.004983
14.013690
13.342481
12.552127
11.545005
10.381695
9.022028
7.846213
7.107823
6.616015
6.007765
5.936584
6.535296
6.707815
6.720634
7.065385
7.297536
7.640314
7.529204
7.710548
7.530251
7.543961
6.774880
6.641255
6.264955
6.367219
5.831628
5.297682
4.571530
3.973054
3.331668
2.493216
1.728026
1.019556
0.378048
-0.726152
-1.929740
-3.441733
-4.806020
-6.016160
-6.978349
-7.286855
-8.117216
-8.417767
-9.218862
-9.494948
-10.223897
-10.748581
-10.599892
-10.694562
-10.565126
-11.030947
-10.657437
-10.522963
-10.217406
-9.326623
-8.020391
-7.470436
-6.345476
-5.631844
-5.119072
-4.571245
-4.804118
-5.043048
-5.230920
-5.131235
-4.886829
-4.877450
-4.488535
-4.758597
-4.747823
-4.522207
-4.608989
-4.033186
-3.986400
-4.315298
-3.926640
-3.955373
-4.144846
-3.890574
-4.444725
-4.420139
-4.398247
-4.810305
-4.308999
-4.437951
-4.552886
-3.581561
-2.533399
-2.196274
-1.803701
-1.586360
-1.927539
-1.635345
-1.265963
-1.035983
-0.587700
-0.547058
-0.781370
-0.710830
-0.574162
-0.413912
-0.119988
-0.285019
-0.377312
-0.485113
-0.537648
-0.729455
-0.817516
-1.122499
-1.413421
-1.389434
-1.862469
-1.944669
-1.658851
-2.103319
-2.065327
-2.477007
-2.091711
-3.014511
-2.587131
-2.333316
-2.735819
-2.555382
-2.731605
-2.951402
-2.699092
-3.120505
-2.660228
-2.293388
-2.102688
-2.188138
-2.136585
-1.775843
-1.440347
-1.489818
-1.138574
-1.298878
-1.527743
-1.943112
-1.865519
-1.902560
-1.640920
-1.249564
-1.305346
-1.314177
-1.434492
-1.687646
-1.770987
-1.416104
-1.395439
-1.493650
-1.293331
-0.918872
-0.559444
0.309421
0.807917
1.711038
2.049362
2.443615
3.207295
4.452188
5.427811
6.713701
7.121076
8.446649
9.750831
10.863423
11.808656
12.594157
13.376316
14.068765
14.749659
15.716219
16.035083
16.906857
17.301134
17.745330
17.014235
16.251705
15.298276
14.662538
13.306023
11.883157
10.465979
9.830008
8.261095
7.158193
6.870343
5.728463
5.558079
5.150508
5.673423
5.638571
5.545708
5.569738
6.003526
6.475720
6.916114
7.010014
7.000682
7.069778
7.513534
7.058581
6.853971
6.701616
6.260955
5.810876
4.698916
4.023962
3.529194
3.221153
1.911112
0.658095
-0.779869
-1.755067
-2.970445
-4.292643
-5.170857
-6.695035
-7.383500
-8.005512
-8.758716
-9.717389
-10.260381
-10.612445
-11.215855
-11.536394
-12.065398
-11.898755
-12.206925
-12.354196
-12.199570
-11.639510
-10.969813
-10.343702
-9.865219
-8.737094
-7.958316
-6.763654
-6.207832
-5.813838
-5.197525
-5.469273
-5.343358
-5.077489
-5.540196
-5.059554
-4.815759
-4.840282
-5.181960
-5.324639
-5.273735
-5.799343
-5.344196
-5.499056
-5.766657
-5.637262
-5.944509
-5.506339
-4.710925
-4.443627
-4.705385
-4.199459
-3.947103
-3.439840
-3.109528
-2.956409
-2.446595
-1.943957
-1.478273
-1.375352
-1.061265
-0.472536
-0.197759
-0.326775
-0.181285
0.267091
0.584022
0.360960
0.207118
0.184932
0.012099
0.100494
0.347863
0.326034
0.430649
0.054671
0.054222
0.711385
0.113028
0.387089
0.444236
0.139827
0.069348
0.156267
0.074389
0.439564
-0.372676
-0.516457
-0.321699
-0.364800
-0.117089
-0.915615
-0.839581
-1.157441
-1.248943
-1.476417
-1.326782
-0.942630
-1.445525
-2.395060
-2.377894
-2.222075
-1.892679
-1.869662
-1.805118
-1.844729
-1.882664
-2.277987
-2.646056
-2.363490
-2.588608
-2.817935
-2.731423
-2.779510
-2.645894
-2.650521
-2.659938
-2.459084
-2.527559
-1.922203
-1.414584
-0.817650
-0.881006
-1.084252
-0.875001
-0.456440
0.563416
1.140520
1.587240
2.917320
3.820480
4.829761
5.899723
7.221898
8.019898
8.356159
9.843293
10.612542
11.400197
12.099694
12.891236
13.835141
15.045921
16.023410
16.791573
17.454014
17.217047
16.637641
15.773767
14.806103
13.917362
12.784655
11.827036
10.567388
9.690600
8.354561
7.566563
6.934090
6.736123
6.737864
6.277462
6.270975
6.370366
6.185489
6.820968
6.895608
7.658306
7.271831
7.243854
7.150325
6.885462
6.932637
6.371459
6.004219
6.207298
6.145780
6.052987
5.021706
4.091206
3.413256
2.314379
1.116599
-0.234762
-1.598400
-3.285998
-4.425736
-5.596961
-7.014848
-8.231048
-8.951627
-9.629485
-9.886020
-10.335231
-10.628846
-11.136765
-11.217994
-12.021890
-11.774030
-12.065917
-11.858595
-11.498156
-11.340122
-10.851422
-10.918157
-10.181153
-10.078043
-9.105110
-8.442276
-7.381203
-6.714180
-6.259514
-5.960971
-5.562560
-5.378300
-5.225003
-4.788618
-4.697302
-4.902804
-4.584448
-4.602540
-4.573751
-4.737929
-4.867105
-4.685682
-4.714374
-5.286574
-5.079389
-5.260001
-5.493733
-5.204007
-5.291920
-5.140941
-4.748592
-4.796037
-4.598666
-4.171514
-3.694497
-3.247315
-3.046773
-2.593238
-1.993403
-2.200277
-2.127809
-2.314857
-2.354648
-2.031735
-2.547100
-1.784815
-2.288295
-1.774318
-2.339072
-2.215773
-1.962802
-1.836250
-2.105408
-2.656116
-2.679123
-2.789678
-3.347288
-3.510544
-3.531969
-3.465007
-3.318355
-3.601767
-3.518240
-3.971448
-4.388304
-4.427635
-4.650211
-4.680984
-3.849577
-3.837370
-4.034301
-3.988909
-4.146985
-4.341684
-4.036990
-4.213727
-4.090635
-3.632102
-4.191771
-4.399689
-4.247984
-4.667339
-4.124155
-3.389822
-3.292889
-3.396767
-3.600617
-3.355770
-2.775066
-3.436820
-3.130114
-2.249304
-2.167372
-2.168659
-2.243623
-1.950789
-2.173977
-1.702626
-1.568084
-1.271980
-0.743282
-0.631927
-0.305930
1.069151
1.524955
2.513579
2.908319
4.224794
4.627167
5.678025
6.058421
6.928929
7.946292
8.842331
10.120939
10.780887
12.039846
12.823899
13.774211
14.190036
15.064414
15.917642
16.680278
17.595288
18.100251
17.915847
17.431349
16.794236
15.445588
14.433419
13.859886
12.435908
11.880605
10.802350
9.303559
8.211743
7.615395
7.231839
6.906446
6.986773
7.221084
7.159614
6.284431
6.494689
6.533941
6.711126
6.599057
6.782963
6.745041
6.772719
6.248765
5.936820
5.218812
4.922105
3.966343
3.441754
2.515178
1.679473
0.922183
0.329548
-0.082582
-0.958200
-1.928775
-3.648990
-4.197249
-5.641494
-6.241548
-7.757922
-8.317778
-8.947038
-9.902398
-10.164723
-10.708302
-11.195098
-11.518544
-11.597139
-11.403618
-10.991672
-10.826485
-10.369378
-9.813230
-9.360902
-8.467307
-8.138324
-7.305486
-6.294115
-6.014691
-5.065956
-5.541104
-5.600588
-5.558849
-5.153801
-5.159623
-4.822200
-5.053602
-5.633710
-5.322888
-5.363906
-5.658752
-5.989608
-5.303858
-5.594333
-5.649158
-5.457808
-5.520531
-5.265934
-4.895394
-4.311611
-3.939990
-3.483016
-2.899218
-3.089538
-3.094750
-3.184362
-2.578712
-2.666000
-2.153913
-2.058969
-1.628370
-1.682371
-1.802520
-1.008844
-0.900057
-0.543377
-0.369933
-0.967175
-0.603092
-1.174221
-1.115683
-1.205839
-1.456515
-1.216888
-1.241114
-1.937088
-1.170242
-1.004277
-1.659918
-1.239537
-1.728318
-1.181829
-1.362492
-2.182122
-2.478162
-2.667282
-2.779637
-2.309234
-1.834745
-2.290955
-2.125043
-2.068684
-1.645634
-1.894882
-1.939674
-1.350508
-0.894341
-1.497938
-1.374288
-1.610237
-2.232235
-2.421348
-3.048909
-3.502784
-3.256985
-2.894903
-2.359293
-2.559260
-2.261493
-2.059487
-1.809543
-1.828366
-1.642473
-1.279335
-1.657393
-1.721047
-1.943030
-1.870939
-1.266347
-1.286500
-1.163381
-1.032260
-0.461391
0.076191
0.716216
1.478446
2.635413
2.922474
3.243933
4.662178
5.506814
6.426632
6.476786
6.889476
7.932227
8.430098
9.545596
10.148012
10.511862
11.877296
12.381145
12.711405
13.693549
14.293864
14.632886
14.843396
13.929677
12.901114
12.356291
11.404392
10.554405
10.090845
9.034502
8.624501
7.321578
6.494213
6.042226
5.725709
5.562909
5.245647
4.803253
4.763093
5.286541
5.401940
5.500587
5.667759
5.719005
5.388487
5.393638
5.617446
5.276941
5.063565
4.415126
4.250984
3.492674
3.030977
2.431222
1.497590
0.385261
-0.131381
-1.714198
-2.065444
-3.361876
-3.670034
-3.915680
-4.951402
-5.195682
-6.335998
-7.312540
-7.264878
-8.514742
-8.643011
-9.194562
-9.447288
-9.462022
-9.782630
-10.311161
-9.915603
-9.262127
-8.690309
-7.613613
-6.543892
-5.743630
-5.603976
-5.072026
-4.895050
-4.739749
-5.053187
-5.145269
-5.006606
-4.808634
-5.301703
-5.088663
-5.591718
-6.084421
-6.146352
-6.407894
-6.580698
-5.952862
-6.263881
-6.783093
-6.445041
-5.905696
-5.667992
-5.657440
-5.167077
-4.957174
-4.878831
-4.650617
-3.813843
-3.280486
-2.906900
-2.637696
-1.945127
-1.744614
-1.687024
-1.179199
-0.929215
-0.843781
-0.264074
-0.407766
0.137566
-0.153056
-0.062827
0.220700
0.001296
0.419621
0.849806
0.983261
0.803612
0.704026
-0.027857
-0.715133
-0.688432
-0.377790
-0.255401
-0.055069
-0.661633
-0.413688
-0.563272
-1.453533
-1.137608
-1.374093
-1.625583
-1.095991
-0.746058
-0.719834
-0.313862
-0.157576
-0.345024
-0.496174
-0.634301
-1.000973
-1.451992
-1.221820
-1.268830
-1.799924
-2.165662
-2.314278
-2.583072
-2.775747
-3.427566
-3.521299
-3.759011
-3.950277
-3.379886
-3.096252
-2.792231
-2.437395
-2.514276
-2.118074
-2.434278
-2.131062
-1.709730
-1.589445
-1.731567
-1.550757
-1.654602
-1.270714
-0.436780
0.396301
1.403430
2.303350
3.464816
4.136231
4.954939
5.668957
6.571808
7.569046
7.641323
8.331079
9.839283
10.081175
11.613985
12.219924
12.826021
13.806651
14.815850
15.282415
15.336780
15.342032
15.744435
15.904495
15.337154
14.328898
13.155347
11.947800
11.228284
10.328197
9.645204
8.842521
7.681319
7.477077
7.161298
6.649337
6.591411
6.177040
6.032461
5.741188
5.530180
5.709329
5.390341
5.892291
5.937205
5.455670
6.248157
6.429432
5.998749
5.852272
5.142373
4.754164
4.021500
3.189167
2.253763
1.391676
0.283984
-0.809119
-1.464750
-2.290816
-2.923817
-3.140156
-3.992695
-4.621180
-5.699005
-6.729041
-7.753802
-8.435324
-9.375078
-10.183411
-10.652370
-10.795781
-10.875476
-11.004267
-10.616890
-10.189856
-9.757524
-9.079029
-8.266331
-7.451927
-6.406640
-5.744880
-5.092604
-4.475964
-4.057160
-3.815780
-3.585171
-3.742647
-3.524315
-3.143171
-2.959929
-2.870971
-2.678661
-2.725678
-2.843772
-3.320020
-2.867180
-3.628884
-3.840696
-4.263301
-4.141985
-4.183100
-4.676278
-4.272125
-4.290793
-3.939835
-4.093532
-3.903501
-3.408857
-3.341770
-2.883913
-2.534073
-2.240086
-1.733161
-2.048427
-1.087796
-0.881908
-1.056017
-0.622379
-0.390069
-0.857697
-0.583360
-0.587465
-0.979676
-1.599865
-1.587675
-2.185494
-2.639960
-2.151661
-2.249155
-2.389266
-2.500418
-1.907719
-1.792711
-2.085845
-2.138584
-2.359018
-2.376402
-2.412148
-2.833778
-2.966585
-3.407470
-3.287432
-3.019250
-2.708163
-3.039130
-2.942820
-2.860153
-2.786455
-2.488536
-2.195968
-2.010466
-1.856709
-1.117451
-1.592586
-1.122226
-1.426598
-1.732311
-1.647938
-1.926846
-1.806715
-1.752201
-2.214822
-2.662150
-2.729962
-2.556053
-2.996205
-2.675244
-1.870272
-2.393672
-1.813683
-1.669281
-1.671481
-0.860943
-0.197829
0.445041
0.583588
1.635417
2.847334
3.160258
3.653758
4.744376
5.068066
5.786947
6.710092
7.531867
8.381861
9.276844
10.683709
11.074787
12.454562
13.058772
14.143792
15.037390
15.294440
16.109405
16.418215
16.799467
16.384648
15.870636
15.369589
13.846571
12.809097
11.707506
10.606884
9.637868
8.250906
7.396820
7.066477
6.521430
5.763255
5.456460
5.492846
5.517881
5.688172
5.665863
5.595421
5.395970
5.544695
5.487341
6.129044
5.867062
6.496727
6.462998
6.078257
5.867308
5.437800
5.433711
4.372103
3.366282
2.289050
1.613640
0.648750
-0.137096
-0.910589
-2.061062
-3.173321
-4.005064
-4.660722
-6.342645
-7.297481
-8.036621
-8.357268
-9.884777
-10.053529
-10.496722
-10.936052
-11.053044
-11.376696
-11.462891
-11.064461
-11.174087
-10.761122
-10.495297
-9.953392
-9.725416
-9.094254
-7.988946
-7.901276
-6.891966
-6.072802
-5.447554
-5.067536
-4.919476
-4.553399
-4.547539
-4.551246
-4.470069
-3.865963
-3.761963
-3.753764
-3.364947
-3.647182
-4.369999
-3.955120
-3.905055
-4.001711
-4.078029
-4.443264
-4.254429
-4.198366
-3.854655
-3.610844
-3.008034
-2.566392
-2.731473
-2.476429
-1.651432
-1.406138
-1.116132
-0.824291
-0.009996
0.073299
-0.039342
0.771520
0.513233
0.249049
-0.063814
-0.513221
-0.413140
-0.256652
-0.290688
-0.084095
-0.437400
-0.379518
-0.927211
-0.770787
-0.566470
-0.557905
-0.371805
-0.656930
-0.867113
-1.190538
-1.493050
-1.724326
-2.029597
-1.950065
-2.094844
-1.775114
-1.411616
-1.344661
-1.440613
-1.710455
-1.864538
-1.413967
-1.557228
-1.581179
-1.986983
-1.391598
-1.277089
-1.191991
-1.007299
-1.193779
-1.421953
-1.749693
-2.229274
-2.480751
-3.007623
-3.360874
-3.743626
-3.602923
-3.589914
-4.089481
-4.305788
-4.980859
-5.313111
-5.292946
-4.902220
-4.278306
-3.818875
-3.411959
-3.340363
-3.174787
-2.602305
-1.731286
-0.762081
0.207625
1.139429
1.614789
2.148150
3.759451
5.127293
6.094570
7.301082
8.434734
9.629592
10.734000
11.098050
12.457917
13.487493
14.463226
15.202505
15.679711
15.570307
16.221481
15.971581
15.404552
14.558504
13.715202
12.158150
11.201647
9.853755
8.332809
7.538022
6.487443
5.265332
5.046474
5.108561
4.857688
4.768198
4.959530
5.221770
5.403765
5.856980
6.340331
7.318239
7.751602
8.252745
8.207719
8.258467
8.113458
8.011590
7.600729
7.471895
7.120169
6.788523
6.589571
6.204371
5.279489
4.262224
3.675259
2.238615
1.195699
0.273291
-1.172842
-2.376347
-2.941574
-4.207032
-4.693436
-5.955621
-7.228824
-8.587569
-9.647874
-10.090699
-10.495921
-11.094574
-11.162427
-11.124261
-11.338044
-11.542569
-10.653355
-10.704681
-10.637158
-9.649418
-8.914121
-8.481775
-6.862627
-6.004812
-5.456110
-4.664216
-4.068103
-3.787422
-4.058914
-3.920772
-4.517323
-4.382384
-4.522831
-4.128134
-4.142699
-4.212656
-4.307477
-3.897122
-3.682396
-3.557397
-4.049510
-3.485892
-3.945897
-4.238713
-4.922937
-5.158956
-4.507250
-4.261078
-4.249174
-4.041101
-3.943967
-3.337585
-2.708149
-2.987918
-2.976873
-2.878678
-2.477067
-2.577839
-2.121308
-2.033379
-1.931446
-1.483101
-1.388262
-1.605643
-1.603888
-1.531004
-1.458350
-2.066473
-1.662886
-0.893959
-1.190275
-1.042907
-1.022957
-1.498039
-1.419804
-1.252900
-1.653059
-1.885051
-2.068127
-2.259091
-2.386136
-1.884023
-1.853000
-1.937471
-1.918120
-1.970512
-1.782676
-2.193164
-2.048923
-2.488025
-2.709882
-2.313360
-2.734657
-2.666507
-2.342753
-2.420448
-2.761144
-2.812863
-3.045870
-2.582728
-2.719085
-3.002003
-3.202957
-3.674138
-3.474393
-3.751195
-3.565813
-3.914347
-3.207549
-3.633883
-2.894790
-2.704904
-2.618098
-1.755251
-1.442360
-1.432642
-1.359794
-0.887675
0.167196
0.545632
1.402451
2.836561
3.192397
4.442395
5.466747
6.733128
7.735291
9.314530
10.327301
11.228540
12.533144
13.232456
14.548962
15.035170
16.502020
17.638977
18.569090
19.148914
19.349372
19.100014
19.308618
18.576976
17.507936
15.855560
14.384404
12.865847
11.409559
10.295936
9.499272
8.666370
7.565662
6.948266
6.790340
6.276789
5.911770
5.737491
6.139486
5.976669
6.618050
6.590135
7.269885
7.272480
7.550413
7.545802
6.874394
7.000822
7.150153
7.266763
7.050256
6.630362
6.003275
4.955905
3.940424
2.908068
1.440122
0.082183
-1.146725
-2.406665
-3.670534
-4.849998
-5.576847
-7.005373
-7.808780
-8.888594
-9.648293
-11.035977
-11.830780
-12.759179
-13.029223
-12.916419
-13.050726
-13.662083
-13.358706
-12.922797
-13.053000
-12.243318
-11.339461
-10.637063
-9.293254
-8.624896
-7.864421
-6.904710
-5.955483
-5.188598
-4.452341
-3.380587
-3.009063
-2.611139
-2.308637
-2.864676
-2.695275
-2.728780
-2.550383
-2.974829
-3.571694
-3.161222
-3.563773
-4.027534
-4.322050
-4.350664
-5.151857
-5.489970
-5.558866
-5.786339
-5.471755
-5.182095
-4.942339
-5.040417
-4.657512
-4.548455
-4.184728
-4.432564
-3.796607
-3.965795
-3.435008
-2.781409
-1.983325
-1.994791
-1.695144
-1.819155
-2.114059
-1.543038
-1.142622
-1.297023
-1.363407
-0.863993
-0.936171
-1.198169
-1.510938
-1.681022
-2.039194
-1.986296
-2.374464
-2.860803
-2.895154
-2.673435
-3.256311
-2.871366
-3.479950
-3.865213
-3.251403
-3.527435
-3.318613
-3.553124
-3.360848
-3.024723
-3.188088
-3.064971
-2.943182
-2.692670
-2.147534
-1.611458
-1.516288
-1.257119
-1.146823
-1.432180
-0.970337
-1.321326
-1.209261
-1.142858
-1.114216
-0.767475
-1.068982
-1.023401
-0.437066
-1.221159
-1.459116
-1.734257
-1.541855
-1.861175
-1.583430
-1.423097
-1.600309
-1.354793
-1.472053
-0.966092
-0.444198
-0.192208
0.360052
1.402825
1.685862
2.304885
3.071993
4.098067
4.878866
5.766701
6.422171
7.725072
8.766627
9.641493
10.985680
11.895172
12.968132
13.652383
14.434213
15.282889
16.357125
16.797476
17.060696
17.097612
16.217137
14.978023
13.846657
12.574338
10.889901
9.454356
9.082681
7.922974
7.718381
6.849451
5.762638
5.071560
4.869551
5.264544
4.928661
4.832281
4.911458
5.307940
5.163452
5.138568
5.520793
5.714223
5.967132
6.018927
6.023723
5.993977
5.113704
4.249089
3.808419
3.169730
2.388392
1.746419
1.244149
0.492342
-0.963769
-1.013164
-2.426834
-2.852218
-4.212183
-5.348284
-6.506209
-7.431463
-8.700881
-9.156639
-9.920441
-10.414120
-10.496866
-10.975009
-11.254408
-11.643453
-11.641016
-11.504168
-11.091251
-10.716467
-9.465232
-8.813477
-7.742497
-7.102595
-6.587029
-6.436663
-5.644727
-4.847523
-4.710967
-4.662171
-5.210051
-5.066361
-4.491892
-4.465602
-4.394851
-4.536244
-4.605031
-4.803558
-4.535310
-5.021490
-5.357419
-5.371913
-5.077163
-4.792643
-4.734248
-5.115607
-4.859622
-4.902465
-4.043855
-3.756349
-3.690902
-3.096016
-3.592558
-3.574466
-3.497684
-2.766034
-2.439930
-1.427421
-0.742256
-0.292829
-0.747224
-0.121994
-0.291421
-0.498822
-0.533844
-0.285883
-0.515499
-0.678392
-0.426843
-0.904461
-1.166324
-0.927948
-0.595477
-0.661674
-0.601602
-0.723764
-0.692104
-1.038192
-1.260318
-1.467228
-1.488020
-1.166393
-1.074104
-1.046288
-0.977043
-1.062506
-0.865150
-1.131691
-1.063120
-1.579596
-1.165670
-0.287483
-0.022422
-0.361460
-0.651851
-0.907821
-0.306430
-0.664784
-0.906841
-1.322622
-1.949526
-1.670297
-1.645698
-1.056548
-1.070268
-1.660711
-1.741299
-1.922770
-2.581366
-2.792613
-2.995323
-2.739277
-3.070607
-3.655860
-3.486557
-3.504615
-3.564616
-3.048942
-2.205165
-2.294380
-2.084841
-1.234566
-1.438796
-0.800973
-0.157801
0.062528
1.072981
1.673395
2.387511
3.143776
4.075481
5.227331
6.334863
7.014721
7.383707
8.430507
9.362000
10.177866
10.719854
11.378496
12.316293
12.794345
12.980569
13.381685
14.134666
14.390314
14.365430
13.129289
12.801471
12.274374
11.569221
10.515306
8.969467
7.791143
6.549372
5.589335
5.622723
5.177509
4.518614
4.738506
4.525490
4.373252
4.287139
4.546726
5.122809
4.946602
4.547348
4.973296
4.719780
4.398975
4.077594
4.535603
3.772600
3.319737
2.788859
2.351751
1.736166
1.078370
0.193427
-0.088034
-1.343668
-2.413002
-3.337854
-4.545384
-5.007584
-5.938336
-6.841029
-7.661744
-8.458125
-8.674554
-9.012803
-9.442997
-9.463793
-10.195099
-10.574142
-11.091867
-10.781486
-10.330295
-9.185663
-8.536458
-7.638845
-7.120865
-6.336050
-5.886471
-5.476776
-5.209313
-4.667388
-4.841209
-5.095274
-4.959863
-5.172181
-5.015025
-4.825276
-4.846627
-4.684777
-5.276064
-5.313852
-4.598331
-5.038388
-4.705376
-5.202784
-5.309944
-5.670158
-5.437679
-5.648367
-5.048530
-4.756079
-5.034182
-4.623166
-4.136185
-3.473902
-2.966993
-2.130797
-1.331111
-1.189034
-1.148724
-0.711213
-0.293612
-0.062289
0.461722
0.775138
1.360092
1.854738
1.729527
1.855874
1.591906
1.021942
0.654140
0.871327
0.151666
0.042749
-0.442726
-0.604890
-0.983550
-0.644391
-0.764047
-1.303539
-1.689476
-1.928051
-2.025183
-2.116952
-1.481583
-1.415504
-2.151327
-1.813010
-1.932455
-1.175214
-1.383465
-1.666125
-1.844505
-2.066752
-1.826075
-1.301445
-1.089360
-1.164097
-1.162715
-0.834428
-1.219840
-0.688332
-0.634728
-0.784450
-1.396530
-1.473496
-1.827572
-1.798726
-1.531400
-1.424263
-1.596369
-1.707855
-2.444033
-2.531963
-2.617171
-3.236820
-3.910184
-3.697828
-3.178044
-2.572560
-1.282310
-0.316729
-0.006098
0.592789
0.650192
1.383053
1.892621
3.370288
3.789534
4.725345
6.035745
6.996686
7.899276
8.412562
9.792400
9.897914
10.279874
11.496997
11.833911
12.794287
13.248665
13.984913
14.299376
15.049147
15.476867
15.677917
15.175664
14.184065
13.683466
12.475355
11.280018
10.293364
9.147749
7.941021
7.336700
6.525077
5.880262
5.663666
4.972446
4.615298
4.811094
4.669447
4.475309
4.846333
5.177801
5.293396
5.409331
5.742271
6.348955
5.749787
5.636656
5.087174
4.814014
4.622134
4.518073
4.034580
3.639655
3.033414
1.909606
1.350808
-0.060791
-1.289484
-2.119726
-2.808397
-3.254682
-4.955156
-5.480759
-6.561106
-7.261706
-7.583553
-8.304997
-8.761052
-9.879429
-9.917389
-10.595096
-10.475215
-10.697842
-11.218267
-10.738563
-10.678848
-9.938410
-9.014083
-8.657368
-7.313034
-6.250335
-6.324005
-5.582926
-5.282167
-5.450804
-4.976996
-4.655001
-5.218317
-4.827821
-4.537099
-4.441877
-4.552862
-4.808771
-4.632328
-4.831342
-4.436282
-3.799477
-4.143585
-4.235282
-4.312960
-4.355153
-4.881389
-4.706168
-4.737260
-4.413394
-3.900663
-3.310008
-2.708447
-2.207237
-1.423848
-1.752185
-1.383587
-1.208222
-1.406680
-0.772814
-0.815922
-0.649827
-0.408731
-0.128369
0.529723
0.446023
0.937739
0.409254
0.279948
0.466651
-0.153105
0.145635
-0.101875
-0.581442
-0.734390
-1.714841
-2.190305
-2.243349
-2.655069
-2.336711
-2.128092
-2.351681
-2.445172
-2.007555
-2.029043
-1.939256
-1.723794
-1.851662
-1.962545
-2.158230
-2.032897
-2.731037
-3.118971
-2.892129
-2.726222
-3.028346
-2.704110
-2.168197
-1.928262
-1.376133
-2.081858
-2.202684
-2.572299
-2.956938
-3.090627
-3.289612
-3.026300
-3.125351
-3.485186
-3.412638
-3.328441
-2.956933
-3.251979
-2.917983
-2.827443
-2.444693
-2.282683
-1.863388
-1.259522
-1.034406
-1.034153
0.167898
0.544396
1.195468
1.914337
2.786046
4.056724
4.976261
6.098612
6.743833
7.525788
8.080247
9.142908
9.863123
10.412417
10.589699
11.223228
12.318614
13.294324
14.163714
14.653594
15.255597
15.522999
15.753035
15.187906
14.347160
13.792515
12.174140
10.883795
9.170725
7.857854
7.409863
6.909847
6.112800
5.949951
5.405544
5.196019
5.396823
5.295896
6.128616
6.591448
6.327101
6.635158
6.213025
6.182109
6.689187
6.361818
6.290132
6.169003
6.368940
6.085791
6.257338
5.713944
5.741238
5.220299
4.666874
3.976742
3.223690
2.249279
1.469111
0.483316
-0.584575
-1.539743
-2.748894
-3.421256
-4.725026
-5.175868
-6.042365
-7.029737
-7.667355
-8.105778
-8.275587
-8.822680
-9.152453
-9.354576
-9.102167
-9.163121
-8.712850
-7.769887
-7.037840
-6.170535
-4.809085
-4.269388
-4.058712
-3.657214
-3.271738
-2.955865
-3.237090
-3.411996
-3.352963
-4.138664
-4.896694
-5.018512
-5.292207
-5.503020
-5.984562
-6.535104
-6.567141
-6.463569
-6.515924
-6.773436
-6.581959
-6.942731
-6.659309
-7.188736
-7.351342
-7.327265
-6.941310
-6.842047
-6.484519
-5.894866
-5.404508
-4.941898
-4.526229
-4.156606
-3.781296
-3.832799
-3.022913
-2.765505
-2.592718
-2.378859
-1.866889
-1.949390
-1.856841
-1.996279
-1.942771
-2.066107
-2.020055
-2.305281
-2.674414
-2.619258
-2.326704
-2.732438
-2.329033
-2.216185
-2.462629
-2.693682
-2.720344
-2.519424
-2.455590
-2.119668
-2.076770
-1.784305
-1.924823
-1.892677
-0.903631
-0.441523
0.244843
0.360253
0.053506
0.350981
0.039336
0.132664
-0.118113
-0.117564
-0.163141
-0.103450
-0.400488
-0.646169
-0.918372
-0.606386
-0.910978
-0.658250
-0.972100
-1.190284
-0.961650
-0.965605
-0.543457
-0.801773
-1.410908
-1.499594
-1.825332
-1.765442
-1.713403
-1.486720
-0.921892
-0.561458
-0.396359
0.312302
1.048587
1.692832
2.383669
2.835887
3.641895
4.315927
4.887816
5.540308
6.774140
7.668760
8.320226
9.320596
10.105618
11.499729
12.142780
13.689518
14.385147
14.768005
15.317150
15.783084
16.239178
16.157915
15.589858
15.188328
14.191049
13.320025
12.368511
11.072973
9.938822
9.253809
8.177008
7.405194
6.638588
6.084762
5.936826
5.547923
5.964961
5.718291
5.333275
5.736620
5.951612
7.184264
7.478510
8.200624
8.302932
8.639348
8.472710
7.913265
7.870299
7.163480
6.186089
5.349118
4.327647
4.007708
2.792219
1.961383
0.730656
0.007050
-0.944168
-2.129105
-3.371278
-4.175470
-5.130961
-5.773967
-6.583858
-7.086582
-7.991257
-8.589546
-9.176629
-9.439304
-9.765283
-10.735879
-11.196582
-11.122243
-11.334235
-11.137898
-10.991155
-11.054671
-10.229992
-9.628014
-8.860684
-7.937523
-6.478615
-5.902307
-5.143096
-4.567342
-4.017054
-3.701740
-3.518409
-3.459837
-3.725302
-3.905902
-4.585475
-4.641717
-5.091075
-5.321563
-5.634669
-6.140899
-6.009151
-6.147746
-6.063607
-5.779797
-5.393844
-5.069577
-5.169380
-4.436714
-4.610960
-4.304042
-3.718983
-3.267473
-2.432377
-2.409408
-2.447986
-2.384215
-2.512826
-2.436030
-2.196352
-2.309991
-1.951986
-1.744437
-1.307722
-1.681564
-0.563010
-0.719067
-0.874335
-0.703829
-0.527476
-0.733208
-0.872716
-1.459523
-1.413348
-1.519732
-1.293112
-1.429330
-1.506835
-1.557648
-2.053977
-2.404628
-2.700144
-2.693124
-2.703798
-2.939083
-2.742356
-2.468365
-2.518322
-2.103311
-2.119952
-2.284823
-1.927953
-1.789397
-2.083286
-1.634524
-1.550261
-1.551433
-1.439230
-1.731506
-1.992570
-1.986834
-1.770501
-2.172483
-2.386180
-2.386843
-2.211652
-2.311828
-2.119252
-2.171079
-1.867686
-1.709382
-1.537566
-1.606253
-1.912432
-1.861485
-1.847952
-1.957878
-2.317766
-2.053263
-2.093674
-1.883855
-1.332808
-0.928211
0.026967
0.342188
0.929356
1.454452
1.925874
2.591887
3.701854
5.141084
6.922301
8.049754
9.088101
10.459507
11.736331
12.813035
13.855111
14.891022
15.931320
16.825257
17.527094
18.269053
18.552634
19.368916
17.799551
17.078961
15.968595
14.608554
13.543333
12.076820
10.669734
9.434783
8.594190
7.333341
7.202779
6.721451
6.311103
6.161694
6.230184
5.860969
5.517146
5.543431
5.241961
5.810757
5.639402
5.834371
5.794673
6.576442
7.010357
7.281106
7.105879
6.937614
6.437426
6.158966
5.374069
4.738681
4.223018
3.433958
2.534306
0.666226
-0.533756
-2.137915
-3.652540
-4.464417
-5.767712
-6.867034
-7.693440
-9.027295
-10.348120
-11.032239
-11.407923
-11.644320
-11.812061
-11.994301
-12.680715
-12.394468
-12.408952
-12.302207
-12.739883
-12.204103
-11.058780
-9.886307
-8.948018
-8.443873
-6.952683
-6.867297
-6.056709
-4.924784
-4.435916
-4.322773
-3.922506
-3.649924
-3.611036
-2.581085
-2.798802
-2.622474
-2.751276
-3.583647
-3.843810
-4.679725
-4.906244
-5.387614
-5.389380
-4.963382
-5.887861
-5.559247
-5.456217
-5.631112
-5.614754
-5.218298
-4.671998
-4.608667
-4.351042
-4.290361
-4.079220
-3.459308
-3.047588
-2.330315
-2.101259
-1.588575
-2.034970
-1.575002
-1.298286
-1.216636
-1.252312
-0.916416
-0.918886
-0.970581
-1.182234
-0.892102
-1.394459
-1.616334
-1.498230
-1.518265
-1.458514
-1.768063
-1.966895
-2.100929
-2.633690
-2.589068
-2.421966
-2.609116
-2.989403
-3.006360
-3.555169
-2.901112
-3.114877
-2.746902
-2.289659
-2.931021
-2.735755
-2.986032
-2.572863
-2.595477
-2.856167
-2.552120
-3.042437
-2.792911
-2.728663
-3.046383
-2.932037
-2.565154
-2.467576
-2.003794
-1.748439
-2.160303
-3.139220
-3.032781
-3.434233
-3.120519
-2.460839
-1.945774
-2.411319
-2.219679
-2.172013
-2.093583
-2.244518
-2.171282
-2.042619
-1.122139
-0.538257
0.049262
0.341861
1.022101
1.246964
2.548494
3.892599
4.701163
6.051266
7.258902
7.749987
8.858655
10.326408
11.406446
12.522944
13.382825
13.792555
14.621953
15.381064
16.028565
17.666767
18.014194
18.540290
18.228893
18.039033
17.244168
16.234437
15.233823
14.167707
12.945882
11.817748
10.577591
9.281098
8.177098
7.130142
6.703526
7.176264
7.124351
6.867281
6.964922
7.109195
6.773565
6.826857
6.829129
6.431962
6.429083
6.291928
6.504311
6.248929
6.487952
6.122378
5.603892
5.255091
4.133585
3.099563
2.246474
1.288244
0.377488
-0.182759
-1.893686
-2.877145
-3.340002
-4.854953
-6.297475
-7.543688
-8.247232
-9.124713
-9.811691
-10.518928
-10.955306
-11.059132
-11.479434
-11.182430
-11.285624
-11.316698
-11.256365
-11.162309
-10.682394
-10.201808
-10.009394
-9.327834
-8.275542
-7.666310
-6.694122
-5.918125
-5.700813
-5.383411
-5.485537
-5.067571
-4.800684
-5.200150
-5.310822
-5.585647
-5.595434
-5.227914
-5.075982
-5.037547
-5.014290
-4.682847
-4.847428
-4.943620
-5.028123
-4.623722
-4.181878
-4.073686
-4.101888
-3.969084
-4.188773
-4.079228
-4.057064
-3.681840
-3.602797
-4.066741
-3.488016
-2.703885
-1.924358
-1.960823
-1.410294
-1.256520
-1.152392
-1.222629
-1.558995
-1.765042
-2.115654
-2.651452
-2.822388
-3.400134
-3.675843
-3.603728
-3.737628
-3.219435
-2.934787
-3.231467
-2.649985
-2.713202
-3.260483
-2.958513
-3.099357
-2.990659
-3.054452
-3.002521
-2.431361
-2.141315
-1.992296
-1.938992
-2.058249
-1.661423
-1.842397
-1.394547
-1.449943
-1.237383
-1.170765
-1.768205
-1.945221
-2.178168
-1.989924
-1.864722
-1.855358
-1.444544
-1.988990
-2.192210
-1.953823
-2.110526
-1.378015
-1.348096
-1.640199
-1.450385
-1.495821
-2.005316
-1.809931
-1.171912
-1.151079
-1.320148
-1.329300
-1.022604
-1.084710
-1.070875
-0.912399
-0.779944
-0.631814
-0.134983
0.003996
0.443028
0.748680
0.660065
1.846438
2.729285
3.892006
4.822814
5.338209
5.986975
6.683277
7.511150
8.265262
9.277809
9.914376
10.338297
11.089313
12.058968
12.514272
13.031810
13.712258
14.059798
14.810952
14.594379
14.565533
13.520110
12.817052
11.654204
10.584640
9.676674
8.924617
8.425830
7.838573
6.640192
6.381982
5.459602
5.181251
4.854917
5.337086
5.454554
4.668606
4.928277
4.997273
4.894711
4.676511
5.043981
5.175819
4.869792
4.764102
4.630530
4.386334
3.897586
2.833773
2.161969
1.853772
0.970410
0.527439
-0.376962
-1.812202
-2.517251
-2.929763
-3.957833
-5.081657
-5.781006
-6.276286
-6.830035
-7.297716
-7.916880
-8.323505
-8.579265
-8.457756
-8.617736
-8.587112
-8.635752
-8.553531
-8.315798
-7.468706
-6.317499
-5.914706
-5.170178
-4.343689
-3.942350
-4.030071
-4.831356
-5.057793
-5.007319
-4.835875
-5.134861
-5.014867
-5.199766
-5.247526
-5.319661
-5.716900
-5.619645
-5.652114
-5.643398
-5.868537
-5.617131
-5.420253
-5.264139
-5.226871
-5.694582
-5.590712
-5.216070
-5.014680
-4.286031
-4.279851
-3.958098
-4.049221
-3.528632
-3.170707
-2.751377
-2.415015
-2.370497
-2.015683
-1.866081
-2.123197
-2.159518
-1.445162
-1.347821
-1.087058
-1.761309
-1.810527
-1.754057
-1.296853
-0.677893
-1.042605
-0.943120
-0.622099
-0.422650
-0.540515
-0.769529
-1.058834
-0.748329
-0.579182
-0.756555
-0.675725
-0.937501
-0.811288
-1.291997
-1.560833
-1.610174
-1.509362
-1.329965
-1.179813
-1.204022
-0.942587
-1.125517
-1.166648
-1.029628
-1.440504
-1.410597
-1.258574
-1.133873
-1.346390
-1.322111
-1.781506
-1.616783
-1.414604
-1.108898
-1.177592
-1.427056
-1.202332
-1.481773
-1.633972
-1.657843
-1.758028
-1.043298
-0.607566
-1.287920
-1.359791
-1.337237
-0.696651
-0.273062
-0.000825
-0.239912
-0.214901
0.382905
1.176987
1.384994
2.430862
2.830387
3.929863
4.660002
5.417550
6.510393
7.932034
8.904528
9.587390
10.773071
11.621472
12.673210
13.369823
14.565792
15.440659
15.380818
15.698790
15.679302
15.320566
14.608282
13.828782
12.969075
11.410251
10.460310
9.363800
8.756877
8.003709
7.283035
6.180891
5.571855
5.289371
5.291083
5.358947
5.176694
5.257506
5.031241
5.639995
5.736645
5.148617
5.574784
5.818258
5.975890
6.001836
5.646115
5.032347
4.798637
4.289883
4.105067
3.350219
2.456824
1.467267
0.406824
0.032796
-1.238233
-1.748982
-2.548586
-3.716201
-4.919218
-5.666684
-6.063995
-6.987759
-7.765647
-8.240262
-9.469237
-10.071158
-10.755861
-10.583534
-10.763288
-10.586918
-10.519479
-10.015332
-9.428916
-8.558003
-7.390651
-6.481297
-5.997414
-5.582833
-5.476254
-5.054072
-4.090253
-4.482312
-4.548294
-4.736182
-5.040578
-5.153276
-4.993530
-4.947655
-5.409326
-5.170978
-5.128726
-5.414267
-5.737847
-5.387082
-5.596725
-5.490690
-5.216790
-5.601235
-4.836689
-4.457972
-3.909397
-4.123557
-3.769196
-3.389248
-3.193589
-2.468733
-2.386636
-2.529506
-2.018114
-1.857542
-2.175332
-2.013880
-1.823926
-1.807378
-2.469038
-2.035855
-1.482016
-1.462704
-1.258184
-1.021584
-1.564252
-1.782353
-1.458984
-1.324142
-1.812409
-1.423941
-1.649974
-1.603991
-1.351394
-0.661394
-0.436124
-1.043582
-1.172923
-1.379693
-0.875665
-0.596407
-0.515463
-0.584974
-0.654791
-0.573010
-0.245881
-0.108957
-0.247355
-0.141803
-0.468317
-0.546862
-1.269514
-1.438061
-1.065006
-1.345143
-1.981827
-1.552066
-1.554893
-2.023981
-2.363284
-2.647491
-2.759087
-2.685623
-2.577479
-2.874445
-2.929598
-3.022946
-3.066096
-2.530470
-1.832407
-1.411149
-1.474765
-1.528290
-0.997354
-0.873344
-1.109237
-0.291519
0.146338
0.627748
0.790793
1.298556
1.463763
2.172114
3.604057
4.314798
5.113880
5.813634
6.596741
7.288410
8.393480
9.134152
9.604400
10.782406
11.682175
12.562242
13.400745
13.384779
13.682817
13.317331
13.365866
12.655619
12.385717
12.215198
11.629849
10.575327
9.558114
9.137465
7.907129
7.589888
7.911680
7.830440
7.849981
7.079047
6.898368
6.928005
7.190051
7.269821
7.758769
8.245063
8.043847
7.593902
7.194702
7.491212
6.896316
6.669174
6.606022
6.671749
5.822205
5.144155
3.966145
3.299664
2.514568
2.005620
1.080279
0.075401
-0.999120
-2.364645
-3.358022
-4.506864
-5.171217
-6.301295
-7.181255
-8.273126
-8.957995
-8.972451
-9.361458
-9.819191
-9.874334
-10.549142
-10.306645
-10.435590
-9.992197
-9.708425
-9.808215
-9.207114
-8.646114
-7.858295
-7.174535
-6.112860
-5.770037
-6.544127
-6.898500
-6.906470
-6.257845
-6.603010
-6.562989
-6.340080
-6.638233
-6.647423
-6.624904
-6.546626
-6.751727
-6.239448
-5.844577
-5.800139
-5.805355
-5.556202
-5.447354
-5.245142
-4.681684
-4.209489
-3.896769
-3.617556
-3.026853
-3.138595
-2.795027
-2.624243
-2.423361
-1.727943
-1.357624
-0.794621
-0.213319
-0.131694
0.181441
0.427956
-0.181630
-0.069313
-0.276781
-0.364286
-0.023870
-0.477783
-0.850413
-0.405490
-0.662974
-0.363195
-0.324139
-0.435524
-0.311838
-0.378391
-0.952517
-0.578530
-0.352551
-0.367786
-0.642578
-0.573106
-0.124573
0.019645
-0.227285
-0.576976
-1.251566
-1.922977
-2.129491
-1.839199
-2.282607
-2.680737
-2.187884
-2.435272
-2.765669
-3.318292
-3.428365
-3.572729
-3.753426
-3.403951
-3.186902
-3.170613
-2.922546
-3.010517
-2.892423
-3.005662
-2.972333
-2.773163
-2.568927
-2.857881
-2.661786
-2.579416
-2.155463
-1.730828
-1.879474
-1.315843
-0.434276
-0.189877
0.494921
1.461541
1.363097
2.090220
2.535901
3.361628
4.376142
4.972040
6.021301
6.943210
7.110362
8.335740
9.800800
10.652989
11.411497
12.022679
12.616096
13.388338
14.602439
15.630160
17.014060
17.491899
17.494733
17.464636
16.920170
15.605265
14.525546
13.657866
12.479895
11.570502
10.124031
9.211892
8.039355
7.112387
6.449166
5.933779
5.574384
6.144486
6.297780
6.281176
6.587274
6.093923
6.558924
6.913491
6.624312
6.510672
6.856784
6.748764
6.835679
6.517529
6.225656
6.128068
5.765246
5.071719
4.555147
3.999052
2.772930
1.582701
0.915665
-0.099884
-1.330255
-2.360974
-3.366245
-4.706096
-5.839397
-7.098066
-7.776465
-8.277941
-8.472338
-8.336310
-9.170052
-9.450904
-10.117812
-10.100336
-10.504802
-10.579461
-10.736936
-10.600377
-10.528707
-9.881759
-9.227500
-8.380438
-7.605835
-6.617312
-5.946704
-5.295130
-4.292554
-3.889526
-3.828339
-3.776106
-3.908970
-3.797398
-3.551569
-3.521421
-3.254337
-2.776665
-2.809908
-3.716297
-3.536022
-4.197660
-4.494506
-4.730488
-4.797843
-4.826182
-4.595965
-4.331757
-4.714772
-5.011650
-5.116980
-4.802957
-4.384538
-3.939614
-3.222159
-2.631000
-2.024710
-1.615215
-0.833099
-1.066965
-1.157973
-1.206220
-1.846082
-1.984620
-2.381908
-2.408122
-2.063367
-2.185828
-2.301381
-1.756082
-1.749389
-1.701514
-1.930014
-1.948009
-1.540607
-1.400971
-1.250015
-1.281790
-1.035106
-1.649812
-1.830024
-2.269685
-2.273893
-1.752227
-2.177711
-2.368741
-2.418383
-2.155959
-2.315909
-1.513594
-1.620754
-1.419385
-1.342508
-1.448671
-1.125059
-1.122605
-1.136424
-1.388573
-1.668579
-1.333055
-1.181074
-1.291339
-1.407020
-1.804283
-1.948111
-2.330818
-2.782125
-3.368362
-3.470801
-3.168543
-2.421051
-2.363231
-2.572210
-2.076547
-1.626848
-1.639464
-1.514607
-1.665624
-1.067816
-0.743199
-0.297080
0.312620
1.166663
1.786436
2.842358
3.318514
3.851121
4.830651
6.336262
6.952130
8.149785
9.763933
10.577518
11.844451
12.693956
13.715535
14.307762
15.218505
16.091703
17.087187
17.419151
18.343930
18.530042
18.549654
17.593985
16.543218
15.059668
13.767445
13.048053
12.300500
11.440303
10.224091
9.418548
7.963904
7.763156
7.351683
7.444035
7.420864
7.516510
7.403536
7.706319
7.518696
7.803620
7.864845
7.915696
8.107617
8.615403
8.845083
8.630686
8.171713
7.948370
7.334960
6.746506
5.975566
5.539810
4.101610
2.606761
1.712425
0.610523
-0.962173
-2.207818
-3.680721
-4.927633
-6.093328
-7.522852
-8.842273
-9.352678
-10.260939
-11.124065
-11.780177
-12.840571
-13.266255
-13.715079
-14.399300
-14.308041
-13.988420
-14.088747
-13.922780
-13.237793
-12.863723
-12.489762
-11.918785
-10.831145
-9.650631
-8.146326
-7.161215
-6.565566
-6.198407
-5.856949
-5.690236
-5.816797
-5.243308
-5.052190
-4.915593
-4.319368
-4.077835
-4.290255
-4.696488
-5.590556
-5.388271
-5.423898
-5.444054
-5.554734
-5.404028
-5.235722
-5.317720
-4.928643
-4.293689
-4.361250
-4.580851
-4.172757
-3.884229
-3.525948
-3.058274
-2.717960
-2.093454
-1.955366
-1.482818
-1.110517
-0.713447
-0.963061
-0.259219
-0.765097
-0.740109
-0.661825
-0.705647
-0.756521
-0.565981
-0.575464
-0.589654
-0.767784
-1.479611
-1.266096
-1.650145
-1.717200
-2.005701
-1.674082
-1.700307
-1.813052
-2.095401
-1.884607
-1.851314
-2.701852
-2.532120
-2.441827
-3.309635
-3.454602
-3.802571
-3.466974
-3.173434
-3.098128
-3.309810
-3.151106
-3.135250
-3.142199
-3.023421
-2.753039
-3.136230
-3.277146
-2.995213
-2.991081
-2.557231
-2.604468
-2.249437
-2.497417
-2.491879
-2.636700
-2.693803
-2.777921
-2.796397
-3.208062
-2.582742
-2.871112
-2.457956
-2.587027
-1.968453
-1.804831
-1.054427
-0.927988
-0.540129
0.295754
1.601934
2.674308
3.516522
4.386915
5.440527
6.389234
7.467117
8.085973
9.479752
10.472343
11.561705
12.546102
13.028153
13.866173
14.702699
16.090465
16.616165
17.222222
17.517701
17.421705
16.788415
15.594743
14.503220
13.315691
11.773471
10.467951
9.594316
8.922635
7.680070
7.057286
6.424489
5.680982
5.093638
4.703999
4.246673
4.763610
4.906015
5.646356
5.946980
6.282798
6.730657
6.631770
7.021922
7.590507
7.602049
7.392203
7.086336
6.557800
6.085767
5.792716
4.984903
3.762054
2.979230
2.104813
1.097174
-0.024665
-1.247798
-2.337805
-3.346524
-4.383727
-5.523980
-6.850690
-7.825118
-8.272566
-8.782151
-9.899555
-10.472841
-10.491234
-10.754961
-10.988867
-11.658922
-11.872537
-11.629890
-11.063021
-11.013544
-10.047018
-9.577084
-9.151034
-8.296802
-7.198818
-6.290057
-5.170474
-4.601961
-3.856910
-3.604842
-2.841537
-3.106724
-3.246310
-3.290442
-3.418767
-3.169514
-2.983224
-2.881751
-3.249288
-4.837382
-4.719286
-4.945932
-5.241613
-5.639377
-5.363852
-5.720839
-5.277842
-5.514413
-5.769698
-5.931289
-5.832552
-5.991737
-5.136035
-5.085106
-5.346310
-5.034588
-4.309055
-3.964824
-3.322548
-3.423590
-2.902419
-2.458310
-2.557835
-1.961715
-2.003274
-1.319481
-0.796051
-1.217121
-1.443089
-1.553462
-0.985633
-1.739814
-1.880630
-1.775591
-2.325267
-2.221549
-2.019600
-2.144199
-2.674700
-2.430358
-2.395206
-2.156793
-3.004061
-2.621463
-2.644306
-2.317887
-2.694805
-3.091395
-3.722955
-3.417372
-2.733268
-2.850061
-2.492515
-2.328824
-1.766217
-1.520201
-1.812866
-2.375944
-2.120809
-1.655795
-2.115340
-1.613019
-1.458606
-2.039541
-2.276992
-1.804407
-1.726204
-2.156724
-2.036631
-2.167453
-1.944784
-2.491265
-2.050342
-1.768864
-1.758539
-1.304604
-1.496299
-1.368157
-0.440508
-0.034318
0.354466
0.711485
1.596833
2.682698
3.408617
4.477895
5.481359
6.112426
7.056202
7.929082
8.528719
9.266642
9.892761
11.058042
11.635802
12.752097
13.455960
14.653415
15.618399
16.706452
16.823318
17.031263
16.877289
16.692384
15.680545
14.465159
13.041761
12.064176
11.206141
9.922914
8.813937
7.791953
6.836338
6.070640
5.754497
5.623536
5.166849
4.952820
5.399048
5.870410
5.624659
5.879780
6.429932
6.361219
6.208088
5.952331
5.217571
5.031126
4.850435
4.580060
3.984389
3.334430
2.131329
1.411836
0.546390
-0.481041
-1.466494
-2.309807
-3.305624
-4.401060
-5.469780
-6.341023
-7.577037
-8.263762
-8.946735
-9.208585
-10.036053
-10.809165
-10.768673
-11.214299
-11.333692
-11.526733
-11.062720
-10.896074
-10.986059
-10.228364
-9.465315
-8.577625
-7.815642
-7.045360
-6.389215
-6.404824
-5.579739
-5.313410
-5.171517
-5.039252
-4.660714
-4.466402
-4.905387
-4.779073
-5.228427
-5.436287
-5.268031
-5.477281
-6.084235
-6.009642
-5.951274
-5.616593
-5.455534
-5.272150
-5.236209
-5.271839
-4.956416
-4.293357
-4.043251
-3.972543
-2.982131
-2.698490
-2.737002
-2.779819
-2.651744
-1.699766
-1.583586
-1.402009
-1.288140
-1.633260
-2.135393
-1.790629
-1.550083
-2.311171
-2.264217
-2.256037
-1.721682
-2.164865
-2.374100
-2.067420
-1.861040
-1.914990
-1.852882
-1.606620
-1.659167
-1.749146
-1.957766
-2.215154
-2.638353
-2.786695
-2.638207
-3.046731
-2.997785
-2.679006
-2.835123
-2.868818
-2.718144
-2.877227
-2.671400
-2.495846
-2.127552
-2.506899
-2.310968
-2.111198
-2.592858
-2.374030
-2.147001
-1.865735
-2.077049
-2.328172
-1.812178
-1.757468
-2.094182
-1.761638
-1.536785
-1.408545
-2.166344
-1.311935
-1.081648
-1.435733
-0.558509
-0.330788
-0.176232
-0.155127
0.329862
0.703503
0.717344
0.936673
1.040286
1.459882
1.451741
2.072587
3.387641
4.179881
5.034673
5.771621
6.476171
7.267043
8.477977
9.283635
10.814549
11.517900
12.295536
13.521348
14.046370
14.868547
15.968872
16.433903
16.203014
16.195867
16.090293
15.420564
14.959113
13.871614
12.483023
11.780049
10.387946
9.084549
8.033904
7.369888
7.131396
6.320881
5.652119
5.531940
5.267732
5.444908
4.973268
5.439258
4.980302
5.166296
5.424566
5.778427
5.859454
5.470453
5.464537
5.304117
5.334329
5.005920
4.516933
4.588244
4.224411
3.860771
2.906713
1.287328
0.382202
-0.613409
-1.160460
-2.198849
-2.453301
-3.874053
-4.993937
-6.171161
-6.929171
-7.305356
-8.870925
-9.039878
-9.385032
-10.346301
-10.140625
-9.953142
-10.040877
-10.185114
-10.274991
-9.623451
-8.723604
-8.038611
-7.046455
-6.840598
-5.884909
-5.807618
-5.892080
-6.332284
-6.404605
-6.119770
-5.997354
-6.265530
-6.413157
-6.155270
-6.411180
-6.579780
-6.926032
-7.126935
-7.417321
-6.998762
-6.754124
-7.143951
-6.844723
-6.502378
-5.960812
-5.596924
-5.565203
-5.309947
-5.308342
-4.773093
-3.906429
-3.604769
-3.064823
-3.022468
-2.573383
-2.835899
-2.465282
-1.577604
-1.788146
-1.774823
-1.727696
-1.956085
-1.579458
-1.776919
-1.242281
-1.402711
-1.352610
-1.452731
-1.395866
-1.035326
-0.786490
-1.131854
-0.929575
-0.989450
-0.836178
-0.661414
-0.285665
0.336288
0.436509
0.583498
-0.053620
-0.146954
0.314938
0.245570
0.491611
0.779213
0.994053
0.807609
0.751317
0.712058
0.282416
0.249679
0.658688
0.429319
0.102394
-0.153041
0.237171
-0.247459
-0.100696
-0.274772
-0.587623
-0.912935
-1.132195
-1.306265
-1.253321
-1.039878
-0.911887
-0.677038
-0.487575
-0.492778
-0.497281
-0.114608
0.529758
0.759054
0.750945
0.474628
0.998472
1.146258
0.991234
1.551495
1.931354
2.398795
3.293376
3.353274
4.233814
5.290703
6.055920
6.193530
6.959329
8.092590
8.606826
9.967153
10.904271
11.778079
12.620577
13.096273
13.744808
14.115263
14.797696
15.065882
14.623228
14.278385
13.699284
12.534272
11.950164
10.406308
9.200324
8.151991
7.384703
6.495095
6.193148
5.735413
5.340049
5.598131
5.421127
5.371486
5.419768
5.068200
5.050024
5.048610
5.350921
5.859503
6.023491
6.253124
5.748552
5.255385
5.208014
5.218415
4.858319
4.916409
4.461330
3.765835
2.946967
2.363966
2.297579
1.163505
0.238938
-0.741195
-1.530183
-2.441431
-3.855320
-5.108638
-6.157168
-7.315833
-8.406961
-9.055408
-9.896816
-10.615234
-10.646935
-10.612694
-10.628347
-10.293751
-10.418874
-10.042543
-9.898800
-9.440193
-8.628765
-7.888680
-7.408617
-6.498595
-5.557552
-5.824847
-5.545624
-5.434912
-5.621282
-5.290165
-5.623572
-5.803387
-5.687572
-5.480063
-5.464550
-6.135413
-6.823482
-6.508783
-6.840716
-6.754571
-6.281501
-6.396481
-6.758878
-6.584559
-6.277289
-5.718980
-5.560162
-4.911434
-4.808661
-5.010724
-4.574870
-4.091483
-4.173092
-3.806136
-3.734339
-3.393057
-3.178466
-3.124583
-2.961898
-1.824797
-1.568595
-0.650105
-0.543328
-1.191557
-1.082095
-1.069856
-1.127187
-1.139719
-1.244231
-0.892348
-1.009061
-1.024563
-1.237111
-1.498842
-1.262552
-1.913157
-1.941347
-2.314340
-2.453956
-2.333391
-1.932093
-1.802676
-1.637482
-1.622006
-1.835761
-1.950500
-1.409045
-1.485680
-1.549289
-1.621919
-1.940965
-1.644039
-1.636740
-1.821990
-1.536480
-1.913335
-1.828319
-2.068017
-2.408069
-2.833155
-2.642303
-2.479431
-2.665967
-2.161623
-2.027181
-2.502445
-2.061810
-1.316064
-1.016735
-1.027999
-1.261688
-1.332707
-1.389883
-1.055910
-0.300910
-0.151835
-0.207012
-0.041271
0.756044
1.937908
2.535876
3.370425
4.077488
4.727976
6.034456
6.344189
7.112812
8.093324
9.912446
10.430820
11.445064
12.723628
12.808509
13.439211
14.492689
15.534863
16.113392
16.893189
17.345893
17.607639
17.899066
17.642285
17.101368
16.521914
15.549911
14.080560
13.068308
12.108413
10.971059
10.557798
9.957624
9.114260
7.686733
7.130680
6.252285
5.806862
5.654791
5.050862
4.705045
4.423416
4.242584
3.388610
2.279184
0.414449
-1.032683
-2.752976
-4.209326
-6.006604
-7.432067
-10.080910
-12.671762
-14.406369
-15.615154
-16.538545
-17.465783
-17.794073
-17.775278
-16.370518
-14.768962
-13.558650
-10.705747
-9.586144
-9.285674
-8.172478
-7.902696
-7.291295
-7.378006
-7.037506
-7.101724
-7.087885
-6.490396
-6.796947
-6.334660
-6.052379
-5.835173
-5.349909
-4.400330
-3.952356
-3.348494
-2.938319
-3.252874
-3.415148
-3.702827
-3.092128
-3.535475
-3.670826
-3.981426
-3.830003
-4.416145
-5.080582
-5.094085
-4.874083
-4.089107
-3.878726
-2.575679
-2.158873
-0.822802
-0.189556
0.604233
1.425761
2.730226
3.643498
4.311538
5.292325
6.332877
8.177974
9.386324
10.729133
11.516401
12.241011
14.460748
15.707532
17.556475
19.754398
21.087460
22.846759
24.006594
25.277937
25.638939
24.178663
22.226619
18.571439
15.095039
11.731392
8.985082
7.273170
6.717229
5.316363
4.331147
3.684391
2.822972
2.319505
1.525666
-0.423988
-2.243703
-4.105769
-5.479229
-7.597576
-10.392783
-12.332410
-13.941677
-15.676776
-16.890642
-17.886437
-17.837885
-18.000472
-17.281093
-16.196367
-14.385813
-12.326824
-10.257410
-9.451771
-8.412851
-8.104719
-7.478424
-7.189016
-7.100148
-7.037852
-7.432294
-6.969122
-6.927144
-6.728903
-6.155741
-5.681233
-5.613313
-4.986532
-4.595979
-3.493524
-3.444575
-3.347118
-2.933327
-3.758639
-4.002732
-3.908873
-3.872987
-3.968054
-4.106118
-4.651047
-4.477307
-4.092593
-4.562449
-4.330975
-4.135220
-4.004963
-2.557362
-1.537553
-0.460690
-0.002062
1.098328
2.421108
3.209778
4.358199
5.527230
6.313783
7.789118
9.149281
10.495373
11.960058
13.037816
14.381200
15.931337
17.691860
19.654018
21.227031
23.063132
24.186703
25.712338
26.056118
25.058342
22.790779
19.591112
16.705037
13.840545
11.449967
10.210968
9.294096
8.463534
7.990099
7.204198
6.902969
7.065882
7.278907
7.115117
6.699238
6.602586
6.004246
5.582132
5.039763
3.591462
2.930639
2.001385
1.105049
-0.096007
-1.292169
-2.142845
-3.168292
-4.524011
-5.669290
-6.532930
-7.808010
-8.895669
-9.185317
-10.205885
-10.977155
-11.364078
-12.555712
-12.898264
-12.574010
-12.805717
-12.754460
-12.178934
-11.549537
-11.469536
-11.044824
-10.360399
-9.433689
-8.381988
-7.828829
-6.913507
-6.467318
-5.919431
-5.299786
-4.705538
-4.215951
-4.014118
-4.058515
-4.010653
-3.539577
-3.573693
-3.163083
-2.967423
-3.435045
-3.786252
-3.855958
-4.146092
-4.742620
-4.796446
-4.809731
-5.168813
-4.599748
-4.845647
-4.686055
-4.865244
-4.888980
-4.496969
-4.593670
-4.307516
-4.262588
-4.124920
-3.871024
-3.170230
-2.965021
-2.702942
-1.984773
-1.515978
-1.497711
-1.018871
-0.738260
-1.053431
-1.010105
-0.856548
-1.217967
-1.834114
-1.592188
-1.987652
-2.189628
-2.159561
-2.296316
-2.681633
-3.289829
-3.239998
-3.136713
-3.306126
-3.157430
-3.611776
-3.914221
-3.717900
-3.625510
-4.002910
-4.091148
-3.833674
-4.113255
-3.908869
-4.013390
-3.625109
-2.819937
-2.586343
-2.729779
-2.412765
-2.003397
-2.227185
-2.668760
-2.970459
-2.835790
-2.785200
-2.987384
-2.796499
-3.138659
-2.938892
-2.925107
-2.962566
-3.343235
-3.012911
-3.009982
-3.013121
-3.096341
-2.624694
-2.447563
-2.538269
-2.356301
-2.240484
-1.881282
-1.106192
-0.837998
-0.031854
0.870342
1.933278
2.988312
3.903276
5.151004
6.129558
6.582929
7.902199
8.652820
9.435370
10.406308
11.569446
12.303214
13.041367
14.291896
15.143636
15.581429
16.043931
16.429367
16.201836
15.601189
14.428464
13.490860
12.978241
11.516949
10.996000
9.451778
8.921161
7.999624
7.351377
7.180702
6.435953
6.091702
6.202080
6.147704
6.098402
6.319915
6.341408
6.423273
6.727797
6.880572
7.044878
6.953149
6.955321
7.386467
7.143955
7.174998
6.676011
5.441679
4.959328
4.231147
3.368558
2.290610
1.040190
-0.228217
-1.274323
-2.015231
-2.377386
-3.634279
-4.694304
-5.634530
-6.546038
-7.565746
-8.174589
-8.536451
-9.223971
-9.567419
-9.949218
-9.978946
-10.360633
-10.257362
-9.631300
-9.366433
-8.763533
-8.290115
-7.755212
-7.364689
-6.450888
-5.673288
-5.467362
-5.387402
-4.968011
-4.491840
-4.833931
-4.266320
-4.352388
-4.038761
-4.764516
-4.593544
-4.449351
-4.815956
-5.064801
-5.145105
-5.229423
-5.646296
-5.754945
-6.001395
-6.383816
-6.501218
-5.966750
-5.618954
-5.913325
-5.733535
-5.656254
-5.822305
-5.047145
-4.951288
-4.779947
-4.343902
-3.807974
-3.530131
-3.042966
-2.546133
-2.260930
-1.860313
-1.813002
-1.858233
-1.529917
-1.532174
-1.949865
-1.679864
-1.573745
-1.787165
-1.432976
-1.513995
-1.150298
-1.194089
-0.986313
-1.247011
-1.395354
-1.327298
-1.302282
-1.531589
-1.333832
-0.798483
-0.982949
-0.757270
-1.073147
-0.829612
-1.045469
-1.421107
-1.740375
-1.891732
-2.073989
-2.447121
-2.731234
-2.545899
-1.978514
-1.837778
-1.731121
-2.053915
-1.844735
-1.791124
-1.673259
-0.592999
-0.191330
-0.491562
-0.358195
-0.233192
-0.251101
-0.405665
-0.511761
-0.559069
-0.710953
-0.291493
-0.581113
-0.105160
0.317762
0.729341
0.904664
1.289418
1.801612
2.115684
2.522246
2.956149
3.737205
4.079007
4.781633
5.114722
6.223130
6.807550
8.086224
8.806393
9.620207
10.241967
10.588322
11.035493
11.309593
12.325391
12.705312
13.231250
13.826940
14.494411
14.288110
14.117612
13.770149
13.719070
12.723844
11.302134
10.153027
8.733680
8.351153
7.655225
6.972783
6.225172
5.326750
4.515054
4.340687
4.257208
4.224180
3.567500
3.372537
3.331390
3.802591
3.523720
3.609349
3.226519
2.661219
2.580742
1.953297
2.002718
1.643189
1.239963
0.508332
-0.283998
-0.710659
-1.396680
-1.949159
-2.269767
-2.842609
-4.175377
-4.880577
-5.703013
-6.683928
-7.540867
-8.262914
-9.079334
-9.206964
-9.361747
-10.052974
-10.121557
-9.951717
-10.097771
-9.895861
-9.691937
-9.079768
-8.393097
-8.220343
-7.641003
-6.404959
-6.107162
-5.362380
-4.930961
-5.446809
-5.483212
-5.411463
-5.145606
-4.773289
-4.560641
-5.015914
-5.347715
-4.848518
-4.838321
-4.351068
-4.371849
-4.148646
-4.669091
-4.533007
-4.502120
-3.871456
-3.601843
-3.818483
-3.840939
-3.579338
-3.312977
-2.990308
-3.076337
-2.703039
-3.012428
-2.773273
-2.602527
-2.399035
-2.179603
-2.127264
-2.308464
-1.940845
-1.516280
-1.551699
-1.284433
-1.174718
-1.096942
-0.507771
-0.553573
-0.750203
-0.552111
-0.292707
-0.851781
-0.695779
-0.387694
-0.449116
-0.201843
0.275851
-0.487639
-0.659035
-0.694411
-0.829376
-0.988669
-0.845644
-1.526840
-2.318014
-2.026016
-1.927381
-1.931391
-2.026023
-2.131928
-2.387428
-2.444622
-2.382808
-2.110972
-1.821280
-2.240479
-2.832697
-2.668889
-2.633531
-2.917363
-2.854816
-2.274826
-2.490132
-2.299271
-2.249445
-2.554671
-2.665501
-2.506799
-2.109099
-2.074998
-2.061741
-2.320451
-2.503493
-1.896043
-2.030521
-1.543519
-0.887508
-0.967907
-0.691595
-0.035074
0.282737
0.307800
1.461890
2.002835
3.157926
3.495976
4.091878
5.164142
5.980442
7.043681
8.248004
9.258716
10.199794
10.644990
11.581875
12.936006
14.264692
14.860612
15.563068
16.067621
16.302058
16.568317
15.894868
15.546324
14.916191
13.508189
12.011151
11.778423
11.005076
9.758105
8.923451
8.000017
6.272979
6.274235
5.591715
5.496132
5.724077
5.418781
5.338581
5.024841
5.131949
5.636890
6.057449
6.048144
6.224851
5.947219
5.894896
5.384586
5.308149
5.399253
4.796127
4.400444
4.059332
3.378167
2.347819
1.469841
0.827732
0.285118
-0.731306
-1.582799
-2.888399
-3.972111
-4.820897
-6.007523
-6.735474
-7.299389
-8.225432
-8.779142
-8.939603
-9.344946
-9.950714
-10.130227
-10.270848
-10.157057
-9.688630
-9.747337
-8.961274
-8.598574
-7.807595
-7.432549
-6.077109
-5.353474
-4.918384
-4.074396
-4.056349
-4.322255
-4.354418
-4.520904
-4.032266
-3.752068
-3.367452
-3.565325
-3.687913
-3.544489
-3.455339
-4.113762
-4.326762
-4.693588
-4.675744
-4.561466
-4.833609
-4.946984
-4.819490
-5.030365
-4.747716
-4.795834
-5.057300
-4.523128
-4.128653
-3.807317
-3.354112
-2.623586
-2.096524
-2.217166
-1.850292
-1.964186
-1.925380
-2.020733
-2.337328
-2.353361
-2.103444
-1.794071
-1.616270
-1.633106
-1.718332
-1.825374
-1.622421
-1.487888
-0.888434
-1.244042
-1.011430
-1.094111
-1.199125
-1.490529
-0.991240
-1.074921
-0.588599
-0.718950
-0.706340
-0.673019
-0.892532
-1.106976
-1.245347
-1.349828
-1.703724
-2.031684
-1.525022
-1.225107
-1.349516
-1.220800
-1.197653
-1.481559
-1.367570
-1.782187
-1.596836
-1.756441
-1.317203
-1.732852
-1.938266
-2.166251
-2.184717
-2.163692
-2.193656
-2.221431
-2.053850
-2.146135
-1.749946
-1.356539
-0.964512
-1.278813
-1.357749
-1.147736
-0.688759
-0.560182
-0.434847
0.101730
0.630766
1.386878
1.788078
2.707510
3.326443
3.843877
4.586127
5.681492
6.131752
6.963111
7.850468
8.072121
9.064032
9.658365
10.611885
11.278702
12.511140
12.939630
13.594583
14.234204
15.233191
14.922654
14.846619
14.121210
13.447739
12.368310
11.299811
10.108512
9.684158
8.709993
7.407063
6.329271
5.848155
4.957704
4.773516
4.978149
4.552039
4.433605
4.748811
4.959262
5.104424
5.440098
5.594539
5.528402
6.172674
6.415156
6.119507
6.165724
5.900622
5.332486
4.995115
4.585693
3.667897
3.503350
2.255232
1.446719
0.725697
-0.466862
-2.180181
-2.956465
-3.596158
-4.639681
-5.144473
-6.137814
-6.639749
-7.588009
-8.475405
-9.532532
-9.798481
-9.848870
-10.045545
-10.970194
-11.336190
-11.244416
-10.924597
-10.569217
-10.168734
-9.758096
-8.984437
-8.831062
-8.089988
-7.424525
-6.568721
-5.491075
-4.815634
-4.407677
-4.234774
-4.665505
-4.248209
-4.132699
-4.163933
-3.997160
-4.240525
-4.071533
-4.365830
-4.169259
-4.363299
-3.996713
-4.918575
-4.753689
-4.701526
-5.005162
-4.864115
-4.901593
-4.847677
-4.366679
-4.063859
-3.677047
-3.531654
-2.787575
-2.100112
-1.984499
-2.024072
-1.959964
-1.805721
-1.462912
-1.076486
-0.884030
-0.584952
-0.603389
-0.844711
-0.517500
-0.240984
-0.699844
-0.941602
-0.879550
-1.295403
-1.360124
-1.180896
-1.073584
-1.187522
-0.843594
-0.574311
-0.434240
-0.819007
-0.704885
-1.110236
-1.246277
-0.975087
-1.272235
-1.070756
-0.528765
-0.645601
-0.805732
-1.158901
-1.299196
-1.232904
-0.797126
-1.323117
-1.264574
-0.868544
-0.655064
-0.418715
-0.366978
-0.305531
-0.578656
-0.744420
-1.300955
-1.228467
-1.326747
-1.493788
-1.676574
-2.088125
-1.672477
-1.581008
-1.348736
-1.640937
-1.961948
-1.711100
-1.335384
-0.886931
-0.639583
-0.579366
-0.277090
0.502156
1.220792
1.256666
1.773766
2.264083
2.757209
3.111153
3.958072
4.661707
5.510267
6.173137
6.901967
7.700048
8.675346
9.206566
10.588624
10.990821
11.099855
11.722175
12.549450
14.014028
14.615757
15.736504
16.049406
16.408530
16.557044
16.089330
15.081518
13.849847
12.471886
11.510783
10.348333
9.535384
8.450877
7.611979
6.609662
6.373282
6.188467
5.890837
6.011805
5.738690
6.348810
6.547537
7.039265
7.427818
7.334887
7.929446
7.455712
7.418602
7.667695
7.720999
7.529840
6.928619
6.786119
6.456109
5.757682
5.397533
4.428831
3.379754
2.381955
1.839862
0.310542
-0.809907
-2.023279
-2.907574
-3.630192
-5.097390
-5.879326
-6.478739
-7.584947
-8.628610
-9.715112
-10.292353
-11.124567
-11.486410
-11.990814
-12.314005
-12.186938
-12.365740
-12.476819
-12.252810
-11.762658
-11.119800
-10.466483
-9.340430
-8.537014
-7.394201
-6.758899
-6.149246
-6.102079
-5.851794
-5.435572
-5.183728
-4.898050
-5.164546
-5.237800
-5.195318
-5.059953
-4.963927
-5.111042
-5.389017
-5.966422
-5.824391
-6.242607
-6.256497
-6.217345
-6.465743
-6.218774
-5.925850
-5.534574
-5.292654
-5.460928
-4.884489
-4.238659
-3.670337
-3.775410
-3.564422
-2.990280
-2.773644
-2.757169
-2.463685
-1.580356
-1.463222
-0.782558
-0.294654
-0.002809
0.001695
-0.245507
-0.354284
-0.270842
-0.388312
-0.805071
-0.720994
-0.607540
-0.754576
-1.194217
-1.244647
-1.770344
-2.109181
-1.984739
-1.354796
-1.121199
-1.388757
-1.875059
-2.473586
-2.289066
-2.460676
-2.431618
-2.898206
-2.522482
-2.348172
-2.736265
-2.955881
-2.973312
-1.809040
-1.976094
-2.019877
-2.137854
-2.592707
-2.224503
-1.878526
-2.444402
-2.359586
-2.239070
-2.320766
-2.513297
-2.546695
-2.325423
-2.530823
-2.668838
-2.380575
-2.471016
-2.506778
-2.352232
-2.268533
-2.921690
-2.647688
-1.985369
-2.232351
-1.985178
-1.185618
-0.637202
0.503923
1.136879
1.119184
1.872647
2.973271
4.102485
5.211059
6.068755
7.165589
7.268111
8.080226
9.522879
10.426727
11.112610
12.331988
13.556436
14.279332
14.926696
15.586621
16.836595
18.131792
18.670065
18.651382
17.822781
17.704987
17.138734
16.208254
15.178704
13.305651
11.336513
10.734657
9.685161
8.323276
6.955878
6.369290
5.813290
5.231968
5.460400
5.956545
5.744679
5.857344
5.703912
5.844821
5.784417
6.061916
6.194810
5.776210
6.294773
5.933188
5.241275
5.356556
4.713526
4.412779
3.757629
3.252381
2.488223
1.380124
0.397889
-0.111001
-1.173270
-1.892051
-3.052286
-4.679655
-5.796578
-6.881783
-8.034069
-9.176684
-9.923170
-10.565944
-10.963180
-12.130390
-12.482724
-12.990385
-13.161556
-12.797849
-13.222604
-13.591484
-13.453931
-13.327550
-12.528671
-11.456257
-10.746587
-9.709312
-8.153356
-6.834628
-6.032052
-5.394337
-4.719470
-4.580955
-4.661898
-4.586417
-4.049809
-3.526657
-3.093524
-3.244867
-2.792390
-3.060410
-3.181908
-3.680300
-3.687150
-3.745579
-3.872305
-3.715865
-4.074329
-3.900184
-4.045510
-4.252066
-4.508638
-4.274341
-4.348558
-4.403308
-3.807442
-3.868076
-3.357873
-2.894921
-2.565485
-2.226664
-1.780519
-1.604013
-1.383615
-1.761934
-1.351964
-1.439108
-0.940321
-0.899198
-1.289666
-1.016216
-1.216611
-0.383553
-0.178486
0.007941
-0.388446
-0.416195
-0.762613
-1.184706
-1.365658
-1.095565
-1.065362
-1.301451
-0.908395
-1.254059
-1.086033
-1.403165
-1.620613
-2.099341
-2.339451
-2.387592
-2.267295
-1.862569
-1.852785
-1.844039
-1.727972
-1.793694
-1.750262
-1.830821
-1.136176
-1.270314
-1.465026
-1.050914
-1.417508
-1.491139
-0.881713
-0.989994
-1.041069
-1.336452
-1.164488
-0.793318
-0.749786
-1.485163
-0.873630
-0.683490
0.104035
-0.078365
0.080409
-0.444006
-0.275221
-0.148515
0.313334
0.401614
0.004119
-0.063117
0.428806
0.853388
1.352668
1.953900
2.568413
2.849440
2.929223
3.819153
4.559745
5.356526
6.414469
7.436053
8.380575
8.969654
9.893443
11.128664
12.094095
12.642932
13.512004
14.600221
15.144738
16.012801
16.190185
15.345814
14.479050
13.234462
12.404801
11.302225
10.066743
9.253689
7.847873
6.744277
5.944066
5.330594
5.157795
4.057460
3.731175
3.494648
4.230303
4.302280
4.104656
3.764829
4.242374
4.155488
4.774102
4.733593
4.731956
4.380384
4.132057
3.848942
3.472229
3.279714
3.396687
2.454037
1.918069
1.794611
1.112307
0.528296
-0.438756
-1.181432
-1.989128
-2.747720
-3.508394
-4.601828
-5.383990
-6.591649
-7.552258
-8.409914
-8.787529
-9.700851
-10.293867
-10.631661
-11.300697
-11.414713
-10.983554
-10.674991
-10.684801
-9.904269
-9.370298
-8.637040
-7.309837
-6.173199
-5.375036
-5.408316
-4.914983
-4.701536
-4.280974
-4.588184
-3.653098
-3.966217
-3.806274
-3.699090
-3.716919
-3.777598
-3.400993
-3.452971
-3.870032
-3.865155
-3.835461
-3.729173
-3.814042
-3.895502
-4.198309
-4.628885
-3.942256
-4.242162
-4.646300
-4.134912
-3.335778
-3.209850
-2.883482
-2.559933
-2.795319
-2.641547
-2.170921
-1.498362
-0.926056
-1.100888
-1.027014
-0.909096
-0.513011
-0.895065
-0.569480
-0.707717
-0.952403
-1.169100
-0.675369
-0.445177
-0.827065
-0.605405
-0.331757
-0.742296
-0.926524
-1.187505
-1.352102
-1.753222
-1.595508
-1.730957
-1.556513
-2.756796
-3.439380
-3.783168
-3.584248
-3.073500
-3.471530
-3.691124
-3.919122
-3.499008
-3.655297
-4.200511
-4.384664
-4.036843
-3.310294
-3.129747
-3.307878
-2.824256
-2.996105
-2.831631
-2.634475
-3.474976
-3.203271
-2.963141
-3.014693
-2.721851
-2.522704
-2.755551
-2.750980
-2.585610
-2.308005
-2.338808
-2.375066
-2.386834
-1.784492
-1.614257
-1.093493
-0.661277
-0.455449
0.010315
-0.106039
-0.139946
0.189056
0.132336
0.392188
0.759261
1.702302
2.262981
3.171410
4.186969
4.665277
5.451058
6.385485
7.496994
8.269689
9.231028
10.036369
10.833637
11.962629
12.751723
13.217893
14.442237
15.439701
15.258607
15.222141
14.949439
13.783555
13.456706
12.120708
11.305561
10.291414
9.233931
8.540510
7.350558
6.175748
5.487071
4.829420
4.522852
4.859091
4.243887
3.904602
4.044855
3.997812
3.897685
3.545168
4.052789
3.499363
3.303343
2.948264
2.773767
1.987247
2.193004
1.634859
1.620226
1.363251
0.763631
0.382512
-0.350807
-0.783439
-1.308018
-2.688581
-3.257248
-3.680870
-4.455240
-4.887521
-5.245809
-6.104807
-6.922023
-7.636845
-8.017670
-8.656053
-9.048942
-9.259321
-9.168539
-8.768196
-8.447713
-8.244972
-7.775159
-6.913135
-6.121500
-5.650189
-5.087949
-4.191208
-4.088081
-3.823832
-3.541328
-4.042868
-4.038767
-4.178397
-4.546775
-4.423038
-4.355661
-4.550473
-5.099886
-5.095450
-5.052808
-4.934082
-4.632354
-4.650277
-4.786151
-5.078521
-4.938392
-5.418232
-4.512716
-4.336351
-3.908883
-3.388802
-3.496638
-3.175925
-2.794413
-3.462959
-2.913406
-2.707683
-2.903742
-2.449781
-2.099714
-1.970315
-1.458161
-1.248944
-1.253473
-1.156162
-0.517769
-0.145463
-0.324903
-0.645029
-0.696904
-0.615006
-0.398836
-0.057562
-0.017895
-0.360072
-0.253825
-0.517067
-1.007960
-1.121082
-1.273227
-1.184216
-1.271169
-1.176026
-1.312085
-1.195031
-1.660033
-1.631859
-1.144451
-0.985057
-1.406491
-1.134513
-1.586877
-1.307566
-1.629990
-1.093545
-0.860565
-0.738817
-0.402050
-0.742057
-1.359585
-1.293816
-1.474268
-1.507515
-1.167926
-1.754542
-1.003678
-0.917093
-0.802577
-0.731793
-0.762270
-0.442879
-0.530983
-0.797264
-0.781396
-0.592326
-0.538988
-0.713788
-1.099758
-0.939370
-0.752466
-0.615347
-0.890196
-0.282654
-0.066851
-0.385955
0.386235
0.735498
1.155779
2.051639
3.197384
4.077746
4.700640
5.754745
6.773645
7.631700
7.986042
9.239155
9.779784
10.596484
11.568485
12.722964
13.285082
14.039272
14.262705
14.658735
14.144674
13.502397
13.009006
11.986583
11.093105
10.080249
9.281330
8.742184
8.098339
7.349952
6.512735
5.913143
5.402216
5.190199
4.941390
4.667514
3.983519
4.275671
4.248458
4.197467
4.773317
4.646912
5.274016
5.398330
5.022414
5.339207
5.051322
4.823153
4.239905
4.036985
3.959002
3.706161
3.044581
2.690757
2.017871
0.809875
-0.045271
-0.876122
-1.925136
-2.985681
-3.814132
-4.365830
-5.195656
-5.644757
-6.262151
-6.917436
-7.479363
-8.125960
-8.651707
-8.376687
-8.876436
-9.033071
-8.849001
-8.763229
-8.004829
-7.750976
-6.694007
-6.201421
-6.013419
-5.935482
-5.533413
-4.376142
-4.285631
-4.374946
-4.494095
-4.126306
-3.541254
-3.180005
-3.392822
-3.551307
-3.400709
-4.003793
-4.380773
-4.897051
-5.272010
-4.916886
-5.109950
-4.906611
-4.658060
-5.016455
-5.396872
-5.549749
-5.597434
-5.857096
-5.467419
-4.955996
-4.359293
-4.327790
-4.578191
-4.058222
-3.647469
-3.098032
-2.920907
-2.528838
-1.792519
-1.796256
-1.717278
-1.383651
-1.389935
-1.597623
-1.196687
-1.280403
-0.535689
-0.681116
-0.695397
-0.857891
-0.625913
-1.079637
-1.636769
-1.297374
-0.912280
-1.022829
-0.994590
-1.440744
-1.331012
-1.357036
-1.159226
-1.969592
-2.522126
-2.311455
-2.603809
-2.381817
-2.067544
-2.141527
-1.331880
-1.018881
-1.291139
-1.427476
-1.583609
-1.432129
-1.044029
-0.567317
-0.488729
-0.885442
-0.616805
-0.939927
-1.089915
-1.227972
-1.344081
-0.811143
-1.040870
-1.049814
-1.064050
-1.244181
-1.201412
-1.423607
-1.580973
-1.696150
-1.821065
-1.597120
-1.015437
-1.644977
-0.826344
-0.803417
-0.021041
0.229947
0.353173
0.770211
1.628484
2.584399
2.700667
3.446402
4.295926
4.869177
6.090311
6.706445
7.619459
8.319534
9.522312
10.321050
10.912542
12.281858
12.696868
13.256340
14.551508
14.546426
14.455635
14.805312
14.710518
14.131653
13.516677
12.406774
11.221765
10.418920
9.575575
8.958499
7.906953
7.478003
6.768346
6.238943
5.701105
5.333451
5.493841
5.450158
5.341844
5.181093
5.113230
5.205476
5.227388
5.357068
5.548265
5.742940
5.729161
5.454205
4.630940
4.512788
4.128700
4.104618
3.269506
2.847779
2.091082
1.534829
0.567532
-0.048601
-0.744728
-1.876878
-2.842527
-3.255103
-3.589359
-4.832710
-5.429100
-5.907878
-6.998599
-7.404079
-7.776960
-8.631008
-9.203026
-9.254078
-9.742891
-9.547654
-9.658027
-9.283844
-8.801375
-8.078252
-7.635110
-7.185245
-6.248127
-5.862677
-5.500526
-4.860558
-4.272282
-4.337726
-4.094305
-3.966368
-3.838983
-3.484701
-3.417181
-3.247108
-3.323390
-3.314940
-3.134900
-3.065113
-3.707620
-3.495673
-3.782643
-3.750633
-4.253847
-4.423391
-4.455329
-4.224354
-4.160731
-4.426906
-4.075454
-3.744272
-3.353905
-3.575927
-3.841739
-3.550677
-3.545761
-3.600455
-2.813314
-3.102966
-3.216353
-3.233721
-2.764351
-3.069385
-2.457243
-2.169638
-2.016126
-1.889962
-1.541468
-1.652660
-2.115455
-2.126141
-2.348423
-2.062888
-1.863716
-2.479257
-1.886164
-1.928109
-2.063825
-2.148904
-1.921770
-2.674013
-2.707746
-2.509671
-2.669739
-2.489598
-2.439890
-2.184020
-2.427962
-2.642634
-2.833723
-2.748586
-2.760802
-2.414898
-2.378498
-1.890226
-1.809913
-1.825409
-1.903949
-1.757172
-1.210550
-1.685265
-1.664104
-1.960020
-1.852633
-1.770310
-1.032315
-1.075116
-1.153224
-1.555272
-1.101313
-1.176479
-0.811623
-0.906333
-0.050850
-0.480789
-0.044841
-0.054053
0.221355
0.177809
0.801415
1.645294
2.274534
2.925051
3.296648
3.926436
4.711267
5.638041
6.143405
6.831066
6.995957
8.090863
9.531049
9.853774
10.094360
11.322572
11.942079
12.678803
13.680493
14.359157
15.264963
15.968521
17.202941
17.283481
17.122324
16.815706
15.868468
15.429227
14.569179
13.147257
12.085674
10.869379
9.990492
8.651089
8.166398
7.602345
7.252824
6.317626
6.669533
6.116357
6.365667
6.479788
6.661088
6.428435
6.317927
6.232356
6.329096
5.727672
5.775209
5.836839
5.786554
5.675112
5.084662
4.405528
3.755399
3.285601
2.500552
2.016120
0.899490
0.116887
-0.247150
-0.799664
-1.845542
-3.379274
-4.311657
-4.740896
-5.734551
-6.521889
-7.671447
-8.613516
-9.186691
-9.551274
-10.624690
-11.285277
-11.042030
-11.313620
-11.219011
-11.279210
-11.275224
-11.231099
-10.806936
-10.745715
-10.475366
-9.755431
-9.394825
-8.833727
-7.627377
-7.056047
-6.735362
-7.001946
-6.607913
-6.753209
-6.623609
-6.343713
-6.064999
-5.751593
-5.794607
-5.302837
-4.435709
-4.331811
-4.679725
-4.709905
-5.029320
-5.477623
-5.423237
-5.083377
-5.213752
-4.822562
-4.966762
-4.825555
-4.536697
-4.760616
-4.461345
-4.412405
-3.297827
-3.122215
-2.946339
-2.788411
-2.548417
-2.376960
-2.242045
-1.940184
-1.558199
-1.192364
-1.238676
-1.268658
-1.034275
-1.291615
-1.015547
-0.914676
-0.850457
-0.734443
-0.310769
-0.390259
-0.602772
-0.458965
-0.489761
-1.046761
-0.791398
-0.182513
-0.313771
-0.565456
-0.805959
-0.940287
-0.608082
-0.152921
-0.439746
-0.710095
-1.239312
-1.343209
-1.811519
-1.932568
-2.065877
-1.751174
-1.463645
-1.707080
-1.968482
-1.579718
-1.908083
-1.816241
-2.131920
-2.136560
-2.121269
-2.433863
-2.009139
-2.262312
-2.738454
-2.772192
-2.853508
-3.235680
-2.966302
-2.883062
-3.074241
-3.423466
-3.416134
-3.032583
-2.938467
-3.045677
-3.189105
-2.798605
-2.470670
-2.300125
-1.736566
-1.017319
-0.054023
0.337278
1.076945
1.938443
2.466091
3.028351
3.650579
4.996979
6.490484
7.467824
8.690747
9.267050
9.784044
10.705348
11.636753
12.944069
13.347588
14.745587
15.783605
16.857254
17.520171
17.872811
18.147190
18.058211
17.171533
16.078243
15.483757
14.271579
12.873365
12.099640
11.086316
9.622754
9.302344
9.005404
8.496201
8.357944
8.711353
8.085527
7.793146
8.052002
8.297312
8.201810
8.461716
8.740525
8.420987
8.797864
8.907576
8.308994
7.970429
6.902476
6.835031
5.900034
6.093820
5.122360
4.229629
3.383652
2.748696
1.514781
0.706167
-0.188201
-1.754878
-2.905354
-3.819962
-4.827441
-5.823810
-7.249224
-8.345027
-8.483897
-9.543797
-10.621317
-11.199455
-11.985790
-11.484886
-12.021797
-12.289171
-12.265605
-11.652635
-12.294396
-11.377933
-11.432445
-11.004271
-10.412597
-9.073616
-8.447095
-8.074657
-7.208295
-6.806030
-6.662547
-6.109031
-5.403518
-5.045146
-4.924581
-4.683848
-4.688299
-4.931618
-4.757719
-4.802801
-5.094338
-4.555999
-5.057040
-4.689400
-5.353144
-4.843336
-5.214603
-4.892730
-5.054898
-5.145095
-4.945839
-4.846614
-4.614210
-4.195694
-4.018082
-3.379044
-3.262924
-2.593416
-2.109309
-1.685173
-1.223901
-1.305299
-1.144259
-0.552649
-0.366613
-0.270536
-0.575398
-0.930171
-1.007889
-1.582557
-1.978811
-1.800600
-1.984974
-1.406648
-1.681682
-1.521553
-1.704550
-1.510990
-1.133667
-1.134018
-1.301462
-1.423341
-1.816337
-2.116442
-1.967990
-2.370730
-2.362499
-2.409328
-2.328472
-2.163867
-2.544485
-2.777574
-2.672261
-2.080225
-2.350052
-2.298021
-2.558607
-2.767278
-2.707341
-2.569504
-2.387284
-2.945499
-2.496032
-2.683766
-2.643366
-2.941516
-3.698887
-2.832316
-3.051524
-3.005238
-2.856324
-2.939630
-2.474878
-2.619267
-2.830723
-3.074069
-3.094580
-2.890361
-2.826963
-2.396699
-1.638184
-1.406657
-0.852518
-0.569099
-0.327105
0.299889
0.918002
1.700625
2.485469
3.366995
3.709590
4.867280
5.656376
6.573838
8.042197
8.942576
10.096143
11.205327
12.227200
13.195785
14.511885
15.278718
15.844121
15.857447
16.667703
16.914103
17.001402
16.927236
16.920081
15.866599
14.983055
14.158095
13.600310
12.460617
11.285597
9.956151
9.305647
8.919434
8.011225
7.221506
7.303965
6.834798
6.768665
6.137748
6.414074
6.547759
7.018157
7.431706
7.217230
7.406857
7.392269
6.972283
6.847650
6.701489
6.301556
5.722992
5.558752
4.378254
3.685281
3.030728
1.765201
1.230726
0.164221
-0.832335
-1.356108
-2.762035
-3.988221
-5.194047
-5.954002
-6.721630
-7.799887
-9.012127
-9.764037
-9.783863
-9.797702
-10.350495
-10.606886
-10.831049
-10.975998
-11.130091
-11.477759
-11.243606
-10.660666
-9.953443
-9.655301
-8.775650
-7.566695
-7.041095
-6.548895
-6.232665
-5.711838
-5.759550
-5.386214
-5.318704
-4.599127
-4.188155
-4.174865
-3.885476
-4.033674
-3.875435
-3.891586
-4.210920
-3.972585
-3.961711
-4.134998
-4.707412
-4.812243
-4.940109
-5.088183
-5.156281
-5.640570
-5.501661
-5.275749
-4.887325
-4.621017
-4.795047
-4.777451
-4.573806
-4.130487
-4.258438
-3.994714
-3.415135
-3.141761
-2.935202
-2.603811
-2.253890
-1.816417
-1.750635
-1.630821
-1.655559
-1.830681
-1.720088
-1.980095
-2.617032
-2.896356
-2.297061
-2.666488
-2.945206
-2.694892
-2.555976
-2.514461
-2.910216
-2.811434
-2.803633
-2.505667
-2.532704
-2.636452
-2.831011
-3.151489
-3.227827
-3.063406
-3.482866
-3.290930
-3.241319
-3.251753
-3.281048
-2.694831
-2.405766
-1.913610
-1.367086
-1.676230
-1.580191
-1.059115
-1.416241
-1.279545
-1.243929
-0.684441
-0.713414
-0.980066
-0.310101
-0.131328
-0.677792
-0.503478
-1.180493
