-0.161980
-0.179198
-0.202182
-0.166841
0.029923
0.206165
0.255690
0.266969
0.280920
0.282903
0.290314
0.293525
0.301077
0.304614
0.301432
0.231172
-0.013915
-0.127014
-0.169794
-0.181274
-0.186732
-0.184628
-0.166637
-0.146615
-0.150865
-0.153708
-0.144948
-0.149733
-0.162630
-0.167948
-0.144816
0.050758
0.213332
0.252816
0.256271
0.252207
0.259200
0.258711
0.266905
0.272252
0.275350
0.282676
0.084291
-0.077383
-0.167119
-0.193936
-0.202977
-0.197847
-0.204540
-0.203886
-0.194827
-0.195481
-0.183665
-0.179793
-0.185238
-0.194594
-0.187922
-0.152598
0.080636
0.192566
0.221147
0.218436
0.218592
0.220334
0.223854
0.230477
0.228659
0.237303
0.212749
-0.036722
-0.160648
-0.211687
-0.221551
-0.219915
-0.212640
-0.205132
-0.189373
-0.189407
-0.184735
-0.176367
-0.176092
-0.193322
-0.202316
-0.171030
-0.039311
0.157365
0.207917
0.224798
0.224928
0.226691
0.218325
0.226123
0.233631
0.237830
0.216713
-0.021605
-0.149693
-0.212228
-0.224081
-0.202806
-0.185007
-0.168300
-0.157054
-0.157565
-0.149848
-0.151991
-0.151817
-0.147476
-0.152770
-0.149365
-0.116937
0.092425
0.214823
0.252319
0.259639
0.258191
0.263198
0.275746
0.273556
0.276420
0.285837
0.280103
0.057153
-0.089828
-0.163318
-0.192099
-0.196164
-0.184155
-0.153354
-0.133516
-0.136198
-0.141429
-0.138104
-0.144550
-0.157676
-0.174061
-0.156039
-0.070963
0.138347
0.206766
0.215870
0.222228
0.230925
0.236530
0.239607
0.247237
0.249672
0.251110
0.120236
-0.088792
-0.173375
-0.215592
-0.229595
-0.216777
-0.207377
-0.194786
-0.183484
-0.176380
-0.175773
-0.170375
-0.167788
-0.166330
-0.171892
-0.139360
-0.016517
0.176214
0.221811
0.235422
0.231876
0.233194
0.231305
0.239163
0.244596
0.256857
0.257164
0.079286
-0.087663
-0.166906
-0.194010
-0.184372
-0.167226
-0.149288
-0.132647
-0.122255
-0.124320
-0.124355
-0.123625
-0.124348
-0.121584
-0.103971
-0.039858
0.187945
0.274880
0.283623
0.281151
0.275617
0.276839
0.283165
0.287093
0.296612
0.309879
0.110818
-0.051494
-0.112804
-0.132436
-0.146614
-0.141930
-0.119161
-0.098836
-0.097837
-0.095660
-0.102078
-0.115186
-0.128411
-0.156714
-0.159724
-0.131384
0.069960
0.197245
0.225420
0.221395
0.228357
0.231118
0.228631
0.232186
0.233723
0.234871
0.237369
0.056418
-0.109453
-0.189805
-0.231113
-0.238610
-0.223310
-0.207049
-0.201752
-0.205371
-0.200917
-0.197679
-0.198592
-0.191086
-0.210271
-0.206007
-0.134371
0.093051
0.171719
0.182913
0.178796
0.178612
0.171007
0.171051
0.176287
0.185946
0.199861
0.198982
-0.009737
-0.149002
-0.208615
-0.248640
-0.243843
-0.230402
-0.224490
-0.213644
-0.184707
-0.179163
-0.182758
-0.181046
-0.175681
-0.182149
-0.174724
-0.128588
0.114805
0.217274
0.228021
0.228541
0.217825
0.223418
0.228475
0.233592
0.246104
0.257352
0.187738
-0.029902
-0.139745
-0.191388
-0.206458
-0.209836
-0.198064
-0.173577
-0.157748
-0.158027
-0.155128
-0.148254
-0.149797
-0.163652
-0.161302
-0.124611
0.038215
0.210735
0.243366
0.258421
0.255444
0.257584
0.258176
0.254067
0.266280
0.268795
0.271019
0.077149
-0.076480
-0.179965
-0.208972
-0.183717
-0.161167
-0.162212
-0.188779
-0.202284
-0.203856
-0.205529
-0.208105
-0.210224
-0.183125
-0.059117
0.171394
0.228538
0.250305
0.264415
0.264948
0.265237
0.278376
0.273652
0.278327
0.271774
0.205305
-0.031642
-0.151561
-0.202755
-0.214971
-0.204573
-0.194985
-0.189620
-0.176363
-0.172168
-0.169397
-0.164444
-0.159270
-0.164372
-0.178383
-0.165042
-0.078310
0.165633
0.243723
0.261390
0.265573
0.263825
0.264782
0.264976
0.272451
0.279610
0.291440
0.085092
-0.078387
-0.149667
-0.184755
-0.181008
-0.181220
-0.182626
-0.169845
-0.161829
-0.163097
-0.165256
-0.161497
-0.169688
-0.168303
-0.144493
-0.079531
0.144183
0.231251
0.248721
0.258892
0.261097
0.263057
0.270330
0.279861
0.289410
0.294913
0.185221
-0.050053
-0.142829
-0.185975
-0.201722
-0.184649
-0.187134
-0.179926
-0.180165
-0.172917
-0.169615
-0.171771
-0.167933
-0.177606
-0.195014
-0.186069
-0.118483
0.115530
0.205522
0.220575
0.220732
0.227228
0.223638
0.222567
0.213178
0.204854
0.220888
0.023645
-0.148958
-0.221775
-0.254267
-0.254805
-0.258318
-0.248506
-0.233648
-0.219235
-0.228611
-0.220778
-0.217813
-0.231629
-0.230665
-0.216857
-0.161328
0.067717
0.165070
0.193623
0.200889
0.205532
0.207278
0.205555
0.204805
0.213650
0.223378
0.216663
-0.003624
-0.136529
-0.198449
-0.211416
-0.202859
-0.193366
-0.181835
-0.163967
-0.151760
-0.149732
-0.158089
-0.160199
-0.165202
-0.171126
-0.153239
-0.042829
0.172239
0.246693
0.260459
0.263423
0.272445
0.277130
0.298201
0.300536
0.311405
0.312576
0.257469
0.040529
-0.068668
-0.107682
-0.129201
-0.136300
-0.143371
-0.126848
-0.108672
-0.101665
-0.095612
-0.098094
-0.100633
-0.106232
-0.101618
-0.072362
0.127052
0.274171
0.307880
0.317324
0.332514
0.348912
0.338830
0.346469
0.347796
0.338806
0.335644
0.096535
-0.074702
-0.178811
-0.240210
-0.255183
-0.249258
-0.236286
-0.221327
-0.219981
-0.211106
-0.206432
-0.204105
-0.217758
-0.215262
-0.179291
-0.052944
0.179580
0.246433
0.264708
0.265416
0.264574
0.259162
0.256940
0.263056
0.256337
0.264186
0.099134
-0.104306
-0.203120
-0.243023
-0.235137
-0.231006
-0.226502
-0.226876
-0.226631
-0.220138
-0.226076
-0.211081
-0.189296
-0.179624
-0.153841
-0.053092
0.176764
0.239141
0.250639
0.249201
0.257806
0.251003
0.263134
0.279059
0.278305
0.072584
-0.130258
-0.206722
-0.241307
-0.242945
-0.243033
-0.223651
-0.211035
-0.205062
-0.191687
-0.186155
-0.191224
-0.194044
-0.206283
-0.191594
-0.129859
0.104734
0.221453
0.243926
0.248067
0.252696
0.254705
0.254925
0.264591
0.283840
0.280092
0.063502
-0.099754
-0.154560
-0.190658
-0.205444
-0.200293
-0.192802
-0.179751
-0.167401
-0.172641
-0.172270
-0.168623
-0.180353
-0.194882
-0.190597
-0.114670
0.113361
0.206454
0.230370
0.234638
0.236415
0.249537
0.242868
0.238473
0.251725
0.264768
0.210698
-0.019455
-0.127321
-0.187827
-0.189570
-0.187710
-0.184555
-0.159199
-0.141962
-0.139814
-0.158056
-0.160522
-0.153830
-0.150459
-0.163855
-0.151349
-0.067879
0.145738
0.224169
0.254178
0.274844
0.277787
0.279844
0.271880
0.278148
0.281294
0.299116
0.210843
-0.011740
-0.113883
-0.171193
-0.185083
-0.188232
-0.183736
-0.170978
-0.172826
-0.167757
-0.163677
-0.168975
-0.167700
-0.173730
-0.166563
-0.136896
0.006333
0.215627
0.260004
0.264100
0.265471
0.274112
0.273135
0.271147
0.274744
0.281474
0.225924
-0.005331
-0.132117
-0.181932
-0.189875
-0.176868
-0.176315
-0.178858
-0.169832
-0.163053
-0.175644
-0.176495
-0.182610
-0.184588
-0.136693
-0.045421
0.198870
0.267784
0.270396
0.265989
0.268859
0.278782
0.286357
0.289108
0.286887
0.292099
0.207227
-0.044439
-0.138589
-0.183432
-0.212468
-0.214036
-0.205696
-0.199052
-0.202778
-0.192113
-0.178981
-0.178303
-0.187252
-0.180505
-0.189109
-0.168788
-0.086618
0.156291
0.234705
0.261710
0.267707
0.263838
0.269042
0.275083
0.286162
0.291813
0.226102
-0.026320
-0.140088
-0.198097
-0.223967
-0.211529
-0.203957
-0.201215
-0.190125
-0.173520
-0.170860
-0.175602
-0.184442
-0.200144
-0.201392
-0.159812
0.064847
0.208876
0.237280
0.242053
0.240885
0.237845
0.232793
0.244622
0.252188
0.258323
0.164631
-0.054422
-0.162632
-0.215232
-0.228926
-0.229030
-0.228327
-0.219664
-0.201358
-0.212839
-0.211091
-0.210051
-0.216016
-0.219118
-0.217358
-0.183390
-0.049195
0.146326
0.189390
0.200645
0.206235
0.212386
0.221693
0.217914
0.219846
0.224733
0.218900
-0.017622
-0.143481
-0.186971
-0.215875
-0.221192
-0.205597
-0.190469
-0.177147
-0.161393
-0.167154
-0.165249
-0.162006
-0.164646
-0.174139
-0.167057
-0.086114
0.130683
0.201570
0.218303
0.219207
0.232769
0.221522
0.224903
0.234001
0.250325
0.257339
0.229106
-0.007008
-0.124219
-0.179270
-0.196423
-0.187701
-0.178902
-0.155803
-0.148255
-0.138095
-0.134901
-0.137958
-0.144728
-0.151467
-0.141570
-0.116785
0.061761
0.207091
0.234221
0.242653
0.242541
0.244261
0.246764
0.253438
0.265868
0.274657
0.200919
-0.023497
-0.114537
-0.149620
-0.171331
-0.180092
-0.167476
-0.158385
-0.156000
-0.157989
-0.158184
-0.151030
-0.146725
-0.152851
-0.164042
-0.154615
-0.077049
0.152432
0.243725
0.258026
0.259092
0.255158
0.250101
0.246594
0.250930
0.255949
0.266390
0.212751
-0.004826
-0.124380
-0.188419
-0.213750
-0.215628
-0.198979
-0.195407
-0.176840
-0.176104
-0.170753
-0.162893
-0.175843
-0.183148
-0.172844
-0.131453
0.080708
0.190415
0.219924
0.230463
0.229779
0.224904
0.219566
0.223652
0.227082
0.234398
0.187263
-0.039302
-0.157231
-0.211040
-0.231396
-0.210450
-0.193829
-0.181814
-0.167152
-0.169041
-0.178174
-0.165600
-0.166151
-0.173300
-0.182789
-0.152849
0.017320
0.173620
0.221957
0.231517
0.237294
0.235741
0.230288
0.227142
0.232103
0.239857
0.241042
0.180775
-0.044426
-0.150563
-0.203035
-0.226683
-0.224355
-0.212285
-0.194189
-0.181914
-0.178335
-0.174975
-0.168822
-0.162524
-0.168918
-0.153179
-0.139942
0.020598
0.188436
0.222763
0.235315
0.238911
0.235679
0.242308
0.240316
0.239887
0.245889
0.222214
-0.005822
-0.138969
-0.213786
-0.243549
-0.235659
-0.224070
-0.207189
-0.186794
-0.183992
-0.178040
-0.167455
-0.149332
-0.162313
-0.175481
-0.160586
-0.093727
0.129773
0.206382
0.220905
0.228118
0.236183
0.234217
0.231042
0.239975
0.244763
0.261650
0.066840
-0.083222
-0.149886
-0.179461
-0.178048
-0.164112
-0.152417
-0.124546
-0.118586
-0.127017
-0.133341
-0.121946
-0.132209
-0.138043
-0.131661
-0.103794
0.058150
0.225881
0.271033
0.279036
0.268441
0.268732
0.271134
0.270229
0.276243
0.284287
0.250527
0.021598
-0.098338
-0.167624
-0.198544
-0.188138
-0.172668
-0.170462
-0.166253
-0.162019
-0.162449
-0.162053
-0.157090
-0.145069
-0.140492
-0.109557
0.068922
0.228249
0.269130
0.282838
0.284464
0.287647
0.288287
0.292642
0.282119
0.271510
0.225050
0.006445
-0.124428
-0.190628
-0.186080
-0.160119
-0.153438
-0.154092
-0.172363
-0.189666
-0.192298
-0.201386
-0.203033
-0.193278
-0.162554
-0.020275
0.191940
0.238371
0.254590
0.264230
0.274553
0.270314
0.279941
0.286760
0.289421
0.205064
-0.043901
-0.143939
-0.191702
-0.201091
-0.193966
-0.190447
-0.185346
-0.165170
-0.145722
-0.132459
-0.150491
-0.154411
-0.169021
-0.171326
-0.143121
-0.039846
0.179092
0.242423
0.255834
0.260045
0.268941
0.263846
0.269294
0.278496
0.290783
0.272056
0.038291
-0.106142
-0.184875
-0.212180
-0.212577
-0.205725
-0.182537
-0.185880
-0.187898
-0.196249
-0.195407
-0.198029
-0.208836
-0.192306
-0.154885
0.020063
0.187481
0.236971
0.244078
0.244227
0.250040
0.244487
0.249911
0.257472
0.266984
0.090441
-0.096368
-0.166095
-0.208295
-0.217622
-0.208417
-0.193013
-0.181035
-0.171422
-0.190751
-0.196510
-0.201289
-0.201321
-0.210326
-0.214792
-0.180187
-0.087678
0.124806
0.185414
0.199998
0.206627
0.211651
0.203533
0.204870
0.215170
0.234230
0.204648
-0.029659
-0.149038
-0.208335
-0.223698
-0.226057
-0.222956
-0.197162
-0.175319
-0.167740
-0.165304
-0.166726
-0.164564
-0.178493
-0.183080
-0.144627
0.058515
0.180880
0.207816
0.219670
0.225288
0.238471
0.239803
0.248425
0.253024
0.250813
0.263147
0.168079
-0.063358
-0.155755
-0.185470
-0.186682
-0.178112
-0.176562
-0.157605
-0.154980
-0.146324
-0.137862
-0.137551
-0.140302
-0.159360
-0.155887
-0.109410
0.115603
0.220446
0.237516
0.243096
0.253528
0.254419
0.256175
0.248544
0.252730
0.253670
0.206493
-0.011694
-0.120205
-0.169587
-0.194956
-0.199778
-0.183606
-0.177752
-0.164237
-0.158518
-0.157899
-0.154371
-0.166841
-0.188168
-0.188180
-0.145804
0.043557
0.184329
0.211333
0.217202
0.217709
0.211564
0.213635
0.228815
0.227499
0.240000
0.250595
0.117236
-0.090386
-0.179407
-0.218733
-0.213952
-0.191266
-0.156760
-0.147390
-0.149370
-0.141859
-0.139580
-0.143742
-0.160778
-0.169025
-0.113708
-0.000434
0.237438
0.288256
0.278509
0.276982
0.277099
0.286314
0.286842
0.290284
0.294301
0.303326
0.132840
-0.070436
-0.149005
-0.187733
-0.193371
-0.182842
-0.188067
-0.188753
-0.185425
-0.198913
-0.192818
-0.195904
-0.194002
-0.208360
-0.177352
-0.037604
0.179681
0.235817
0.252616
0.257380
0.262109
0.263267
0.268499
0.274572
0.281974
0.281891
0.178307
-0.049780
-0.151711
-0.209742
-0.218372
-0.220819
-0.197051
-0.198857
-0.197028
-0.182528
-0.174135
-0.164118
-0.169358
-0.188974
-0.187828
-0.164358
-0.080021
0.138100
0.213142
0.219344
0.220966
0.221974
0.236047
0.244204
0.249577
0.261081
0.211433
-0.008132
-0.122771
-0.164402
-0.187796
-0.197884
-0.203572
-0.191221
-0.178960
-0.164946
-0.150675
-0.157911
-0.145091
-0.149828
-0.170003
-0.149539
-0.085062
0.123337
0.201579
0.215945
0.213720
0.214200
0.210816
0.208013
0.216393
0.221612
0.233794
0.123809
-0.090808
-0.173433
-0.213081
-0.216958
-0.186040
-0.169162
-0.169734
-0.162461
-0.163818
-0.158109
-0.159743
-0.169508
-0.180233
-0.165778
-0.121074
0.076939
0.193747
0.218534
0.225258
0.222174
0.221085
0.209870
0.210112
0.208409
0.214566
0.146526
-0.069295
-0.177063
-0.213172
-0.218779
-0.204891
-0.202067
-0.195749
-0.167808
-0.155055
-0.150717
-0.143925
-0.142780
-0.147073
-0.138739
-0.108445
0.016738
0.201739
0.247607
0.261934
0.262855
0.271775
0.263387
0.269134
0.262793
0.268795
0.267998
0.068263
-0.095201
-0.156791
-0.201563
-0.192874
-0.177039
-0.147488
-0.140111
-0.134400
-0.140162
-0.147544
-0.150909
-0.155794
-0.164522
-0.165254
-0.117543
0.028713
0.193444
0.229566
0.236106
0.240528
0.248833
0.256251
0.253108
0.254127
0.257487
0.249470
0.028815
-0.100828
-0.162895
-0.184326
-0.175224
-0.171704
-0.157361
-0.140685
-0.131526
-0.129462
-0.128265
-0.141698
-0.139869
-0.141736
-0.138450
-0.097931
0.061642
0.212946
0.242655
0.264474
0.263225
0.261088
0.259730
0.268553
0.271390
0.272574
0.191471
-0.027846
-0.136880
-0.178175
-0.178248
-0.165654
-0.147667
-0.144971
-0.137897
-0.119224
-0.118362
-0.119651
-0.120763
-0.126962
-0.130413
-0.117041
-0.027609
0.184321
0.251791
0.254152
0.246797
0.256059
0.254910
0.247565
0.246510
0.238717
0.237416
0.106557
-0.089682
-0.186680
-0.222762
-0.220300
-0.212556
-0.196615
-0.186972
-0.185406
-0.173494
-0.168788
-0.169226
-0.170385
-0.179411
-0.180915
-0.136758
0.083911
0.193954
0.210804
0.217659
0.209842
0.201653
0.208948
0.213105
0.215657
0.224742
0.140156
-0.082822
-0.185705
-0.230267
-0.234101
-0.216284
-0.193839
-0.189684
-0.171710
-0.168151
-0.162110
-0.167778
-0.171076
-0.171698
-0.182276
-0.157783
-0.057875
0.154890
0.220948
0.232748
0.234941
0.236796
0.242638
0.245582
0.256588
0.257580
0.263240
0.228084
0.005058
-0.115606
-0.168986
-0.201525
-0.214876
-0.207251
-0.190104
-0.187410
-0.179127
-0.175566
-0.174029
-0.181415
-0.197725
-0.164143
-0.052667
0.211953
0.285620
0.291892
0.289154
0.283418
0.286167
0.289035
0.291737
0.299363
0.301742
0.225410
-0.035643
-0.127302
-0.182371
-0.215134
-0.210431
-0.224661
-0.219945
-0.213786
-0.212936
-0.207185
-0.193719
-0.195906
-0.212729
-0.196716
-0.136139
0.100434
0.207567
0.236133
0.239995
0.241567
0.239860
0.234258
0.243582
0.245935
0.262745
0.138359
-0.078685
-0.170147
-0.196788
-0.206915
-0.201942
-0.181418
-0.160993
-0.149852
-0.142879
-0.143091
-0.144281
-0.147867
-0.168743
-0.164326
-0.120575
0.108843
0.218965
0.244250
0.249141
0.240261
0.242723
0.248927
0.244169
0.250103
0.246368
0.178004
-0.062721
-0.160134
-0.197738
-0.229223
-0.224766
-0.215736
-0.202860
-0.193329
-0.189737
-0.198645
-0.199008
-0.197600
-0.205406
-0.209699
-0.188670
-0.100918
0.120100
0.199297
0.215582
0.218152
0.219298
0.218414
0.224830
0.226375
0.239685
0.241242
0.086443
-0.090986
-0.162787
-0.201514
-0.203117
-0.202039
-0.193422
-0.189978
-0.187862
-0.179186
-0.170462
-0.166289
-0.172204
-0.169288
-0.157516
-0.089263
0.135414
0.234952
0.265246
0.274128
0.271207
0.272326
0.272484
0.280747
0.285145
0.288617
0.232807
-0.001918
-0.107625
-0.171123
-0.191110
-0.178213
-0.127623
-0.100968
-0.092528
-0.103944
-0.128392
-0.138515
-0.162800
-0.174597
-0.157473
0.009184
0.230109
0.283060
0.291576
0.300926
0.300846
0.301502
0.300196
0.303756
0.301489
0.289650
0.032479
-0.119826
-0.177687
-0.209673
-0.196686
-0.190855
-0.178842
-0.173889
-0.176905
-0.166224
-0.163292
-0.150142
-0.159161
-0.157534
-0.132108
0.020954
0.198559
0.245029
0.249138
0.251369
0.250909
0.255325
0.263463
0.264915
0.276591
0.215566
-0.009526
-0.118014
-0.170236
-0.195338
-0.194514
-0.184843
-0.177198
-0.165501
-0.166997
-0.168598
-0.172542
-0.177840
-0.175679
-0.167342
-0.152641
-0.071565
0.162664
0.252956
0.266203
0.269538
0.265368
0.272477
0.277746
0.295165
0.297912
0.236517
-0.000986
-0.114270
-0.173493
-0.186787
-0.171706
-0.152896
-0.154608
-0.150299
-0.161853
-0.165730
-0.160262
-0.167725
-0.173429
-0.184498
-0.172162
-0.070148
0.134018
0.199200
0.212369
0.232119
0.223945
0.222414
0.225781
0.222034
0.240188
0.245793
0.110951
-0.101137
-0.192005
-0.227762
-0.231468
-0.232179
-0.224445
-0.212232
-0.201426
-0.205953
-0.204499
-0.213595
-0.224340
-0.231481
-0.211654
-0.136399
0.099847
0.180904
0.200936
0.214021
0.219022
0.228070
0.240963
0.267899
0.281516
0.299478
0.269869
0.027025
-0.112142
-0.190635
-0.251009
-0.254431
-0.246455
-0.244070
-0.230318
-0.213202
-0.218908
-0.231761
-0.219922
-0.204927
-0.199220
-0.172058
-0.082253
0.160596
0.232424
0.259252
0.261331
0.272122
0.275965
0.263885
0.260044
0.266450
0.050931
-0.113505
-0.185485
-0.224821
-0.222804
-0.231029
-0.224998
-0.208407
-0.207279
-0.193477
-0.197498
-0.199142
-0.192559
-0.193015
-0.144051
0.001774
0.202768
0.252038
0.259960
0.257787
0.252838
0.250593
0.253720
0.259981
0.258249
0.240711
0.006572
-0.130567
-0.199512
-0.207965
-0.212373
-0.193765
-0.186227
-0.169110
-0.163400
-0.167171
-0.170908
-0.184770
-0.190849
-0.173075
-0.107806
0.137243
0.231780
0.251133
0.261183
0.258229
0.255477
0.259165
0.260963
0.268948
0.269282
0.280035
0.182045
-0.048342
-0.156274
-0.189912
-0.165467
-0.134808
-0.142395
-0.161463
-0.179855
-0.176450
-0.183120
-0.194599
-0.202134
-0.181171
-0.036690
0.177106
0.234396
0.245802
0.250042
0.256500
0.264194
0.268632
0.281401
0.287160
0.234784
0.000368
-0.114063
-0.173574
-0.211325
-0.219916
-0.225452
-0.230274
-0.209805
-0.199916
-0.202642
-0.209521
-0.207543
-0.203779
-0.211159
-0.189718
-0.091705
0.150746
0.230350
0.246409
0.253039
0.252641
0.260058
0.268311
0.273944
0.290050
0.189185
-0.034867
-0.128826
-0.170004
-0.185308
-0.181504
-0.173759
-0.169005
-0.163447
-0.166012
-0.160618
-0.167090
-0.179465
-0.186347
-0.171710
-0.066359
0.164623
0.236391
0.245929
0.255818
0.258033
0.249635
0.249839
0.241495
0.256902
0.267502
0.140129
-0.067207
-0.168943
-0.196071
-0.210633
-0.209575
-0.192196
-0.174932
-0.148752
-0.139151
-0.142758
-0.134227
-0.138838
-0.144885
-0.154907
-0.139631
-0.014342
0.175331
0.227519
0.242299
0.240073
0.243081
0.249628
0.246662
0.246281
0.255298
0.258261
0.038414
-0.117133
-0.179229
-0.209268
-0.219169
-0.211219
-0.190426
-0.178375
-0.183535
-0.174362
-0.168866
-0.171422
-0.181519
-0.197487
-0.177088
-0.104025
0.111854
0.186163
0.200415
0.212447
0.218713
0.218762
0.221668
0.228135
0.230749
0.245881
0.121111
-0.082826
-0.165363
-0.188018
-0.199803
-0.203390
-0.189437
-0.168544
-0.145626
-0.146484
-0.152542
-0.149650
-0.148406
-0.163506
-0.172950
-0.133993
0.010529
0.189991
0.243418
0.253275
0.253223
0.255753
0.261708
0.261412
0.260051
0.267311
0.265236
0.036955
-0.101011
-0.168770
-0.189122
-0.191253
-0.184051
-0.180895
-0.176240
-0.159221
-0.141159
-0.133829
-0.135739
-0.141037
-0.140701
-0.128653
-0.086917
0.130560
0.240848
0.264063
0.278580
0.276729
0.270702
0.274630
0.267819
0.272104
0.263552
0.152485
-0.062728
-0.156273
-0.207456
-0.226917
-0.226431
-0.209788
-0.197322
-0.190616
-0.174292
-0.181956
-0.177831
-0.184207
-0.190700
-0.175158
-0.114136
0.094336
0.189295
0.221935
0.238869
0.241725
0.251589
0.266567
0.275291
0.282564
0.296746
0.200470
-0.028097
-0.128296
-0.179131
-0.204418
-0.212533
-0.195678
-0.193279
-0.195715
-0.187328
-0.169424
-0.142964
-0.151885
-0.162825
-0.156933
-0.079907
0.161064
0.254840
0.278956
0.287750
0.283292
0.295280
0.313315
0.311397
0.319888
0.315686
0.158516
-0.050614
-0.124364
-0.159506
-0.166853
-0.173425
-0.161942
-0.162339
-0.163143
-0.152909
-0.162550
-0.161753
-0.168911
-0.183832
-0.184462
-0.136975
0.096805
0.201104
0.209646
0.208321
0.206330
0.205211
0.207804
0.197976
0.199947
0.204077
0.208236
0.135062
-0.094075
-0.199787
-0.242930
-0.261218
-0.247349
-0.240403
-0.238492
-0.238138
-0.228710
-0.229385
-0.233180
-0.236587
-0.248168
-0.237571
-0.192460
-0.040350
0.123477
0.165186
0.167405
0.173212
0.183725
0.188427
0.199539
0.210922
0.215539
0.150747
-0.075477
-0.168613
-0.202957
-0.199348
-0.201819
-0.196610
-0.173035
-0.148935
-0.160257
-0.157375
-0.152586
-0.151061
-0.142992
-0.149348
-0.124940
-0.044267
0.178684
0.250058
0.259794
0.255259
0.262235
0.275363
0.280457
0.287087
0.285105
0.239890
0.008847
-0.107103
-0.152474
-0.168200
-0.176258
-0.171042
-0.141722
-0.133698
-0.121691
-0.121505
-0.118488
-0.122708
-0.138405
-0.138897
-0.108100
0.030691
0.200335
0.241580
0.233794
0.226416
0.220740
0.219722
0.232633
0.244052
0.244851
0.180635
-0.046356
-0.151938
-0.207313
-0.226777
-0.216750
-0.194788
-0.182911
-0.162041
-0.165923
-0.174515
-0.167913
-0.182918
-0.180013
-0.189044
-0.164727
-0.073282
0.139853
0.200622
0.220099
0.225325
0.217063
0.216611
0.222738
0.223089
0.232642
0.190267
-0.037606
-0.156421
-0.198107
-0.211031
-0.211895
-0.186699
-0.186263
-0.170709
-0.162695
-0.169963
-0.168154
-0.164362
-0.171637
-0.160281
-0.124902
0.036544
0.209279
0.252853
0.273096
0.281880
0.283596
0.272624
0.269063
0.273603
0.272494
0.119806
-0.068558
-0.151221
-0.173695
-0.180343
-0.190324
-0.183767
-0.167522
-0.152350
-0.137975
-0.131082
-0.110479
-0.115061
-0.115940
-0.120715
-0.106888
-0.053391
0.160164
0.249387
0.267951
0.268556
0.266764
0.256154
0.263110
0.262716
0.266765
0.175958
-0.050770
-0.148088
-0.198370
-0.204542
-0.201386
-0.184463
-0.173212
-0.160627
-0.154956
-0.147915
-0.158161
-0.162797
-0.165219
-0.129123
0.062083
0.202660
0.224171
0.220415
0.217427
0.212404
0.218792
0.222049
0.232204
0.244045
0.255032
0.102887
-0.081720
-0.170207
-0.205781
-0.196542
-0.192861
-0.193919
-0.191616
-0.170422
-0.145567
-0.147985
-0.153866
-0.166332
-0.173025
-0.150190
-0.051909
0.164156
0.225951
0.238376
0.239057
0.233763
0.245394
0.244776
0.243137
0.241044
0.249134
0.084843
-0.087708
-0.169355
-0.207256
-0.213738
-0.194243
-0.189118
-0.177012
-0.169630
-0.161232
-0.145542
-0.132091
-0.137069
-0.142558
-0.127338
-0.065609
0.154045
0.238306
0.252609
0.256760
0.251728
0.254809
0.243885
0.234766
0.234686
0.240708
0.116364
-0.084119
-0.160964
-0.207269
-0.193739
-0.173104
-0.155838
-0.126636
-0.112525
-0.122907
-0.133024
-0.138487
-0.147372
-0.167681
-0.168771
-0.127281
0.058655
0.198061
0.233704
0.236542
0.228563
0.233698
0.247364
0.252921
0.255993
0.260865
0.263724
0.111980
-0.065349
-0.144872
-0.176231
-0.177264
-0.173731
-0.156729
-0.159136
-0.151564
-0.153460
-0.142295
-0.143096
-0.149693
-0.152174
-0.132027
-0.069357
0.148118
0.231570
0.248971
0.251079
0.254891
0.253570
0.275991
0.303190
0.311716
0.318855
0.248532
0.012234
-0.103599
-0.182747
-0.236635
-0.252862
-0.246110
-0.235957
-0.221691
-0.208919
-0.202034
-0.205384
-0.204826
-0.208541
-0.189335
-0.123926
0.129048
0.239814
0.264214
0.262525
0.262645
0.265453
0.266560
0.276312
0.281195
0.259139
0.020502
-0.110346
-0.170331
-0.206315
-0.210096
-0.203291
-0.194625
-0.165986
-0.123362
-0.122360
-0.148529
-0.181397
-0.208413
-0.226282
-0.193972
-0.010069
0.186513
0.232357
0.243549
0.257968
0.262319
0.269862
0.263945
0.272573
0.286607
0.226920
-0.031778
-0.164749
-0.226891
-0.220917
-0.213140
-0.200900
-0.184226
-0.179929
-0.184030
-0.200550
-0.191524
-0.189682
-0.187022
-0.199229
-0.185609
-0.152714
0.066603
0.206447
0.234825
0.238334
0.240480
0.244341
0.255840
0.261077
0.262975
0.260437
0.036881
-0.100501
-0.157461
-0.190756
-0.186568
-0.189603
-0.171722
-0.146793
-0.137639
-0.132290
-0.146957
-0.159363
-0.174131
-0.177903
-0.141678
0.059084
0.219218
0.251860
0.256070
0.261313
0.263333
0.263817
0.264729
0.264517
0.268432
0.241825
0.009853
-0.106797
-0.148147
-0.163036
-0.163473
-0.168996
-0.157789
-0.157006
-0.149822
-0.158326
-0.162411
-0.171755
-0.175038
-0.181699
-0.181973
-0.149912
-0.023584
0.157568
0.208017
0.214793
0.216749
0.209669
0.209891
0.225451
0.222049
0.222855
0.149348
-0.073402
-0.176726
-0.237492
-0.251911
-0.248755
-0.232355
-0.234404
-0.214019
-0.208783
-0.213483
-0.208355
-0.205820
-0.204405
-0.210730
-0.192213
-0.051202
0.139821
0.189685
0.193200
0.203225
0.203685
0.197360
0.204413
0.204068
0.211193
0.225702
0.030511
-0.152275
-0.232247
-0.250855
-0.261506
-0.242721
-0.220983
-0.194783
-0.187718
-0.173655
-0.171681
-0.179093
-0.182369
-0.193491
-0.180223
-0.129047
0.088301
0.206367
0.230954
0.241774
0.250049
0.241587
0.238147
0.239895
0.250546
0.262679
0.262025
0.065458
-0.077268
-0.140371
-0.173163
-0.166704
-0.165764
-0.154601
-0.127585
-0.116176
-0.133750
-0.135153
-0.118448
-0.102301
-0.102549
-0.097852
-0.048790
0.196918
0.281717
0.294240
0.304086
0.303235
0.305044
0.316652
0.321458
0.338897
0.303901
0.044858
-0.075060
-0.141147
-0.190808
-0.203974
-0.191213
-0.161824
-0.148604
-0.140473
-0.127328
-0.126999
-0.134366
-0.156180
-0.160044
-0.142988
-0.027561
0.190211
0.248615
0.254362
0.254804
0.263152
0.266663
0.271355
0.266424
0.258702
0.210862
-0.023186
-0.145009
-0.207651
-0.222559
-0.227030
-0.228623
-0.209615
-0.199733
-0.189055
-0.196737
-0.181184
-0.190987
-0.191976
-0.186774
-0.157917
0.010275
0.189050
0.228875
0.243825
0.252245
0.259442
0.250774
0.245816
0.243752
0.243809
0.253336
0.096857
-0.103032
-0.187698
-0.214922
-0.224421
-0.216856
-0.210354
-0.202979
-0.206893
-0.209406
-0.199144
-0.201198
-0.209724
-0.207824
-0.182814
-0.093475
0.130144
0.204047
0.218307
0.220272
0.219540
0.211454
0.213099
0.225413
0.227469
0.219511
0.024685
-0.130386
-0.192448
-0.215877
-0.203051
-0.185540
-0.171272
-0.161381
-0.147473
-0.138177
-0.130113
-0.130626
-0.138549
-0.154068
-0.148590
-0.106969
0.101288
0.217506
0.239708
0.242264
0.253436
0.252803
0.259977
0.264159
0.271755
0.283592
0.271920
0.050253
-0.081796
-0.153840
-0.164096
-0.166405
-0.148242
-0.136319
-0.120848
-0.116986
-0.123785
-0.126459
-0.129085
-0.132644
-0.146315
-0.129403
-0.058022
0.162049
0.246809
0.264845
0.272198
0.271621
0.271428
0.272328
0.279704
0.282511
0.271968
0.048201
-0.088806
-0.170292
-0.197987
-0.198889
-0.185194
-0.178005
-0.173752
-0.148072
-0.137551
-0.138532
-0.143630
-0.159570
-0.171500
-0.153321
-0.061176
0.155890
0.209084
0.220318
0.222306
0.221320
0.225091
0.220991
0.221338
0.218370
0.219681
0.124680
-0.090620
-0.175630
-0.214273
-0.236540
-0.234502
-0.214905
-0.193462
-0.191116
-0.179027
-0.155302
-0.144970
-0.150888
-0.158646
-0.163735
-0.121813
0.004232
0.191046
0.239834
0.245074
0.240928
0.240299
0.240074
0.237276
0.237673
0.248494
0.197100
-0.019221
-0.133929
-0.197178
-0.217512
-0.218517
-0.183888
-0.170085
-0.163240
-0.154211
-0.143187
-0.133769
-0.127341
-0.134187
-0.144419
-0.140833
-0.070553
0.145679
0.230433
0.245241
0.250037
0.250607
0.252392
0.262360
0.262805
0.275074
0.276187
0.208734
-0.004476
-0.106992
-0.167694
-0.191510
-0.180144
-0.160624
-0.155739
-0.147971
-0.151596
-0.148923
-0.159028
-0.169729
-0.164669
-0.158196
-0.121859
0.007946
0.197281
0.254460
0.257327
0.256403
0.255602
0.256795
0.250693
0.259131
0.262008
0.222526
-0.009456
-0.131516
-0.187321
-0.213109
-0.212240
-0.200916
-0.163378
-0.143855
-0.147401
-0.161590
-0.194019
-0.225209
-0.227923
-0.208064
-0.102726
0.143532
0.212779
0.224282
0.227314
0.236208
0.238745
0.240570
0.242721
0.251544
0.209066
-0.048416
-0.184078
-0.247008
-0.256552
-0.241141
-0.230557
-0.224126
-0.214638
-0.199507
-0.189636
-0.196593
-0.188250
-0.195752
-0.221861
-0.215518
-0.156210
0.086034
0.187486
0.216301
0.224196
0.234368
0.238730
0.234949
0.232744
0.234858
0.255112
0.095353
-0.097707
-0.178341
-0.218428
-0.233392
-0.208849
-0.191342
-0.176460
-0.171759
-0.157359
-0.166573
-0.170293
-0.187985
-0.185552
-0.155203
-0.052585
0.165614
0.233619
0.246309
0.248181
0.254667
0.263615
0.269128
0.273847
0.277204
0.282487
0.189906
-0.033996
-0.116705
-0.153732
-0.182313
-0.187264
-0.166149
-0.145968
-0.140530
-0.131489
-0.130310
-0.140599
-0.144523
-0.157299
-0.150786
-0.104699
0.121849
0.221676
0.237659
0.237100
0.240361
0.237420
0.241154
0.250115
0.257051
0.260173
0.098428
-0.085031
-0.148241
-0.193473
-0.203922
-0.198954
-0.194040
-0.185139
-0.183310
-0.180184
-0.189650
-0.174604
-0.157966
-0.142744
-0.116263
0.001832
0.213975
0.263782
0.261020
0.267877
0.276012
0.289558
0.286688
0.291331
0.297482
0.307055
0.088833
-0.100355
-0.174903
-0.207238
-0.222492
-0.218537
-0.204450
-0.175940
-0.157219
-0.164438
-0.164017
-0.171111
-0.171907
-0.188031
-0.177859
-0.136115
0.049776
0.211058
0.241181
0.249048
0.267170
0.268377
0.267958
0.270801
0.272726
0.286083
0.108698
-0.069844
-0.157784
-0.200830
-0.208236
-0.193081
-0.188537
-0.184928
-0.169077
-0.167920
-0.170317
-0.169305
-0.181560
-0.203330
-0.192410
-0.149270
0.085632
0.209667
0.225351
0.226092
0.225266
0.229737
0.233207
0.246395
0.251957
0.262411
0.204152
-0.019978
-0.134081
-0.174893
-0.200551
-0.191004
-0.182176
-0.176399
-0.164773
-0.151769
-0.156233
-0.159508
-0.150953
-0.153960
-0.162674
-0.137143
-0.050159
0.205758
0.277847
0.277859
0.275571
0.277192
0.275972
0.274996
0.285102
0.285837
0.232009
-0.016913
-0.106834
-0.154590
-0.179860
-0.199495
-0.219106
-0.224472
-0.216737
-0.206924
-0.205711
-0.194157
-0.192133
-0.202163
-0.193779
-0.148766
0.063304
0.225405
0.266517
0.271983
0.277365
0.284702
0.278948
0.275999
0.276490
0.264852
0.212576
-0.041691
-0.142979
-0.175819
-0.212608
-0.211180
-0.210020
-0.192887
-0.184180
-0.184986
-0.185648
-0.182786
-0.177966
-0.170049
-0.137469
-0.080518
0.124028
0.255494
0.280287
0.280868
0.285453
0.287621
0.289383
0.286400
0.290796
0.299003
0.196810
-0.048400
-0.143819
-0.169464
-0.199650
-0.204331
-0.191824
-0.173270
-0.171064
-0.168728
-0.157371
-0.151065
-0.148416
-0.161370
-0.167604
-0.138640
0.020368
0.206199
0.253735
0.265348
0.265133
0.267769
0.273035
0.275650
0.287272
0.283178
0.202322
-0.037906
-0.147645
-0.197973
-0.215101
-0.216172
-0.203357
-0.206928
-0.187492
-0.180044
-0.182045
-0.178681
-0.182237
-0.179675
-0.152895
-0.022094
0.183432
0.220480
0.227510
0.228094
0.235621
0.229912
0.228471
0.239113
0.235951
0.227109
0.003951
-0.136208
-0.212810
-0.246709
-0.234543
-0.226868
-0.219853
-0.186594
-0.160049
-0.157829
-0.171814
-0.175278
-0.182100
-0.192152
-0.187734
-0.137239
0.083847
0.174065
0.196343
0.208739
0.201577
0.208995
0.214196
0.218295
0.231060
0.232914
0.017519
-0.134735
-0.201633
-0.222623
-0.209095
-0.212838
-0.196158
-0.179889
-0.161622
-0.151704
-0.151286
-0.161161
-0.175720
-0.192611
-0.178280
-0.147043
-0.008195
0.181402
0.244344
0.243532
0.252707
0.258858
0.261632
0.265751
0.269130
0.270690
0.177627
-0.032933
-0.114635
-0.167839
-0.170739
-0.163513
-0.151786
-0.137082
-0.130887
-0.114021
-0.122391
-0.125702
-0.121993
-0.127988
-0.111954
-0.076239
0.095385
0.252174
0.278593
0.286909
0.279434
0.274949
0.272616
0.274981
0.277317
0.288172
0.221311
-0.013583
-0.127112
-0.183831
-0.188926
-0.182629
-0.175063
-0.172177
-0.172953
-0.165588
-0.145611
-0.135096
-0.138988
-0.146430
-0.149360
-0.125533
0.028354
0.177742
0.223806
0.236718
0.236007
0.235137
0.241510
0.238648
0.243498
0.254187
0.189827
-0.033012
-0.140453
-0.183085
-0.198928
-0.201981
-0.193403
-0.188373
-0.193286
-0.192181
-0.181179
-0.181672
-0.181238
-0.171033
-0.169462
-0.154585
-0.038049
0.160531
0.219675
0.233129
0.236454
0.230067
0.229925
0.232317
0.236060
0.248774
0.260132
0.156252
-0.051207
-0.137414
-0.184393
-0.188820
-0.180015
-0.161013
-0.133164
-0.118001
-0.122089
-0.121817
-0.127621
-0.135492
-0.144207
-0.138668
-0.112543
-0.025977
0.180951
0.246863
0.249896
0.250759
0.246901
0.249476
0.252211
0.246094
0.245167
0.244953
0.187929
-0.031472
-0.143428
-0.207951
-0.223819
-0.186080
-0.149204
-0.139186
-0.147632
-0.170049
-0.210074
-0.239310
-0.242259
-0.240733
-0.187049
-0.018351
0.175377
0.221701
0.244310
0.246992
0.255069
0.260569
0.266842
0.278621
0.284242
0.240185
-0.005371
-0.135423
-0.184677
-0.213380
-0.215550
-0.222315
-0.213563
-0.197125
-0.199296
-0.192576
-0.170759
-0.173763
-0.193455
-0.201751
-0.169242
-0.049627
0.159562
0.224272
0.232511
0.242985
0.237496
0.248506
0.256556
0.261425
0.269869
0.239267
0.005866
-0.127983
-0.194567
-0.210517
-0.214034
-0.213085
-0.196335
-0.175490
-0.174654
-0.174790
-0.171370
-0.190009
-0.190332
-0.191479
-0.155275
-0.026617
0.176538
0.226469
0.239860
0.240940
0.237020
0.243675
0.237830
0.246932
0.257241
0.231624
0.007627
-0.115365
-0.191960
-0.216955
-0.210235
-0.207160
-0.194740
-0.178249
-0.172183
-0.181477
-0.171571
-0.162986
-0.164669
-0.164627
-0.146848
-0.101291
0.069183
0.208517
0.241671
0.244357
0.243266
0.248060
0.247799
0.255065
0.260270
0.257096
0.106434
-0.083692
-0.165950
-0.205849
-0.209102
-0.218018
-0.206230
-0.165012
-0.157925
-0.169345
-0.163267
-0.174124
-0.182466
-0.190167
-0.164805
-0.103136
0.130264
0.215593
0.236601
0.245242
0.239124
0.244093
0.240034
0.238610
0.240950
0.238320
0.008801
-0.127973
-0.189004
-0.204356
-0.195008
-0.184345
-0.177483
-0.173024
-0.144365
-0.124051
-0.110949
-0.108217
-0.121482
-0.135469
-0.139487
-0.083754
0.135951
0.230885
0.245097
0.245104
0.242501
0.251386
0.246227
0.249552
0.255775
0.262823
0.248229
0.007936
-0.121687
-0.188856
-0.202066
-0.200353
-0.197614
-0.185923
-0.165775
-0.161535
-0.162239
-0.161676
-0.163961
-0.163151
-0.164379
-0.146564
-0.056941
0.151372
0.210913
0.226304
0.227969
0.233406
0.235353
0.234616
0.231316
0.232790
0.248099
0.162307
-0.072677
-0.171464
-0.222537
-0.227459
-0.209881
-0.211508
-0.202458
-0.195710
-0.200687
-0.200900
-0.184207
-0.185790
-0.196983
-0.182706
-0.144773
0.006926
0.179693
0.218168
0.223574
0.216741
0.213579
0.222767
0.226025
0.229527
0.239723
0.119359
-0.072856
-0.169181
-0.193654
-0.166201
-0.152166
-0.162857
-0.187203
-0.220299
-0.229671
-0.221778
-0.228823
-0.233365
-0.202819
-0.058621
0.164457
0.238571
0.256270
0.257403
0.264834
0.272952
0.282829
0.298490
0.303011
0.303466
0.292320
0.059833
-0.077176
-0.128615
-0.161027
-0.184211
-0.163120
-0.155022
-0.159660
-0.154490
-0.147747
-0.159252
-0.167931
-0.180946
-0.177834
-0.169226
-0.113016
0.122633
0.230921
0.250615
0.263187
0.263403
0.266104
0.272023
0.276881
0.281143
0.267459
0.022674
-0.122135
-0.192045
-0.224959
-0.228368
-0.216169
-0.199928
-0.182778
-0.170615
-0.165943
-0.165930
-0.173648
-0.197186
-0.203084
-0.171279
-0.051423
0.161727
0.219865
0.238327
0.242873
0.244068
0.245216
0.258013
0.267440
0.264918
0.215433
-0.019728
-0.138555
-0.200130
-0.225706
-0.226350
-0.231505
-0.210686
-0.197881
-0.188000
-0.193163
-0.189746
-0.178881
-0.185316
-0.180548
-0.154021
-0.030910
0.175108
0.240046
0.253927
0.265083
0.265601
0.268459
0.276058
0.290060
0.289106
0.287974
0.207931
-0.016100
-0.111912
-0.155075
-0.178369
-0.161913
-0.153227
-0.148933
-0.140694
-0.153992
-0.153859
-0.149699
-0.154222
-0.156183
-0.139671
-0.052468
0.173167
0.246541
0.259705
0.265494
0.270573
0.273951
0.270216
0.282504
0.288883
0.293430
0.194676
-0.026701
-0.121752
-0.176512
-0.186924
-0.182337
-0.179136
-0.165739
-0.161082
-0.147896
-0.143858
-0.140099
-0.130634
-0.125857
-0.133330
-0.098448
-0.013064
0.204924
0.270971
0.280855
0.281386
0.279797
0.277004
0.281277
0.285417
0.289967
0.242116
0.006325
-0.128741
-0.184500
-0.222317
-0.218126
-0.193758
-0.178352
-0.153846
-0.143710
-0.133556
-0.131692
-0.139503
-0.142137
-0.122788
-0.036933
0.186251
0.250505
0.261346
0.267661
0.261231
0.258098
0.251897
0.251748
0.252479
0.221462
-0.013372
-0.153644
-0.217158
-0.235601
-0.236490
-0.222052
-0.213051
-0.194828
-0.201081
-0.195007
-0.196706
-0.208055
-0.221042
-0.209236
-0.179464
-0.036501
0.141126
0.182012
0.188438
0.198745
0.201897
0.205345
0.213038
0.214804
0.219685
0.220644
0.004949
-0.144538
-0.211873
-0.233433
-0.230529
-0.218547
-0.204002
-0.189039
-0.187705
-0.183221
-0.178422
-0.185167
-0.187207
-0.184902
-0.158627
-0.076726
0.148052
0.214036
0.223259
0.224037
0.228722
0.233723
0.240002
0.247837
0.256650
0.259263
0.177188
-0.041370
-0.139088
-0.169564
-0.178857
-0.177514
-0.168929
-0.150084
-0.144488
-0.101693
-0.088754
-0.102360
-0.126338
-0.148619
-0.135789
0.052863
0.238939
0.287403
0.289003
0.285519
0.279658
0.275699
0.285384
0.285468
0.295162
0.220674
-0.044211
-0.157914
-0.204700
-0.234719
-0.238457
-0.225586
-0.213927
-0.195182
-0.190375
-0.201574
-0.200742
-0.207521
-0.215341
-0.205275
-0.167138
0.069086
0.203019
0.234012
0.240856
0.248917
0.249293
0.256329
0.261494
0.264483
0.277174
0.272088
0.015301
-0.122251
-0.197478
-0.203083
-0.199518
-0.203950
-0.208925
-0.200395
-0.202062
-0.194986
-0.182637
-0.184662
-0.184143
-0.193963
-0.182434
-0.099127
0.125932
0.206811
0.224330
0.235823
0.244760
0.244742
0.257111
0.255023
0.256890
0.267653
0.202928
-0.035108
-0.142087
-0.183484
-0.190834
-0.183398
-0.178334
-0.186334
-0.168387
-0.159262
-0.154942
-0.151198
-0.160115
-0.165616
-0.170490
-0.152033
-0.063516
0.149791
0.210004
0.219636
0.225986
0.223730
0.221547
0.221535
0.228883
0.241942
0.175096
-0.061240
-0.175070
-0.224682
-0.250098
-0.243431
-0.221592
-0.210373
-0.194227
-0.188506
-0.182283
-0.186643
-0.187344
-0.187339
-0.184720
-0.160077
-0.091833
0.126560
0.206477
0.229786
0.233149
0.230093
0.242384
0.249482
0.257316
0.264435
0.213850
-0.021282
-0.143570
-0.196612
-0.212586
-0.205229
-0.189710
-0.163093
-0.139377
-0.126723
-0.112077
-0.119121
-0.119766
-0.122207
-0.138119
-0.115510
-0.019729
0.194474
0.254782
0.267496
0.262452
0.257522
0.260887
0.255619
0.252620
0.258375
0.265622
0.204696
-0.017992
-0.125015
-0.187389
-0.189070
-0.175677
-0.175542
-0.163533
-0.159955
-0.152342
-0.159737
-0.163635
-0.162047
-0.156805
-0.159058
-0.147618
-0.110685
0.100995
0.203866
0.223358
0.228008
0.234325
0.224725
0.232609
0.228465
0.238847
0.239749
0.173832
-0.070735
-0.189094
-0.229985
-0.236069
-0.224811
-0.214774
-0.204447
-0.193295
-0.197824
-0.198874
-0.193611
-0.202685
-0.207153
-0.181477
-0.059429
0.150420
0.217206
0.237421
0.242226
0.241226
0.246972
0.249543
0.251526
0.248926
0.246423
0.077104
-0.082934
-0.156743
-0.187751
-0.184783
-0.175827
-0.152656
-0.155984
-0.143456
-0.132209
-0.130024
-0.142242
-0.145183
-0.142903
-0.127004
-0.066229
0.152698
0.247615
0.262897
0.263250
0.273613
0.276283
0.282002
0.288800
0.300819
0.314213
0.256291
0.033222
-0.081696
-0.149598
-0.164761
-0.163394
-0.166759
-0.162423
-0.133603
-0.107933
-0.112629
-0.117429
-0.148803
-0.169695
-0.166053
-0.118952
0.133589
0.247370
0.270754
0.283506
0.288380
0.286735
0.289955
0.294092
0.312130
0.311961
0.061566
-0.118992
-0.207082
-0.245869
-0.246450
-0.243901
-0.219032
-0.214748
-0.211924
-0.209209
-0.217380
-0.220108
-0.232000
-0.217541
-0.135390
0.116703
0.207823
0.227876
0.230670
0.223419
0.215378
0.224060
0.228330
0.230528
0.227575
0.173983
-0.071195
-0.192744
-0.255860
-0.281954
-0.285786
-0.264745
-0.253320
-0.245625
-0.238706
-0.228710
-0.223134
-0.223022
-0.234183
-0.207592
-0.069564
0.147982
0.200925
0.215623
0.210546
0.218570
0.231119
0.235603
0.244215
0.239035
0.249903
0.151038
-0.067580
-0.161536
-0.204191
-0.213744
-0.206098
-0.199951
-0.177513
-0.175692
-0.171932
-0.156195
-0.155768
-0.160190
-0.166644
-0.158772
-0.125201
0.011773
0.204615
0.246070
0.259638
0.270408
0.260778
0.268506
0.269945
0.276238
0.275732
0.198015
-0.039820
-0.144377
-0.184608
-0.193979
-0.200249
-0.186159
-0.171124
-0.173546
-0.166131
-0.154989
-0.136972
-0.133783
-0.131757
-0.147059
-0.127027
-0.041961
0.181266
0.263597
0.273775
0.275261
0.271477
0.272802
0.270874
0.265665
0.271277
0.259917
0.024218
-0.112750
-0.168845
-0.190707
-0.182100
-0.178081
-0.168278
-0.166169
-0.162133
-0.151184
-0.145154
-0.145122
-0.147469
-0.166461
-0.152305
-0.100295
0.118575
0.216004
0.232880
0.248654
0.246646
0.251740
0.259104
0.267136
0.278784
0.285750
0.151622
-0.050167
-0.135855
-0.176213
-0.184695
-0.177610
-0.168266
-0.162939
-0.150731
-0.147402
-0.150392
-0.148216
-0.152513
-0.160425
-0.165443
-0.144061
-0.100144
0.119079
0.224672
0.251528
0.245239
0.245016
0.255942
0.257085
0.257904
0.256965
0.257345
0.101355
-0.092534
-0.175478
-0.214704
-0.215705
-0.217244
-0.206649
-0.198928
-0.182674
-0.177261
-0.181738
-0.179015
-0.188466
-0.186983
-0.172031
-0.126807
0.087097
0.196256
0.216996
0.217444
0.196677
0.193257
0.187398
0.193319
0.207248
0.208606
0.135445
-0.078603
-0.172189
-0.221026
-0.225624
-0.221070
-0.202792
-0.187183
-0.182056
-0.191999
-0.189093
-0.174312
-0.180812
-0.191154
-0.170500
-0.092322
0.133333
0.212412
0.233628
0.236329
0.222129
0.225448
0.234072
0.246278
0.255278
0.265644
0.181149
-0.034960
-0.136835
-0.189806
-0.191344
-0.189909
-0.179977
-0.166538
-0.151469
-0.148039
-0.137561
-0.127475
-0.137502
-0.135072
-0.135342
-0.111267
-0.000545
0.210429
0.266853
0.282140
0.285363
0.288905
0.295963
0.285615
0.288544
0.283996
0.161030
-0.057120
-0.146266
-0.190958
-0.200032
-0.195746
-0.184025
-0.175236
-0.168221
-0.156519
-0.152924
-0.141121
-0.145715
-0.157352
-0.154564
-0.126157
0.003867
0.206104
0.254564
0.265500
0.264762
0.260480
0.257632
0.256435
0.251931
0.266946
0.211064
-0.012773
-0.129171
-0.184502
-0.205952
-0.198010
-0.187594
-0.186155
-0.177311
-0.170470
-0.166356
-0.166553
-0.173034
-0.167296
-0.149592
-0.105672
0.099837
0.239075
0.265643
0.267338
0.263502
0.248953
0.252480
0.254701
0.266496
0.304168
0.076775
-0.088710
-0.167813
-0.202903
-0.226320
-0.250419
-0.244525
-0.246230
-0.248815
-0.248921
-0.246182
-0.252664
-0.248327
-0.231170
-0.174418
0.090607
0.214187
0.245354
0.254922
0.244496
0.245251
0.251274
0.258785
0.270211
0.268141
0.233810
-0.007852
-0.138156
-0.210702
-0.245253
-0.246459
-0.243850
-0.202049
-0.147810
-0.132960
-0.148606
-0.179785
-0.202982
-0.207773
-0.171327
0.040993
0.205901
0.241371
0.254152
0.262482
0.274542
0.281761
0.294021
0.295812
0.296322
0.300853
0.121289
-0.084091
-0.166218
-0.183926
-0.190622
-0.198705
-0.196208
-0.155168
-0.133895
-0.132985
-0.145751
-0.149257
-0.155932
-0.164908
-0.154761
-0.080792
0.162401
0.250111
0.271616
0.276638
0.280793
0.278780
0.278716
0.284550
0.292753
0.294122
0.119311
-0.074236
-0.145981
-0.178516
-0.164919
-0.157172
-0.158779
-0.157738
-0.154720
-0.148230
-0.150379
-0.151873
-0.148460
-0.160054
-0.160497
-0.143843
0.011089
0.210249
0.251755
0.252236
0.247403
0.236831
0.240965
0.244351
0.253007
0.259568
0.264408
0.051284
-0.113327
-0.176545
-0.195443
-0.183523
-0.173979
-0.163185
-0.165344
-0.155713
-0.157202
-0.147152
-0.154375
-0.146261
-0.165291
-0.160294
-0.109204
0.113862
0.213306
0.231653
0.236760
0.242452
0.239827
0.249704
0.264747
0.267498
0.273653
0.184805
-0.027333
-0.138212
-0.183393
-0.195795
-0.193881
-0.179544
-0.166236
-0.156766
-0.146887
-0.148610
-0.143801
-0.150555
-0.158596
-0.166405
-0.147100
-0.032927
0.144586
0.193774
0.211697
0.219728
0.216569
0.214475
0.219842
0.218380
0.224631
0.239525
0.074480
-0.108526
-0.188324
-0.224532
-0.223155
-0.212914
-0.197441
-0.176672
-0.179841
-0.180347
-0.172221
-0.160243
-0.163757
-0.170051
-0.174209
-0.148383
-0.054617
0.163745
0.213029
0.228594
0.224823
0.211225
0.216547
0.218685
0.217714
0.214192
0.226056
0.046465
-0.121889
-0.197860
-0.226345
-0.225840
-0.221285
-0.205187
-0.187927
-0.180020
-0.163256
-0.158242
-0.161232
-0.155143
-0.163688
-0.161307
-0.142203
-0.026379
0.174955
0.232266
0.238881
0.235639
0.230927
0.232718
0.227552
0.236421
0.229847
0.188740
-0.043216
-0.159288
-0.213200
-0.227425
-0.229969
-0.215031
-0.199040
-0.180658
-0.170499
-0.164719
-0.168248
-0.173883
-0.176633
-0.170363
-0.151482
-0.086614
0.135028
0.226992
0.254836
0.250630
0.249232
0.256268
0.262136
0.255916
0.258466
0.259189
0.088718
-0.085795
-0.171005
-0.210618
-0.215598
-0.199500
-0.188992
-0.183910
-0.166136
-0.158704
-0.153697
-0.155712
-0.155453
-0.159306
-0.146552
-0.047105
0.170667
0.236010
0.237860
0.233086
0.228906
0.230017
0.230712
0.236413
0.241434
0.213069
-0.013231
-0.132130
-0.195689
-0.210926
-0.214654
-0.196291
-0.181879
-0.169668
-0.163386
-0.151079
-0.150468
-0.154934
-0.165821
-0.160478
-0.128316
0.050114
0.212989
0.229807
0.235600
0.233683
0.228951
0.222520
0.228147
0.230552
0.231236
0.225831
0.009499
-0.116566
-0.159036
-0.182446
-0.180412
-0.183506
-0.176922
-0.181603
-0.176176
-0.168318
-0.156176
-0.158223
-0.158748
-0.151628
-0.149311
-0.116540
0.071723
0.231821
0.268945
0.274994
0.284785
0.283765
0.283875
0.281101
0.285411
0.292313
0.085285
-0.074549
-0.157939
-0.181158
-0.182094
-0.173820
-0.166283
-0.156257
-0.112194
-0.093269
-0.111174
-0.144332
-0.171802
-0.173895
-0.123983
0.119279
0.263270
0.294160
0.293980
0.300115
0.296784
0.305433
0.311898
0.319142
0.320494
0.206278
-0.044666
-0.154363
-0.197211
-0.209900
-0.204435
-0.194205
-0.187770
-0.174752
-0.161567
-0.157428
-0.156769
-0.163239
-0.176827
-0.175267
-0.133413
0.067083
0.220361
0.251560
0.255405
0.249522
0.246028
0.245885
0.250996
0.261196
0.275742
0.259518
0.023428
-0.114888
-0.178141
-0.219889
-0.219060
-0.205847
-0.198027
-0.196559
-0.209937
-0.199007
-0.189404
-0.192844
-0.198504
-0.213203
-0.195125
-0.135206
0.101555
0.208004
0.229177
0.241138
0.230817
0.236499
0.239844
0.243734
0.265638
0.054975
-0.085096
-0.150944
-0.177871
-0.200498
-0.229272
-0.251605
-0.266705
-0.286907
-0.288274
-0.291124
-0.294287
-0.289590
-0.269584
-0.206969
0.037454
0.190613
0.235863
0.248994
0.250809
0.258668
0.268761
0.279844
0.284502
0.282504
0.143219
-0.076562
-0.169459
-0.212726
-0.222180
-0.211847
-0.208244
-0.180776
-0.141186
-0.105469
-0.119719
-0.145618
-0.178763
-0.189494
-0.137707
0.114975
0.252157
0.290969
0.302376
0.305980
0.304222
0.324666
0.317242
0.332809
0.340791
0.343106
0.159137
-0.046821
-0.134199
-0.164353
-0.164125
-0.140554
-0.128151
-0.105980
-0.098700
-0.097544
-0.087050
-0.094964
-0.101820
-0.107942
-0.119366
-0.108194
-0.049324
0.168984
0.256038
0.270394
0.278089
0.282207
0.274577
0.278234
0.283062
0.285207
0.180312
-0.055845
-0.144399
-0.169376
-0.189418
-0.187470
-0.179359
-0.182294
-0.189536
-0.184972
-0.189097
-0.182517
-0.187645
-0.208276
-0.213732
-0.182875
-0.054553
0.133273
0.182687
0.197085
0.204958
0.208693
0.207942
0.212181
0.215858
0.226797
0.187921
-0.051046
-0.170926
-0.210814
-0.222518
-0.225180
-0.216877
-0.204819
-0.199296
-0.187615
-0.187298
-0.185505
-0.189659
-0.195820
-0.198399
-0.173779
-0.066630
0.167817
0.245341
0.257288
0.266116
0.267485
0.266655
0.280444
0.273696
0.270520
0.278013
0.175332
-0.052428
-0.138820
-0.173140
-0.185386
-0.179994
-0.177088
-0.172797
-0.151044
-0.152875
-0.154258
-0.138086
-0.141367
-0.153720
-0.157906
-0.132989
-0.043976
0.173455
0.237235
0.255465
0.252072
0.258412
0.262465
0.261027
0.265159
0.274870
0.268512
0.046583
-0.110826
-0.162905
-0.187607
-0.188082
-0.184064
-0.165235
-0.146952
-0.141881
-0.156547
-0.158200
-0.174590
-0.173484
-0.177455
-0.179771
-0.148919
-0.004720
0.173129
0.210845
0.220920
0.215671
0.219061
0.223724
0.228741
0.242896
0.245038
0.133989
-0.094488
-0.184926
-0.219821
-0.210830
-0.188156
-0.179585
-0.169711
-0.147300
-0.147281
-0.148207
-0.148659
-0.153001
-0.159177
-0.149933
-0.127566
-0.044698
0.169028
0.249003
0.257388
0.260614
0.263478
0.263521
0.273221
0.274947
0.281699
0.276174
0.051430
-0.074892
-0.145877
-0.159866
-0.165992
-0.157356
-0.155306
-0.142089
-0.138803
-0.137888
-0.142476
-0.138061
-0.143828
-0.148503
-0.110907
-0.001001
0.211650
0.255279
0.270496
0.277326
0.270187
0.275131
0.269094
0.274060
0.294349
0.173428
-0.041799
-0.128969
-0.171549
-0.182856
-0.170911
-0.159869
-0.153611
-0.145290
-0.145226
-0.145917
-0.142509
-0.136421
-0.158034
-0.165827
-0.156328
-0.115661
0.088340
0.203340
0.225426
0.238244
0.240863
0.237614
0.240846
0.250067
0.254040
0.251247
0.114691
-0.084371
-0.185515
-0.229691
-0.217095
-0.197208
-0.200683
-0.200063
-0.198910
-0.192081
-0.192803
-0.189359
-0.191930
-0.194749
-0.194813
-0.170108
-0.093551
0.115016
0.195625
0.219028
0.226214
0.229652
0.231777
0.219207
0.227857
0.230853
0.162118
-0.057123
-0.148994
-0.178118
-0.167020
-0.221642
-0.255321
-0.290817
-0.285999
-0.276044
-0.263574
-0.261023
-0.266362
-0.252982
-0.149010
0.112689
0.202290
0.233484
0.240822
0.251753
0.260187
0.262755
0.268956
0.280375
0.299575
0.314407
0.073277
-0.073462
-0.127611
-0.133139
-0.145458
-0.144520
-0.146499
-0.134214
-0.121528
-0.134382
-0.131304
-0.129879
-0.118244
-0.116646
-0.112233
-0.075088
0.154007
0.244210
0.259539
0.262094
0.267515
0.271363
0.277279
0.281443
0.291463
0.297247
0.053699
-0.112009
-0.185325
-0.221126
-0.225032
-0.210117
-0.194050
-0.179134
-0.169877
-0.167451
-0.181545
-0.197615
-0.199167
-0.208842
-0.198954
-0.149571
0.076983
0.196274
0.221002
0.230305
0.230729
0.234177
0.234241
0.230276
0.236417
0.242444
0.186688
-0.062952
-0.166457
-0.210552
-0.226389
-0.207323
-0.200669
-0.184518
-0.159985
-0.153480
-0.155314
-0.157054
-0.160925
-0.175918
-0.187482
-0.165907
0.024918
0.192656
0.221862
0.229134
0.226501
0.235937
0.240629
0.248315
0.247013
0.251170
0.213051
-0.017586
-0.135592
-0.184816
-0.205718
-0.207000
-0.198498
-0.196277
-0.176970
-0.169066
-0.158546
-0.151823
-0.153869
-0.153845
-0.156118
-0.144706
-0.101172
0.113523
0.235093
0.265384
0.273556
0.275749
0.282710
0.288522
0.286465
0.289497
0.300104
0.161756
-0.062142
-0.140583
-0.180594
-0.183328
-0.167451
-0.162767
-0.155326
-0.158396
-0.135130
-0.139069
-0.147679
-0.157834
-0.161886
-0.159081
-0.123937
0.087212
0.218522
0.255337
0.254380
0.246224
0.237033
0.247011
0.253165
0.257039
0.260945
0.231467
-0.004182
-0.121832
-0.179992
-0.199446
-0.168881
-0.161283
-0.166075
-0.157626
-0.154751
-0.156003
-0.147584
-0.133704
-0.150564
-0.167049
-0.170759
-0.138271
-0.023413
0.159786
0.212608
0.221983
0.217580
0.225054
0.222452
0.231886
0.244358
0.245823
0.140713
-0.078586
-0.155297
-0.198830
-0.211023
-0.194889
-0.184225
-0.179903
-0.156301
-0.145186
-0.141557
-0.132430
-0.130822
-0.143254
-0.139734
-0.104094
0.094766
0.219318
0.244070
0.262533
0.253376
0.255002
0.253843
0.252399
0.254867
0.262690
0.108491
-0.083275
-0.149081
-0.181780
-0.184920
-0.162717
-0.159016
-0.151851
-0.153394
-0.154019
-0.146676
-0.142984
-0.150317
-0.166338
-0.172540
-0.135589
0.070014
0.186062
0.210818
0.214176
0.210754
0.217022
0.215449
0.218899
0.225446
0.221168
0.230584
0.114942
-0.093363
-0.161255
-0.203425
-0.209275
-0.198220
-0.196142
-0.186230
-0.178634
-0.176403
-0.180774
-0.176347
-0.178592
-0.178378
-0.166970
-0.129991
0.110632
0.204527
0.218813
0.219366
0.223463
0.228494
0.226213
0.232345
0.229876
0.232549
0.176557
-0.049996
-0.171237
-0.231617
-0.255618
-0.241447
-0.228548
-0.218971
-0.200542
-0.183479
-0.175750
-0.157294
-0.161660
-0.163269
-0.166940
-0.138674
-0.078376
0.137722
0.224257
0.234330
0.238007
0.244324
0.243196
0.256511
0.262035
0.261704
0.214213
-0.016033
-0.116840
-0.171681
-0.177745
-0.166867
-0.154818
-0.148199
-0.138757
-0.134687
-0.130528
-0.132317
-0.133995
-0.143354
-0.136734
-0.119149
0.057664
0.221715
0.254397
0.251649
0.248150
0.250610
0.241673
0.245277
0.253210
0.260183
0.216500
-0.004399
-0.117354
-0.167785
-0.187428
-0.181618
-0.172299
-0.155454
-0.140979
-0.138894
-0.139751
-0.124618
-0.138696
-0.151570
-0.175825
-0.154535
-0.112575
0.076674
0.220172
0.251015
0.257618
0.254750
0.249556
0.248222
0.243732
0.238826
0.244017
0.016474
-0.119938
-0.192740
-0.202023
-0.192644
-0.182144
-0.183813
-0.173998
-0.160932
-0.161083
-0.157391
-0.146870
-0.147136
-0.158897
-0.165705
-0.140616
-0.048352
0.155565
0.223678
0.236041
0.243726
0.248360
0.252847
0.254048
0.253293
0.262592
0.251529
0.043878
-0.098629
-0.156321
-0.169412
-0.168002
-0.160303
-0.147002
-0.132023
-0.128483
-0.121736
-0.120389
-0.129693
-0.137137
-0.138604
-0.134303
-0.097981
0.096229
0.203254
0.225848
0.234069
0.238174
0.236505
0.246782
0.244938
0.256450
0.255783
0.207940
-0.023925
-0.141701
-0.196696
-0.207109
-0.196233
-0.183554
-0.158835
-0.157501
-0.154214
-0.149585
-0.141285
-0.145860
-0.159013
-0.163510
-0.136072
-0.076158
0.133672
0.230399
0.247910
0.240372
0.235412
0.235738
0.238871
0.248941
0.248579
0.182550
-0.055064
-0.159014
-0.211088
-0.218919
-0.208394
-0.196422
-0.172890
-0.156247
-0.148750
-0.139907
-0.142469
-0.152242
-0.151480
-0.129680
-0.079017
0.132311
0.239987
0.257238
0.253192
0.266875
0.264387
0.271106
0.273612
0.268722
0.271450
0.159087
-0.038784
-0.139785
-0.177562
-0.179646
-0.166394
-0.169411
-0.180327
-0.201525
-0.207414
-0.207967
-0.205838
-0.205597
-0.177611
0.003823
0.199261
0.246205
0.245906
0.241765
0.251396
0.256214
0.254513
0.254713
0.258635
0.266555
0.184991
-0.052978
-0.161006
-0.201335
-0.211645
-0.214046
-0.201526
-0.199277
-0.196122
-0.192430
-0.195357
-0.195196
-0.188110
-0.199150
-0.196386
-0.141284
0.091140
0.203126
0.231884
0.245224
0.231591
0.233435
0.235605
0.237995
0.254301
0.265239
0.250616
0.016608
-0.121052
-0.190922
-0.222239
-0.214375
-0.205287
-0.210194
-0.206995
-0.198725
-0.206568
-0.209005
-0.202828
-0.213671
-0.216573
-0.188345
-0.137867
0.082514
0.204780
0.228400
0.238068
0.237295
0.241621
0.241736
0.244134
0.259627
0.262288
0.054546
-0.110829
-0.203287
-0.243555
-0.245053
-0.239823
-0.229751
-0.220126
-0.212055
-0.207140
-0.207213
-0.206096
-0.203961
-0.186978
-0.144950
0.046589
0.188069
0.228167
0.264896
0.276990
0.273997
0.276353
0.274538
0.279893
0.290076
0.137032
-0.068476
-0.161891
-0.215892
-0.249639
-0.256548
-0.259151
-0.257563
-0.241734
-0.234211
-0.229444
-0.224658
-0.212865
-0.203594
-0.183141
-0.094268
0.165758
0.261289
0.277194
0.285617
0.295543
0.303464
0.301654
0.312317
0.317379
0.221527
-0.014436
-0.115341
-0.143362
-0.162060
-0.156770
-0.166285
-0.166383
-0.171462
-0.158922
-0.121718
-0.106143
-0.123554
-0.142560
-0.155370
-0.067695
0.193032
0.279874
0.292289
0.287340
0.287174
0.287606
0.286417
0.288924
0.296976
0.299196
0.140114
-0.091536
-0.176256
-0.215085
-0.218407
-0.217252
-0.197468
-0.191954
-0.185916
-0.181729
-0.180497
-0.183643
-0.187832
-0.187995
-0.171764
-0.052818
0.171449
0.225237
0.232738
0.228090
0.230971
0.237010
0.255107
0.254693
0.257111
0.271971
0.132481
-0.079328
-0.164517
-0.201310
-0.223975
-0.203900
-0.183415
-0.175057
-0.138463
-0.101359
-0.088523
-0.103128
-0.127515
-0.146236
-0.160529
-0.154875
-0.011900
0.220364
0.273216
0.282378
0.289226
0.294487
0.302129
0.304361
0.318436
0.247142
-0.020619
-0.138334
-0.182114
-0.204612
-0.193686
-0.182341
-0.178238
-0.170920
-0.157772
-0.147201
-0.152487
-0.163186
-0.173731
-0.167599
-0.131682
0.045779
0.242427
0.280310
0.296542
0.293168
0.286565
0.287001
0.292015
0.291264
0.293910
0.154629
-0.052527
-0.133201
-0.173611
-0.189049
-0.193156
-0.187859
-0.191226
-0.189704
-0.186978
-0.187577
-0.187016
-0.190394
-0.190716
-0.192119
-0.143759
0.042989
0.187330
0.227818
0.236974
0.239137
0.244200
0.242908
0.248279
0.252725
0.254697
0.194054
-0.036441
-0.145553
-0.201289
-0.219919
-0.225622
-0.214784
-0.194094
-0.189642
-0.188343
-0.175919
-0.172369
-0.176876
-0.184142
-0.196779
-0.184206
-0.135260
0.096679
0.187336
0.219254
0.227620
0.226825
0.226994
0.235374
0.242592
0.252704
0.182051
-0.048627
-0.168605
-0.197896
-0.215600
-0.220062
-0.202620
-0.188223
-0.174418
-0.168250
-0.171014
-0.170870
-0.180994
-0.190226
-0.192364
-0.167809
0.008345
0.176330
0.215743
0.233843
0.231303
0.240675
0.248667
0.251242
0.263187
0.273771
0.270173
0.239325
-0.000723
-0.111992
-0.170842
-0.184175
-0.167020
-0.141120
-0.139561
-0.148902
-0.146315
-0.152674
-0.134386
-0.134181
-0.150809
-0.153114
-0.131797
0.021544
0.199610
0.244955
0.249139
0.253713
0.258373
0.268518
0.267259
0.276078
0.278227
0.288180
0.148900
-0.061805
-0.146486
-0.186606
-0.192315
-0.178555
-0.181531
-0.184012
-0.183266
-0.181830
-0.178245
-0.163590
-0.160320
-0.182251
-0.191986
-0.176360
-0.130402
0.094337
0.203494
0.215411
0.226734
0.218093
0.218598
0.225338
0.223066
0.231186
0.229680
0.051020
-0.128073
-0.209314
-0.246954
-0.255558
-0.239698
-0.222769
-0.205393
-0.215442
-0.209765
-0.197055
-0.192423
-0.199025
-0.210469
-0.190026
-0.097852
0.123733
0.207166
0.227944
0.224560
0.228476
0.232616
0.234835
0.238877
0.246553
0.223385
-0.007253
-0.123726
-0.176617
-0.195276
-0.176319
-0.162805
-0.159080
-0.144006
-0.140823
-0.142624
-0.138838
-0.140634
-0.144808
-0.158113
-0.145283
-0.097642
0.140419
0.245910
0.255963
0.262342
0.255392
0.258842
0.261490
0.257131
0.258181
0.269005
0.153947
-0.060412
-0.148242
-0.193368
-0.184557
-0.170989
-0.156795
-0.134273
-0.133748
-0.142531
-0.144415
-0.137980
-0.141680
-0.142321
-0.152650
-0.130609
-0.037742
0.166109
0.217291
0.230399
0.232716
0.238741
0.230560
0.230817
0.238790
0.242928
0.246529
0.197712
-0.030735
-0.150890
-0.199601
-0.198163
-0.194280
-0.183492
-0.170177
-0.156824
-0.143418
-0.155882
-0.156132
-0.175084
-0.176735
-0.168736
-0.143414
0.021594
0.200485
0.236938
0.246845
0.246732
0.247153
0.243451
0.246135
0.253655
0.253066
0.254077
0.111929
-0.081845
-0.168871
-0.212826
-0.213192
-0.206152
-0.189879
-0.182758
-0.176216
-0.171920
-0.175226
-0.175982
-0.173963
-0.169106
-0.156383
-0.097272
0.126267
0.224665
0.234873
0.252951
0.251318
0.250696
0.247569
0.249690
0.240537
0.241821
0.106842
-0.085383
-0.176787
-0.222951
-0.222493
-0.200933
-0.167965
-0.163601
-0.166191
-0.163641
-0.172748
-0.168948
-0.175898
-0.167652
-0.148827
-0.058450
0.182743
0.248070
0.258956
0.250931
0.257128
0.256625
0.255315
0.261939
0.272479
0.279743
0.076778
-0.115703
-0.188499
-0.211426
-0.186554
-0.186406
-0.176039
-0.161160
-0.160025
-0.155031
-0.158860
-0.162757
-0.170839
-0.190038
-0.183681
-0.112437
0.128997
0.226974
0.237475
0.248203
0.241356
0.252488
0.256396
0.273220
0.278650
0.273838
0.276023
0.058246
-0.091354
-0.159227
-0.192953
-0.208794
-0.196418
-0.184895
-0.172447
-0.156169
-0.142580
-0.162337
-0.175090
-0.179934
-0.186687
-0.179675
-0.140018
0.002811
0.199497
0.246893
0.263587
0.267732
0.279764
0.282091
0.292482
0.283510
0.294228
0.059841
-0.106859
-0.201836
-0.227159
-0.224334
-0.209736
-0.198179
-0.187575
-0.188734
-0.173578
-0.168905
-0.169078
-0.174133
-0.172373
-0.153895
-0.091642
0.145745
0.238122
0.263414
0.266384
0.278120
0.279587
0.279821
0.287269
0.293466
0.268483
0.026954
-0.111476
-0.184317
-0.214948
-0.222705
-0.212603
-0.203680
-0.198419
-0.190872
-0.187782
-0.180265
-0.194527
-0.200071
-0.195338
-0.167673
0.012908
0.173767
0.225354
0.230662
0.233671
0.232028
0.235354
0.241330
0.247581
0.240688
0.250771
0.161742
-0.073428
-0.170124
-0.226508
-0.243074
-0.232533
-0.228855
-0.208675
-0.199132
-0.184083
-0.186632
-0.193275
-0.200874
-0.205386
-0.204688
-0.166822
0.035906
0.192512
0.218990
0.227597
0.233125
0.239540
0.241259
0.244656
0.261183
0.267599
0.188209
-0.038714
-0.145573
-0.192562
-0.188527
-0.173907
-0.161255
-0.164388
-0.137983
-0.124324
-0.110555
-0.100378
-0.105213
-0.102839
-0.120095
-0.115761
-0.059890
0.161240
0.244775
0.262283
0.267480
0.270176
0.271040
0.282860
0.292531
0.298597
0.305882
0.265944
0.032880
-0.080392
-0.143058
-0.169118
-0.162812
-0.149461
-0.147642
-0.139411
-0.136691
-0.132600
-0.129894
-0.137336
-0.144108
-0.135485
-0.108266
0.090684
0.235897
0.261031
0.265032
0.261988
0.260500
0.255609
0.252250
0.255123
0.260947
0.227137
0.002416
-0.120733
-0.178159
-0.195560
-0.189698
-0.202785
-0.210355
-0.189827
-0.213500
-0.252703
-0.304063
-0.324363
-0.320005
-0.286116
-0.099947
0.147913
0.222892
0.241244
0.248341
0.264998
0.273535
0.273250
0.276370
0.280551
0.275330
0.061677
-0.131144
-0.208360
-0.224937
-0.214042
-0.200997
-0.204299
-0.212228
-0.215878
-0.200836
-0.205031
-0.202146
-0.212290
-0.221173
-0.215331
-0.169730
0.027532
0.182005
0.213821
0.232696
0.241852
0.249455
0.255640
0.253556
0.260584
0.266463
0.046365
-0.119070
-0.188272
-0.221600
-0.234118
-0.227232
-0.207439
-0.205905
-0.200732
-0.188009
-0.182048
-0.187811
-0.192370
-0.192968
-0.183139
-0.117191
0.113321
0.220269
0.253876
0.253619
0.258340
0.260373
0.272036
0.275724
0.287976
0.291814
0.149490
-0.070619
-0.149512
-0.189919
-0.194299
-0.164747
-0.156838
-0.137788
-0.137335
-0.137963
-0.133556
-0.127285
-0.131548
-0.138628
-0.126285
-0.096270
0.121643
0.237485
0.259291
0.257375
0.260385
0.250043
0.262251
0.270241
0.273908
0.285857
0.281442
0.138879
-0.061734
-0.147276
-0.180329
-0.204897
-0.183756
-0.163682
-0.159762
-0.155355
-0.146090
-0.137222
-0.130965
-0.144311
-0.162419
-0.160039
-0.120145
0.092211
0.206117
0.224139
0.233233
0.218339
0.213385
0.207030
0.211346
0.216362
0.220644
0.216096
-0.006853
-0.153727
-0.204332
-0.217676
-0.223530
-0.218782
-0.211906
-0.211082
-0.199332
-0.194280
-0.184429
-0.180996
-0.182223
-0.192327
-0.172449
-0.103051
0.125166
0.194660
0.215399
0.207148
0.198163
0.200857
0.193851
0.211378
0.213631
0.224466
0.162159
-0.059480
-0.156146
-0.220092
-0.224952
-0.211849
-0.186375
-0.164127
-0.157793
-0.150363
-0.158954
-0.165545
-0.169611
-0.172556
-0.171205
-0.147808
0.003897
0.180800
0.225946
0.232630
0.238771
0.247574
0.261422
0.268538
0.278719
0.285929
0.284597
0.068360
-0.080885
-0.153669
-0.172443
-0.172176
-0.156726
-0.138958
-0.130408
-0.116222
-0.100848
-0.105063
-0.110296
-0.119310
-0.111091
-0.079941
0.073701
0.253453
0.299664
0.305372
0.309173
0.314597
0.313803
0.316019
0.314142
0.317312
0.327454
0.189911
-0.018951
-0.126289
-0.176530
-0.181334
-0.196233
-0.235480
-0.258326
-0.270625
-0.284023
-0.293321
-0.307193
-0.310487
-0.257014
-0.017375
0.176764
0.237943
0.273484
0.284131
0.294737
0.307080
0.316685
0.324077
0.341339
0.284095
0.038550
-0.079851
-0.169881
-0.218220
-0.241338
-0.241925
-0.244012
-0.245002
-0.234630
-0.236817
-0.243003
-0.248928
-0.250778
-0.253243
-0.234212
-0.092637
0.164730
0.248274
0.262637
0.270603
0.284967
0.285156
0.296944
0.314319
0.320098
0.320550
0.222093
-0.020213
-0.145377
-0.225164
-0.260292
-0.290503
-0.294129
-0.286406
-0.281232
-0.279800
-0.256328
-0.239928
-0.236549
-0.249202
-0.250783
-0.223007
-0.084313
0.156109
0.232255
0.255959
0.264928
0.272642
0.279821
0.278985
0.281824
0.289866
0.186796
-0.039005
-0.143415
-0.182696
-0.201847
-0.197402
-0.183899
-0.180009
-0.180052
-0.182969
-0.173353
-0.173220
-0.170215
-0.179533
-0.168509
-0.126741
0.068829
0.211980
0.241360
0.238405
0.234272
0.232449
0.239130
0.251320
0.267584
0.280377
0.152603
-0.051439
-0.141092
-0.174145
-0.163555
-0.159167
-0.147410
-0.146733
-0.151803
-0.144855
-0.138850
-0.139558
-0.142800
-0.150450
-0.144799
-0.123006
0.041236
0.225038
0.264525
0.262937
0.266988
0.279874
0.291299
0.298703
0.301600
0.298329
0.300388
0.099866
-0.093230
-0.177894
-0.253869
-0.284830
-0.275348
-0.254429
-0.242816
-0.247540
-0.228830
-0.211321
-0.213846
-0.222479
-0.231133
-0.221711
-0.150829
0.104238
0.205387
0.239684
0.247126
0.242553
0.247295
0.243765
0.244769
0.252008
0.256753
0.047540
-0.121032
-0.193353
-0.215044
-0.216996
-0.212968
-0.202742
-0.195803
-0.203022
-0.198023
-0.190515
-0.178266
-0.182324
-0.189107
-0.166450
-0.025897
0.196303
0.245688
0.263765
0.276064
0.274610
0.275720
0.277671
0.286521
0.289353
0.288786
0.081957
-0.076757
-0.141397
-0.179261
-0.190676
-0.180816
-0.172209
-0.164246
-0.164372
-0.149946
-0.147578
-0.149967
-0.154132
-0.160151
-0.166773
-0.135806
-0.016526
0.202721
0.264382
0.269086
0.269439
0.264022
0.271306
0.272211
0.278754
0.281055
0.276291
0.058350
-0.097627
-0.166744
-0.204423
-0.207830
-0.191574
-0.164554
-0.140006
-0.136068
-0.155072
-0.159706
-0.168755
-0.176520
-0.173066
-0.155879
-0.057046
0.165428
0.232941
0.248488
0.249135
0.245476
0.242590
0.252701
0.276551
0.282253
0.282863
0.072339
-0.090068
-0.164588
-0.194762
-0.188132
-0.183015
-0.166867
-0.151869
-0.147211
-0.129278
-0.134591
-0.144267
-0.158536
-0.168639
-0.129727
0.032266
0.207836
0.252464
0.251728
0.260549
0.262731
0.261193
0.255515
0.264783
0.262448
0.259408
0.108670
-0.095268
-0.181193
-0.212886
-0.223162
-0.218543
-0.206133
-0.189601
-0.169455
-0.171264
-0.182163
-0.176159
-0.183625
-0.181322
-0.168988
-0.040257
0.162064
0.213348
0.225174
0.221910
0.216372
0.210417
0.201085
0.208637
0.213095
0.222336
0.085319
-0.123090
-0.206766
-0.239619
-0.243556
-0.221909
-0.207603
-0.186697
-0.184491
-0.173477
-0.165275
-0.157289
-0.159844
-0.167954
-0.163587
-0.146082
-0.108937
0.069544
0.217042
0.233439
0.233876
0.236439
0.242007
0.255329
0.259325
0.269423
0.220700
0.001717
-0.108691
-0.161228
-0.186366
-0.189104
-0.176761
-0.158982
-0.146267
-0.132171
-0.138832
-0.130745
-0.142857
-0.146830
-0.139923
-0.088517
0.116943
0.233211
0.266613
0.270073
0.270775
0.271329
0.270608
0.270201
0.277657
0.275287
0.165984
-0.060823
-0.151866
-0.189414
-0.190007
-0.183385
-0.171224
-0.167756
-0.168973
-0.154622
-0.160259
-0.163420
-0.160985
-0.168780
-0.183174
-0.161933
-0.103315
0.125876
0.229497
0.245170
0.248513
0.238055
0.237076
0.236591
0.238573
0.241046
0.211340
-0.014617
-0.140435
-0.196551
-0.204683
-0.193832
-0.187369
-0.171269
-0.150312
-0.145849
-0.151971
-0.148143
-0.144753
-0.156553
-0.154873
-0.128546
-0.031538
0.179702
0.256002
0.257480
0.259989
0.255826
0.258428
0.259325
0.265112
0.268369
0.272760
0.068160
-0.091228
-0.171382
-0.194500
-0.191080
-0.185430
-0.170525
-0.173535
-0.172186
-0.166174
-0.153979
-0.176430
-0.231556
-0.269295
-0.254535
-0.120268
0.147916
0.240069
0.276573
0.291074
0.296526
0.298596
0.307043
0.321196
0.325267
0.334736
0.189448
-0.054330
-0.153702
-0.207236
-0.216525
-0.195938
-0.165591
-0.157313
-0.167521
-0.165753
-0.180253
-0.188341
-0.197614
-0.195020
-0.167337
-0.036547
0.192228
0.262280
0.278040
0.284973
0.280558
0.277178
0.281129
0.288482
0.298755
0.244767
-0.010531
-0.140021
-0.210690
-0.223339
-0.210523
-0.205018
-0.199674
-0.189827
-0.193006
-0.204878
-0.194451
-0.194573
-0.193951
-0.187362
-0.172783
-0.070874
0.157949
0.214951
0.224003
0.226199
0.235208
0.237060
0.234349
0.229261
0.233990
0.154031
-0.089525
-0.195861
-0.226634
-0.248898
-0.244203
-0.225869
-0.226252
-0.219643
-0.206395
-0.196296
-0.201688
-0.211413
-0.207126
-0.204190
-0.167621
-0.025188
0.173670
0.222325
0.229641
0.249036
0.251483
0.256101
0.259922
0.265277
0.268439
0.248127
0.002233
-0.119478
-0.183229
-0.203173
-0.198730
-0.185286
-0.174326
-0.162615
-0.149972
-0.138386
-0.134123
-0.149120
-0.159964
-0.149764
-0.126891
-0.070440
0.172330
0.279758
0.298654
0.312155
0.329937
0.339019
0.343871
0.345782
0.357097
0.197643
-0.015091
-0.136411
-0.201563
-0.238901
-0.236929
-0.232960
-0.220343
-0.206075
-0.202116
-0.198382
-0.192420
-0.190624
-0.181539
-0.161735
-0.110655
0.098280
0.235501
0.274621
0.273438
0.278124
0.279248
0.280313
0.279946
0.291954
0.296102
0.116761
-0.090238
-0.186726
-0.244744
-0.246120
-0.241959
-0.222531
-0.208941
-0.202068
-0.198867
-0.217798
-0.204824
-0.191719
-0.186744
-0.164809
-0.056786
0.178055
0.250943
0.269682
0.269490
0.269987
0.278365
0.287202
0.294642
0.296234
0.236327
-0.015000
-0.135475
-0.195444
-0.207925
-0.215681
-0.206180
-0.195888
-0.183754
-0.173986
-0.152346
-0.125396
-0.099447
-0.094285
-0.094530
-0.013374
0.220485
0.285978
0.293837
0.292648
0.290937
0.287159
0.296866
0.308660
0.304914
0.310468
0.044459
-0.125132
-0.205661
-0.226907
-0.241419
-0.229732
-0.196419
-0.185842
-0.177118
-0.178694
-0.177072
-0.187251
-0.196256
-0.200756
-0.176194
-0.114029
0.127569
0.234416
0.245760
0.255039
0.251334
0.255191
0.259423
0.263175
0.268171
0.248360
-0.000498
-0.145656
-0.220633
-0.229709
-0.222945
-0.231676
-0.231310
-0.231419
-0.218079
-0.221605
-0.210559
-0.207197
-0.220721
-0.213565
-0.185586
-0.001230
0.198524
0.240726
0.257650
0.251970
0.270756
0.264575
0.269944
0.284178
0.283879
0.276277
0.027703
-0.113852
-0.170027
-0.192994
-0.189710
-0.190126
-0.186716
-0.171438
-0.165995
-0.167071
-0.175608
-0.186696
-0.195424
-0.202913
-0.174695
-0.110397
0.114547
0.218961
0.238292
0.245298
0.243550
0.238808
0.241404
0.248933
0.261693
0.274476
0.081778
-0.095168
-0.177837
-0.199551
-0.181570
-0.174707
-0.172217
-0.170018
-0.160062
-0.156114
-0.151473
-0.147211
-0.148643
-0.150979
-0.157236
-0.127450
0.051177
0.217822
0.275087
0.293913
0.311022
0.317756
0.326760
0.348346
0.341603
0.313430
0.143597
0.003924
-0.046089
-0.064920
-0.070140
-0.096740
-0.118184
-0.145358
-0.169808
-0.195647
-0.234306
-0.264127
-0.284706
-0.290507
-0.250728
-0.165180
0.046378
0.212611
0.224192
0.239182
0.258811
0.276490
0.290261
0.312528
0.326952
0.330118
0.142383
-0.056388
-0.125415
-0.181459
-0.221636
-0.229469
-0.227180
-0.218706
-0.221628
-0.212989
-0.209967
-0.210862
-0.218238
-0.223869
-0.204285
-0.156187
0.078574
0.196378
0.226006
0.233870
0.233760
0.240542
0.240351
0.246461
0.265070
0.265904
0.197311
-0.029925
-0.140204
-0.185262
-0.209023
-0.199350
-0.187135
-0.187878
-0.175194
-0.174775
-0.162087
-0.162098
-0.178010
-0.192262
-0.189296
-0.166129
-0.078303
0.149353
0.230857
0.237168
0.248660
0.250372
0.248773
0.256976
0.252466
0.261604
0.223762
-0.026228
-0.144356
-0.200724
-0.225946
-0.216015
-0.201713
-0.186653
-0.186935
-0.173116
-0.157987
-0.143471
-0.152787
-0.161084
-0.163570
-0.145171
-0.063911
0.169663
0.247180
0.265923
0.273243
0.266442
0.270663
0.273664
0.285178
0.294900
0.286985
0.167352
-0.035646
-0.119520
-0.160091
-0.181399
-0.176375
-0.175458
-0.152149
-0.149386
-0.136967
-0.132110
-0.131753
-0.129038
-0.128685
-0.111522
-0.025155
0.192581
0.274932
0.278134
0.278656
0.272957
0.261974
0.271669
0.277912
0.289488
0.302545
0.234985
0.011621
-0.092868
-0.154399
-0.176027
-0.171902
-0.148999
-0.153939
-0.165131
-0.160860
-0.159308
-0.150557
-0.156541
-0.170154
-0.175169
-0.167855
-0.046876
0.174030
0.233274
0.250271
0.250470
0.245742
0.242069
0.242300
0.247539
0.240430
0.239442
0.053473
-0.117252
-0.178984
-0.210480
-0.220060
-0.220713
-0.181356
-0.153730
-0.160340
-0.190516
-0.236105
-0.264226
-0.282534
-0.267193
-0.195526
0.060006
0.185085
0.226700
0.239096
0.247716
0.250280
0.250390
0.245902
0.243036
0.264922
0.235416
-0.032732
-0.160500
-0.200883
-0.213665
-0.222096
-0.199382
-0.193159
-0.197400
-0.194678
-0.203619
-0.205811
-0.209922
-0.220314
-0.218131
-0.199804
-0.117539
0.126771
0.229332
0.255069
0.257033
0.270824
0.272711
0.279250
0.282373
0.285281
0.290406
0.050530
-0.096883
-0.163976
-0.195761
-0.208263
-0.203679
-0.186545
-0.175463
-0.164409
-0.166198
-0.174595
-0.172307
-0.174091
-0.181303
-0.167951
-0.123447
0.067568
0.212446
0.248644
0.259011
0.263627
0.264413
0.272866
0.260021
0.260985
0.242934
0.009655
-0.124562
-0.193720
-0.207007
-0.214569
-0.212636
-0.204128
-0.213590
-0.217922
-0.226708
-0.222371
-0.233433
-0.237525
-0.245741
-0.245628
-0.197389
0.044439
0.155939
0.187949
0.198162
0.204717
0.209590
0.219106
0.225912
0.232292
0.242884
0.245159
0.013535
-0.128572
-0.202823
-0.220630
-0.222592
-0.217508
-0.208058
-0.186510
-0.179741
-0.158686
-0.146560
-0.150255
-0.175084
-0.168141
-0.098068
0.079812
0.293808
0.321117
0.323007
0.317464
0.325115
0.336037
0.342542
0.348753
0.353419
0.363760
0.306073
0.034446
-0.080507
-0.139864
-0.190263
-0.199771
-0.196847
-0.193866
-0.181722
-0.152158
-0.144355
-0.135581
-0.142926
-0.140360
-0.144999
-0.123351
-0.022773
0.205077
0.276097
0.286791
0.296360
0.301908
0.306081
0.299385
0.298288
0.300789
0.183090
-0.038388
-0.133741
-0.197727
-0.211229
-0.197366
-0.191832
-0.192693
-0.192385
-0.205000
-0.209030
-0.196142
-0.193021
-0.208452
-0.206807
-0.166216
0.064729
0.196468
0.232423
0.229727
0.220658
0.222217
0.226052
0.233588
0.236294
0.235307
0.151342
-0.075138
-0.197571
-0.261114
-0.281812
-0.269954
-0.261727
-0.251644
-0.232622
-0.221186
-0.234524
-0.229285
-0.240610
-0.242054
-0.231169
-0.208458
-0.090824
0.136159
0.202771
0.216176
0.224779
0.222861
0.230181
0.238587
0.248633
0.253220
0.166364
-0.071210
-0.164718
-0.219708
-0.240883
-0.248242
-0.241040
-0.227753
-0.219808
-0.218589
-0.208977
-0.203754
-0.206393
-0.216726
-0.205058
-0.109993
0.124029
0.208796
0.234159
0.246993
0.249716
0.250854
0.259540
0.264578
0.270845
0.281243
0.231885
0.003097
-0.114205
-0.182581
-0.214017
-0.205097
-0.184259
-0.177281
-0.170954
-0.168800
-0.176402
-0.172783
-0.174109
-0.175913
-0.167882
-0.119150
-0.019662
0.253390
0.331788
0.331453
0.328417
0.322663
0.312109
0.315556
0.317745
0.325945
0.234369
-0.024159
-0.139742
-0.210260
-0.243381
-0.243926
-0.230293
-0.213671
-0.200314
-0.198577
-0.189062
-0.182344
-0.176912
-0.175207
-0.154602
-0.050989
0.197087
0.282445
0.301207
0.300900
0.312493
0.314578
0.320108
0.323069
0.324145
0.321587
0.127218
-0.059531
-0.137164
-0.169045
-0.183290
-0.180069
-0.171456
-0.166556
-0.149199
-0.139102
-0.131675
-0.128655
-0.106936
-0.083775
-0.061815
-0.009227
0.232103
0.297032
0.306873
0.303892
0.305871
0.307670
0.313617
0.315820
0.324087
0.272598
-0.004005
-0.130541
-0.186553
-0.212996
-0.221494
-0.220339
-0.215166
-0.199910
-0.186038
-0.177701
-0.167651
-0.167192
-0.185472
-0.189161
-0.158179
-0.019698
0.195605
0.256571
0.276208
0.270779
0.281655
0.274540
0.283760
0.293907
0.299118
0.201205
-0.038684
-0.147273
-0.210535
-0.229915
-0.237679
-0.220984
-0.209911
-0.192957
-0.191897
-0.201277
-0.201006
-0.192659
-0.197407
-0.208016
-0.178138
-0.083252
0.152310
0.227734
0.239745
0.239476
0.246228
0.239130
0.249555
0.243933
0.246415
0.225519
0.003275
-0.127576
-0.192443
-0.228144
-0.224878
-0.225487
-0.212915
-0.197521
-0.201873
-0.211816
-0.207750
-0.205332
-0.216961
-0.221310
-0.198354
-0.056621
0.150952
0.200260
0.209763
0.210143
0.215580
0.221572
0.222411
0.230342
0.234053
0.240457
0.022152
-0.138492
-0.203873
-0.224102
-0.225963
-0.219523
-0.222038
-0.210779
-0.198244
-0.197348
-0.184240
-0.171678
-0.161427
-0.147752
-0.126706
-0.065002
0.172750
0.251239
0.263811
0.269234
0.278130
0.277822
0.294439
0.298006
0.302368
0.297715
0.223696
-0.031505
-0.135654
-0.196136
-0.207291
-0.215029
-0.221526
-0.200998
-0.183156
-0.164764
-0.144367
-0.151714
-0.169689
-0.175695
-0.178461
-0.157488
0.028216
0.231169
0.275555
0.286437
0.276082
0.275800
0.282787
0.280802
0.285050
0.288810
0.215740
-0.023611
-0.138003
-0.207858
-0.225367
-0.208634
-0.198318
-0.192342
-0.180153
-0.181954
-0.176066
-0.182896
-0.188851
-0.193697
-0.194452
-0.167280
-0.087745
0.147616
0.237708
0.245453
0.249960
0.246223
0.239679
0.243850
0.246570
0.241463
0.169541
-0.076883
-0.191333
-0.238189
-0.252088
-0.255122
-0.249283
-0.243475
-0.227832
-0.219193
-0.212498
-0.204886
-0.198271
-0.207072
-0.199004
-0.162567
0.055359
0.190034
0.217713
0.235499
0.241310
0.235431
0.243650
0.249646
0.250011
0.244644
0.174585
-0.058314
-0.145734
-0.180129
-0.193955
-0.194511
-0.191015
-0.188178
-0.174397
-0.159324
-0.161828
-0.162065
-0.162164
-0.170934
-0.175999
-0.157538
-0.052503
0.163815
0.231466
0.236551
0.239121
0.249655
0.247660
0.251021
0.263974
0.272743
0.283608
0.183764
-0.041448
-0.128338
-0.157948
-0.175256
-0.166770
-0.150909
-0.148710
-0.141753
-0.146464
-0.143316
-0.137766
-0.145129
-0.151435
-0.132838
-0.022923
0.233799
0.297192
0.295391
0.300604
0.307678
0.306884
0.308871
0.322342
0.320719
0.325817
0.259586
-0.013104
-0.130535
-0.188438
-0.217881
-0.212318
-0.191725
-0.191085
-0.187452
-0.181339
-0.179473
-0.167407
-0.162835
-0.164195
-0.182731
-0.149348
-0.069329
0.168982
0.252076
0.268193
0.270815
0.269389
0.259228
0.264657
0.263486
0.271085
0.255942
0.003585
-0.132190
-0.178449
-0.191621
-0.174619
-0.169411
-0.163197
-0.144676
-0.143381
-0.148506
-0.143206
-0.135654
-0.148392
-0.163909
-0.149592
-0.103458
0.130688
0.231286
0.246491
0.262805
0.273541
0.275479
0.279931
0.284504
0.294148
0.292550
0.170749
-0.044988
-0.113188
-0.163454
-0.184783
-0.179193
-0.164489
-0.153748
-0.128416
-0.129350
-0.137616
-0.149974
-0.156081
-0.177229
-0.167024
-0.124937
0.110089
0.234324
0.277623
0.286833
0.294653
0.298074
0.296917
0.299380
0.298812
0.306043
0.306822
0.088573
-0.070454
-0.155866
-0.187680
-0.193288
-0.213115
-0.242239
-0.267267
-0.271333
-0.277295
-0.273376
-0.273996
-0.291022
-0.277797
-0.230532
-0.031351
0.184586
0.237799
0.251237
0.268709
0.269502
0.283830
0.294371
0.307747
0.322526
0.274790
0.027857
-0.089991
-0.150226
-0.172085
-0.165793
-0.149954
-0.142376
-0.141431
-0.136435
-0.132643
-0.146570
-0.146229
-0.166008
-0.171257
-0.164413
-0.074653
0.158999
0.242835
0.254986
0.253874
0.264379
0.274953
0.273223
0.278286
0.288474
0.291533
0.202438
-0.033990
-0.136971
-0.177116
-0.197802
-0.245653
-0.255792
-0.276789
-0.276071
-0.279517
-0.290796
-0.294623
-0.300572
-0.312496
-0.324004
-0.311016
-0.202143
0.071859
0.170825
0.205082
0.221182
0.224140
0.234731
0.231644
0.238559
0.243733
0.246966
0.107638
-0.091567
-0.175606
-0.210635
-0.213063
-0.192053
-0.181718
-0.181305
-0.168274
-0.164681
-0.151023
-0.152868
-0.149495
-0.157616
-0.156165
-0.124853
0.002944
0.219354
0.273476
0.274694
0.282603
0.282957
0.279510
0.275669
0.273103
0.269684
0.273088
0.085882
-0.088802
-0.166020
-0.201372
-0.206167
-0.210316
-0.201797
-0.191947
-0.171286
-0.167421
-0.170949
-0.172280
-0.176288
-0.179526
-0.156028
-0.095775
0.121367
0.199905
0.213515
0.209147
0.218009
0.218944
0.217650
0.226154
0.234077
0.193339
-0.033152
-0.161427
-0.211567
-0.231381
-0.217435
-0.205925
-0.208246
-0.201626
-0.199070
-0.188675
-0.178391
-0.181314
-0.184265
-0.199321
-0.188134
-0.068499
0.143078
0.194657
0.199743
0.199314
0.201460
0.203365
0.223491
0.226140
0.229579
0.232691
0.115023
-0.097670
-0.186559
-0.210077
-0.206149
-0.185554
-0.162713
-0.157781
-0.151993
-0.137343
-0.134718
-0.127266
-0.129859
-0.138693
-0.136502
-0.093741
0.126021
0.252907
0.270488
0.264293
0.258286
0.258963
0.254799
0.260079
0.274791
0.276046
0.277598
0.089239
-0.078887
-0.161387
-0.189839
-0.186457
-0.173668
-0.150568
-0.148470
-0.153268
-0.137465
-0.139609
-0.126135
-0.123125
-0.125137
-0.125094
-0.097173
0.047026
0.225334
0.262666
0.274627
0.269831
0.269827
0.269913
0.269804
0.273484
0.271594
0.261608
0.028304
-0.108764
-0.168541
-0.187522
-0.189440
-0.179596
-0.175398
-0.170365
-0.174900
-0.174951
-0.178080
-0.184062
-0.188650
-0.208173
-0.189141
-0.100213
0.136752
0.208687
0.219431
0.225158
0.215717
0.211771
0.215652
0.224616
0.237640
0.235447
0.071636
-0.091831
-0.168903
-0.195292
-0.201838
-0.197597
-0.180635
-0.165857
-0.155647
-0.147401
-0.140100
-0.148183
-0.169038
-0.183333
-0.171614
-0.098451
0.136859
0.274007
0.288632
0.284726
0.279282
0.279148
0.280718
0.294113
0.301800
0.302220
0.305791
0.173207
-0.060738
-0.140204
-0.183178
-0.209578
-0.209674
-0.208232
-0.192154
-0.175088
-0.162215
-0.162430
-0.150289
-0.161503
-0.156015
-0.166616
-0.141817
-0.025353
0.202761
0.271615
0.282824
0.294740
0.289804
0.288361
0.295415
0.302814
0.305789
0.299161
0.041692
-0.108668
-0.172547
-0.199664
-0.194136
-0.182039
-0.172806
-0.161665
-0.168670
-0.159359
-0.152858
-0.161159
-0.169420
-0.188919
-0.160698
-0.080160
0.146783
0.236605
0.252981
0.257567
0.257567
0.258395
0.260903
0.271414
0.286149
0.284251
0.253196
0.008007
-0.123767
-0.187336
-0.213423
-0.216585
-0.200286
-0.195100
-0.176582
-0.179602
-0.179419
-0.189946
-0.192350
-0.196037
-0.205497
-0.203854
-0.165400
-0.001593
0.156699
0.201025
0.208675
0.213771
0.211145
0.208972
0.210304
0.224727
0.230660
0.096168
-0.101781
-0.195561
-0.230349
-0.235138
-0.224825
-0.198555
-0.180976
-0.156147
-0.157494
-0.159856
-0.162502
-0.165802
-0.171601
-0.177213
-0.151130
-0.004661
0.185195
0.227139
0.230704
0.236615
0.236987
0.235931
0.238424
0.250769
0.251914
0.231463
0.003271
-0.128156
-0.193331
-0.208743
-0.211674
-0.208752
-0.201569
-0.190924
-0.172224
-0.173473
-0.169158
-0.174200
-0.176242
-0.186970
-0.155032
-0.097444
0.124543
0.219135
0.236733
0.228848
0.229456
0.229760
0.232029
0.227084
0.222621
0.223400
0.120389
-0.108840
-0.193834
-0.230597
-0.236489
-0.230736
-0.218307
-0.187136
-0.170356
-0.170273
-0.171817
-0.176764
-0.172247
-0.172791
-0.148422
0.031251
0.206217
0.249490
0.249640
0.241966
0.240392
0.241803
0.239090
0.235757
0.236267
0.248992
0.128484
-0.080370
-0.172925
-0.216264
-0.221061
-0.213363
-0.199016
-0.185271
-0.183901
-0.185621
-0.165304
-0.128003
-0.122284
-0.152730
-0.158152
-0.146657
-0.073592
0.146741
0.236445
0.247198
0.247080
0.241700
0.246513
0.246798
0.248381
0.257819
0.239002
0.010556
-0.125430
-0.188687
-0.204660
-0.181474
-0.167437
-0.164820
-0.163732
-0.160640
-0.152957
-0.148123
-0.149660
-0.159636
-0.169557
-0.148662
-0.050761
0.161063
0.226500
0.243564
0.249784
0.246514
0.242727
0.241770
0.237667
0.239835
0.245719
0.046290
-0.101734
-0.164422
-0.191758
-0.189647
-0.177486
-0.162699
-0.150341
-0.137483
-0.133916
-0.139499
-0.129303
-0.125309
-0.137635
-0.143876
-0.104274
0.058970
0.263153
0.300540
0.300625
0.291476
0.289505
0.292039
0.290069
0.304525
0.306366
0.265128
0.010269
-0.118616
-0.165496
-0.205050
-0.236292
-0.225164
-0.228363
-0.218597
-0.209266
-0.192374
-0.194165
-0.198192
-0.198771
-0.204584
-0.179816
-0.105439
0.134107
0.207444
0.227337
0.231058
0.224296
0.231325
0.245449
0.250223
0.255056
0.212879
-0.031426
-0.151330
-0.192449
-0.209081
-0.202307
-0.195003
-0.184981
-0.177713
-0.169558
-0.169734
-0.179888
-0.181432
-0.186981
-0.194872
-0.158355
-0.000317
0.173793
0.221244
0.232494
0.243666
0.233918
0.236521
0.241220
0.244143
0.250045
0.251313
0.068298
-0.110857
-0.176211
-0.204548
-0.195229
-0.185248
-0.173212
-0.164078
-0.159145
-0.168268
-0.166563
-0.174138
-0.184075
-0.202833
-0.197419
-0.161990
0.004018
0.175886
0.221225
0.240718
0.237558
0.228039
0.230886
0.231808
0.228152
0.235769
0.130225
-0.099370
-0.190484
-0.234281
-0.240546
-0.234281
-0.228638
-0.210932
-0.193127
-0.174574
-0.182880
-0.184850
-0.179106
-0.186799
-0.158250
-0.047928
0.163719
0.221265
0.225614
0.234327
0.231991
0.229096
0.228333
0.224973
0.245209
0.247794
0.256914
0.032011
-0.117681
-0.184081
-0.211237
-0.188486
-0.147622
-0.124407
-0.126664
-0.178542
-0.208427
-0.204239
-0.215096
-0.223829
-0.207755
-0.105158
0.151626
0.239083
0.263231
0.265363
0.275670
0.284886
0.292727
0.298875
0.303084
0.317245
0.248432
-0.007351
-0.106496
-0.156179
-0.164824
-0.160155
-0.151689
-0.145125
-0.151465
-0.148327
-0.139304
-0.153056
-0.149960
-0.156645
-0.173201
-0.143643
-0.017152
0.196348
0.252536
0.264358
0.266049
0.276306
0.285561
0.273346
0.273231
0.274987
0.284674
0.110874
-0.084592
-0.172882
-0.210335
-0.217935
-0.217220
-0.211722
-0.199612
-0.190299
-0.197393
-0.178601
-0.175893
-0.180937
-0.196440
-0.208719
-0.183615
-0.099394
0.133940
0.218743
0.221759
0.230731
0.233808
0.234325
0.231506
0.241256
0.244350
0.234487
0.028630
-0.138733
-0.203843
-0.243313
-0.236499
-0.226963
-0.221255
-0.222814
-0.204412
-0.209698
-0.207394
-0.190449
-0.190373
-0.203047
-0.199952
-0.158465
0.066571
0.202300
0.229689
0.228368
0.234020
0.241023
0.248733
0.243986
0.257535
0.269396
0.219902
-0.012865
-0.125832
-0.177584
-0.191924
-0.179052
-0.169634
-0.157024
-0.145790
-0.140338
-0.146417
-0.151223
-0.154186
-0.156914
-0.160383
-0.149192
-0.094112
0.150537
0.258801
0.283483
0.293116
0.294997
0.294365
0.302531
0.309284
0.309172
0.285339
0.042822
-0.081616
-0.144740
-0.155767
-0.160791
-0.144750
-0.131375
-0.121702
-0.122070
-0.126610
-0.121111
-0.119166
-0.121863
-0.136263
-0.133157
-0.081521
0.154030
0.249612
0.273383
0.276423
0.274790
0.274957
0.275617
0.282545
0.292217
0.293235
0.113658
-0.065302
-0.148260
-0.181634
-0.186345
-0.173293
-0.154400
-0.153427
-0.155331
-0.156038
-0.153003
-0.153604
-0.155928
-0.149401
-0.137850
-0.080934
0.134935
0.248698
0.270860
0.281643
0.279463
0.268214
0.274572
0.282174
0.287182
0.284293
0.279969
0.055893
-0.085396
-0.153163
-0.165961
-0.137025
-0.107941
-0.115227
-0.149996
-0.180769
-0.192033
-0.202829
-0.204902
-0.215393
-0.205057
-0.150440
0.103804
0.227040
0.251864
0.260456
0.257476
0.261885
0.270821
0.269341
0.281064
0.278526
0.105708
-0.101818
-0.177603
-0.225005
-0.244435
-0.228953
-0.217462
-0.207470
-0.192857
-0.179026
-0.179688
-0.192693
-0.203492
-0.210979
-0.212531
-0.172110
0.017834
0.175147
0.208448
0.221192
0.233150
0.233710
0.235995
0.240467
0.245869
0.246789
0.233965
-0.014799
-0.180636
-0.247973
-0.272202
-0.265752
-0.254126
-0.236365
-0.226930
-0.214851
-0.195025
-0.196801
-0.190466
-0.197909
-0.197624
-0.160833
0.035306
0.196806
0.247789
0.258898
0.263179
0.265705
0.276089
0.278288
0.281720
0.285754
0.273393
0.047373
-0.106446
-0.182945
-0.216884
-0.192535
-0.176033
-0.159444
-0.161793
-0.165919
-0.154642
-0.152237
-0.149368
-0.140007
-0.141590
-0.130158
-0.105104
0.054245
0.225915
0.267198
0.282194
0.285932
0.289679
0.289062
0.283801
0.283953
0.281546
0.192507
-0.043296
-0.141470
-0.188755
-0.212774
-0.210113
-0.198057
-0.186591
-0.179188
-0.162761
-0.167456
-0.163836
-0.168830
-0.183233
-0.181950
-0.127765
0.069855
0.218913
0.245340
0.244310
0.243230
0.249297
0.255802
0.259300
0.263902
0.266427
0.209097
-0.024934
-0.146856
-0.206244
-0.216417
-0.227093
-0.221969
-0.193684
-0.176625
-0.184634
-0.179263
-0.176224
-0.170573
-0.182315
-0.188734
-0.165763
-0.069603
0.148329
0.195749
0.210000
0.202687
0.203112
0.211764
0.217780
0.217167
0.220831
0.225699
0.097349
-0.109471
-0.180638
-0.208388
-0.200811
-0.183319
-0.164779
-0.161273
-0.160082
-0.163822
-0.160952
-0.155659
-0.159043
-0.174113
-0.175878
-0.138324
0.046288
0.180441
0.218920
0.217031
0.212534
0.212530
0.211218
0.219615
0.234276
0.239687
0.235402
0.012736
-0.125958
-0.197326
-0.209816
-0.204081
-0.174280
-0.150110
-0.144352
-0.136321
-0.142502
-0.149638
-0.156036
-0.151196
-0.162163
-0.171198
-0.152392
0.012039
0.189412
0.220669
0.219371
0.216256
0.220231
0.233930
0.240977
0.240895
0.246125
0.253004
0.072943
-0.108311
-0.185313
-0.218587
-0.218922
-0.214505
-0.207303
-0.196057
-0.184246
-0.165124
-0.165686
-0.169020
-0.170689
-0.163089
-0.157625
-0.142874
-0.006658
0.188817
0.236534
0.245879
0.237752
0.240035
0.276301
0.292528
0.295990
0.307673
0.332711
0.158771
0.012250
-0.058801
-0.121179
-0.178757
-0.234596
-0.269342
-0.277483
-0.276537
-0.268774
-0.264306
-0.258722
-0.226520
-0.070182
0.164016
0.237338
0.258266
0.272742
0.281304
0.280392
0.283853
0.289992
0.293885
0.301716
0.280704
0.052024
-0.090876
-0.174835
-0.214477
-0.170400
-0.123223
-0.126885
-0.152970
-0.192034
-0.207224
-0.221665
-0.238183
-0.243405
-0.202051
0.018032
0.179438
0.223854
0.228102
0.228594
0.236787
0.242435
0.245741
0.255790
0.255783
0.263036
0.112702
-0.106237
-0.161237
-0.181959
-0.189419
-0.185441
-0.182080
-0.164912
-0.157669
-0.155611
-0.163879
-0.154782
-0.160258
-0.156796
-0.163028
-0.135666
-0.009838
0.173617
0.205884
0.216991
0.221489
0.219070
0.215897
0.220206
0.221380
0.218001
0.210037
-0.008671
-0.152062
-0.210714
-0.234427
-0.237481
-0.218559
-0.217562
-0.194673
-0.184728
-0.167450
-0.147736
-0.156036
-0.157373
-0.159518
-0.147048
-0.103377
0.042282
0.220947
0.256325
0.253225
0.256581
0.255822
0.265390
0.259417
0.265088
0.267852
0.179783
-0.030542
-0.140336
-0.190359
-0.201867
-0.200485
-0.195262
-0.176719
-0.164185
-0.153831
-0.139694
-0.143294
-0.143048
-0.152429
-0.154486
-0.135413
-0.046868
0.174545
0.252020
0.261865
0.258272
0.262952
0.255545
0.259172
0.256976
0.262651
0.189837
-0.049260
-0.150340
-0.179956
-0.181545
-0.167489
-0.167181
-0.162155
-0.158580
-0.166314
-0.171867
-0.179097
-0.181192
-0.193779
-0.205844
-0.167995
0.004081
0.172435
0.220622
0.229168
0.233475
0.230282
0.235879
0.243018
0.243065
0.246231
0.244999
0.062143
-0.105260
-0.188398
-0.216964
-0.218964
-0.194718
-0.171992
-0.166911
-0.168782
-0.160692
-0.177453
-0.179230
-0.182741
-0.174874
-0.178099
-0.159092
-0.070894
0.159773
0.243226
0.258822
0.263782
0.271641
0.278032
0.281213
0.283556
0.291173
0.234977
-0.006383
-0.126726
-0.190146
-0.212651
-0.213115
-0.198167
-0.185716
-0.168067
-0.153467
-0.141407
-0.157928
-0.159292
-0.178229
-0.183565
-0.157927
-0.052317
0.160351
0.227989
0.253920
0.257063
0.253097
0.266476
0.277101
0.289480
0.297903
0.306179
0.152766
-0.040365
-0.124850
-0.154049
-0.174898
-0.173566
-0.160139
-0.154168
-0.158140
-0.158938
-0.161318
-0.162781
-0.162443
-0.169589
-0.157036
-0.102300
0.009589
0.250549
0.312851
0.315151
0.311188
0.302835
0.311211
0.311273
0.311333
0.313519
0.296674
0.044218
-0.067372
-0.139763
-0.194703
-0.221830
-0.222478
-0.207644
-0.188628
-0.170239
-0.166155
-0.156455
-0.155060
-0.158853
-0.170504
-0.154186
-0.130035
-0.007409
0.210115
0.266277
0.267601
0.273063
0.269977
0.262027
0.265139
0.264182
0.275483
0.202253
-0.045428
-0.146405
-0.200618
-0.223490
-0.229324
-0.219524
-0.214486
-0.197596
-0.183439
-0.189631
-0.180018
-0.186145
-0.196002
-0.208281
-0.198868
-0.117575
0.123120
0.217809
0.240089
0.252657
0.245340
0.248942
0.256091
0.273846
0.271057
0.264884
0.166362
-0.053226
-0.144516
-0.204662
-0.219197
-0.211815
-0.206987
-0.198748
-0.191214
-0.189579
-0.181462
-0.170255
-0.183132
-0.189265
-0.192312
-0.165962
-0.013557
0.184149
0.240021
0.249019
0.251920
0.252535
0.259305
0.255576
0.256754
0.260277
0.245413
-0.007667
-0.127363
-0.180854
-0.187911
-0.184744
-0.188307
-0.179441
-0.161345
-0.160855
-0.151315
-0.149427
-0.144913
-0.145742
-0.146386
-0.141706
-0.103999
0.114252
0.239843
0.283799
0.282440
0.269037
0.266592
0.263649
0.264898
0.258290
0.263470
0.166627
-0.063151
-0.154533
-0.206358
-0.217144
-0.206864
-0.194858
-0.183144
-0.170225
-0.168179
-0.169280
-0.168330
-0.180079
-0.181912
-0.163397
-0.086755
0.148768
0.232300
0.248342
0.252721
0.253342
0.251335
0.254913
0.255449
0.243697
0.241327
0.036370
-0.126629
-0.198874
-0.231460
-0.219183
-0.210755
-0.191682
-0.178781
-0.178260
-0.175611
-0.180770
-0.190616
-0.194726
-0.206097
-0.212587
-0.186476
-0.000294
0.143399
0.174834
0.194970
0.186164
0.197346
0.203688
0.213404
0.224643
0.217852
-0.004980
-0.139850
-0.197555
-0.218689
-0.214689
-0.195614
-0.174527
-0.170073
-0.168148
-0.159722
-0.158404
-0.158093
-0.163886
-0.167832
-0.156662
-0.021222
0.178542
0.226603
0.241874
0.241222
0.239237
0.241312
0.246457
0.258058
0.263689
0.283029
0.274074
0.054058
-0.099806
-0.168439
-0.200686
-0.197299
-0.182032
-0.170776
-0.164822
-0.148003
-0.141642
-0.139819
-0.138759
-0.142285
-0.147873
-0.139123
-0.094279
0.119335
0.223924
0.256936
0.248431
0.254749
0.256154
0.260523
0.263112
0.266525
0.248120
0.030482
-0.119718
-0.176388
-0.203710
-0.200251
-0.189497
-0.177349
-0.173045
-0.165184
-0.155016
-0.152991
-0.143935
-0.144462
-0.156580
-0.139042
-0.089533
0.104965
0.228218
0.258003
0.258905
0.260102
0.256164
0.277732
0.305615
0.327133
0.298651
0.046281
-0.082642
-0.156696
-0.203501
-0.207563
-0.198852
-0.184177
-0.179731
-0.175683
-0.178335
-0.159944
-0.154306
-0.157763
-0.167855
-0.159402
-0.114314
0.104929
0.257792
0.291341
0.293236
0.293849
0.296553
0.292348
0.289226
0.294882
0.293048
0.089668
-0.094304
-0.168257
-0.201166
-0.208004
-0.196978
-0.188968
-0.186892
-0.172277
-0.174286
-0.173328
-0.167289
-0.171413
-0.184535
-0.180797
-0.130739
0.101203
0.229234
0.261613
0.263970
0.264420
0.252406
0.256813
0.256105
0.264129
0.273339
0.183930
-0.057091
-0.160075
-0.199961
-0.218213
-0.221130
-0.212616
-0.195712
-0.175691
-0.172838
-0.179033
-0.173465
-0.169227
-0.171644
-0.181263
-0.167480
-0.124228
0.079085
0.200635
0.231447
0.234396
0.234475
0.240427
0.244004
0.250499
0.257351
0.250739
0.039316
-0.133723
-0.204796
-0.217008
-0.206203
-0.205617
-0.194403
-0.174190
-0.176658
-0.182538
-0.170832
-0.170510
-0.168552
-0.170476
-0.167118
-0.079967
0.143182
0.224332
0.245276
0.254136
0.247881
0.247646
0.251734
0.256222
0.259723
0.263778
0.257165
0.019940
-0.115609
-0.174057
-0.208196
-0.211780
-0.194447
-0.170119
-0.144947
-0.135309
-0.138330
-0.137598
-0.147603
-0.154784
-0.174654
-0.162487
-0.115654
0.101853
0.213110
0.236659
0.240013
0.238835
0.236469
0.228978
0.232749
0.224344
0.243464
0.172109
-0.059200
-0.174005
-0.221017
-0.236871
-0.234000
-0.214280
-0.197714
-0.183286
-0.164964
-0.168552
-0.180755
-0.182114
-0.186242
-0.176084
-0.151594
0.056037
0.180639
0.216440
0.220858
0.214618
0.212386
0.220878
0.227230
0.218406
0.221011
0.203100
-0.028607
-0.158720
-0.210468
-0.237843
-0.240688
-0.237735
-0.219729
-0.204863
-0.194123
-0.189851
-0.192273
-0.184173
-0.186468
-0.173504
-0.140454
-0.001883
0.197537
0.248168
0.254743
0.249476
0.253092
0.261847
0.270798
0.268513
0.278196
0.287614
0.151100
-0.058864
-0.150064
-0.191133
-0.196037
-0.190439
-0.171858
-0.154590
-0.150258
-0.145273
-0.156110
-0.152470
-0.160605
-0.154157
-0.137458
-0.097413
0.116997
0.222446
0.246244
0.242448
0.237031
0.235655
0.244739
0.255503
0.251218
0.257081
0.201107
-0.036814
-0.148410
-0.179474
-0.176082
-0.192343
-0.217557
-0.223771
-0.217072
-0.214936
-0.218074
-0.227100
-0.239905
-0.202350
-0.003994
0.205389
0.251430
0.264545
0.276593
0.272510
0.280413
0.288349
0.293206
0.297245
0.297015
0.151244
-0.065610
-0.170570
-0.207677
-0.215342
-0.195600
-0.198269
-0.194029
-0.174542
-0.173026
-0.166055
-0.166390
-0.173000
-0.183881
-0.175096
-0.097265
0.145698
0.246575
0.268305
0.279114
0.281771
0.287647
0.288810
0.279037
0.280081
0.287111
0.221074
-0.019147
-0.132572
-0.199785
-0.219658
-0.216139
-0.209601
-0.205678
-0.214609
-0.208859
-0.198924
-0.191770
-0.189341
-0.194543
-0.187174
-0.163210
0.014692
0.185959
0.227177
0.249371
0.249944
0.249047
0.252855
0.258093
0.261490
0.269602
0.231420
-0.002840
-0.130740
-0.203952
-0.229283
-0.230604
-0.223704
-0.227541
-0.210998
-0.197970
-0.195493
-0.185143
-0.193198
-0.204104
-0.200157
-0.160416
0.039859
0.196355
0.233240
0.246028
0.245988
0.251001
0.256336
0.269228
0.281585
0.286284
0.289648
0.061968
-0.092610
-0.157478
-0.183600
-0.177200
-0.154381
-0.134360
-0.134137
-0.134953
-0.098415
-0.070216
-0.082793
-0.131071
-0.171130
-0.153129
0.072602
0.242434
0.285279
0.284803
0.288580
0.294412
0.302262
0.305307
0.310347
0.307902
0.307573
0.128354
-0.074509
-0.149166
-0.194412
-0.204894
-0.184055
-0.157351
-0.137171
-0.151640
-0.167880
-0.173938
-0.176825
-0.171682
-0.185499
-0.193809
-0.185719
-0.117241
0.126582
0.239393
0.255852
0.263834
0.257237
0.252744
0.256350
0.262012
0.273330
0.258367
0.004915
-0.138593
-0.218741
-0.246788
-0.250650
-0.243542
-0.225298
-0.223519
-0.221086
-0.212643
-0.210501
-0.219777
-0.222977
-0.218305
-0.205098
-0.169297
0.078501
0.197241
0.220266
0.225933
0.227496
0.229789
0.238993
0.248597
0.255465
0.260797
0.228636
-0.018173
-0.142007
-0.201866
-0.220980
-0.203690
-0.191746
-0.193958
-0.186526
-0.178337
-0.178026
-0.165087
-0.169352
-0.173841
-0.173143
-0.135327
0.047000
0.228250
0.270541
0.275961
0.275644
0.274512
0.284595
0.289318
0.282780
0.280318
0.062868
-0.090478
-0.167789
-0.203572
-0.219604
-0.211606
-0.183088
-0.169873
-0.171163
-0.150153
-0.154895
-0.166307
-0.175992
-0.188154
-0.154914
-0.062997
0.179117
0.262973
0.276083
0.281789
0.282816
0.276451
0.276083
0.270181
0.273967
0.273028
0.088598
-0.091715
-0.170778
-0.213514
-0.215000
-0.208310
-0.195648
-0.184991
-0.173521
-0.167572
-0.175197
-0.176629
-0.181074
-0.190182
-0.193829
-0.171180
-0.068810
0.150691
0.219364
0.232923
0.241311
0.237097
0.240782
0.243888
0.244473
0.243981
0.199659
-0.035014
-0.155884
-0.213949
-0.224465
-0.227323
-0.211568
-0.186764
-0.178037
-0.164268
-0.170442
-0.168867
-0.171440
-0.180769
-0.177442
-0.167181
-0.099727
0.136414
0.209911
0.233086
0.240775
0.244610
0.249974
0.255851
0.261622
0.264260
0.273391
0.235411
0.005289
-0.117225
-0.179034
-0.188124
-0.185285
-0.187003
-0.173594
-0.162324
-0.155610
-0.149380
-0.141056
-0.138916
-0.137731
-0.141312
-0.117328
-0.024806
0.195901
0.268110
0.291833
0.293728
0.303169
0.313152
0.331588
0.345250
0.341711
0.301953
0.036693
-0.094694
-0.164817
-0.218144
-0.243799
-0.241177
-0.236154
-0.219166
-0.212387
-0.210266
-0.200196
-0.207876
-0.196206
-0.195912
-0.179326
-0.127850
0.032128
0.219470
0.263180
0.267842
0.276391
0.276472
0.265696
0.269786
0.272005
0.277174
0.036668
-0.133987
-0.201730
-0.234004
-0.242540
-0.235409
-0.230386
-0.221666
-0.212023
-0.209567
-0.202954
-0.206432
-0.212208
-0.196474
-0.129005
0.123511
0.223021
0.243684
0.254986
0.257015
0.251789
0.248145
0.249161
0.261981
0.281062
0.286316
0.052348
-0.103600
-0.180407
-0.212591
-0.206708
-0.202403
-0.191331
-0.152656
-0.115887
-0.120742
-0.126657
-0.154541
-0.184315
-0.197374
-0.178753
-0.063310
0.167869
0.246184
0.267198
0.268489
0.270499
0.289630
0.285871
0.301416
0.299867
0.216266
-0.046540
-0.159099
-0.198601
-0.205515
-0.204107
-0.200648
-0.197857
-0.194525
-0.189285
-0.198005
-0.191920
-0.197268
-0.202922
-0.193968
-0.140651
0.095759
0.219395
0.233777
0.237442
0.259581
0.250899
0.257549
0.257804
0.259778
0.261797
0.142377
-0.093694
-0.183568
-0.234489
-0.251677
-0.247263
-0.226826
-0.208692
-0.213360
-0.204950
-0.200316
-0.211727
-0.211518
-0.217741
-0.205137
-0.148496
0.091781
0.218636
0.244742
0.243533
0.250388
0.242941
0.249016
0.241650
0.236128
0.234548
0.158856
-0.075637
-0.173310
-0.224635
-0.233777
-0.241433
-0.233053
-0.218317
-0.207741
-0.196731
