-0.177891
-0.186396
-0.185256
-0.163508
-0.006265
0.167452
0.205267
0.218180
0.237191
0.245625
0.248356
0.259909
0.271172
0.271434
0.283814
0.209231
-0.040037
-0.149017
-0.197735
-0.197297
-0.190843
-0.182035
-0.162531
-0.149248
-0.155378
-0.164872
-0.166585
-0.167865
-0.171581
-0.180199
-0.166277
0.019696
0.198742
0.239738
0.248152
0.243446
0.249722
0.264298
0.271178
0.283729
0.288660
0.294086
0.087391
-0.075868
-0.167004
-0.199614
-0.204635
-0.203971
-0.195731
-0.198924
-0.190694
-0.170179
-0.164426
-0.173769
-0.168851
-0.161033
-0.158755
-0.116197
0.112493
0.225985
0.248393
0.253014
0.257963
0.258202
0.262169
0.263160
0.266908
0.275788
0.245856
0.007431
-0.125779
-0.185257
-0.197334
-0.196828
-0.181564
-0.176906
-0.162127
-0.153902
-0.144667
-0.151659
-0.155259
-0.167902
-0.172465
-0.155223
-0.031384
0.150845
0.208831
0.224805
0.221406
0.221412
0.223054
0.225171
0.228872
0.232192
0.212071
-0.034313
-0.165707
-0.218408
-0.230866
-0.214691
-0.199512
-0.188967
-0.171920
-0.161719
-0.161080
-0.163934
-0.159345
-0.153158
-0.166500
-0.166166
-0.142671
0.059225
0.183281
0.206770
0.209746
0.208068
0.201873
0.217556
0.220749
0.222338
0.226173
0.219648
0.001975
-0.144123
-0.211744
-0.235217
-0.225855
-0.203611
-0.176206
-0.157416
-0.143395
-0.136415
-0.135087
-0.131503
-0.137147
-0.146814
-0.126674
-0.051923
0.164820
0.231525
0.248014
0.242537
0.244734
0.240083
0.246047
0.249667
0.257689
0.269743
0.146306
-0.049969
-0.131410
-0.165604
-0.166073
-0.161362
-0.164298
-0.145450
-0.142334
-0.134700
-0.142488
-0.145572
-0.137243
-0.138620
-0.143338
-0.126657
-0.005214
0.198658
0.249053
0.265472
0.264573
0.260266
0.262548
0.263742
0.263909
0.273680
0.275830
0.095723
-0.079980
-0.154799
-0.183167
-0.181501
-0.167645
-0.153880
-0.147752
-0.147373
-0.158049
-0.169993
-0.161653
-0.167241
-0.173309
-0.166894
-0.118885
0.111738
0.193129
0.213671
0.220776
0.220014
0.221517
0.223577
0.219528
0.213632
0.215725
0.018088
-0.138667
-0.209911
-0.224890
-0.224268
-0.215889
-0.192725
-0.181854
-0.171808
-0.161944
-0.170378
-0.166159
-0.175851
-0.190523
-0.193421
-0.172128
0.022261
0.156468
0.174620
0.185516
0.184869
0.185010
0.199261
0.199930
0.205314
0.209299
0.222411
0.032439
-0.124460
-0.190903
-0.232800
-0.231755
-0.216461
-0.195571
-0.189644
-0.177914
-0.174538
-0.169420
-0.161907
-0.164280
-0.172338
-0.179395
-0.105812
0.119733
0.213712
0.225774
0.231309
0.240363
0.242926
0.251230
0.246656
0.253968
0.257364
0.264427
0.050440
-0.096870
-0.160833
-0.191004
-0.187465
-0.178808
-0.165179
-0.162830
-0.150366
-0.137297
-0.140473
-0.136832
-0.137319
-0.143655
-0.141748
-0.094300
0.128091
0.238193
0.258858
0.256986
0.248441
0.248416
0.244931
0.249170
0.253320
0.255619
0.180715
-0.038644
-0.145676
-0.194645
-0.198937
-0.199513
-0.193118
-0.166828
-0.157756
-0.158269
-0.150030
-0.144802
-0.146985
-0.163697
-0.170331
-0.145579
0.005819
0.180214
0.219363
0.226184
0.235909
0.246259
0.244253
0.247634
0.256081
0.258294
0.260822
0.072737
-0.089677
-0.180962
-0.202405
-0.178001
-0.139029
-0.147527
-0.194065
-0.217962
-0.214637
-0.222120
-0.223938
-0.227983
-0.206662
-0.076741
0.157779
0.212108
0.228771
0.239679
0.247075
0.257427
0.270545
0.275666
0.286739
0.302936
0.244135
-0.007551
-0.123472
-0.186630
-0.204547
-0.204860
-0.209882
-0.191735
-0.181202
-0.176942
-0.167408
-0.170556
-0.172014
-0.183032
-0.193023
-0.178865
-0.092434
0.142869
0.218374
0.229957
0.236277
0.241213
0.250188
0.255197
0.263181
0.267993
0.270957
0.062985
-0.091016
-0.169851
-0.207077
-0.212822
-0.199228
-0.194228
-0.174404
-0.171497
-0.167108
-0.155000
-0.157965
-0.164344
-0.162277
-0.148933
-0.081130
0.134565
0.230962
0.243413
0.244225
0.232782
0.239511
0.251859
0.247350
0.246533
0.248674
0.139033
-0.085754
-0.175629
-0.203538
-0.211398
-0.202458
-0.194202
-0.178098
-0.187137
-0.173536
-0.169673
-0.167599
-0.169751
-0.179118
-0.196991
-0.191618
-0.119347
0.103203
0.199822
0.219242
0.221651
0.222434
0.226731
0.232112
0.235179
0.245353
0.246662
0.062337
-0.100131
-0.174695
-0.204867
-0.201979
-0.212121
-0.199124
-0.194034
-0.203166
-0.204431
-0.193233
-0.193763
-0.200274
-0.212196
-0.192116
-0.145597
0.075657
0.179136
0.215237
0.224992
0.222052
0.225365
0.228855
0.249530
0.264042
0.271883
0.276633
0.039030
-0.095991
-0.157174
-0.172726
-0.180898
-0.158759
-0.142969
-0.127949
-0.119960
-0.119083
-0.128074
-0.138480
-0.145086
-0.157966
-0.146082
-0.050066
0.161833
0.223814
0.243248
0.248923
0.259186
0.254788
0.258205
0.266676
0.264688
0.258151
0.204013
-0.030166
-0.135465
-0.179195
-0.197817
-0.190470
-0.187644
-0.183351
-0.180280
-0.175584
-0.179677
-0.169562
-0.171457
-0.180222
-0.180188
-0.156482
0.054212
0.197991
0.237161
0.256875
0.285545
0.289135
0.282110
0.287945
0.284351
0.295490
0.295118
0.062396
-0.113203
-0.189015
-0.249901
-0.259378
-0.249810
-0.242065
-0.231087
-0.233524
-0.217521
-0.205455
-0.200770
-0.208020
-0.200289
-0.168543
-0.036520
0.194519
0.250114
0.263366
0.274210
0.275987
0.276621
0.279277
0.299908
0.309970
0.321860
0.165766
-0.014607
-0.094435
-0.140557
-0.145699
-0.147355
-0.138605
-0.136725
-0.128188
-0.131382
-0.136598
-0.122659
-0.103748
-0.108211
-0.092339
0.007433
0.231800
0.285290
0.285173
0.293219
0.293999
0.299138
0.302184
0.304908
0.311758
0.095297
-0.098433
-0.179936
-0.222934
-0.235328
-0.233041
-0.203434
-0.186125
-0.176611
-0.177044
-0.180897
-0.192316
-0.201738
-0.220652
-0.203272
-0.160344
0.075210
0.200113
0.226441
0.231812
0.247562
0.253000
0.258436
0.257001
0.256919
0.268124
0.045422
-0.132724
-0.209194
-0.236379
-0.223712
-0.205572
-0.197116
-0.175279
-0.170792
-0.164935
-0.161968
-0.155769
-0.158659
-0.160769
-0.156297
-0.097868
0.137922
0.227907
0.256096
0.257807
0.256278
0.256911
0.261191
0.268870
0.275245
0.290984
0.223511
-0.010157
-0.114058
-0.167851
-0.175205
-0.165464
-0.169164
-0.150935
-0.125538
-0.124777
-0.121364
-0.122152
-0.126345
-0.136008
-0.151409
-0.137272
-0.055195
0.153164
0.230590
0.251560
0.257463
0.254499
0.260759
0.264764
0.262080
0.266718
0.284462
0.213687
-0.018289
-0.132428
-0.181903
-0.203566
-0.209668
-0.203866
-0.196361
-0.207582
-0.209215
-0.212866
-0.222123
-0.223940
-0.221462
-0.219067
-0.192576
-0.049837
0.152164
0.215418
0.228652
0.238671
0.246013
0.243180
0.242446
0.255612
0.265575
0.215568
-0.023997
-0.140208
-0.202837
-0.201942
-0.184262
-0.189407
-0.195689
-0.195827
-0.188047
-0.186731
-0.195789
-0.198124
-0.207190
-0.169995
-0.081536
0.159474
0.231847
0.240393
0.237199
0.230066
0.234189
0.240089
0.246135
0.256711
0.254045
0.180886
-0.064515
-0.158049
-0.191865
-0.221983
-0.228516
-0.217835
-0.207300
-0.204103
-0.183037
-0.177528
-0.178384
-0.188505
-0.199044
-0.208762
-0.193485
-0.089118
0.137250
0.213363
0.222004
0.228214
0.234881
0.243947
0.258272
0.259434
0.259326
0.193227
-0.050287
-0.158966
-0.206664
-0.221546
-0.207284
-0.192161
-0.201061
-0.198429
-0.192384
-0.181103
-0.184966
-0.194952
-0.211453
-0.212084
-0.176524
0.037903
0.183300
0.228622
0.235668
0.243345
0.241518
0.242622
0.248304
0.261010
0.266759
0.176383
-0.040567
-0.146144
-0.197056
-0.199822
-0.193414
-0.193770
-0.176058
-0.166618
-0.162331
-0.160571
-0.167603
-0.164137
-0.167449
-0.162257
-0.145318
-0.000887
0.183776
0.233687
0.245873
0.251917
0.248933
0.250267
0.251059
0.259072
0.266815
0.252115
0.020914
-0.114932
-0.170099
-0.191175
-0.197522
-0.184970
-0.165295
-0.156582
-0.143933
-0.152243
-0.159436
-0.159811
-0.159762
-0.163787
-0.148127
-0.076076
0.128409
0.205913
0.220194
0.224004
0.227987
0.226956
0.229070
0.238208
0.249572
0.253363
0.226591
-0.008650
-0.128774
-0.182268
-0.192658
-0.189657
-0.180424
-0.167491
-0.157187
-0.145948
-0.147944
-0.155373
-0.171060
-0.183495
-0.189732
-0.162236
0.021812
0.164471
0.203392
0.221562
0.222951
0.230486
0.232252
0.244175
0.253256
0.259003
0.182882
-0.033944
-0.125143
-0.160944
-0.171989
-0.177126
-0.160641
-0.149608
-0.141361
-0.139626
-0.138486
-0.140744
-0.143070
-0.147181
-0.153241
-0.138643
-0.066935
0.166518
0.260113
0.276596
0.275348
0.271908
0.271936
0.269568
0.276834
0.283312
0.294523
0.241309
0.012602
-0.105821
-0.165196
-0.187501
-0.190848
-0.179679
-0.168523
-0.156224
-0.148433
-0.132018
-0.129840
-0.138870
-0.149222
-0.152405
-0.116977
0.086481
0.189227
0.208716
0.216608
0.222591
0.227456
0.220128
0.224431
0.229877
0.234765
0.184289
-0.035791
-0.156860
-0.215684
-0.229148
-0.209540
-0.203775
-0.185352
-0.172718
-0.166811
-0.172950
-0.167885
-0.163599
-0.185815
-0.190480
-0.172482
-0.007395
0.163554
0.197686
0.215120
0.208984
0.210297
0.211311
0.212331
0.216258
0.225387
0.229466
0.172241
-0.055629
-0.162196
-0.217658
-0.232559
-0.223333
-0.207863
-0.198320
-0.188522
-0.174672
-0.174922
-0.180750
-0.168231
-0.167895
-0.166208
-0.134322
0.041926
0.197442
0.233885
0.243312
0.254818
0.256282
0.260735
0.264118
0.269333
0.277757
0.253343
0.034122
-0.090778
-0.159049
-0.173126
-0.172258
-0.164836
-0.153774
-0.139772
-0.143559
-0.147734
-0.133880
-0.118193
-0.132960
-0.141939
-0.150325
-0.077596
0.139196
0.217188
0.240718
0.244226
0.254362
0.255939
0.254479
0.263518
0.265648
0.270832
0.067891
-0.083297
-0.151887
-0.186915
-0.176261
-0.157459
-0.146376
-0.131974
-0.110334
-0.101984
-0.107460
-0.096036
-0.101214
-0.125162
-0.131307
-0.097168
0.051347
0.210072
0.249735
0.257014
0.249417
0.248326
0.244683
0.242130
0.255301
0.253398
0.214464
-0.023763
-0.152525
-0.216537
-0.229628
-0.219068
-0.199596
-0.189262
-0.178796
-0.176056
-0.181140
-0.188347
-0.180668
-0.173746
-0.178832
-0.150570
0.035651
0.176919
0.208523
0.210269
0.210091
0.215799
0.214280
0.215829
0.223775
0.224557
0.188123
-0.031672
-0.157430
-0.231411
-0.227566
-0.210824
-0.203659
-0.213456
-0.235016
-0.245008
-0.257353
-0.264863
-0.267367
-0.263408
-0.232409
-0.092782
0.125590
0.181362
0.199459
0.214208
0.221947
0.231008
0.242687
0.247324
0.259387
0.178862
-0.053570
-0.133663
-0.165616
-0.181673
-0.168331
-0.168062
-0.164810
-0.151504
-0.130476
-0.123667
-0.132788
-0.136690
-0.160074
-0.163847
-0.135662
-0.031087
0.192359
0.264565
0.278566
0.282011
0.290316
0.293222
0.298513
0.303647
0.313154
0.299487
0.071390
-0.071547
-0.137511
-0.168744
-0.163216
-0.152694
-0.131782
-0.135230
-0.145726
-0.157575
-0.160920
-0.160039
-0.167098
-0.168123
-0.124864
0.042353
0.201887
0.249468
0.259469
0.264330
0.267893
0.268514
0.263453
0.261393
0.256148
0.066766
-0.120301
-0.193331
-0.228365
-0.235329
-0.223386
-0.211037
-0.187583
-0.174090
-0.183575
-0.181742
-0.181581
-0.175573
-0.183301
-0.193972
-0.178576
-0.085878
0.121092
0.192449
0.206023
0.205518
0.204994
0.213081
0.207809
0.217523
0.227217
0.191556
-0.047314
-0.171769
-0.217621
-0.231145
-0.220663
-0.218175
-0.204601
-0.185685
-0.172690
-0.168528
-0.170054
-0.172882
-0.174192
-0.176493
-0.148573
0.063696
0.179596
0.205203
0.206759
0.201354
0.203548
0.218038
0.227506
0.238715
0.243738
0.249029
0.162999
-0.063960
-0.159889
-0.192722
-0.187815
-0.188740
-0.189632
-0.167490
-0.173612
-0.173850
-0.168448
-0.166892
-0.170687
-0.177803
-0.183419
-0.133449
0.089641
0.188153
0.219542
0.228354
0.226001
0.235563
0.242322
0.244471
0.246062
0.253110
0.205041
-0.015153
-0.126179
-0.186020
-0.200705
-0.190510
-0.170167
-0.169282
-0.162607
-0.161781
-0.167754
-0.169090
-0.178982
-0.183955
-0.186445
-0.152392
0.033870
0.180148
0.221255
0.228456
0.228254
0.226149
0.233448
0.245766
0.251182
0.251259
0.264120
0.127585
-0.066558
-0.152337
-0.187608
-0.181934
-0.170457
-0.135381
-0.129007
-0.136841
-0.134818
-0.135872
-0.142939
-0.155042
-0.169172
-0.129522
0.001248
0.242607
0.294929
0.295430
0.288441
0.275672
0.269711
0.282388
0.284987
0.295176
0.300492
0.146211
-0.051035
-0.132017
-0.178056
-0.185741
-0.172199
-0.180388
-0.181065
-0.169458
-0.177631
-0.176023
-0.179997
-0.186908
-0.186714
-0.161388
-0.029447
0.181608
0.237451
0.253213
0.250969
0.262868
0.261457
0.262941
0.264356
0.265092
0.272581
0.166671
-0.061466
-0.155464
-0.211635
-0.207839
-0.204746
-0.185384
-0.181119
-0.176834
-0.163076
-0.162365
-0.155726
-0.157808
-0.171349
-0.185118
-0.167297
-0.083668
0.131093
0.202183
0.228611
0.237847
0.236082
0.241811
0.246184
0.249035
0.252225
0.195161
-0.030660
-0.135086
-0.173361
-0.187964
-0.181046
-0.182417
-0.175165
-0.175102
-0.170622
-0.167931
-0.173023
-0.159951
-0.164415
-0.177072
-0.162988
-0.090580
0.126638
0.224959
0.233191
0.244120
0.251421
0.253921
0.252069
0.255048
0.253635
0.256813
0.145961
-0.067925
-0.151824
-0.193193
-0.191762
-0.177360
-0.153233
-0.147087
-0.128691
-0.126639
-0.138755
-0.139560
-0.153109
-0.182472
-0.173431
-0.134905
0.071371
0.181876
0.205520
0.210764
0.216011
0.217597
0.211369
0.206955
0.214709
0.229263
0.163405
-0.059121
-0.171242
-0.215434
-0.213132
-0.198494
-0.196509
-0.185949
-0.156579
-0.138761
-0.137646
-0.121147
-0.130387
-0.138685
-0.144997
-0.130225
-0.014986
0.166595
0.214435
0.225922
0.239810
0.243070
0.244937
0.255157
0.269017
0.270679
0.267767
0.071436
-0.086446
-0.143258
-0.166312
-0.167421
-0.160998
-0.142767
-0.132393
-0.114766
-0.123292
-0.128298
-0.117993
-0.123338
-0.131287
-0.137154
-0.106084
0.042121
0.204148
0.233396
0.236978
0.241326
0.250006
0.248973
0.245465
0.239711
0.247756
0.247176
0.019231
-0.124081
-0.184761
-0.199478
-0.191626
-0.178917
-0.165954
-0.154323
-0.153444
-0.137431
-0.141079
-0.140707
-0.138754
-0.154894
-0.151663
-0.119923
0.036895
0.176343
0.212288
0.221716
0.219129
0.211157
0.213787
0.219848
0.216427
0.214877
0.135101
-0.088439
-0.191403
-0.219602
-0.202828
-0.195461
-0.169302
-0.167444
-0.152035
-0.137347
-0.130469
-0.148564
-0.144919
-0.138464
-0.147702
-0.138202
-0.049627
0.162681
0.226042
0.242569
0.242931
0.256054
0.259353
0.257586
0.254306
0.255472
0.263959
0.138571
-0.056030
-0.142177
-0.175569
-0.174118
-0.174300
-0.171098
-0.174563
-0.164020
-0.152347
-0.153411
-0.141631
-0.139966
-0.153349
-0.153188
-0.117786
0.098325
0.206192
0.223863
0.223455
0.219104
0.224704
0.236077
0.236158
0.224074
0.227564
0.143220
-0.087332
-0.187539
-0.224514
-0.227377
-0.200953
-0.188696
-0.185824
-0.180137
-0.169934
-0.165206
-0.175115
-0.173356
-0.179010
-0.187145
-0.160491
-0.056943
0.154151
0.210947
0.220288
0.219747
0.225568
0.228364
0.228840
0.227277
0.224786
0.232528
0.196308
-0.035124
-0.144912
-0.187972
-0.208962
-0.208799
-0.199201
-0.192500
-0.183474
-0.176808
-0.179666
-0.177210
-0.193382
-0.203630
-0.174533
-0.060644
0.201913
0.274950
0.274866
0.261189
0.260319
0.260542
0.276439
0.292721
0.293507
0.301182
0.218200
-0.040704
-0.146096
-0.203196
-0.228461
-0.232062
-0.231686
-0.220839
-0.222393
-0.228896
-0.221958
-0.204409
-0.206882
-0.219354
-0.208662
-0.155921
0.094269
0.202159
0.226324
0.227481
0.232043
0.236127
0.254532
0.269460
0.272128
0.275887
0.146148
-0.077787
-0.156365
-0.182278
-0.188356
-0.188103
-0.165449
-0.149203
-0.141899
-0.135708
-0.142351
-0.148924
-0.147849
-0.162349
-0.157582
-0.116746
0.111269
0.223514
0.242213
0.240890
0.239729
0.241638
0.236849
0.249869
0.256791
0.258518
0.188854
-0.037638
-0.125279
-0.165680
-0.181982
-0.185670
-0.176638
-0.164866
-0.149566
-0.151448
-0.163509
-0.158321
-0.164447
-0.171873
-0.181193
-0.168856
-0.091550
0.133912
0.225554
0.239931
0.239225
0.229354
0.224407
0.224050
0.226082
0.245096
0.240082
0.077261
-0.098033
-0.178725
-0.207388
-0.211403
-0.199829
-0.196950
-0.186748
-0.182305
-0.171496
-0.166709
-0.167615
-0.164437
-0.173358
-0.159681
-0.092125
0.136523
0.226944
0.255345
0.257837
0.251552
0.251198
0.248524
0.253573
0.262382
0.269759
0.205884
-0.024103
-0.124753
-0.182806
-0.203658
-0.204613
-0.153517
-0.128751
-0.118169
-0.132952
-0.162394
-0.180280
-0.207102
-0.215162
-0.195369
-0.036902
0.171190
0.236506
0.251943
0.250797
0.250431
0.257021
0.261852
0.267081
0.270346
0.262521
0.009429
-0.142140
-0.202391
-0.214517
-0.211181
-0.196377
-0.183240
-0.188885
-0.187663
-0.181170
-0.180526
-0.184200
-0.195870
-0.199996
-0.171093
-0.012856
0.180587
0.218379
0.235755
0.248835
0.243529
0.246862
0.251192
0.251552
0.257409
0.205050
-0.024259
-0.146326
-0.198297
-0.206459
-0.185879
-0.165812
-0.153737
-0.150651
-0.154852
-0.146573
-0.141034
-0.136512
-0.154624
-0.160314
-0.144185
-0.068055
0.159796
0.240050
0.265928
0.284591
0.281293
0.288525
0.290033
0.296760
0.297687
0.237018
0.012746
-0.105424
-0.165633
-0.167754
-0.150499
-0.149353
-0.136656
-0.130893
-0.146707
-0.146940
-0.138229
-0.138349
-0.154385
-0.166900
-0.155745
-0.062177
0.153820
0.218431
0.230706
0.248268
0.253451
0.257322
0.260822
0.263316
0.261576
0.265352
0.137271
-0.063804
-0.161665
-0.195753
-0.208047
-0.207726
-0.195266
-0.178428
-0.174279
-0.179849
-0.184717
-0.187757
-0.195633
-0.199182
-0.186593
-0.104534
0.127869
0.213830
0.225904
0.238036
0.242869
0.254868
0.270671
0.290092
0.299983
0.302915
0.276734
0.021635
-0.115459
-0.194343
-0.239092
-0.251874
-0.249128
-0.244742
-0.229699
-0.217931
-0.216888
-0.222901
-0.222703
-0.220288
-0.211673
-0.173389
-0.076409
0.171525
0.245763
0.273666
0.280229
0.282626
0.288353
0.293709
0.304288
0.307527
0.085481
-0.076330
-0.153743
-0.190777
-0.196280
-0.202220
-0.199776
-0.186162
-0.188109
-0.184376
-0.176348
-0.177448
-0.187249
-0.193758
-0.176558
-0.020886
0.169325
0.214517
0.225946
0.236411
0.230114
0.230133
0.240855
0.237361
0.242778
0.240792
0.011887
-0.119590
-0.185066
-0.204642
-0.211663
-0.199281
-0.193529
-0.177619
-0.164863
-0.186221
-0.183763
-0.186317
-0.198332
-0.185622
-0.128876
0.103002
0.202388
0.216763
0.214459
0.200733
0.213195
0.219910
0.229503
0.226519
0.238793
0.245068
0.146143
-0.072411
-0.170531
-0.199493
-0.170112
-0.149404
-0.153242
-0.173015
-0.184094
-0.198052
-0.200492
-0.212475
-0.223052
-0.194445
-0.050285
0.178699
0.240996
0.259113
0.259890
0.265547
0.279613
0.276224
0.297480
0.312738
0.249724
0.017512
-0.102415
-0.156643
-0.180140
-0.177644
-0.159406
-0.159746
-0.139713
-0.128601
-0.117363
-0.134210
-0.139474
-0.145313
-0.156889
-0.149191
-0.060169
0.175730
0.258127
0.280623
0.303577
0.301416
0.298136
0.302882
0.299802
0.304226
0.201065
-0.026754
-0.116342
-0.168331
-0.172672
-0.181292
-0.172180
-0.181024
-0.186373
-0.181094
-0.167524
-0.168434
-0.176158
-0.180605
-0.160240
-0.069932
0.156747
0.228167
0.243154
0.247466
0.257954
0.255059
0.271994
0.258668
0.258671
0.258082
0.127085
-0.064250
-0.166318
-0.201973
-0.206213
-0.220867
-0.205442
-0.203455
-0.181863
-0.174735
-0.172776
-0.158638
-0.166206
-0.174639
-0.185474
-0.162120
-0.042614
0.152440
0.201709
0.200350
0.199649
0.208418
0.215014
0.224375
0.228891
0.243111
0.240051
0.019366
-0.110625
-0.173367
-0.190291
-0.192330
-0.178903
-0.150022
-0.142164
-0.149719
-0.143156
-0.137396
-0.131428
-0.156982
-0.165357
-0.163300
-0.092666
0.119214
0.201477
0.218223
0.231617
0.235639
0.247715
0.258764
0.274934
0.279511
0.275677
0.152554
-0.050008
-0.142581
-0.164174
-0.171447
-0.167950
-0.158636
-0.148819
-0.135802
-0.144784
-0.153180
-0.151509
-0.154088
-0.175241
-0.189488
-0.164812
-0.023854
0.163369
0.213880
0.212695
0.214031
0.219126
0.222707
0.216146
0.220735
0.221279
0.201320
-0.021316
-0.160427
-0.216431
-0.235795
-0.233633
-0.235479
-0.237162
-0.240145
-0.224510
-0.216180
-0.202187
-0.195189
-0.196043
-0.200197
-0.194242
-0.159445
0.053612
0.154204
0.176456
0.191417
0.192795
0.186855
0.191892
0.206932
0.217645
0.229827
0.114702
-0.098605
-0.190885
-0.225255
-0.244688
-0.230549
-0.208150
-0.185276
-0.173129
-0.166538
-0.166247
-0.160949
-0.159179
-0.168027
-0.152153
-0.087065
0.123731
0.233836
0.256343
0.273986
0.283488
0.291071
0.305869
0.327955
0.334120
0.328998
0.234423
-0.006896
-0.093526
-0.151875
-0.181139
-0.184155
-0.160965
-0.153354
-0.160251
-0.157882
-0.158815
-0.131664
-0.142209
-0.159914
-0.152980
-0.099466
0.147007
0.233236
0.250282
0.257655
0.261720
0.270431
0.275138
0.278477
0.276856
0.288214
0.136629
-0.064368
-0.126831
-0.148227
-0.157712
-0.159881
-0.152488
-0.153374
-0.146661
-0.140420
-0.146366
-0.156534
-0.165425
-0.179704
-0.184592
-0.138722
0.090309
0.202249
0.209072
0.215084
0.230483
0.222695
0.214227
0.215980
0.229782
0.231968
0.245950
0.163208
-0.062578
-0.160758
-0.205695
-0.222014
-0.217773
-0.210140
-0.204124
-0.191591
-0.188659
-0.186600
-0.193408
-0.202209
-0.199256
-0.202633
-0.155072
0.001804
0.166440
0.211079
0.217844
0.217824
0.215026
0.213411
0.221649
0.233323
0.241119
0.151749
-0.075910
-0.165458
-0.198398
-0.202354
-0.206101
-0.199944
-0.174785
-0.160388
-0.163007
-0.151182
-0.145307
-0.149165
-0.147724
-0.158682
-0.136122
-0.058335
0.152557
0.224956
0.249985
0.252881
0.250931
0.249889
0.255368
0.254124
0.255698
0.218462
-0.004838
-0.115046
-0.165139
-0.169542
-0.166465
-0.163524
-0.138504
-0.130773
-0.115323
-0.118105
-0.117084
-0.108057
-0.121033
-0.125243
-0.099679
0.042374
0.204332
0.246541
0.246293
0.246705
0.244744
0.245069
0.240464
0.238139
0.251317
0.182041
-0.052137
-0.150720
-0.193284
-0.200033
-0.178728
-0.172770
-0.163262
-0.143634
-0.150027
-0.160027
-0.157919
-0.161882
-0.172512
-0.182476
-0.165048
-0.068754
0.140741
0.195154
0.208757
0.208109
0.208470
0.210141
0.217176
0.226853
0.235410
0.185793
-0.044511
-0.163760
-0.208318
-0.219875
-0.215231
-0.193725
-0.180256
-0.169242
-0.163524
-0.160675
-0.167431
-0.167963
-0.183438
-0.184734
-0.157094
0.003466
0.173892
0.212037
0.222741
0.225060
0.225347
0.240037
0.244214
0.256536
0.255409
0.112018
-0.067595
-0.142609
-0.168890
-0.179700
-0.173619
-0.160821
-0.151763
-0.136673
-0.119202
-0.112796
-0.114563
-0.117709
-0.129179
-0.136883
-0.127533
-0.071099
0.152029
0.238306
0.264693
0.273644
0.276471
0.274393
0.269802
0.274904
0.274722
0.182574
-0.022472
-0.112224
-0.164667
-0.169364
-0.164174
-0.145999
-0.144929
-0.127240
-0.119230
-0.124051
-0.123094
-0.122395
-0.112435
-0.079420
0.113592
0.256236
0.289426
0.299537
0.298575
0.295072
0.285239
0.288766
0.280060
0.287372
0.293216
0.126608
-0.072084
-0.159588
-0.201566
-0.192170
-0.175889
-0.167431
-0.162166
-0.155373
-0.134078
-0.130561
-0.141222
-0.157885
-0.164211
-0.147802
-0.065355
0.142991
0.209208
0.223030
0.220833
0.213014
0.209455
0.213162
0.212810
0.222177
0.230768
0.058765
-0.116608
-0.199024
-0.239788
-0.252648
-0.236841
-0.216581
-0.201536
-0.205311
-0.191424
-0.197852
-0.196498
-0.211609
-0.212788
-0.201006
-0.135917
0.084423
0.169686
0.192579
0.193081
0.197384
0.200396
0.211111
0.209253
0.212071
0.224146
0.110937
-0.088014
-0.170422
-0.205765
-0.212865
-0.204895
-0.185044
-0.157198
-0.130066
-0.135678
-0.127492
-0.131946
-0.144450
-0.159840
-0.153097
-0.125876
0.058341
0.197472
0.235341
0.246130
0.251215
0.257463
0.258067
0.261084
0.256901
0.264170
0.262133
0.112691
-0.058540
-0.124782
-0.145671
-0.156118
-0.145609
-0.131141
-0.131459
-0.120625
-0.102727
-0.099595
-0.106055
-0.123181
-0.141070
-0.132977
-0.075785
0.142496
0.232528
0.244155
0.240122
0.231533
0.233070
0.252227
0.272729
0.278300
0.281365
0.211055
-0.039073
-0.142302
-0.203527
-0.255826
-0.266257
-0.262389
-0.259809
-0.255189
-0.243285
-0.238142
-0.231084
-0.237789
-0.232242
-0.217170
-0.155410
0.094129
0.200191
0.225786
0.229964
0.240794
0.243883
0.255416
0.256504
0.271912
0.255075
0.016724
-0.112713
-0.189137
-0.210476
-0.217966
-0.205113
-0.209047
-0.175386
-0.134178
-0.129658
-0.154602
-0.179439
-0.210167
-0.225558
-0.190440
-0.013492
0.172760
0.224591
0.248506
0.257384
0.266336
0.278851
0.280485
0.293235
0.303147
0.250831
-0.000590
-0.120861
-0.173039
-0.178017
-0.154670
-0.145425
-0.135320
-0.124773
-0.129785
-0.140811
-0.147351
-0.149863
-0.159859
-0.177441
-0.179380
-0.138516
0.075506
0.205083
0.227179
0.229241
0.226463
0.234104
0.246791
0.245518
0.247410
0.243173
0.013805
-0.113108
-0.167285
-0.194306
-0.196379
-0.184078
-0.159303
-0.143443
-0.132323
-0.114082
-0.125773
-0.133710
-0.151529
-0.163195
-0.128379
0.065424
0.217944
0.249734
0.262923
0.264068
0.255937
0.263405
0.263445
0.266764
0.278827
0.251073
0.013922
-0.105958
-0.147173
-0.174795
-0.179158
-0.167173
-0.165657
-0.165866
-0.159644
-0.167883
-0.170955
-0.173127
-0.177092
-0.168811
-0.171594
-0.139076
-0.002776
0.187736
0.240420
0.245682
0.245104
0.243438
0.247735
0.250119
0.250691
0.254997
0.180699
-0.052763
-0.172464
-0.225041
-0.233520
-0.222485
-0.212625
-0.211458
-0.210585
-0.211268
-0.211582
-0.218093
-0.211231
-0.212450
-0.207615
-0.186708
-0.049941
0.143185
0.193461
0.209031
0.213158
0.215533
0.218325
0.232872
0.230357
0.231163
0.232836
0.048686
-0.130288
-0.196946
-0.220490
-0.219650
-0.209500
-0.191996
-0.168981
-0.153817
-0.148056
-0.141426
-0.144273
-0.159079
-0.171415
-0.170595
-0.137532
0.080197
0.198889
0.219844
0.230417
0.238118
0.243899
0.244823
0.246226
0.249852
0.255219
0.263908
0.061305
-0.091458
-0.156199
-0.183635
-0.179892
-0.173256
-0.169413
-0.146578
-0.127860
-0.145066
-0.148523
-0.125285
-0.115729
-0.127541
-0.132228
-0.076066
0.154069
0.237312
0.246768
0.259206
0.255035
0.260521
0.276891
0.278741
0.293151
0.260709
-0.001424
-0.131456
-0.201625
-0.230191
-0.225382
-0.211892
-0.187361
-0.174820
-0.160655
-0.151217
-0.155883
-0.161134
-0.178798
-0.186262
-0.173781
-0.054938
0.172243
0.231170
0.235748
0.244315
0.249136
0.252271
0.255087
0.262106
0.269217
0.221016
-0.012682
-0.134172
-0.195446
-0.201689
-0.206224
-0.197100
-0.180139
-0.171072
-0.167794
-0.167435
-0.161695
-0.169443
-0.172949
-0.184011
-0.165876
0.009201
0.188338
0.233905
0.243980
0.240313
0.237101
0.232817
0.240726
0.237249
0.234273
0.244942
0.107798
-0.083410
-0.172231
-0.214002
-0.218223
-0.212442
-0.208700
-0.208819
-0.209205
-0.201874
-0.193665
-0.198813
-0.203095
-0.203347
-0.188023
-0.115924
0.106749
0.187343
0.199141
0.206312
0.216552
0.227505
0.228929
0.233154
0.239612
0.244166
0.042677
-0.115072
-0.189335
-0.205746
-0.209180
-0.197468
-0.177628
-0.172528
-0.162682
-0.153585
-0.146280
-0.149762
-0.150096
-0.159874
-0.160579
-0.125924
0.076808
0.196656
0.224460
0.231136
0.241755
0.249664
0.259753
0.265225
0.273009
0.273801
0.257736
0.042759
-0.085499
-0.144342
-0.140589
-0.130708
-0.118236
-0.115416
-0.098451
-0.101806
-0.104037
-0.101385
-0.101501
-0.099163
-0.110851
-0.096210
-0.037631
0.187715
0.270733
0.283211
0.282491
0.277122
0.275776
0.272501
0.274878
0.280227
0.274784
0.060505
-0.083408
-0.154162
-0.179646
-0.187446
-0.175586
-0.170523
-0.159245
-0.137513
-0.118356
-0.119906
-0.133824
-0.148907
-0.163677
-0.145666
-0.064638
0.140009
0.201524
0.211269
0.208948
0.208108
0.211790
0.208595
0.214568
0.223334
0.228564
0.149203
-0.073145
-0.163082
-0.194465
-0.213191
-0.218120
-0.211261
-0.184029
-0.179196
-0.179029
-0.162961
-0.162545
-0.169075
-0.183653
-0.190399
-0.158741
-0.047917
0.136885
0.188515
0.204545
0.211891
0.208910
0.209707
0.213862
0.221213
0.229855
0.184911
-0.025888
-0.137125
-0.189501
-0.206938
-0.203820
-0.176326
-0.157485
-0.153474
-0.146028
-0.137839
-0.129589
-0.124020
-0.131802
-0.137357
-0.126066
-0.066088
0.145842
0.234749
0.245007
0.248361
0.247757
0.250583
0.254888
0.249196
0.253962
0.245503
0.177002
-0.040787
-0.144062
-0.183639
-0.197238
-0.189114
-0.178061
-0.159084
-0.150322
-0.146958
-0.140811
-0.140097
-0.146366
-0.157101
-0.145820
-0.113724
0.012797
0.194296
0.246482
0.258200
0.264040
0.268234
0.278147
0.269243
0.271612
0.271496
0.248449
0.018756
-0.094714
-0.149326
-0.182986
-0.196049
-0.177207
-0.139740
-0.115187
-0.119512
-0.131152
-0.163761
-0.202857
-0.216979
-0.198561
-0.089116
0.147368
0.229428
0.247198
0.250020
0.250259
0.260283
0.270646
0.271075
0.275570
0.231409
-0.027208
-0.149061
-0.214481
-0.217223
-0.199078
-0.192836
-0.198577
-0.182952
-0.170791
-0.161732
-0.179433
-0.178810
-0.182496
-0.199059
-0.200255
-0.144492
0.102789
0.192752
0.211264
0.208706
0.206229
0.192159
0.212529
0.216491
0.226887
0.232403
0.071247
-0.115499
-0.190962
-0.214145
-0.218299
-0.210086
-0.197882
-0.182476
-0.173510
-0.164199
-0.175202
-0.172048
-0.176663
-0.177875
-0.150860
-0.046153
0.160978
0.221674
0.238066
0.244958
0.233651
0.235923
0.243889
0.252684
0.257514
0.256845
0.161484
-0.059022
-0.153379
-0.189779
-0.208943
-0.206595
-0.194730
-0.182601
-0.183785
-0.174373
-0.160531
-0.164923
-0.177376
-0.183354
-0.178823
-0.138047
0.099027
0.210803
0.235602
0.243791
0.247877
0.239344
0.239982
0.246623
0.257324
0.255464
0.093859
-0.083790
-0.145912
-0.178053
-0.183046
-0.155847
-0.155474
-0.146757
-0.133809
-0.134851
-0.137912
-0.136459
-0.121556
-0.114356
-0.100267
0.020139
0.232113
0.281970
0.287709
0.293620
0.289693
0.289686
0.296058
0.297432
0.306245
0.307836
0.085756
-0.101985
-0.177463
-0.211167
-0.216198
-0.208207
-0.181697
-0.150709
-0.129311
-0.136631
-0.143053
-0.155174
-0.165147
-0.187710
-0.186284
-0.158010
0.033211
0.190172
0.222492
0.236800
0.249310
0.256976
0.259609
0.263810
0.271251
0.276922
0.097675
-0.074858
-0.159049
-0.193149
-0.204707
-0.189483
-0.184322
-0.191024
-0.186840
-0.186462
-0.188233
-0.190218
-0.200593
-0.216276
-0.213244
-0.173912
0.059173
0.168823
0.203193
0.217483
0.221138
0.224610
0.240989
0.245476
0.249991
0.255579
0.191934
-0.023846
-0.135918
-0.180715
-0.197169
-0.198604
-0.192246
-0.192192
-0.182071
-0.171317
-0.173573
-0.173953
-0.166164
-0.162928
-0.163736
-0.141780
-0.045143
0.201429
0.273055
0.272524
0.264419
0.262855
0.257447
0.257531
0.265625
0.266038
0.202993
-0.052268
-0.151638
-0.189626
-0.213380
-0.232455
-0.241570
-0.230895
-0.223655
-0.215609
-0.216055
-0.204826
-0.201625
-0.212690
-0.206573
-0.165543
0.055814
0.210774
0.245950
0.254067
0.258512
0.256481
0.265087
0.271912
0.284081
0.291848
0.229392
-0.017857
-0.123180
-0.158140
-0.169516
-0.169742
-0.175271
-0.158366
-0.155122
-0.152325
-0.153882
-0.153207
-0.148389
-0.160736
-0.137861
-0.098038
0.108309
0.250656
0.275946
0.286552
0.296711
0.309213
0.315985
0.320376
0.320943
0.318632
0.217221
-0.022645
-0.120389
-0.136894
-0.169707
-0.185434
-0.181998
-0.168024
-0.162665
-0.145416
-0.147501
-0.144612
-0.147675
-0.162853
-0.164933
-0.147824
0.005099
0.201716
0.250953
0.260954
0.265106
0.259703
0.270397
0.276575
0.279850
0.291568
0.202467
-0.039029
-0.146157
-0.209868
-0.224316
-0.220089
-0.222877
-0.213036
-0.209263
-0.200883
-0.191490
-0.190965
-0.196848
-0.201585
-0.176815
-0.040230
0.151834
0.203164
0.209089
0.211992
0.207806
0.214936
0.213153
0.217936
0.228088
0.210555
-0.016322
-0.158589
-0.221199
-0.250676
-0.242292
-0.232388
-0.221393
-0.191743
-0.174248
-0.164904
-0.178191
-0.185024
-0.192507
-0.204708
-0.183597
-0.122750
0.093406
0.194400
0.212267
0.213146
0.217759
0.211702
0.210192
0.221068
0.226307
0.238742
0.035682
-0.112989
-0.174439
-0.188144
-0.181399
-0.169472
-0.150546
-0.130576
-0.125457
-0.123862
-0.120245
-0.119515
-0.134715
-0.153972
-0.152885
-0.109930
0.007608
0.203519
0.254635
0.267375
0.263845
0.260702
0.264745
0.269800
0.268461
0.271744
0.189141
-0.045070
-0.122959
-0.173871
-0.176218
-0.180336
-0.169657
-0.155199
-0.147146
-0.143754
-0.152288
-0.152433
-0.157629
-0.176992
-0.170518
-0.137554
0.018551
0.180973
0.215753
0.223539
0.230873
0.230050
0.226020
0.233024
0.229544
0.225535
0.158750
-0.066341
-0.171141
-0.213169
-0.215448
-0.217543
-0.199222
-0.193593
-0.190675
-0.183738
-0.169823
-0.156173
-0.153913
-0.168324
-0.182093
-0.157432
-0.014393
0.143518
0.178983
0.187865
0.195215
0.204107
0.207103
0.217466
0.223800
0.228766
0.170266
-0.053026
-0.152482
-0.191184
-0.191830
-0.185803
-0.184553
-0.178237
-0.172860
-0.158703
-0.153656
-0.161080
-0.156614
-0.162384
-0.169625
-0.152648
-0.043692
0.158755
0.212000
0.223989
0.231348
0.234567
0.230048
0.228774
0.243001
0.257045
0.267958
0.160480
-0.047596
-0.138715
-0.178682
-0.190377
-0.175868
-0.159482
-0.140006
-0.119924
-0.109840
-0.111145
-0.111782
-0.116300
-0.128720
-0.132699
-0.108471
-0.023544
0.181561
0.251988
0.261742
0.264249
0.264815
0.263862
0.265576
0.270795
0.271090
0.275040
0.224472
0.001523
-0.117333
-0.171824
-0.188908
-0.155812
-0.131354
-0.122589
-0.118386
-0.158939
-0.191410
-0.202520
-0.215620
-0.213310
-0.167453
0.002964
0.197791
0.238551
0.246991
0.255846
0.264299
0.265615
0.259185
0.262660
0.268298
0.232393
-0.015304
-0.139352
-0.182032
-0.212762
-0.218186
-0.217359
-0.211414
-0.208679
-0.210141
-0.204671
-0.182882
-0.183962
-0.196314
-0.206500
-0.172912
-0.059088
0.148901
0.203021
0.222450
0.227680
0.227218
0.233133
0.230580
0.229035
0.239865
0.203740
-0.035526
-0.157262
-0.224614
-0.234030
-0.235996
-0.234746
-0.218076
-0.206425
-0.189116
-0.189030
-0.193034
-0.202850
-0.206451
-0.199862
-0.182626
-0.056543
0.155925
0.214517
0.222262
0.229434
0.232367
0.246418
0.243198
0.247776
0.246627
0.226347
0.000430
-0.119435
-0.175295
-0.193359
-0.185866
-0.170955
-0.162139
-0.144725
-0.135948
-0.151343
-0.146281
-0.142570
-0.154085
-0.168563
-0.150106
-0.108316
0.077796
0.208192
0.234235
0.240779
0.239628
0.241054
0.259185
0.251225
0.259442
0.267871
0.114211
-0.076239
-0.158958
-0.188148
-0.184952
-0.190082
-0.182329
-0.151940
-0.138607
-0.147311
-0.140606
-0.149367
-0.151716
-0.158333
-0.142424
-0.094879
0.142838
0.233771
0.258501
0.260311
0.259601
0.264129
0.264890
0.267550
0.274308
0.264654
0.034937
-0.114744
-0.163152
-0.182551
-0.176331
-0.153896
-0.151049
-0.147742
-0.117152
-0.096032
-0.096374
-0.102424
-0.107214
-0.125305
-0.128191
-0.100960
0.122053
0.224846
0.245174
0.255590
0.259210
0.245904
0.258297
0.260744
0.262605
0.264634
0.253699
0.020458
-0.103532
-0.161179
-0.179353
-0.159824
-0.149830
-0.145526
-0.135274
-0.124071
-0.133534
-0.156134
-0.152176
-0.158652
-0.165638
-0.154716
-0.068473
0.135866
0.212639
0.230836
0.229563
0.233708
0.241168
0.239613
0.242081
0.254694
0.267142
0.172846
-0.047968
-0.144997
-0.205873
-0.219522
-0.201435
-0.197140
-0.190203
-0.184469
-0.176458
-0.184627
-0.165527
-0.163833
-0.177072
-0.177986
-0.144852
0.001858
0.175180
0.220248
0.239173
0.231561
0.227879
0.229227
0.236557
0.247913
0.245623
0.118769
-0.090067
-0.176859
-0.200144
-0.164843
-0.156713
-0.160571
-0.183898
-0.212680
-0.219595
-0.211328
-0.207287
-0.214885
-0.198062
-0.064292
0.159698
0.226382
0.247215
0.255875
0.261970
0.270091
0.280510
0.287233
0.289308
0.289539
0.276573
0.033468
-0.104897
-0.157757
-0.175786
-0.200989
-0.194168
-0.183088
-0.170378
-0.163611
-0.143876
-0.151639
-0.161725
-0.167668
-0.166507
-0.153212
-0.097374
0.134459
0.233511
0.256809
0.270574
0.280537
0.290622
0.289065
0.284989
0.296282
0.278157
0.040454
-0.098901
-0.174978
-0.204680
-0.207652
-0.203085
-0.193862
-0.177212
-0.169913
-0.160458
-0.162457
-0.166050
-0.189132
-0.195854
-0.168807
-0.054672
0.157257
0.222648
0.237124
0.239290
0.245439
0.248397
0.246493
0.253629
0.255498
0.211708
-0.031661
-0.142966
-0.198251
-0.208015
-0.205148
-0.211552
-0.208222
-0.195831
-0.201156
-0.203393
-0.202796
-0.202606
-0.211680
-0.212199
-0.194742
-0.081274
0.139734
0.195069
0.203549
0.203898
0.193074
0.202268
0.220219
0.231672
0.235593
0.240155
0.155709
-0.069293
-0.161943
-0.201285
-0.212327
-0.199934
-0.187765
-0.167713
-0.160506
-0.168681
-0.174929
-0.166872
-0.170703
-0.184371
-0.163931
-0.094023
0.122673
0.200284
0.220429
0.218568
0.226561
0.233731
0.232314
0.236148
0.239463
0.256213
0.157494
-0.065366
-0.170237
-0.217316
-0.224105
-0.211237
-0.206030
-0.188706
-0.190061
-0.179302
-0.166580
-0.158101
-0.148478
-0.157368
-0.156005
-0.139123
-0.045568
0.175273
0.242626
0.264174
0.275099
0.266418
0.264308
0.267054
0.272555
0.278120
0.236528
-0.005416
-0.131047
-0.184837
-0.206077
-0.200393
-0.192082
-0.177721
-0.169430
-0.156607
-0.154355
-0.149367
-0.150261
-0.172699
-0.157863
-0.076726
0.139617
0.208693
0.227239
0.231784
0.230852
0.235609
0.241640
0.252193
0.257682
0.229034
0.000241
-0.122690
-0.184959
-0.202638
-0.190199
-0.185545
-0.179887
-0.160940
-0.165213
-0.160926
-0.156343
-0.164995
-0.171244
-0.159572
-0.126817
0.009549
0.190489
0.236637
0.241574
0.237855
0.238347
0.242649
0.250458
0.251527
0.249777
0.257828
0.035642
-0.107444
-0.181051
-0.204238
-0.207761
-0.198580
-0.187601
-0.163551
-0.158961
-0.152243
-0.148551
-0.147756
-0.143094
-0.135101
-0.117849
-0.024210
0.194910
0.255079
0.266146
0.264690
0.269686
0.267131
0.264941
0.274838
0.280971
0.281769
0.185152
-0.024554
-0.115535
-0.171672
-0.171723
-0.169592
-0.166787
-0.165883
-0.158649
-0.121413
-0.104418
-0.117659
-0.150970
-0.175389
-0.168631
0.009586
0.192831
0.250199
0.266411
0.270479
0.265622
0.270533
0.281044
0.289154
0.296857
0.229596
-0.049380
-0.152391
-0.204740
-0.223744
-0.207659
-0.187435
-0.185078
-0.176431
-0.179447
-0.178309
-0.183919
-0.201387
-0.216275
-0.204955
-0.167697
0.066214
0.194697
0.230375
0.237657
0.240899
0.247059
0.250975
0.250929
0.248451
0.256675
0.249597
-0.004727
-0.141292
-0.209159
-0.220520
-0.204039
-0.209254
-0.189972
-0.185079
-0.189860
-0.187594
-0.181407
-0.176693
-0.178550
-0.190579
-0.170855
-0.083107
0.130358
0.205873
0.221090
0.227400
0.232686
0.232417
0.238277
0.237091
0.247236
0.262031
0.199200
-0.031629
-0.142526
-0.189007
-0.195093
-0.192076
-0.183335
-0.172154
-0.162866
-0.154004
-0.144801
-0.130740
-0.134283
-0.146035
-0.161020
-0.145094
-0.048382
0.171320
0.236113
0.245486
0.251025
0.245359
0.250414
0.248855
0.252399
0.255387
0.192035
-0.028496
-0.135420
-0.184988
-0.198944
-0.200203
-0.175799
-0.157754
-0.157167
-0.150704
-0.155187
-0.166105
-0.173615
-0.175120
-0.179766
-0.154437
-0.082138
0.135800
0.222080
0.242230
0.244890
0.249017
0.253577
0.247421
0.247394
0.250664
0.194684
-0.030062
-0.153337
-0.206877
-0.215093
-0.204944
-0.191461
-0.173309
-0.154031
-0.155192
-0.153328
-0.153217
-0.152271
-0.160158
-0.171577
-0.161031
-0.071896
0.145359
0.209600
0.224260
0.232047
0.235751
0.245353
0.248738
0.256401
0.267383
0.267992
0.196180
-0.025744
-0.128099
-0.181434
-0.182880
-0.164234
-0.150448
-0.144851
-0.137321
-0.128786
-0.128449
-0.141006
-0.137247
-0.132721
-0.153978
-0.148364
-0.109267
0.104229
0.197316
0.216255
0.229957
0.244112
0.249357
0.250592
0.247552
0.255819
0.263963
0.196618
-0.040411
-0.138643
-0.184293
-0.199157
-0.189920
-0.181975
-0.172727
-0.176057
-0.175204
-0.163628
-0.154166
-0.160108
-0.174037
-0.166198
-0.064287
0.146383
0.210955
0.221475
0.229823
0.232860
0.229931
0.229434
0.238965
0.238614
0.241587
0.067244
-0.108647
-0.182504
-0.220686
-0.223303
-0.198096
-0.183794
-0.176053
-0.167301
-0.146117
-0.151616
-0.163332
-0.162878
-0.167496
-0.154931
-0.088360
0.140718
0.230483
0.241494
0.244995
0.247944
0.244485
0.245303
0.249034
0.250306
0.254964
0.190660
-0.038380
-0.141913
-0.192832
-0.189621
-0.182040
-0.181559
-0.169602
-0.148912
-0.128101
-0.124976
-0.130861
-0.155156
-0.177821
-0.171790
-0.122006
0.130072
0.243267
0.263354
0.270155
0.275252
0.278327
0.278688
0.287060
0.295090
0.294366
0.053131
-0.115633
-0.199317
-0.224035
-0.222051
-0.211106
-0.201455
-0.194928
-0.197686
-0.198526
-0.205315
-0.204945
-0.222005
-0.210629
-0.129880
0.115232
0.209870
0.232184
0.224221
0.227900
0.236257
0.245114
0.247617
0.251398
0.261151
0.214443
-0.027957
-0.154565
-0.216243
-0.242997
-0.238445
-0.225002
-0.213412
-0.217227
-0.218968
-0.220593
-0.215493
-0.218909
-0.227197
-0.207233
-0.072900
0.151779
0.211916
0.222516
0.224530
0.232540
0.232706
0.239238
0.248393
0.248978
0.266613
0.155902
-0.067793
-0.154764
-0.202377
-0.210482
-0.204338
-0.187736
-0.165193
-0.159506
-0.160069
-0.163257
-0.158836
-0.155069
-0.163126
-0.157100
-0.130097
0.011987
0.199622
0.247461
0.259635
0.269872
0.269775
0.275945
0.275598
0.266224
0.269169
0.191144
-0.038066
-0.144351
-0.188196
-0.194080
-0.181825
-0.168237
-0.154957
-0.157508
-0.149424
-0.142244
-0.130040
-0.133694
-0.134528
-0.144014
-0.145299
-0.065035
0.156502
0.234899
0.253085
0.260717
0.264257
0.265476
0.268177
0.273753
0.290135
0.287141
0.052284
-0.086538
-0.145840
-0.164527
-0.157357
-0.148667
-0.148860
-0.134553
-0.118135
-0.112034
-0.122479
-0.126565
-0.145901
-0.143887
-0.133844
-0.079941
0.131758
0.224682
0.237688
0.246436
0.242134
0.258524
0.269158
0.269699
0.273801
0.281930
0.151610
-0.055329
-0.140442
-0.187994
-0.193256
-0.177542
-0.163254
-0.161722
-0.151553
-0.148693
-0.148915
-0.146662
-0.153681
-0.151859
-0.166670
-0.158294
-0.119944
0.094525
0.198283
0.216559
0.223120
0.220086
0.210062
0.212929
0.209185
0.201273
0.207164
0.053412
-0.133934
-0.207459
-0.243498
-0.242451
-0.231364
-0.220211
-0.209467
-0.177232
-0.176169
-0.174700
-0.182732
-0.194828
-0.200814
-0.185891
-0.143951
0.066377
0.179201
0.205816
0.207010
0.206460
0.210188
0.206354
0.206633
0.218208
0.218434
0.137450
-0.084970
-0.184049
-0.214397
-0.221561
-0.220643
-0.201063
-0.175180
-0.171660
-0.169150
-0.172458
-0.160320
-0.163372
-0.172854
-0.159983
-0.097121
0.137175
0.219634
0.224861
0.221965
0.227041
0.226755
0.227604
0.243729
0.249623
0.255513
0.167702
-0.052575
-0.150644
-0.188376
-0.196019
-0.192191
-0.182230
-0.173870
-0.156039
-0.146454
-0.142089
-0.135297
-0.147660
-0.149174
-0.152531
-0.127057
-0.007618
0.210759
0.269205
0.268172
0.272873
0.278061
0.288720
0.284570
0.284516
0.284442
0.168293
-0.047397
-0.148255
-0.184628
-0.176468
-0.179160
-0.177815
-0.162946
-0.160545
-0.157085
-0.156485
-0.151039
-0.160208
-0.171483
-0.156690
-0.136801
-0.005252
0.194528
0.248869
0.249914
0.255422
0.262509
0.264222
0.263431
0.267105
0.280412
0.220380
-0.012582
-0.131234
-0.187342
-0.201737
-0.200963
-0.195181
-0.193735
-0.184108
-0.172485
-0.162408
-0.148550
-0.152716
-0.159344
-0.148157
-0.121662
0.081007
0.211026
0.243912
0.237798
0.242957
0.229745
0.228849
0.236724
0.250004
0.289528
0.069574
-0.094007
-0.161981
-0.203514
-0.215451
-0.232304
-0.230509
-0.227602
-0.219072
-0.211275
-0.202666
-0.199180
-0.196879
-0.189580
-0.128405
0.133075
0.263230
0.291373
0.298381
0.299042
0.298698
0.292674
0.299566
0.306060
0.305827
0.273703
0.042901
-0.095622
-0.158041
-0.203128
-0.197939
-0.189627
-0.163269
-0.123583
-0.120439
-0.146369
-0.185050
-0.215214
-0.220011
-0.183298
0.040170
0.194282
0.238656
0.251033
0.266158
0.263861
0.268271
0.283914
0.296863
0.297355
0.302558
0.113972
-0.094477
-0.177262
-0.187627
-0.194009
-0.201859
-0.195480
-0.165834
-0.148745
-0.164941
-0.171457
-0.173292
-0.174150
-0.187641
-0.180995
-0.116121
0.122602
0.212691
0.236927
0.237280
0.235381
0.249954
0.250919
0.262782
0.260773
0.268420
0.092007
-0.093320
-0.175490
-0.205878
-0.194261
-0.193833
-0.186279
-0.177958
-0.175175
-0.164374
-0.156679
-0.157600
-0.149967
-0.162870
-0.177421
-0.165841
-0.018994
0.178328
0.216029
0.226472
0.228253
0.224913
0.221111
0.229015
0.241147
0.251687
0.255718
0.042299
-0.128389
-0.188369
-0.210714
-0.200161
-0.186466
-0.170106
-0.163999
-0.159997
-0.160544
-0.166293
-0.180821
-0.182689
-0.187506
-0.182753
-0.131773
0.079236
0.177516
0.193527
0.193777
0.200828
0.198965
0.210023
0.204706
0.201710
0.211003
0.131892
-0.078223
-0.183260
-0.213478
-0.217577
-0.207142
-0.186582
-0.178394
-0.177133
-0.164932
-0.166570
-0.154319
-0.150361
-0.150061
-0.152496
-0.131484
-0.011745
0.174348
0.220956
0.229384
0.230397
0.235906
0.231112
0.238065
0.239950
0.239324
0.252111
0.095349
-0.088317
-0.164101
-0.201053
-0.204377
-0.188403
-0.175814
-0.160400
-0.148236
-0.141783
-0.130026
-0.130350
-0.129833
-0.136695
-0.143629
-0.129671
-0.025906
0.189495
0.237695
0.243798
0.241174
0.240848
0.250647
0.243919
0.241340
0.251014
0.260213
0.070598
-0.106533
-0.182944
-0.203619
-0.191354
-0.181779
-0.168970
-0.145431
-0.148604
-0.145772
-0.142834
-0.147015
-0.138765
-0.149269
-0.164506
-0.145803
-0.037305
0.172398
0.231926
0.242309
0.234372
0.240909
0.250580
0.252850
0.256039
0.255566
0.201478
-0.021239
-0.132425
-0.186001
-0.194864
-0.196635
-0.189379
-0.172548
-0.165149
-0.152249
-0.153093
-0.158356
-0.154307
-0.164508
-0.173232
-0.161335
-0.108644
0.117373
0.219123
0.241663
0.239598
0.240149
0.242773
0.231175
0.232084
0.230779
0.238440
0.065694
-0.106228
-0.190898
-0.227988
-0.229636
-0.215498
-0.214060
-0.195890
-0.185886
-0.179880
-0.179233
-0.187371
-0.179202
-0.180756
-0.161628
-0.081615
0.127246
0.196972
0.215220
0.198011
0.195228
0.195309
0.194537
0.209478
0.221685
0.184712
-0.042487
-0.165888
-0.226148
-0.238792
-0.235914
-0.220503
-0.199609
-0.191588
-0.175261
-0.166432
-0.165576
-0.167184
-0.179900
-0.175827
-0.141237
0.038693
0.202127
0.232737
0.242613
0.248159
0.249030
0.259128
0.262098
0.274036
0.285496
0.271491
0.042099
-0.088089
-0.138795
-0.156238
-0.163717
-0.153300
-0.154756
-0.156898
-0.159735
-0.147658
-0.132740
-0.143276
-0.156144
-0.156813
-0.143129
-0.105870
0.072902
0.218902
0.258578
0.269798
0.273189
0.275704
0.274875
0.269159
0.278211
0.290263
0.085684
-0.065601
-0.146079
-0.162880
-0.160766
-0.160087
-0.155145
-0.148543
-0.102231
-0.090358
-0.105388
-0.133299
-0.164863
-0.167469
-0.138094
0.109953
0.248934
0.275329
0.284163
0.285168
0.277357
0.284124
0.290584
0.292226
0.297098
0.194647
-0.051369
-0.154921
-0.198579
-0.210313
-0.201292
-0.189288
-0.175198
-0.149825
-0.146638
-0.142964
-0.139863
-0.148766
-0.168565
-0.173404
-0.139927
0.056240
0.224958
0.271749
0.273096
0.271142
0.266754
0.264338
0.277151
0.275158
0.274893
0.257465
0.022662
-0.112902
-0.183914
-0.215643
-0.212892
-0.198866
-0.194796
-0.194374
-0.191791
-0.182315
-0.173633
-0.183209
-0.191564
-0.188594
-0.179751
-0.113343
0.131152
0.225027
0.252090
0.249106
0.241360
0.240033
0.251905
0.262240
0.279997
0.068267
-0.063879
-0.118696
-0.143553
-0.171345
-0.194713
-0.209617
-0.233120
-0.255789
-0.256030
-0.255325
-0.257756
-0.257329
-0.241050
-0.185780
0.063093
0.211771
0.242675
0.256697
0.256039
0.259883
0.264316
0.265741
0.271374
0.275952
0.131736
-0.094553
-0.188294
-0.227056
-0.246964
-0.233156
-0.223318
-0.202120
-0.161602
-0.139716
-0.154865
-0.171937
-0.193224
-0.215209
-0.174600
0.065020
0.199138
0.221073
0.234526
0.246513
0.266014
0.284769
0.288530
0.280171
0.289926
0.290558
0.113392
-0.097558
-0.190107
-0.212926
-0.203423
-0.177578
-0.164050
-0.143955
-0.137801
-0.146070
-0.138162
-0.149554
-0.160245
-0.165954
-0.175313
-0.160132
-0.099825
0.131841
0.216842
0.237154
0.248349
0.251244
0.254949
0.269270
0.275920
0.281560
0.174421
-0.045347
-0.133646
-0.144895
-0.152529
-0.154230
-0.144238
-0.142317
-0.146816
-0.142251
-0.147793
-0.145524
-0.145254
-0.170716
-0.166147
-0.154659
-0.009680
0.187017
0.233175
0.244267
0.243455
0.240195
0.250611
0.254606
0.263062
0.269079
0.246259
0.012574
-0.117091
-0.167897
-0.187373
-0.201395
-0.196984
-0.172394
-0.168141
-0.157921
-0.149323
-0.144652
-0.147497
-0.158769
-0.169432
-0.158595
-0.065874
0.158993
0.230491
0.240829
0.251396
0.250937
0.252911
0.259448
0.259488
0.260841
0.270530
0.174941
-0.056313
-0.153841
-0.191863
-0.192276
-0.189243
-0.175442
-0.162183
-0.151531
-0.152243
-0.158437
-0.147477
-0.150592
-0.158266
-0.172153
-0.156446
-0.078827
0.131013
0.208576
0.229440
0.230725
0.233725
0.241068
0.243863
0.237157
0.242526
0.242440
0.034807
-0.116716
-0.170566
-0.181243
-0.183941
-0.173653
-0.162610
-0.153931
-0.155892
-0.163216
-0.163730
-0.169915
-0.162582
-0.168507
-0.168238
-0.140429
0.013224
0.189732
0.233122
0.233952
0.236581
0.242834
0.241532
0.238886
0.242309
0.247479
0.154519
-0.068673
-0.158917
-0.198082
-0.206297
-0.189630
-0.181573
-0.177832
-0.157615
-0.147707
-0.147111
-0.149427
-0.158139
-0.173929
-0.173377
-0.146017
-0.058116
0.157351
0.231872
0.242652
0.248005
0.251702
0.254594
0.262766
0.258490
0.259329
0.251542
0.024512
-0.115492
-0.186371
-0.194115
-0.186060
-0.170264
-0.159237
-0.146188
-0.139486
-0.148012
-0.155901
-0.152406
-0.156195
-0.169345
-0.148899
-0.031889
0.172021
0.234436
0.246906
0.243720
0.243590
0.254065
0.257881
0.264566
0.267559
0.153460
-0.066665
-0.144416
-0.174582
-0.188127
-0.170996
-0.154870
-0.142298
-0.132747
-0.136242
-0.131991
-0.124678
-0.124271
-0.132069
-0.157169
-0.161480
-0.124897
0.085401
0.201834
0.215236
0.222716
0.226999
0.231848
0.242437
0.244341
0.250742
0.258728
0.136439
-0.058820
-0.141963
-0.187846
-0.180585
-0.164754
-0.174345
-0.177541
-0.165489
-0.162134
-0.168587
-0.164923
-0.147968
-0.160037
-0.172633
-0.158477
-0.094319
0.126642
0.207554
0.232491
0.235777
0.236246
0.238067
0.229446
0.233898
0.238292
0.174203
-0.045383
-0.133043
-0.153311
-0.148161
-0.215596
-0.247206
-0.285426
-0.287919
-0.277202
-0.267086
-0.274267
-0.278393
-0.266147
-0.164474
0.099294
0.178298
0.206574
0.219610
0.231965
0.233555
0.245337
0.259337
0.264767
0.278860
0.280315
0.045561
-0.109544
-0.159663
-0.161450
-0.170685
-0.178185
-0.175846
-0.167067
-0.151736
-0.154399
-0.158099
-0.164814
-0.143530
-0.138697
-0.123493
-0.085006
0.134608
0.238831
0.255213
0.253776
0.257134
0.266155
0.283358
0.281683
0.286826
0.280505
0.029714
-0.131300
-0.201332
-0.226807
-0.221384
-0.204720
-0.194428
-0.170528
-0.161244
-0.145609
-0.151563
-0.152361
-0.161360
-0.176384
-0.175211
-0.119337
0.119533
0.233067
0.263099
0.267723
0.265443
0.276606
0.280656
0.281055
0.287325
0.287758
0.228392
-0.016307
-0.126766
-0.174910
-0.172705
-0.166151
-0.151471
-0.137392
-0.118716
-0.117881
-0.130306
-0.126540
-0.130430
-0.143033
-0.155826
-0.131153
0.045634
0.204075
0.241743
0.247696
0.250860
0.255905
0.262788
0.278031
0.282985
0.289808
0.244611
0.002108
-0.112997
-0.160859
-0.183302
-0.181511
-0.176982
-0.178691
-0.162670
-0.163587
-0.162286
-0.156118
-0.157136
-0.166527
-0.179076
-0.179979
-0.142167
0.063075
0.194907
0.220493
0.224444
0.231858
0.235422
0.242398
0.249667
0.250995
0.257866
0.131573
-0.094833
-0.181524
-0.212356
-0.223074
-0.202814
-0.197224
-0.184011
-0.164900
-0.154220
-0.160479
-0.177435
-0.183650
-0.200042
-0.197861
-0.150562
0.057845
0.187051
0.208223
0.214980
0.209349
0.210955
0.211391
0.224811
0.229782
0.235866
0.198656
-0.039140
-0.162773
-0.210965
-0.220461
-0.188797
-0.179438
-0.177349
-0.173056
-0.165478
-0.164019
-0.151386
-0.132146
-0.144103
-0.156272
-0.160013
-0.136084
-0.009970
0.172450
0.219745
0.223888
0.228923
0.237074
0.236336
0.238104
0.240693
0.253773
0.140943
-0.068831
-0.152613
-0.191953
-0.193035
-0.182063
-0.188924
-0.180527
-0.166004
-0.155320
-0.156618
-0.151202
-0.155310
-0.176877
-0.179302
-0.144668
0.056289
0.176254
0.207708
0.213492
0.223236
0.219867
0.213241
0.211315
0.224046
0.231293
0.076087
-0.113710
-0.190265
-0.215276
-0.216929
-0.197375
-0.185480
-0.188346
-0.191679
-0.188141
-0.172763
-0.177645
-0.182479
-0.193245
-0.193683
-0.169257
0.032845
0.149986
0.188577
0.196055
0.194907
0.205417
0.211896
0.230160
0.232562
0.244731
0.252939
0.138690
-0.065916
-0.138988
-0.174220
-0.170156
-0.154819
-0.147460
-0.133402
-0.125123
-0.118797
-0.118103
-0.116403
-0.120557
-0.128106
-0.124756
-0.091763
0.137894
0.238670
0.253498
0.264268
0.271244
0.287617
0.284041
0.288777
0.301401
0.304638
0.254365
0.026393
-0.091623
-0.145603
-0.163441
-0.149360
-0.127795
-0.121398
-0.124850
-0.110134
-0.102745
-0.104295
-0.107640
-0.124732
-0.133179
-0.114501
-0.051893
0.164767
0.244764
0.259440
0.257353
0.245649
0.246609
0.253273
0.241953
0.244573
0.196538
-0.033657
-0.130491
-0.173876
-0.179694
-0.165444
-0.153519
-0.149179
-0.141016
-0.136500
-0.128796
-0.126984
-0.132042
-0.144405
-0.153210
-0.131481
0.028611
0.182539
0.210891
0.218978
0.215742
0.224070
0.227786
0.217448
0.223718
0.231746
0.186864
-0.028614
-0.144674
-0.197846
-0.210946
-0.207061
-0.201536
-0.166209
-0.140516
-0.136701
-0.124170
-0.118295
-0.119198
-0.128049
-0.143110
-0.139636
-0.103596
0.067714
0.206101
0.240716
0.250042
0.249913
0.241329
0.260483
0.258068
0.258141
0.256333
0.033473
-0.121213
-0.189929
-0.204191
-0.195455
-0.181254
-0.181648
-0.179075
-0.180643
-0.180835
-0.173995
-0.156675
-0.147844
-0.159063
-0.156814
-0.134407
-0.049536
0.150096
0.212286
0.220702
0.225573
0.236227
0.240161
0.247522
0.248863
0.259659
0.245098
0.036322
-0.105311
-0.176809
-0.199581
-0.185130
-0.175665
-0.170872
-0.154256
-0.149609
-0.144411
-0.140106
-0.143902
-0.151884
-0.163799
-0.144717
-0.105371
0.084741
0.197767
0.219400
0.235092
0.232128
0.226276
0.228634
0.234384
0.232440
0.235123
0.178396
-0.046000
-0.158087
-0.207626
-0.222793
-0.212983
-0.180575
-0.170525
-0.162824
-0.160805
-0.151705
-0.148996
-0.145822
-0.153919
-0.161761
-0.135086
-0.066766
0.139140
0.224977
0.235506
0.237867
0.225430
0.218723
0.222300
0.226952
0.230707
0.168058
-0.051345
-0.146188
-0.203109
-0.219150
-0.208109
-0.204926
-0.197537
-0.186794
-0.184342
-0.189217
-0.190503
-0.185764
-0.200091
-0.195488
-0.135006
0.084177
0.199120
0.220086
0.218940
0.227820
0.229810
0.233070
0.237560
0.244638
0.255559
0.146751
-0.061182
-0.158695
-0.185736
-0.174924
-0.169179
-0.158610
-0.168480
-0.184800
-0.196630
-0.200296
-0.204883
-0.207797
-0.188822
-0.017985
0.173696
0.226228
0.241474
0.244118
0.253585
0.263320
0.279227
0.284047
0.309535
0.314120
0.231003
-0.014905
-0.118061
-0.160177
-0.174707
-0.170065
-0.153093
-0.139246
-0.135252
-0.131063
-0.130279
-0.136009
-0.151069
-0.153946
-0.145850
-0.101156
0.121744
0.226781
0.248968
0.273251
0.276456
0.273498
0.281712
0.295743
0.296306
0.301540
0.291030
0.058905
-0.079646
-0.144095
-0.179528
-0.180911
-0.173796
-0.170546
-0.167249
-0.153622
-0.152981
-0.153537
-0.153577
-0.165139
-0.166182
-0.151166
-0.104873
0.120064
0.252258
0.263631
0.270019
0.271726
0.270940
0.266393
0.271694
0.285817
0.285214
0.084868
-0.087503
-0.166580
-0.209760
-0.211970
-0.208694
-0.199162
-0.196552
-0.183469
-0.175418
-0.158643
-0.162135
-0.165535
-0.156045
-0.110272
0.073886
0.218940
0.242669
0.264543
0.278081
0.279697
0.269528
0.276727
0.291635
0.296114
0.149867
-0.061091
-0.143493
-0.197447
-0.229967
-0.240574
-0.246714
-0.254019
-0.245613
-0.253441
-0.248991
-0.257563
-0.247776
-0.254777
-0.235819
-0.150352
0.096585
0.191129
0.213931
0.229757
0.228060
0.224321
0.233005
0.241590
0.256692
0.177098
-0.059016
-0.151797
-0.170685
-0.184658
-0.197764
-0.194952
-0.190172
-0.186376
-0.178885
-0.141837
-0.134546
-0.154850
-0.170294
-0.174197
-0.091648
0.164739
0.250903
0.274384
0.283224
0.288888
0.282814
0.291722
0.306815
0.309689
0.313347
0.156637
-0.067175
-0.153866
-0.175942
-0.177016
-0.177704
-0.167122
-0.159405
-0.157711
-0.147062
-0.150970
-0.140938
-0.145278
-0.150327
-0.130882
-0.007433
0.226480
0.279357
0.284574
0.280412
0.273599
0.279622
0.276047
0.279629
0.275782
0.286956
0.141545
-0.059600
-0.131022
-0.168504
-0.182356
-0.172924
-0.164885
-0.169887
-0.139448
-0.107420
-0.103967
-0.119733
-0.157055
-0.188771
-0.206147
-0.190684
-0.045278
0.179526
0.230534
0.236491
0.255429
0.260280
0.258752
0.255347
0.264805
0.182586
-0.092352
-0.204750
-0.260994
-0.272339
-0.258836
-0.252730
-0.244676
-0.235536
-0.223280
-0.207783
-0.222382
-0.224907
-0.224613
-0.220243
-0.192142
-0.023381
0.169553
0.208790
0.219906
0.232196
0.238405
0.251092
0.255478
0.256432
0.255019
0.130784
-0.088668
-0.178558
-0.216473
-0.219672
-0.212920
-0.198682
-0.184790
-0.172257
-0.160106
-0.156488
-0.153186
-0.148421
-0.152782
-0.156230
-0.115215
0.073914
0.223606
0.263903
0.274934
0.272374
0.274879
0.277669
0.288412
0.291709
0.303422
0.246510
0.001305
-0.091022
-0.149579
-0.168890
-0.164978
-0.160516
-0.140218
-0.132805
-0.138435
-0.124066
-0.131151
-0.137294
-0.152368
-0.158309
-0.149361
-0.093450
0.132490
0.227332
0.255865
0.262177
0.257178
0.259511
0.263911
0.268351
0.259026
0.200005
-0.033646
-0.149785
-0.183401
-0.199914
-0.202806
-0.209058
-0.207428
-0.191193
-0.184080
-0.186403
-0.196027
-0.208224
-0.218269
-0.215547
-0.195986
-0.035257
0.129378
0.173447
0.190620
0.196285
0.205699
0.208305
0.227163
0.234070
0.239576
0.245774
0.205409
-0.032937
-0.140740
-0.197221
-0.205189
-0.195666
-0.170186
-0.169401
-0.170882
-0.174519
-0.184652
-0.168467
-0.174781
-0.185785
-0.197769
-0.177223
-0.038914
0.141692
0.191807
0.203723
0.208644
0.214736
0.227142
0.232841
0.240192
0.245193
0.257538
0.128693
-0.075270
-0.144427
-0.159491
-0.152386
-0.145218
-0.130952
-0.133376
-0.132623
-0.131059
-0.124794
-0.124083
-0.125005
-0.142572
-0.155877
-0.146973
-0.096399
0.122965
0.237205
0.265347
0.261801
0.257138
0.262996
0.273095
0.269760
0.274757
0.269951
0.097606
-0.087071
-0.164525
-0.188759
-0.193582
-0.181106
-0.153662
-0.136154
-0.135272
-0.126033
-0.123691
-0.123890
-0.130756
-0.138719
-0.132157
-0.048708
0.173065
0.249230
0.270711
0.268511
0.278630
0.275216
0.284047
0.280537
0.283561
0.246909
0.009601
-0.126116
-0.192052
-0.204456
-0.208218
-0.205281
-0.206069
-0.200629
-0.191206
-0.183866
-0.185907
-0.187654
-0.200177
-0.207742
-0.212194
-0.171144
0.054551
0.140947
0.164727
0.179225
0.183890
0.178423
0.192377
0.201401
0.213095
0.214584
0.106636
-0.097938
-0.192959
-0.235677
-0.228464
-0.223055
-0.202353
-0.184419
-0.179427
-0.178309
-0.175260
-0.171972
-0.168033
-0.164416
-0.173157
-0.150949
-0.051226
0.148607
0.204721
0.215858
0.223019
0.216212
0.224724
0.233249
0.242186
0.254949
0.271494
0.228663
-0.004375
-0.110617
-0.158902
-0.149583
-0.140430
-0.138388
-0.125151
-0.106340
-0.086994
-0.094107
-0.093220
-0.104918
-0.102020
-0.111874
-0.081980
0.065094
0.242806
0.282507
0.293323
0.290878
0.283864
0.281749
0.278330
0.279448
0.283324
0.294472
0.153345
-0.038320
-0.120917
-0.166817
-0.174008
-0.168761
-0.162009
-0.158279
-0.151163
-0.151579
-0.157941
-0.171693
-0.193826
-0.201638
-0.193773
-0.134593
0.093317
0.185693
0.214890
0.211427
0.213393
0.215339
0.198889
0.200549
0.209280
0.209514
0.062627
-0.119385
-0.201644
-0.229896
-0.228019
-0.212019
-0.186735
-0.176350
-0.174856
-0.184783
-0.183293
-0.188509
-0.181155
-0.179298
-0.164804
-0.086487
0.148127
0.220058
0.224041
0.230992
0.224541
0.231155
0.244770
0.255751
0.256448
0.260786
0.054091
-0.135860
-0.212179
-0.238713
-0.228786
-0.213404
-0.209360
-0.194294
-0.188228
-0.174386
-0.170331
-0.162890
-0.174302
-0.185237
-0.180936
-0.120155
0.130113
0.220501
0.237863
0.237843
0.242093
0.253585
0.259427
0.267750
0.276607
0.289940
0.294300
0.071096
-0.084541
-0.150802
-0.174855
-0.185537
-0.184555
-0.181737
-0.172583
-0.165245
-0.151296
-0.168657
-0.169396
-0.165945
-0.165783
-0.162319
-0.128861
0.017167
0.199529
0.251139
0.270956
0.263435
0.268413
0.276200
0.286653
0.291158
0.298982
0.072364
-0.091476
-0.173609
-0.205740
-0.202033
-0.189538
-0.181335
-0.183779
-0.178686
-0.159987
-0.150604
-0.156539
-0.170018
-0.171629
-0.161778
-0.111359
0.126941
0.230904
0.250256
0.256400
0.263443
0.263915
0.269055
0.273597
0.273465
0.259642
0.019198
-0.122155
-0.199237
-0.216359
-0.214665
-0.205178
-0.191458
-0.183720
-0.176276
-0.167933
-0.168504
-0.172452
-0.187839
-0.189355
-0.163567
0.016762
0.186293
0.235703
0.242296
0.242260
0.240921
0.242914
0.248841
0.248147
0.248445
0.257353
0.184196
-0.062764
-0.158531
-0.210891
-0.216938
-0.208347
-0.200337
-0.194351
-0.189143
-0.175288
-0.170285
-0.180041
-0.184374
-0.203494
-0.198442
-0.173213
0.038425
0.184627
0.217608
0.224044
0.223699
0.226132
0.223088
0.231925
0.229950
0.229743
0.151698
-0.069662
-0.174797
-0.224181
-0.205807
-0.188606
-0.177360
-0.169991
-0.165812
-0.156883
-0.152770
-0.144737
-0.144940
-0.149188
-0.163364
-0.156715
-0.098867
0.115421
0.206377
0.223499
0.223701
0.226205
0.232072
0.238954
0.243499
0.236281
0.260558
0.215225
0.001522
-0.122065
-0.173817
-0.189156
-0.177318
-0.165651
-0.156023
-0.153352
-0.139317
-0.119932
-0.113910
-0.127396
-0.133909
-0.144656
-0.111751
0.075623
0.224846
0.258224
0.262409
0.278664
0.282832
0.291298
0.287248
0.287118
0.293365
0.251789
0.016387
-0.102483
-0.155923
-0.168741
-0.179346
-0.178314
-0.176932
-0.157106
-0.172430
-0.211503
-0.260534
-0.289801
-0.304291
-0.266501
-0.088459
0.156647
0.230656
0.266320
0.277804
0.284957
0.294212
0.302399
0.318798
0.321597
0.327733
0.104170
-0.074911
-0.153475
-0.171918
-0.164969
-0.155230
-0.164139
-0.181566
-0.185811
-0.190009
-0.178183
-0.171923
-0.176055
-0.193183
-0.191442
-0.140615
0.050370
0.212693
0.250653
0.251591
0.245278
0.245291
0.253411
0.263060
0.274183
0.274899
0.071409
-0.101719
-0.171638
-0.199841
-0.195684
-0.195952
-0.188523
-0.189899
-0.192425
-0.189768
-0.178776
-0.179601
-0.185379
-0.193786
-0.177546
-0.133204
0.099494
0.194099
0.211630
0.217821
0.229099
0.231362
0.230943
0.237885
0.241560
0.244312
0.104276
-0.111560
-0.186466
-0.222350
-0.214168
-0.194209
-0.173629
-0.164547
-0.156601
-0.166062
-0.170568
-0.168141
-0.166991
-0.175793
-0.171984
-0.133293
0.074995
0.189811
0.214254
0.219004
0.221999
0.225043
0.229234
0.226964
0.237308
0.239750
0.240665
0.098424
-0.096170
-0.181925
-0.206237
-0.213028
-0.196367
-0.180858
-0.160881
-0.160376
-0.151114
-0.147227
-0.146263
-0.157633
-0.156251
-0.147379
-0.101344
0.119561
0.227109
0.238076
0.236453
0.238263
0.235672
0.239004
0.246440
0.253799
0.259835
0.247803
0.030133
-0.123604
-0.170208
-0.186162
-0.196999
-0.198182
-0.190056
-0.175785
-0.165282
-0.166508
-0.157339
-0.145925
-0.156646
-0.169336
-0.157895
-0.085551
0.144384
0.218697
0.228502
0.221976
0.225719
0.232861
0.234549
0.234284
0.239167
0.238271
0.175118
-0.056090
-0.168190
-0.225153
-0.224611
-0.228757
-0.215527
-0.194996
-0.176762
-0.166365
-0.177033
-0.187993
-0.203872
-0.210947
-0.205846
-0.174845
-0.011864
0.168905
0.211842
0.213098
0.215102
0.220168
0.231817
0.237954
0.254348
0.260110
0.264576
0.053408
-0.092039
-0.153736
-0.178377
-0.175905
-0.160889
-0.137348
-0.128611
-0.108322
-0.098178
-0.098653
-0.108076
-0.125509
-0.125463
-0.101961
0.059730
0.246722
0.300086
0.290314
0.283503
0.276832
0.284508
0.293822
0.300735
0.301246
0.317647
0.191205
-0.005190
-0.096418
-0.139549
-0.130931
-0.154588
-0.198808
-0.228005
-0.238631
-0.259496
-0.258423
-0.270567
-0.271181
-0.229461
-0.004381
0.192408
0.243539
0.284101
0.300595
0.309848
0.321506
0.325973
0.333786
0.349448
0.292717
0.044005
-0.064405
-0.153878
-0.193795
-0.221126
-0.223242
-0.233081
-0.231001
-0.229962
-0.232528
-0.244030
-0.250517
-0.257864
-0.262010
-0.237039
-0.110029
0.135940
0.212957
0.251731
0.271949
0.283573
0.296849
0.299072
0.311322
0.318957
0.328013
0.237876
-0.008999
-0.134306
-0.211570
-0.238944
-0.255742
-0.264603
-0.242405
-0.250557
-0.244936
-0.224562
-0.220788
-0.226569
-0.248112
-0.248333
-0.225752
-0.085668
0.149040
0.224424
0.259902
0.260116
0.266261
0.272571
0.281344
0.275563
0.280730
0.170090
-0.062216
-0.151030
-0.187262
-0.195210
-0.185077
-0.180517
-0.169928
-0.159683
-0.163165
-0.154135
-0.152921
-0.154714
-0.171469
-0.168568
-0.123605
0.068155
0.205278
0.230593
0.238662
0.232117
0.232316
0.239102
0.244865
0.246526
0.251652
0.114243
-0.093285
-0.181200
-0.217812
-0.207611
-0.201186
-0.192345
-0.178443
-0.179228
-0.177102
-0.170857
-0.163714
-0.162440
-0.165794
-0.170708
-0.158433
0.006655
0.183643
0.213973
0.218545
0.242193
0.263177
0.280995
0.300634
0.318572
0.319249
0.329947
0.129701
-0.061054
-0.152688
-0.222163
-0.252350
-0.248454
-0.241044
-0.231642
-0.232375
-0.211624
-0.185310
-0.182214
-0.172852
-0.192590
-0.181371
-0.123469
0.136924
0.247507
0.277179
0.281873
0.270293
0.274038
0.287394
0.286407
0.298283
0.301124
0.094974
-0.076646
-0.160999
-0.179858
-0.174157
-0.179483
-0.161689
-0.160138
-0.160299
-0.161592
-0.159779
-0.160973
-0.155985
-0.149594
-0.134960
0.005752
0.219460
0.276333
0.277610
0.278082
0.271847
0.265557
0.254628
0.259577
0.256092
0.252548
0.050476
-0.112883
-0.186448
-0.221803
-0.227646
-0.213085
-0.193912
-0.187202
-0.183573
-0.182825
-0.196139
-0.218943
-0.218672
-0.217436
-0.214404
-0.197396
-0.089005
0.131147
0.203177
0.218901
0.224463
0.229266
0.237027
0.215466
0.152917
0.100736
0.045311
0.027256
-0.022771
-0.082851
-0.131267
-0.156460
-0.165479
-0.130790
-0.083065
-0.076232
-0.082930
-0.109303
-0.070236
-0.019322
-0.025314
0.041591
0.094529
0.132368
0.180180
0.209813
0.295004
0.319920
0.297244
0.263426
0.203520
0.131334
0.086577
-0.010023
-0.021966
-0.102421
-0.153317
-0.163676
-0.155172
-0.171028
-0.155044
-0.167389
-0.151851
-0.172192
-0.156445
-0.133766
-0.130241
-0.130484
-0.126832
-0.126544
-0.122557
-0.082085
0.244754
0.253453
0.249483
0.246786
0.251633
0.254412
0.255929
0.109175
-0.096192
-0.175328
-0.201770
-0.201729
-0.194535
-0.180477
-0.162937
-0.155016
-0.154883
-0.165244
-0.173040
-0.165107
-0.166235
-0.143415
-0.024645
0.182939
0.236292
0.240471
0.231075
0.228974
0.238181
0.234210
0.246322
0.251430
0.254784
0.119627
-0.091652
-0.167869
-0.203875
-0.211818
-0.193279
-0.177054
-0.160579
-0.151661
-0.153606
-0.146878
-0.142891
-0.151162
-0.147596
-0.156134
-0.147935
-0.113463
0.074999
0.225141
0.250144
0.253521
0.249077
0.246837
0.255958
0.251438
0.260083
0.221230
-0.008718
-0.123831
-0.183946
-0.193237
-0.201171
-0.192122
-0.170848
-0.170833
-0.161011
-0.164783
-0.156146
-0.164102
-0.177624
-0.172923
-0.139795
0.060690
0.189982
0.222504
0.237060
0.228141
0.238605
0.234932
0.229005
0.239323
0.246124
0.135739
-0.086196
-0.166432
-0.201700
-0.199131
-0.187649
-0.192539
-0.186686
-0.174856
-0.170399
-0.164179
-0.152777
-0.154046
-0.150550
-0.169455
-0.152203
-0.097792
0.122798
0.214903
0.243309
0.251013
0.250830
0.249346
0.257223
0.257434
0.265363
0.232559
0.005123
-0.112297
-0.177370
-0.171974
-0.145966
-0.145907
-0.128301
-0.118579
-0.104436
-0.102152
-0.106611
-0.106448
-0.105425
-0.098331
-0.085679
-0.003943
0.210588
0.273136
0.290150
0.278255
0.276356
0.284461
0.280739
0.291532
0.286863
0.290866
0.076839
-0.078284
-0.157397
-0.183645
-0.167169
-0.157646
-0.145987
-0.146901
-0.158561
-0.165865
-0.153448
-0.177235
-0.229464
-0.262965
-0.251052
-0.125350
0.142202
0.227615
0.257269
0.262567
0.265923
0.268322
0.280818
0.291216
0.296464
0.303243
0.157463
-0.074212
-0.174094
-0.227759
-0.226871
-0.198094
-0.162655
-0.160645
-0.171506
-0.165128
-0.175264
-0.196594
-0.211857
-0.204659
-0.176139
-0.054866
0.177986
0.241988
0.257881
0.261460
0.266348
0.269939
0.269152
0.285121
0.282365
0.226944
-0.029118
-0.150434
-0.205623
-0.214830
-0.208217
-0.201131
-0.205173
-0.191571
-0.189767
-0.206048
-0.200942
-0.205313
-0.218582
-0.216529
-0.203237
-0.096759
0.129021
0.190300
0.204510
0.203327
0.211847
0.221161
0.221625
0.228647
0.240345
0.158467
-0.094467
-0.194475
-0.233767
-0.244131
-0.243619
-0.222490
-0.220088
-0.219890
-0.200588
-0.190584
-0.180757
-0.192347
-0.195213
-0.196456
-0.156438
-0.017657
0.170742
0.223342
0.234005
0.242742
0.241729
0.247748
0.249388
0.262112
0.279107
0.263424
0.019254
-0.105987
-0.158676
-0.171159
-0.165732
-0.145595
-0.127829
-0.121470
-0.116032
-0.109371
-0.104839
-0.120445
-0.142179
-0.129322
-0.110642
-0.059228
0.174989
0.282802
0.319345
0.330682
0.334851
0.336855
0.339746
0.338374
0.350382
0.199404
-0.026425
-0.132468
-0.204461
-0.236848
-0.239178
-0.234053
-0.224375
-0.212546
-0.209095
-0.221291
-0.213505
-0.215154
-0.215374
-0.190125
-0.135138
0.080796
0.228206
0.267148
0.265715
0.274355
0.276789
0.278002
0.286146
0.278528
0.288671
0.109050
-0.095598
-0.189579
-0.236835
-0.249933
-0.241964
-0.232259
-0.218789
-0.206089
-0.198906
-0.217063
-0.208939
-0.204406
-0.204813
-0.173916
-0.065093
0.180180
0.260188
0.271477
0.275869
0.279996
0.288173
0.294903
0.292133
0.300379
0.244428
0.004123
-0.115334
-0.174774
-0.191549
-0.202523
-0.201968
-0.197704
-0.201325
-0.194845
-0.175941
-0.147450
-0.120313
-0.125683
-0.134693
-0.055477
0.184255
0.255714
0.265018
0.271373
0.272697
0.276790
0.280498
0.285201
0.293869
0.292863
0.035326
-0.127120
-0.206556
-0.232915
-0.235271
-0.216820
-0.189455
-0.177326
-0.157579
-0.157879
-0.156137
-0.158874
-0.168192
-0.181394
-0.170767
-0.116860
0.127463
0.228010
0.247099
0.248782
0.254320
0.257535
0.256400
0.270694
0.278133
0.246272
-0.000694
-0.144542
-0.210433
-0.209971
-0.197344
-0.193458
-0.188668
-0.179944
-0.175874
-0.173278
-0.167425
-0.163903
-0.179816
-0.187449
-0.162664
0.014585
0.203958
0.250260
0.265247
0.261566
0.273646
0.278902
0.291013
0.305888
0.308421
0.278381
0.032694
-0.113676
-0.170528
-0.196708
-0.199855
-0.180003
-0.183802
-0.171922
-0.162449
-0.161501
-0.165027
-0.167673
-0.172343
-0.179926
-0.153113
-0.093475
0.145036
0.251126
0.274425
0.275085
0.285448
0.282024
0.283410
0.282393
0.302836
0.301575
0.097660
-0.080845
-0.166795
-0.182763
-0.165443
-0.165535
-0.164320
-0.155525
-0.148058
-0.144600
-0.147852
-0.145958
-0.150691
-0.165144
-0.178405
-0.150973
0.017715
0.182611
0.223692
0.225887
0.237401
0.239222
0.241227
0.242943
0.261244
0.254137
0.115712
-0.082689
-0.172513
-0.216767
-0.235852
-0.229881
-0.228466
-0.217193
-0.218252
-0.214669
-0.218042
-0.210821
-0.223899
-0.236734
-0.232775
-0.201692
-0.049584
0.138164
0.188495
0.206488
0.222230
0.235473
0.255012
0.257234
0.274220
0.283415
0.100118
-0.089933
-0.157051
-0.216850
-0.238961
-0.240951
-0.233392
-0.228979
-0.224095
-0.212301
-0.193272
-0.181976
-0.182236
-0.184858
-0.172084
-0.119698
0.112222
0.247658
0.276332
0.293667
0.298132
0.293733
0.306299
0.314789
0.338310
0.340715
0.271964
0.022550
-0.089924
-0.136492
-0.154768
-0.141176
-0.134868
-0.127488
-0.122885
-0.123223
-0.121226
-0.110491
-0.120377
-0.130972
-0.141738
-0.126394
-0.033766
0.188867
0.266084
0.278620
0.278721
0.279270
0.290428
0.291458
0.289433
0.297431
0.246663
-0.007004
-0.128538
-0.191461
-0.213841
-0.207905
-0.191015
-0.186303
-0.182528
-0.171076
-0.167668
-0.163075
-0.172250
-0.185367
-0.191826
-0.171530
-0.102866
0.122955
0.204087
0.223377
0.229992
0.232354
0.225197
0.218727
0.227488
0.235111
0.241796
0.110419
-0.098314
-0.191466
-0.234895
-0.232893
-0.225245
-0.220811
-0.192547
-0.185152
-0.171714
-0.170982
-0.163921
-0.156933
-0.155060
-0.146594
-0.070617
0.143304
0.221081
0.237415
0.242348
0.245129
0.234049
0.240217
0.248532
0.263648
0.270565
0.209265
-0.004371
-0.107366
-0.161068
-0.177713
-0.170340
-0.156847
-0.155505
-0.155000
-0.152842
-0.149700
-0.141397
-0.146307
-0.172257
-0.183790
-0.167152
-0.056862
0.159296
0.222916
0.237603
0.243348
0.251408
0.247594
0.250661
0.245823
0.250583
0.265435
0.086803
-0.080486
-0.142500
-0.165523
-0.178880
-0.181651
-0.148781
-0.115945
-0.115008
-0.152741
-0.196828
-0.231124
-0.237937
-0.225491
-0.152649
0.099791
0.208211
0.231674
0.242212
0.255278
0.258785
0.257150
0.261781
0.269334
0.279964
0.248804
-0.021162
-0.138808
-0.173109
-0.184724
-0.177189
-0.170681
-0.175126
-0.170110
-0.170808
-0.173210
-0.188282
-0.186280
-0.195244
-0.200696
-0.182988
-0.111730
0.133092
0.222628
0.245818
0.257292
0.263669
0.266252
0.280870
0.285194
0.283419
0.278829
0.050264
-0.102375
-0.175938
-0.191980
-0.206051
-0.191401
-0.183393
-0.180415
-0.180185
-0.174497
-0.172031
-0.177675
-0.170386
-0.177753
-0.173838
-0.136993
0.064827
0.219103
0.257735
0.261198
0.259567
0.253960
0.256266
0.257938
0.251785
0.242277
0.000170
-0.138819
-0.203516
-0.222887
-0.218315
-0.205295
-0.207349
-0.226378
-0.226104
-0.223026
-0.210287
-0.212020
-0.214781
-0.221374
-0.211189
-0.169908
0.079344
0.192112
0.207317
0.217874
0.218771
0.217227
0.229558
0.235255
0.249275
0.251372
0.247180
0.013630
-0.138237
-0.203278
-0.226648
-0.215039
-0.206072
-0.195351
-0.179678
-0.179129
-0.161830
-0.160560
-0.163215
-0.172800
-0.158552
-0.109326
0.051518
0.254156
0.295722
0.303954
0.305743
0.307206
0.321006
0.323689
0.320171
0.330936
0.330567
0.273073
0.006222
-0.108442
-0.174763
-0.208978
-0.207113
-0.197257
-0.190312
-0.189239
-0.170595
-0.153843
-0.150997
-0.157177
-0.167698
-0.182882
-0.163279
-0.065870
0.164191
0.248070
0.263328
0.268640
0.271004
0.271614
0.275517
0.286569
0.294496
0.175284
-0.051252
-0.152795
-0.213551
-0.220665
-0.206984
-0.202600
-0.198893
-0.189831
-0.192240
-0.196071
-0.196029
-0.195839
-0.197329
-0.200181
-0.158108
0.060008
0.185897
0.220166
0.228048
0.231302
0.234758
0.240456
0.247278
0.260147
0.260623
0.179345
-0.043698
-0.150897
-0.209830
-0.227768
-0.228283
-0.220117
-0.208855
-0.182274
-0.181516
-0.186594
-0.178902
-0.176508
-0.177481
-0.178548
-0.163110
-0.036336
0.184216
0.255337
0.269637
0.276385
0.271728
0.277691
0.276778
0.273458
0.282864
0.202054
-0.021535
-0.122165
-0.160521
-0.172842
-0.184232
-0.186622
-0.190763
-0.190544
-0.192417
-0.177756
-0.168593
-0.178384
-0.190579
-0.185579
-0.084443
0.153409
0.225638
0.251251
0.249250
0.255275
0.265979
0.267254
0.274184
0.280319
0.283259
0.229445
-0.002264
-0.123626
-0.187787
-0.212131
-0.203758
-0.189479
-0.194684
-0.191640
-0.188855
-0.201724
-0.195826
-0.201672
-0.201215
-0.197536
-0.163020
-0.057787
0.219630
0.293218
0.292118
0.287098
0.276466
0.273875
0.275679
0.277794
0.285319
0.192551
-0.053196
-0.181074
-0.240993
-0.271603
-0.273382
-0.252375
-0.242965
-0.231060
-0.228417
-0.223088
-0.201912
-0.204501
-0.205730
-0.195634
-0.089512
0.176643
0.257197
0.274691
0.283513
0.286779
0.294331
0.296682
0.303336
0.311770
0.308460
0.113611
-0.064515
-0.138667
-0.178075
-0.202927
-0.196246
-0.188837
-0.186515
-0.177644
-0.168444
-0.157458
-0.152728
-0.136268
-0.119655
-0.087365
-0.039426
0.196797
0.268812
0.291033
0.298899
0.298986
0.304963
0.313014
0.325223
0.323050
0.269413
-0.020685
-0.129106
-0.179790
-0.200219
-0.209836
-0.208457
-0.193171
-0.165529
-0.158484
-0.155135
-0.159291
-0.151161
-0.176892
-0.195114
-0.172688
-0.040436
0.182449
0.243648
0.254783
0.260427
0.256447
0.256425
0.256873
0.256934
0.273058
0.173694
-0.069776
-0.168976
-0.225951
-0.226388
-0.227790
-0.208339
-0.192855
-0.175059
-0.181417
-0.198983
-0.196281
-0.189961
-0.192740
-0.213918
-0.192375
-0.101470
0.124731
0.192004
0.206165
0.204456
0.211816
0.215451
0.216504
0.229854
0.232607
0.223289
-0.025612
-0.163212
-0.223514
-0.244004
-0.234568
-0.238146
-0.237699
-0.220965
-0.219895
-0.217323
-0.210958
-0.205722
-0.203322
-0.210737
-0.189051
-0.046180
0.160755
0.218978
0.228926
0.246953
0.256730
0.260844
0.276589
0.280346
0.283053
0.293373
0.058049
-0.100209
-0.171270
-0.190323
-0.192039
-0.194914
-0.191670
-0.179910
-0.163402
-0.168219
-0.161480
-0.140570
-0.137405
-0.128216
-0.113563
-0.048128
0.193216
0.266332
0.283876
0.286952
0.285478
0.284931
0.291112
0.297959
0.296021
0.313222
0.240960
-0.021223
-0.131990
-0.198425
-0.206406
-0.214200
-0.229840
-0.209176
-0.194755
-0.177072
-0.166495
-0.173010
-0.190688
-0.211408
-0.218985
-0.196407
-0.021909
0.180708
0.226144
0.240751
0.259606
0.254428
0.254828
0.265331
0.268147
0.272711
0.199265
-0.036102
-0.148666
-0.202588
-0.208955
-0.197321
-0.180854
-0.186413
-0.172171
-0.169005
-0.169107
-0.163063
-0.164038
-0.173354
-0.183367
-0.162515
-0.086147
0.142323
0.234023
0.254058
0.257016
0.253217
0.251275
0.263864
0.266016
0.270681
0.206766
-0.036928
-0.146126
-0.182255
-0.188646
-0.173240
-0.176522
-0.179566
-0.168940
-0.153161
-0.152370
-0.154251
-0.142552
-0.151635
-0.152831
-0.120961
0.099305
0.223244
0.245408
0.239053
0.256447
0.258998
0.256331
0.261337
0.273696
0.280042
0.200988
-0.043406
-0.128830
-0.166174
-0.182858
-0.180604
-0.171947
-0.162321
-0.152790
-0.147261
-0.153708
-0.166681
-0.160806
-0.158305
-0.159052
-0.140763
-0.036570
0.179807
0.244912
0.258863
0.259116
0.254418
0.245647
0.252330
0.258051
0.266926
0.268547
0.167742
-0.066725
-0.154641
-0.195948
-0.195359
-0.186092
-0.170247
-0.161474
-0.158614
-0.145312
-0.148225
-0.155341
-0.155808
-0.156574
-0.148747
-0.037448
0.212510
0.284713
0.277561
0.272161
0.279454
0.276830
0.281603
0.285610
0.291452
0.301405
0.223802
-0.052266
-0.162780
-0.226218
-0.243809
-0.244495
-0.216606
-0.209647
-0.197128
-0.183347
-0.178798
-0.181349
-0.188445
-0.191106
-0.203684
-0.192624
-0.107507
0.126305
0.209631
0.242682
0.253742
0.247999
0.248820
0.256236
0.272929
0.279076
0.265950
0.013426
-0.119628
-0.177396
-0.175504
-0.152167
-0.150614
-0.139181
-0.134969
-0.131495
-0.130346
-0.132716
-0.128129
-0.146460
-0.157675
-0.148770
-0.104918
0.120389
0.228797
0.244715
0.256737
0.252452
0.257762
0.256275
0.264995
0.277421
0.293842
0.166248
-0.051783
-0.122973
-0.157828
-0.178796
-0.161553
-0.159460
-0.141946
-0.129357
-0.125586
-0.123085
-0.139073
-0.149449
-0.162300
-0.167839
-0.132996
0.107057
0.229066
0.257547
0.267599
0.264815
0.264587
0.258687
0.262467
0.259908
0.265761
0.273007
0.058842
-0.106208
-0.190637
-0.223393
-0.225520
-0.236743
-0.267265
-0.291205
-0.286205
-0.292401
-0.295776
-0.294833
-0.304894
-0.306323
-0.268296
-0.077692
0.138052
0.190043
0.218955
0.238850
0.241968
0.267666
0.284779
0.303135
0.317242
0.264326
0.016559
-0.104494
-0.150164
-0.167510
-0.151599
-0.136327
-0.115420
-0.109095
-0.101767
-0.101776
-0.108894
-0.110880
-0.122884
-0.131037
-0.119580
-0.036995
0.196278
0.272563
0.284808
0.292072
0.298230
0.307187
0.310542
0.320007
0.320994
0.330414
0.240305
-0.001335
-0.103169
-0.145725
-0.160706
-0.194207
-0.211233
-0.235337
-0.238859
-0.225608
-0.232706
-0.251699
-0.254196
-0.266641
-0.280514
-0.280152
-0.175292
0.085542
0.174366
0.203973
0.199418
0.202103
0.198924
0.207591
0.229941
0.226873
0.223781
0.076496
-0.133466
-0.216610
-0.251755
-0.253697
-0.234554
-0.223505
-0.217735
-0.217298
-0.201285
-0.189011
-0.180740
-0.187452
-0.187137
-0.190992
-0.164776
-0.035110
0.169519
0.229617
0.239084
0.242428
0.254933
0.260781
0.255114
0.259914
0.264106
0.267447
0.084190
-0.089827
-0.162377
-0.189727
-0.191503
-0.184951
-0.185095
-0.178598
-0.156480
-0.153259
-0.149020
-0.143937
-0.134929
-0.135205
-0.116187
-0.052741
0.171144
0.263439
0.283774
0.284212
0.283366
0.279949
0.281099
0.283701
0.284079
0.247553
0.018369
-0.113992
-0.173046
-0.190043
-0.178216
-0.161018
-0.154833
-0.152909
-0.154566
-0.149990
-0.136401
-0.148359
-0.154785
-0.172224
-0.166985
-0.045059
0.164560
0.211999
0.225924
0.211456
0.212915
0.213285
0.220033
0.221579
0.231814
0.230983
0.104796
-0.119667
-0.202707
-0.229004
-0.231139
-0.214290
-0.194354
-0.182669
-0.171555
-0.166431
-0.171935
-0.177562
-0.182971
-0.191741
-0.195621
-0.153878
0.060041
0.184933
0.207804
0.212135
0.206066
0.210067
0.211818
0.223139
0.227562
0.231757
0.241391
0.075321
-0.101875
-0.190960
-0.221254
-0.219728
-0.211881
-0.193590
-0.189645
-0.180940
-0.165618
-0.155756
-0.143115
-0.146110
-0.158893
-0.175021
-0.158233
-0.004904
0.179647
0.217067
0.231097
0.237466
0.235122
0.234990
0.235084
0.240159
0.232876
0.222229
-0.010228
-0.141424
-0.197088
-0.215890
-0.205303
-0.190615
-0.178350
-0.164518
-0.167019
-0.166565
-0.168479
-0.164391
-0.177622
-0.191275
-0.183590
-0.106690
0.124617
0.201635
0.215035
0.220888
0.211427
0.212151
0.214109
0.219416
0.208806
0.223660
0.066001
-0.102589
-0.172559
-0.202937
-0.202805
-0.183873
-0.183408
-0.170590
-0.150977
-0.137257
-0.127252
-0.129030
-0.135150
-0.146813
-0.147154
-0.088680
0.127605
0.266991
0.280555
0.275344
0.278014
0.278390
0.282662
0.299937
0.301928
0.307294
0.320190
0.195084
-0.038547
-0.130075
-0.176487
-0.192166
-0.206049
-0.196767
-0.187095
-0.172388
-0.161976
-0.154572
-0.156200
-0.171245
-0.180444
-0.195275
-0.182997
-0.068598
0.157342
0.230175
0.249122
0.258031
0.255430
0.267251
0.274716
0.275139
0.285777
0.276080
0.027865
-0.124630
-0.201302
-0.227338
-0.222759
-0.218155
-0.203043
-0.188005
-0.184285
-0.181562
-0.166051
-0.164550
-0.163862
-0.173453
-0.160460
-0.089393
0.139217
0.220229
0.241530
0.249853
0.254960
0.268816
0.267216
0.260761
0.265504
0.267517
0.249987
-0.009827
-0.142606
-0.180611
-0.204593
-0.207902
-0.185642
-0.181759
-0.174991
-0.173131
-0.161807
-0.162046
-0.157304
-0.151838
-0.162650
-0.160264
-0.133387
0.027598
0.189444
0.232230
0.234782
0.236044
0.238112
0.240071
0.239551
0.249061
0.255047
0.126612
-0.076664
-0.156805
-0.199585
-0.203799
-0.197263
-0.179909
-0.166139
-0.154301
-0.162035
-0.170546
-0.172094
-0.168229
-0.169061
-0.176433
-0.159494
-0.009886
0.183166
0.234324
0.235271
0.245286
0.246445
0.254509
0.252026
0.253050
0.261849
0.233131
0.002335
-0.122742
-0.178304
-0.185478
-0.182295
-0.173598
-0.163885
-0.163918
-0.145445
-0.156017
-0.168726
-0.176978
-0.176226
-0.180944
-0.167677
-0.103490
0.123564
0.219915
0.232716
0.235074
0.240438
0.249978
0.247669
0.249751
0.244775
0.244664
0.140482
-0.077247
-0.167556
-0.201972
-0.202249
-0.185380
-0.160924
-0.139683
-0.128268
-0.120011
-0.128304
-0.132239
-0.142397
-0.135995
-0.132624
0.037827
0.204152
0.232709
0.235696
0.234468
0.239649
0.244653
0.245777
0.253354
0.252861
0.248508
0.117611
-0.087098
-0.182050
-0.227535
-0.222588
-0.217549
-0.192912
-0.181453
-0.169234
-0.162731
-0.139475
-0.112490
-0.113497
-0.128253
-0.151205
-0.143234
-0.077192
0.148790
0.227382
0.232744
0.233218
0.237990
0.241481
0.250719
0.264797
0.266144
0.251794
0.027952
-0.112360
-0.173023
-0.193700
-0.180758
-0.167403
-0.162222
-0.157601
-0.155671
-0.152741
-0.137966
-0.136842
-0.149008
-0.161199
-0.148601
-0.044802
0.155295
0.217807
0.225208
0.231444
0.222810
0.213132
0.214272
0.223227
0.233564
0.239230
0.044608
-0.112624
-0.180964
-0.209869
-0.205529
-0.185359
-0.176916
-0.160715
-0.160848
-0.154720
-0.153017
-0.150884
-0.141607
-0.149115
-0.145992
-0.109361
0.060348
0.260883
0.297366
0.298415
0.284572
0.266589
0.260016
0.263896
0.263665
0.267332
0.233621
-0.021582
-0.139958
-0.176301
-0.204331
-0.229704
-0.225656
-0.222876
-0.217097
-0.206855
-0.199867
-0.190747
-0.191964
-0.194428
-0.202063
-0.180716
-0.100654
0.136264
0.210316
0.238421
0.251503
0.260965
0.255769
0.256477
0.261887
0.253541
0.213262
-0.023908
-0.143370
-0.193369
-0.207670
-0.196457
-0.189484
-0.160757
-0.156224
-0.151557
-0.143234
-0.150659
-0.160586
-0.170899
-0.176440
-0.143059
0.019920
0.200219
0.243687
0.264626
0.281174
0.284609
0.289744
0.300671
0.301877
0.304221
0.316167
0.118672
-0.059630
-0.134733
-0.159778
-0.162856
-0.148980
-0.130299
-0.116669
-0.107111
-0.119212
-0.130428
-0.142322
-0.153658
-0.159293
-0.163639
-0.123568
0.039648
0.204643
0.244069
0.246192
0.251225
0.254793
0.258757
0.254899
0.258346
0.262185
0.171817
-0.048091
-0.152215
-0.192256
-0.196202
-0.195540
-0.183513
-0.171714
-0.161856
-0.147639
-0.157281
-0.161538
-0.163788
-0.174829
-0.156317
-0.056740
0.166993
0.214893
0.218266
0.223391
0.215683
0.210187
0.215222
0.221174
0.215628
0.223798
0.231162
0.012142
-0.134432
-0.189693
-0.214602
-0.197169
-0.167941
-0.150276
-0.148674
-0.187834
-0.211607
-0.211783
-0.225307
-0.233611
-0.217105
-0.129589
0.118481
0.211622
0.236293
0.246770
0.248574
0.256891
0.268267
0.277035
0.286309
0.289861
0.225968
-0.017035
-0.123113
-0.180088
-0.194482
-0.184504
-0.180966
-0.171328
-0.172986
-0.167801
-0.161885
-0.163911
-0.166473
-0.180403
-0.192032
-0.176924
-0.056831
0.160638
0.211874
0.226608
0.231981
0.236211
0.234410
0.240551
0.245752
0.247994
0.258152
0.091307
-0.099205
-0.182872
-0.214420
-0.207036
-0.203238
-0.200956
-0.192861
-0.188705
-0.188417
-0.173417
-0.172559
-0.191394
-0.196941
-0.203140
-0.195923
-0.106326
0.127215
0.217875
0.221216
0.231900
0.227742
0.230291
0.233481
0.233959
0.235095
0.238454
0.029791
-0.130565
-0.202724
-0.227643
-0.214869
-0.205536
-0.209827
-0.206141
-0.194441
-0.193951
-0.184522
-0.171228
-0.173154
-0.184989
-0.187769
-0.153339
0.072171
0.205862
0.238316
0.248101
0.265339
0.269040
0.273768
0.273854
0.267594
0.281697
0.234619
-0.000122
-0.123769
-0.161281
-0.178647
-0.170427
-0.160498
-0.157816
-0.144095
-0.143942
-0.140478
-0.153782
-0.157935
-0.164738
-0.168302
-0.167200
-0.111429
0.134551
0.241747
0.266471
0.267074
0.269688
0.276904
0.279451
0.288011
0.289048
0.259749
0.024370
-0.108637
-0.176830
-0.193392
-0.184764
-0.170708
-0.158709
-0.145616
-0.155706
-0.159959
-0.160305
-0.156690
-0.154651
-0.172542
-0.179192
-0.127558
0.109973
0.201018
0.219687
0.229303
0.243038
0.246253
0.255753
0.252634
0.253950
0.260672
0.077758
-0.109595
-0.186666
-0.209137
-0.208126
-0.198111
-0.183462
-0.175390
-0.183474
-0.171045
-0.165030
-0.160027
-0.175051
-0.183859
-0.176864
-0.137625
0.087041
0.196089
0.216822
0.224023
0.216084
0.229162
0.223336
0.236165
0.249435
0.241953
0.235690
0.014086
-0.123087
-0.199530
-0.214248
-0.183059
-0.149720
-0.144141
-0.174197
-0.192682
-0.202095
-0.211967
-0.204053
-0.209744
-0.199806
-0.153590
0.103793
0.219725
0.244897
0.253840
0.261658
0.265329
0.271889
0.286436
0.288494
0.300587
0.129678
-0.081219
-0.159284
-0.202087
-0.213851
-0.201982
-0.191510
-0.175286
-0.169012
-0.161248
-0.157484
-0.166382
-0.170494
-0.180287
-0.173573
-0.128708
0.068885
0.242821
0.273770
0.288673
0.287161
0.294513
0.289445
0.286964
0.295758
0.301228
0.301624
0.048596
-0.094420
-0.169032
-0.204184
-0.209075
-0.209727
-0.197788
-0.202950
-0.187170
-0.184923
-0.175699
-0.182558
-0.188893
-0.191334
-0.166691
0.036175
0.204987
0.246574
0.247643
0.250423
0.251163
0.252724
0.264338
0.272572
0.274851
0.277799
0.056243
-0.092811
-0.166332
-0.196875
-0.178170
-0.169492
-0.158155
-0.146749
-0.154826
-0.144995
-0.148037
-0.152650
-0.148130
-0.170032
-0.171604
-0.155973
0.008248
0.167344
0.212859
0.220051
0.230453
0.238928
0.244636
0.249763
0.253917
0.262029
0.160290
-0.063311
-0.150632
-0.189918
-0.190407
-0.188771
-0.162399
-0.155919
-0.144557
-0.148076
-0.145654
-0.150432
-0.157069
-0.163279
-0.168270
-0.137935
0.056584
0.207999
0.234326
0.236940
0.228515
0.227154
0.232625
0.241359
0.238534
0.245377
0.195338
-0.040727
-0.155100
-0.202666
-0.207713
-0.204638
-0.208612
-0.187915
-0.170565
-0.175855
-0.170099
-0.161976
-0.153352
-0.165391
-0.171977
-0.149878
-0.038107
0.171870
0.238116
0.256167
0.253354
0.248491
0.254639
0.248919
0.243565
0.250154
0.250276
0.116693
-0.091400
-0.180706
-0.211340
-0.226302
-0.209348
-0.193338
-0.182720
-0.176557
-0.179058
-0.178298
-0.171870
-0.180231
-0.191708
-0.190371
-0.160745
0.029017
0.171988
0.208157
0.214686
0.217465
0.205637
0.214555
0.221267
0.223745
0.235385
0.231975
0.001088
-0.145072
-0.209484
-0.221810
-0.202108
-0.164044
-0.146416
-0.137017
-0.132016
-0.132508
-0.132567
-0.144865
-0.142641
-0.154116
-0.152670
-0.141759
0.027200
0.197072
0.227863
0.226209
0.221479
0.221340
0.226631
0.236612
0.243531
0.240069
0.252895
0.071347
-0.090749
-0.166547
-0.192150
-0.198909
-0.197803
-0.179231
-0.164862
-0.154121
-0.144037
-0.144559
-0.143222
-0.147989
-0.165416
-0.161926
-0.142384
-0.011993
0.174965
0.234436
0.228596
0.227623
0.227970
0.264468
0.282821
0.291170
0.306248
0.330517
0.158830
0.008868
-0.060901
-0.115275
-0.173295
-0.229129
-0.265560
-0.282843
-0.275431
-0.269545
-0.264368
-0.275150
-0.247784
-0.103122
0.128875
0.193784
0.208369
0.223443
0.240231
0.250502
0.248392
0.256975
0.278696
0.280823
0.256710
0.036682
-0.095621
-0.173742
-0.206853
-0.165709
-0.136167
-0.140742
-0.173753
-0.198908
-0.213687
-0.230689
-0.252538
-0.241339
-0.214066
0.001942
0.167790
0.214694
0.228873
0.250422
0.248085
0.257425
0.256102
0.254326
0.267920
0.276085
0.120799
-0.086786
-0.139927
-0.163053
-0.167822
-0.153931
-0.150151
-0.137291
-0.124368
-0.131637
-0.146268
-0.142156
-0.139498
-0.145946
-0.146017
-0.116804
0.020966
0.211681
0.249102
0.256181
0.256042
0.259975
0.261911
0.249902
0.252366
0.256255
0.239773
0.016991
-0.124762
-0.183677
-0.205567
-0.193210
-0.166701
-0.161165
-0.147260
-0.139851
-0.130728
-0.125317
-0.138855
-0.143214
-0.154487
-0.159161
-0.118921
0.010795
0.176891
0.217139
0.221978
0.226498
0.237464
0.234415
0.235530
0.246472
0.249963
0.168832
-0.050728
-0.147290
-0.202189
-0.209207
-0.208296
-0.196106
-0.176528
-0.157072
-0.152288
-0.143674
-0.142359
-0.155075
-0.167218
-0.178032
-0.159557
-0.076589
0.149742
0.217369
0.238507
0.234717
0.241252
0.241604
0.244565
0.245113
0.250603
0.182993
-0.048089
-0.150002
-0.185840
-0.192720
-0.177670
-0.176218
-0.166088
-0.143508
-0.138368
-0.139324
-0.143955
-0.142170
-0.148881
-0.163596
-0.133543
0.036718
0.202657
0.244556
0.249931
0.246242
0.243006
0.239504
0.236928
0.230180
0.233423
0.247863
0.055744
-0.112135
-0.189415
-0.217525
-0.218071
-0.183114
-0.170135
-0.167747
-0.159518
-0.155545
-0.164698
-0.174456
-0.185041
-0.188858
-0.195917
-0.187462
-0.099432
0.129956
0.206932
0.224775
0.229359
0.238412
0.247264
0.252396
0.259166
0.264521
0.208332
-0.038237
-0.154234
-0.217534
-0.232905
-0.226602
-0.223099
-0.209989
-0.193382
-0.171655
-0.162970
-0.168908
-0.179607
-0.192977
-0.206027
-0.189556
-0.090053
0.139962
0.211185
0.231325
0.247419
0.249090
0.253903
0.262341
0.259196
0.263427
0.278055
0.120190
-0.074368
-0.158658
-0.202552
-0.211739
-0.197326
-0.194426
-0.181714
-0.180017
-0.177324
-0.179503
-0.178470
-0.179915
-0.184044
-0.163222
-0.119469
-0.007869
0.228834
0.285123
0.289816
0.291338
0.291726
0.293396
0.297670
0.303161
0.325937
0.308200
0.055036
-0.066647
-0.137850
-0.183146
-0.197807
-0.200386
-0.195060
-0.177648
-0.173508
-0.160954
-0.160360
-0.154205
-0.157149
-0.167127
-0.168288
-0.148450
-0.021230
0.188212
0.245047
0.261398
0.268753
0.279911
0.275947
0.274769
0.277842
0.289062
0.222013
-0.015681
-0.125696
-0.185248
-0.200779
-0.206700
-0.205646
-0.201209
-0.198645
-0.190888
-0.180516
-0.172005
-0.177266
-0.197489
-0.208906
-0.200692
-0.117404
0.119872
0.197402
0.224449
0.225926
0.232476
0.236512
0.233055
0.245040
0.239871
0.248095
0.146567
-0.079000
-0.174715
-0.222604
-0.226987
-0.220531
-0.213255
-0.200701
-0.185394
-0.174328
-0.174884
-0.156768
-0.162288
-0.168118
-0.177267
-0.156183
-0.001649
0.201503
0.256144
0.260278
0.268451
0.279608
0.286143
0.284595
0.282929
0.277733
0.262617
0.008473
-0.113276
-0.161459
-0.159951
-0.157913
-0.140193
-0.129394
-0.130276
-0.135059
-0.125286
-0.126661
-0.123074
-0.124568
-0.137875
-0.136542
-0.101661
0.106147
0.241016
0.267691
0.272539
0.273520
0.268949
0.277529
0.269322
0.269331
0.276322
0.179333
-0.053018
-0.143483
-0.185140
-0.191358
-0.185535
-0.175312
-0.168664
-0.150286
-0.154844
-0.165550
-0.166846
-0.161647
-0.170315
-0.158642
-0.097355
0.136216
0.212652
0.232677
0.236573
0.232436
0.236214
0.239917
0.253033
0.256756
0.264501
0.071716
-0.098957
-0.179390
-0.206268
-0.200669
-0.188701
-0.168101
-0.146302
-0.153859
-0.142762
-0.143253
-0.141847
-0.133076
-0.141515
-0.134141
-0.114311
0.071975
0.221002
0.242061
0.243142
0.244521
0.241275
0.241988
0.243928
0.247109
0.239545
0.009810
-0.128723
-0.184459
-0.208060
-0.194366
-0.175458
-0.163143
-0.157866
-0.143449
-0.137319
-0.141119
-0.153449
-0.156437
-0.167228
-0.163090
-0.033817
0.168784
0.212539
0.224651
0.223362
0.216927
0.220940
0.221618
0.224968
0.222962
0.223235
0.229986
0.012603
-0.132691
-0.200977
-0.225882
-0.215904
-0.200526
-0.186061
-0.176050
-0.175122
-0.166026
-0.169003
-0.169535
-0.181380
-0.185682
-0.182165
-0.147592
0.074967
0.191246
0.222214
0.224329
0.236111
0.235481
0.243627
0.246152
0.250350
0.232649
0.017378
-0.125635
-0.197422
-0.210072
-0.194706
-0.184934
-0.180566
-0.175289
-0.167767
-0.164130
-0.152713
-0.139678
-0.137953
-0.145095
-0.130110
-0.087808
0.103781
0.241440
0.269918
0.273991
0.267783
0.272155
0.290000
0.327546
0.337150
0.314958
0.060466
-0.074673
-0.150009
-0.192816
-0.195614
-0.192863
-0.185730
-0.172351
-0.184800
-0.187646
-0.167031
-0.158182
-0.165664
-0.177037
-0.171246
-0.139823
0.072069
0.224604
0.260505
0.267222
0.269064
0.261926
0.259473
0.264341
0.273442
0.280058
0.071332
-0.113843
-0.201259
-0.243484
-0.244162
-0.232649
-0.224345
-0.220624
-0.205590
-0.211813
-0.210971
-0.208134
-0.208345
-0.222239
-0.220709
-0.170658
0.059699
0.199928
0.228096
0.239379
0.239636
0.239192
0.238419
0.243803
0.240189
0.241634
0.166755
-0.071016
-0.176767
-0.225752
-0.234252
-0.223124
-0.211061
-0.191246
-0.164821
-0.158111
-0.163386
-0.158879
-0.155087
-0.155118
-0.150601
-0.145210
-0.106366
0.092259
0.215555
0.250431
0.262090
0.263418
0.261762
0.270984
0.272634
0.280638
0.289210
0.084271
-0.078718
-0.146174
-0.163707
-0.151173
-0.139957
-0.129310
-0.111004
-0.109621
-0.113576
-0.115722
-0.115200
-0.112599
-0.114866
-0.118314
-0.041652
0.176002
0.258358
0.268515
0.266571
0.272608
0.269069
0.277335
0.287880
0.284281
0.289770
0.274718
0.052672
-0.084706
-0.152869
-0.179105
-0.182001
-0.174969
-0.168663
-0.159370
-0.148753
-0.145942
-0.141444
-0.149163
-0.155836
-0.164378
-0.152116
-0.106858
0.114178
0.223934
0.251341
0.262446
0.255758
0.248089
0.243445
0.253725
0.247523
0.251962
0.182379
-0.048011
-0.156549
-0.201873
-0.210934
-0.211941
-0.195879
-0.179662
-0.168202
-0.155193
-0.157305
-0.168528
-0.172663
-0.182401
-0.170997
-0.146676
0.054946
0.201512
0.226857
0.231178
0.239346
0.234365
0.247245
0.249772
0.258011
0.262523
0.241615
0.009732
-0.123447
-0.177949
-0.195461
-0.185917
-0.174181
-0.164614
-0.156357
-0.144081
-0.147813
-0.148113
-0.158219
-0.172127
-0.178670
-0.158939
-0.016586
0.180163
0.221408
0.230163
0.233163
0.234121
0.224385
0.223771
0.231886
0.231365
0.234585
0.103131
-0.105646
-0.201579
-0.241060
-0.248178
-0.238485
-0.221034
-0.197104
-0.194738
-0.194439
-0.193191
-0.179233
-0.200572
-0.196463
-0.176324
-0.136073
0.079296
0.195508
0.218402
0.228821
0.212402
0.221981
0.219069
0.223196
0.223739
0.225626
0.166487
-0.068187
-0.173747
-0.214180
-0.208105
-0.218882
-0.246293
-0.264582
-0.273076
-0.283009
-0.268072
-0.266973
-0.266207
-0.232355
-0.038194
0.165681
0.214886
0.220594
0.230701
0.240325
0.260267
0.275713
0.288143
0.301638
0.308470
0.164822
-0.054789
-0.136263
-0.179360
-0.190463
-0.177216
-0.169140
-0.164532
-0.148768
-0.147695
-0.156563
-0.162993
-0.159610
-0.178337
-0.168151
-0.103909
0.139352
0.235309
0.253572
0.253377
0.265577
0.262770
0.262880
0.251425
0.262876
0.272837
0.200258
-0.034336
-0.151606
-0.196966
-0.210337
-0.203572
-0.199278
-0.200155
-0.190019
-0.176678
-0.172720
-0.170289
-0.169250
-0.173064
-0.175532
-0.145276
0.035475
0.212590
0.246785
0.259725
0.253723
0.257129
0.260412
0.266239
0.276853
0.270004
0.226739
-0.018335
-0.135551
-0.185668
-0.199966
-0.202389
-0.188202
-0.181167
-0.169457
-0.158610
-0.157368
-0.158666
-0.169042
-0.184040
-0.180394
-0.151484
0.045826
0.204719
0.251879
0.258282
0.262551
0.270642
0.278973
0.278494
0.284217
0.299738
0.309265
0.089714
-0.068807
-0.141178
-0.176136
-0.165160
-0.144360
-0.131581
-0.136409
-0.143594
-0.100958
-0.079545
-0.093998
-0.134829
-0.192624
-0.186976
0.045242
0.221935
0.261189
0.261956
0.262289
0.264080
0.281837
0.291052
0.309291
0.315075
0.313306
0.130267
-0.086922
-0.166896
-0.211663
-0.230378
-0.217328
-0.184580
-0.158452
-0.170373
-0.182433
-0.180726
-0.180063
-0.181667
-0.173838
-0.179529
-0.182271
-0.133929
0.114193
0.220025
0.239153
0.239530
0.240026
0.244815
0.238970
0.236217
0.242216
0.216794
-0.042653
-0.178379
-0.254477
-0.270178
-0.270168
-0.257039
-0.236158
-0.228025
-0.217497
-0.213368
-0.215511
-0.210345
-0.203491
-0.213082
-0.199116
-0.154647
0.099474
0.227050
0.252029
0.244466
0.240892
0.244875
0.247191
0.260359
0.264220
0.271809
0.231188
-0.006239
-0.131782
-0.185140
-0.210594
-0.196092
-0.190819
-0.192844
-0.196156
-0.195916
-0.183730
-0.198057
-0.200924
-0.205596
-0.199348
-0.164414
0.014988
0.196124
0.248519
0.254123
0.247071
0.248985
0.254911
0.262890
0.272613
0.289151
0.068156
-0.079568
-0.157308
-0.187641
-0.195730
-0.186775
-0.178592
-0.164872
-0.159840
-0.142584
-0.142210
-0.161464
-0.176604
-0.197484
-0.187693
-0.099997
0.133433
0.215855
0.242079
0.247192
0.243305
0.244496
0.256216
0.268792
0.284962
0.291329
0.091301
-0.075078
-0.156229
-0.184450
-0.181533
-0.175958
-0.171186
-0.154020
-0.140247
-0.148548
-0.134447
-0.144719
-0.149356
-0.156468
-0.156256
-0.128446
-0.018813
0.190461
0.258481
0.283431
0.292448
0.293400
0.287327
0.280827
0.280396
0.277893
0.233275
-0.001108
-0.123627
-0.193907
-0.204588
-0.193549
-0.179881
-0.158706
-0.153390
-0.153781
-0.157722
-0.159467
-0.168208
-0.171404
-0.173939
-0.163080
-0.099341
0.127707
0.212231
0.239471
0.253399
0.245991
0.239549
0.242602
0.260104
0.268251
0.272869
0.236015
-0.010881
-0.130407
-0.186311
-0.183696
-0.185393
-0.185582
-0.178431
-0.182555
-0.170225
-0.166432
-0.161254
-0.168864
-0.174550
-0.193892
-0.171315
-0.081572
0.132509
0.201183
0.231812
0.245045
0.262591
0.269753
0.286756
0.295772
0.301814
0.254315
0.003788
-0.128331
-0.197203
-0.249518
-0.277222
-0.265957
-0.257619
-0.236136
-0.224291
-0.219287
-0.204971
-0.206895
-0.205690
-0.209948
-0.198241
-0.161665
0.010511
0.201354
0.251964
0.248947
0.260787
0.258875
0.248304
0.253924
0.257755
0.265348
0.035466
-0.137703
-0.211744
-0.229132
-0.234496
-0.230749
-0.221939
-0.222780
-0.209596
-0.201905
-0.200711
-0.204268
-0.207197
-0.195215
-0.136079
0.126674
0.233142
0.255474
0.250672
0.252862
0.259272
0.257263
0.268784
0.272308
0.297341
0.294194
0.058972
-0.093076
-0.160312
-0.182001
-0.182617
-0.179475
-0.181738
-0.135656
-0.100088
-0.098518
-0.111827
-0.136536
-0.167124
-0.178574
-0.158657
-0.051579
0.180220
0.248768
0.282057
0.275938
0.271540
0.288284
0.286755
0.300936
0.308774
0.215544
-0.036349
-0.138928
-0.183734
-0.198012
-0.187197
-0.181332
-0.178082
-0.173919
-0.180861
-0.171765
-0.161327
-0.164567
-0.170945
-0.164665
-0.125661
0.109872
0.234590
0.267546
0.269354
0.268006
0.280140
0.282638
0.288707
0.291868
0.297198
0.183494
-0.057655
-0.156133
-0.210111
-0.218617
-0.208687
-0.186368
-0.174151
-0.178777
-0.179198
-0.182377
-0.189337
-0.190205
-0.208951
-0.199699
-0.149437
0.076145
0.209139
0.230475
0.232684
0.235104
0.229598
0.234670
0.226503
0.232781
0.238946
0.161127
-0.075311
-0.173281
-0.214311
-0.223344
-0.230894
-0.227371
-0.221840
