4.032748
4.294691
1.120212
1.911698
-1.701850
-1.055633
-1.942291
0.289636
-3.296243
-4.924663
-4.954677
-7.490755
-7.340304
-8.211146
-7.825237
-9.499822
-9.134640
-10.530852
-12.899814
-13.453389
-12.976245
-9.548578
-10.727470
-12.138244
-11.934891
-13.348214
-11.890807
-10.698691
-12.487629
-9.949334
-9.660506
-8.651782
-7.715404
-6.725482
-6.140169
-5.380339
-1.882339
-3.949400
-2.277740
-3.598888
-3.484492
-4.068633
-4.210513
-1.539410
-1.233473
-3.193509
-1.797565
-4.718944
-3.747995
-4.860841
-4.533751
-2.474175
-4.450846
-3.504064
-4.379618
-6.610156
-4.437555
-6.991610
-7.057994
-6.051379
-5.572161
-6.309440
-5.790588
-5.233483
-5.409041
-4.361417
-4.956285
-3.033643
-2.867001
-3.923900
-1.754108
-4.309774
-2.175569
-2.195732
-2.194374
-3.651246
-1.847155
-3.051951
-0.094007
-1.818822
-1.730962
-1.988667
-1.911500
-1.415409
-2.482283
-1.658482
-2.055565
-1.734892
-1.365703
-1.199763
-1.050631
-0.075474
-0.654328
-1.522506
-1.099486
-0.061327
-1.428988
-0.569549
0.011992
0.896397
1.058083
2.366583
1.799073
3.493525
3.306263
5.069613
9.734416
5.671527
8.544411
8.907158
9.877939
12.433334
11.694703
16.397707
15.461768
15.013610
17.018482
17.642265
17.486838
18.445124
19.802004
19.480517
18.964658
20.452805
17.916468
14.769440
13.545572
14.099941
10.780578
7.331143
12.198075
7.053650
8.080672
4.799926
5.025367
3.681984
0.614630
2.212955
1.912521
3.220923
3.048511
3.274556
3.397424
2.871017
4.389892
4.564415
3.080621
3.932789
4.772337
4.687193
5.330201
1.935603
3.123095
1.880151
1.390729
2.974425
3.172435
-1.742611
0.546377
-2.317628
-2.769085
-2.219536
-4.948178
-6.239354
-7.150897
-6.399804
-10.769578
-9.874769
-9.871028
-11.829566
-11.792891
-12.974694
-11.633267
-14.897648
-12.504890
-13.541177
-12.103863
-11.485119
-12.291356
-12.463988
-12.477725
-10.705214
-9.195205
-11.441762
-5.369360
-5.952130
-5.814270
-5.061712
-4.427120
-3.597157
-3.586266
-3.334811
-3.544113
-1.852540
-2.062333
-2.770737
-1.456804
-5.024119
-1.052406
-3.418244
-3.183177
-5.828094
-2.316800
-4.516305
-4.318394
-4.942793
-4.782129
-6.386104
-4.834792
-5.900030
-5.014976
-6.476255
-5.439556
-5.856851
-5.680330
-5.115708
-5.475945
-4.798500
-6.830841
-4.436910
-4.173912
-4.090415
-4.453677
-3.355553
-4.225796
-2.695593
-4.179079
-2.732216
-1.099192
-3.283975
-2.339572
-1.314937
-2.946259
-1.112522
1.019439
-2.577095
-2.050825
-2.827521
-1.227752
-2.524347
-3.708067
-2.172340
-2.453456
-3.354797
-1.789034
-0.423477
-1.873885
-0.169450
-0.454714
-1.752024
0.372641
-0.282335
1.927456
0.023328
0.532309
2.791618
4.092170
4.156410
4.299536
4.111417
5.833257
7.528539
6.957740
10.300165
9.609113
11.331940
11.526408
12.956685
15.361284
14.284684
13.472257
15.947393
16.900294
18.521533
17.666966
18.716839
15.340890
15.952493
15.747091
11.484583
13.240159
9.649961
9.524087
7.532430
7.711618
6.795014
6.050090
3.105308
2.720153
1.723988
3.014455
1.609887
2.069031
1.098404
2.520046
0.254960
2.199608
2.214203
2.206282
3.839354
4.487591
1.576909
3.022628
4.204618
4.250449
3.748186
3.094388
2.904287
2.280573
2.325876
-1.041994
-1.886289
-2.010461
-4.895655
-2.906412
-3.754462
-3.796697
-5.745378
-8.316267
-6.367904
-9.243677
-8.457023
-9.578280
-12.447613
-11.300680
-13.021242
-11.670537
-12.036039
-10.127113
-12.450986
-10.340544
-10.786730
-10.216128
-9.880829
-8.260329
-7.097161
-5.745917
-6.599057
-4.706169
-4.763452
-5.205788
-4.534820
-3.983006
-3.017271
-3.459282
-2.933953
-3.538013
-2.193770
-3.434330
-1.824934
-3.805350
-5.104292
-2.788787
-3.281114
-6.471061
-6.024343
-4.827006
-2.445290
-4.855363
-5.614147
-2.336615
-5.955410
-7.616539
-6.459780
-6.234683
-2.355017
-7.283024
-3.128793
-2.671968
-4.802441
-4.253169
-3.085304
-4.172174
-2.633596
-2.982922
-3.810925
-1.776015
-2.148023
-2.811235
-3.045036
-2.187837
-1.329354
-2.890098
-1.593825
-1.462259
-2.097549
-1.226631
-1.046940
-1.042767
-3.055407
0.247941
-2.541136
-1.743165
-3.144611
-2.874448
-4.441568
-1.295374
-0.909736
-0.580419
-1.493154
-1.733382
-0.200853
0.128495
1.407097
-0.897334
-0.312804
-0.700928
1.025218
2.300288
1.135903
4.619152
3.557087
3.778509
6.062844
6.463856
7.967000
6.991628
7.649959
6.882828
10.559429
11.602439
10.442205
12.005622
14.319974
13.994730
13.332965
17.806404
14.653898
15.045212
14.855375
15.089340
13.617652
10.682264
11.760303
11.239953
7.386584
6.351353
6.314230
5.862331
4.364476
3.656025
0.560960
2.487255
1.497929
-0.503294
0.926882
1.091565
-0.713413
0.269503
0.844927
1.316885
2.829892
2.110868
2.011550
0.067083
2.404255
1.564356
2.250483
1.512699
-0.729246
2.234081
1.235725
1.531209
-1.831500
-0.981563
-2.481290
-3.092233
-4.394377
-5.567853
-6.343916
-4.907808
-7.186367
-7.604127
-7.018447
-8.104785
-8.440365
-7.769049
-10.646467
-8.254831
-9.248102
-10.716884
-10.312282
-7.484145
-8.751920
-7.952124
-6.168862
-6.496061
-4.104961
-1.567690
-3.621990
-1.340770
-1.549772
-1.866263
-3.429127
-2.108549
-0.670644
-3.890002
-4.376742
-6.414735
-2.480159
-3.283863
-6.146149
-4.096623
-3.080481
-3.985589
-3.196148
-6.241177
-7.155161
-6.536598
-4.228488
-4.809165
-5.643729
-4.970868
-3.766511
-4.857318
-5.634795
-5.258959
-3.100030
-3.335598
-3.752779
-3.231029
-4.801276
-4.672427
-2.876704
-1.547405
-2.461214
-1.271948
-1.130593
-0.742944
-2.401945
-1.961799
-3.266045
-0.868277
2.133345
-1.726042
-0.983305
-3.200154
-1.733139
-1.101679
-1.937267
-2.046476
-2.523479
-0.303353
-2.363786
-3.494083
-2.317997
-1.700457
-1.024244
-0.735338
-1.923612
-1.614828
-0.946480
-2.010991
-0.156652
1.747871
1.409508
1.133277
1.512429
1.700961
2.854806
3.196702
4.435629
6.883749
5.949620
6.145651
7.697718
9.703975
9.362569
9.226965
10.908711
9.967952
12.920348
14.784545
12.280781
16.019333
16.732663
16.220033
16.345402
14.834567
17.939219
15.873550
13.709969
10.443177
11.340066
9.007892
9.237620
7.606683
4.635390
4.490483
5.789217
3.616216
2.869867
0.685486
0.762649
-1.923025
0.434478
1.804904
-0.941173
1.517540
0.210680
1.813343
1.726834
1.346232
2.247400
3.494751
2.093472
1.326306
2.088496
4.340106
2.090990
1.727880
1.282579
1.397810
0.072011
-0.467993
1.295106
-0.301334
-1.732891
-3.641749
-4.836012
-3.703552
-5.562722
-4.014295
-6.629115
-7.492407
-9.220344
-7.326230
-7.573487
-10.627259
-9.728447
-9.578939
-11.409855
-11.601114
-8.335253
-9.186481
-6.127279
-6.299130
-7.399788
-5.434007
-3.706603
-3.803296
-2.053869
-3.253597
-2.916462
-2.841251
-2.504422
-2.445155
-2.790152
-1.235949
-3.333353
-1.911194
-3.048811
-2.225063
-4.843372
-4.802031
-4.642599
-5.394200
-5.502639
-5.434329
-6.316039
-5.081357
-6.571684
-6.616929
-4.621682
-6.605320
-7.067434
-6.276155
-4.925278
-4.075651
-3.002523
-6.253323
-5.153593
-4.072728
-2.199506
-1.605805
-1.570613
-2.325993
-0.346771
-1.856302
-3.018722
-1.254898
-1.242909
-1.438911
-2.218180
-2.346926
-1.478546
-0.891906
-3.474449
-0.635560
-1.554164
-0.498618
-1.400286
-2.231463
-0.786971
-2.298956
-3.113554
-2.576240
-0.461351
-0.391204
-1.976245
-1.575646
-1.619889
-2.144766
-1.585660
2.562118
1.165736
0.181134
3.051513
1.382948
3.536891
1.977039
4.607949
5.142186
4.141994
6.807764
6.862165
8.530158
8.411542
9.835830
12.159337
13.054059
13.030269
12.682312
14.087348
14.320657
17.136549
15.915379
16.244741
17.855622
17.290692
16.622183
15.943367
14.777155
14.783589
11.243820
12.181618
9.241003
6.298290
5.532889
4.373069
4.095308
3.408347
2.284448
1.897742
3.373829
1.872524
0.485085
3.973623
-0.808440
2.256402
1.746260
2.914804
3.829092
3.748618
1.344214
4.776592
2.645666
5.159378
3.698503
5.908864
3.755921
3.895781
2.309603
4.457906
1.071962
0.301980
-1.982027
-0.289078
-0.663020
-2.545605
-2.395842
-5.199250
-5.484584
-5.184565
-5.382763
-7.108486
-8.318573
-10.498579
-10.984923
-11.339755
-9.214757
-12.139511
-13.084262
-10.742130
-11.794929
-11.801273
-12.355203
-9.674804
-10.773177
-9.640785
-6.812573
-4.929088
-6.338793
-5.886722
-5.412500
-4.511336
-0.862728
-2.771671
-2.950922
-3.608343
-1.219267
-2.282705
-2.287972
-3.765555
-1.387704
-0.380190
-1.149212
-4.932047
-2.837882
-4.841732
-5.803026
-6.207851
-3.828632
-2.984452
-3.912287
-4.381928
-4.807988
-6.476830
-7.721856
-6.848914
-4.067072
-5.581639
-5.255110
-4.902555
-2.169379
-4.029646
-5.145889
-2.816850
-3.004676
-3.333115
-2.565990
-1.911548
-2.269582
-1.909221
0.307918
-4.651254
-2.495304
-2.138139
-4.628896
-0.601903
-2.255285
-1.256601
-1.179966
-2.556931
-1.455463
-0.789279
-1.198551
0.884493
-2.042312
-1.345110
-0.188019
0.147242
-1.248714
-1.538733
-3.005900
-2.045484
-1.294355
0.877464
-1.036960
0.990721
1.953109
3.096378
1.723490
2.807064
5.580437
4.950487
7.068693
7.145279
8.034228
10.237358
10.636423
11.913496
12.535188
11.832418
13.191707
14.334408
15.640348
15.475171
17.653949
16.709499
16.749591
19.477468
18.884057
15.877751
17.905589
14.110492
13.858957
11.925778
7.542120
7.581641
7.085271
7.071785
3.697872
3.731350
2.667127
1.918284
4.182167
1.893736
2.870455
1.214682
3.749534
3.176503
3.617642
3.252103
3.082025
5.177625
5.547742
3.146137
3.061277
5.528108
3.013588
3.782788
2.467892
1.711205
1.748528
0.928029
0.417448
-0.668321
-1.095126
-1.464209
-3.263998
-2.737218
-2.931122
-3.585419
-6.740006
-5.911051
-7.903123
-8.487487
-9.999994
-9.004690
-10.533851
-9.107219
-11.126924
-12.038781
-11.393976
-9.993378
-9.927038
-10.596203
-12.544873
-10.568416
-11.791384
-9.052093
-9.920974
-8.636704
-5.604941
-5.224480
-3.302231
-4.466445
-3.178380
-4.524644
-3.935334
-3.037485
-4.508684
-1.061198
-1.934160
-4.222802
-1.528712
-2.651676
-2.482031
-3.568466
-3.665118
-3.416357
-3.304593
-4.021482
-3.949881
-7.292945
-8.266282
-3.885279
-4.424495
-4.954465
-5.905256
-5.906018
-5.035632
-4.520185
-4.989017
-4.480413
-3.880187
-3.466343
-5.018748
-4.041274
-2.272160
-3.748803
-5.435901
-4.654477
-2.810379
-1.875092
-2.195855
-1.205231
-0.647383
-0.659880
-1.884144
-0.806974
-1.373102
-3.137575
-3.078862
-1.816401
-2.367740
-2.014928
-1.373300
-1.795264
-2.315393
-1.500759
-1.698681
-0.753250
-3.991027
-1.764869
-1.575650
-0.740916
0.628708
0.458608
0.047400
3.805912
2.076601
3.662485
3.213867
3.822220
2.366944
5.863896
6.922943
7.543585
7.858306
10.391209
9.124748
13.384160
14.434034
13.014020
14.198959
14.518382
17.039796
14.797400
18.112645
19.268730
18.696228
17.534323
18.827997
16.471553
15.230339
13.402469
13.553502
10.601144
11.059339
8.469256
8.774888
6.596455
6.900018
3.556558
5.795214
3.528270
1.142068
1.949949
2.507283
-0.476450
4.899744
3.319620
2.728799
3.498399
4.888359
3.429338
3.049503
5.271383
4.806283
3.698049
4.661860
4.730030
5.271036
2.365382
3.358222
0.925269
2.894155
-0.995059
-0.183629
-1.779741
-0.438021
-2.817608
-4.585588
-7.704170
-6.755361
-7.594710
-8.725849
-8.102563
-9.084410
-11.169760
-10.686741
-11.904228
-14.091115
-12.049082
-13.201290
-12.862600
-12.757516
-13.575817
-9.615370
-13.675936
-9.415625
-12.062590
-9.681753
-9.548612
-7.554532
-6.252245
-3.018333
-3.992604
-2.954340
-2.253164
-3.609871
-2.573085
-2.709669
-2.842532
0.189214
-1.458698
-2.430690
-2.832366
-0.201501
-1.969997
-2.650656
-4.436587
-3.640997
-4.112003
-7.495763
-4.343264
-4.616743
-4.674729
-4.511707
-5.752017
-5.934099
-7.345525
-6.515790
-5.710114
-5.443709
-5.334551
-3.569469
-4.774977
-3.398321
-3.344623
-3.827007
-2.344082
-2.244413
-2.866446
-3.726724
-1.842800
-3.486819
-4.753526
-2.241756
-2.517538
-1.862332
-2.876302
-0.124828
-1.055396
0.893812
-1.691307
-4.233595
-0.852153
-1.258834
-1.045751
-2.384270
-2.326600
-1.448839
-0.047466
0.564500
-1.599861
-0.949070
-4.333027
-0.749670
0.376267
1.266135
1.332906
1.284233
0.855690
1.236326
3.708795
4.909171
5.709969
8.709303
8.690618
8.021044
9.279606
10.806677
11.381744
12.257938
12.531107
14.059459
15.967794
17.956820
16.299721
18.906503
18.822991
19.827448
19.969762
19.558463
20.471476
16.600770
15.577652
13.063271
12.033620
10.712150
8.139213
9.467237
5.886044
4.901724
5.346921
2.898565
3.072265
4.079339
3.513690
2.625036
1.079102
2.265444
4.430552
4.511568
5.178656
4.764362
4.654271
4.930421
5.454897
3.447997
4.044540
5.568191
4.669050
2.093161
2.938405
3.470932
1.443367
1.466382
1.886753
0.694234
-0.234176
-2.242966
-1.405310
-3.540394
-7.072927
-8.356019
-7.498108
-9.741557
-8.058613
-10.644913
-11.162258
-10.581364
-12.185514
-12.383687
-15.217256
-13.015705
-14.982928
-15.381553
-13.511372
-13.557782
-13.633494
-12.505223
-10.122600
-9.355156
-9.487534
-8.355722
-6.952261
-7.910983
-3.058855
-4.947742
-1.326924
-0.903896
-3.844596
-4.776802
-4.759132
-2.513488
-2.864023
-1.630319
-1.987843
-2.000777
-2.791427
-4.377215
-2.389738
-4.381791
-3.520096
-5.041257
-7.071703
-5.770246
-6.037135
-5.299974
-6.980687
-5.022218
-5.456802
-5.467195
-6.189310
-5.264161
-7.075193
-3.530831
-3.918834
-3.685340
-5.972711
-5.236921
-2.142657
-5.381802
-4.295508
-3.306558
-2.244027
-3.831867
-1.111374
-1.630956
-1.056408
-0.470179
-0.507273
0.549005
-1.323422
-3.273030
-0.997039
-2.599758
-0.497444
-1.251693
-0.860548
-0.340957
-0.513175
-1.199391
-0.794484
-1.292335
-2.252990
-3.320573
-2.036051
-1.522518
0.628912
1.549694
1.248715
0.364702
1.196162
3.002328
4.223567
3.075988
4.104773
6.266096
4.505010
8.207712
8.682279
9.594931
10.843977
12.609254
13.201028
15.569333
15.083587
16.450755
15.826475
16.858007
17.935333
17.818141
20.959523
20.099098
19.464199
18.101145
15.522692
13.690597
11.645161
12.339669
9.671159
8.135322
7.884246
7.383100
6.489703
3.768169
2.803888
2.514794
2.000648
2.047701
1.941444
2.994242
2.092897
2.401947
1.958977
1.964359
2.768676
4.018375
4.322813
1.563325
2.346713
1.929422
3.249432
3.288662
2.963316
1.120619
-0.020053
-0.166228
-0.461503
-2.810566
-3.304326
-3.082643
-2.151537
-4.991224
-5.855017
-6.559825
-8.294248
-9.080714
-9.467789
-10.132482
-12.712969
-13.166568
-11.460916
-12.165177
-13.922464
-14.001726
-13.600669
-12.381572
-9.966684
-10.262004
-11.812826
-9.192170
-10.122119
-7.233898
-7.938694
-7.192797
-7.673771
-4.873371
-4.108543
-3.250319
-3.306101
-3.708031
-3.460211
-3.103019
-2.910663
-2.398878
-3.199045
-1.354316
-0.822783
-2.496516
-2.678698
-3.388272
-5.323290
-4.806016
-6.787015
-5.536070
-5.772224
-5.326215
-2.960558
-4.577542
-6.746219
-5.121729
-5.699820
-6.163169
-4.447970
-5.558111
-5.314367
-3.566457
-5.477483
-5.626592
-3.105855
-2.913364
-1.211481
-3.547759
-1.526519
-3.281777
-3.342916
-4.122874
-3.439740
-1.122091
-0.373825
-3.372033
-1.146362
-1.150424
-0.937201
-3.041979
-4.174891
-0.723667
-1.721533
-2.872216
-2.554728
-2.324432
0.483462
-0.596248
-0.834210
-1.538836
-1.003316
-0.352717
-2.556642
0.229453
-1.831911
0.116076
-2.415299
-1.993877
-0.169218
-3.495889
1.486210
1.840730
2.674935
-0.261969
4.798422
4.109387
7.918217
6.037669
7.419890
10.356828
10.410377
9.559047
10.135500
12.935063
12.409267
14.413420
13.429556
14.813719
15.921629
16.753718
16.597808
15.171217
15.949404
14.745231
14.035607
13.649059
9.185361
10.173541
7.581656
5.168995
6.868384
4.679703
4.380419
4.504722
3.075412
-0.287505
3.670816
-0.348809
1.944103
1.846595
0.924400
1.080144
2.812389
3.556820
1.328940
2.942975
2.136394
2.475455
3.465344
0.687461
1.786472
3.002356
-0.879487
0.361031
0.838760
-1.770674
-0.937190
-0.248713
-4.618479
-2.292368
-4.463326
-5.410873
-5.133908
-6.811087
-8.041983
-7.454795
-9.962918
-6.110396
-8.466774
-9.751979
-8.696492
-8.843020
-9.355908
-12.165310
-10.376832
-10.004628
-9.415366
-9.590210
-5.643390
-8.043286
-5.606913
-2.446915
-4.616774
-5.599457
-2.618201
-1.957085
-3.858039
-2.235682
-3.123773
-1.772821
-2.931500
-3.625359
-1.563737
-3.325800
-3.453619
-2.962560
-3.945170
-4.195048
-5.312202
-3.741025
-5.581489
-7.576404
-5.554622
-4.828539
-3.063584
-5.751015
-5.592562
-4.875514
-4.980257
-5.440690
-4.164539
-5.796211
-4.684265
-4.331370
-4.107657
-4.856967
-3.739847
-1.935857
-3.469072
-1.872022
-2.047617
-3.797602
-2.323911
-2.265258
-2.920336
0.020378
0.024515
-1.393266
-1.593838
-0.474495
-1.530998
-3.327324
-2.845673
-1.215145
-3.369875
-2.218370
0.264562
-1.605847
-1.626312
-2.218394
-2.761435
-0.054404
1.529737
-1.676108
-2.498563
-0.947920
-0.753335
-0.537582
-1.975184
1.155269
2.188767
-1.281130
0.627106
1.737272
4.567323
1.966383
5.564680
4.721883
5.026438
7.779317
9.720757
8.059551
11.280461
10.487426
11.879633
11.490288
16.195481
12.803233
15.892166
17.048609
15.609560
16.218936
16.204604
17.907369
13.979988
14.076373
14.378165
9.427337
10.677775
8.929547
4.942566
3.587398
6.454359
3.601120
3.731920
3.175874
2.549485
-0.155316
-0.129306
-0.693379
-0.800521
2.782373
0.957085
1.578527
0.013624
1.686960
0.321194
0.534208
2.450918
4.757085
3.768337
1.584058
1.678899
-1.417840
2.240701
1.201700
0.461010
-2.326291
0.309241
-1.366313
-3.724824
-3.242887
-2.907541
-4.741388
-5.666653
-7.521368
-6.642598
-7.201451
-8.559436
-8.134441
-9.994307
-9.927018
-6.986866
-9.813201
-10.118718
-9.411331
-8.471961
-9.307511
-8.538966
-5.050572
-6.176128
-4.397807
-4.001403
-2.762319
-3.796058
-4.163821
-3.718138
-3.308112
-1.937147
-2.331224
-3.356237
-3.785128
-2.371454
-4.178675
-4.585064
-4.656165
-2.886923
-4.809993
-4.663742
-3.814504
-4.801996
-4.978753
-4.107141
-6.270876
-3.771765
-6.576793
-6.309558
-5.431532
-7.296423
-3.753183
-6.088952
-5.082886
-5.277465
-4.054780
-1.854604
-4.667489
-5.291329
-3.193955
-1.630588
-3.241440
-1.660438
-3.300320
-0.355552
-1.104431
-1.803400
-1.268092
-1.580281
-0.971830
-0.734538
-2.472127
-0.397831
-1.905085
-0.183506
-0.219652
-0.683418
-0.383903
0.206625
-2.963678
-0.726779
-0.283994
-2.079534
-0.678747
-2.099992
-1.008202
-0.551578
-0.230371
-2.602988
-0.956036
1.981901
-0.121157
-0.629051
2.890040
0.508683
4.957594
4.872229
5.275466
6.783182
5.076544
7.562261
6.410485
8.471774
9.729988
10.861961
12.037518
12.272782
14.709266
13.005190
14.914767
15.840150
14.116231
16.914530
18.023870
16.749504
18.923020
18.131747
14.393830
13.962485
10.355076
11.653325
8.358924
7.422268
7.125922
5.048012
2.958469
3.969837
3.268283
1.409443
0.547604
0.501167
0.565480
1.098851
1.567651
0.229639
3.121947
0.975371
2.618872
3.058707
3.594064
4.443371
2.981882
3.145182
4.547755
4.045761
2.985057
2.378939
1.692750
3.049329
1.540552
1.180275
-2.241709
0.144652
-1.466221
-4.099702
-3.435051
-6.865013
-5.314070
-5.940714
-7.512444
-9.977080
-9.957302
-9.113137
-8.363138
-11.066943
-9.210392
-10.780450
-11.386257
-11.429275
-10.921137
-10.060253
-10.673142
-11.040441
-8.348965
-7.461155
-7.881076
-5.822882
-5.242827
-3.365801
-0.622643
-1.345202
-2.787715
-3.414375
-1.439447
-3.774944
-2.724116
-2.229834
-3.573361
-1.966253
-4.072418
-1.499115
-3.640880
-3.150471
-2.969318
-3.443254
-4.252697
-4.812395
-4.653137
-4.176466
-5.375179
-6.536639
-6.196777
-4.904886
-6.410373
-2.985359
-2.774697
-4.966269
-3.548999
-4.593849
-4.391220
-1.761031
-4.266282
-4.476812
-3.466634
-2.906502
-1.523488
-2.648431
-2.915395
-1.390837
-2.682673
-3.601968
-1.506325
-1.134133
-2.394152
-1.176384
-1.650380
-2.009010
-2.037974
-3.009467
-3.675839
-2.373462
-2.329073
-2.146319
-0.806014
-3.560477
-1.188571
-0.101446
-1.040140
-0.016182
-1.987087
0.667717
-0.609260
-1.639375
-0.435826
1.125214
4.095220
2.849653
3.253258
2.935639
4.622439
5.283655
8.273316
7.531077
8.939838
8.288126
10.194780
11.996280
11.171231
13.877106
13.883328
15.285421
14.856885
14.513208
18.966615
18.331300
18.379361
18.100733
19.087646
18.856464
16.523885
15.119165
13.859284
10.339722
10.677017
8.161368
5.943651
6.760932
3.495997
2.502219
3.352484
2.799513
3.443893
1.199898
2.216489
2.634044
2.154921
3.970154
3.754602
3.863361
3.272308
4.629162
0.388041
3.147232
3.975127
3.380236
3.223954
4.515538
2.212523
2.658228
2.306602
-0.461585
-0.879641
0.328460
0.228514
-1.765041
-4.159787
-3.261620
-4.498546
-5.787879
-6.356511
-5.937184
-7.483239
-8.585880
-9.545633
-11.196216
-9.962482
-9.495168
-10.603368
-11.049826
-12.783365
-11.329417
-12.780938
-11.172871
-11.501979
-9.837589
-9.186497
-10.640802
-8.260933
-7.687947
-4.610856
-6.080893
-3.342325
-4.359616
-3.407402
-5.675553
-3.558668
-1.548139
-2.537078
-1.921569
-2.621924
-3.398690
-2.903181
-2.251117
-2.886468
-3.800361
-2.832169
-5.142859
-5.183337
-5.366015
-4.496009
-4.701708
-6.397772
-5.314779
-4.600597
-3.388032
-4.014214
-4.994280
-4.864914
-3.055399
-5.839565
-4.230138
-2.713071
-3.860384
-4.194801
-3.806809
-3.868852
-3.085194
-1.330478
-2.541337
-3.158672
-1.571561
-3.251482
-2.861448
-2.148930
-2.934938
-2.675282
-2.511730
0.244355
-2.827058
-2.803959
-2.752227
-0.998051
-2.924471
-1.372747
-1.590377
-1.685110
-1.638162
-1.827030
-3.822699
-3.057122
-1.663698
-1.177202
-2.453393
-0.275085
1.028976
2.204229
0.939262
2.898825
5.437879
3.468506
3.748370
5.321041
5.472327
4.813299
7.546120
7.636165
9.118098
10.906661
13.076992
13.241996
13.262346
15.513438
16.062500
14.979309
17.271609
19.021086
20.233950
19.562488
19.429158
16.254183
17.106788
14.507526
13.700944
12.928445
12.853734
7.826993
6.500439
5.209939
7.166165
6.613788
5.266688
3.928019
1.965292
4.367872
2.695656
3.013210
1.903363
5.541916
3.226591
3.834778
3.181746
4.025846
4.942917
5.369516
5.079377
2.783742
3.385215
6.608175
2.610636
3.242035
3.850740
5.210613
3.315838
0.295935
-0.485564
2.942079
-0.826246
-2.961128
-3.838068
-4.396195
-5.436581
-7.134324
-7.103558
-8.867240
-7.709375
-9.712440
-10.047025
-10.964027
-13.580094
-13.718177
-12.411170
-13.711802
-14.442170
-12.963634
-11.489438
-12.683035
-12.007844
-11.698551
-10.630008
-8.406820
-8.288644
-8.034000
-5.573689
-3.923583
-5.469356
-4.734397
-5.447993
-3.102917
-0.852605
-1.767951
-3.419366
-0.543336
-1.961032
-1.781470
-0.654024
-4.379307
-2.367193
-3.239025
-3.018999
-6.414949
-4.617604
-3.976595
-3.413640
-5.528411
-4.071367
-5.377762
-5.137131
-4.140277
-5.241166
-7.195277
-4.968742
-5.757827
-3.698284
-3.726795
-2.814106
-4.663745
-3.268858
-3.455274
-4.279257
-2.102296
-2.476272
-2.306494
-4.708314
-2.299644
-3.162200
-2.401621
-3.908190
-2.816103
-2.729231
-1.509306
-3.382607
-1.687795
-2.019654
-1.812123
-0.979663
-3.415714
-1.807519
-1.060186
-3.344471
-1.823666
-3.830051
0.171090
-0.160765
-0.965129
-1.039927
1.394608
-0.040191
1.176906
0.655373
1.408708
1.176406
3.442749
6.092012
4.215124
7.200378
6.873665
7.389073
8.536938
9.989271
10.798561
11.043518
10.669463
13.336884
14.745604
13.670827
14.942087
16.370066
18.954486
18.452320
20.105406
18.971227
17.978463
20.003485
16.627800
14.921309
12.601021
9.553515
9.566623
9.853859
7.949282
5.025299
7.739388
5.512799
5.211260
5.299654
2.808801
3.384150
3.730009
2.107254
2.948424
3.028634
3.893291
4.169085
4.372088
3.902040
4.297912
4.155968
5.926501
3.444293
4.014631
3.159780
4.492513
2.513638
2.373540
2.722589
2.368022
0.907071
-1.018514
-1.426982
-2.272324
-5.498856
-3.978452
-5.966439
-6.223782
-7.270581
-7.695108
-8.051834
-9.222440
-9.628704
-8.886854
-10.037851
-11.446443
-13.397179
-12.836391
-14.703649
-13.020466
-12.378680
-12.966588
-13.523525
-12.764620
-11.499321
-10.391492
-8.503470
-7.825375
-6.014934
-4.058443
-6.424690
-3.035899
-3.854291
-2.285161
-3.339340
-2.224181
-3.350960
-3.620605
-2.656729
-1.076327
-2.630637
-3.087146
-2.448835
-2.666241
-1.698987
-6.036978
-2.866192
-4.610616
-5.982493
-4.081946
-6.708409
-4.843151
-6.401191
-5.773292
-5.823641
-6.170062
-5.207325
-4.749186
-5.353013
-4.895230
-3.883557
-5.828505
-3.620870
-6.080611
-4.112988
-3.174895
-4.359215
-1.467953
-4.459264
-4.699288
-3.625149
-0.951379
-4.080805
-1.907335
-1.096117
-1.292632
1.637449
-1.525988
-0.940782
-1.533859
-2.839521
-3.891011
-1.925771
-4.291576
-1.285057
-1.053875
-1.182943
0.473681
-2.603603
-2.918310
-1.697258
-1.390092
1.100277
-0.671740
0.565056
-0.253208
3.168439
-0.302337
6.232855
5.651088
4.644288
6.408480
7.690810
7.262455
8.844508
8.780749
11.593975
11.258180
13.701425
12.429150
13.739924
15.722719
15.648890
19.016331
18.137633
18.839535
17.311078
20.847224
20.113930
17.460728
15.920090
13.498167
14.022235
11.502869
11.752720
8.240892
8.596112
9.027533
6.174574
5.634228
4.134763
5.375229
3.803875
2.209758
3.395213
4.048403
2.632186
3.089809
3.754218
3.345114
3.670612
4.402038
3.260785
2.672291
4.019587
3.067103
3.317414
3.906566
3.243341
2.602422
1.822401
-0.247759
1.720204
-1.164965
-0.656948
-3.064207
-1.289116
-3.502064
-4.891167
-6.164716
-6.334779
-6.985882
-9.418193
-11.466401
-10.690479
-10.177350
-11.785328
-12.891333
-12.155517
-12.585912
-12.672274
-12.679555
-12.591916
-12.680854
-11.414245
-10.514600
-11.129291
-11.570758
-11.153975
-10.189559
-7.243661
-7.033838
-6.531392
-4.033427
-3.017988
-5.667750
-1.660544
-0.818349
-2.973902
-3.046733
-0.941752
-2.358873
-2.732366
-2.991650
-3.216712
-3.831825
-2.848333
-3.183498
-5.137030
-5.679583
-5.081948
-4.911275
-6.064880
-4.833700
-4.598573
-4.125974
-3.112221
-5.656012
-7.338266
-6.270974
-6.825588
-6.192361
-6.193447
-4.584799
-5.749222
-5.826053
-3.067865
-2.059176
-4.190344
-3.006144
-1.583084
-1.860562
-2.042660
-1.503337
-1.981152
-1.789984
-2.659089
-2.199220
-0.903165
-0.659537
-2.209440
-0.103998
-1.612445
-2.360961
-0.149727
-3.796256
-2.829245
-3.373006
-3.121371
-0.359737
-2.168729
-0.055821
-2.607197
-1.613584
-2.995456
-1.714900
-1.799426
-1.403677
-0.378318
1.904138
0.661325
1.276724
0.577517
0.969495
2.948869
4.426527
6.698879
6.988646
7.277871
8.115366
8.440827
11.320014
13.608693
13.200204
12.406998
15.129487
14.953312
14.980756
16.621135
16.078349
15.335327
17.576756
15.865539
17.852816
16.876327
15.459781
13.301289
13.107115
9.009449
8.659844
7.563071
7.292967
6.733428
3.256593
4.337140
0.750234
2.964421
3.057810
1.909422
-0.073262
0.143280
0.829357
3.835207
2.427910
4.448835
3.795854
-0.356440
5.376366
1.504673
2.838791
3.157496
3.829459
1.915107
3.117692
0.987245
-0.293539
0.278967
0.249260
-0.935781
-1.191078
-2.743773
-2.797192
-2.701517
-5.128137
-5.538354
-7.901715
-6.969994
-6.328144
-7.958420
-8.503013
-9.460360
-12.589219
-13.160219
-11.591544
-11.865400
-11.676993
-12.836059
-11.255169
-10.793498
-10.385014
-11.448211
-10.144444
-7.602705
-6.444141
-5.519724
-3.344332
-2.598768
-3.051532
-1.734275
-0.522114
-3.217558
-4.034794
-2.320298
-3.054334
-4.220039
-2.839404
-4.092003
-6.286368
-2.348388
-1.696536
-4.835191
-3.972737
-5.624891
-5.286282
-7.052648
-5.739078
-5.132272
-4.967162
-5.271872
-4.716148
-3.226200
-4.586165
-6.316634
-5.421807
-5.651558
-4.654342
-4.488023
-4.430828
-3.647251
-3.835640
-4.326797
-2.240791
-2.578944
0.637591
-2.849142
-2.898370
-3.553188
-2.648036
-2.276363
-3.029395
-1.437540
-0.929611
-0.783745
-3.001048
-1.860040
-1.409835
-2.477174
-2.590377
-4.025983
-0.801450
-2.282683
-3.513617
0.363023
-1.774781
-1.354703
-0.452980
-2.580970
-3.542426
-0.283259
-1.066047
-1.177028
-0.885947
-2.155799
0.347583
0.751353
1.752829
3.240576
1.435307
4.082344
4.516617
6.048918
7.135404
4.867782
6.392521
8.592011
8.443174
11.145836
11.087484
12.726063
13.641770
13.212362
13.700283
16.714871
14.865790
13.495503
14.865832
14.514626
14.281088
14.328639
13.773796
10.654103
11.166354
8.493715
7.590867
6.430933
6.590958
5.861300
4.134937
4.859946
1.155739
0.618584
-0.250115
-0.245353
-0.394550
-0.757056
-0.175554
2.041753
0.272950
3.046985
0.276496
0.280230
0.088648
1.793653
0.587308
1.000432
2.510074
1.253676
0.511961
0.486949
-0.342778
1.240773
1.144382
-0.871122
-0.009820
-4.687157
-3.769798
-3.372681
-4.536820
-4.268217
-8.402136
-6.449411
-7.466080
-7.345336
-9.509621
-7.805564
-9.830154
-10.304282
-9.742949
-7.883088
-9.863104
-8.558338
-8.986689
-7.942803
-6.702739
-3.936870
-3.507216
-3.673757
-2.832494
-1.716086
-4.687261
-3.170518
-3.330438
-2.963433
-3.378870
-1.529588
-2.123667
-1.790513
-2.215546
-3.974394
-6.326679
-2.728087
-3.604451
-5.397831
-4.567547
-3.637907
-2.922883
-6.346195
-5.341790
-5.840036
-6.368082
-6.574786
-4.190516
-4.319208
-6.479305
-6.619843
-3.543250
-3.120133
-3.043674
-2.929026
-3.794321
-4.635689
-2.127711
-3.463443
-2.936387
-3.260150
-2.532749
-2.007644
-2.335778
-2.054373
-2.786916
-1.480518
0.963658
0.120643
-1.255476
-0.760787
-1.045670
0.344599
-1.730958
-1.994379
-1.775197
-1.059875
-0.652742
-3.216205
-0.138368
-1.848914
-3.838563
-0.629834
-0.144196
-0.757978
-2.429973
-1.932528
-2.337920
-2.473338
-0.978651
1.268380
2.087432
-0.532211
3.976279
3.219534
2.420053
3.676839
4.252910
4.330310
5.886928
6.674243
8.322213
7.798957
11.342327
11.963090
12.696455
12.251628
13.105148
13.650676
14.326021
15.644425
16.291939
16.334315
16.953704
15.935768
16.087941
16.658844
13.062619
13.362562
11.746665
7.073531
9.911935
6.491868
5.918787
3.303383
2.143133
2.567536
2.027695
1.664150
0.553268
0.604792
-0.005576
0.428962
0.239847
2.975012
1.439119
2.357626
2.629311
3.884602
3.280304
1.657978
1.976076
1.696197
3.392106
3.067898
1.800114
1.428138
1.819142
1.558555
-1.983947
-0.957492
-0.994765
-0.938119
-3.307550
-5.043967
-2.580122
-2.727904
-5.893087
-6.212050
-6.330033
-6.776753
-7.096055
-8.555412
-8.044700
-8.818427
-9.918651
-10.151788
-9.421031
-10.673080
-10.375978
-10.887412
-9.811646
-5.930225
-8.153974
-5.384961
-5.136892
-4.476492
-3.515409
-3.899911
-2.615312
-3.653446
-3.360395
-3.164122
-1.751212
-0.695113
-0.637475
-3.016676
-1.495427
-3.632943
-3.947119
-5.120926
-2.253970
-4.158121
-3.671782
-2.838530
-5.016633
-4.647253
-5.371776
-5.191324
-5.022008
-4.175526
-3.836926
-5.031411
-3.978159
-5.075250
-4.415281
-4.445719
-5.176314
-4.734345
-3.331310
-3.662829
-3.871303
-3.128696
-3.213926
-1.880711
-3.075017
-2.850971
-1.770997
0.476048
-1.219408
-1.113761
-1.962386
-3.366629
-1.486289
-1.676183
-2.681762
-0.926626
-1.373825
-2.841090
-1.779863
-1.176904
-1.353908
-3.047327
-2.137300
-1.789904
1.096691
-0.718775
-3.303569
-1.447325
-1.070858
-2.469874
-0.457400
-0.963099
0.767105
-0.609777
1.898787
3.933045
1.203643
4.627514
4.902745
5.045558
4.849609
6.271183
7.034764
7.116884
9.095415
10.191133
10.272582
13.563544
13.737652
15.119937
12.942096
14.401821
15.556215
17.535046
18.990674
17.795646
18.636509
17.155389
17.631308
14.747585
14.958949
8.984031
9.134171
8.046713
8.042811
6.012983
6.310018
5.645424
5.863549
2.858024
2.235447
1.918082
1.732632
3.320249
1.135968
2.389784
2.575480
4.607914
5.777717
4.270309
3.762954
3.741614
3.670765
4.222732
3.431450
2.889596
6.367960
3.310887
2.937138
1.459172
1.001498
-0.383464
0.422855
-0.506504
-0.916585
-3.621061
-3.002893
-4.755785
-4.527428
-5.651356
-6.880779
-8.344887
-9.465343
-9.299145
-10.387638
-10.334978
-11.383347
-11.672398
-9.312204
-13.089157
-11.267304
-11.062457
-10.293299
-10.179583
-10.832270
-9.661522
-7.444155
-7.716203
-7.716010
-3.635617
-4.917232
-4.808840
-3.145301
-1.041124
-3.434928
-0.710509
-2.680760
-1.901924
-1.006730
-4.293488
-1.857335
-2.135491
-4.788679
-3.411411
-2.861176
-2.872888
-4.514116
-5.012409
-5.772108
-5.826874
-6.697171
-6.347874
-6.162559
-6.186066
-5.089744
-5.849294
-5.183182
-5.470338
-4.712030
-4.449578
-3.221071
-5.098756
-4.353186
-4.504992
-2.059775
-2.832433
-4.742052
-2.397800
-2.654021
-2.988147
-2.563267
-2.746167
-2.290879
-1.543165
-2.791287
-1.253919
-1.944948
-0.819850
-2.689594
-2.164087
-1.133675
-2.108911
-2.840217
-0.189236
-2.392385
-0.744696
-1.498113
-2.731040
0.409450
-1.577622
-1.400163
-1.858094
-1.247222
-2.328105
-1.732223
-0.191713
-1.006030
1.187471
-0.279264
0.887581
1.776158
2.935305
5.035109
5.355000
6.283455
4.870715
7.924860
6.648142
10.065537
10.086859
12.109783
12.775256
12.687062
16.049407
15.232121
16.312401
15.447216
16.920806
18.463336
19.738298
18.251655
18.499452
19.182680
18.422051
12.657576
11.880266
10.260374
8.660608
8.910147
7.724680
4.301954
6.530521
4.389563
5.903045
4.403823
2.601984
1.694656
1.355608
5.195631
4.096327
3.926033
6.788492
3.656362
3.434391
5.505172
3.939811
2.800305
2.599274
3.770410
2.531854
3.262752
2.809161
4.046168
2.362518
1.418045
-0.311004
-1.196234
0.182092
-0.853289
-4.892387
-3.835543
-3.616558
-5.307393
-6.048853
-7.235156
-8.752646
-7.661446
-11.151732
-9.958606
-9.546708
-12.647503
-11.222315
-11.063124
-11.380825
-11.664646
-10.394110
-10.680949
-12.311879
-10.699084
-11.887755
-11.348373
-10.872385
-8.563281
-5.596427
-6.972290
-4.881901
-4.622864
-3.789964
-5.109944
-3.529570
-1.402052
-2.884936
-1.938126
-1.517939
-0.668581
-2.552535
-1.030659
-2.321869
-2.855093
-2.389871
-2.967410
-3.488457
-4.325309
-2.555201
-5.635597
-3.439102
-5.175967
-5.259679
-4.710915
-7.106531
-5.501493
-5.557752
-6.230792
-3.585661
-4.402098
-2.772629
-3.606813
-4.484564
-4.181377
-4.192247
-2.687775
-2.692864
-5.660197
-2.933089
-3.322777
-1.290523
-1.097745
-3.045221
-2.034937
-3.401052
-2.336490
-1.591001
-3.706708
-0.456852
-1.371412
-0.688102
-0.647183
-0.981003
-3.680846
-1.698823
-1.146992
-0.438339
-2.334425
-1.303633
-2.218489
-3.174965
-0.413097
-3.557574
-0.629140
0.518593
-1.312827
-1.271461
0.938704
1.042363
4.317602
2.514874
4.027910
3.479770
5.650791
7.229905
7.799618
7.557767
8.212178
9.619172
12.314698
10.989486
14.304124
14.855014
16.524606
16.995909
15.153276
16.473662
16.958635
19.765120
19.169484
17.731979
19.095762
17.131454
14.959640
14.948367
12.191290
10.357440
10.411158
7.807129
8.698759
5.351000
6.519641
5.179173
2.878777
3.726680
2.931216
2.697852
5.610323
2.196224
3.951575
5.009434
3.822697
1.911698
2.981894
3.910471
5.896661
3.450852
6.121107
3.783131
3.167817
1.636182
0.950520
2.508488
3.892604
1.785441
0.470561
0.913871
-1.314561
-1.763558
-2.274424
-3.208601
-4.106709
-6.417041
-6.763943
-6.948840
-9.161552
-8.239409
-12.614058
-11.735869
-11.757985
-10.924144
-11.560429
-11.799865
-12.333374
-13.471882
-14.077888
-12.749428
-12.577292
-10.703530
-10.258481
-11.905008
-10.699735
-8.572256
-6.793093
-5.122877
-5.958844
-5.533776
-3.299743
-1.853094
-3.675759
-1.524148
-4.428557
-2.638056
-2.596664
-2.134311
-4.117063
-0.485201
-3.427961
-2.642632
-3.388983
-5.689829
-4.291393
-4.737758
-4.020111
-4.210507
-4.119611
-5.435395
-6.160477
-5.987631
-5.555498
-6.953805
-4.473286
-5.339236
-3.857038
-6.280396
-4.303479
-5.482907
-3.203778
-2.543101
-3.884310
-4.537759
-4.127820
-0.272890
-2.652013
-3.750282
-1.055921
-1.141130
-1.312910
-0.815473
-4.239173
-3.283784
-1.938815
-2.520225
-2.594115
-2.372517
-0.137255
-3.034875
-1.032425
-2.815003
-3.378358
-1.920606
-1.166244
-3.135388
-1.300406
-1.572806
-0.747798
-4.304517
-2.259585
-0.978843
0.400502
-4.339754
-0.462457
-0.899232
-1.160779
-1.823670
-2.010866
0.586863
-0.567742
-0.124979
-0.319341
1.409831
1.328491
3.506929
2.092472
3.848541
4.606530
5.545337
4.683381
4.992175
7.989079
8.847648
8.800243
9.550819
9.210223
10.767920
10.579212
12.594416
12.533996
14.352253
14.582726
11.580651
14.684244
15.392088
14.773167
13.534283
14.779620
13.266543
12.538746
13.498513
11.906053
11.534502
11.035469
11.882448
8.391030
8.241212
7.821847
6.400023
6.476123
6.546421
4.410614
3.068131
5.101592
2.616553
4.064348
4.080349
2.637834
2.133084
0.970993
2.843136
2.760498
-0.554467
0.672102
1.293943
0.808989
-0.397024
0.091402
1.244279
0.570824
-1.446027
0.613993
0.571056
3.568036
2.067189
2.642349
2.447479
1.878153
1.081385
3.195885
1.917346
1.770372
2.194304
1.764679
2.546715
2.917956
2.279208
3.184112
4.286458
3.766297
4.381974
3.198741
2.840520
4.791016
4.306450
3.443283
4.510290
2.459933
2.054084
4.248223
3.837936
2.773997
3.400280
3.441877
3.344346
4.517516
2.402111
2.950361
0.358901
3.692698
0.687323
2.810361
3.069507
0.359496
2.419883
1.063032
1.921593
-0.395922
-0.238544
-2.063236
-1.730640
-2.039920
-3.108977
-2.159353
-2.069075
-3.077294
-2.201034
-4.779246
-5.958114
-5.775334
-5.928793
-5.900714
-5.386591
-7.072023
-5.308705
-6.475074
-7.151941
-7.283596
-7.354653
-8.089730
-10.271370
-8.177123
-7.966584
-8.983587
-7.507992
-8.277204
-7.536128
-8.229847
-10.522188
-8.689900
-9.350861
-8.339522
-7.106384
-9.420960
-7.833214
-7.337467
-7.271438
-7.067401
-6.082059
-7.215765
-7.886348
-4.876582
-5.773111
-3.898581
-5.265087
-3.130894
-1.243512
-2.688039
-3.178154
-3.394493
-2.789371
-4.198736
-0.446252
1.819413
1.296009
-2.632419
-0.701895
-0.097013
0.077056
1.948094
0.273173
-0.619692
-0.624302
-0.496273
0.385155
0.188281
0.288838
-1.028506
-0.311048
0.853696
-1.516851
-1.275867
-1.209126
0.569474
-1.181216
-2.097954
-2.259818
-1.264842
-5.232946
-1.806371
-2.446079
-3.484778
-4.736065
-1.435466
-3.459717
-2.054655
-1.718930
-4.267173
-1.949716
-2.207362
-4.203751
-3.370113
-2.606824
-3.938295
-2.711730
-3.819724
-4.246885
-3.876252
-2.394427
-1.740965
-4.414240
-2.166753
-2.218650
-2.194943
-4.532376
-2.218266
-2.626730
-3.721669
-3.750532
-3.083812
-2.918430
-2.999477
-2.875702
-4.137819
-3.029907
-2.779770
-1.619555
-1.001327
-4.394139
-0.562596
-1.059817
-2.790594
-1.425005
-1.560358
-1.195161
-0.989390
-1.651709
-0.069055
0.639847
-2.323418
-0.263146
0.467688
-1.757598
0.152417
-0.764109
-2.139467
-2.307180
0.203101
0.466413
0.103324
-0.429613
-0.478239
1.669607
-1.975817
-1.194126
-1.102281
-0.183358
-1.826786
-1.641056
-2.395579
-1.630619
-1.902401
-0.063373
1.023325
-0.199896
-2.291303
-2.433792
-2.786592
1.661309
-1.330802
-1.232237
-0.267601
-1.644127
-1.545669
-1.843559
-0.859508
-1.210166
-1.413176
-0.707810
-1.220176
-1.542159
-0.317068
-1.172262
-0.556195
-1.293789
-0.880759
0.864099
-1.547709
-1.213835
-2.199714
-1.466922
-0.957823
0.350423
-1.887438
-1.588981
1.793935
-0.952957
1.350676
-0.321342
-2.430366
0.925921
-1.430021
-0.105545
0.530755
1.894208
2.830311
-0.413354
1.070437
4.699335
3.267290
6.064685
7.776865
6.929751
7.714643
10.261174
9.947641
10.824233
10.309062
12.339145
14.936463
15.584859
16.039107
15.432600
19.932934
19.210826
17.212730
18.369711
18.695208
17.360529
17.185135
14.190452
13.932692
9.429875
9.610496
10.937998
8.033538
7.842434
4.808568
4.907250
3.910137
2.588394
2.722301
-0.301250
3.672209
3.018969
3.493900
3.603102
4.597935
4.380605
2.702296
1.598876
4.995705
4.914830
5.307192
4.840850
5.095722
4.576544
4.976615
1.910879
2.884213
1.747093
-0.264962
0.352783
0.190659
-2.238932
-2.557968
-2.171534
-5.225215
-6.125800
-8.047724
-10.066369
-7.357329
-10.688089
-11.657417
-13.932794
-12.993738
-12.504841
-11.743129
-12.244113
-13.925308
-13.112859
-11.408187
-12.094981
-13.200059
-12.154045
-12.579403
-7.809082
-8.033107
-4.772752
-5.335627
-6.420856
-3.069018
-3.579718
-3.345824
-2.377222
-2.749035
-3.495665
-2.039176
0.335510
-3.493216
-1.642694
-3.418382
-4.383852
-3.417868
-4.785864
-4.665049
-4.718716
-5.683254
-5.166536
-5.344981
-4.420479
-7.442832
-3.810505
-8.335711
-5.565845
-6.700089
-5.339800
-6.737850
-5.588359
-4.731800
-5.184321
-4.417103
-4.532289
-1.422535
-3.626415
-4.912117
-5.530769
-2.481206
-2.978291
-1.795533
-2.492959
-2.262794
-1.284002
-2.919397
-2.565356
-3.994341
-1.645618
-1.101986
-2.178344
0.604593
-1.231361
-2.605394
-0.474104
-2.398452
-2.434225
-1.662636
-2.314638
-1.753905
-0.396815
-4.254189
-1.880399
-2.302254
-2.483189
-2.553202
1.020287
-0.827863
0.434485
-0.700656
-0.977862
-1.557199
-0.152288
0.145520
0.881574
3.237305
2.692894
3.681911
3.797300
4.226214
3.672548
6.734076
8.248937
6.692767
8.672565
10.760413
9.934016
12.838236
11.842792
12.210200
14.363514
12.933674
14.401276
15.688278
16.457682
17.610461
14.693036
15.292119
14.159241
13.440092
12.710733
10.335520
8.684010
6.593753
6.767716
7.062827
3.311183
3.422226
1.833182
2.077029
0.324005
-0.545659
-0.774151
1.683570
0.536815
2.348217
0.040405
1.785506
1.499086
2.596572
2.495054
0.699603
2.160868
3.375985
1.710350
-1.147045
0.723599
1.466910
0.327207
-1.328748
-0.072601
-1.708973
-1.358233
-1.906911
-2.577294
-4.638136
-5.957217
-4.931238
-7.177072
-5.295395
-7.806252
-6.778369
-8.024352
-9.464509
-9.363225
-9.776110
-8.793131
-9.104417
-10.112001
-8.495728
-9.086738
-8.678074
-8.329911
-6.914601
-5.282385
-5.089049
-3.019999
-4.842892
-2.625929
-3.270656
-2.700042
-3.537272
-1.723284
-2.512991
-3.191366
-0.965761
-3.213030
-1.050541
-3.800455
-3.684538
-2.721254
-5.342543
-4.934878
-5.244549
-0.788368
-6.326283
-5.988265
-5.288376
-5.222959
-3.959272
-6.357368
-4.826186
-5.345661
-4.003298
-3.295923
-5.269130
-4.740050
-4.753602
-3.102417
-4.243172
-4.270482
-3.169641
-1.844270
-2.239839
-1.693202
-3.335254
-2.320777
-2.708260
-1.865770
-3.972370
-0.653516
-2.369556
-0.805702
-3.282730
-3.543436
-1.490194
-3.139269
-3.483300
-3.593448
-0.542702
-1.732122
-0.698751
-0.615208
-2.629989
-2.131441
0.410923
-2.027345
-2.088292
0.922177
-0.221096
-3.230292
0.454012
1.224942
-0.941160
-1.398877
1.818944
0.813430
0.287411
0.869575
1.475952
3.704441
4.356479
3.391318
3.996810
6.454142
7.251097
8.052295
8.936089
10.778864
9.860986
10.279558
10.569128
12.629430
14.442867
14.259457
16.721293
13.225688
15.912738
17.031896
18.845745
16.119013
14.252262
12.186954
11.617475
12.093811
10.294179
6.077705
8.627672
5.628604
5.050905
3.248566
3.058742
3.435027
1.887314
-1.999036
2.180513
-0.104399
1.897362
-0.840227
1.983024
0.607061
1.669702
1.006795
1.162980
0.759480
3.774947
1.802093
2.138129
2.490791
1.077665
-1.206717
3.598000
0.511771
0.578590
-0.828318
-0.836164
-1.015345
-2.171244
-1.828901
-3.267464
-1.331889
-4.543194
-5.455244
-5.563255
-5.377411
-8.082643
-8.772742
-9.959562
-6.970171
-8.545940
-8.963990
-8.402023
-10.428598
-8.998267
-9.611640
-9.088471
-7.168738
-5.999115
-4.711310
-5.679809
-6.428569
-2.392012
-3.420843
-1.422643
-4.227650
-3.358082
-1.569804
-1.980851
-2.499884
-1.650273
-2.264662
-3.473101
0.079713
-3.859780
-3.258562
-5.241777
-4.316924
-3.227786
-8.563530
-7.134420
-6.402116
-7.958889
-5.685113
-6.988260
-7.548744
-6.625493
-6.253716
-5.533695
-2.827374
-6.659183
-4.966295
-3.955823
-4.114113
-4.305586
-2.818930
-2.187245
-1.188670
-2.185784
-1.093425
-0.674371
-2.320390
-1.421572
-2.046419
-2.783525
-3.324978
0.695555
-1.067169
-1.485861
-1.835118
-0.606278
-1.450049
-3.244599
-0.949006
-1.600142
-1.776467
-3.151319
-0.536155
-2.704162
-3.860125
-1.285503
-0.762960
-3.436222
1.077481
-1.067462
-1.965223
-0.892580
-1.288142
-1.128063
-0.304920
-0.680763
2.003112
3.913367
1.746559
2.513058
4.423388
4.382340
6.032279
5.764039
6.074613
3.970650
9.001302
9.400966
9.378549
11.598682
13.528267
14.082913
12.251321
15.217693
14.781427
16.696261
17.571168
18.174728
17.500054
15.526749
17.526926
15.764060
17.159120
12.791834
11.211710
9.337050
9.403507
9.100828
4.977199
5.744820
4.873436
2.253357
0.908854
3.351953
1.053572
0.467451
0.763581
2.595429
0.809640
4.021460
1.293157
4.987777
1.990278
4.857186
2.544527
3.198669
6.548516
4.793477
5.395986
1.265296
2.526810
3.195364
3.320172
1.490991
-1.541217
0.142331
-1.457016
-0.499737
-2.346320
-3.281908
-3.514957
-4.417139
-5.573878
-4.711497
-6.700310
-8.252434
-10.693220
-10.210944
-7.679011
-10.781000
-10.164105
-10.335161
-10.344921
-10.010519
-11.503296
-8.789332
-11.135281
-11.576304
-6.683551
-9.949205
-5.894734
-5.000184
-6.015642
-5.334875
-3.510729
-4.116721
-3.015630
-2.816976
-2.159667
-2.872084
-0.813718
-3.419448
-2.348693
-2.406893
-3.964817
-4.004728
-1.817568
-3.674570
-3.598290
-1.988193
-3.811822
-3.939739
-4.902893
-4.015995
-5.817935
-5.946668
-6.088552
-4.367594
-4.142755
-4.866869
-6.292870
-5.427799
-5.441376
-4.731719
-2.887526
-4.303282
-3.809468
-3.620298
-3.149783
-3.139633
-2.724119
-1.999740
-1.950052
-2.655728
-2.907183
-0.078134
-2.742319
-2.970685
-2.140214
-3.318238
-1.381842
-2.238267
0.266426
-0.035835
0.131299
-2.601152
-3.079395
-2.289903
-0.205608
-2.422863
-1.993399
-2.389686
0.078301
-1.809757
-1.205270
-3.526277
-2.147227
-0.054238
-0.922892
-2.015976
0.134399
-0.003566
2.420751
2.512102
3.114366
3.969230
3.349255
4.742756
7.340681
8.162737
7.831572
7.859407
7.496459
10.653955
11.339790
12.929013
14.819110
14.720320
16.556135
16.066507
16.509537
16.957230
16.498056
18.059543
18.339093
20.370288
16.153894
16.015072
13.856239
11.672390
11.997060
10.954100
7.074216
5.874287
6.287129
4.943589
2.900710
2.495355
0.646578
1.878341
1.083550
1.402569
1.875647
2.842993
1.774668
3.482876
3.868254
3.965695
3.150137
4.191491
4.365870
5.750432
5.141158
3.231366
3.546856
5.551395
2.417327
3.805218
1.649382
-1.832470
-0.273779
-0.480455
-1.156723
-2.198887
-3.514422
-4.904512
-5.295917
-6.862795
-7.857344
-7.609459
-7.954373
-7.524394
-9.226536
-10.727207
-10.613772
-10.669058
-9.519213
-11.899815
-12.074052
-9.266364
-11.592990
-10.876655
-9.236142
-10.728932
-10.954587
-9.155430
-7.543246
-6.918206
-5.423169
-4.393537
-3.341959
-2.897004
-3.512778
-7.944364
-1.698184
-4.359161
-1.735942
-1.725241
-4.516989
-0.068235
-1.018612
-2.742552
-4.072619
-4.768619
-3.557973
-4.214977
-4.111870
-5.872962
-7.884318
-6.064219
-6.458618
-6.041375
-5.915749
-5.958368
-4.125907
-5.026190
-4.474571
-4.452855
-3.844398
-3.543090
-4.700713
-4.306270
-4.029691
-4.935809
-2.749968
-2.532816
-3.052295
-3.015546
-1.136134
-1.980495
-1.481446
-0.498213
-4.256924
-2.685165
-1.317025
-1.851949
-0.599967
0.921526
-2.281453
-2.330111
-1.266449
-3.596826
-3.147883
-1.948478
-1.839768
-3.385064
-1.380441
-3.471823
0.222268
-1.850687
-2.009245
-0.722985
-0.407783
0.998020
1.674282
0.353733
0.771340
-0.294100
3.191780
1.339367
3.194372
4.193379
3.892860
4.630753
5.353281
9.148772
8.347425
10.380362
11.155332
11.990074
13.662060
13.838485
13.758175
13.866539
15.159821
17.313362
18.307554
19.139509
18.984928
18.748089
18.637145
17.346635
15.441806
14.702550
13.646899
13.215985
9.864299
8.488168
7.007293
7.373330
4.085782
3.194818
5.947002
1.482853
2.535221
0.481951
1.277713
3.227733
1.443055
3.214783
2.718038
5.800483
4.308042
5.628572
6.017483
4.394767
5.800741
5.081356
3.531361
4.357040
3.264690
3.308597
1.632932
3.143226
1.344203
0.691979
-0.344365
-0.308618
-1.920009
-4.191828
-5.927538
-4.843160
-5.526533
-7.976632
-9.195214
-7.382084
-9.364902
-10.160457
-10.072290
-9.375728
-12.324995
-12.074848
-11.181241
-13.037674
-11.666217
-12.502707
-12.375629
-11.495034
-9.532808
-9.883233
-7.988767
-8.796430
-7.762516
-7.137284
-6.241458
-4.652834
-3.184221
-4.142431
-3.176047
-3.268442
-3.522058
-2.984039
-1.350610
-1.541611
-2.787379
-2.803810
-3.123498
-2.718184
-1.683188
-5.493717
-4.948400
-5.849858
-2.148818
-5.410773
-6.943669
-4.924927
-7.326278
-6.683708
-4.322452
-4.448884
-5.856245
-4.132541
-6.337092
-5.129863
-5.172905
-4.814743
-4.859895
-5.056316
-5.531058
-1.779416
-3.521478
-5.257662
-4.536436
-0.736684
-0.907946
-0.104817
-1.550141
0.380839
1.597529
-3.619107
-2.197554
-1.249586
-0.703522
-3.830718
-2.804204
-0.908405
-2.825224
-1.065349
-2.036239
-5.208486
-2.622721
-1.490531
-1.433843
-3.169011
-1.122606
-0.444498
-1.110227
0.628481
-1.732564
-2.071190
-0.657503
0.855225
0.790120
1.940223
0.426838
3.731834
1.999764
4.696127
3.893236
6.157877
7.682645
9.213845
8.275246
9.703444
11.245193
12.082978
13.141583
14.548699
13.982655
15.010112
14.858275
18.344233
16.479636
19.520156
20.239050
20.327159
18.088053
18.860345
16.389291
13.102003
12.287977
12.536790
10.055060
9.908332
9.530516
7.216819
5.296313
5.293695
5.450073
5.454243
3.079200
2.554171
1.996121
3.307608
3.171996
2.293175
3.605146
3.958399
4.761021
5.236223
5.660948
6.899584
5.473602
4.433265
4.642126
4.533579
3.428539
1.961254
1.435818
1.957826
-0.056966
1.605976
0.878235
-1.904296
-2.233234
-3.128835
-6.680156
-4.780360
-7.524009
-7.920165
-9.044327
-10.433634
-9.202289
-10.997088
-11.011548
-10.939263
-13.268203
-12.401749
-11.713261
-14.063245
-12.901837
-12.333648
-14.349877
-11.432886
-12.960979
-11.324973
-11.631731
-12.080227
-8.157155
-7.491127
-5.638530
-5.354391
-3.098021
-1.663023
-3.161522
-1.371925
-1.221298
-2.793719
-1.411422
-0.558903
-0.603833
0.030247
-1.122235
-2.340666
-3.831764
-4.857628
-6.578297
-3.533303
-2.492383
-5.850400
-3.751527
-7.561027
-5.165072
-5.613626
-6.485942
-5.505573
-4.500600
-4.939429
-5.402856
-4.093439
-7.753516
-5.310304
-4.804143
-3.757022
-4.073990
-4.424323
-4.823902
-3.377029
-4.577486
-2.626611
-4.909625
-1.658268
-2.169971
-2.705818
-2.375338
-1.333506
-2.093169
-2.515497
-3.340688
-2.845763
-1.297531
-1.638453
-2.547176
-0.759886
-2.982641
-0.344904
-3.590478
-0.326706
-1.362898
-2.048144
-0.782394
-2.032945
-0.242922
-1.819392
-1.178575
0.239362
-0.432791
-1.424357
1.051344
1.283322
1.768832
1.376053
3.109504
3.845620
4.057040
6.744405
6.421685
7.276529
8.463970
8.522011
11.073594
12.162275
11.483792
14.882605
15.146490
17.174212
16.996749
17.462358
17.509305
19.350050
20.926874
18.943106
18.982651
17.971615
16.933483
14.747121
13.120523
12.643150
12.236304
9.534023
6.498813
5.367611
6.198741
3.286564
2.534502
0.973726
2.892326
0.893199
2.058644
0.473229
-0.196135
1.991696
3.049133
3.952052
3.405662
4.309124
2.819469
2.957155
4.443643
2.836982
5.270433
3.574542
3.502151
3.727112
2.785030
3.507908
2.050435
-0.124869
-0.150384
-1.414652
-2.306470
-5.095375
-2.432543
-5.207025
-7.992135
-8.243640
-8.037362
-9.998248
-9.953101
-10.911258
-13.024682
-11.561421
-13.434720
-15.692714
-13.950206
-10.919158
-10.390581
-14.955743
-12.313996
-10.574842
-11.420032
-11.130140
-10.344480
-9.945640
-7.958358
-5.474892
-4.009148
-4.039967
-2.761922
-1.983265
-4.780596
0.022168
-1.427951
-2.599579
-1.991014
-1.703882
-1.950104
-4.617902
-2.178843
-3.653863
-5.102041
-3.628499
-2.981281
-6.433769
-5.861899
-3.588479
-6.421805
-5.410375
-6.012325
-7.369921
-6.372037
-5.576552
-4.955741
-6.564535
-7.813609
-5.785724
-4.839282
-4.412396
-2.990511
-3.787150
-2.885333
-2.086734
-1.744945
-4.442581
-2.645218
-1.377004
-1.897671
-3.002276
-2.112688
-2.798573
-2.792189
-2.386127
-1.759335
-1.168421
-1.396049
-2.355672
1.106454
-0.566130
-4.822791
-1.959953
-3.008315
-1.540011
-1.167347
-2.371079
-0.488007
-4.110643
-1.981038
-0.667936
-2.037265
-0.562212
-1.262053
-3.147546
-1.885155
-2.781362
0.866818
-0.107914
-0.010244
0.839456
2.092652
1.466343
1.462853
3.153172
5.462135
5.684130
6.183428
6.296187
7.336308
9.473369
11.531845
11.308097
10.102488
12.931131
11.739764
14.473632
15.139818
16.897638
15.317803
17.821149
16.351312
15.508908
17.049879
14.408192
14.512456
14.071970
10.611027
9.740111
8.315700
7.647475
4.162801
5.726216
4.201984
3.004448
1.921685
0.907106
3.656410
-0.367703
2.621903
1.765011
1.300542
0.854234
3.184048
2.679344
1.494758
1.810917
3.641089
4.233318
2.466328
-0.030017
2.717728
0.992536
1.346996
1.332523
-0.389795
1.510645
-0.735753
0.012373
-3.032743
-0.903162
-2.617477
-5.388204
-5.277480
-6.380647
-5.533964
-8.371384
-8.592409
-10.820630
-9.512049
-9.308349
-11.905271
-9.924105
-10.959423
-10.788508
-11.936832
-11.501173
-11.205749
-8.403820
-8.205078
-8.892794
-7.026171
-5.309468
-4.508107
-3.193872
-2.653409
-2.051217
-3.026828
-3.508049
-5.282451
-1.850213
-4.913203
-2.588321
-1.421759
-2.347811
-1.555340
-1.841379
-4.719471
-3.634563
-4.789490
-3.411924
-3.494911
-4.950171
-4.562421
-4.964593
-6.032155
-4.881443
-5.009347
-6.123594
-6.666929
-6.117323
-4.687398
-4.040941
-2.534756
-4.462719
-2.656735
-1.914039
-3.959659
-2.812912
-4.797572
-2.535651
-3.764575
-3.983097
-2.436265
-2.493491
-0.948592
-0.989658
-2.498590
-0.563865
-1.162312
-1.227536
-2.819857
-1.477987
-0.912581
-3.147520
-2.391571
-0.812360
-1.376092
-0.878634
-1.997994
-1.430268
-1.119596
-2.362849
-1.905059
-2.762593
-0.503164
0.876151
-1.108774
-1.795054
-4.633848
-0.068048
0.365178
0.413611
-0.383468
0.919405
0.236653
0.613799
3.063820
2.169062
4.424302
4.873132
5.221177
7.579191
7.730280
8.308969
9.928540
9.316617
9.954646
12.410818
11.988585
13.586698
12.963385
15.155047
16.287770
17.741876
13.738887
16.048637
16.088202
13.109572
13.964836
11.867548
12.468107
7.652236
9.671114
7.780513
4.856882
6.190795
3.217770
4.714104
3.187040
0.508348
0.803655
-0.481007
-0.599278
0.815434
1.325540
1.898531
1.658370
-1.053177
2.387621
0.399516
3.020783
3.994326
2.956710
2.524559
2.950801
1.108311
2.915496
1.123016
0.391581
2.765853
-1.901598
-0.623149
-1.091695
-2.409733
-4.075499
-4.040166
-4.448181
-7.621562
-6.324383
-7.223986
-7.107109
-8.315496
-8.791141
-7.250620
-10.549086
-9.495750
-7.808199
-11.628530
-9.901277
-10.097607
-8.374697
-9.795469
-6.061751
-8.064516
-5.110973
-3.964466
-4.276483
-1.930630
-0.949264
-2.903222
-4.572571
-1.329779
-2.462321
-3.016316
-1.603150
-1.359805
-1.075178
-1.781925
-4.529447
-3.231062
-3.445323
-5.051553
-4.668026
-4.507173
-5.749260
-5.165532
-6.925771
-5.158254
-4.760243
-6.284466
-5.777965
-6.011669
-5.891964
-6.097486
-5.111298
-3.876326
-4.695103
-5.649844
-1.692052
-3.771575
-2.522295
-1.433699
-2.753928
-2.559614
-1.519284
-2.927268
0.044997
-3.310982
-1.941439
-1.704377
-0.376481
-1.835690
-2.646599
-1.157131
-1.502039
-1.667222
-0.433761
-0.479961
-2.375735
-2.680712
0.153458
-3.044105
-3.547629
-2.008225
-0.996177
-1.775384
-2.566976
-0.908868
-0.820073
-2.611352
-1.475587
-0.230871
-1.484534
0.033432
0.049592
-0.332901
2.410156
3.310592
2.836065
3.719207
4.756270
4.611697
5.176821
3.762115
7.238719
8.282062
7.715002
11.209326
11.698420
11.272355
12.579475
14.219381
12.511664
14.654694
16.358762
16.533526
17.678873
14.220306
14.975781
14.895825
16.641437
15.641900
12.779284
12.291981
11.190528
7.403049
7.604609
7.030816
4.688639
4.442225
2.263160
2.583383
2.595079
0.586451
0.678636
-0.113996
1.314932
1.526767
2.001677
2.442339
2.237697
4.784928
2.369568
2.716538
4.225464
5.297183
5.831312
2.411388
4.437607
2.615327
3.249987
1.892180
1.906128
0.651255
0.639023
-1.008935
0.648555
-2.948711
-2.237058
-2.920124
-5.232793
-6.783092
-5.370647
-7.024158
-8.090647
-9.056877
-11.103473
-9.526937
-9.620237
-9.378632
-10.686004
-10.116127
-9.721614
-10.856764
-11.273959
-7.564268
-8.028962
-7.526978
-9.732015
-6.754264
-3.182334
-4.443396
-0.832428
-2.408773
-2.540157
-3.057204
-4.572011
-2.971249
0.474970
-2.925047
-3.669307
-3.206131
-1.990276
-3.918632
-4.018862
-5.306963
-4.029022
-5.255542
-2.795013
-3.661466
-4.287583
-4.197836
-5.169615
-3.820610
-8.171154
-4.529661
-7.946040
-5.456817
-5.120589
-6.267660
-4.046339
-4.358160
-4.135624
-2.267615
-5.312591
-2.122684
-3.922679
-1.985978
-4.230452
-3.725487
-2.783048
-3.110125
-1.941284
-2.107057
-3.244152
-1.414121
-2.458960
-1.264067
0.532796
-1.944151
-2.368421
-1.822134
-1.977429
-1.704864
-2.560180
-2.989340
-1.066739
-1.486246
-1.792626
-2.131568
-0.882209
-2.075547
0.255405
0.143519
-1.407961
-1.464423
-0.134211
0.566876
1.059204
0.501819
1.548823
2.861507
0.938192
4.300450
4.764890
6.024754
3.794481
6.768067
7.673379
9.509201
10.377363
9.999326
13.282538
12.000975
12.045565
16.433671
13.411898
14.704291
16.395908
16.812559
17.898953
18.886047
17.931218
18.272796
17.982140
15.995273
11.579019
12.275704
9.959521
12.037164
8.613222
6.402073
5.836706
5.084977
4.811121
2.494501
0.262933
2.118764
2.899687
3.713766
3.259431
0.030768
1.809940
1.658097
4.631017
4.792504
4.407567
3.174635
4.840111
4.327867
4.237816
3.091532
3.191646
3.655294
3.779337
1.625015
2.908070
2.746882
1.611956
-1.270895
0.388533
-1.659472
-2.214559
-3.690529
-5.766137
-6.995043
-7.439172
-7.019801
-10.117060
-10.628027
-10.207845
-9.843950
-11.294818
-12.871667
-10.495457
-11.377475
-11.973625
-12.691187
-11.757052
-12.075275
-10.849491
-12.247426
-9.516724
-10.044011
-8.824688
-6.479973
-6.482429
-5.048791
-3.643327
-2.379553
-2.309067
-1.227380
-2.735937
-3.034452
-2.014036
-1.769325
-2.290808
-1.827710
-2.669991
-3.081374
-0.932704
-4.858770
-4.772806
-3.057538
-4.646894
-5.527537
-5.272532
-4.833615
-5.433772
-5.905315
-2.969045
-5.270732
-4.667867
-5.539715
-4.814344
-3.277121
-3.322287
-4.577116
-4.487057
-3.879473
-4.585119
-2.666519
-3.557449
-3.543215
-3.012821
-4.062890
-3.213203
-4.490083
-2.583474
-3.021818
-2.399413
-2.460958
-1.244821
-0.588020
-1.926397
-1.037897
-0.716317
-1.222019
-2.788912
-2.309370
-1.906350
-2.764943
-2.365506
-1.888762
-1.659396
-2.142091
-0.877616
1.002911
-1.124681
-1.731304
1.217626
0.575298
0.320124
2.231283
2.706087
0.420589
1.749317
3.332947
5.350860
4.784417
5.511303
5.234296
8.109736
9.934887
9.403768
11.470153
11.262175
14.296546
13.799999
17.139004
15.257567
15.090819
14.820462
16.005791
19.205917
16.797659
15.390304
19.578259
17.299847
15.410971
13.513374
12.925991
9.253366
8.386036
8.580671
7.984899
5.418234
3.463980
4.236979
3.940065
3.164853
0.986064
1.619779
3.716703
1.930186
2.474488
3.952228
3.551675
2.522609
3.797918
5.467215
3.319824
5.515684
4.625519
7.178360
3.403224
3.940436
4.113400
4.463840
2.459905
2.309434
0.182982
0.350080
-0.802668
-2.705946
-3.134301
-2.560493
-5.006086
-5.040082
-6.083219
-7.691421
-7.625099
-9.789023
-9.808569
-7.512825
-10.863795
-9.665941
-10.514227
-10.825384
-11.182603
-11.408359
-14.662117
-10.489622
-12.611760
-11.510123
-10.803590
-10.862995
-8.930243
-8.137644
-5.068523
-6.255252
-6.338924
-5.280620
-3.059173
-4.509068
-3.339355
-4.537000
-1.892490
-1.661911
-2.877337
-4.283106
-1.723874
-2.803302
-2.689043
-3.199359
-3.001909
-1.950036
-4.363043
-3.767647
-4.477646
-3.863032
-5.453563
-5.639516
-5.928356
-4.454636
-4.967311
-6.026456
-3.873920
-4.284426
-5.108886
-4.823722
-4.451505
-3.005923
-3.646392
-3.208621
-4.114610
-3.949918
-3.053084
-3.037906
-2.860746
-3.093390
-0.925374
-1.630429
-3.279213
-1.381461
-0.456778
0.836430
-2.361165
-0.327142
-2.629269
-1.366512
-4.188522
-2.932096
-0.927472
-3.031487
-0.944268
-2.369869
-1.121895
-4.443781
-1.436958
-3.428623
-1.271721
-1.863379
-0.242751
-0.985814
-2.173295
-0.760048
1.849451
-0.316734
0.975127
3.301906
2.696784
4.850851
5.872286
5.041353
8.149008
9.905644
8.472658
10.947723
12.176548
13.840634
13.989001
15.109754
15.939954
15.880763
16.722182
17.832272
19.493914
19.027124
17.809250
19.995566
17.652045
16.269905
15.149616
13.290928
10.906758
11.561059
9.404552
7.180833
5.954092
5.726965
5.043233
4.414965
3.384958
2.423657
4.099653
1.728703
2.416837
5.292538
1.653376
4.292556
3.248346
3.814756
3.651155
3.839284
4.425543
3.276902
6.221913
4.554219
4.916490
4.671523
4.350249
4.713333
4.174558
0.086780
0.242806
0.049661
-1.886547
-4.810117
-3.105245
-4.020382
-4.150426
-6.526373
-7.768407
-8.535972
-9.365417
-10.361566
-8.172535
-10.747001
-12.204448
-12.520854
-12.748399
-13.493653
-12.953415
-13.065735
-14.552281
-12.584670
-13.277098
-11.445584
-10.787677
-9.630335
-9.546506
-9.040475
-6.956028
-7.526093
-4.654781
-3.824276
-4.654748
-0.791682
-2.523994
-1.845358
-2.277095
-3.687243
-2.922957
-1.153558
-3.569744
-1.900629
-1.377705
-3.150505
-3.118848
-3.251309
-2.088146
-3.563361
-4.995982
-5.273889
-6.099153
-6.261174
-5.163575
-4.324333
-6.532369
-5.099310
-4.028202
-6.728519
-5.578309
-5.151082
-4.587649
-4.246090
-6.391107
-4.506595
-3.583966
-3.162211
-3.839306
-2.418156
-2.509321
-2.576819
-2.751284
-0.572996
-1.654634
-1.479133
-0.968928
-3.579788
-3.992802
-0.575718
-2.728610
-1.434289
-4.429879
-0.044279
-1.955860
-1.942844
-0.900866
0.352394
-2.404992
-4.741960
-1.611839
-1.158850
-2.432215
-0.648238
0.073383
0.087198
0.523022
1.041340
2.426190
2.064123
3.694370
1.713202
5.132774
5.517021
5.390394
7.422781
8.391146
7.169332
8.009922
8.712971
11.207393
13.803141
13.567764
13.451704
14.196572
15.017781
18.496104
19.189282
19.171080
18.965810
18.396675
18.056469
17.555269
15.533440
15.048762
12.842888
14.198836
10.341720
9.179516
7.135918
6.262674
6.512847
5.759267
4.197815
3.236014
2.646073
4.710728
4.433954
3.034563
2.743606
3.060257
5.459395
6.499555
3.733468
5.726289
4.955526
4.564126
3.085303
4.154104
5.454598
4.106511
1.682956
5.412340
3.075534
1.297105
-0.901957
0.151960
-0.341348
-0.543732
-3.826084
-4.565110
-4.832740
-6.521600
-6.219028
-7.685279
-8.961351
-9.144430
-9.684829
-12.909648
-9.367267
-12.994317
-12.305805
-12.123544
-14.117169
-10.894183
-14.589052
-14.297707
-13.121274
-12.164339
-10.164556
-10.867721
-10.170636
-8.011711
-5.265285
-5.816059
-3.734525
-5.054685
-4.467440
-5.224348
-4.235662
-2.200107
-4.433404
-2.750946
-2.662035
-2.975659
-2.357792
-0.471416
-3.932680
-3.878726
-4.132635
-4.532892
-4.539120
-4.245273
-4.574883
-4.032033
-6.511382
-7.725721
-6.813120
-5.736250
-4.888375
-6.181397
-6.315702
-5.521138
-5.867057
-6.064001
-3.423503
-2.565734
-5.701671
-4.178603
-5.627750
-2.894531
-4.963320
-3.279799
-0.089613
-3.355494
-2.136268
-1.095678
-0.616372
-3.024594
-1.192774
-2.871341
-1.623857
-3.429609
-1.604452
-2.309158
-1.219626
-3.291138
-0.454985
-0.827443
-1.287123
-1.486672
-1.732100
-2.476963
-2.802252
-2.238263
-3.765750
-2.179025
-2.214965
-0.570603
0.174423
-1.521075
-1.994222
1.265822
-0.671048
0.176780
1.761600
1.492339
3.038414
2.201540
6.289200
4.054479
4.199575
7.687107
7.807082
9.115460
11.081848
11.801671
11.668107
13.156988
14.290692
13.958835
15.435945
16.332498
20.081957
17.850483
18.004384
18.271883
14.662345
16.414570
15.499451
14.745091
11.649946
11.230012
8.639167
7.913692
6.785502
5.726187
5.329106
6.310240
2.284370
2.454204
1.991590
1.355314
3.883990
1.613515
2.435464
-0.272239
1.871240
3.078054
1.254858
3.251714
1.297308
2.900103
1.898394
4.603078
2.325365
1.850992
1.087077
1.356684
1.173984
1.281217
-1.033264
-2.439055
-0.460636
-1.863941
-3.748076
-5.721903
-5.197014
-5.934065
-7.583318
-7.906960
-9.230115
-7.992909
-10.066364
-9.916715
-11.148038
-12.256137
-11.921008
-11.592026
-13.945758
-11.093177
-10.431207
-10.750029
-10.407178
-8.422277
-8.225545
-7.873046
-5.158141
-6.045663
-4.747720
-4.924138
-4.381345
-4.071078
-1.525725
-2.560756
-4.608894
-1.788531
-0.931918
-2.706306
-3.684776
-1.997607
-4.553666
-1.212986
-3.625784
-5.384117
-3.197482
-5.130843
-5.065537
-5.348039
-8.059284
-6.198922
-2.468781
-6.086577
-7.831153
-5.511878
-6.060641
-5.373671
-4.191134
-4.741041
-5.579189
-3.291245
-4.028394
-2.918225
-3.206227
-3.633654
-4.616173
-3.571476
-3.084886
-1.970074
-0.913736
-0.019670
0.072705
-3.912526
-0.169587
-1.213449
-3.864703
-2.274320
-1.360321
-3.530038
-0.391401
-1.567001
-1.129943
-1.452710
-1.968756
-2.274117
-1.191151
-1.731294
0.769243
-1.408742
-1.244037
-2.870640
-1.539654
-1.836946
-2.109414
-1.531160
0.167485
0.054091
-2.321022
1.666057
0.515202
0.460325
4.169305
3.979041
2.802997
3.287161
5.106784
5.010922
8.189638
8.009335
9.241901
8.594446
8.136935
10.165995
11.145640
15.100065
10.615481
12.578500
14.376744
14.712951
16.169824
15.781697
15.223474
15.467263
12.189037
14.292784
12.160256
11.181203
8.751163
8.239439
6.755113
4.941843
5.287103
4.923136
2.373657
-0.490025
0.907490
-1.311168
0.493640
-0.031972
-1.317715
1.412027
-0.575815
1.704051
1.499624
0.803949
2.111995
1.149933
-0.424339
-1.147932
1.627742
1.304318
2.042830
0.165744
0.378809
1.689013
0.535681
-1.215420
-0.421530
-1.525713
-2.917250
-3.632711
-7.578853
-4.714003
-5.832009
-4.874045
-6.622365
-7.770802
-8.014031
-7.859770
-9.830420
-10.160892
-9.296121
-8.701442
-8.456362
-9.095713
-6.098464
-6.479859
-7.256307
-4.510137
-4.522713
-1.661067
-2.806237
-4.043144
-3.562602
-3.136605
-2.209647
-1.809261
-2.452154
-3.275857
-4.370064
-3.386574
-1.605110
-2.833845
-3.143218
-3.556518
-3.020876
-3.953910
-6.053949
-4.167064
-5.781143
-6.483624
-4.491014
-5.628496
-5.510187
-5.915801
-3.588965
-5.815171
-4.272492
-4.753370
-6.234923
-6.061502
-4.714324
-3.425255
-3.155994
-3.592489
-3.627368
-5.069443
-2.527171
-3.672074
-0.881398
-1.240608
-2.675774
-3.265103
-2.374449
-0.875376
-2.086536
-1.620272
-2.046301
-0.336284
-1.894772
-1.835006
-1.147932
-1.198477
-1.670024
0.467016
-1.779396
-1.996085
-1.668946
-2.351434
-2.187978
-1.428936
-1.811501
-3.260042
-2.188419
-1.226277
0.176250
-1.770527
0.642659
-0.192208
1.360501
1.811090
-0.142046
-0.000764
3.259096
2.976995
3.569833
4.130884
4.489291
6.417084
7.955675
7.073332
8.764261
11.465947
9.676033
12.279941
13.073449
12.571302
12.567624
13.524667
15.507042
15.771762
17.618651
17.111386
17.459699
15.962436
16.121178
15.006706
11.308547
11.545170
10.688240
7.470891
5.214761
4.958613
5.490462
4.021589
3.426229
1.747384
0.114877
3.920203
1.337187
-0.137654
-0.078231
-1.919941
-0.577378
0.943635
1.920509
3.999750
2.748512
2.956035
3.617541
2.728301
5.067851
3.417272
2.964893
2.931224
2.427052
1.640889
0.976672
1.042936
1.686056
-1.305969
-1.576377
-1.888469
-3.554016
-4.331943
-5.462985
-5.086798
-6.395554
-6.522115
-6.947343
-7.692076
-8.783370
-8.097357
-9.542419
-8.496169
-10.984277
-10.848088
-9.659260
-9.464751
-10.133052
-9.595662
-6.063560
-7.462407
-4.375482
-3.738802
-4.849811
-5.948857
-3.832247
-2.202602
-2.346215
-3.238732
-2.151623
-4.228749
-1.510385
-0.338727
-3.493223
-3.831819
-2.631128
-2.607873
-2.043000
-3.002948
-5.844258
-5.609521
-5.863427
-3.076066
-3.999868
-4.999119
-5.982072
-6.048518
-4.502476
-7.745793
-6.128137
-6.875441
-4.191895
-4.381784
-2.470174
-4.177509
-3.331220
-3.561144
-1.643527
-2.647469
-1.651355
-2.791757
-1.756507
-0.506501
-3.307380
-3.906286
-1.462344
-1.853644
-1.781501
-1.384962
-1.977293
-2.146830
-0.766035
-0.523386
-1.852032
-0.082117
-1.653935
-3.149348
-1.119364
-2.077466
-0.682520
-1.974416
-0.600913
-2.063769
-0.952925
-2.302357
-2.323930
-3.501525
-0.441835
-0.913992
-2.541803
-0.347352
0.322804
1.448941
1.294370
0.273378
2.993262
3.257578
3.688302
5.378706
4.452384
6.394867
7.717567
7.394030
10.278193
10.380188
11.252661
14.028175
11.703160
13.301177
13.402219
15.616103
13.924457
16.252154
18.425858
15.530828
18.859233
17.276176
15.876342
15.673403
15.100006
14.191735
11.224813
8.698567
5.863604
7.242266
4.353357
5.212137
3.487763
0.710914
0.985400
1.947902
3.274738
2.132207
1.881371
1.955072
5.347322
2.377890
4.537531
4.728366
3.687724
4.509980
3.286644
4.041635
4.173727
2.871143
4.550137
2.820885
3.220691
3.327717
1.471150
2.261012
-0.812967
-0.495238
-0.760111
-4.539443
-1.624669
-3.798070
-5.155955
-6.710932
-6.489519
-5.931031
-6.524523
-8.706538
-7.467567
-10.199098
-12.111181
-9.974333
-9.268234
-10.988249
-11.650538
-11.453328
-10.389504
-9.812126
-11.114465
-10.552744
-8.272879
-8.350645
-5.827360
-7.018626
-6.674498
-3.002939
-3.479563
-3.489730
-3.160023
-4.886547
-3.316586
-2.526645
-2.856103
-2.854366
-3.824702
-3.632709
-3.652713
-2.485811
-1.738591
-5.274091
-2.596420
-2.510280
-4.794379
-4.585629
-4.932676
-4.263409
-5.319295
-2.946995
-4.980032
-4.399794
-5.847434
-5.855515
-3.886159
-6.144082
-5.443606
-3.553324
-4.484579
-3.849810
-2.653240
-3.209106
-4.383783
-2.405025
-3.909446
-4.503291
-1.118877
-3.335496
-2.126518
-3.188793
-1.955659
-1.663847
-2.238945
0.018068
-2.350184
-1.106686
-1.181343
-1.845705
-1.616906
-2.103144
1.206193
-3.778133
-0.868154
-0.588331
-3.037816
-0.703876
-1.582855
-2.280952
-0.282434
0.877785
-1.266974
-0.770158
1.678954
-0.014164
-0.020629
0.713398
0.158011
1.562210
3.328084
2.355328
3.812907
4.655290
4.623623
9.477253
8.409686
10.129345
9.648196
11.406658
10.348054
13.839823
13.559841
14.035595
17.047456
16.721130
18.284118
17.488846
19.159072
20.121473
18.665889
17.508914
15.069032
13.339557
12.705754
12.307046
8.807135
8.346006
7.682005
4.742661
6.400273
4.570987
3.764487
-0.348619
2.810314
2.672448
0.619994
2.456424
3.001930
1.544186
3.135892
2.657637
4.272856
3.101833
4.525890
5.354485
3.373427
3.909480
3.762750
4.561877
1.753443
6.298964
2.822321
1.735404
-0.003897
0.211264
1.202534
-1.419991
-1.173731
-3.761784
-5.928897
-4.930433
-4.437496
-6.335431
-8.231022
-8.713347
-9.839141
-9.313249
-10.795450
-9.786596
-11.053315
-12.042412
-11.009458
-9.986608
-12.215993
-12.455789
-10.601009
-12.468219
-10.871766
-11.039428
-11.622082
-5.151534
-7.824098
-6.910305
-4.027013
-3.518304
-3.116676
-4.510597
-2.510128
-2.281958
-1.608571
-3.109476
-1.897958
-1.572205
-3.285334
-4.686919
-2.729179
-3.880478
-3.123539
-4.523814
-3.799360
-2.071562
-4.844360
-4.736524
-4.188838
-3.701465
-4.372906
-4.679042
-5.054155
-4.546750
-4.856267
-6.178042
-4.027692
-2.940166
-6.147107
-5.269443
-4.704099
-4.170884
-2.741243
-4.835238
-3.235296
-3.304163
-4.435277
-2.490124
-3.117584
-0.605706
-0.344753
-0.990119
-0.529245
-3.364175
-0.572057
-1.307322
-0.630996
-1.532912
-2.743801
-0.949281
-2.606231
-3.842453
-1.661128
-1.391343
-2.772613
-1.756117
-1.081144
-0.039220
0.026802
-2.363096
-1.820792
-0.299127
0.029788
-1.818021
1.491538
-0.066972
1.406911
2.512067
1.530266
3.392982
3.838909
4.165960
3.814825
6.273238
6.351106
9.145680
10.807247
12.129171
11.609189
12.707176
12.980942
14.462081
14.579360
18.037024
18.467354
18.754671
18.741213
19.057394
18.447214
17.743100
16.703421
17.417252
13.201353
12.599649
9.890189
8.826172
8.933997
6.953188
5.665619
4.761091
3.907377
4.685786
2.938729
2.299941
2.141140
3.360420
1.978932
5.047195
2.596593
3.584527
6.008366
3.561084
5.203537
5.114450
4.582128
8.430047
3.322928
4.153209
2.231313
5.746519
4.203881
3.579758
0.753365
0.032659
-0.665924
-0.691340
-2.153509
-1.065407
-2.611656
-3.534032
-7.963962
-5.334993
-5.997489
-6.127653
-9.176593
-8.770081
-10.179553
-13.021684
-11.575715
-12.030982
-10.859786
-12.983347
-12.456731
-11.838325
-12.257935
-12.326647
-15.225961
-11.601878
-10.453046
-11.257385
-7.058267
-6.806055
-6.437778
-5.317447
-7.383462
-3.757319
-4.892324
-3.113389
-2.884163
-2.878300
-2.069621
-1.585772
-3.373562
-0.721833
-3.160708
-2.127972
-4.722319
-3.469019
-3.329665
-3.145677
-3.084778
-4.547286
-5.037093
-5.695261
-5.488544
-4.480122
-5.605788
-4.033687
-7.894767
-5.793721
-4.580422
-2.973933
-5.498004
-7.538468
-0.752184
-6.122684
-4.384594
-3.822776
-3.587645
-3.467431
-3.779788
-2.413556
-3.951289
-2.483865
-2.101266
-2.853841
-0.608188
-1.745611
-2.872857
-1.132774
-2.234094
-2.626542
-3.876938
-0.981381
-1.466449
-1.824959
-1.148348
-1.509348
-2.157278
-1.762625
-2.166460
-2.171661
-2.216444
-1.554886
-1.838866
-1.464718
-2.142955
-1.919018
0.418360
-1.130005
0.528810
1.782120
2.813534
2.312986
2.135475
4.298149
3.353778
5.480815
6.300676
6.185277
7.956548
9.244448
9.949245
12.068884
13.218269
13.132315
15.410137
16.829220
16.427301
16.565191
18.261837
18.919827
21.797717
20.404697
18.944625
18.127722
17.956392
17.533913
13.512790
12.265309
9.549303
11.486428
8.365784
6.171012
6.925071
5.540628
4.638890
3.138304
2.948284
3.270087
0.307904
2.207336
1.452891
2.698656
2.657920
2.907298
3.056866
3.688425
2.742890
4.276629
3.675286
5.625815
6.217463
3.417067
6.210040
5.100244
2.618685
0.583037
3.058285
0.789049
1.320231
1.019703
0.129400
-1.868696
-4.942800
-4.798149
-3.836718
-7.110286
-6.031083
-8.459415
-9.205702
-11.682088
-10.252448
-12.342277
-14.420707
-13.534573
-13.785028
-14.364019
-14.025146
-14.779620
-14.095135
-11.848465
-13.110965
-11.362608
-10.812786
-8.291284
-8.401679
-9.447749
-8.026048
-4.401583
-4.791256
-3.716347
-5.235039
-2.992875
-1.142460
-1.371390
-2.761684
-2.065233
-0.920388
-1.738430
-2.515184
-1.006471
-4.835851
-2.760727
-2.659839
-4.679287
-4.105326
-3.797774
-7.054329
-6.573149
-5.648193
-6.655814
-6.032268
-7.247980
-5.356019
-6.212865
-5.731822
-3.868037
-4.928763
-5.816926
-5.079778
-4.602205
-5.379909
-3.038782
-5.269019
-2.531352
-2.200497
-3.766370
-2.471026
-1.514193
-2.585620
-1.684999
-1.343303
-1.576197
-1.695112
-1.046057
-1.797458
-0.487824
-1.532340
-0.669881
-1.631078
-1.933480
-2.775649
-1.413030
-2.210338
-1.930623
-0.434082
-1.124227
-0.345560
-2.305775
-2.600066
-1.045675
-0.309233
-3.054313
-1.657289
0.879760
-0.329976
-0.498840
-0.148644
4.361025
-0.167489
1.672392
5.065006
5.049740
7.237752
7.829496
7.384397
7.909183
10.389182
12.491737
10.207693
15.186747
15.619579
15.231753
15.981242
15.383546
16.545336
17.193700
19.573631
19.475365
18.191406
19.844274
16.994591
16.852360
13.058241
11.882766
9.237759
9.002315
6.480462
6.351860
4.564581
4.818776
2.935547
1.432670
1.518894
1.469736
1.678747
3.815685
3.071143
3.338306
2.491403
1.923011
2.537378
2.698989
4.705779
1.667749
3.974324
4.229277
4.657594
4.671145
4.326905
4.009283
3.306258
2.270420
0.723850
1.503547
-0.842308
-2.273499
-0.896455
-2.476841
-3.534507
-5.669701
-6.134961
-6.067721
-8.572361
-8.984960
-11.681085
-11.164884
-11.936248
-9.137911
-11.066546
-12.966864
-12.618332
-12.491567
-13.722090
-11.901177
-12.912650
-11.987707
-11.573985
-9.078061
-8.887762
-8.256541
-7.836390
-5.967770
-3.196106
-5.832341
-4.068938
-3.802286
-2.633919
-2.182576
-1.627969
-2.698093
-3.241249
-1.903624
-0.967768
-4.461711
-3.157597
-3.231177
-3.056760
-4.571247
-5.960974
-4.157100
-2.978110
-5.646949
-4.515466
-6.370906
-5.554875
-6.967757
-6.122096
-5.979708
-5.008749
-6.588631
-4.195625
-5.828260
-5.511796
-5.619764
-4.490097
-3.649668
-4.815127
-3.238007
-0.924337
-4.244797
-2.963842
-2.288746
-0.507108
-2.978072
-1.285305
-3.159477
-3.010008
-3.638580
-1.458637
-2.094951
-1.049883
-1.389659
-1.062207
-0.752836
-2.222057
-3.021562
-1.872213
-2.241340
-3.173912
-3.230373
-2.962991
-1.524431
-3.036469
-1.545251
-2.836407
-2.214596
-0.673801
-1.566676
-0.254817
-1.161704
-1.100783
-0.747289
1.202757
1.695281
2.929832
4.027299
1.789610
2.151209
3.518864
5.417908
3.571018
5.438863
5.303438
10.683362
7.537709
9.911338
11.142708
11.563932
12.961476
12.521695
13.383567
17.344226
15.888488
16.542286
15.532831
16.700095
14.908291
14.332868
13.862499
10.931757
8.635317
10.114113
9.655249
6.805239
7.829383
6.267756
5.948218
3.480884
2.549455
2.019929
-1.174238
-1.089693
-1.261900
-1.090892
2.515241
2.262354
1.043608
3.366828
0.398780
3.743981
1.494975
1.494700
0.474573
1.781717
3.607662
3.152522
2.507473
0.250918
-1.488604
-0.848672
0.582997
-0.419778
-1.015185
-2.623822
-2.412860
-4.189114
-5.459527
-5.836752
-5.844740
-6.659006
-7.337539
-9.028890
-9.862533
-8.487807
-8.742643
-9.709561
-9.806570
-12.855553
-9.429520
-10.315316
-11.170027
-7.896662
-8.455125
-6.968726
-5.664589
-4.791175
-3.379315
-0.693357
-1.998488
-2.800961
-3.652077
-3.514431
-2.660557
-2.509224
-0.899155
-4.797076
-3.393540
-3.788797
-2.308383
-3.404471
-2.807244
-5.190780
-3.152881
-4.695532
-3.951687
-5.406360
-5.946961
-5.606153
-7.059094
-6.196632
-3.400883
-4.395481
-5.237675
-3.690265
-5.327654
-4.491225
-4.764787
-5.052472
-3.600662
-3.442975
-2.744805
-3.311574
-2.431060
-3.082479
0.070020
-3.140519
-2.429772
-3.710833
-3.488106
-2.378580
-3.951052
0.306166
-0.719964
-0.345734
-3.421518
-2.126261
-1.950034
-0.358198
-4.597076
-1.376277
-2.511962
-1.140878
-3.716184
-0.166494
0.468086
-1.654676
-1.556223
-0.962876
0.087467
0.760801
-3.293658
1.624846
0.079665
0.324986
-1.028473
1.907450
1.752770
0.232720
1.569665
2.092337
3.067883
3.489853
3.492445
4.745088
5.930796
5.697067
7.037976
9.524719
10.519998
11.538438
11.041221
12.109659
12.817042
12.675796
14.525647
13.966457
14.263436
15.683039
17.326031
15.860901
15.307413
15.637624
13.156614
12.951710
11.801775
8.315739
8.634843
6.585164
5.352840
5.612790
2.212812
1.308233
2.423490
0.470973
0.708108
0.752104
0.337779
0.492428
1.012182
1.274020
1.081463
0.665880
3.183827
3.301162
5.088994
4.662014
2.509578
3.180736
3.985621
-0.510969
4.450210
2.428095
1.090552
-0.499835
0.890491
-1.787276
-0.117628
-3.764473
-3.194833
-3.352028
-3.129691
-3.927947
-6.324028
-8.256498
-6.901704
-9.100553
-8.236686
-8.277547
-9.238236
-8.589106
-11.353149
-9.189415
-11.439411
-10.791263
-8.713341
-9.060996
-8.277609
-8.140893
-6.316587
-3.721141
-5.491749
-1.846071
-4.250180
-2.068784
0.209032
-1.080447
-3.228266
-2.805200
-3.836420
-2.126526
-1.008004
-3.635771
-3.194534
-3.401616
-3.910157
-5.800702
-4.096099
-4.711506
-5.693598
-3.998554
-4.955841
-5.717929
-5.666413
-4.684789
-4.924691
-3.281425
-5.158495
-4.932299
-5.716532
-3.456726
-4.810776
-1.711551
-2.969102
-4.357160
-3.870561
-3.821444
-1.840901
-2.736739
-1.251345
-0.771678
-1.925361
-2.575218
-2.935684
-0.761898
-2.876416
-1.998159
-0.665850
-1.905260
-1.127036
-0.423451
0.119034
-2.443112
-2.800580
-1.359986
-1.262002
-0.635467
-2.660560
-1.162214
