3.298173
4.566454
5.588927
6.280775
6.448534
6.114912
7.742197
4.079188
0.095850
-2.492400
-4.349420
-6.914853
-8.937999
-9.682035
-9.725311
-9.754403
-9.464813
-7.293699
-5.054628
-3.291890
-1.864805
-0.130445
0.439056
1.463068
1.703930
2.460548
3.739061
4.488038
5.127914
5.953575
5.540463
3.055440
1.359056
-1.622192
-5.006095
-6.586563
-6.517360
-5.014327
-4.766136
-4.397012
-3.812329
-3.524004
-2.504438
-1.498779
-0.660920
-1.045112
-0.478280
-0.466052
-0.067351
0.021583
0.297190
1.539855
2.384894
3.561500
3.898659
1.343272
-0.349738
-1.552589
-2.813928
-3.513413
-4.418175
-5.315828
-6.134579
-6.570955
-6.095951
-4.586912
-3.423253
-1.922816
-0.905786
-0.007948
0.803376
1.988291
2.601468
2.682211
3.435430
3.636799
3.434376
4.545112
4.207084
3.776495
1.343636
-0.240014
-1.446047
-1.761934
-1.678300
-1.671647
-1.103930
-2.743615
-3.200021
-2.964362
-2.360371
-1.973816
-1.389213
-0.812194
-0.800161
-1.330108
-1.088375
-0.550535
-0.224770
0.326327
0.796115
1.745821
1.495837
0.377978
-0.087401
-2.066993
-3.292097
-3.914526
-4.919843
-5.655187
-6.066325
-6.145947
-5.615085
-4.180609
-2.731322
-1.455629
-0.481069
0.435129
1.972977
2.957561
3.464858
4.274325
5.016925
5.532960
5.475473
5.742962
5.789111
5.235442
3.380002
2.062059
0.602225
-0.730579
-1.442614
-1.891623
-1.972480
-2.340511
-1.919630
-1.542521
-0.813666
-0.202690
0.653167
1.198707
1.753710
1.496965
1.826958
2.031279
2.182686
2.656020
3.722221
4.425333
5.674747
4.642545
2.033963
0.580163
-0.467725
-1.923326
-3.422248
-4.529115
-5.869597
-6.453300
-5.545380
-4.028847
-2.135693
-0.768173
0.479593
1.483862
2.110084
2.660397
3.115634
3.270459
4.126077
4.757635
5.183802
5.577617
6.059090
4.734109
2.181863
0.365627
-0.510706
-2.522678
-4.255623
-5.425477
-5.994507
-6.050406
-5.046751
-3.301833
-1.948628
-1.090258
-1.015306
-0.902946
-0.772359
-0.732046
-0.086021
0.357882
0.170561
0.402667
0.797060
1.900167
2.111421
1.414549
0.219602
-1.061504
-2.021997
-2.234398
-2.857789
-3.818407
-3.688483
-4.128939
-3.133050
-2.405058
-0.789468
0.287952
1.213472
1.424068
1.331516
1.463604
1.017120
1.298531
1.324420
1.879188
2.788001
4.024941
3.929676
2.527388
1.023724
-0.101711
-1.818513
-3.371935
-5.208434
-6.865957
-8.110528
-8.620612
-8.012829
-4.903484
-3.225222
-2.152391
-1.223255
-0.226516
0.583112
1.222987
1.751709
2.706842
3.695956
4.287473
4.984407
4.914803
4.684850
3.624066
2.819722
2.402048
1.680378
-0.220253
-1.839319
-2.760408
-3.376078
-3.660228
-3.033794
-1.318974
-0.298581
0.452159
1.011076
0.915878
0.895235
0.835189
0.764540
0.991238
1.073285
1.516406
2.087373
3.344708
4.523591
3.211761
2.143098
1.442169
0.662269
0.204089
-1.062764
-2.072734
-2.923228
-3.485800
-3.140393
-1.547903
-0.113075
0.944440
1.949085
2.601434
3.451448
3.857070
4.526976
5.294690
5.795920
6.310109
6.784031
7.198030
7.895765
5.505750
2.571371
0.478846
-0.865417
-2.877198
-4.854324
-6.734244
-7.838996
-8.082564
-7.555119
-5.904649
-3.451278
-2.375732
-1.499106
-0.490205
0.321292
0.733903
1.471053
2.072307
2.707747
2.337776
1.962077
2.835423
3.118206
3.160782
2.968780
1.721385
0.604252
0.653877
-1.117798
-2.612033
-4.308624
-4.892342
-4.219613
-3.180127
-1.667151
-0.811023
-0.162456
-0.373261
-0.167200
-0.175405
0.146526
0.559117
0.663446
1.072109
2.022740
2.148259
2.402012
1.646457
1.045035
0.297156
0.325012
-0.467286
-0.536375
-1.080994
-1.109913
-1.880811
-1.518665
-0.836986
0.266654
1.513032
3.152182
3.679102
4.301937
4.734651
5.215125
5.913365
6.699369
7.574531
8.625270
9.527350
9.834253
7.819775
5.585609
3.301054
1.912525
0.050010
-1.993841
-3.596972
-4.444401
-5.344774
-5.552355
-3.437120
-1.071722
0.691799
2.042819
3.351042
4.184690
4.803563
5.314801
5.933546
6.874140
7.241358
8.410027
9.052038
9.465175
6.830277
3.437308
1.206223
-1.427383
-3.981678
-5.883971
-6.935265
-7.321395
-7.483512
-7.362319
-5.859953
-3.443097
-1.710863
0.132013
1.609751
2.066301
2.488422
3.850727
4.422522
4.940699
5.053616
5.016935
6.211265
7.952130
3.804892
0.043119
-2.546746
-4.808595
-6.257193
-7.813057
-9.015267
-9.740052
-9.889717
-9.214281
-8.386581
-5.787265
-3.712686
-2.120688
-1.635029
-1.034011
-0.324879
0.695477
1.505302
1.946562
2.962164
3.399534
3.461472
2.704784
2.564726
-0.847502
-3.628021
-6.345179
-7.292451
-8.178556
-9.429994
-9.460519
-8.764571
-8.353693
-6.581470
-4.252338
-2.539693
-0.824900
0.827119
1.875646
3.165670
3.815835
5.172185
5.463716
6.348361
8.184067
8.916948
8.930771
7.109168
4.781501
1.646997
-1.008078
-3.721111
-5.810496
-7.142184
-7.283076
-6.533231
-5.304923
-3.955031
-2.295980
-0.894087
0.709631
1.581334
1.594250
1.556484
1.473092
1.185878
1.080462
1.038770
1.202420
1.752153
1.626761
1.173905
0.496608
-0.552525
-2.397907
-3.542365
-4.578820
-5.582375
-5.970667
-6.150236
-5.286966
-3.697342
-3.350148
-2.636521
-2.952728
-3.384852
-3.006284
-2.908456
-2.956975
-2.838091
-2.513213
-2.133301
-1.856560
-1.412975
-1.780265
-1.849651
-1.225265
-0.441195
-0.708802
-1.947440
-2.769754
-2.495632
-2.067337
-2.862916
-2.485965
-1.373526
0.394629
1.342913
2.562687
4.082482
3.692998
3.518711
5.009068
7.188736
9.232519
10.308260
11.106926
8.765004
6.284921
5.169530
4.034946
2.720761
1.820785
0.782847
-0.419741
-1.101813
-2.006625
-2.759274
-2.705112
-2.213878
-1.072097
0.833015
0.830280
0.017867
-0.151884
3.531880
5.491790
5.030257
7.447603
8.065612
8.329603
8.437092
7.887560
4.302381
0.200019
-1.494350
-2.935840
-3.788899
-4.887008
-5.928120
-6.464975
-7.117075
-7.013922
-6.417416
-3.840620
-1.482935
0.881413
2.179576
2.938028
3.164446
3.833465
5.194866
5.163077
5.278318
5.926009
5.202198
4.141975
1.019163
0.268204
-1.826607
-3.815930
-5.456527
-7.253590
-8.121005
-9.045912
-8.594039
-7.935397
-6.397431
-4.173723
-3.026717
-2.599165
-0.452386
0.478716
-0.166203
2.304247
3.437039
4.694717
5.833383
6.485480
7.559618
7.288481
3.755412
2.021473
1.632833
0.607714
-0.128264
-1.533010
-2.535307
-3.582189
-3.811251
-3.573007
-2.221766
-0.473053
0.539105
1.338853
2.347510
2.558143
3.048633
3.765110
4.385333
4.454024
5.598675
6.389665
7.453743
6.929660
2.595780
0.104723
-1.063273
-2.045076
-3.630155
-4.503975
-5.274692
-5.967639
-6.397469
-6.791143
-6.034210
-4.637248
-2.112110
1.348537
2.854533
4.010419
4.680198
5.438395
6.544944
7.291774
7.794867
8.711721
7.069791
7.483133
4.404574
-0.181436
-4.848807
-6.547617
-7.641426
-8.962023
-10.044780
-10.854022
-10.573396
-10.139422
-8.828170
-6.977294
-4.874010
-2.943765
-1.027160
-0.309444
0.587676
1.414689
-0.962691
1.704368
2.898587
4.096267
5.096758
5.361966
3.197544
1.002415
-0.373153
-1.433364
-2.638980
-3.739758
-4.293615
-3.708100
-2.511094
-1.186243
0.625043
2.118961
2.597117
2.745459
2.435045
2.516537
2.254449
2.179901
2.207934
2.437136
3.679048
4.442051
4.844674
5.005279
3.537913
1.883031
0.429873
-0.973141
-1.997036
-3.409366
-4.458471
-5.220908
-5.754307
-5.971382
-5.406652
-2.926317
-1.096974
0.678103
2.021604
1.951899
2.259051
2.773093
3.548572
5.543700
6.318623
7.566461
8.496299
8.016629
3.989496
0.769190
-2.617611
-4.635517
-5.901040
-6.625362
-7.374201
-7.634744
-7.520299
-7.177653
-5.539226
-4.305463
-2.816477
-1.446580
-0.547530
0.276744
1.596517
3.911668
4.228152
4.495491
5.354653
6.221199
6.644499
6.979912
6.030220
2.965743
0.112604
-2.162476
-3.713965
-5.204140
-6.338885
-6.544440
-6.897934
-6.242690
-3.971785
-1.989582
-0.861470
-0.473247
0.221022
0.190359
0.444603
0.642616
0.163622
0.827877
1.385491
1.468682
1.934469
1.983322
1.563386
1.167077
0.034810
-1.485629
-2.499530
-3.291517
-4.171870
-4.781219
-4.506803
-4.221377
-2.724127
-1.650940
-0.558152
-0.434497
0.244165
0.704193
1.136076
1.096484
1.059737
1.465710
1.458698
1.841936
2.106901
2.642101
1.856232
0.426243
-1.475805
-1.863828
-2.895819
-4.185415
-4.834137
-4.692366
-5.398451
-5.112386
-3.508070
-2.533779
-1.437232
-0.858794
-1.019032
-1.494118
-1.743543
-1.675113
-0.466344
0.212675
0.060125
0.317177
1.125628
2.416450
1.861812
1.214827
-0.329501
-0.421374
-1.226123
-1.151339
-2.137078
-2.794943
-3.243184
-3.195844
-2.420118
-0.810865
0.305561
1.133232
2.353356
2.929353
3.052098
3.138687
3.608998
4.483765
5.198924
6.114295
7.137371
7.539950
5.839705
3.443997
1.490931
-0.192175
-2.481886
-4.669866
-5.953850
-6.710410
-7.550708
-6.407878
-4.229114
-2.989423
-1.763946
-1.078155
-0.599206
-0.173029
-0.081446
0.631904
1.346290
1.611148
2.085147
1.889786
1.764870
2.077513
1.823298
0.870319
-0.888548
-1.624821
-2.372040
-4.098996
-4.509432
-4.792144
-3.726473
-2.838591
-2.069618
-0.868843
-0.221186
0.426995
0.771837
1.101664
0.950739
1.054022
1.441955
1.921208
2.484854
3.325196
3.927681
4.619398
4.282943
3.709050
3.464944
2.208172
1.213581
0.442844
0.020483
-0.680632
-1.975534
-0.939086
-0.854295
0.161038
0.824568
1.148357
1.511986
1.453878
1.311106
1.471607
2.084754
2.374247
1.869920
1.658089
1.799337
1.452762
0.742448
0.086679
-0.888827
-2.475018
-3.778801
-5.059845
-5.016981
-5.122898
-5.139939
-4.988311
-3.754470
-2.506733
-2.115375
-1.537292
-1.180380
-1.214396
-0.878206
-0.554855
0.191627
1.370642
1.977621
2.068629
1.856524
2.891171
2.300849
0.933071
-0.207631
-1.197268
-1.932654
-2.548432
-3.204187
-3.544579
-3.541664
-3.186743
-2.397173
-1.257591
-0.573211
-0.052658
0.439376
0.222682
0.616441
1.580437
2.974852
3.449536
3.956463
5.395241
6.426582
6.479688
4.327017
2.317003
1.095550
0.461723
-0.727293
-1.448716
-1.602171
-1.455424
-1.990424
-1.308048
-1.454961
-0.854982
-0.309186
0.280071
1.266395
2.123447
2.875531
3.194269
3.267374
4.895446
6.586233
6.682302
6.283557
6.405453
4.905491
2.576013
0.266953
-1.562490
-2.825222
-3.852721
-4.992302
-5.844475
-5.989233
-5.382152
-4.328113
-2.257912
-0.663557
0.036119
1.058818
2.298710
3.077834
3.698897
4.647043
5.489230
6.499630
6.949460
6.809141
6.999300
5.050554
1.110510
-1.085874
-3.169286
-4.449008
-5.614440
-6.101928
-6.689035
-6.906078
-6.235731
-5.129975
-3.672606
-2.032101
-0.622826
0.527155
1.399316
1.211689
1.715200
2.590174
3.279993
4.288050
5.302001
5.369129
6.423552
4.521483
1.325882
0.088415
-1.387322
-2.186977
-2.511050
-2.584122
-3.014993
-2.931021
-2.423306
-0.867341
0.670599
1.898058
2.545583
3.195876
4.407809
4.967478
5.247225
5.027378
5.269946
3.773277
4.250579
4.245328
5.405567
4.887329
2.699651
1.703623
0.610245
-0.786069
-1.959480
-2.907264
-3.393170
-3.973330
-4.176134
-2.835370
0.736531
3.020586
5.011190
6.751212
6.171428
5.525570
5.884635
6.631621
7.740166
8.544268
7.084000
4.101376
7.208016
6.419535
2.173280
0.637902
-0.614348
-1.654304
-2.823571
-3.959922
-4.891012
-5.582450
-6.137917
-5.521590
-3.527274
-1.451038
0.930223
2.320987
3.194094
3.973834
4.822413
4.495737
4.730636
5.593536
5.729274
5.892049
5.772143
2.358044
-0.567219
-1.599823
-3.313736
-5.435028
-6.181564
-6.732134
-7.323991
-7.799986
-7.791489
-6.976719
-5.241409
-3.339038
-1.217438
-0.229242
0.011510
1.839395
3.491188
5.064162
4.038304
5.405746
4.712168
6.832158
3.418716
1.014571
-2.489524
-4.354634
-5.139517
-6.061326
-7.273916
-8.358471
-9.244733
-9.127308
-8.323418
-7.252082
-5.403401
-3.208060
-1.596402
0.161835
0.299452
1.757473
2.315612
2.790066
3.886298
5.608335
5.527065
6.529656
6.329806
4.170594
0.535248
-2.181310
-3.686313
-4.590314
-5.300955
-6.391494
-6.648912
-5.836331
-4.551977
-2.851529
-0.668260
1.172784
2.489695
3.732840
4.511055
4.709015
4.815786
5.546700
6.491388
7.178313
8.307255
9.566484
7.749401
3.949332
0.894091
-1.094838
-2.853791
-4.709259
-5.629628
-5.277014
-6.017633
-6.111301
-4.972393
-3.726223
-1.467503
0.671626
1.983379
1.200003
1.757759
3.321465
4.387456
5.155344
6.561601
7.664630
7.930801
7.743454
7.334823
4.846765
1.362048
0.472082
-2.802135
-5.765489
-6.671958
-7.671635
-8.663350
-9.190940
-7.900534
-6.429711
-4.325584
-2.691243
-0.722283
0.674327
1.315547
1.505278
2.380744
3.626492
4.418642
4.569204
5.193913
5.161409
4.524322
2.242389
-1.677896
-3.908078
-5.127078
-6.188749
-6.897983
-8.320943
-9.192861
-9.205631
-8.678930
-7.244106
-5.281063
-3.594837
-2.083225
-0.239941
0.579966
1.246164
2.080640
3.382635
4.100004
4.680749
4.599721
5.425985
6.385950
4.121301
0.685692
-1.968279
-3.299216
-3.411323
-3.368582
-3.368346
-4.162559
-4.656969
-3.916265
-2.662651
-0.805919
1.160075
2.941267
3.433521
3.554768
3.592480
3.972550
4.296673
4.550020
5.181794
6.302490
7.551336
8.662975
6.931458
3.226818
-1.814311
-3.343156
-4.386370
-5.005040
-5.830150
-6.663197
-7.067282
-7.519363
-4.862993
-2.855043
-1.376276
0.617780
1.088253
1.415292
2.578730
2.635849
3.491899
4.246957
5.182395
4.802216
6.135307
6.682062
3.130868
-0.304630
-4.048720
-6.465191
-7.680505
-9.088259
-9.901117
-10.314373
-10.373938
-9.145643
-7.170308
-5.539420
-4.670193
-3.707529
-2.150596
-1.196889
-0.343742
0.261387
1.360904
1.139153
0.994254
1.519971
2.381597
3.258825
3.027659
1.256648
-0.058792
-0.622539
-1.500515
-2.499924
-3.372650
-4.505017
-4.805957
-3.594513
-1.382675
0.204165
1.367850
2.087880
2.369173
2.636827
3.569000
4.146412
4.519504
5.470445
6.599808
6.788186
7.406723
7.367734
6.695579
5.339585
4.069588
2.575303
1.013209
-0.444258
-1.737172
-2.947698
-4.189153
-4.172342
-3.176139
-1.234650
0.910693
2.252521
3.771384
4.618558
4.943464
3.865905
5.652326
7.652745
6.786829
3.190195
4.544269
5.958105
2.376830
0.374135
-1.426368
-2.504687
-3.589064
-4.422359
-5.079639
-5.635814
-6.142949
-6.420524
-5.299898
-2.176814
0.429975
1.810562
2.279462
2.741657
2.887219
3.953859
5.128078
5.924665
7.060396
6.965951
7.527274
6.657912
2.989853
-1.443597
-2.925868
-4.637472
-6.289568
-6.776223
-7.415396
-8.030078
-8.506474
-8.531468
-6.635676
-4.006872
-2.547702
-0.365508
1.511066
2.268257
2.929909
3.506662
3.563129
4.418488
4.009912
5.674353
5.041773
5.120849
0.505558
-2.023068
-4.534421
-7.097124
-8.770791
-9.946504
-10.723364
-11.186227
-10.826596
-9.720237
-8.587790
-5.856829
-4.081463
-2.694071
-1.816688
-0.223235
1.235711
1.734933
2.628997
3.105635
4.182912
4.940387
5.407389
4.668619
2.090165
0.331932
-0.830029
-2.203501
-2.923548
-3.366445
-4.108650
-4.221168
-4.695151
-4.654393
-3.722137
-2.501945
-1.998105
-1.737439
-1.854092
-1.219334
-1.522490
-1.561404
-1.306664
-1.037048
-0.218603
0.635782
1.344073
1.683706
0.661997
-0.102114
-1.070341
-2.278065
-2.703588
-3.355027
-3.420168
-3.597039
-3.912293
-3.838402
-2.678036
-1.219881
0.095491
1.088896
1.416998
1.941852
1.999527
3.885290
4.654794
5.411308
6.477729
7.062694
7.449274
7.794758
6.023061
2.837036
-0.277975
-1.627303
-3.175553
-5.112853
-6.197500
-6.271926
-5.534740
-4.405603
-3.070012
-1.015984
0.446634
1.531755
2.218687
2.634641
3.137080
3.966471
4.175834
4.621905
4.538114
4.515751
5.653821
6.221563
4.574703
1.676379
-0.461482
-1.762352
-2.736013
-3.612186
-3.618936
-4.067399
-4.769065
-5.010243
-4.358186
-2.903757
-2.873765
-1.909498
-1.065314
-1.018621
-0.694683
0.481360
0.882750
1.058150
1.157542
2.181785
3.185031
3.876113
3.343231
2.744531
1.735678
0.707548
0.340708
-0.526023
-1.831204
-2.762505
-3.027379
-3.368357
-2.115707
-0.430476
0.614079
1.784695
2.214822
2.944435
3.879785
5.000027
5.731494
6.184182
6.906631
7.783096
7.906242
7.968483
8.155287
6.874311
3.035388
-0.270405
-2.852526
-4.395576
-5.629954
-6.428098
-6.986869
-6.960739
-5.837001
-2.646606
-0.247817
1.549280
1.987694
2.164539
2.154243
3.010082
4.577747
5.103108
6.162672
6.018241
6.657798
7.977059
6.179477
1.792843
-1.889783
-4.121001
-6.059043
-7.430022
-8.594185
-9.476437
-9.791687
-9.888650
-8.618748
-6.625408
-3.972856
-1.836113
-0.437616
0.713562
0.531236
1.762168
1.910041
2.920868
3.531755
4.981805
5.075478
5.998507
4.202029
1.435852
-2.305952
-4.011415
-4.877650
-5.066282
-5.466316
-5.370883
-4.398314
-3.383231
-2.184400
-1.517914
-0.656960
-0.452801
-0.395741
-0.514236
-0.553646
-0.731650
-0.484937
-0.214987
0.570612
1.210080
1.858412
2.246131
2.269510
2.153361
1.343522
-0.261115
-1.373332
-2.882462
-3.734828
-3.692194
-2.813768
-2.232145
-1.018884
0.022256
0.747324
2.021480
2.669128
3.029770
3.218867
3.556744
4.034233
4.988010
5.664261
6.703364
8.186836
9.084542
7.191973
5.277336
3.046005
0.881171
-1.702845
-2.801529
-3.672565
-4.669963
-4.942448
-3.635970
-1.772647
0.116805
1.960181
3.639468
4.788196
5.302499
5.946965
6.333797
5.606934
7.357495
9.085900
9.082194
8.518916
9.309954
6.161729
1.592199
-1.569823
-3.027535
-3.953864
-5.694131
-7.070240
-7.937284
-8.461272
-8.269828
-7.246777
-4.139657
-1.497074
-0.112545
1.315024
2.448356
3.082049
3.654412
4.213296
5.230871
5.910039
7.142496
7.570025
7.399919
4.369764
0.646951
-2.021873
-4.638988
-6.174978
-7.633226
-8.729069
-9.167387
-9.175767
-8.384369
-6.599603
-4.606046
-3.021379
-1.044919
0.033690
0.839413
1.764455
2.629511
3.045260
3.914335
3.867067
4.769224
6.521568
6.692467
3.593406
-0.639963
-2.757224
-5.488147
-7.331281
-8.689509
-9.218089
-9.238452
-7.624175
-6.048393
-4.413562
-3.190312
-1.969504
-0.814402
-0.050658
0.711829
0.857846
1.706178
2.046916
1.892655
1.527463
1.281472
1.510292
1.798424
1.797122
1.652511
0.948358
0.390606
-0.872640
-1.885874
-2.772050
-3.944613
-4.239311
-4.165646
-3.279777
-2.007413
-0.823591
0.065560
0.917849
1.537653
2.443272
3.124784
3.481168
4.070535
4.530365
5.305922
6.029695
6.820301
5.412997
4.530121
2.274262
0.337637
-1.557867
-2.728240
-3.533659
-3.855987
-4.576895
-5.200926
-3.491405
-0.808176
0.585322
1.564792
2.705254
3.130437
3.454486
3.845603
4.578279
5.196036
5.961275
6.745109
5.924227
6.663737
5.364483
3.108566
0.591082
-1.735398
-3.238799
-4.398713
-5.297525
-5.224129
-5.025267
-3.952935
-2.825897
-1.081333
-0.108322
1.136076
1.866758
2.211898
3.077486
3.071213
3.569826
3.791310
4.121840
5.735415
6.415731
7.216135
5.547753
2.717803
-0.547804
-2.681363
-4.364031
-5.905494
-8.058642
-9.056155
-10.062396
-7.977982
-5.066985
-3.417020
-2.624427
-1.204990
0.009795
0.565667
1.434071
2.217624
3.017495
3.453733
4.391991
5.611476
6.027105
6.357514
4.461283
2.895846
0.677213
-1.413629
-3.226289
-4.445363
-5.152162
-5.630431
-5.979476
-6.321208
-5.596097
-3.517573
-2.023675
-1.636463
-0.956654
-0.364995
0.348845
0.550482
1.117792
1.782023
2.337121
2.967013
3.315194
3.491799
2.520562
1.011992
-2.039364
-4.159683
-5.884204
-6.534462
-7.297901
-7.401456
-7.208295
-7.083810
-6.233842
-4.560890
-2.735303
-1.789448
-0.595142
0.431649
1.172730
1.550998
3.292278
4.125800
4.744559
5.353595
6.061972
6.074425
3.169998
0.367663
-2.503712
-3.696948
-4.767928
-5.763784
-6.577474
-6.744717
-6.570632
-5.654314
-4.369253
-2.514069
-1.210281
-0.289073
-0.041929
1.065797
1.536614
1.921634
2.356619
2.263722
2.629926
2.771550
2.498764
1.908061
1.267998
0.838018
-0.149807
-0.443235
-1.337896
-1.819252
-2.067295
-2.770944
-2.328104
-1.857653
-1.346049
-1.129283
-0.415998
1.129985
1.051248
1.313691
1.343811
0.474152
-0.061059
-0.596299
-0.814894
-0.843493
-0.792595
-0.654330
-1.264232
-2.389889
-3.081918
-3.508817
-3.938873
-4.568036
-4.860355
-4.456825
-4.891097
-4.640923
-3.623053
-2.346864
-1.404935
-1.136881
-0.806809
-0.531333
-0.460850
0.258297
0.372913
0.677411
0.863769
1.156079
2.787716
3.008759
1.782886
1.238113
0.421816
0.271360
-0.763073
1.543172
0.398663
-0.566071
-1.478658
-2.023138
-1.438024
-0.788241
0.143898
0.171014
0.468501
0.903098
1.057032
1.767520
2.588248
2.436091
2.004066
2.253260
3.025930
3.202861
2.761633
1.252436
0.342724
-0.755528
-1.450461
-2.293209
-3.167751
-3.851487
-4.568625
-4.851451
-3.607782
-1.541548
-0.493203
0.476376
0.816727
1.657413
2.068075
2.941692
3.056089
3.406344
4.126731
4.775716
4.998099
5.084654
3.425158
1.167065
-1.989821
-4.574191
-6.480034
-6.779456
-5.458001
-4.730913
-3.470701
-2.660576
-0.658542
1.277996
2.674494
3.749708
3.908745
4.246288
3.536022
2.981812
3.236138
3.737720
4.467699
4.933136
5.101858
4.904209
3.421676
1.820479
0.543304
-0.480814
-0.981667
-2.206993
-2.876547
-3.426739
-3.703084
-3.494688
-2.100678
-1.073654
-0.263749
0.219677
0.246942
0.301577
0.432481
0.459869
0.443262
0.502681
1.022239
1.277395
1.371617
1.325390
1.150392
0.501068
-0.376007
-1.392758
-1.804117
-2.697230
-3.581134
-4.324149
-4.649801
-4.123147
-3.301790
-1.834712
-0.847476
0.020808
-0.002982
0.254472
0.548006
1.117863
1.284086
1.729978
2.210751
2.869529
3.555347
3.528276
3.109201
2.255376
1.981778
1.332474
0.059501
-0.476705
-0.707433
-0.692133
-0.492568
0.032712
0.685483
1.397167
1.786685
1.714690
1.690008
1.727485
2.118583
2.111917
2.420789
2.844226
3.155284
3.212495
3.417850
3.426521
3.069008
1.362914
0.999884
0.021713
-0.786111
-1.774770
-2.103109
-2.540665
-2.802967
-2.510675
-1.366953
-1.134003
-1.028527
-0.780867
-0.493393
-0.137225
-0.001652
0.472702
0.754472
1.895906
2.563626
3.327214
3.823558
4.227518
2.458829
0.870986
0.276450
-0.321074
-1.421143
-1.663227
-2.580329
-2.785998
-3.308001
-3.633580
-3.418908
-1.456903
0.172357
1.109876
2.122130
3.064649
3.980604
4.913166
5.780951
6.924496
7.798928
8.555312
8.396212
8.440198
7.160858
5.287874
3.763320
1.709307
-0.569792
-1.995366
-2.839446
-3.698183
-3.819585
-3.073028
-1.389645
0.681611
2.506768
3.835960
4.897339
5.939675
6.388195
7.197312
8.026948
8.815482
9.419873
9.564436
9.969863
9.727741
6.940840
2.261748
-0.350228
-1.519540
-1.960365
-3.297080
-3.958276
-4.144476
-5.113180
-4.676364
-3.072077
-0.750561
0.970247
2.250402
3.443141
3.814508
4.522776
4.213899
3.936314
4.547567
4.159861
4.196347
5.017507
3.430488
-0.110095
-4.015287
-7.225432
-10.613694
-12.525678
-14.440600
-16.107417
-16.714772
-16.452464
-16.819476
-16.105761
-13.539856
-11.114137
-9.646930
-8.768617
-7.938101
-6.592169
1.385193
1.882659
2.064935
2.674368
3.167604
2.969456
3.013597
3.080618
1.651630
-0.090973
-0.050077
-1.187774
-2.352442
-3.020818
-2.937663
-2.917769
-2.301099
-1.159518
0.145260
0.187193
0.411379
1.359247
2.446986
2.950712
3.371693
4.429943
4.922618
5.328276
6.997763
8.265502
9.433948
6.256051
2.894194
1.201712
-0.033358
-1.156284
-1.964284
-3.053025
-3.277516
-3.315457
-3.136799
-2.092978
-0.426543
0.423981
4.043679
4.397487
4.560015
4.803735
5.365142
6.590410
8.654939
8.595912
8.917171
10.102878
10.604691
7.460791
2.578224
0.431617
-1.127858
-2.375085
-3.088384
-4.043962
-5.169328
-5.930485
-6.177729
-4.895761
-2.676467
-0.383710
1.711084
3.032549
4.356304
4.604795
4.399662
4.652938
5.861332
6.171730
6.581630
6.783318
7.420101
4.599761
-0.919144
-3.365857
-4.533964
-6.161831
-7.709475
-9.021910
-10.059718
-10.463072
-10.461408
-9.369123
-5.598421
-3.818396
-1.247198
-0.625129
0.185402
1.631388
2.035424
1.735157
2.442996
2.552740
3.613214
3.701113
3.348893
2.450388
-1.395795
-3.014385
-4.525546
-7.664222
-10.923720
-12.771531
-13.389648
-13.048065
-13.512799
-11.761460
-8.810251
-7.377260
-5.275204
-4.579457
-3.394397
-2.390339
-1.663805
-0.439213
0.570872
1.637553
2.512498
3.691634
3.800550
2.433467
1.586974
-0.533053
-1.565941
-2.525923
-2.601287
-3.316419
-3.640083
-3.514024
-1.818685
-1.078108
-0.857764
-0.426181
0.184087
0.702791
1.456929
1.107724
1.290606
2.628936
3.815502
3.081942
3.793794
4.747554
5.498429
5.455077
4.689906
3.666265
2.641513
1.737334
0.741291
0.010830
-1.072554
-2.078417
-2.480788
-2.023036
-1.047804
-0.377756
-0.365621
2.080541
4.586696
5.812682
5.715850
6.791916
7.155623
7.854359
6.147462
8.549318
9.589674
3.465875
1.098298
0.182481
-1.300886
-2.452594
-3.338441
-4.181340
-5.466334
-6.174264
-6.469972
-5.410113
-3.055690
-0.737781
1.150741
1.814179
2.933605
2.982194
3.759113
4.937857
6.425900
8.027750
8.604001
8.848028
9.483989
5.522132
-0.447064
-2.577684
-3.933644
-5.169413
-6.111475
-7.297397
-8.823878
-9.914612
-10.281308
-9.044828
-6.001706
-3.427727
-0.326955
1.258177
2.477890
2.461951
2.019190
5.804387
5.781614
6.090529
8.046984
8.380569
8.220937
5.400330
0.904408
-3.379151
-5.655059
-7.079226
-8.073326
-9.225384
-9.121122
-8.917000
-8.543102
-7.043695
-3.921596
-2.076592
-0.034971
1.367268
2.309795
2.318239
2.664300
3.420030
3.940193
4.336238
4.621492
4.909641
5.669574
5.062318
4.032474
1.834382
0.079958
-1.526596
-3.125487
-4.288108
-5.571093
-6.588335
-6.277985
-4.193970
-2.139393
-0.743437
0.118213
0.615968
1.550059
2.143886
2.582512
2.361457
1.701145
1.630249
1.512242
1.777865
2.022123
2.061311
1.962220
0.924198
-0.199284
-1.678130
-3.584943
-5.459943
-6.715554
-7.921527
-7.980409
-6.792586
-4.536122
-3.022622
-1.684853
-0.386196
0.446834
1.107111
2.003766
2.338105
2.771460
1.737891
2.032022
1.978196
2.259303
2.180117
2.227593
2.013835
1.316965
0.238135
-0.725217
-2.626467
-4.272829
-5.430617
-5.680750
-4.354013
-1.940150
-0.310046
1.095122
2.224713
2.779366
3.383107
4.253016
4.610546
5.340750
5.737046
6.624775
6.998221
7.542441
5.538253
3.710127
1.829657
-0.354963
-2.405109
-4.218714
-5.243871
-6.189464
-6.019617
-5.303214
-3.770503
-1.960206
-0.901846
0.116191
1.272586
2.335987
3.042263
3.311528
2.411816
2.182039
2.242808
2.703682
3.916289
5.040135
3.601109
2.050018
-0.203069
-2.958685
-4.909885
-6.964257
-7.649199
-8.618761
-8.381502
-7.055046
-5.129922
-3.189215
-1.661775
-0.415881
0.221945
0.654858
0.909776
1.890686
2.150321
2.203877
2.056382
1.965899
1.739904
1.904250
1.285274
1.070660
0.617768
0.185690
-1.616683
-2.941704
-3.844019
-3.850098
-4.535612
-4.043668
-3.852319
-3.842440
-3.797056
-3.187473
-3.504386
-3.411885
-3.548172
-4.171448
-4.093422
-3.833792
-3.946511
-3.902506
-3.505813
-3.612455
-3.722776
-4.170325
-5.013483
-4.789706
-3.418784
-3.405439
-2.565630
-1.058482
-0.088376
0.111316
-0.081392
-0.231830
0.173487
0.351348
0.549426
0.779200
1.041715
1.700903
1.750280
2.472229
2.552003
2.946429
2.978394
2.950082
2.323050
1.787992
0.854469
0.476437
-1.078596
-1.890576
-1.974630
0.914451
0.208435
-0.218859
-0.427093
0.208013
0.696944
0.924356
1.223546
1.471906
1.654220
2.088798
2.720332
3.337384
3.807329
4.905951
5.680169
5.947692
4.742351
3.479886
2.713191
1.517224
0.929770
-0.049139
-0.998429
-1.484343
-2.047549
-1.916182
-0.867625
1.315859
2.256935
3.316517
4.270013
4.573152
5.067315
5.607263
6.398372
7.310740
8.178993
8.731843
9.629779
10.194879
7.799227
4.229865
2.860031
1.156778
-1.388894
-2.782411
-3.751277
-4.606193
-5.224801
-4.810568
-3.832015
-1.732554
-0.379480
1.491930
2.630182
3.270679
3.774233
4.756488
5.646527
6.562102
7.158336
7.629923
8.547728
8.332506
5.573992
2.438931
-0.136085
-2.216166
-3.820971
-5.697160
-7.034362
-7.872736
-8.580704
-8.913940
-7.252524
-5.126613
-3.949519
-1.803716
-0.308496
0.591978
1.274627
1.899386
3.200759
4.113267
4.499845
5.942006
6.249392
6.149830
2.048351
-1.428870
-4.072838
-5.036878
-6.721446
-8.088803
-8.651923
-8.958050
-9.045055
-8.114943
-6.440768
-4.288381
-2.748709
-1.559034
-0.572178
0.857298
1.857874
3.097002
3.563722
3.438274
3.641968
5.140642
5.747508
5.560681
4.621462
3.344130
2.139254
0.788845
-1.462560
-3.804076
-6.306180
-7.011865
-6.746748
-5.749902
-4.104813
-2.777704
-1.647977
-0.315049
0.448662
1.166117
1.180145
1.308320
1.673405
2.120444
2.697322
2.643931
3.109622
3.537763
3.659089
3.468060
2.758100
1.080945
-1.327502
-3.302635
-5.436824
-7.144689
-8.282796
-9.123518
-9.167924
-7.002336
-4.752270
-3.353684
-2.076622
-1.255330
-0.985545
-0.708189
-0.118960
0.076152
0.559670
0.378922
0.840985
1.276338
-0.118618
-1.886631
-3.313744
-4.713760
-4.994063
-5.302978
-3.484235
-2.434525
-1.277296
1.092922
3.771690
3.613582
3.188037
3.522084
2.970354
2.707649
2.449200
2.453105
2.637482
3.233921
3.394528
3.327708
3.769596
3.935908
2.820796
1.481164
1.049943
-0.701775
-2.041046
-2.856565
-3.752971
-4.015994
-4.785480
-5.104839
-4.168780
-1.915137
-0.473930
0.606096
1.260080
1.759827
2.571468
2.863683
3.503532
4.541487
5.593589
6.103680
6.516363
6.409192
4.199841
2.211352
0.183018
-1.197780
-2.840346
-4.053339
-5.196717
-5.790107
-6.063197
-5.766687
-4.518292
-2.580077
-1.058788
0.263761
1.610007
2.629924
3.400030
4.530830
5.648272
6.396051
7.154610
8.048095
8.401210
8.514927
7.097397
3.741031
1.579642
-0.064141
-1.623620
-2.572734
-3.379333
-3.957029
-3.601366
-2.808856
-1.842387
-0.750667
0.372913
1.061303
1.888487
2.652291
3.406872
3.798240
3.938616
2.973522
2.907912
3.239583
2.774886
2.721902
2.344827
1.718512
0.016000
-1.557205
-3.574970
-5.318901
-6.128359
-5.545380
-5.006692
-3.262571
-3.028534
-2.128568
-0.381254
0.244626
0.752645
1.904691
2.529497
2.544525
2.993024
3.319118
3.651760
3.793154
3.944055
3.601187
2.122087
0.802447
-0.959159
-2.522466
-4.671321
-6.140546
-7.876498
-8.190733
-8.335519
-7.900782
-7.003904
-5.409338
-3.920325
-2.734825
-1.304371
-0.866263
-0.095123
0.414859
0.961376
1.542124
2.213518
3.118889
3.693673
4.125412
4.102116
4.633074
4.589537
4.272642
4.324147
3.903300
3.862987
3.222456
3.228679
3.080315
3.353440
3.780789
3.675210
4.357736
5.000840
5.612921
7.169435
4.726616
6.596163
7.377954
7.896622
8.773049
9.643897
10.839453
6.892995
1.118856
-0.912664
-2.682551
-4.085068
-5.219924
-5.940622
-7.286304
-8.868257
-8.600025
-7.682755
-5.331753
-1.592231
-0.630874
0.722130
0.910387
2.367940
3.691005
2.805356
4.240485
4.191925
4.778702
5.612436
6.157373
4.184409
-0.310173
-4.045373
-5.983433
-8.666725
-10.322538
-10.680264
-10.822662
-10.490737
-10.253052
-8.915304
-6.346634
-4.514040
-3.202941
-1.782859
-0.620993
0.179995
1.662089
2.397725
2.485949
1.676302
1.272443
3.450886
3.156318
2.580038
-0.178341
-3.003574
-3.572814
-5.153777
-5.689430
-5.458351
-6.032649
-6.382667
-6.007018
-4.586481
-2.396484
-1.158813
-0.640163
0.753717
1.413535
2.085399
2.868750
3.170415
2.513203
2.477889
2.567594
2.800531
3.079588
2.556255
1.704958
1.032294
0.117268
-1.057414
-2.479216
-3.691409
-4.961189
-5.796862
-6.565078
-5.706362
-3.471645
-1.921653
-1.071638
0.031451
0.939561
2.052034
2.779776
3.148684
3.549373
3.818686
3.611293
4.080083
3.917055
2.999592
2.744357
1.396862
-1.332165
-3.493620
-4.890526
-4.996027
-4.908765
-5.463961
-5.473763
-2.964945
-0.250808
0.291869
0.329788
0.424746
0.503375
0.782213
1.033977
1.436708
1.502362
1.755995
2.518488
3.159949
3.454658
3.169828
2.320687
1.120836
0.211115
-1.448024
-3.204994
-3.603417
-4.909770
-5.484650
-5.013554
-3.766523
-2.493508
-1.396881
-1.229692
-1.014831
-1.109605
-1.076487
-0.906481
-0.856416
-0.463282
-0.448336
-0.459592
-0.358713
-0.478746
-1.124111
-1.623783
-2.278308
-1.325056
-1.814901
-1.656030
-2.187098
-3.194697
-3.208936
-2.560373
-2.694737
-2.647529
-2.279843
-1.781836
-0.996425
-0.346482
-0.132247
-0.088137
-0.374215
0.185463
0.306419
1.029445
2.494134
2.826892
2.918478
2.220346
0.990192
-0.020715
0.868533
1.851628
3.721846
2.126981
0.640925
0.495433
1.069383
2.002906
2.451134
2.217185
2.197519
2.264999
2.032186
2.147720
2.564864
2.757792
3.346429
3.873792
4.627567
5.550872
4.421883
3.402372
3.484287
2.314713
0.805599
0.096966
-0.454318
-1.113369
-1.885073
-1.795066
-0.818518
0.274409
1.486228
2.658885
3.814049
4.343786
4.622806
5.246107
6.031138
7.100732
7.778552
8.542204
8.586167
7.744397
2.814094
-0.585746
-2.573450
-3.902721
-5.165570
-6.069242
-7.478910
-8.167088
-7.913623
-7.138548
-5.637404
-3.196007
-0.536243
0.830341
1.566285
2.193044
3.762975
4.660436
5.668942
6.859993
7.029420
7.844536
8.286833
8.135810
6.735535
2.982099
-0.647041
-2.157486
-4.159953
-5.409010
-6.610400
-7.268181
-7.169272
-6.072599
-3.842657
-0.887306
1.393860
3.016894
3.841813
4.966893
5.963574
7.161183
8.060898
9.251160
10.138432
11.099198
11.296564
11.868020
8.291477
4.438581
0.671214
-1.800717
-3.341594
-4.492214
-5.679089
-6.613352
-5.900173
-4.444178
-2.980324
-0.258778
0.790362
2.506257
3.737313
4.487189
5.319271
5.593978
6.046739
6.151694
7.616300
9.578557
10.392655
9.283694
6.907812
1.112244
-1.818044
-4.743478
-5.872363
-7.020686
-8.264265
-9.037778
-10.001549
-8.710816
-6.685724
-4.285099
-2.333166
-0.236889
1.679360
2.293901
3.115534
4.095885
4.838779
5.570922
6.504232
7.062053
8.009208
7.659118
4.057890
-0.823189
-4.725794
-6.738134
-9.026327
-11.309502
-12.233635
-12.009786
-11.441656
-10.340182
-8.307634
-5.935008
-3.311292
-1.862015
-0.966877
0.412129
0.546092
1.711695
2.299972
3.462197
4.290154
5.038857
5.561446
6.222547
3.512226
0.259807
-2.822547
-5.105137
-7.565311
-9.818720
-11.269252
-11.927707
-11.185532
-10.349972
-8.991022
-6.315286
-4.896797
-3.476463
-1.764391
-0.767204
-0.045234
0.612572
1.078688
1.731203
2.701233
3.986814
5.086119
5.771988
4.183871
2.905155
1.839599
-0.145351
-2.644656
-5.069702
-6.644916
-7.445446
-7.273641
-6.186044
-4.478139
-1.878240
-0.390697
0.633784
1.693138
2.440445
2.949762
3.762649
3.897798
3.560406
3.573367
4.049242
4.047530
4.456181
4.359875
4.241555
3.250286
1.335843
-0.601854
-2.810474
-4.806043
-6.584792
-7.623224
-7.463078
-5.710134
-3.674067
-1.865954
-0.625539
0.560214
1.300118
2.055687
2.390721
2.021391
2.349058
2.490015
2.591722
2.312286
2.570771
2.646131
2.341225
1.449859
0.318452
-1.443411
-3.151129
-3.563428
-3.398799
-3.577238
-3.303385
-2.786056
-1.969027
-1.317512
-0.811480
0.270350
1.065621
1.664596
2.507685
3.197557
3.967588
3.562768
3.677066
3.413737
3.677709
3.383338
3.229057
3.251564
2.682307
1.275613
-0.486780
-2.446485
-3.404410
-4.047732
-4.003781
-3.349335
-1.769907
-0.340166
0.819381
1.783311
1.988181
2.810447
3.198948
3.475673
3.878904
4.332003
5.210132
5.731315
6.022690
4.200707
2.227126
0.658295
-0.742077
-2.171334
-3.028453
-3.731152
-4.389473
-4.910605
-4.514499
-3.268036
-1.807185
-0.947536
0.279697
0.746167
0.696326
1.467891
2.052020
1.568915
2.744030
3.411234
3.955438
4.460918
4.766572
3.628577
1.392656
-1.208135
-2.329877
-3.565164
-4.968140
-6.284426
-6.302156
-6.471039
-6.800081
-5.781495
-3.549473
-1.980641
-1.150246
-0.219766
0.599912
0.811788
1.605632
2.053747
2.781219
4.134817
4.344937
3.692924
3.979854
4.025186
2.453675
1.322959
-0.582811
-2.784385
-4.998606
-6.436210
-6.810999
-6.992979
-5.681132
-3.322320
-1.784349
-1.049318
0.248886
1.306436
1.702467
1.976655
3.516732
4.468053
4.924920
6.140731
6.810796
7.951738
8.217678
6.056801
3.903845
1.826149
-0.502780
-3.289592
-4.713367
-5.950900
-7.536041
-7.250369
-6.151913
-3.651532
-1.902996
-0.324038
1.162867
2.215987
3.070399
3.983897
4.993714
5.554148
6.505627
7.049080
8.431207
9.065660
9.405563
7.113839
4.662600
1.738182
-2.294934
-4.059006
-5.195952
-6.399966
-6.905597
-6.827853
-5.711956
-3.885297
-1.619526
0.068117
1.008382
1.929026
2.662868
3.187215
4.074643
4.678793
5.280250
6.051898
7.067914
7.368916
7.812769
4.072972
0.679996
-3.016696
-4.871035
-6.126061
-7.671291
-8.658097
-8.819447
-8.785855
-7.337984
-5.773913
-3.756772
-2.656026
-1.749404
-0.998750
0.193441
0.397987
1.214562
1.971353
2.610433
3.055672
3.713703
4.407996
4.792595
2.774894
1.863552
-0.065590
-2.590712
-4.403407
-6.167976
-7.314543
-7.901856
-7.577837
-6.925836
-5.651564
-3.726608
-2.012845
-1.337499
-0.637257
-0.142717
0.683959
1.402915
2.678376
3.615487
3.649633
4.117754
4.654869
4.497745
4.106548
3.701154
1.412331
-0.910329
-2.057828
-3.291690
-4.627041
-5.832471
-6.193532
-5.425098
-3.767852
-2.037848
-0.647790
0.499709
1.090572
2.115803
2.898007
3.532382
4.050115
4.743052
5.864109
6.364710
6.937404
6.747740
5.945908
4.546414
1.833887
-0.643223
-2.912328
-4.310240
-5.174527
-6.673092
-6.638862
-5.141959
-3.590401
-2.295407
-1.240895
0.491308
1.083345
1.768592
3.091732
3.853761
4.501699
5.059788
5.836142
6.647415
6.962888
7.249514
4.981569
2.880520
0.560665
-2.255113
-4.727944
-6.176119
-7.657321
-7.962272
-6.961257
-5.985888
-4.484296
-3.033437
-1.552148
0.081164
0.801346
1.378894
1.503378
1.626838
1.616711
1.644181
2.157976
1.436574
2.858417
4.098364
3.995753
2.274103
0.125016
-2.588607
-4.339665
-5.582166
-6.963949
-7.988006
-7.798721
-7.107417
-4.903518
-2.813615
-1.182148
-0.613396
0.671392
1.215806
2.305978
2.916461
2.910732
3.225838
3.287177
3.225504
2.924802
3.247342
2.155046
0.124012
-2.384095
-4.030281
-5.347708
-5.611167
-6.129658
-6.715675
-6.515263
-5.731466
-4.703090
-3.070501
-2.499532
-2.450755
-2.272388
-1.908463
-1.540130
0.200221
0.241336
0.398032
0.590064
0.815327
1.136521
1.285385
0.768702
-0.181255
-0.444412
-1.038228
-2.615056
-1.430817
-0.444331
-1.427680
-2.317903
-1.745356
-1.484074
-0.895534
0.776694
1.300542
1.725319
1.353881
1.690201
2.205842
2.137867
1.985701
2.097932
2.497045
3.532978
3.890897
3.267349
2.198978
0.962417
0.792468
0.814787
0.563861
0.212849
0.651104
0.000118
-0.258865
0.595518
0.941757
1.524717
1.654809
1.962980
2.924452
3.364354
3.120502
2.243787
2.243017
2.193395
2.063809
1.954337
2.331138
2.205135
1.973496
0.464110
-1.264952
-2.907416
-4.517288
-5.872714
-6.544843
-6.343796
-5.994230
-5.043013
-3.459654
-2.481206
-1.142608
-0.650328
0.094322
0.827335
1.245660
1.728241
2.572263
3.360734
3.906983
4.226704
4.619753
4.427041
4.225069
4.140398
3.243339
2.073136
0.625599
-0.613038
-1.767238
-2.327393
-2.673817
-2.119430
-0.621510
0.641752
1.855802
2.632506
3.334509
3.757879
4.109448
4.746925
5.514395
6.215955
7.269267
8.003377
9.191262
7.921646
5.199717
1.773454
-2.011044
-4.310211
-5.655037
-6.631889
-7.166591
-6.960181
-6.185523
-4.273064
-2.944544
-1.653573
-0.363950
0.480172
0.786351
1.037428
1.751009
2.530656
2.592248
3.078165
4.548448
4.703729
5.061161
4.541669
3.737597
2.829984
0.359490
-1.780106
-3.108034
-3.788956
-4.468520
-3.922421
-3.323476
-1.349379
0.014260
1.343326
2.456364
3.353185
3.628957
3.067792
3.114967
3.363673
3.872279
4.490110
5.150088
6.240837
7.070370
6.848256
5.163448
2.120679
-0.762099
-1.714811
-2.297102
-3.004311
-3.483767
-4.362231
-3.812964
-3.618320
-2.469902
-1.624682
-0.198333
1.999845
1.616088
2.258134
0.548559
1.333588
-0.342724
-0.034429
0.404396
1.974102
4.597358
2.512270
-0.567035
-1.822708
-2.210210
-3.143912
-3.887145
-4.697436
-5.985385
-6.707867
-6.729562
-5.078649
-2.130173
0.011883
2.055946
2.816084
3.134977
3.290849
3.847632
4.758761
3.901728
4.728759
6.931736
7.017061
6.967339
4.876498
0.103432
-1.669868
-3.161217
-4.168076
-5.436506
-6.083374
-6.934713
-7.994363
-8.676288
-7.580758
-4.979702
-3.047614
-1.654070
-0.199523
0.870265
1.556412
2.125956
1.924774
3.938885
4.817441
5.416155
7.055526
8.351280
5.493829
2.088421
-1.930743
-5.007017
-5.421607
-6.319490
-7.381009
-7.602583
-7.626491
-6.990941
-5.466628
-3.537351
-1.466755
0.498621
1.901179
2.908095
3.534376
4.940972
5.918077
6.661757
7.143712
7.545898
8.479705
7.478507
6.182377
1.846883
-1.579842
-3.127642
-4.075463
-4.847038
-5.439115
-6.132634
-6.341042
-5.635549
-5.110895
-4.032547
-3.129305
-2.415607
0.374946
0.812727
0.356557
2.015012
2.939614
1.510529
0.316070
2.243079
1.893988
1.559428
0.437804
-0.680021
-2.115777
-2.990291
-4.512097
-5.563129
-6.574428
-7.478357
-7.853352
-7.990312
-7.272433
-6.018912
-4.420022
-2.087944
-0.310274
0.686392
1.427587
2.242579
2.533910
2.865121
2.260765
2.080046
2.631124
3.281336
3.459235
3.054917
2.244170
1.414270
-0.765362
-2.908562
-4.904758
-6.145190
-5.617435
-4.399098
-3.097245
-1.304349
-0.562476
0.138633
0.736587
1.963334
2.761796
3.414396
4.043539
5.277551
6.112474
7.164320
7.911985
9.078941
7.806688
5.319380
2.300464
0.673348
-0.034515
-1.480971
-3.651050
-4.512354
-4.668379
-4.452065
-2.471690
-0.431513
1.134335
2.616862
3.514946
4.373071
5.164911
6.104562
6.718374
7.632590
8.715130
10.320012
11.374555
11.179547
7.838785
3.479397
-1.028727
-2.922666
-3.816498
-4.375843
-5.518122
-6.199880
-6.557218
-6.375061
-5.765461
-4.066702
-0.706974
1.433881
3.591346
4.568629
5.085880
5.195746
4.858877
5.715822
5.418402
5.796689
7.923784
8.769176
4.539276
-1.111006
-4.049101
-6.312017
-7.737396
-8.757930
-10.291854
-11.114588
-11.405567
-10.488006
-9.237457
-7.055684
-4.475868
-2.441446
-1.038612
-0.635937
0.653839
1.457020
3.062478
4.336827
4.952277
5.327979
6.174004
7.039304
4.061161
0.761991
-1.178412
-3.874489
-5.065465
-6.052634
-5.768337
-5.229982
-5.180783
-4.824259
-3.851653
-1.903374
-0.502644
1.080690
1.364141
1.471956
2.102764
2.615838
3.035323
3.499834
3.747411
4.268166
5.699446
6.765793
5.604813
2.374501
-0.837265
-2.379921
-3.659903
-4.896190
-5.462806
-6.139697
-6.769367
-6.615223
-5.714980
-4.133966
-1.354104
0.478836
1.999398
2.663948
3.843085
4.653064
5.350885
6.647431
6.452904
7.204774
8.552337
7.879828
3.874566
-1.610376
-2.359466
-3.733022
-5.379668
-6.807128
-7.958769
-8.146545
-8.374754
-7.117825
-5.448984
-3.350370
-1.438244
-0.514306
0.625947
1.077329
1.569025
2.378232
3.549364
4.021399
4.897536
5.495538
5.116627
5.269322
2.108150
-0.333428
-3.603009
-5.901209
-7.738311
-9.320752
-10.054192
-10.395699
-9.210612
-8.268739
-6.904622
-4.624633
-3.100313
-2.137752
-1.073557
-0.047937
0.696388
1.009882
1.769425
2.489731
2.293628
2.041948
2.040622
2.270553
2.522469
2.774779
2.197024
0.441464
-1.397374
-2.942702
-3.878308
-4.818312
-5.631822
-5.616701
-4.531982
-2.580432
-0.927003
-0.095568
0.683320
1.397462
1.885908
2.032017
1.886993
1.805208
2.241041
2.427056
2.820254
3.148146
2.446635
2.070988
1.432019
1.098540
0.037340
-1.307623
-2.101909
-3.431526
-4.116874
-3.533628
-1.716403
-0.331510
0.353267
0.982595
1.671071
2.365368
3.050186
3.592734
3.805508
4.410568
5.036792
5.607020
5.770673
5.217218
4.067886
3.065480
1.990546
0.174094
-1.586340
-2.716924
-3.986840
-5.239041
-6.043746
-6.162947
-5.136194
-2.869552
-1.041585
-0.090530
0.703157
1.177002
1.363257
1.926635
2.313929
2.330650
2.032708
1.852266
2.011712
1.942680
1.779956
1.092487
-0.249443
-1.422185
-2.860277
-4.883082
-5.358033
-5.469306
-5.811871
-5.599653
-5.209901
-4.346356
-2.900334
-1.326691
-0.543666
0.213266
0.264390
0.191907
0.302882
0.589626
0.743571
0.927826
1.226117
1.753916
1.695945
1.395700
0.633041
-0.019360
-0.385788
-1.539534
-2.883284
-3.286262
-3.100465
-3.315741
-2.373804
-1.621981
-1.023318
-0.457417
-0.165164
0.039750
0.124755
0.394041
0.600401
0.686034
1.025675
1.434411
1.709713
2.660324
2.529575
1.919898
0.712056
-0.059096
-0.846595
-2.320591
-2.584693
-2.977185
-2.251388
-1.444952
-0.916003
-0.440204
0.065606
0.638758
0.909995
1.281076
1.453752
2.001911
2.634695
2.737345
3.680782
4.661748
5.556893
5.151073
3.389774
2.092672
0.306246
-0.676715
-1.258206
-2.349797
-2.309706
-3.041675
-3.525398
-2.976063
-1.913876
-1.164764
0.003538
0.578153
1.038811
1.457635
1.969226
2.236956
2.911630
3.860377
3.845948
4.326973
5.509740
6.297600
5.224232
3.392644
2.069163
0.203181
-1.477456
-3.072262
-4.053416
-4.922025
-5.711450
-5.325091
-3.936698
-2.250321
-0.874365
0.310794
1.472283
2.259695
2.964164
3.779561
4.412251
5.290090
5.961818
6.960849
7.387378
6.934455
4.264769
1.513308
-1.097787
-3.287434
-5.824947
-7.442246
-8.624731
-9.040991
-7.888128
-6.931744
-5.272476
-3.610700
-2.431094
-1.293642
0.247739
0.384923
0.708997
1.250767
1.918603
2.579039
2.871538
2.454387
2.076786
2.501069
1.490616
0.430536
-0.408358
-1.123173
-2.041757
-3.057980
-4.175301
-5.273820
-5.861263
-5.800619
-4.537135
-2.440141
-1.241521
-0.729772
0.064822
1.091815
1.919418
1.891563
2.268535
2.079534
1.959235
2.762044
4.210532
3.459541
0.674860
-1.154998
-2.529412
-4.053410
-5.962642
-7.324103
-8.152571
-7.988744
-7.326047
-6.266551
-4.184483
-2.498307
-1.766088
-1.352585
-0.286118
-0.069695
-0.425535
0.786303
0.357004
0.443807
0.611153
0.752740
1.153815
1.355495
0.879089
0.338172
-0.083721
-0.593885
-0.614019
-1.455519
-1.859304
-2.281678
-2.901310
-2.729145
-2.396325
-1.763372
-1.288080
-1.173687
-0.569329
-0.385903
-0.748320
-1.137605
-1.537018
-1.103123
-0.340798
0.776396
1.727062
2.377748
2.140483
0.587869
-0.253163
-0.970251
0.499532
2.180758
-0.070623
-0.675582
-0.677145
-0.309065
-0.112259
0.292708
0.559183
0.828294
1.660199
1.852345
2.616393
3.017948
4.090943
4.819028
5.610773
6.412533
7.201209
7.716995
5.502747
2.625676
0.709226
-0.489655
-1.626131
-3.555541
-4.029012
-5.103102
-5.300074
-5.002607
-2.943239
-1.721043
-0.495053
1.251368
2.154516
2.392657
2.962415
3.389542
4.411338
4.986339
5.675973
6.811275
6.756398
6.154411
3.780476
0.627717
-1.159976
-2.607164
-3.310438
-4.577308
-5.346816
-6.123647
-6.469916
-6.355727
-5.408357
-3.872466
-0.559259
1.286116
2.812495
3.909796
5.136409
5.556075
7.678320
8.892626
10.207138
9.807952
11.665721
11.185535
7.125984
2.054026
0.463426
-0.330361
-1.603010
-2.471935
-3.273176
-4.543680
-5.619012
-5.750606
-4.122173
-1.421915
2.272642
4.274390
5.643766
5.724648
5.937635
6.374537
6.886882
5.625388
3.307083
5.348657
4.618166
4.193378
2.947478
1.697281
-0.759781
-2.567996
-3.948800
-4.651368
-6.080275
-7.022139
-7.288038
-6.995645
-5.377891
-1.421286
1.223293
2.580871
3.001453
3.902922
4.620873
5.833868
5.612877
5.997739
7.727706
8.294506
8.236259
8.900664
5.009174
-0.796815
-3.882028
-5.280555
-6.283463
-7.415543
-8.550541
-9.004291
-9.554243
-9.341905
-8.179197
-5.233698
-2.848977
-0.911161
0.177451
1.143066
1.401001
3.101314
3.155902
5.420239
5.934138
6.161618
7.147438
7.666709
4.089881
0.656012
-3.304604
-5.480240
-6.468124
-7.085763
-7.947733
-8.068690
-8.170250
-7.688575
-6.020383
-2.550315
-0.959355
0.294593
0.751970
1.670592
2.810951
3.957114
4.972872
5.660569
6.872190
8.074735
8.950833
9.438692
7.512639
4.255667
0.656704
-1.697256
-2.372939
-3.172470
-4.562350
-5.273429
-5.332423
-5.104680
-3.656349
0.007015
2.047568
3.393660
4.611636
5.084284
5.858529
6.794516
8.032542
9.226013
10.011112
10.850430
11.220529
11.053318
6.478722
2.888121
-1.796711
-4.281708
-6.121483
-7.710287
-8.299425
-8.340549
-8.208376
-7.200682
-5.615564
-3.116578
-1.848963
-0.622223
-0.932534
0.559657
1.161167
1.865753
2.633357
2.783255
2.679836
2.945204
4.110669
4.253673
2.436191
0.588837
-1.169304
-2.331185
-3.263331
-3.567805
-3.750616
-3.459079
-2.636743
-1.227008
-0.164552
0.488600
1.280516
1.797650
1.750244
2.476706
4.723340
5.616260
7.387866
7.666647
8.504198
8.602290
6.177291
6.324144
3.757384
1.912430
0.709989
-1.124633
-2.039787
-2.660088
-3.279496
-4.051353
-4.707876
-4.604855
-3.860465
-3.232869
-2.920783
-1.084549
1.071570
1.853148
2.554080
1.858918
1.770005
4.382341
6.997126
6.723705
7.362448
7.590348
3.169156
-0.528671
-1.777265
-2.682224
-3.674183
-4.839798
-6.110231
-6.279552
-6.424164
-6.425009
-5.513781
-4.372869
-4.034103
-2.506761
0.128211
1.474248
2.261203
2.922501
4.938984
6.911104
7.464876
6.894388
7.463688
7.524133
4.008057
-0.119488
-2.710028
-4.197086
-5.164779
-6.293797
-7.148382
-7.879701
-8.240204
-8.922543
-7.190727
-3.405445
-1.960949
-0.716035
0.417969
1.534701
2.470903
3.916414
4.324472
5.515916
7.047015
7.177659
5.900598
7.833057
4.540048
0.627490
-1.006483
-4.183786
-5.513275
-5.963907
-5.195186
-6.507607
-7.029420
-5.786053
-4.838326
-3.055776
-1.116029
-0.037042
1.527914
2.077666
2.506962
3.889417
5.154581
6.353222
6.096393
5.234895
7.061715
6.759817
4.462980
1.678229
-1.985086
-5.265920
-6.701720
-7.761866
-7.960485
-8.515625
-7.299422
-5.775048
-4.043334
-1.412471
1.643925
2.819898
3.606338
3.769495
6.104420
7.878579
8.235348
9.588727
-2.398120
-0.973709
1.375035
-0.128248
-1.571131
-2.285047
-1.468316
-2.257905
-1.796423
-3.625695
-4.236324
-3.745200
-4.535400
-5.557019
-3.107752
-1.456167
-4.878436
-6.060246
-6.408495
-6.925548
-6.213276
-7.910403
-7.789860
-7.573614
-5.915117
-4.450124
-3.918687
-3.452042
-2.244883
-1.495869
-0.931927
0.512069
1.362726
1.288777
2.378798
2.465847
2.265601
3.184384
4.467857
5.440449
3.096745
4.250995
3.396959
2.485535
2.356780
2.961233
2.675669
1.900185
-0.085588
3.340170
3.346387
3.623064
3.755782
2.571583
0.730967
-1.248686
-3.599727
-5.360196
-6.072773
-7.079898
-6.214078
-4.962559
-3.732280
-2.378647
-1.082042
0.041951
0.838416
1.329231
1.725559
2.496500
2.965114
3.921457
4.227124
5.110361
5.625581
6.135110
4.523449
1.648221
-1.144249
-3.898606
-6.990159
-9.252457
-10.422159
-10.678576
-9.609881
-8.904407
-7.237550
-4.570745
-2.775255
-1.489357
-0.336747
0.639964
1.782361
1.931966
3.008185
3.567736
4.960469
5.676400
6.206348
5.955464
3.004921
1.623954
0.340573
-0.816119
-3.336566
-5.245105
-6.885291
-7.578119
-8.168156
-7.108560
-5.171360
-2.478922
-0.755635
0.538844
1.515547
2.080547
2.957164
3.388621
2.823651
2.854671
3.141105
2.981340
3.213230
3.332535
2.771786
1.919722
1.197389
-0.266770
-1.789052
-3.099518
-4.528137
-5.231371
-6.179260
-5.328566
-3.690036
-2.006989
-0.826267
-0.566308
-0.301511
0.019420
0.614809
1.891429
2.540431
3.167397
3.846203
3.417072
3.384108
3.090941
2.783150
1.380984
1.172652
-0.042755
-1.722568
-2.957685
-4.047184
-4.584909
-4.662136
-4.291658
-3.119983
-1.478240
-0.451632
0.472109
1.664356
2.662910
3.161209
4.034100
4.852231
5.797003
6.473448
7.265988
8.466268
8.288177
6.307597
4.154333
3.155615
2.172667
0.872512
-0.664554
-1.516879
-1.712699
-1.847582
-1.042499
0.767590
2.393065
3.453295
4.461708
4.979426
4.360355
4.489923
5.766889
7.573905
8.687564
9.857191
11.171785
10.691272
10.108677
6.263245
2.777525
0.103580
-1.716007
-2.682734
-3.667624
-4.523846
-5.184266
-5.565039
-5.420524
-4.777466
-3.403025
-1.830547
1.552673
3.193902
3.756562
4.445291
5.347929
6.114186
6.886137
8.837333
8.811301
10.204773
8.996252
4.829363
0.968097
-2.112830
-3.279538
-4.429391
-5.548025
-6.567468
-7.611561
-8.185500
-8.629616
-8.034952
-4.692583
-2.939366
-1.046718
0.800265
1.946040
2.460478
2.922022
3.738993
4.041407
4.806263
6.991664
6.509347
7.084232
2.310836
-1.324871
-4.176378
-6.229684
-7.328819
-8.395570
-8.938202
-9.459101
-9.593169
-9.039026
-7.530022
-5.159863
-3.160935
-1.011458
-0.298093
-0.309299
0.962623
2.257224
2.993199
3.883420
4.514581
5.642972
6.521622
6.035900
2.359005
-0.289272
-3.351118
-5.901711
-7.392913
-8.267587
-8.570492
-8.408274
-8.488860
-7.535386
-6.273761
-4.069487
-1.620542
-0.200902
0.624036
1.555952
2.018652
2.941477
4.524928
5.746545
6.711647
7.545012
8.418942
7.831721
4.594697
1.765268
-1.691375
-3.193734
-5.072938
-6.467895
-7.458899
-7.543156
-7.791831
-7.644470
-5.909391
-2.909347
-0.596499
0.375263
1.556412
2.550205
3.559128
4.197208
5.431662
6.060970
7.068456
8.088877
8.843891
8.177766
4.615615
1.553433
-0.956153
-3.112190
-4.883344
-6.414155
-7.744316
-8.084699
-8.230676
-7.734858
-5.816548
-3.987412
-2.516789
-0.760308
-0.204032
0.129643
0.790378
1.713037
2.637922
3.579031
4.577561
5.635286
6.670261
6.330432
3.567470
1.176608
-0.549027
-2.359397
-4.166920
-5.727903
-6.489212
-6.086669
-5.135774
-4.238629
-3.908758
-1.771354
-0.375175
1.385822
2.455572
3.345920
4.255304
3.219592
4.170811
4.737288
5.385385
5.254069
6.037683
7.056137
4.177666
0.427764
-1.811990
-4.509618
-5.492524
-7.215361
-8.326894
-9.167419
-9.519623
-8.809355
-6.382790
-4.035093
-2.284308
-0.932832
0.485161
1.276677
2.364118
3.611234
4.174418
5.149860
5.677112
6.534297
7.419383
7.788221
6.717762
2.919721
-0.406963
-2.734512
-3.954159
-5.287707
-6.516941
-6.960118
-6.737700
-5.675106
-4.239771
-2.609283
-0.978795
-0.154737
0.574803
1.015712
1.932310
2.225704
2.511260
2.794998
2.643101
3.005986
3.937846
4.627359
3.594086
0.814125
-1.847529
-4.029991
-6.379128
-7.981810
-9.194811
-9.352467
-9.134059
-7.710526
-6.140897
-4.610451
-3.053223
-1.827743
-0.735844
0.544226
0.901333
1.380444
1.866386
2.216249
3.333334
4.066299
4.602621
5.561287
4.941066
3.001885
0.965018
-1.603273
-3.298964
-4.669797
-5.774683
-6.917924
-6.120611
-3.468921
-2.063316
-1.144651
-0.303656
0.505425
1.304587
2.063941
2.332599
1.724312
1.971763
1.940290
2.074017
1.915947
2.214442
2.822015
2.573026
1.427179
0.471154
-0.261497
-1.126198
-1.973400
-2.334334
-3.418705
-3.997304
-3.577959
-3.290634
-2.590132
-1.563210
-1.035056
0.079318
-0.750492
-1.319719
-1.005419
-0.894862
-0.392640
-0.295279
-0.547716
-0.594876
-0.231640
-0.431504
-0.081931
-0.787443
-3.310595
-4.510520
-5.519002
-6.440756
-6.889551
-6.244342
-5.807284
-5.164886
-3.889712
-3.459391
-2.814393
-1.835821
-2.334437
-2.172466
-1.441892
-1.061311
-0.884580
-0.167994
0.399064
0.485507
0.265394
0.286418
3.293466
2.770917
2.650107
1.187559
1.316857
-0.143804
-1.151958
-1.232262
2.790537
3.080018
3.477279
3.634951
4.111549
4.865376
5.468327
6.381003
6.774793
7.156922
6.478975
4.077690
4.185962
3.587043
3.305782
2.167380
0.516241
-0.229575
-0.335294
-1.477426
-2.801118
-3.302218
-3.876659
-3.896708
-3.794412
-2.667604
-0.760431
1.512118
1.924928
2.874611
3.871744
4.357405
3.187251
4.891578
6.541946
7.565196
8.466044
9.569935
9.739840
7.184623
3.696393
1.761845
0.116908
-1.236556
-3.147542
-4.545593
-4.859587
-5.650572
-5.288135
-4.489076
-1.874965
-0.405760
1.075286
1.673355
2.126802
2.704382
3.358596
3.819757
3.890746
3.882844
4.966013
5.369491
6.495491
3.269231
0.155924
-3.169942
-5.440067
-7.222469
-8.067839
-9.018412
-9.897221
-9.246733
-8.594302
-7.100891
-5.606671
-4.700657
-3.121635
-2.529634
-2.213315
-1.983411
-1.586929
-0.893817
-0.064835
0.031854
0.416233
1.204076
0.999782
-0.108340
-1.876493
-4.136236
-5.360729
-6.145562
-6.722368
-7.563215
-7.771037
-6.159409
0.503869
0.673834
0.667868
0.483339
0.442238
0.752037
1.134388
1.464079
2.345504
3.547104
4.430138
5.177631
5.700856
6.281212
6.861547
4.215220
2.067457
0.880872
-0.568095
-1.513807
-2.261128
-3.198942
-3.805444
-4.989331
-4.351707
-2.396899
-0.439806
0.507538
1.165705
1.880083
1.926041
2.165178
1.701085
2.068356
2.490914
3.754776
4.523763
5.784921
6.243694
4.296002
2.798067
1.879750
0.688412
-0.401331
-1.184069
-1.642036
-1.729277
-1.951164
-1.742885
-0.527297
0.124246
0.854304
0.643513
1.355233
1.239787
1.041217
0.724507
0.812373
1.071781
1.366103
1.982154
2.502136
3.008467
3.350897
3.060666
3.060601
2.399285
1.421832
0.168350
-0.067302
-0.512528
-0.955221
-0.508691
0.176318
1.460530
2.336410
3.179519
4.166694
4.608960
5.274303
5.918915
6.201944
7.158818
7.933453
8.931322
9.225972
9.911406
8.951252
6.389408
3.174453
1.351805
-1.692176
-3.878119
-5.665082
-6.288027
-6.730257
-6.353013
-4.661781
-1.929683
0.357594
1.461565
2.384504
3.380742
4.290373
4.730474
5.510747
4.128209
6.277359
7.246373
7.941989
7.000788
3.453457
-1.369459
-3.224556
-4.290711
-5.700539
-7.367507
-7.960908
-8.741178
-9.373461
-9.437724
-7.959838
-5.604856
-4.101332
-2.190066
-0.970370
0.038185
1.112961
2.130267
2.601706
3.580126
4.534435
4.866817
5.507178
5.128456
2.554206
-0.827528
-3.314314
-4.847829
-6.212213
-7.276723
-8.257343
-8.697983
-8.160697
-7.184605
-5.937694
-3.532183
-2.263414
-0.579665
0.371618
1.137360
1.899010
2.995480
3.192823
4.391460
4.956967
5.206277
6.157210
6.520841
4.373934
2.712597
0.149277
-1.852365
-3.851308
-5.026359
-6.242451
-7.242837
-7.558496
-6.930426
-5.267067
-3.431916
-1.870469
-0.684134
-0.063743
0.800760
1.444490
2.293390
2.994969
3.398887
4.002425
4.084347
4.979063
5.711356
5.519390
4.740204
2.657477
-0.949521
-2.839053
-4.311956
-6.056064
-7.473987
-7.298525
-6.973732
-5.590496
-3.270106
-1.769895
-0.399647
0.318977
1.323740
1.822399
2.122763
2.781430
3.133431
3.449432
4.540064
5.188179
5.556382
4.159746
2.745846
0.865710
-1.207558
-4.089487
-5.806861
-7.207449
-8.261907
-8.955670
-8.248660
-6.437186
-4.591078
-2.927366
-1.605368
-0.549884
0.339127
1.047488
1.361281
1.827770
2.305387
3.112687
3.639206
3.317967
3.115304
2.960084
2.532657
2.013896
-0.171766
-2.820678
-4.648452
-6.053439
-6.409786
-6.149048
-5.064750
-3.391732
-1.772034
-0.752792
-0.045095
0.168928
0.515632
1.046241
1.946021
3.024740
2.721989
2.685937
3.076965
3.272167
3.929446
2.570582
1.744010
0.742468
-0.172929
-1.005689
-1.904148
-2.575453
-3.549534
-3.985608
-3.549337
-2.576714
-1.108358
-0.040990
0.898406
2.028391
2.280670
2.309379
2.706795
4.387023
6.357064
7.308621
7.070802
4.668923
2.723125
2.452576
1.405828
-0.225072
-1.029020
-2.260958
-3.185079
-3.692977
-4.039084
-4.797632
-4.782207
-4.390824
-2.843758
-0.600801
0.690769
2.555816
4.209209
4.510031
5.488143
6.724480
7.778827
8.645219
8.847976
8.686436
7.783157
4.538698
1.020244
-1.018253
-2.934332
-4.388186
-5.339072
-6.142172
-7.042363
-6.748546
-6.029613
-4.500572
-2.116426
-0.554132
1.598348
2.213384
3.069479
3.836062
4.911102
5.332774
6.076863
7.046398
7.624515
6.412460
7.537428
4.972855
1.433191
-0.503558
-2.492489
-3.562760
-5.111491
-6.287863
-7.105751
-7.192576
-6.130559
-4.707970
-2.398586
-1.141396
0.160721
1.099344
2.059376
2.928619
3.537719
4.357848
5.353302
5.779569
6.888274
7.122848
6.721173
4.517289
2.305364
-0.295483
-3.544283
-6.752830
-8.288909
-9.740400
-10.488532
-10.121066
-7.643657
-5.838259
-3.956435
-2.410966
-1.010730
0.193712
0.629392
1.296129
2.086230
3.080546
3.737789
4.121321
4.672976
5.036100
4.724449
1.890937
0.839705
-0.562111
-3.057187
-4.928070
-6.515842
-7.472494
-8.151032
-7.280603
-6.477417
-4.999405
-3.445958
-2.419745
-1.620235
-1.333565
-1.457415
-1.765374
-2.004831
-1.831721
-1.332459
-0.541727
-0.616658
-0.464786
-0.885903
-1.718303
-2.447389
-2.681959
-4.369508
-5.527086
-5.939894
-6.620770
-6.191749
-5.972544
-4.654584
-3.415658
-2.101967
-1.331814
-0.901647
0.127103
-0.120748
-0.165599
0.295582
0.991102
1.585776
2.298866
2.837436
3.028732
2.525591
0.893799
0.072961
-0.758554
-1.922820
-3.098130
-3.707123
-4.816499
-5.023726
-4.724009
-3.602459
-0.698241
0.923300
0.520751
0.784322
0.742408
0.693292
0.748144
0.958833
1.912183
2.621840
3.082483
3.835231
4.684218
4.758593
3.506244
2.564921
1.980653
0.615130
-0.262175
-1.398432
-2.267172
-3.172901
-3.507750
-1.202204
-0.084973
0.611974
1.503818
2.192602
2.670597
3.077380
3.331560
4.491831
5.286252
5.905624
6.833575
7.365426
7.198003
7.062811
4.839034
2.699728
0.677546
-1.611871
-3.611949
-5.275314
-6.216950
-6.275507
-6.130484
-5.714904
-5.433838
-4.007172
-3.032169
-1.932150
-1.165174
-1.010963
-1.489928
4.674167
5.100949
5.043042
6.220316
8.002516
7.763214
8.148171
4.755441
0.227359
-1.212761
-1.924792
-3.198234
-4.119364
-5.003631
-5.790113
-6.194812
-6.340566
-4.680095
-1.684761
0.995517
2.476710
3.177504
4.125152
4.931244
5.570611
6.621652
7.625565
8.537866
9.074367
9.462366
10.156549
6.277510
0.980781
-0.926854
-2.332903
-3.179842
-4.936536
-6.132490
-7.247644
-7.618823
-7.448895
-5.597291
-2.192965
0.223418
2.462612
2.578982
2.267041
3.183467
3.988935
4.505178
4.648552
5.488423
6.147135
7.031354
6.596001
-0.431765
-2.480436
-4.470168
-6.009460
-7.817664
-9.412011
-10.428724
-11.075326
-10.748306
-10.083710
-8.393294
-5.543710
-3.214440
-1.378278
-0.719755
0.096708
1.694489
3.367252
3.926205
3.781977
3.846886
4.252050
4.680585
4.525775
2.856031
0.017670
-3.691036
-5.023632
-6.534428
-7.141146
-7.291356
-7.650090
-7.069629
-5.212444
-4.119237
-3.224169
-3.009629
-2.385013
-1.877379
-1.031295
-0.521707
-0.555856
0.393968
0.773046
1.020480
1.522395
1.843152
1.698983
1.017859
0.168221
-1.790138
-2.329705
-2.860001
-4.082359
-3.466012
-2.834034
-0.922015
-1.217557
-1.478413
-0.457225
0.012815
0.831990
2.082305
2.999208
3.903350
4.661174
5.042662
6.016076
6.443836
7.013550
7.965309
8.455355
6.547979
4.085618
3.139419
1.304029
-0.221490
-1.251441
-2.498088
-2.926795
-3.281632
-2.908195
-1.270551
1.337405
2.548392
3.748262
4.713705
6.248618
7.239296
7.708164
8.976228
9.056513
9.522056
9.767122
10.613343
10.473702
7.085268
2.662993
0.960956
-0.727582
-2.079637
-3.090886
-4.583912
-5.334505
-5.922349
-6.174772
-4.922146
-0.720655
1.643055
2.232516
3.152422
4.078603
4.424386
5.483297
6.468967
7.457808
6.923700
6.653505
6.506941
6.434493
6.455314
2.282426
-1.079855
-2.764261
-4.027860
-5.123301
-6.426542
-6.676740
-7.056579
-7.154413
-5.758526
-2.731181
0.069345
1.174932
1.898590
2.589118
3.484115
4.277854
4.677296
5.823534
6.271201
5.794914
5.683005
6.067457
4.404231
0.506871
-1.758998
-4.451340
-5.935520
-7.618411
-9.098615
-10.124172
-9.773371
-8.575616
-6.385915
-3.631796
-1.417316
-0.166384
0.806868
1.473873
2.757986
3.096368
4.430025
5.823997
6.831523
7.351479
7.201896
8.254910
4.821737
2.295535
-0.526662
-3.446408
-5.505597
-6.466251
-6.965583
-7.099508
-6.373425
-5.614027
-4.435151
-2.945840
-1.614512
0.354979
1.168733
1.846836
2.743729
3.723719
5.095621
6.080089
6.904606
7.762321
8.428557
8.815484
6.063356
2.270059
-0.486614
-2.191231
-3.671827
-5.342857
-6.366491
-6.757629
-6.471705
-5.882536
-4.072715
-1.086798
0.383749
1.981934
3.261433
4.201045
5.026352
6.012314
7.124879
8.210364
8.982493
10.104861
9.927240
10.301471
6.366169
2.013982
-0.978133
-3.479452
-5.080719
-6.262220
-7.048485
-8.367607
-8.014169
-6.704243
-5.561676
-3.085528
-1.195993
0.545736
2.100202
3.513586
3.861639
4.648617
5.780295
6.177940
6.955034
6.911998
7.268883
8.536036
4.699516
0.400428
-2.722433
-5.549276
-7.046595
-8.358742
-9.758217
-10.307584
-9.782848
-8.434832
-5.874105
-3.451595
-1.671320
0.260704
1.747089
2.822979
3.823198
4.448946
5.753653
6.347803
6.937387
7.023446
7.370346
7.961577
4.801444
1.239912
-1.452218
-3.956462
-5.548531
-6.631677
-8.033072
-8.330503
-8.092015
-6.811916
-5.857763
-3.240421
-1.192246
0.545092
1.007316
1.590226
2.758719
2.872307
3.426925
4.070108
5.098824
5.667785
6.242974
6.274903
3.125852
0.114115
-2.805475
-5.426987
-6.805466
-7.294262
-8.037974
-8.460437
-8.489068
-7.504864
-5.462363
-3.003255
-1.786066
-0.509855
1.145276
1.178787
1.901111
2.368677
3.244214
4.391788
5.324230
6.211301
6.909706
7.013984
3.615057
1.171088
-1.395847
-3.031103
-4.799635
-6.152223
-7.070366
-7.377106
-7.431814
-6.800029
-5.832948
-3.661846
-1.545227
-0.095694
0.752531
1.414827
1.900525
3.004392
4.090333
4.469694
5.548167
6.669351
7.160227
7.444091
4.014703
0.791586
-2.476720
-4.953738
-6.818366
-7.785821
-8.966836
-9.153047
-9.468672
-8.937777
-7.288839
-4.810306
-3.107301
-2.269375
-0.649644
0.374203
1.215565
1.780690
2.749402
3.623998
4.871433
6.402315
7.514314
8.188928
5.635990
2.744269
0.913687
-2.088854
-4.816133
-6.102753
-7.406556
-8.162273
-7.193674
-6.405788
-5.319772
-2.830952
-1.034542
0.802060
1.318724
2.215022
3.404862
3.899793
4.559824
5.469803
6.116735
7.092906
7.898384
7.383684
2.556871
-1.624289
-5.863734
-8.716601
-8.213804
-9.548897
-9.845576
-10.084520
-9.883206
-8.665789
-5.966409
-3.414221
-2.362385
-1.011007
-0.290400
0.813584
1.716759
2.222376
2.513844
2.295688
2.624026
3.012958
3.058405
2.907488
2.607434
1.872305
0.417627
-0.310577
-1.434982
-2.292654
-3.862260
-5.099981
-5.252657
-4.705621
-1.864337
-0.311155
0.426967
0.491711
1.396567
1.560833
1.736195
1.931791
1.932889
2.603552
2.681980
3.131734
3.192397
2.892937
1.603124
0.034410
-1.093760
-2.595654
-3.386251
-3.478520
-2.645991
-2.256771
-2.161014
-0.424602
0.335002
0.363699
0.333969
0.727834
0.587085
0.585242
0.548379
0.620595
0.574607
0.368140
0.595406
0.650358
0.543037
0.733730
0.699272
0.592969
0.253210
-0.876884
-2.116291
-2.882308
-3.918509
-3.907048
-4.572209
-3.562823
-2.367278
-0.681675
-0.331544
-0.486313
0.058529
0.038770
0.177801
0.448404
0.863270
1.393191
2.186005
2.273033
2.859758
2.791048
1.146552
0.315825
-0.536413
-1.767783
-2.656987
-3.618420
-4.488724
-4.899830
-5.299226
-5.027311
-3.658334
-2.386737
-1.010028
0.009622
1.393338
2.588742
2.600993
2.443355
3.097641
4.461199
5.313936
5.827657
6.749515
6.292397
3.956472
1.638759
-0.340346
-2.046046
-3.429803
-5.071158
-5.975658
-6.947474
-7.036587
-5.421289
-3.587565
-2.397882
-1.338051
-0.656562
0.063898
0.681245
1.182938
1.347632
1.564298
1.898876
2.720816
3.666027
4.542016
4.537967
2.531080
1.316866
0.360544
-0.488396
-1.721575
-3.031997
-3.814835
-4.541088
-4.472406
-3.941011
-2.360817
-0.570830
0.062591
0.595821
1.339360
2.050516
2.974056
3.232605
3.241975
3.231677
3.827628
3.940262
3.824438
3.887527
3.092303
2.237467
0.226118
-0.607734
-1.826547
-3.322897
-3.940415
-4.314720
-4.157956
-3.722257
-2.390111
-0.708468
0.141946
1.417190
1.876204
2.204046
2.706711
3.739033
4.442311
4.419390
4.820825
5.376952
6.157778
6.649674
5.976905
5.483178
3.870573
2.695459
1.651391
0.493132
-0.772634
-1.565664
-1.470006
-0.933406
0.078986
1.592963
3.427863
3.893884
4.693945
5.201357
3.902252
1.408731
1.399813
1.895169
2.284030
2.974184
3.756372
3.186506
2.232461
1.229847
0.383290
-0.862588
-1.738748
-2.684794
-3.575924
-4.227925
-4.958603
-5.348746
-4.639691
-2.695720
0.119597
2.023652
3.011447
3.285178
2.421362
3.788845
4.430206
4.612045
4.646608
5.774432
5.956112
5.568925
0.828199
-2.912844
-5.058830
-6.556450
-7.787389
-8.431166
-9.431691
-9.849511
-9.209885
-8.339953
-7.481279
-5.119938
-2.685562
-1.822858
-0.766587
-0.396817
0.653444
1.299295
2.153800
2.871320
3.900403
4.799218
4.369515
4.557098
1.217026
-1.382044
-2.921684
-4.374159
-5.739293
-6.929538
-7.149019
-7.141449
-5.935715
-3.946551
-3.079803
-2.088569
-1.560746
-1.056390
-0.890557
-0.052216
1.138253
1.545852
1.400095
2.256351
2.377961
3.035556
3.811728
2.388386
-0.689560
-2.422378
-4.151708
-5.284015
-6.165719
-7.729454
-8.877667
-9.486514
-9.726921
-8.836435
-7.075583
-6.048699
-5.667876
-4.728071
-3.674108
-3.091214
-3.268376
0.764636
1.617702
2.962807
3.829058
4.818528
5.582841
5.706158
3.819484
2.012092
0.538301
-0.412433
-2.103808
-2.980289
-4.210999
-5.059634
-5.286832
-4.666227
-3.414951
-1.928852
-0.398386
0.577069
1.586343
2.624601
3.553941
3.935330
3.146044
3.414567
3.202535
3.450477
3.781616
3.345800
3.197314
1.916318
0.037675
-0.758588
-0.657970
-1.085542
-1.849894
-1.815258
-1.787219
-1.190454
-0.817754
-0.507391
-0.886081
-0.759670
-0.697095
0.059687
0.266081
0.235861
0.050283
0.015713
0.045948
0.241734
0.739917
0.449167
1.034057
0.761464
-0.364259
-2.508743
-3.434500
-2.317562
-2.055361
-3.436742
-3.258972
-2.693045
-1.793478
-0.969751
0.000256
0.576662
0.950640
1.125960
1.358719
2.031089
3.060488
3.837331
4.507319
5.369402
5.860207
6.463221
5.026566
3.896635
3.235087
1.526884
0.299545
-0.634264
-1.412933
-2.437556
-3.060973
-2.796121
-2.438315
-1.543464
-0.265563
1.757779
3.352992
4.826989
4.927494
5.769094
6.269972
6.844676
7.825039
7.672501
6.735186
7.142028
3.576725
2.684666
1.440018
0.347943
-0.959793
-2.276117
-3.123034
-3.736323
-4.381640
-4.517884
-3.090371
-1.806059
-0.888356
0.332595
1.927626
2.918582
1.161129
3.882595
5.044163
4.160214
4.956595
6.566215
7.287911
8.062476
5.656517
0.022747
-1.405549
-2.978985
-4.711334
-5.981373
-7.234951
-8.371200
-8.928892
-9.385378
-8.205685
-5.142308
-2.445299
-0.078890
0.929406
1.650351
2.233076
2.717421
3.716420
4.575448
5.525758
5.720259
6.266328
6.684495
5.195393
2.458544
0.825070
-0.750447
-2.011982
-3.304021
-4.470661
-5.319115
-5.600958
-5.238703
-3.388249
-1.478898
-0.828202
0.272004
0.677482
1.125716
1.964680
2.848350
3.385840
4.342317
5.315638
5.038467
5.453433
6.443550
4.804244
1.612564
-0.592343
-1.972473
-4.174443
-5.145299
-6.192746
-7.388839
-7.724246
-6.987738
-4.699943
-2.792372
-1.033772
0.432579
1.824385
2.352920
2.972545
3.774077
4.543117
5.155256
5.752491
6.397300
6.583904
6.496013
3.434445
0.258791
-3.395192
-4.555265
-5.719618
-7.448355
-8.049749
-8.071753
-8.053690
-7.155170
-5.874784
-4.465103
-2.711440
-1.075941
-0.035917
0.774227
1.342186
2.032295
2.337428
2.106216
1.738321
1.856966
2.055835
2.463911
2.228569
2.127101
1.801827
1.393311
1.269766
0.828747
0.738266
0.845795
0.935026
1.418732
2.181554
2.650271
2.699246
2.424308
2.683845
2.844385
2.583850
2.539117
2.845763
3.091704
3.385080
3.802283
4.083592
4.360482
4.295019
3.712355
1.933378
0.588656
-0.996534
-1.573229
-2.664981
-2.908415
-2.251871
-2.207423
-1.248940
0.425477
1.332944
2.040114
2.484274
1.864008
1.757103
2.386870
3.161471
3.554318
3.284994
3.280834
4.234894
5.194697
3.226829
1.686945
-0.555667
-3.414084
-5.486623
-7.038077
-7.369117
-7.748766
-6.932417
-6.098717
-3.893953
-2.492829
-1.652762
-1.009119
-0.810686
-0.477816
-0.554266
-0.380656
-0.158335
0.755786
1.801855
2.247117
2.455350
3.170884
2.176334
1.587231
0.672837
-1.076721
-2.931855
-4.674434
-6.197538
-6.508518
-4.281453
-2.928139
-2.180778
-2.051124
-1.707752
-1.815203
-1.637817
-1.566524
-1.519074
-1.412791
-1.219860
-1.119184
-0.979596
-0.435780
0.141362
0.771883
1.607836
1.827416
0.324292
-1.024910
-1.893180
-2.632588
-2.501979
-2.904207
-3.115326
-2.639149
-1.934462
-0.937349
-0.185482
0.514544
0.354689
0.614040
0.952070
0.573961
0.761447
1.029697
1.134690
1.602777
1.723208
1.390775
1.092802
0.602793
-0.768643
-2.249030
-3.346543
-4.323434
-4.806688
-5.534607
-5.404470
-4.537589
-3.115111
-1.716635
-0.692317
-0.399896
-0.072398
0.205020
1.054663
1.623976
1.987588
2.437840
2.694410
3.507802
3.548512
3.780858
2.832634
0.716808
-0.084089
-1.206577
-2.174082
-3.409670
-3.386047
-2.917219
-2.421209
-1.637561
-1.248304
-0.750317
-0.551306
-0.165204
-0.335087
-0.482336
-0.193274
0.589663
0.413066
0.320804
0.365951
0.112909
0.665270
1.328604
0.570082
-0.185967
-1.100861
-1.525367
-2.412287
-3.241664
-3.870799
-4.090297
-4.004938
-3.672476
-2.035434
-0.606494
0.151448
1.103025
1.116908
1.478058
1.427624
2.091889
3.035171
3.613838
3.282038
4.169850
5.436425
5.656220
3.261517
2.529096
0.922089
-0.355747
-1.077724
-1.796196
-2.588064
-3.502934
-3.719860
-2.746645
-1.236131
-0.451200
0.637885
1.608585
2.564812
2.934179
3.149385
3.953638
5.063836
6.190700
7.136613
8.380844
9.598578
9.910367
6.678229
3.612866
0.550769
-1.159068
-2.648052
-3.685424
-4.579273
-4.979185
-5.249667
-5.310095
-3.070508
-1.182543
0.274031
1.549492
1.986959
2.783764
3.771268
4.843122
5.143553
5.790381
5.898343
5.724379
5.684299
5.509076
3.056041
0.379510
-1.888969
-3.599209
-4.912722
-5.593905
-6.696237
-6.764204
-6.226588
-5.072429
-3.884953
-3.087564
-2.522136
-1.825388
-0.769141
-0.015569
1.330114
2.903366
3.909810
4.610865
4.904161
5.108649
5.270374
4.571038
2.732796
-0.047482
-2.759507
-4.029943
-4.227941
-3.055805
-1.727533
-2.213220
-2.476952
-3.620199
-3.981832
-2.743864
-1.375573
-0.888163
-0.092964
0.244666
0.266928
-0.194461
-0.047357
0.084660
-0.022521
0.208128
0.593330
0.730590
-0.216536
-0.821057
-0.936609
0.426549
1.528017
1.583315
1.380004
0.825411
0.951988
1.065190
1.413195
2.214618
2.261062
2.705671
2.684905
2.528147
2.535431
2.114750
2.159108
1.984520
1.883029
1.932530
1.688039
1.640859
0.983114
0.213537
-0.953241
-2.645600
-3.592992
-4.691051
-6.019961
-6.426632
-6.572750
-6.219145
-4.878465
-3.388415
-2.410674
-1.291539
-0.531605
0.030642
0.590468
0.978087
1.393270
1.816434
1.322276
1.532243
1.718166
1.527585
1.424725
0.470494
-0.166683
-1.581844
-3.350733
-3.574165
-4.569200
-4.599199
-4.959836
-4.409933
-3.165942
-1.423031
-0.352472
0.310175
0.516004
1.303617
1.628151
1.765586
1.767124
1.806308
2.161393
2.613054
3.141010
3.621648
2.520587
1.027396
0.015581
-1.046151
-1.995942
-2.407015
-3.433751
-3.678803
-3.810914
-3.407872
-2.165595
-0.410819
0.452141
0.619514
0.969327
1.188663
1.899104
3.042117
4.066896
4.849946
6.463514
7.942550
8.018473
7.746249
5.561129
4.235442
2.478623
-0.542425
-1.347024
-2.574713
-3.111187
-3.743912
-4.182363
-4.275000
-3.677710
-2.154740
0.968666
2.510140
3.435349
3.212092
3.406773
3.544568
4.529249
4.935531
5.535507
1.776057
1.793759
1.958482
0.636379
-0.156376
-1.189198
-2.405577
-3.402363
-4.128526
-4.762208
-5.449558
-5.855695
-6.071902
-6.113908
-4.793472
-2.290578
-0.127205
1.285701
3.383457
2.101113
2.952402
5.403424
6.017267
7.681359
8.771818
9.874315
9.561093
5.228294
2.373977
0.080067
-1.339773
-2.743171
-4.670669
-5.901887
-6.150174
-5.617259
-5.752777
-4.134168
-2.029772
0.025055
1.694607
2.747491
3.396463
4.472822
5.078876
5.890877
6.548205
7.296371
8.285799
9.227866
9.046496
6.360182
2.883590
0.405399
-1.969929
-3.447596
-4.489017
-5.825988
-6.342881
-6.109578
-5.550583
-4.364979
-2.195903
-0.633243
1.065530
2.267700
3.205177
3.936969
4.591666
5.211775
6.218529
7.235907
8.239135
9.023081
8.527156
4.442065
1.048905
-2.229495
-4.645566
-6.683155
-8.591541
-9.622463
-9.821983
-8.879210
-7.362398
-4.834835
-2.433387
-0.486867
0.370418
1.226645
2.203322
2.804077
3.193066
3.971996
4.598290
5.195844
6.054697
6.558594
5.860862
2.350194
-0.763279
-3.290869
-5.845266
-6.904588
-8.384072
-8.660433
-8.400325
-8.169134
-7.017363
-5.876569
-4.437752
-3.343583
-1.994485
-1.228654
-0.333344
0.266669
0.987500
1.068694
0.979597
1.130148
1.140194
1.319420
1.177948
0.944371
0.426559
-0.690866
-1.749445
-2.452112
-3.068397
-3.641237
-3.694580
-3.762059
-3.441123
-2.846363
-2.270159
-1.178307
-0.788220
-0.336628
-0.328463
0.415729
1.089006
0.869492
0.304290
1.065253
1.607021
1.668709
1.910678
2.356888
2.376107
2.016292
1.177470
0.511751
-0.136961
-1.125982
-2.124774
-2.681441
-2.402071
-1.631019
-1.049582
-0.831855
-0.705255
-0.452733
-0.241266
-0.421412
-0.269184
-0.391439
-0.082980
0.417536
0.622009
1.058197
1.228529
1.114545
0.561139
-0.209956
-1.181733
-1.343930
-2.271561
-3.073944
-3.881310
-3.812175
-2.979424
-1.635111
-0.679660
-0.074338
0.239749
-0.181473
-0.262832
-0.208568
-0.270124
-0.242705
0.098276
0.362107
0.847034
1.106933
1.387908
1.321821
1.092649
-0.086201
-0.794872
-1.771395
-2.586185
-2.887731
-3.457853
-3.587409
-2.995530
-2.120321
-0.301558
1.416740
2.943001
3.715558
4.568144
5.156983
5.490217
5.560684
6.274590
6.990496
7.711810
8.387559
8.503857
7.067346
4.163409
1.152714
-2.100857
-3.586877
-4.036296
-4.824528
-5.195186
-4.979541
-2.705684
-1.886001
-1.663520
-2.757631
-1.776723
-1.714603
-1.489685
-0.812675
-0.401297
-0.285171
-0.457133
-0.146826
-0.127444
0.384540
0.932122
1.202886
0.727210
2.154950
1.385087
0.612710
-0.283943
-1.184176
-2.001887
-2.319015
-2.033137
-1.888562
-1.896503
-2.056941
-1.304196
-0.780345
-1.019009
-1.276740
-1.210168
-1.511118
-1.440070
-1.098586
-0.247051
-0.042594
0.072332
-0.302636
-0.684538
-1.715090
-3.157929
-3.858382
-4.312872
-4.556567
-4.362404
-4.028594
-4.332309
-3.523806
-2.761918
-2.240438
-1.694764
-1.164724
0.008409
0.359078
1.152759
1.482991
2.045705
2.665044
3.380730
3.708619
3.925730
2.678474
1.584745
0.531964
-0.064870
-1.037784
-2.287785
-2.042569
-1.798111
-1.506837
-1.326581
-0.496443
0.219450
0.773065
1.593625
1.408171
1.028543
0.795023
0.658973
1.084047
1.098524
1.247708
1.624844
1.817870
1.959456
1.495410
0.543106
-1.082753
-1.384497
-2.491277
-2.961241
-4.588922
-5.132395
-5.009741
-4.966940
-3.384451
-2.092978
-1.314769
-0.679185
0.155801
1.051966
0.343476
0.767084
1.745671
2.545128
2.815981
3.089966
3.308287
3.633251
3.038416
1.702222
0.458962
-0.538729
-1.023837
-1.551643
-2.864553
-3.425610
-3.133671
-3.615740
-2.284049
-1.169150
-0.079360
0.492329
1.592290
2.337031
2.673370
3.482942
4.411785
5.463300
6.146729
6.699866
7.303519
7.037512
5.346525
2.162152
0.304030
-0.598119
-1.526646
-2.271391
-2.768470
-3.503647
-3.610069
-3.336545
-2.193631
-0.720406
-0.507994
-0.167022
1.059029
1.198757
0.759697
1.259859
1.624444
2.289251
2.659722
2.709385
2.938944
3.869052
2.523619
1.209492
-0.183442
-1.464081
-3.101622
-4.093180
-4.631687
-5.539281
-5.284253
-4.759334
-4.204542
-1.752402
-0.032480
0.553095
1.518183
1.293809
1.474799
1.732464
2.108597
2.375869
2.748569
3.261947
3.740012
4.151992
2.815407
1.953195
0.231434
-0.753630
-1.538585
-2.431459
-3.448767
-3.916429
-4.215125
-4.050273
-2.981767
-1.022703
0.396643
2.056794
3.129011
2.802746
1.278759
-0.062344
0.242236
1.428726
2.003904
2.519147
2.790876
3.220102
2.208756
0.665673
-0.427654
-1.349346
-2.618479
-3.133560
-3.625340
-4.092072
-4.214895
-3.915871
-2.844777
-1.002534
1.319311
4.061971
4.793907
4.863115
5.793481
5.890193
7.637541
8.425696
8.668267
9.404941
9.617222
9.767118
5.593172
1.639121
-0.165688
-0.992384
-1.906322
-2.305865
-2.910332
-3.599522
-3.678226
-3.160491
-2.460665
-1.769870
-1.042573
-0.041775
2.567766
2.288403
3.952052
5.169141
2.615552
5.818171
6.374258
6.253540
5.757695
7.299753
4.216963
0.012882
-2.026253
-2.665428
-3.647412
-4.544543
-5.323728
-5.733475
-5.991605
-5.986419
-4.673643
-3.692858
-1.106444
1.439303
2.878184
3.825983
4.674168
5.364906
5.911994
6.612944
7.309648
8.609669
8.473909
7.690961
3.511717
-1.015857
-2.913006
-4.468519
-5.638252
-7.625702
-8.041861
-8.786590
-9.167129
-9.259510
-7.510396
-4.063892
-2.049701
-0.604831
0.445602
1.369580
1.594433
3.703370
3.232720
3.514750
5.455952
6.552877
7.112481
7.612274
3.187869
-0.110450
-2.796758
-5.217705
-7.487494
-8.697627
-9.533725
-9.213310
-8.808259
-7.648684
-6.635587
-3.897731
-1.709144
-0.640529
0.600628
1.098370
2.028340
2.837189
3.113882
3.783400
3.849291
4.738626
5.425703
4.249445
1.557423
-0.558616
-2.712071
-4.962284
-6.552329
-7.717784
-7.558945
-7.307898
-6.818995
-6.445766
-4.092745
-2.261773
-1.863994
-1.588191
-1.599887
-1.467001
-1.018018
-1.034769
-0.815734
-0.384895
0.586138
1.231302
1.364369
1.190538
-0.281908
-2.282952
-2.958628
-3.651009
-5.092999
-5.351588
-3.383969
-2.602958
-2.870337
-0.322068
0.451343
0.489854
0.418215
0.441154
-0.123275
-0.285632
-0.117731
-0.197100
-0.045990
0.605745
1.583042
2.117750
1.985430
2.310602
0.881758
-0.222722
-0.595599
-0.905252
0.112608
-0.793546
-1.550695
-1.884438
-2.469133
-2.097187
-1.518531
-0.538179
0.341332
0.780565
1.002974
2.102143
3.199111
3.263392
2.916515
2.175097
2.284675
2.358399
3.935870
4.138347
1.140315
0.393550
-0.136236
-1.276900
-2.289841
-3.026711
-4.109643
-4.605132
-4.957093
-5.359309
-4.005548
-1.999990
-1.224793
-0.664742
0.468880
1.233122
1.900248
2.696816
3.532111
4.420712
5.461387
6.156635
6.673100
6.854758
4.972371
4.049784
3.867072
2.722527
1.182826
-0.390082
-1.429355
-1.826928
-2.563965
-1.903788
-0.758287
0.004211
0.181780
1.060399
1.957786
2.606701
1.964065
1.696505
1.780053
2.859076
4.690014
5.268893
5.762841
6.181227
4.774255
3.430261
2.336622
1.136819
-0.722751
-1.983683
-3.327325
-4.303184
-5.026503
-5.063658
-4.025172
-1.689076
0.069502
1.021296
2.322986
3.322794
4.023048
5.019328
5.463325
5.996906
6.590526
7.428128
7.853206
7.478042
4.540767
1.143081
-1.828123
-4.839233
-6.972148
-8.143194
-8.922272
-8.863768
-8.535659
-7.312442
-5.468919
-3.377285
-1.685917
-0.142433
0.852532
1.803681
2.329184
3.113772
3.760645
4.573691
4.990378
5.520313
6.081873
5.531173
2.749868
0.369265
-1.102791
-3.032290
-4.472977
-5.826486
-6.232076
-7.030782
-7.648881
-7.767547
-6.039031
-3.612723
-2.378591
-1.669512
-0.463263
0.704248
1.481904
2.614993
3.394582
3.940754
4.132898
4.496909
4.955113
4.880467
3.812783
3.141586
1.790467
0.008768
-2.115337
-4.010914
-4.443949
-4.847164
-4.677569
-4.418562
-3.217031
-2.178303
-1.873860
-0.734647
-0.107365
-0.223859
-0.184769
0.162532
0.858848
2.295406
2.795378
3.281629
4.417827
3.879914
2.334500
1.154744
0.105031
-0.346080
-1.941313
-3.257347
-4.383416
-4.592732
-4.831421
-4.204518
-3.021771
-1.615989
-0.714663
0.149805
0.515930
1.701807
2.873227
3.820862
4.531923
3.954879
5.506353
6.492058
6.652720
6.680340
4.911993
3.101198
1.357636
-0.047439
-0.906472
-1.880835
-2.782174
-3.270977
-3.355691
-3.263890
-2.210037
-0.639481
0.732618
2.842567
3.950925
5.015818
4.968595
4.964490
6.050010
7.215137
8.337265
8.426800
8.256734
7.121602
3.107886
-0.417896
-1.209985
-2.776515
-3.904380
-5.010554
-5.755217
-6.205504
-6.861795
-7.258662
