0
52200
56794
46784
5518
5391
6924
6715
5570
4852
6054
11867
16054
16081
16962
17099
17031
17033
16986
6223
7189
5948
10943
8716
4526
5606
7214
4195
3213
4494
4187
5876
4754
6218
3723
4003
5454
17246
29748
16401
17531
17601
12301
19386
18600
23538
23074
26307
6028
6873
6004
9335
4818
2877
5919
37335
11162
16043
37325
35679
35675
56133
43890
31224
38435
7421
8010
6344
6521
8515
52643
52641
52735
65244
12676
13709
130680
110800
110345
158657
157833
68550
128567
143476
35835
35797
79682
51647
49599
125031
124975
114143
67995
52098
5520
5572
17030
9817
4191
3725
17277
27384
19385
4813
16043
56103
43889
6366
51582
52197
56792
46796
5520
5391
6704
6924
5570
4852
6054
11867
16054
16081
17029
17100
17076
17048
17065
6168
7177
5993
6644
8716
4526
5606
5897
4195
3214
4494
4187
5859
4841
6208
3700
5926
6645
17259
25663
16401
17481
17398
12301
19404
18645
23537
25322
26307
6062
5382
6036
9335
4818
2878
5919
37335
11161
16043
37335
35675
35675
60212
33167
31224
38434
6333
7978
7027
6520
8515
52643
52642
52714
89642
12676
13604
131071
110800
110334
168258
168258
158292
128589
143474
35830
35798
79682
51633
49599
114282
124974
114164
67995
16964
37655
13279
15069
29042
26137
26858
27901
83303
56880
56739
14194
127370
126371
107371
161230
150720
210719
64853
251370
163996
92202
131624
191341
159392
123173
29160
46341
44358
34685
47565
57541
24503
97094
75450
46350
90149
51832
209774
565479
838311
187862
203485
190545
189163
271081
106367
2034
6285
3569
