0
318
319
319
44
32
32
32
32
32
32
120
120
120
120
797
120
120
120
48
48
48
48
48
30
30
30
30
30
30
30
30
29
29
30
30
30
120
119
119
120
119
119
98
119
119
119
119
45
45
45
45
45
26
26
154
153
153
154
259
259
259
255
255
255
40
39
39
39
40
224
220
220
359
144
120
777
777
797
798
758
758
778
777
160
160
319
240
228
518
514
516
510
318
44
32
120
48
30
30
120
120
98
45
153
259
255
39
798
318
319
319
44
32
32
32
32
32
32
120
120
120
120
797
120
120
120
48
48
48
48
48
30
30
30
30
30
30
30
30
29
29
30
30
30
120
119
119
120
119
119
98
119
119
119
119
45
45
45
45
45
26
26
154
153
153
154
259
259
259
255
255
255
40
39
39
39
40
224
220
220
359
144
120
777
777
797
798
758
758
778
777
160
160
319
240
228
518
514
516
510
165
167
166
167
159
168
159
163
367
478
477
119
1196
1194
1196
1195
1194
1195
1195
1195
1189
843
719
796
797
757
237
236
236
236
236
236
370
394
388
387
387
395
3577
3586
3586
1143
997
1197
1191
1195
797
33
42
41