40
40
4219
42
2116
2346
2347
4224
4225
6332
6333
4924
54
56
56
57
58
59
60
4235
2057
4237
2059
4240
2061
2062
2064
2064
2065
2066
2067
4249
4250
4251
4250
4251
4254
4253
4254
4257
2143
2145
2146
2147
2148
2149
2150
2151
2152
2153
2154
6374
6375
4269
6377
4272
4273
4275
4276
4277
4278
4279
4280
4281
4282
4283
4284
4285
4286
4287
4288
4289
4290
4291
4292
4293
6400
6400
2181
2182
2183
2184
2185
2186
1873
1874
2189
2190
2191
222
223
224
225
226
227
938
939
940
941
942
943
502
504
504
505
506
507
508
1329
1378
1379
1380
1381
955
907
908
909
910
1690
1691
546
548
549
550
551
864
865
866
155
156
157
158
159
160
161
162
163
164
165
166
1986
168
169
170
171
172
173
174
175
176
177
1998
1998
2000
180
128
129
130
131
132
134
134
135
136
137
138
139
140
142
142
143
144
145
146
147
148
150
150
151
152
154
155
837
555
2975
557
558
2292
2979
2980
2981
876
877
878
879
880
881
882
883
884
884
544
545
546
547
548
891
892
893
894
895
896
897
898
899
900
6537
6538
7222
6540
6541
6542
6543
6544
6544
6790
6792
94
6793
96
2335
2336
2337
6554
6555
6556
6557
6558
6558
6559
6560
5056
4458
843
4460
4461
6568
6569
6570
85
86
87
88
89
90
91
92
93
94
95
96
231
232
233
234
2024
2025
2026
2027
2028
2029
627
628
4491
2033
2034
2035
2036
2037
4497
4498
638
639
640
8369
4503
4504
4505
4506
4507
4508
4509
4510
4511
4512
4513
4514
6617
4516
4517
4518
4519
6622
6623
6624
6625
6626
6627
6628
6629
6630
2411
2412
2413
4531
4532
4533
2417
2418
2419
2420
6641
6642
6643
6644
2425
2426
2427
2428
2429
2430
2431
2432
2433
2434
2435
2436
2437
2438
2439
4558
6662
4560
4561
2444
766
768
768
6669
2450
2451
2452
2453
2454
2455
2456
2457
2458
2459
2460
2461
2462
2463
2464
2465
2466
2467
2468
2469
2470
2471
2472
2473
2474
2475
2476
2477
2478
2479
2480
2481
2482
2483
2484
2484
2486
2487
2488
2489
2490
2491
2492
2493
2494
1528
1528
8233
8234
6131
8236
8237
8238
8239
8240
479
480
481
482
483
484
4027
486
487
1926
1928
1928
6738
6739
6740
6741
6742
6743
1035
1036
1037
1038
1039
6748
502
504
504
505
506
507
508
509
951
512
462
538
539
540
541
542
468
544
521
522
522
524
525
526
527
528
529
530
531
532
533
534
535
536
537
538
539
540
541
542
543
544
545
546
547
548
450
1392
452
453
210
404
405
406
407
408
409
3058
1925
1926
1927
1928
1929
1930
1905
982
1713
1714
1715
1716
1127
1600
1601
1130
1790
1371
1372
1373
1374
1375
1376
1377
1378
951
1380
1381
1382
1383
1384
1385
1290
1291
1292
446
447
1577
1578
1579
1014
1016
453
454
455
456
457
458
459
460
461
462
463
464
465
466
467
468
469
470
1388
1389
1390
206
123
124
125
126
127
183
184
184
186
187
2293
4774
4775
4776
4777
4778
4779
4780
4781
6891
5038
5039
5040
5041
5042
5043
5044
5045
5046
5048
6941
6942
6944
6944
6945
6946
6947
6948
6949
6912
6912
6913
6914
4806
4808
4808
2694
2695
79
812
813
814
815
816
817
818
819
820
821
822
1987
824
825
826
827
828
829
830
831
832
833
834
835
836
2028
586
270
271
272
2728
4803
4845
4846
4847
2733
6256
4496
803
804
805
283
284
6963
6964
6965
4859
6968
2746
2747
2749
2750
2751
2752
2753
2754
2755
2756
2757
2758
2759
2760
2761
2762
2763
2763
2764
2765
2766
2767
2768
2769
2770
2771
2772
2773
2774
2775
4892
6999
7000
7001
7002
7003
7004
7005
7006
7007
7008
2788
2790
2791
2792
2793
2794
2795
2796
2797
2798
2799
2800
2801
2802
2803
2804
2805
2806
2807
2808
2809
2810
7030
2812
4925
7033
2816
7035
7036
2819
2820
7040
2821
2823
2824
2825
2826
2827
2828
2829
2829
2830
2832
2832
2833
2834
2835
2836
2837
2839
2840
2841
2842
2843
2844
2845
2846
2847
2848
2849
2850
7120
7121
7122
279
280
6262
4152
4970
6257
6258
2173
2863
2864
2913
7083
2867
7085
7086
346
811
812
4984
1834
4986
4987
4988
4989
2879
2880
2881
2882
2883
2884
2885
2886
2887
2888
2889
2890
2891
2892
2893
2894
2895
2896
2897
2898
2899
2900
2901
2902
2903
2904
2905
637
638
6320
6321
641
4974
5024
4928
5025
7132
7133
2917
1834
1835
2920
1982
1983
1984
1985
1986
1987
1987
1989
1990
1991
1992
1993
1994
1995
1995
1997
179
180
2939
2940
5052
5053
2943
5055
5056
5057
5058
5059
5060
2952
2952
2954
2955
2956
2957
2958
2959
2960
958
960
960
961
962
963
964
2968
2968
2969
2970
2971
4345
5083
5084
5085
5086
6456
2237
2238
2239
192
193
194
2243
196
197
2246
199
201
201
202
203
204
205
206
207
208
209
210
211
212
213
2005
2006
2007
2008
2009
2009
954
955
956
957
958
959
960
960
962
1150
1151
1152
1153
1154
1155
1156
1157
1158
1159
1160
1161
1162
1163
1140
1141
1142
1143
1144
1145
1146
1147
1148
1149
963
964
965
966
967
100
101
102
103
507
508
509
510
108
512
512
2563
906
907
908
909
910
911
912
860
938
939
940
941
942
943
920
921
922
923
924
925
926
927
1706
1707
1708
1709
1710
1711
494
1713
1714
1715
498
499
1624
1625
1626
1627
1628
1629
1746
1747
1748
1749
1750
1751
1752
1753
1754
1192
1193
1194
1385
1196
1197
1198
1199
1200
1201
1202
1203
1204
1205
530
531
532
533
534
1211
1212
1213
1214
1215
1216
1217
1218
1219
1220
1689
1934
1935
1646
1647
1648
1649
1650
1651
1652
1653
1654
1655
1656
1657
1658
1659
1660
1661
1662
1663
1664
1665
1666
1667
1668
1669
1670
1671
1672
7973
1489
1490
1491
3151
1493
3153
3154
3155
3156
3157
3158
3159
1053
1054
1055
1056
1057
1058
1059
1060
1061
5298
7952
7952
5301
7954
7955
7956
5305
2609
2610
5308
5309
7490
7491
1711
1712
1713
1714
1715
1716
1717
1718
1719
1720
1721
1722
1723
1724
1725
1726
1727
1728
1611
1544
1545
1546
1547
1548
1549
1550
1551
1552
1553
1716
1717
1718
502
1440
1441
1442
1746
1747
1748
1749
1750
1751
929
930
931
932
933
934
935
936
937
938
939
940
917
918
919
920
921
922
923
924
925
926
927
928
1752
1753
1754
1755
1756
1757
1758
1759
1760
1761
1012
1013
1014
1015
1016
1157
1158
1159
1160
1161
1162
1163
1164
1330
1379
1002
1003
1004
1005
1006
1007
1008
1009
1010
1011
1013
1013
1014
1015
1016
1017
1018
1019
1020
1021
1022
1023
1024
1236
1026
1027
1029
1029
1030
1031
1032
1033
1934
1935
499
990
991
992
1040
1042
1043
1444
1445
1446
1447
1448
1449
1214
1215
1216
1452
1454
1455
1456
1457
1458
1909
1910
1460
1462
1463
1464
1465
1466
1467
1468
1468
1470
1471
1472
1472
1473
1474
1475
1662
1663
1664
1665
2520
2521
2522
2523
2524
2525
2526
1650
1488
1489
1653
1654
1655
1493
1494
3736
5499
1660
1661
515
516
517
518
519
520
521
522
523
524
525
1766
1768
1768
1349
1350
1351
1352
1353
1354
1330
1356
1357
1358
1359
1360
1361
1337
1338
1364
1810
1366
1367
1367
1369
1370
1371
1372
1373
1374
1375
1376
1377
1378
1379
1380
1381
1382
1383
1384
1385
1386
1387
1388
1389
1366
1367
1367
1368
1393
1394
1395
1396
1397
1398
1399
1400
1401
1402
1332
1333
1334
1335
1336
1337
1338
1339
1340
1341
1318
1319
1321
1321
1322
1323
1324
1325
1326
1327
1328
1329
1330
1331
1332
1333
1334
1335
1336
1337
1338
1339
1340
1341
1342
1343
1345
1346
1347
1348
1349
1350
1351
1352
1353
1354
1355
1356
1357
1358
1359
1360
1360
1362
1363
1364
1365
1366
1367
1368
1369
1370
1626
1627
1628
1629
1630
1114
1115
1116
1117
1118
1544
1545
1546
1122
1123
1124
1620
1621
1622
1623
1624
1625
1626
1133
1134
1135
1630
1631
1138
1139
1634
1635
1166
3737
3738
3739
3740
3741
1243
1244
1245
1246
1247
1248
1249
1250
1251
1252
1253
1254
1255
1256
1257
1258
5260
5261
1262
1263
1029
1662
1663
1664
1665
1666
1667
1668
1669
1670
1671
1672
1040
1041
1042
1043
1044
1045
1679
1680
1681
5970
1683
1684
1685
1686
1687
1688
3789
3791
3792
3792
3793
6796
3796
3797
1743
1744
1745
1746
997
998
999
1611
1612
1002
1003
1004
1005
1409
1410
1713
1714
1715
1716
1553
1554
1555
1132
1627
1628
1629
1630
1631
1632
1424
1426
1427
1118
1119
1120
1121
1122
1123
1124
1125
1127
1127
1717
1718
1719
1720
1721
1722
1723
1724
1725
1726
1727
1728
1729
5644
5645
5646
5647
5648
5649
3537
446
1761
522
1392
1393
1394
1395
1396
1397
1770
1771
1772
1773
1774
1775
1776
1777
1778
1779
1780
1781
1782
1783
1783
1784
498
499
1740
1741
1742
1743
1744
1745
1112
1114
1115
1116
1117
1118
1119
1120
1407
1122
1549
1550
1551
1434
1435
1436
1437
1438
1439
1440
992
993
994
1422
1423
1424
1424
1426
1543
1614
1615
1616
1617
1618
1619
1620
1621
1034
1035
1036
1037
1038
1039
1040
1041
1042
1043
1044
1045
1046
1047
1048
1049
1050
1051
1477
1478
1480
1480
1481
1482
1483
1484
1485
1486
1488
3772
1489
1300
1301
1492
1493
1494
1305
1496
1307
1498
1499
1500
540
541
542
543
544
119
120
1624
1625
1626
1627
1442
1443
1444
1350
1351
1352
1353
1354
1355
977
5806
979
980
981
1099
1101
1101
495
496
1104
1554
1555
1556
1109
1109
1110
1111
1112
1113
1114
1115
1116
1117
1118
1119
1120
1121
1549
1550
1551
1552
1553
1128
1601
1602
1603
1604
1605
1606
1607
996
1161
998
999
1000
1001
1002
1003
1004
1005
1006
1007
1008
1388
1389
1390
1012
1343
1344
1345
1346
1347
1348
1349
1584
1585
1586
1587
1588
1589
1590
1591
1592
1593
1594
1595
1596
1598
1599
498
499
500
501
502
503
8115
3894
8117
3896
6014
6016
6016
535
6857
6858
6020
6021
540
541
542
494
544
544
1716
1318
1367
1320
550
551
552
552
554
6037
6038
6040
6041
6042
6043
6044
6045
6046
6047
6048
6049
6050
3934
6053
6054
816
817
6057
6058
6059
6060
6061
6062
6063
6064
6065
6066
6067
6068
6069
6070
6071
6072
6073
6074
6075
6076
6077
6078
6079
6080
6081
6082
6083
6084
6085
8189
8190
79
6089
81
82
83
84
85
86
6097
6098
6099
6100
6101
200
200
546
547
548
549
550
123
208
209
210
127
128
129
214
1948
1949
4000
411
412
6146
1927
1928
1929
1930
1931
1932
1933
1934
1935
1248
1937
1938
1251
1252
503
1942
8215
8216
8217
8218
8219
8220
8221
486
487
1902
1903
1904
1905
1906
1907
1908
1909
1035
1036
1912
1913
1914
1915
1916
1917
4046
1892
1893
1894
1895
1896
1897
8274
8275
8276
8277
8278
8279
8280
8281
8282
8283
8284
496
496
498
8288
8289
8290
8291
8292
8293
8294
8295
8296
8297
4078
8299
8300
8301
8302
8303
8304
8305
818
819
820
821
822
823
824
825
826
827
828
829
830
831
832
150
151
152
153
895
896
897
898
899
900
901
902
903
904
464
465
114
115
170
117
118
119
120
121
122
177
178
179
836
837
838
8352
270
271
272
272
4139
8358
8360
4142
4144
4496
4496
4497
4498
4499
4500
4501
8370
8371
4154
2858
8374
6265
8376
8377
8378
8379
8380
8381
6272
6273
6274
6275
6276
6277
6278
6280
6281
6282
8391
4174
6285
6286
6287
6288
6289
6290
6291
6292
6293
6294
6295
6295
6296
4189
6298
6299
6300
4193
4194
4195
4196
4197
4198
4199
4200
4201
4202
4203
4204
4205
4206
6315
4208
4209
4210
4211
4212
4213
4214
4215
6324
6325
6326
6327
6328
6329
4224
6368
6369
6370
6371
6372
6373
6374
6375
6343
6344
6345
6346
6347
6348
6349
6350
6351
6352
4515
4248
4248
4250
4251
4252
4253
4254
4255
4256
4256
4258
4259
4260
4261
4262
4263
4264
4264
4266
4267
4268
4269
4270
4272
4272
4273
4274
4275
4276
4277
4278
4280
6388
6389
6390
6391
6392
6393
6394
6395
6396
6397
6398
6399
6400
6401
6402
6403
6404
6405
6406
6407
6408
6409
6410
6411
6412
6413
6414
6415
6416
6417
6418
2546
2547
5794
5795
5796
2551
7240
7241
7242
7243
7244
7245
7246
7247
3033
3034
3035
3036
3037
3038
3040
5149
5150
6440
6441
5153
5154
6445
6446
6447
6448
6449
6450
6451
6452
6453
6454
6455
6456
6457
6458
6459
4354
4355
4356
4357
4358
4359
4360
4361
4362
4363
4364
4392
4393
4394
4368
4396
4397
4398
4399
4400
4401
4402
4403
4404
4404
4406
4407
4407
6538
6539
6540
6541
6542
7200
7201
7202
4388
7204
7205
7206
7207
4393
4394
4395
4396
5050
5051
5052
5053
5054
5055
5056
5057
5058
5059
5060
2980
4353
4354
4355
4356
4357
6516
6517
6518
6519
6520
6521
6522
6523
6524
6525
6526
6527
6528
6529
4372
4373
4374
8328
8329
6223
8331
8332
4114
4115
4116
4117
4118
4120
6232
6545
6546
6547
6548
6549
6550
6551
6552
2228
2229
2230
2231
2232
2233
2234
2235
2236
2237
2238
2239
7194
4056
4057
4058
4059
6098
6099
6100
6101
6102
6103
6104
6105
6106
4070
4071
4072
4073
4074
4075
4076
4077
4136
4137
4138
4139
2688
6597
6598
6599
6600
6601
6602
6603
6604
6605
6606
6607
6608
6609
6611
6612
6613
6614
6615
6616
6617
4514
6619
6620
6621
6622
6623
6624
6625
6626
6627
6627
6628
6629
6630
6632
6632
6633
6634
6635
4534
4535
4536
4537
6641
6642
6643
6644
6645
6646
6647
6648
6649
6650
6651
6652
6653
6654
6656
6656
6657
6658
6659
6660
6661
6662
6664
6664
6665
6666
6667
6668
6669
6670
6672
6673
6674
6675
6676
6676
6678
6679
6680
6681
6682
6683
6684
6685
6686
6687
6688
6689
6690
6691
6692
6693
4591
4592
6696
6697
4595
4596
4597
4598
4599
4600
4601
4602
4603
4604
4605
6708
6709
6710
6711
6712
6713
6714
6715
6716
6717
6718
6719
6720
6721
6722
6723
8239
4021
4022
6114
5446
5448
5448
6118
6119
6120
6121
6122
6123
6124
8228
8229
1269
1269
1270
1271
1272
1273
1274
3381
5252
3383
3384
4648
4649
4650
6755
6756
6757
6758
6760
6760
6761
6762
6763
6764
6765
2197
2198
2199
7259
7260
7261
7262
7263
7264
7265
7266
7267
7268
7269
7270
7271
7272
7273
7274
7275
7276
7277
7278
7279
7280
7281
7282
7283
7284
7285
7286
7287
7288
7289
6502
6503
6504
6505
6506
2320
2321
2322
2323
412
6733
6734
6735
5264
5265
5266
5696
5696
5697
5698
5699
5700
5702
5703
5704
5705
5706
5707
5708
5709
5710
5711
5712
5713
5714
5715
5716
3276
3277
3278
3280
8014
8016
5912
5913
8018
8019
8020
8021
8022
8024
8024
8025
8026
8027
7654
7655
7656
7657
7658
7659
7660
7661
7662
7663
3069
3070
3071
2967
2968
2969
2970
4766
4767
4768
4769
4770
4771
4772
4773
4774
4775
4776
4777
4778
4779
4780
4781
4782
4783
4784
4785
4786
4786
4787
4788
4789
4790
4791
4792
4793
4794
4795
4796
4797
4798
4799
4801
4802
4802
4804
4805
4806
4807
4808
4809
4810
4810
4812
4813
4814
4815
4816
4817
4818
4819
4820
4821
4822
4823
4824
4825
4826
4827
4828
4829
4830
4831
4832
4833
4834
4835
4836
4837
4838
4839
4840
4841
4842
4843
4844
4845
4846
4847
4848
4849
4850
4851
4852
4853
6960
4855
4856
4857
4858
4859
4860
4861
4862
4863
4864
4865
4866
4867
4868
4869
4870
4871
4872
4873
4874
4875
4876
4877
4878
4879
4880
4881
4882
4882
4883
4884
4885
4886
4887
4889
4890
4890
4892
4893
4894
4895
4896
4897
4898
4898
4900
4901
4902
4903
4903
4904
7010
7011
7012
7013
7014
7015
7016
7017
7018
7019
7020
7021
7022
7023
7024
705
7025
4921
4922
4923
7030
7031
7032
7033
7034
7035
7036
7037
7038
7039
7040
7041
7042
7043
7044
7045
7046
7047
7048
7049
7050
7051
7052
7053
7054
7055
7056
7057
7058
7059
7060
7061
7062
7063
7064
7065
7066
7067
7068
7069
7070
7071
7072
7073
7074
7075
7076
7077
7078
4971
4972
4973
760
7082
7083
7084
7085
7086
4980
4981
4982
7091
7092
4986
4987
4988
4989
4990
4991
4992
4993
4994
4995
4996
4997
4998
4999
5000
5001
5002
5003
5004
5005
5006
5007
5008
5009
5010
5011
5012
5013
5014
5015
5016
5017
7123
7124
7125
4152
7127
7128
2175
5024
7130
7131
7132
5028
5029
5030
5030
5032
5033
5034
5035
5036
5037
5038
5039
5040
5041
5042
5043
5044
5045
5046
5047
5048
5049
5050
5051
5052
5053
5054
5054
6560
6561
6562
843
844
845
846
847
848
849
850
3978
3979
3980
3981
3982
2570
2571
2572
2573
2574
2575
3989
3990
3991
3992
3993
3994
3995
3996
3997
4349
2236
2237
5088
5089
5090
5091
5092
5093
5094
5095
5096
5097
5098
5099
5100
5101
5102
5103
5104
5105
5106
5107
5108
5109
5110
5111
5112
5113
5114
5115
5116
5117
5118
5119
5120
5121
5122
5123
5124
5125
5126
5127
5128
5129
5130
5131
5132
5132
5134
5135
5136
5137
5138
5139
5140
5141
5142
5143
5144
5145
5146
5147
5148
5149
5150
5151
5152
5153
5154
5155
5156
5157
5158
5159
5160
5161
5162
5163
5164
5164
5165
5166
5167
5168
5169
5170
5171
5172
5173
5174
5175
5176
5177
5178
5179
5180
5181
5182
5183
5185
5186
5187
5188
5189
5190
5191
5192
5193
5194
5195
5196
5197
5198
5199
5200
5201
7307
7308
7309
7310
7311
7312
7313
7314
7315
7316
7317
3732
3733
3734
3735
3736
3737
7610
3322
3323
3324
7614
7615
7616
5674
5675
5676
5677
5678
5679
8067
8068
8069
8070
8071
8072
8073
8074
5283
7464
7348
7349
7350
7351
7352
7353
7354
7355
7356
7357
7476
7477
7478
3635
3636
3637
3638
3639
3640
3641
7980
7981
7982
7983
7984
7985
7986
7987
7988
7989
7990
7380
7381
7382
7383
7384
7385
7386
7387
7388
7389
7390
7391
7391
7392
7393
7394
7395
7396
7397
7398
7399
7400
7401
5293
7403
7404
7405
7406
7407
7408
7409
7410
7411
7412
7413
7414
7415
7416
7417
7418
7419
7420
7421
7422
7423
7424
6469
6470
5365
5366
5367
5368
5368
5370
5371
5372
5373
5374
5375
5375
5376
5377
5378
5379
5380
5381
5382
5383
7448
7449
7450
7451
5343
5344
5345
5346
5346
5348
5349
5350
5351
5351
5353
5354
5354
7681
7682
7683
7684
7685
7686
7687
7687
7688
7689
7690
7717
7718
7719
7694
3479
3480
3481
3482
3483
3484
3485
7728
5143
5144
3038
3039
3040
8011
8012
8013
8014
8015
7258
3793
3794
3795
7502
7503
7504
7505
7506
7507
7508
7509
7510
7511
7511
7513
7514
7515
7516
7517
7518
7519
5410
5411
5412
5413
5414
5415
5416
3452
5564
5565
5989
5990
5991
5992
5993
5994
5995
5996
3111
3112
3113
3114
3115
7544
7545
7546
7547
5437
7549
7550
7551
7552
7552
7554
7555
7556
5447
5448
7559
5450
5451
5452
5453
5454
7565
7566
5457
5458
5459
5460
7571
5462
7573
5464
5465
5466
7456
3706
5848
5848
3709
3710
3711
3712
3713
3714
3715
3716
3717
3718
3719
3720
3094
3722
3096
7596
7597
5489
5490
5491
5492
5493
5494
5495
5496
5497
5498
5499
5500
5501
5502
5503
5504
5505
5506
5507
5508
5509
5510
5748
5749
5750
7858
5752
5753
7626
7627
7628
7629
7630
7631
7632
7633
3669
3670
5552
5552
5553
5554
5532
5533
5534
5535
5536
7904
7905
7906
7907
7907
7909
7910
7911
7912
7913
7914
7915
7916
7917
7918
7919
7919
7920
7921
5556
5557
5558
5559
5560
5561
5562
5563
5564
5565
5566
5567
5569
5570
5571
5572
5573
5574
5575
5576
5577
5578
5579
5580
5581
5582
5583
5584
7691
7692
7693
7694
7695
7696
7697
7698
3268
3269
3270
3271
3273
5451
5452
5453
5454
5456
5456
5457
5837
5838
5839
5840
5841
7453
7479
7480
7481
7482
7483
7484
3572
3573
3574
3576
3576
7800
7801
7802
7803
7804
7805
7806
7405
7406
7407
7408
7409
7410
7954
7955
7956
7957
7958
7959
5064
5065
7962
7963
7964
3207
7759
7760
7761
7762
7763
7764
7765
7766
5657
5658
5659
5660
5661
5662
5663
5664
5665
5666
5667
5668
5669
5242
5243
5244
5245
5246
3746
3747
3748
3749
3750
3751
3752
3753
3754
3755
7795
7796
7797
7798
7799
7800
7801
7802
7803
7804
3376
3722
7807
7808
7809
7810
7811
7812
7813
7814
7815
7816
7817
7818
7819
7820
7821
7822
8009
7635
7825
7637
7638
7639
7640
7641
7642
7643
7644
8020
8021
8022
3219
3220
3221
3222
3223
3224
3225
3226
3227
3228
3228
3229
3230
3231
3232
7852
7853
3235
3236
3237
5750
7858
5752
5753
7861
5755
5756
5757
5758
5759
5760
7869
7870
7871
7872
7873
7874
7875
7876
7877
8040
8041
8042
8089
8090
7883
7884
7885
7886
7887
7888
7889
7890
3416
7892
7893
5623
7895
5625
5626
5627
5628
7900
7901
7667
7668
7669
7904
7671
5636
5637
5638
5639
5640
5641
5642
5643
5644
5645
5646
7779
7780
5221
5222
5673
3723
3724
3725
3726
3727
3728
3102
3103
3104
3104
3106
3366
3367
3368
3369
3370
3371
3372
3373
3374
3375
3376
7307
3700
3701
7310
3703
3704
3705
7314
7315
3103
3104
3105
3106
3107
3108
3109
3110
5856
3136
3137
3138
3139
3140
3141
7784
7785
7786
3566
3567
3568
3569
7791
7792
7793
7794
7795
7796
7797
7798
7799
7800
7801
7965
7966
7967
7968
7991
7992
5272
5273
5274
3171
3172
7363
7364
7365
7366
7368
5874
5900
5901
5902
5903
5903
5904
6862
6864
6864
5908
7256
4758
5179
3284
3285
3286
5795
5796
5797
5798
7458
7459
7460
5568
5569
5570
5571
5572
3855
3856
3857
5740
7849
5742
5744
8037
8038
8086
8087
8088
5322
5323
5324
5325
5326
5327
5328
5374
5375
5331
5332
5333
5334
5335
5336
5337
5338
5339
5340
5341
5342
5343
7500
7337
7338
7339
7340
7341
7342
7460
7461
5569
5570
5571
3464
3465
3466
3467
3468
3469
3470
3471
3472
3473
3474
3475
3476
5609
5610
5611
8092
8093
8095
8096
8097
8098
8099
8100
8101
8102
8103
8104
8105
8106
8107
8108
8109
8110
8111
8112
8113
8114
8115
8116
8117
8118
8119
8120
8121
8122
8123
8124
8125
8126
8127
8128
8129
8130
8131
8132
8133
8134
8135
8136
8137
8138
8139
8140
8141
8142
8143
8144
8145
8146
8147
8148
8149
8150
8151
8152
8153
6048
8155
6051
6052
6053
8157
6404
8160
8160
8161
8162
8163
8164
8165
8166
8167
8168
8169
8170
8171
8172
8173
8174
8175
8176
8177
8178
8179
8180
8181
8182
8183
8184
8185
8186
8187
8188
8189
8190
8191
8193
8194
8195
6093
6094
6095
2956
2957
6098
6099
2960
2961
2962
2963
2964
2965
2966
2967
2968
2969
2970
2971
2972
2973
2974
2975
4348
4349
4350
6457
6731
6732
6733
4030
4031
4032
4033
4034
4035
4036
4037
4038
8232
8233
8234
8235
8236
8237
8238
8239
8240
8241
8242
8243
8244
8245
8246
8247
8248
8249
8250
8251
8252
8253
8254
8255
8257
8258
8259
8260
8261
8262
8263
8264
8265
8266
8267
8268
8269
8270
8271
8272
8273
8274
8275
8276
8277
8278
8279
8280
8281
8282
8283
8284
8285
8286
8287
8288
8289
8290
8291
8292
8293
8294
8295
8296
8297
1975
8299
4597
4598
6564
8302
8303
8304
8305
8306
8307
8308
8309
8310
8311
8312
8313
8314
8315
8316
8317
8318
8319
8320
8321
8322
8323
8324
8325
8326
8327
8328
8329
8330
8331
8332
8333
8334
8335
8336
8337
8338
8339
8340
8341
8342
8343
8344
8345
8346
8347
8348
8349
8350
8351
8352
8353
8354
8355
8356
8357
8358
8359
8360
8361
8362
8363
8364
8365
8366
8367
8368
8369
8370
8371
8372
8373
8374
8375
8375
8376
8377
6268
8379
6270
6272
8383
8384
8385
8386
8387
8388
8389
6280
8391
8392
6283
8393
8394
8395
8396
8397
6289
6290
6291
6292
6293
6294
6295
6296
6297
6298
6299
6300
6301
6302
6303
6303
6304
6305
6306
6307
6308
6309
6310
6311
6312
6313
6314
6315
6316
6317
6318
6319
6320
6321
6322
6323
6325
6326
6327
6328
6329
6330
6331
6332
6332
6333
6334
6335
6336
6337
6338
6339
6340
6341
6342
6343
6344
6345
6346
6347
6348
6349
6350
6351
6352
6353
6354
6355
6356
6357
6358
6359
2140
2141
2142
2143
2144
2145
2146
2147
2148
2149
2150
2151
2152
2153
2154
6375
6376
6377
6378
6379
6380
6381
6382
6383
6384
6385
6386
6387
6388
6389
6390
6391
6392
6393
6393
6394
6395
6396
6397
6398
6399
6400
6401
6402
6403
6404
6405
6406
6407
6408
6409
6410
6411
6412
6413
6414
6415
6416
6417
6418
6419
6420
6421
6422
6423
6424
6425
6426
6427
6428
6429
6430
6431
6432
6433
6434
6435
6436
6437
6438
6439
6440
6441
6442
6443
6444
6445
6446
6447
6448
6449
6450
6451
6452
6453
6454
6455
6456
6457
6458
6459
2240
2241
2242
2243
2244
2245
2246
2247
2248
2249
2250
2251
2252
2253
2254
2255
2256
2257
4106
4107
4108
4109
4110
4111
4112
4113
7221
4115
4116
4117
4118
4119
4120
4121
2248
2277
2278
5100
2252
2252
2253
2283
2255
2256
2257
2258
2259
2260
2261
2262
2263
2264
2265
2266
2268
2269
2270
2271
2272
2273
6516
6517
6518
6519
2308
2309
2310
2311
2200
2201
2202
2203
2204
2205
2206
2207
2208
2209
2211
2212
2213
2214
2215
2216
2217
2218
2219
2220
6546
6547
6548
6549
6550
6551
6552
6553
6554
6555
6556
6557
6558
6559
6560
6561
6562
6563
6564
6565
6566
6567
6568
6569
6570
6571
6572
6573
6574
6575
6576
6577
6578
6579
6580
6581
6582
6583
6584
6586
6587
6588
6589
6590
6591
6592
6593
6594
6595
6596
6597
6598
6599
6600
6601
6602
6603
6604
6605
6606
6607
285
286
2391
6609
6609
6610
6611
6612
6613
6614
6615
6617
6618
6619
6620
6621
6622
6622
6624
6625
6626
6627
6628
6629
6630
6630
6632
6633
6634
6635
6636
6637
6638
6638
6640
6641
6642
6643
6644
6645
6646
6647
6648
6649
6650
6651
6652
6653
6654
6654
6655
6657
6658
6659
6660
6661
6662
6662
6664
6665
6666
6667
6668
6669
6670
6671
6672
6673
6674
6675
6676
6677
6678
6679
6680
6681
6682
6683
6684
6685
6686
6687
6688
6689
6690
6691
6692
6693
2473
2474
2475
2476
2477
2478
2479
2480
2481
2482
2483
2484
2485
6706
6707
6708
6709
6710
6711
6712
6713
6714
6715
6716
6717
5437
5438
5439
5440
5441
5442
5443
5444
5444
5445
5446
5448
5448
5449
5450
3489
3275
3276
3492
3493
2618
2619
2620
2621
6744
6744
6745
6746
6747
6748
6749
6750
6751
6753
6754
6755
6756
6757
6758
6759
6760
6761
6762
6763
6764
6765
6766
6767
6768
6769
5722
7428
7429
7430
6475
6848
5418
2581
4347
3316
3317
3318
2085
4264
2152
2152
2154
2155
4269
6376
6376
2126
2127
2128
2128
2130
2131
2132
7184
7185
2400
2402
2403
2404
2509
5060
7166
5061
4004
4005
4032
5429
5430
5431
5432
5433
5434
5435
5204
7785
7786
5207
5208
5774
5775
5776
3755
5778
5779
5780
5781
5782
3204
5644
5645
5646
5648
5648
5649
4336
4337
5722
7832
7832
4670
7431
5612
5613
5614
5615
5616
5617
5618
5619
5620
5621
5622
7658
7659
7660
7661
7662
2546
3793
7259
7260
7261
2227
2228
2229
2230
2652
2653
2654
2655
2656
2657
2658
2659
2660
2661
2662
2663
2664
2665
6890
6891
6892
6893
6894
6895
6896
6897
6898
6899
6900
6901
6902
6903
6904
6905
6906
6907
6908
6908
6910
6911
6911
6912
6913
6914
6915
2693
2694
2695
2696
2697
6921
6922
6923
6924
6925
2703
2704
2705
2706
2707
2708
2709
2710
2711
2712
2713
2714
2715
2716
2717
2718
2719
2720
2721
2722
2723
2724
2725
2726
2727
2728
2729
2730
2731
2732
2733
2734
2735
6957
6958
6959
6960
6961
2741
2742
2743
2744
6966
2746
2747
2748
2750
2750
2751
2752
2753
2754
2755
2756
2758
2758
2759
2760
2761
2762
2763
2764
2765
2766
2767
2769
2770
2771
2772
2773
2774
2774
2775
2776
2777
2778
2779
2780
2781
2782
2783
2784
2785
2786
2787
2788
2790
2791
7010
7011
7012
7013
7014
7015
7016
7017
7018
7019
7020
7021
7022
7023
7024
2808
2809
2810
711
2814
7033
7034
7035
7036
7037
7038
7039
7040
7041
7042
7043
7044
7045
7046
7047
7048
7049
7050
7051
7052
7053
7054
7055
7056
7057
7058
7059
7060
7061
7062
7063
7064
7065
7066
7067
7068
7069
7070
7071
7072
7073
7074
7075
7076
7077
7078
7079
7080
7081
7082
7082
7083
7084
7085
7086
7087
7088
7089
7090
7091
7092
2875
2876
2877
2878
2879
2881
2881
2882
2883
2884
2885
2886
2887
2888
2889
2890
2891
2892
2893
2894
2895
2896
2897
2898
2899
2900
2901
2902
2903
2904
2905
2906
2907
8368
4152
643
7128
2913
7130
7131
2916
2917
2918
2919
2920
2921
2922
2923
2924
2925
2926
2927
2928
2929
2930
2931
2932
2933
2934
2935
2936
2937
2938
2939
2940
2941
2942
2943
2290
2291
2292
2293
2294
846
847
848
849
850
4006
852
853
6149
6150
6152
6152
6153
6154
6155
6130
6157
6158
6160
6160
6161
6162
6163
8267
8268
8269
8270
8272
2237
2980
7194
2982
2983
2984
2985
2986
2987
2988
2989
2990
2991
2992
2993
2994
2995
2996
2997
2998
2999
3000
3001
3002
3003
3004
3005
3006
3007
3008
3009
3010
3011
3012
3013
3014
3015
3016
3017
3018
3020
3020
3021
3022
3023
3025
3025
3026
3027
3028
3029
3030
3031
3032
3033
3034
3036
3036
3037
3038
3039
3040
3041
3042
3044
3044
3045
3046
3047
3048
3049
3050
3052
3052
3053
3054
3055
3057
3058
3059
3060
3061
3062
3063
3064
3065
3066
3067
3068
3069
3070
3071
3072
3073
3074
3075
3076
3076
3077
3078
3079
3080
3081
3082
3083
3084
3085
3086
3087
3088
3089
3090
3091
3092
3093
3094
3095
3587
3588
4717
4718
4719
4720
7955
7956
7957
7958
7959
7960
7799
7800
7801
7802
7803
7804
7805
7806
7807
7808
7809
3589
3590
3591
3592
4722
4723
4724
3757
3758
3759
3760
3761
3556
3557
3558
3559
3560
3561
3562
5674
5675
5676
5677
5678
5680
7363
7364
7365
7366
7367
7368
7369
7370
7371
7372
7373
7373
7375
7376
7377
7378
7379
7380
7381
7381
7383
7384
7384
7385
7386
7387
7388
7389
3176
7391
3178
3179
7394
7395
3182
7397
7398
3184
3185
3186
3187
3188
3189
3190
3191
3146
7478
7480
7480
7481
7482
7483
7484
7485
7486
5969
3249
7821
7822
6437
6438
6439
3815
5128
7426
7427
7428
7429
7430
5368
5369
5370
3219
3220
3221
5374
5375
5376
5377
3831
3832
3833
3834
3835
3836
3837
3838
3839
3840
3841
3236
3237
3238
3239
3240
3241
3242
3243
3244
3246
3246
3247
3248
3249
3250
3251
3252
3253
3254
7686
3540
3541
3212
3213
3214
3215
3216
3217
3218
3219
3220
3221
5329
5331
5331
5332
5333
5334
7917
7918
7919
7920
7921
7922
7923
7924
7925
7926
5819
7928
5821
7930
7340
7341
7342
7343
3853
5570
5571
5572
5573
5574
5576
8080
8081
8082
5603
3304
3305
3306
7522
7523
7524
7525
7526
7527
7529
7530
7531
7532
7533
7533
7535
7536
7537
7538
7539
7540
7541
7542
7543
7543
7544
7545
7546
3332
3333
3334
3334
3335
3336
3337
3338
3339
3340
3341
3342
3343
3344
3345
3346
3347
3348
3349
3350
3351
3352
3353
3354
3355
3356
3357
7575
7576
7577
7578
7579
7580
7581
7582
7583
7584
7585
7586
7587
7588
7589
7590
7591
7592
7593
7594
7595
7596
7597
7598
3381
3382
3383
3384
3385
3386
3387
3388
3389
3390
3391
3392
3393
3394
3395
3396
3397
3398
3399
3400
3401
3402
3403
3405
3405
5984
5985
5986
5987
6480
7723
7724
7725
7726
7728
7248
7324
7325
7326
7327
7328
7329
7330
3423
3424
3425
3426
3427
5795
5796
5797
5798
5799
5800
5801
5802
5803
5804
5805
5806
5807
5808
5623
5624
5625
5626
5627
5628
5629
5630
7739
7740
7741
3453
3454
3455
3456
3457
3458
3459
3459
3460
3461
3462
3463
3464
3465
3466
3467
3468
3469
3470
3471
3472
3473
3474
7691
7692
7718
7433
7434
7435
7436
7437
7438
7439
4327
4328
4328
7681
7682
7683
3253
3254
3255
3256
5411
5412
3866
3867
3868
3869
3870
3871
3872
8094
8095
8096
3876
3877
8099
5548
5549
3670
3671
3672
3673
3674
3675
5556
5557
5558
5559
7668
3681
3682
7882
7883
3663
8095
8096
8097
8098
8099
8100
8101
8102
8103
3883
7965
7966
7967
7968
7762
7763
7764
7765
7766
7767
7768
7769
7770
7771
7772
7773
7773
7775
7776
7777
7778
7779
7780
7781
7782
7783
7784
7785
3119
3120
3121
3122
6823
6824
6825
6826
6827
6828
6829
5875
7369
7370
7371
7372
7373
5881
5882
5883
5884
2597
2598
2599
2600
2601
2601
2602
2604
2604
2605
2606
2607
2608
2609
2610
2612
7821
7822
7823
7824
7825
7826
7827
7828
7829
7830
7831
7832
7833
7834
7835
7835
7837
7838
7839
7839
7840
7841
7842
7843
7845
7846
7847
7848
7849
7849
7851
7852
7853
7854
7855
7856
7857
7858
7859
7860
7861
7862
7863
7864
7865
7866
7867
7868
7869
7870
7871
7872
7873
7874
7875
7876
3655
3656
3656
7950
7951
7952
7953
7954
7955
7956
3828
3829
3830
3831
5378
5379
5380
5381
5382
5383
5384
7899
7900
7901
7902
5536
5537
5538
5539
5540
5541
5542
5543
7933
5826
5827
5828
5829
5830
5831
5832
5833
5834
5835
5836
5837
7331
5839
7333
7925
7926
7927
7928
7929
7930
7931
7932
7933
7934
5805
5806
5807
5808
5809
5810
5811
5812
5813
5814
5815
5816
5817
5818
5819
5820
7928
5822
7930
5824
7932
7933
7934
7935
7936
7937
7938
7753
7940
7755
7756
7757
7758
7945
7946
7969
7970
7971
7972
8065
3124
5681
5682
5683
5684
3779
3780
3781
7370
7371
7372
7373
7374
7375
7376
7377
7378
7379
7991
7992
7993
7994
7995
7996
3773
3774
3775
3776
3777
5874
5875
5876
3781
3782
3783
3784
3786
3787
3788
3789
3790
3791
8013
8014
8016
8016
8017
3193
3194
3195
5776
5778
5779
5780
5781
5782
5783
5784
5784
5786
5787
3836
3837
3838
5340
4014
7878
7879
7880
7881
5345
5346
5347
5348
5349
5350
5351
8050
8051
8052
8053
8054
8055
8056
8057
8058
8059
8060
8061
8062
8063
8064
8065
8067
8068
8069
8070
8071
8072
8073
8074
8075
8076
8077
8078
8079
8080
8081
8082
8083
8084
8085
8086
8039
8040
8041
5586
7693
3264
3264
3266
3267
3268
7749
7750
3271
3272
7728
3647
3648
3648
3650
7873
7874
7875
7876
8109
8110
8111
8112
8113
8114
3845
3846
3847
5396
5397
3850
3851
3852
3853
5573
6858
5575
5576
8080
8081
5976
5978
5979
5980
8135
8136
8137
8138
8139
8140
8141
8142
8143
8144
8145
8146
8147
8148
8149
8150
8151
3931
1828
1829
1830
3933
3934
3935
3936
3937
4300
8160
8161
8162
8163
8164
8165
8166
8167
8168
8169
8170
8171
8172
8173
8174
8175
8176
8177
8178
8179
8180
8181
8182
8183
8184
8185
8186
8187
1864
1865
6400
8190
8191
8192
8193
8194
3974
3975
3976
3977
3978
3979
3980
3981
3982
3983
3984
3986
3987
3988
3989
5390
5391
5392
7263
7264
7265
7266
7267
2558
8218
8219
8220
8221
5452
5453
5454
5455
3349
3350
3351
7568
7569
7570
7571
6156
8234
8235
8236
8237
8238
8240
8241
8242
8243
8244
8245
8246
8247
8248
8249
8250
8251
8252
8253
8254
8255
8256
8257
8258
8259
6132
8261
8262
8263
8264
8265
8266
8267
8268
8269
8270
8271
8272
8273
8274
8275
8276
7170
7171
7172
7173
7174
7175
7176
4614
7178
7179
7180
7181
7182
7183
6161
8291
8292
6164
6165
6166
7189
7190
7192
7192
2295
2296
2297
2298
2299
2926
8310
8311
8312
8313
8314
8315
8316
8317
8318
8319
8320
8321
8322
8323
8324
8325
8326
8327
8328
8329
8329
8330
8331
8332
8333
8334
8336
8336
8337
8338
8339
8340
8341
8342
8344
8344
8345
8346
8347
8348
8349
8350
8352
8352
8353
8354
8355
8356
8357
8358
8359
8360
4849
4850
2383
6601
752
752
2047
755
6954
8374
8375
8376
8377
8378
8379
8380
8381
8382
8383
8384
8385
8386
8387
8388
8389
8390
8391
8392
8393
8394
8395
8396
2072
4181
4182
4183
4184
4185
4186
4187
4188
4189
4190
4191
4192
4193
4194
4195
4197
4198
4199
4200
4201
4202
4203
4204
4205
4206
4207
4208
4209
4210
4211
4212
4213
4214
4215
4216
4217
4217
4218
4219
4220
4221
4222
4223
4225
4226
4227
4228
4229
4230
4231
4232
4233
4234
4235
4236
4237
4238
4239
4240
4241
4242
4243
4244
4245
4246
4247
4248
4249
4250
4251
4252
4254
4254
4255
2144
2145
2146
2147
2148
2149
2150
2151
2152
2153
2154
2155
4268
4269
4270
4271
4272
4273
4274
4275
4276
4277
4278
4279
4280
4281
4282
4283
2170
2171
2172
2173
2174
2175
4291
4292
4293
4294
4295
4296
4297
4298
4299
4300
4301
4302
4303
4304
4305
4306
4307
4308
4309
4310
4311
4312
4313
4314
4315
4316
4317
4318
4319
4320
4321
4322
4323
4324
4325
4326
4327
4328
4329
4330
4331
4332
4333
4334
4335
4336
4337
4338
4339
4340
4341
4342
4343
4344
4345
4346
4347
4348
4349
4350
4351
4352
4353
2240
2242
2243
2244
4307
4308
6763
6764
6765
6766
6768
4666
5724
5725
5726
5727
5728
5729
5730
5731
7839
5733
7841
7842
5736
7844
929
3135
8079
3812
6862
3814
7280
7281
7282
7283
7284
4070
7286
7287
7288
2578
2579
2580
2581
2582
2583
2584
2585
5117
5118
5119
4356
4357
4358
4359
2302
2303
2304
2305
2306
2307
2308
2309
2310
2311
2312
2313
2315
2315
2260
2261
2262
2263
2264
2265
2266
2267
2268
2269
2270
2271
2272
2273
2274
7201
7202
4443
4444
4445
4446
4447
4448
4449
4450
4451
4452
4453
4454
4455
4456
4457
4458
4459
4460
4461
4462
4463
4464
4465
4466
4467
4468
4469
4470
4471
4472
4473
4474
4475
4476
4477
4478
4479
4480
4481
4481
4482
4483
4484
4485
4486
4487
4488
4489
4490
4491
4492
4493
4494
4496
4496
4497
2384
2385
2386
2387
2388
2390
2390
4508
4509
4510
4511
4512
4513
4514
4514
4515
4516
4517
4518
4519
4520
4521
4522
4523
4524
4525
4526
4527
4528
4529
4530
4531
4532
4533
4534
4535
4536
4538
4538
4539
4540
4541
4542
4543
4544
4546
4546
4547
4548
4549
4550
4551
4553
4554
2437
2438
2439
2440
2441
2442
2443
4561
4562
4563
4564
2448
2449
2450
4568
4569
2452
2453
2454
4573
2456
2457
2458
2459
2460
2461
2462
2463
2464
2465
2466
2467
2468
2469
2470
2471
2472
2473
2474
2476
2476
2477
2478
4599
4600
4600
7165
4602
4603
4604
4605
2488
2489
2490
2491
2492
2493
2494
2495
2496
2497
2498
2499
2501
2501
2502
2503
6138
6139
6140
6141
8120
8120
8121
8122
4003
4004
4005
4006
4007
4008
4009
8281
6865
6866
8284
6868
6869
6870
4643
4644
4645
4646
4647
4648
4649
4649
4650
4651
4652
4653
4654
4655
4656
4657
4658
4659
4660
4661
4662
4663
4664
4665
5155
5156
5157
5158
5159
5160
5161
5162
5163
5164
5165
5166
5167
5168
5169
5170
5171
3064
3065
3066
3067
3068
3069
3070
3071
3794
3795
3796
7644
7645
7646
7647
3615
3616
3617
3618
3619
3620
3621
3622
3623
3624
3625
3626
3627
3628
3629
6156
3355
7572
7573
7574
7575
7576
7577
7578
5683
5684
5685
5686
5141
5142
5143
2563
2564
7705
7706
7707
7708
7709
7710
7711
7712
7713
7714
7715
7716
7717
7693
6775
6776
6777
6778
6779
6780
6781
6782
6783
5169
5170
5171
5172
5173
5174
5175
5176
6741
6742
6743
6744
5181
4070
4071
4072
4073
4766
4767
4768
4769
4770
4771
4772
4773
4774
4775
4776
4777
4778
4779
4780
4781
4782
4783
4784
4785
4786
4787
4788
4789
4790
4791
4792
4793
4794
4795
4796
4797
4798
4799
4800
4801
4802
4804
4805
4806
4807
4808
2694
4810
4811
4812
4813
4814
4815
4816
4817
4818
2704
2705
2706
2707
2708
2709
2710
2711
2712
2713
2714
4126
4127
4128
4129
4130
4131
4132
4133
4134
4135
4136
4137
4138
4139
6252
6253
6254
4495
4496
4851
4852
4853
4854
4855
4856
4857
643
2743
2744
4861
2746
2747
649
650
651
652
653
654
655
656
656
658
659
660
661
662
663
664
664
666
667
668
669
670
671
672
673
674
675
676
2778
678
679
680
681
682
683
4901
4902
4903
4904
4905
4906
4907
4908
4909
2795
2796
2797
2798
2799
2800
2801
2802
2803
2804
2805
2806
2808
2808
2809
2810
2811
2812
2814
2814
2815
2816
2817
2818
2819
4932
4934
4934
4935
4936
4937
4938
4939
4940
4941
4942
4943
4944
4945
4946
4947
4948
4950
4950
4951
4952
4953
4954
4955
4956
4958
4958
4959
4960
4961
4962
4963
4964
4965
4966
4967
4968
4969
4970
4971
4972
4974
4974
4975
4977
4978
4979
4980
4981
4982
4983
4984
4985
4986
4987
6056
8161
8162
8163
8164
8165
8166
8167
8168
8169
8170
8171
8172
8173
8174
8175
8176
8177
8178
8179
8180
8181
8182
8183
6080
1862
749
750
751
2906
2907
2908
2909
2910
5023
2176
2914
2915
2916
2917
2918
6054
6055
3974
3975
4088
4089
4090
2957
2958
4093
2960
2960
2962
2963
2964
4337
4338
4339
4340
4341
2970
8349
8350
8352
4455
4456
4457
4458
4459
2949
6703
6704
2485
6706
6707
6174
6175
6176
6177
4009
4010
4712
4011
4012
4013
4014
4015
4016
4017
4018
4019
4020
4021
4022
4023
6727
6728
6729
5088
5090
5091
5092
2983
2984
2985
2986
2987
2988
2989
2990
2991
2992
2993
2994
2995
2996
2997
2998
2999
3000
3001
3003
3004
3005
3006
3007
3008
3008
3010
3011
3012
3013
3014
3015
3016
3016
3018
3019
3020
3021
3022
3023
3024
3025
3026
3027
3028
3029
3030
3031
3032
3032
3034
3035
3036
3037
3038
3039
3040
3040
3042
3043
3044
3045
3046
3047
3048
3048
3050
3051
3052
3053
3054
3055
3056
3057
3058
3059
3060
3061
3062
3063
3064
3065
3066
3067
3068
3069
3070
3071
3072
3073
3074
3075
3076
3077
3078
3079
3080
3081
3082
3083
3083
3084
3085
3086
3087
3088
3089
3090
3091
3092
3093
3094
3095
3096
3097
3098
3099
3100
3101
3102
3103
3104
3105
7605
7606
5499
5452
7730
7731
7732
7733
7733
7735
7736
5815
5816
5817
5818
7499
3843
3844
3845
3846
3847
3848
3849
3850
7461
7463
7464
7465
7466
3134
3135
3136
3138
3138
3139
3140
3141
3142
3143
3144
3146
7574
5467
5468
5469
3777
3778
3779
5258
5259
5260
5261
5262
5263
5264
5265
5266
5267
5268
5269
5270
5271
5272
3167
3168
3169
3170
3171
3172
3173
3174
3175
3177
3178
3179
3180
3181
3182
3183
3184
3185
3186
3187
3188
3189
3190
3191
3192
3193
3194
3195
3196
3197
3198
3199
3200
3201
3202
3203
3204
3205
3206
3207
3208
3209
3210
5317
5318
5319
5320
5321
4670
4319
4320
4320
4322
4323
4324
4325
4326
6433
5807
5808
7869
5810
5811
5812
7493
3232
3233
3234
3235
3236
3237
3238
3845
3846
3847
3848
3848
3850
3851
3852
7345
7346
7347
7348
7349
7350
7351
7352
7353
7354
7355
7356
3142
3143
3144
3145
3146
5369
5370
5371
5372
5373
5374
5375
5376
5377
5378
5379
5380
7918
7919
7920
7921
7922
7923
7924
7925
7926
3844
7928
3287
3288
3289
3290
3291
3292
3293
3294
3295
3296
3297
3298
3299
3300
3301
3302
3303
5411
5412
3307
5414
5415
5416
5417
5418
5419
5419
5420
5421
5422
5423
5424
5425
5426
5427
5428
5429
5430
5431
5432
5433
5435
5436
5437
5438
3331
3332
3333
3334
3335
3336
3337
3338
3339
3340
3341
3342
3343
3344
3345
3346
3347
3348
3349
3350
3351
3352
3353
3354
3355
3356
3357
5465
5466
5467
5468
5469
5470
5471
5472
5473
5474
5475
5476
5477
5478
5479
5480
5481
5482
5483
5484
5485
5486
5487
5488
5489
3728
3729
3730
3731
3732
3733
3734
3107
3108
3109
3647
7755
7756
7757
7758
7759
7760
7761
7762
7763
3403
3404
3405
3406
3407
3408
3409
3410
3411
3412
3413
3414
3416
3416
3600
3602
3603
3604
3605
3606
3607
3608
3609
3610
7902
3612
8020
8021
8022
8023
8024
8025
8026
8027
8028
8029
8030
8031
8032
8033
8034
8035
8036
2643
2644
5534
5535
3679
3680
3681
7904
7905
7906
7907
3242
3243
3244
3245
3246
3247
3248
3249
3250
3251
3252
3253
3254
3255
3257
3258
3259
3475
3476
3477
3478
3479
3480
3481
3482
3483
3484
3485
5143
5144
5145
3464
3465
3466
3859
3860
3861
3862
3471
3472
3473
3474
3475
3260
3261
3262
3263
3264
3265
3266
3267
3268
3269
3270
3271
3272
7324
7325
7326
7327
7328
7329
7330
7331
5558
5559
5560
5561
5562
5563
7503
5541
7505
7506
7507
7508
7509
7510
7511
7512
7513
7514
7515
3650
3651
3537
3538
3539
3540
3541
3542
5655
5656
5657
5658
5659
5660
5661
5662
5663
5664
5665
5666
5667
5668
5669
5670
5671
5672
5673
5674
7969
7970
7971
7972
3751
3752
3752
3754
3755
3756
3757
3758
3759
3760
3761
3762
3763
3764
3765
5222
5223
5224
5225
3586
3587
3588
3589
3590
3591
3592
3593
3594
3595
3596
3597
3598
3599
3600
3601
3602
3603
5718
5719
5720
5721
5722
5723
5724
5725
5726
5727
5728
5729
5730
5731
5733
5734
5735
5736
5737
5737
5738
5739
5741
5741
5743
5743
5744
5745
5746
5747
5748
5749
5750
5751
5752
5753
5754
5755
5757
5757
5758
5759
5760
5761
5762
3648
3650
3650
6001
3652
6003
3654
3655
5935
5936
3658
3659
3660
3661
3662
3663
3664
3665
3666
3667
3668
3669
3670
3671
3672
3673
3674
3675
3676
5791
5792
5793
7645
5795
3683
7672
7673
5326
5327
3434
3435
3436
3437
5332
5333
5380
5381
5382
5383
5384
5385
5386
5387
7498
7499
5819
5820
5821
5822
5823
5824
5825
5826
5827
5828
5852
5853
5854
5855
5856
5857
5858
5859
5860
5861
5862
5863
7969
7970
7971
5773
5774
5775
5776
5777
5778
5779
5780
3758
3759
3760
3761
3762
3763
5648
5649
5650
7784
5863
7786
7787
5866
5867
7623
7624
7625
7626
7627
7628
3153
3154
3155
3156
3157
3158
3159
3160
3161
3162
3163
5886
3165
3166
7384
7384
7386
7387
5278
5279
5754
5755
5756
7866
7867
7868
7633
7634
3600
3601
3602
3277
3278
3279
3280
3607
3608
3609
3610
3611
7646
7647
7648
7649
7650
7651
7652
7653
2634
7655
7656
7657
7658
7659
7660
7661
7662
7663
3817
5981
8086
3656
3657
8089
8090
8091
8092
8093
8094
8095
8096
8097
8098
8099
5949
5950
5951
5952
5953
5954
5955
5956
5957
5958
5959
5867
5868
3123
3124
3125
3126
5965
5966
5967
5968
5969
5970
5971
5972
3858
5577
5975
5976
5977
5978
5979
5980
8041
3820
8043
8044
3660
8046
8047
8048
8049
8050
3875
3876
3877
3878
3879
3880
3881
3882
3883
3884
3885
3886
6004
6005
6006
6007
6008
6009
3893
3894
3895
3896
3897
3898
3899
3900
3901
3902
3903
3904
3905
3906
3907
3908
3909
3910
3911
3912
3913
6030
6031
6032
6033
6034
6035
6036
6037
6038
6039
6040
6041
6042
6043
6044
6045
3930
3931
3932
3933
3934
3936
3938
3939
6056
6057
6058
6059
6060
6061
6062
6063
6065
6065
6066
6067
6068
6069
6070
6071
6072
6073
6074
6075
6076
6077
6078
6079
3964
3965
3966
3967
3968
3969
3970
3971
3972
3972
3973
3974
3975
3976
3977
3978
3979
3980
3981
4063
4064
4065
4066
4067
4068
4069
6499
7289
7290
6136
6138
8117
8118
6141
6142
6143
6144
6144
6146
6147
6148
8250
8251
8252
8253
4011
4012
4013
4014
4015
4016
4017
4018
4019
4020
4021
4022
4023
4024
4025
4026
4027
4028
4029
4030
4031
4032
4033
4034
4035
4036
4037
4038
4038
4039
4040
4041
4042
4043
4044
4045
4046
4047
4048
4049
4050
4051
4052
4053
4054
4055
4056
4057
4058
4059
4060
4061
4062
4063
4064
4065
4066
6744
4068
4069
4070
4071
4072
4073
4074
4075
4076
4078
4078
4079
1975
1976
1977
1978
1979
4087
4087
4088
4089
4090
4091
4092
4093
4094
4095
4096
4097
4098
4099
4100
4101
4102
4103
4104
4105
4106
4107
4108
4109
4110
4111
4112
4113
6227
6228
4116
6230
4118
4119
4120
4121
4122
4123
4124
4125
4126
4127
4128
4129
4130
4131
4132
4133
4134
4135
4136
4137
4138
4139
4140
4141
4142
4143
4144
4145
4146
4147
4148
4149
4150
4151
4152
4153
4154
4155
4156
6266
6267
6268
6269
6270
6271
6272
6273
6274
6275
6276
6277
6278
6279
6280
6281
6282
6283
6284
6285
6286
4179
4180
4181
4182
