0.101283
0.404907
0.358478
0.262265
0.235576
0.072772
0.098289
0.378214
0.114562
0.113964
0.219235
0.189908
0.057480
0.236707
0.081967
0.175865
0.075915
0.029400
0.059410
0.145280
0.285770
0.169353
0.146960
0.163762
0.061178
0.090080
0.107820
0.018428
0.273132
0.243570
0.234678
0.534247
0.603900
0.146583
0.228135
0.024125
0.078670
0.089252
0.350251
0.457606
0.393204
0.139113
0.360051
0.791924
1.036570
0.858855
0.112932
0.265070
0.079788
0.325114
0.452265
0.087957
0.210499
0.077450
0.237121
0.084529
0.040823
0.227948
0.519519
0.230305
0.186764
0.139485
0.257676
0.021476
0.160435
0.055815
0.201403
0.184106
0.252750
0.062674
0.039223
0.249477
0.247784
0.219158
0.062856
0.286546
0.190405
0.082317
0.024603
0.238047
0.173613
0.145426
0.261712
0.214210
0.070390
0.193814
0.123859
0.172407
0.068189
0.101339
0.202274
0.179893
0.133982
0.187492
0.124291
0.102312
0.428233
0.096167
0.393989
0.432392
0.071509
0.285522
0.041642
0.184726
0.072404
0.044660
0.112794
0.485250
0.086321
0.428576
0.115767
0.140918
0.076567
0.058075
0.050911
0.084175
0.044472
0.063007
0.005376
0.155424
0.186133
0.194910
0.259250
0.134714
0.097552
0.204697
0.061809
0.104325
0.150606
0.184241
0.014769
0.162833
0.121673
0.047797
0.149508
0.067594
0.158399
0.172173
0.221901
0.058433
0.153940
0.158687
0.241028
0.637881
0.503820
0.107953
0.248607
0.221055
0.153177
0.291172
0.374816
0.276180
0.173081
0.234219
0.259769
0.429778
0.416013
0.031119
0.219106
0.095530
0.237378
0.030093
0.148282
0.151231
0.004076
0.069089
0.260323
0.027969
0.222095
0.033513
0.446937
0.411992
0.026935
0.223438
0.231824
0.103034
0.114577
0.009371
0.157913
0.327120
0.538889
0.234972
0.181943
0.078851
0.093129
0.005099
0.054813
0.099676
0.022774
0.150414
0.308564
0.333517
0.323237
0.434681
0.340762
0.025322
0.287488
0.736847
1.253293
1.020048
0.271325
0.227585
0.181183
0.165960
0.120967
0.074716
0.070594
0.105744
0.104065
0.120906
0.260174
0.262103
0.114757
0.261548
0.254942
0.054963
0.079550
0.175520
0.172749
0.343728
0.095238
0.205471
0.262291
0.057996
0.275520
0.387524
0.095967
0.038395
0.065326
0.029570
0.091099
0.246154
0.203180
0.066301
0.226606
0.208843
0.143722
0.051783
0.096692
0.143108
0.106807
0.027116
0.159893
0.143127
0.111494
0.132213
0.002583
0.064887
0.008255
0.101387
0.116437
0.281761
0.132295
0.155088
0.292358
0.026927
0.237154
0.079943
0.067771
0.106527
0.054575
0.025923
0.218750
0.026741
0.154138
0.015723
0.097994
0.091583
0.005453
0.203131
0.075086
0.055649
0.136202
0.259495
0.147138
0.059801
0.226312
0.163545
0.166482
0.294592
0.215033
0.181162
0.310303
0.056380
0.048375
0.099087
0.059222
0.184926
0.166783
0.115457
0.240840
0.009136
0.263891
0.390834
0.157032
0.347246
0.600595
0.364723
0.420315
0.292853
0.058559
0.163600
0.291567
0.293135
0.233039
0.147275
0.029966
0.246904
0.366392
0.209145
0.086853
0.057452
0.027581
0.001287
0.077927
0.080813
0.174974
0.066066
0.033884
0.065830
0.404244
0.268901
0.058969
0.073750
0.077542
0.202761
0.018130
0.006844
0.327952
0.053817
0.476074
0.291787
0.053909
0.034056
0.009581
0.098811
0.190946
0.210019
0.249301
0.176157
0.273228
0.247814
0.078409
0.216837
0.402060
0.217944
0.306987
0.661721
0.463738
0.162745
0.357332
1.050185
1.049505
0.705817
0.491198
0.034922
0.258339
0.149551
0.088325
0.177754
0.081513
0.256487
0.369171
0.028823
0.138725
0.282621
0.101314
0.017101
0.009847
0.040660
0.112171
0.247339
0.247696
0.153892
0.085672
0.295366
0.043963
0.032803
0.150599
0.056064
0.122731
0.310726
0.171501
0.165885
0.249580
0.083350
0.079642
0.038999
0.145550
0.052743
0.038539
0.146252
0.250142
0.217141
0.092271
0.230915
0.012969
0.104603
0.070895
0.085499
0.117295
0.130148
0.023586
0.089390
0.101339
0.009589
0.042343
0.086332
0.094162
0.088223
0.259955
0.027544
0.279494
0.091673
0.261369
0.091112
0.074710
0.060703
0.123262
0.293533
0.061832
0.391929
0.004400
0.294443
0.022036
0.175622
0.096914
0.085095
0.011729
0.097283
0.054577
0.003987
0.318114
0.058374
0.218958
0.229294
0.064786
0.298847
0.078213
0.162719
0.148105
0.165727
0.259915
0.019844
0.329008
0.239901
0.045912
0.096008
0.270444
0.506688
0.603946
0.438654
0.324040
0.027296
0.253705
0.044725
0.076112
0.302616
0.279706
0.192046
0.167887
0.154976
0.423477
0.515890
0.031333
0.057560
0.203837
0.044101
0.120950
0.125012
0.198993
0.122989
0.561735
0.144139
0.018747
0.009387
0.012082
0.121460
0.076316
0.001268
0.034370
0.123807
0.064236
0.035338
0.052190
0.073730
0.204360
0.321568
0.116255
0.096498
0.098467
0.392598
0.170863
0.011403
0.035332
0.044272
0.078404
0.105217
0.175093
0.168357
0.192153
0.126238
0.156203
0.435672
0.341421
0.059339
0.522352
1.089483
1.285250
0.684330
0.179994
0.479033
0.317357
0.199504
0.595685
0.160686
0.260340
0.272709
0.300684
0.238525
0.094707
0.044193
0.233672
0.255031
0.098515
0.098356
0.033938
0.077860
0.160327
0.106310
0.167077
0.207601
0.258893
0.013223
0.180473
0.156926
0.071339
0.028256
0.153710
0.043720
0.025501
0.221283
0.248719
0.028268
0.101598
0.171029
0.183671
0.147573
0.017774
0.010944
0.179304
0.030754
0.178689
0.005672
0.013832
0.097604
0.010485
0.149985
0.021891
0.002490
0.010393
0.012244
0.124194
0.002984
0.109161
0.149271
0.210027
0.043658
0.119800
0.187149
0.087251
0.006198
0.056370
0.042600
0.119991
0.152683
0.021878
0.071797
0.005536
0.051869
0.120500
0.011527
0.050461
0.108505
0.107497
0.100276
0.033050
0.310341
0.197702
0.071771
0.048221
0.202925
0.251871
0.068673
0.045663
0.185631
0.032485
0.186839
0.148476
0.280586
0.122518
0.300551
0.255047
0.126586
0.391152
0.536560
0.386002
0.143084
0.219243
0.077983
0.508704
0.448081
0.041262
0.155360
0.247249
0.078317
0.290803
0.408629
0.041314
0.008208
0.165567
0.149178
0.122968
0.046851
0.068797
0.143504
0.217726
0.175800
0.299612
0.035204
0.095086
0.245681
0.185980
0.071891
0.197988
0.047466
0.331004
0.247379
0.333684
0.407440
0.157610
0.099633
0.087060
0.069440
0.067918
0.217190
0.112367
0.061378
0.022997
0.161135
0.237008
0.034725
0.007746
0.184896
0.164585
0.277905
0.420563
0.240539
0.202522
0.209998
0.266416
0.830030
1.049552
0.781899
0.169367
0.005930
0.045018
0.046622
0.107665
0.034611
0.117278
0.056148
0.009124
0.232413
0.415871
0.148720
0.028474
0.048169
0.231138
0.332857
0.180597
0.138883
0.447519
0.386246
0.290547
0.636040
0.133361
0.317495
0.220824
0.230468
0.516635
0.160665
0.157619
0.050774
0.079811
0.214254
0.098313
0.125124
0.101023
0.118270
0.183534
0.043817
0.055240
0.079779
0.033226
0.001617
0.086939
0.097179
0.021712
0.182597
0.017614
0.299508
0.024741
0.222850
0.160709
0.062699
0.165066
0.165276
0.003319
0.026874
0.047260
0.105044
0.007760
0.022550
0.028093
0.016287
0.057134
0.079042
0.026026
0.007839
0.042656
0.214788
0.166462
0.214007
0.310321
0.086571
0.329101
0.156507
0.201603
0.296287
0.057194
0.223001
0.073572
0.234711
0.041092
0.278441
0.002736
0.169253
0.026027
0.050249
0.041151
0.094954
0.152873
0.206744
0.137659
0.104221
0.092638
0.152356
0.535157
0.667985
0.204644
0.004252
0.211339
0.093083
0.236829
0.254733
0.037863
0.026187
0.323398
0.526644
0.204741
0.127403
0.360450
0.238194
0.057511
0.136541
0.083957
0.177652
0.057978
0.081199
0.024805
0.081403
0.291589
0.233160
0.129440
0.005292
0.200223
0.034077
0.087222
0.161150
0.064858
0.038724
0.076265
0.108683
0.315000
0.410680
0.215685
0.165313
0.072450
0.079630
0.298217
0.271040
0.002990
0.076992
0.010197
0.058950
0.164820
0.036135
0.006850
0.240922
0.566464
0.312013
0.280873
0.427653
0.218689
0.912783
0.853745
0.593946
0.465443
0.232620
0.121337
0.015336
0.028404
0.014870
0.315245
0.305837
0.003881
0.168551
0.090107
0.307995
0.278653
0.107972
0.249684
0.202092
0.237082
0.136281
0.134895
0.133220
0.144371
0.016995
0.099296
0.115072
0.110112
0.005683
0.120641
0.059182
0.266567
0.374189
0.129769
0.135471
0.010254
0.086750
0.027909
0.046333
0.045460
0.224732
0.093744
0.075439
0.281042
0.147623
0.065087
0.020229
0.188272
0.060755
0.219635
0.043631
0.055026
0.047841
0.122179
0.129046
0.095569
0.066806
0.246026
0.088301
0.311084
0.019867
0.019919
0.087990
0.183721
0.217391
0.020717
0.030223
0.124391
0.132165
0.167990
0.034022
0.154517
0.223766
0.251745
0.057498
0.016782
0.002571
0.057750
0.099370
0.222056
0.205003
0.119634
0.150908
0.250116
0.049909
0.013779
0.216454
0.081324
0.333747
0.000029
0.197690
0.204708
0.273612
0.222022
0.602673
0.471595
0.324727
0.408843
0.596219
0.450754
0.219277
0.083851
0.188838
0.071033
0.044090
0.381058
0.554930
0.446057
0.050572
0.201670
0.519706
0.181798
0.038979
0.105957
0.106972
0.028140
0.072511
0.073925
0.090500
0.148116
0.313821
0.348649
0.064822
0.231147
0.119445
0.103698
0.039737
0.062792
0.041430
0.019790
0.063937
0.057552
0.000090
0.138655
0.265193
0.355597
0.396870
0.184570
0.117767
0.125900
0.114643
0.056547
0.251690
0.104467
0.284423
0.212633
0.081375
0.093903
0.107925
0.211027
0.322792
0.439605
0.500115
0.300127
0.099691
0.635019
1.123700
0.894286
0.241676
0.115151
0.050529
0.153386
0.210120
0.224767
0.073110
0.154580
0.240633
0.235135
0.194949
0.091818
0.069471
0.306942
0.267503
0.087688
0.046722
0.073493
0.092473
0.070703
0.137615
0.074194
0.099123
0.075113
0.004729
0.103585
0.133565
0.173413
0.172901
0.200017
0.184165
0.039562
0.026906
0.015562
0.072351
0.052602
0.192684
0.154580
0.083108
0.013671
0.026848
0.025193
0.097246
0.057903
0.106810
0.020230
0.005657
0.004603
0.028664
0.173424
0.003139
0.276816
0.127260
0.110620
0.162026
0.197567
0.120541
0.024104
0.071954
0.093674
0.109167
0.094776
0.011916
0.036315
0.094021
0.125470
0.080647
0.042175
0.035521
0.050867
0.079326
0.296987
0.171774
0.189896
0.155391
0.028219
0.043699
0.036255
0.268883
0.408333
0.105726
0.126426
0.086745
0.202083
0.101230
0.120440
0.126847
0.006423
0.016759
0.109529
0.072196
0.069952
0.038895
0.407540
0.689639
0.601674
0.486324
0.136595
0.133610
0.041411
0.062533
0.009655
0.126333
0.263790
0.449190
0.274365
0.002094
0.272950
0.425546
0.268621
0.227218
0.177226
0.116970
0.104196
0.184792
0.022170
0.040612
0.112210
0.096696
0.106692
0.376666
0.466401
0.012114
0.022554
0.109200
0.030475
0.041900
0.058868
0.058217
0.228420
0.423360
0.135788
0.079792
0.084860
0.064867
0.049332
0.367538
0.273962
0.022917
0.055053
0.163420
0.243748
0.022170
0.207055
0.053663
0.337932
0.295631
0.068338
0.230454
0.500389
0.303919
0.033751
0.463288
0.926713
0.863818
0.669900
0.370876
0.108494
0.063356
0.009299
0.010826
0.378453
0.260074
0.356664
0.584296
0.429667
0.107987
0.029323
0.216081
0.078760
0.122579
0.088340
0.187119
0.056452
0.136874
0.024672
0.027171
0.093497
0.149669
0.034248
0.148782
0.129376
0.006097
0.041107
0.041445
0.054850
0.157389
0.291421
0.162323
0.000898
0.074092
0.179215
0.006740
0.112293
0.284752
0.043013
0.200238
0.121259
0.261899
0.023866
0.101873
0.014451
0.022361
0.026608
0.003918
0.027273
0.042623
0.075966
0.147410
0.083125
0.272962
0.283528
0.207562
0.186623
0.223539
0.207036
0.004728
0.056800
0.076505
0.008562
0.114494
0.127807
0.070951
0.005447
0.187697
0.197339
0.037371
0.112342
0.024046
0.147369
0.123347
0.163123
0.159097
0.178296
0.029317
0.280773
0.312488
0.196461
0.160536
0.061072
0.013856
0.024951
0.097188
0.161653
0.169327
0.145862
0.008726
0.039568
0.250978
0.438828
0.364145
0.345153
0.362485
0.302732
0.092411
0.047384
0.005645
0.198830
0.011796
0.171799
0.210615
0.477430
0.198877
0.200332
0.364773
0.311365
0.360300
0.052448
0.088834
0.132134
0.019119
0.197341
0.037506
0.022648
0.056668
0.057921
0.222542
0.122448
0.187895
0.062471
0.021866
0.168672
0.011428
0.071830
0.054715
0.081322
0.254043
0.106217
0.096401
0.048165
0.156225
0.084015
0.050939
0.088990
0.232748
0.195487
0.027485
0.132301
0.359929
0.349744
0.188495
0.211361
0.371929
0.357444
0.012320
0.748945
1.264305
1.144896
0.460911
0.159983
0.380988
0.103160
0.128198
0.118470
0.091701
0.252362
0.062106
0.271221
0.411157
0.470685
0.168046
0.009720
0.085201
0.093448
0.021355
0.396995
0.198746
0.205407
0.121224
0.075219
0.049358
0.121705
0.016288
0.305151
0.296301
0.067943
0.052635
0.217437
0.182175
0.117936
0.088538
0.277477
0.043688
0.411617
0.217628
0.090174
0.040826
0.190225
0.077581
0.059423
0.068675
0.365020
0.250732
0.156700
0.359198
0.200895
0.050319
0.257445
0.109949
0.347264
0.110783
0.148668
0.087609
0.051797
0.220568
0.240298
0.019201
0.094462
0.097805
0.194917
0.038588
0.050596
0.067957
0.084831
0.103935
0.025885
0.246533
0.174319
0.322837
0.265790
0.019796
0.071400
0.312383
0.255699
0.248859
0.169937
0.096813
0.186386
0.021736
0.118391
0.053894
0.104700
0.358864
0.065179
0.307377
0.005866
0.098692
0.064135
0.085337
0.044254
0.281660
0.503864
0.450545
0.308063
0.032527
0.264211
0.457179
0.116299
0.177173
0.073337
0.282961
0.106711
0.014238
0.170430
0.259459
0.453136
0.741573
0.407031
0.203410
0.076711
0.287130
0.106122
0.051337
0.085882
0.016565
0.209361
0.133925
0.138185
0.057796
0.086360
0.100660
0.273720
0.216107
0.234778
0.298142
0.207840
0.144459
0.079757
0.029172
0.120918
0.181764
0.063544
0.010410
0.130084
0.158942
0.128597
0.239536
0.268423
0.111777
0.238124
0.344986
0.231274
0.650517
0.415571
0.101927
0.021270
0.271806
0.422997
0.151773
0.412794
1.074229
1.200449
0.711131
0.113291
0.227812
0.259750
0.067825
0.393555
0.093971
0.375173
0.292296
0.102202
0.172989
0.175638
0.178518
0.099327
0.095281
0.033202
0.405606
0.315043
0.127425
0.037141
0.215761
0.082400
0.373314
0.307379
0.164499
0.120059
0.155620
0.170916
0.135677
0.006109
0.026600
0.000620
0.103340
0.080243
0.139840
0.012020
0.029449
0.035363
0.055296
0.311235
0.140662
0.339057
0.194145
0.315000
0.258749
0.077248
0.210080
0.093075
0.138742
0.176742
0.225456
0.063147
0.246449
0.219582
0.027638
0.074882
0.017648
0.010482
0.168198
0.118519
0.074746
0.191706
0.089121
0.091232
0.002459
0.294911
0.169915
0.353896
0.082830
0.038554
0.191154
0.125943
0.280904
0.243858
0.129542
0.035277
0.277989
0.431567
0.065122
0.209648
0.136685
0.039741
0.127445
0.080300
0.090085
0.121161
0.059270
0.087000
0.273397
0.202870
0.097361
0.065691
0.146975
0.407385
0.444091
0.299671
0.303918
0.382343
0.409542
0.334724
0.016167
0.085446
0.071017
0.335169
0.281727
0.001496
0.105768
0.526141
0.544232
0.198371
0.125797
0.261488
0.178986
0.008728
0.033786
0.008394
0.177116
0.107643
0.027277
0.005133
0.099787
0.224197
0.282625
0.259706
0.213071
0.117606
0.194864
0.033929
0.024945
0.001896
0.067851
0.065629
0.064990
0.000947
0.230220
0.439665
0.043410
0.018655
0.099643
0.152955
0.017753
0.226788
0.167605
0.221721
0.200290
0.162503
0.250400
0.066768
0.192289
0.479060
0.356955
0.017614
0.711976
0.989618
0.848500
0.683852
0.088424
0.392330
0.141387
0.283338
0.060735
0.274323
0.267474
0.207179
0.199071
0.111368
0.253420
0.356357
0.152449
0.084606
0.023606
0.191885
0.321903
0.032362
0.166823
0.009464
0.149745
0.172566
0.495219
0.023873
0.238326
0.269533
0.241028
0.126419
0.186737
0.004069
0.138670
0.121147
0.030624
0.129651
0.231313
0.061826
0.239570
0.089199
0.083932
0.012454
0.004680
0.002533
0.141891
0.039903
0.075356
0.056281
0.427670
0.191145
0.079802
0.042282
0.175484
0.111374
0.107518
0.045387
0.069596
0.032179
0.104344
0.058847
0.136683
0.003998
0.187535
0.052738
0.376127
0.289402
0.067489
0.167479
0.035666
0.044028
0.152643
0.156699
0.066466
0.275707
0.008112
0.253725
0.049331
0.071840
0.025258
0.106460
0.241484
0.129273
0.249090
0.226279
0.034879
0.004788
0.131005
0.199081
0.097379
0.174808
0.026367
0.178002
0.144550
0.150222
0.314184
0.336153
0.300445
0.730281
0.723668
0.193634
0.418084
0.128821
0.022574
0.011276
0.262249
0.253507
0.089953
0.050353
0.119848
0.578415
0.517776
0.007962
0.083179
0.082929
0.002476
0.229798
0.144479
0.107155
0.162362
0.174434
0.192579
0.127436
0.127647
0.237352
0.145737
0.097499
0.111040
0.032561
0.101281
0.004772
0.090673
0.159650
0.319357
0.221912
0.068355
0.267447
0.112675
0.011502
0.331680
0.064830
0.227200
0.075525
0.287328
0.119618
0.139769
0.090694
0.106897
0.192846
0.554027
0.662383
0.076482
0.094232
0.041785
0.570739
1.033300
0.906489
0.297361
0.016103
0.171170
0.166176
0.158906
0.025006
0.024535
0.012186
0.216197
0.116093
0.007861
0.184039
0.298459
0.161746
0.064151
0.143743
0.025567
0.258735
0.377594
0.166840
0.108979
0.221428
0.190450
0.030846
0.138230
0.057839
0.202157
0.201482
0.198954
0.093519
0.019279
0.017565
0.074011
0.001114
0.101391
0.072288
0.104821
0.074338
0.141882
0.439323
0.291635
0.096177
0.071660
0.063396
0.048470
0.049294
0.124677
0.125982
0.138419
0.076317
0.010501
0.056475
0.008647
0.023040
0.131470
0.164521
0.124816
0.167450
0.100747
0.014455
0.184712
0.088853
0.140402
0.036611
0.012413
0.019137
0.198277
0.083742
0.200233
0.040839
0.151629
0.002089
0.093879
0.189426
0.189162
0.376319
0.181631
0.059974
0.066350
0.141808
0.092693
0.037607
0.069796
0.018494
0.070979
0.161427
0.396761
0.181873
0.193009
0.366009
0.311485
0.355279
0.094103
0.176917
0.596263
0.220375
0.056421
0.556451
0.389949
0.129988
0.233150
0.077347
0.157771
0.512793
0.247181
0.157485
0.332104
0.107774
0.158475
0.240935
0.099921
0.043792
0.015307
0.014962
0.235536
0.166654
0.097132
0.100723
0.205514
0.133801
0.133316
0.029545
0.114370
0.141603
0.223735
0.111202
0.326631
0.126060
0.004315
0.041550
0.083078
0.031200
0.279398
0.258697
0.173010
0.220270
0.038535
0.209483
0.049120
0.377855
0.251023
0.066025
0.121542
0.132900
0.054505
0.097057
0.039636
0.451238
0.691084
0.318359
0.036867
0.360863
0.849214
1.217699
0.895032
0.198589
0.027018
0.133351
0.206810
0.032591
0.073582
0.019307
0.115396
0.293588
0.249204
0.125237
0.233097
0.186606
0.014477
0.089022
0.144985
0.033331
0.068084
0.078062
0.070280
0.181696
0.017132
0.301922
0.071240
0.061565
0.084604
0.108825
0.112109
0.061550
0.136574
0.192615
0.000936
0.099715
0.084538
0.036391
0.206820
0.172496
0.318539
0.075453
0.067213
0.089588
0.106465
0.121870
0.245808
0.228213
0.419174
0.008360
0.267954
0.033190
0.197212
0.049434
0.057063
0.007261
0.119293
0.197076
0.016711
0.069461
0.100862
0.077976
0.023919
0.030647
0.057611
0.081513
0.053766
0.222815
0.097154
0.295732
0.288873
0.109796
0.195972
0.007552
0.073850
0.190705
0.286168
0.053402
0.162296
0.266676
0.146722
0.039741
0.166336
0.086059
0.265821
0.078875
0.025524
0.037773
0.015814
0.229454
0.042822
0.341090
0.221289
0.009324
0.013384
0.356916
0.515955
0.548957
0.533857
0.271840
0.098226
0.016454
0.034102
0.098973
0.208406
0.446208
0.414265
0.449772
0.431501
0.328480
0.259260
0.108649
0.005170
0.234357
0.326057
0.135023
0.242911
0.155268
0.416078
0.014979
0.291400
0.172716
0.258870
0.289708
0.332560
0.063969
0.114874
0.010625
0.098647
0.031735
0.086763
0.300187
0.187502
0.067273
0.205205
0.173410
0.614317
0.060262
0.210147
0.178425
0.001197
0.073232
0.331442
0.363475
0.008798
0.323595
0.011425
0.197427
0.242210
0.308290
0.222727
0.349012
0.394020
0.064504
0.030856
0.456862
1.201000
0.922750
0.152141
0.044351
0.181968
0.117488
0.174257
0.035197
0.015835
0.097768
0.462306
0.200434
0.093296
0.324091
0.018990
0.128250
0.131343
0.254671
0.304066
0.182918
0.132388
0.127145
0.035389
0.026646
0.010382
0.010729
0.199473
0.196025
0.006048
0.020476
0.435761
0.425926
0.190392
0.268149
0.124390
0.271359
0.069485
0.368939
0.106053
0.146558
0.279485
0.090529
0.066166
0.150357
0.148588
0.118278
0.153141
0.150033
0.016382
0.122352
0.163448
0.047273
0.215318
0.117516
0.118141
0.009052
0.007756
0.189685
0.279954
0.170717
0.050121
0.366256
0.198801
0.066727
0.034119
0.089669
0.033194
0.038830
0.039130
0.072002
0.069833
0.015787
0.100958
0.193204
0.258858
0.011873
0.185038
0.002045
0.010895
0.129811
0.006380
0.060315
0.076256
0.006118
0.003358
0.064183
0.012163
0.000218
0.152669
0.213600
0.057393
0.267985
0.087850
0.223115
0.201252
0.516547
0.377737
0.571351
0.483545
0.359263
0.377525
0.037655
0.214200
0.241390
0.257158
0.372078
0.368231
0.222235
0.192077
0.011163
0.000100
0.274314
0.304014
0.194281
0.090950
0.149086
0.062863
0.155693
0.104370
0.146580
0.380873
0.241259
0.073427
0.113192
0.225851
0.230506
0.099991
0.280245
0.100053
0.000528
0.066950
0.079860
0.242258
0.234732
0.234270
0.350370
0.313360
0.026250
0.141523
0.029218
0.082645
0.305108
0.356635
0.002232
0.314273
0.034493
0.133530
0.014670
0.272508
0.609139
0.600562
0.276210
0.075694
0.169342
0.601020
0.805086
1.015054
0.634851
0.005354
0.176811
0.153949
0.225040
0.331122
0.126558
0.276521
0.324568
0.286717
0.087229
0.171409
0.087864
0.050918
0.200805
0.030200
0.086936
0.290312
0.190743
0.205647
0.039344
0.204465
0.164316
0.425822
0.289868
0.032253
0.010850
0.257203
0.052736
0.283215
0.059078
0.369926
0.065429
0.257843
0.084052
0.266703
0.131363
0.064508
0.208597
0.273041
0.144324
0.082006
0.115831
0.079800
0.026762
0.120911
0.008529
0.209541
0.007014
0.083102
0.070389
0.036281
0.031608
0.078401
0.161669
0.113507
0.092533
0.232067
0.101684
0.068778
0.021231
0.068570
0.328136
0.156578
0.277379
0.247704
0.053961
0.057521
0.021852
0.055618
0.046508
0.053553
0.128265
0.054164
0.239756
0.200780
0.192343
0.225752
0.141836
0.127108
0.092026
0.289497
0.064305
0.168653
0.163749
0.007332
0.291062
0.089598
0.111887
0.000545
0.304026
0.204721
0.143095
0.229041
0.237505
0.220542
0.348595
0.442810
0.288658
0.159499
0.084915
0.001028
0.124856
0.077709
0.026120
0.066438
0.237742
0.133345
0.117473
0.473102
0.440230
0.116576
0.117025
0.342310
0.146508
0.246966
0.196741
0.078486
0.168652
0.076445
0.126202
0.048106
0.018580
0.089079
0.163462
0.258155
0.215413
0.200927
0.131946
0.000851
0.106952
0.024540
0.200598
0.369105
0.093935
0.006915
0.132107
0.158435
0.082345
0.057545
0.016778
0.267548
0.365754
0.115633
0.275063
0.520383
0.470411
0.370685
0.112042
0.642953
0.662332
0.917174
1.134176
0.551587
0.209380
0.496426
0.134068
0.192034
0.058459
0.164766
0.058234
0.008665
0.048445
0.288322
0.204400
0.080161
0.119744
0.410062
0.194567
0.271977
0.215978
0.361878
0.278686
0.013896
0.021585
0.082082
0.044797
0.273561
0.386935
0.241512
0.093963
0.072849
0.083623
0.079968
0.025344
0.000128
0.158781
0.081015
0.025284
0.208762
0.122573
0.028099
0.186746
0.050499
0.184333
0.127580
0.029478
0.066422
0.030462
0.262841
0.236907
0.224627
0.404343
0.012019
0.206561
0.002750
0.256785
0.014685
0.173158
0.262153
0.066743
0.183324
0.044698
0.026320
0.027489
0.065853
0.117150
0.066507
0.218777
0.119302
0.065811
0.153182
0.164537
0.322185
0.108754
0.092882
0.042621
0.085551
0.083833
0.058111
0.006993
0.082499
0.126038
0.049935
0.319368
0.185980
0.292030
0.214257
0.139437
0.146513
0.040262
0.014375
0.009251
0.175259
0.274034
0.280258
0.257702
0.181670
0.264510
0.541754
0.582974
0.374460
0.193425
0.051213
0.230246
0.385693
0.137443
0.193724
0.295971
0.234444
0.294796
0.094308
0.195349
0.385398
0.109004
0.128141
0.238411
0.037387
0.013791
0.000586
0.249526
0.253134
0.117886
0.080102
0.172743
0.052581
0.121249
0.294348
0.224740
0.143691
0.193115
0.213188
0.115934
0.116795
0.046668
0.019725
0.127597
0.233112
0.296335
0.364688
0.233883
0.112685
0.174538
0.116465
0.206235
0.110620
0.136259
0.259355
0.226218
0.138347
0.307089
0.443125
0.201166
0.034935
0.090090
0.694468
1.272957
0.867814
0.216821
0.055952
0.048660
0.050560
0.269192
0.156700
0.036733
0.028364
0.136691
0.244993
0.044271
0.019059
0.105243
0.088351
0.128023
0.263345
0.136416
0.041562
0.037778
0.013683
0.068926
0.209052
0.266154
0.001702
0.093958
0.076234
0.084232
0.029126
0.101391
0.052128
0.042176
0.173345
0.059599
0.175921
0.001186
0.263192
0.012756
0.036118
0.210733
0.030358
0.260450
0.104445
0.282362
0.229229
0.287865
0.237220
0.262108
0.270404
0.299356
0.024919
0.141388
0.185928
0.098964
0.059287
0.098035
0.022780
0.153631
0.006851
0.189030
0.205035
0.423540
0.106539
0.102451
0.114626
0.211520
0.226400
0.037713
0.110498
0.158334
0.074306
0.003874
0.062082
0.401081
0.190151
0.314066
0.017792
0.128543
0.376699
0.352308
0.056725
0.254070
0.361122
0.035716
0.372621
0.081140
0.189274
0.126574
0.167860
0.088253
0.210302
0.121868
0.078047
0.494854
0.615567
0.162361
0.240440
0.591872
0.363907
0.035933
0.070731
0.106923
0.030834
0.192663
0.415629
0.413297
0.193878
0.101051
0.245513
0.128070
0.161503
0.451144
0.310297
0.023387
0.093020
0.103279
0.333340
0.135051
0.071688
0.055705
0.102689
0.113657
0.044235
0.000734
0.028251
0.027639
0.090488
0.164635
0.086795
0.039909
0.227164
0.376325
0.072233
0.200620
0.128353
0.433640
0.205065
0.078205
0.050953
0.099800
0.269793
0.193065
0.077713
0.110397
0.170666
0.321535
0.093526
0.091782
0.350008
0.587589
0.405892
0.128240
0.429278
0.814746
1.008322
0.797709
0.546868
0.059780
0.302456
0.036604
0.118499
0.031093
0.134801
0.020804
0.029799
0.223491
0.507310
0.261422
0.095479
0.038628
0.201033
0.145806
0.097231
0.260612
0.043465
0.369008
0.228307
0.018480
0.111867
0.134601
0.118122
0.144248
0.380573
0.203057
0.050462
0.101187
0.183113
0.444488
0.065743
0.342720
0.135069
0.044837
0.123977
0.039708
0.038952
0.204707
0.055112
0.062798
0.018835
0.022570
0.023333
0.102009
0.024608
0.033735
0.017823
0.134757
0.022100
0.398028
0.152770
0.335652
0.220208
0.055678
0.072969
0.061713
0.051928
0.198082
0.131193
0.026449
0.011985
0.074174
0.150913
0.032632
0.115961
0.022348
0.160087
0.032425
0.342656
0.148877
0.091457
0.106136
0.126982
0.270304
0.236168
0.147762
0.081703
0.258901
0.122173
0.142666
0.379936
0.044654
0.270384
0.077081
0.181657
0.033866
0.003861
0.075274
0.251515
0.394508
0.160682
0.179553
0.577233
0.687373
0.424639
0.168079
0.035480
0.049801
0.268435
0.210477
0.049251
0.087146
0.435739
0.267629
0.012808
0.253114
0.311375
0.218484
0.473514
0.323291
0.079805
0.016996
0.126267
0.314762
0.039199
0.170135
0.104287
0.238839
0.183614
0.019083
0.042123
0.281737
0.459480
0.080939
0.164818
0.013872
0.070742
0.229277
0.158628
0.300790
0.426597
0.141740
0.006827
0.023972
0.004615
0.015310
0.005953
0.143832
0.317840
0.143764
0.127344
0.116723
0.111980
0.167036
0.720500
0.495872
0.108441
0.199213
0.041463
0.590115
0.925063
0.835576
0.463383
0.043103
0.279585
0.071676
0.260886
0.160632
0.012941
0.041161
0.062095
0.259574
0.410283
0.120305
0.271683
0.263264
0.194830
0.074597
0.222682
0.226323
0.041587
0.234861
0.252166
0.524254
0.006721
0.289433
0.079723
0.151529
0.313591
0.083645
0.039973
0.295094
0.187772
0.086407
0.122763
0.047685
0.158674
0.096749
0.211927
0.055896
0.022439
0.276086
0.264704
0.252972
0.084887
0.203365
0.151540
0.108498
0.034373
0.141454
0.169827
0.069304
0.166776
0.139621
0.081498
0.206443
0.224496
0.341719
0.163582
0.288341
0.014873
0.216706
0.058310
0.271457
0.143259
0.204269
0.168552
0.086493
0.109864
0.028860
0.084642
0.045668
0.131926
0.132113
0.100305
0.184514
0.119513
0.074772
0.087905
0.019952
0.079577
0.066365
0.133699
0.165793
0.007399
0.082164
0.017744
0.027119
0.014402
0.006118
0.185140
0.266216
0.195232
0.365377
0.392970
0.611567
0.550414
0.236752
0.046819
0.160885
0.409549
0.287616
0.055782
0.173214
0.412619
0.244429
0.285095
0.328659
0.036802
0.107181
0.631788
0.621315
0.064197
0.099648
0.068447
0.140243
0.092602
0.293758
0.134338
0.162533
0.130049
0.403198
0.058302
0.043243
0.221365
0.124429
0.156068
0.279152
0.059758
0.073927
0.085119
0.161660
0.114452
0.344278
0.179413
0.030365
0.066785
0.208947
0.193720
0.045700
0.223540
0.187582
0.170535
0.327589
0.216304
0.244880
0.372641
0.400690
0.059521
0.097860
0.057690
0.230179
0.340661
0.050282
0.734265
1.034728
0.733847
0.327516
0.083735
0.042401
0.050485
0.029988
0.226649
0.019788
0.239289
0.110271
0.015927
0.063708
0.321846
0.317912
0.133488
0.075252
0.532627
0.205641
0.073070
0.006760
0.120830
0.001408
0.349265
0.319053
0.032629
0.236818
0.023932
0.292790
0.123900
0.071260
0.207433
0.070195
0.005527
0.079890
0.195550
0.565128
0.177249
0.452175
0.265382
0.083973
0.030978
0.066914
0.013473
0.112047
0.090497
0.255436
0.327239
0.062129
0.245532
0.221293
0.101677
0.092588
0.115969
0.039735
0.072169
0.004663
0.107567
0.009861
0.165243
0.107350
0.021810
0.178424
0.088625
0.190912
0.131597
0.031296
0.060320
0.384671
0.045194
0.319863
0.118680
0.107354
0.144688
0.049223
0.171905
0.062718
0.143114
0.210442
0.173274
0.050323
0.007984
0.135823
0.200431
0.015806
0.019888
0.094019
0.233112
0.214080
0.176576
0.371126
0.056874
0.116680
0.081727
0.467220
0.611239
0.390303
0.309195
0.578690
0.475304
0.059858
0.335512
0.238429
0.066020
0.157452
0.475373
0.560480
0.304097
0.208561
0.105061
0.035864
0.142347
0.241406
0.192552
0.174167
0.148155
0.135752
0.042763
0.041085
0.129857
0.124291
0.533743
0.491983
0.049957
0.160252
0.109765
0.081757
0.163620
0.005688
0.131518
0.323350
0.363278
0.214347
0.025192
0.161697
0.100320
0.183410
0.177610
0.165580
0.074018
0.043835
0.057452
0.205280
0.038543
0.007105
0.287828
0.287037
0.105322
0.381540
0.272179
0.784326
0.507208
0.151354
0.086962
0.314600
0.871194
1.196850
0.909058
0.225096
0.283891
0.306671
0.026120
0.223346
0.135539
0.005765
0.188551
0.102427
0.049656
0.203848
0.066986
0.184730
0.208553
0.151648
0.209823
0.116287
0.045922
0.322568
0.076664
0.311926
0.001368
0.205056
0.230893
0.376451
0.006035
0.093078
0.034220
0.020985
0.082070
0.199546
0.064448
0.106608
0.116150
0.199974
0.071354
0.044161
0.120054
0.210170
0.280450
0.178091
0.391571
0.000976
0.034559
0.088667
0.118582
0.217820
0.051302
0.090828
0.133820
0.076227
0.044724
0.002740
0.212433
0.211809
0.042411
0.136352
0.078709
0.047186
0.108658
0.023327
0.082917
0.052133
0.031646
0.169501
0.123165
0.121275
0.067741
0.066048
0.069796
0.136022
0.201687
0.009771
0.070267
0.163317
0.085718
0.342187
0.359881
0.267233
0.188366
0.311727
0.364827
0.070563
0.096655
0.159336
0.207280
0.097064
0.157978
0.113792
0.266460
0.031598
0.199649
0.260814
0.342147
0.531154
0.554277
0.372047
0.389422
0.320010
0.111594
0.256571
0.087410
0.015486
0.294126
0.665914
0.456179
0.259899
0.176109
0.008580
0.020535
0.174512
0.148556
0.100204
0.194212
0.080907
0.197559
0.232118
0.004403
0.108243
0.222013
0.076270
0.190511
0.145963
0.122024
0.122134
0.424561
0.118161
0.200904
0.261300
0.359385
0.112630
0.260312
0.051835
0.454027
0.317868
0.167228
0.128203
0.087518
0.028288
0.057623
0.038237
0.017792
0.083622
0.199819
0.205371
0.164257
0.031576
0.258456
0.540062
0.557895
0.406326
0.263526
0.886798
0.942238
0.874391
0.577565
0.202280
0.014722
0.043198
0.171191
0.103519
0.135580
0.215461
0.263259
0.138853
0.039419
0.058758
0.283189
0.324401
0.192349
0.128146
0.054188
0.032212
0.110948
0.147587
0.074622
0.164818
0.097345
0.166652
0.020496
0.014674
0.008173
0.084847
0.106495
0.230342
0.215243
0.007743
0.155964
0.084709
0.204865
0.112858
0.079906
0.049513
0.289972
0.084428
0.168026
0.083174
0.192437
0.021215
0.067473
0.023355
0.104173
0.043473
0.056088
0.010099
0.121818
0.009249
0.133108
0.055896
0.207560
0.046636
0.108094
0.117956
0.055070
0.066403
0.139273
0.054564
0.022115
0.000770
0.124884
0.091775
0.095523
0.090441
0.049681
0.051514
0.310690
0.070100
0.112990
0.049411
0.061754
0.085305
0.201978
0.213475
0.125602
0.179786
0.109136
0.115237
0.087304
0.214358
0.034130
0.212654
0.087373
0.288146
0.180104
0.208298
0.097792
0.010255
0.207794
0.177140
0.158183
0.397960
0.440155
0.312474
0.343290
0.197998
0.093605
0.162511
0.046719
0.072167
0.002242
0.224405
0.261132
0.273331
0.240467
0.035603
0.164443
0.337673
0.266723
0.283459
0.084171
0.117954
0.084295
0.229466
0.101897
0.009943
0.279046
0.338748
0.055238
0.128334
0.078032
0.126907
0.291218
0.078215
0.148440
0.118534
0.097709
0.011100
0.443750
0.239112
0.108251
0.046933
0.322865
0.075658
0.096156
0.212545
0.133234
0.117219
0.282901
0.176296
0.248427
0.337034
0.277524
0.375061
0.215326
0.373522
1.096829
1.069897
0.435610
0.312934
0.139033
0.148599
0.038746
0.046789
0.190641
0.120084
0.041344
0.138750
0.089771
0.080632
0.037409
0.085926
0.270650
0.533024
0.126467
0.109174
0.147395
0.131454
0.084056
0.117505
0.302528
0.089856
0.140494
0.137893
0.146941
0.011068
0.142879
0.099868
0.007446
0.055293
0.086750
0.004273
0.066191
0.097963
0.162562
0.278393
0.021928
0.128817
0.042097
0.023388
0.094648
0.106039
0.143070
0.003702
0.072890
0.125235
0.036682
0.120218
0.002743
0.334699
0.097092
0.041209
0.170890
0.000504
0.149853
0.000373
0.145357
0.101388
0.134791
0.020464
0.099871
0.032603
0.065792
0.112067
0.204886
0.099200
0.132064
0.049825
0.123309
0.015912
0.035924
0.318914
0.060065
0.026877
0.096471
0.260074
0.149363
0.131596
0.028980
0.018137
0.295232
0.099081
0.273187
0.061226
0.013409
0.127246
0.173228
0.048865
0.213427
0.082226
0.019059
0.166035
0.537364
0.450108
0.219948
0.379645
0.457930
0.236491
0.152495
0.053803
0.107788
0.129403
0.330889
0.438573
0.087155
0.028012
0.371636
0.372798
0.163935
0.051689
0.201950
0.285374
0.081735
0.043224
0.074123
0.187762
0.185265
0.107638
0.174692
0.131257
0.070607
0.069215
0.303781
0.275534
0.088307
0.149024
0.237184
0.214237
0.023862
0.028157
0.088465
0.312622
0.116043
0.037040
0.118405
0.236553
0.018423
0.442071
0.199569
0.117806
0.175623
0.023185
0.383944
0.301634
0.109032
0.348279
0.529997
0.233704
0.099051
0.165047
0.398885
0.935751
0.977176
0.824597
0.532007
0.030887
0.389422
0.067783
0.148048
0.125658
0.229970
0.112619
0.076931
0.070437
0.244198
0.426625
0.222780
0.021455
0.071343
0.149489
0.022207
0.020859
0.082252
0.051319
0.048984
0.078873
0.045986
0.146539
0.311298
0.216812
0.005969
0.143596
0.213119
0.030158
0.173998
0.180162
0.257260
0.085731
0.172665
0.256777
0.020660
0.255551
0.084048
0.022996
0.108414
0.009664
0.043539
0.031483
0.096142
0.086331
0.074582
0.252168
0.025725
0.240685
0.092271
0.149885
0.313522
0.173847
0.212380
0.119974
0.083398
0.050148
0.026813
0.048507
0.023161
0.119196
0.026604
0.078847
0.000728
0.028958
0.078653
0.070326
0.138941
0.099639
0.139161
0.064760
0.270166
0.056086
0.157364
0.167157
0.029059
0.227185
0.066224
0.009543
0.044844
0.129864
0.134565
0.137951
0.014459
0.120282
0.096753
0.357246
0.023518
0.295280
0.094774
0.103315
0.352265
0.426662
0.368148
0.428264
0.350552
0.235176
0.385336
0.042985
0.442458
0.186236
0.027024
0.108249
0.478558
0.312688
0.145298
0.382772
0.194152
0.005429
0.188117
0.374456
0.300973
0.144596
0.122218
0.061489
0.151056
0.131526
0.081027
0.285420
0.427693
0.204363
0.049571
0.035467
0.008987
0.149064
0.327726
0.052840
0.305328
0.322576
0.161335
0.057167
0.040533
0.121182
0.143297
0.279850
0.405897
0.178463
0.102612
0.024165
0.145735
0.064399
0.017754
0.187046
0.205156
0.296615
0.358348
0.299156
0.281639
0.509777
0.039243
0.768332
0.986155
0.878585
0.706341
0.232767
0.207963
0.041944
0.235684
0.037192
0.260370
0.106258
0.186928
0.035531
0.265327
0.139698
0.002178
0.209576
0.382005
0.044150
0.073480
0.208255
0.059503
0.101249
0.197237
0.050338
0.056940
0.118367
0.001156
0.270838
0.234949
0.112459
0.013731
0.029507
0.101911
0.010089
0.055109
0.049624
0.174961
0.049383
0.189043
0.052083
0.115803
0.003114
0.049827
0.029055
0.063344
0.100162
0.049226
0.113108
0.100456
0.267862
0.289080
0.082806
0.143432
0.003152
0.003376
0.132963
0.160147
0.073283
0.098300
0.198943
0.119164
0.217749
0.063269
0.224357
0.192291
0.100245
0.250582
0.046198
0.138522
0.072175
0.254812
0.290057
0.142996
0.221337
0.081572
0.057199
0.052051
0.098581
0.101195
0.052371
0.121756
0.323335
0.119070
0.222657
0.028781
0.124073
0.073780
0.133209
0.139179
0.095011
0.031026
0.022388
0.081866
0.072373
0.162334
0.329750
0.425861
0.594615
0.549613
0.399827
0.389990
0.178968
0.167630
0.258376
0.351413
0.340382
0.020296
0.301657
0.365206
0.071283
0.266285
0.406270
0.140617
0.309838
0.224008
0.260909
0.081559
0.309730
0.165472
0.280372
0.011445
0.188680
0.178948
0.056786
0.003077
0.006904
0.196383
0.183210
0.130028
0.005566
0.035318
0.089910
0.315961
0.507725
0.156173
0.061325
0.082985
0.073765
0.064710
0.148133
0.034343
0.126540
0.156860
0.094798
0.103455
0.114829
0.149128
0.355001
0.484130
0.377264
0.260465
0.292981
0.237579
0.045272
0.742664
1.260741
0.900231
0.172200
0.008880
0.028638
0.235508
0.068928
0.159244
0.215711
0.112325
0.250165
0.316467
0.020156
0.006911
0.457022
0.392800
0.077598
0.046022
0.215052
0.100569
0.142960
0.087144
0.073369
0.034863
0.058594
0.154352
0.113492
0.121319
0.116467
0.238091
0.490233
0.162123
0.295163
0.138444
0.190569
0.040776
0.175300
0.115984
0.246980
0.025316
0.286531
0.164031
0.101521
0.006615
0.285486
0.030552
0.268322
0.116506
0.008011
0.237470
0.078867
0.167198
0.054181
0.081483
0.003796
0.092704
0.155845
0.024767
0.351665
0.274895
0.075167
0.195154
0.015341
0.016507
0.292888
0.126601
0.214516
0.081966
0.003830
0.017281
0.193378
0.145810
0.092592
0.087251
0.189242
0.003470
0.149421
0.242959
0.129904
0.014295
0.239761
0.120813
0.341057
0.131786
0.131029
0.171260
0.476781
0.032133
0.324185
0.371066
0.097712
0.209444
0.018369
0.306021
0.709943
0.410228
0.348535
0.441236
0.424407
0.296433
0.088207
0.347990
0.059098
0.042332
0.407485
0.200983
0.195104
0.473330
0.228962
0.036615
0.227318
0.202148
0.046589
0.035058
0.171958
0.162884
0.047938
0.307656
0.316388
0.150043
0.137314
0.135799
0.460873
0.179226
0.083824
0.323917
0.084749
0.252675
0.085293
0.072265
0.034277
0.466285
0.358740
0.039282
0.083250
0.029695
0.200660
0.227315
0.032637
0.006180
0.096400
0.088768
0.076430
0.192575
0.128767
0.183555
0.336733
0.119833
0.145838
0.570175
0.591529
0.153504
0.255885
0.499180
0.955104
1.132540
0.473252
0.087614
0.094698
0.013707
0.052684
0.109666
0.031254
0.220780
0.300301
0.006089
0.026003
0.219524
0.161080
0.250644
0.239039
0.074268
0.068930
0.382603
0.278265
0.153405
0.343710
0.085351
0.177739
0.222337
0.174333
0.020355
0.420336
0.381523
0.235615
0.213209
0.103382
0.103226
0.121395
0.200245
0.109954
0.257795
0.086837
0.286945
0.072050
0.149084
0.150742
0.066743
0.038302
0.055410
0.061261
0.062950
0.082457
0.195147
0.001459
0.301792
0.111569
0.096027
0.191262
0.099427
0.011336
0.053259
0.119107
0.106910
0.060184
0.049127
0.032434
0.081998
0.030128
0.098335
0.121329
0.150558
0.170808
0.067200
0.143665
0.030996
0.038628
0.108542
0.011911
0.182891
0.327548
0.054201
0.296355
0.192365
0.033145
0.090722
0.278736
0.191399
0.181463
0.156236
0.140785
0.075402
0.036179
0.121873
0.262588
0.075249
0.106103
0.175806
0.341513
0.542890
0.525161
0.352348
0.384185
0.397976
0.222891
0.200897
0.396479
0.183422
0.079529
0.144021
0.477095
0.367200
0.082304
0.381054
0.348085
0.099849
0.185765
0.100342
0.209307
0.206373
0.003281
0.011710
0.051580
0.118218
0.147800
0.136009
0.243931
0.057288
0.303930
0.109845
0.250522
0.128843
0.013843
0.199005
0.219033
0.088368
0.017515
0.282980
0.445030
0.141533
0.075995
0.000037
0.171740
0.213770
0.193417
0.051278
0.169457
0.025092
0.121985
0.095845
0.064480
0.063605
0.234311
0.300976
0.282264
0.267552
0.323467
0.256427
0.113148
0.810056
1.090865
0.938796
0.407684
0.242455
0.106684
0.141767
0.119812
0.136456
0.050165
0.198333
0.333420
0.218768
0.207257
0.157165
0.023098
0.092618
0.139664
0.059835
0.009354
0.127828
0.290507
0.018186
0.095042
0.058939
0.200523
0.145209
0.114247
0.057968
0.341137
0.357200
0.002088
0.186830
0.105153
0.043069
0.300188
0.244503
0.077664
0.225198
0.172565
0.008870
0.045629
0.161124
0.218623
0.118734
0.306534
0.097613
0.352808
0.097774
0.139574
0.230217
0.077041
0.253258
0.058287
0.251401
0.112227
0.013469
0.122405
0.190522
0.139556
0.060177
0.273779
0.067831
0.193814
0.195616
0.012194
0.181621
0.008647
0.254242
0.054491
0.151946
0.048576
0.104002
0.075838
0.068969
0.054250
0.061976
0.070136
0.003617
0.228255
0.088279
0.085228
0.129279
0.074126
0.209463
0.277750
0.064628
0.155389
0.065403
0.149380
0.043232
0.321223
0.109070
0.155118
0.050972
0.370052
0.653605
0.527649
0.527014
0.306140
0.122445
0.231581
0.113786
0.392113
0.079333
0.077302
0.167633
0.462753
0.522974
0.208894
0.082900
0.242942
0.401196
0.331353
0.028855
0.064931
0.123764
0.196191
0.022948
0.182698
0.021733
0.410617
0.251218
0.062383
0.173491
0.095031
0.001842
0.038141
0.051308
0.072743
0.295668
0.229190
0.164498
0.088465
0.154205
0.182425
0.188937
0.354433
0.150067
0.020862
0.070610
0.069260
0.090013
0.026603
0.068505
0.006227
0.195155
0.577597
0.453996
0.154117
0.017827
0.128371
0.387768
0.068611
0.377700
0.506036
0.791703
0.927307
0.425985
0.141064
0.043625
0.244352
0.146597
0.241852
0.066114
0.085520
0.169681
0.511063
0.463109
0.101863
0.125788
0.105573
0.047934
0.274111
0.130516
0.160200
0.071866
0.024515
0.105819
0.111839
0.149381
0.186988
0.035055
0.039014
0.048022
0.014087
0.019980
0.028592
0.336342
0.179853
0.060009
0.235784
0.206438
0.089723
0.093960
0.000329
0.041584
0.044791
0.087612
0.016398
0.018155
0.140900
0.166482
0.081622
0.025668
0.128060
0.021404
0.023768
0.129023
0.022345
0.137758
0.180912
0.049482
0.225521
0.231222
0.330671
0.126995
0.299982
0.101673
0.202954
0.219791
0.068056
0.078131
0.222219
0.072269
0.224350
0.081847
0.141028
0.062177
0.015887
0.047409
0.037025
0.004956
0.069780
0.037259
0.285486
0.311402
0.031913
0.429931
0.354812
0.002529
0.205369
0.209709
0.071648
0.274907
0.152863
0.063549
0.172726
0.133844
0.279977
0.249599
0.052515
0.157479
0.401187
0.359363
0.362490
0.416285
0.263304
0.038891
0.015263
0.024947
0.231709
0.288118
0.266129
0.210518
0.183144
0.225411
0.228436
0.004637
0.041759
0.199269
0.153767
0.185339
0.110265
0.333178
0.063852
0.236123
0.015651
0.269002
0.291146
0.086692
0.279405
0.019634
0.300315
0.254381
0.076681
0.227799
0.399068
0.068230
0.243888
0.172915
0.239140
0.311174
0.102911
0.164042
0.147726
0.365799
0.316897
0.242277
0.269943
0.316704
0.332469
0.175280
0.174270
0.487753
0.382978
0.114978
2.690021
3.329966
0.888933
1.575769
0.168423
0.013332
0.057864
0.150880
0.269520
0.246654
0.238542
0.126022
0.020183
0.036703
0.052867
0.207408
0.251696
0.235697
0.344856
0.039855
0.065583
0.179788
0.018862
0.057897
0.053979
0.327845
0.164392
0.291119
0.212106
0.102415
0.039893
0.176602
0.103774
0.216675
0.115288
0.316571
0.402721
0.216063
0.116825
0.030086
0.046433
0.102999
0.052182
0.198315
0.046961
0.138281
0.086321
0.245824
0.047603
0.010889
0.134185
0.178153
0.160433
0.065594
0.010183
0.027634
0.102371
0.169456
0.018486
0.265720
0.113122
0.115168
0.129797
0.024520
0.001003
0.176907
0.209228
0.122459
0.201342
0.022394
0.043097
0.162104
0.059761
0.163675
0.001497
0.038603
0.187914
0.029134
0.114331
0.033784
0.004635
0.094804
0.162039
0.070637
0.007219
0.244508
0.358561
0.039595
0.051540
0.078114
0.066567
0.064432
0.066807
0.228262
0.388687
0.171878
0.075812
0.111734
0.556884
0.857970
0.536526
0.101948
0.171606
0.060308
0.060380
0.130973
0.237389
0.208458
0.055028
0.396315
0.401668
0.133969
0.185062
0.322104
0.305646
0.008575
0.268401
0.186339
0.028361
0.011980
0.022251
0.092020
0.186800
0.259610
0.003471
0.023055
0.257526
0.179372
0.119553
0.088693
0.270340
0.014394
0.174239
0.284525
0.359627
0.098390
0.035945
0.053911
0.005551
0.091340
0.209502
0.354215
0.128998
0.023671
0.140758
0.242614
0.189198
0.225534
0.204478
0.598340
0.990153
0.615026
0.134375
0.141316
0.438077
1.027377
1.184738
0.726439
0.208904
0.071380
0.024038
0.004147
0.044482
0.156877
0.206823
0.052449
0.379355
0.373582
0.296889
0.238559
0.055890
0.001562
0.016930
0.099015
0.100236
0.086805
0.179883
0.016399
0.136759
0.084948
0.096766
0.040440
0.160519
0.242241
0.146161
0.385635
0.217016
0.221538
0.163833
0.127039
0.060265
0.101412
0.083934
0.162521
0.146465
0.251067
0.102401
0.047487
0.304698
0.109413
0.291620
0.352354
0.020441
0.261863
0.205229
0.180075
0.109258
0.142164
0.220813
0.024426
0.184494
0.071237
0.119867
0.037660
0.108196
0.087676
0.127993
0.141429
0.103737
0.103900
0.141713
0.161587
0.063984
0.053105
0.006363
0.110951
0.001930
0.024693
0.137114
0.010285
0.091939
0.036312
0.000516
0.182979
0.265517
0.019080
0.216116
0.031302
0.009959
0.045105
0.095365
0.024414
0.010074
0.231286
0.204501
0.187372
0.215829
0.075492
0.056843
0.266682
0.176495
0.154059
0.237085
0.339098
0.522646
0.553174
0.157609
0.113447
0.136199
0.159605
0.060247
0.101710
0.330254
0.341021
0.210991
0.286889
0.272905
0.189200
0.175930
0.104655
0.157570
0.298202
0.147444
0.374630
0.199009
0.036667
0.094346
0.207613
0.242410
0.005565
0.112271
0.072879
0.081870
0.023113
0.283376
0.361381
0.037540
0.185145
0.045758
0.217285
0.108480
0.178795
0.230230
0.025970
0.012523
0.006758
0.143757
0.215999
0.040160
0.000924
0.139839
0.136877
0.130193
0.097637
0.181175
0.195795
0.388084
0.361138
0.046871
0.301675
0.915866
1.140732
0.688292
0.245110
0.023862
0.224012
0.122777
0.048276
0.105721
0.197363
0.118833
0.341771
0.115487
0.103911
0.430245
0.236256
0.007943
0.180448
0.212158
0.023932
0.020535
0.117833
0.127060
0.129537
0.041375
0.296013
0.353134
0.137534
0.269349
0.166443
0.174762
0.034900
0.079740
0.091835
0.140576
0.034264
0.084264
0.012909
0.024724
0.132051
0.120321
0.154486
0.136641
0.028558
0.080613
0.095125
0.139572
0.244389
0.337731
0.018125
0.217451
0.116531
0.151299
0.096488
0.042030
0.107613
0.017974
0.112422
0.030228
0.045461
0.005988
0.119537
0.084922
0.188772
0.093957
0.056795
0.083272
0.062449
0.055647
0.027369
0.076876
0.012136
0.200833
0.154802
0.079875
0.018891
0.005744
0.030554
0.060159
0.237030
0.231547
0.094177
0.131730
0.120752
0.462366
0.114919
0.384655
0.015356
0.314335
0.003876
0.220724
0.089250
0.038870
0.056874
0.221599
0.212347
0.045477
0.175402
0.788556
1.015220
0.370051
0.279468
0.054616
0.076431
0.425430
0.201155
0.071769
0.084494
0.323056
0.582694
0.409540
0.089173
0.050205
0.114464
0.028468
0.147955
0.050699
0.111863
0.013520
0.138248
0.150420
0.064975
0.190972
0.158587
0.142413
0.240280
0.033993
0.164236
0.057057
0.102194
0.060590
0.214669
0.253185
0.193742
0.010767
0.030560
0.157220
0.178790
0.065005
0.031740
0.146095
0.175568
0.114713
0.143756
0.139008
0.165647
0.073991
0.278755
0.298161
0.742158
0.478825
0.242221
0.090646
0.161726
0.739353
1.263841
1.090438
0.329462
0.385299
0.294190
0.288751
0.334427
0.049758
0.275022
0.113821
0.037617
0.140666
0.205420
0.017095
0.038570
0.267969
0.388455
0.231166
0.154178
0.062546
0.008126
0.051513
0.060871
0.067185
0.036815
0.218689
0.149554
0.072825
0.012764
0.056505
0.024751
0.246615
0.240334
0.067830
0.126024
0.024216
0.036029
0.020613
0.132887
0.039779
0.166246
0.018219
0.209642
0.056100
0.057975
0.054870
0.234929
0.217060
0.029657
0.117911
0.048438
0.045062
0.097167
0.167969
0.027150
0.212699
0.081355
0.002991
0.110527
0.030166
0.070681
0.190075
0.058394
0.205201
0.159572
0.186598
0.259803
0.263182
0.013919
0.004651
0.250871
0.376544
0.017055
0.243040
0.185345
0.056585
0.109802
0.004163
0.061360
0.249014
0.193106
0.039979
0.230269
0.170154
0.130133
0.067703
0.094576
0.060921
0.064097
0.110591
0.037183
0.159236
0.306345
0.200965
0.083316
0.386649
0.739680
0.644204
0.265791
0.106423
0.070169
0.248962
0.001936
0.036827
0.153715
0.360605
0.526785
0.403031
0.160370
0.049841
0.348251
0.383762
0.070567
0.046670
0.097889
0.199799
0.024509
0.061314
0.173899
0.039455
0.083360
0.151684
0.294719
0.199256
0.073768
0.305632
0.133927
0.245005
0.025448
0.042435
0.041123
0.125565
0.171578
0.100075
0.044803
0.163430
0.163952
0.080730
0.262085
0.194625
0.069947
0.012850
0.088070
0.115538
0.170194
0.041496
0.034183
0.292732
0.383808
0.309471
0.318049
0.287176
0.009952
0.499809
0.932542
1.067853
0.690917
0.109481
0.053376
0.092719
0.181358
0.004069
0.060116
0.041685
0.025268
0.186315
0.402083
0.090815
0.033483
0.384550
0.127623
0.045038
0.097424
0.039035
0.107738
0.135277
0.180161
0.199235
0.058077
0.094394
0.189770
0.048853
0.038789
0.090674
0.138292
0.040550
0.087963
0.188202
0.196647
0.063969
0.004499
0.042511
0.077057
0.120210
0.168524
0.157906
0.023224
0.025369
0.128665
0.067521
0.053673
0.102585
0.019755
0.211294
0.055349
0.038577
0.093045
0.018998
0.033893
0.083813
0.062248
0.172659
0.007594
0.136015
0.116103
0.040146
0.073549
0.019115
0.100358
0.047856
0.134559
0.117646
0.027559
0.044754
0.048872
0.049176
0.017477
0.011179
0.338695
0.091723
0.410908
0.193241
0.009358
0.104929
0.061028
0.117594
0.025160
0.001205
0.174440
0.115493
0.098730
0.144311
0.060459
0.054355
0.108666
0.131153
0.166846
0.165129
0.363399
0.801242
0.604301
0.071517
0.085101
0.436206
0.012671
0.337553
0.157983
0.005838
0.118937
0.465963
0.512536
0.301742
0.292940
0.277205
0.154805
0.035513
0.031443
0.084941
0.112510
0.291089
0.019631
0.153108
0.009074
0.142465
0.435434
0.323738
0.066810
0.019840
0.016839
0.039105
0.149503
0.221390
0.001385
0.008190
0.163700
0.062093
0.096555
0.101640
0.281743
0.102320
0.054530
0.108800
0.289653
0.013978
0.161965
0.216522
0.181175
0.014310
0.076223
0.052063
0.159630
0.349285
0.011913
0.121658
0.618524
0.367624
0.048008
0.075672
0.107325
0.726034
1.314714
0.871409
0.040478
0.250960
0.162963
0.228747
0.325303
0.027903
0.175670
0.190458
0.314253
0.181241
0.111353
0.132073
0.414354
0.275122
0.228318
0.128564
0.000321
0.043839
0.086727
0.255138
0.020396
0.166657
0.027750
0.019601
0.104016
0.214033
0.353630
0.059304
0.183045
0.065467
0.331068
0.157624
0.004295
0.046286
0.139017
0.204110
0.197346
0.068092
0.044207
0.023666
0.068579
0.124551
0.054514
0.040984
0.057416
0.238011
0.052276
0.445527
0.302896
0.025821
0.280499
0.427728
0.066535
0.381088
0.038511
0.113032
0.109493
0.042976
0.066253
0.018630
0.107943
0.048991
0.056558
0.158686
0.036838
0.086587
0.085120
0.030584
0.123432
0.180717
0.039220
0.023292
0.026217
0.028356
0.138609
0.211061
0.017390
0.040005
0.281115
0.261587
0.210669
0.408808
0.113414
0.020434
0.100984
0.095550
0.223810
0.246515
0.057039
0.154849
0.109863
0.170331
0.097377
0.317806
0.365641
0.619064
0.787982
0.212402
0.161997
0.276927
0.359367
0.001033
0.254896
0.162851
0.512125
0.395103
0.328529
0.222063
0.269702
0.256650
0.065743
0.158181
0.226646
0.046199
0.105927
0.040617
0.287497
0.305985
0.060651
0.101193
0.375554
0.117766
0.014817
0.183965
0.086948
0.174561
0.051900
0.166113
0.162310
0.063885
0.035575
0.051685
0.057362
0.183153
0.253290
0.022483
0.150710
0.017245
0.290770
0.159217
0.053835
0.249613
0.334407
0.050579
0.015816
0.001493
0.353999
0.772676
0.380892
0.025343
0.239195
0.685004
0.952727
0.752222
0.412236
0.211860
0.011229
0.016992
0.092285
0.174827
0.100136
0.228169
0.222812
0.198356
0.236344
0.154884
0.291333
0.308702
0.081649
0.120552
0.027986
0.282052
0.035713
0.224333
0.210227
0.114838
0.178473
0.212985
0.271144
0.310535
0.220158
0.112117
0.301595
0.022910
0.238811
0.101584
0.010870
0.058133
0.152351
0.066381
0.010026
0.413425
0.124598
0.406000
0.116671
0.172811
0.112515
0.010307
0.031520
0.075392
0.040204
0.163793
0.041116
0.115673
0.117539
0.058309
0.046726
0.003234
0.055736
0.075415
0.098088
0.077804
0.071002
0.116444
0.035167
0.016930
0.053218
0.170596
0.084044
0.225964
0.084953
0.105435
0.088450
0.259427
0.007119
0.256962
0.183415
0.066096
0.359762
0.126520
0.216237
0.097692
0.262182
0.355819
0.083621
0.347748
0.161900
0.146815
0.201348
0.097694
0.317704
0.105313
0.329698
0.062445
0.183388
0.039784
0.228929
0.344051
0.166936
0.287156
0.349434
0.114554
0.106496
0.312086
0.433808
0.150013
0.231140
0.050669
0.039640
0.270888
0.309977
0.336143
0.324672
0.027018
0.050489
0.108959
0.253015
0.133303
0.043825
0.185940
0.146848
0.167409
0.088726
0.044519
0.033801
0.219660
0.039892
0.242084
0.084004
0.435513
0.229946
0.365802
0.164444
0.015318
0.187920
0.036770
0.001562
0.190641
0.308434
0.364636
0.088105
0.395027
0.058286
0.272554
0.183261
0.169439
0.189803
0.342752
0.359547
0.405872
0.575065
0.302937
0.293466
0.640103
0.824261
0.844803
0.736608
0.417372
0.024716
0.039219
0.030215
0.045438
0.022929
0.034462
0.006847
0.333442
0.323851
0.022021
0.189837
0.283784
0.098634
0.157348
0.239603
0.469188
0.069853
0.336005
0.024732
0.356902
0.140078
0.308040
0.227705
0.033165
0.129558
0.224454
0.089626
0.058902
0.029550
0.199093
0.168854
0.026493
0.012134
0.095330
0.264517
0.155376
0.077488
0.032873
0.161162
0.052703
0.123114
0.022108
0.039658
0.031717
0.169473
0.159006
0.388720
0.029045
0.279422
0.005132
0.012466
0.122469
0.121861
0.224653
0.110996
0.148158
0.278304
0.128942
0.042347
0.149693
0.083459
0.136455
0.165953
0.089678
0.140723
0.082315
0.176067
0.047212
0.111392
0.064804
0.000216
0.025480
0.149181
0.269063
0.098014
0.304859
0.039551
0.033268
0.169347
0.001200
0.032900
0.071763
0.097349
0.144330
0.003083
0.128100
0.044005
0.179369
0.068002
0.125396
0.295302
0.362489
0.224236
0.133069
0.218185
0.556136
0.590689
0.164775
0.066597
0.108626
0.057006
0.313153
0.428263
0.303773
0.126941
0.002985
0.156455
0.587337
0.706368
0.099455
0.350819
0.047256
0.380669
0.071785
0.336972
0.203862
0.117271
0.002472
0.097464
0.103867
0.194393
0.118545
0.144405
0.149556
0.017418
0.044219
0.140033
0.067358
0.016593
0.172508
0.279811
0.332619
0.143399
0.222106
0.031851
0.309082
0.130707
0.133407
0.031688
0.075967
0.098611
0.275118
0.362455
0.093694
0.074599
0.336369
0.645345
0.314262
0.018373
0.072169
0.288424
0.993930
1.210110
0.885414
0.239278
0.076353
0.126814
0.416263
0.012603
0.504662
0.124061
0.331534
0.244959
0.072550
0.194052
0.332446
0.315083
0.097724
0.184446
0.004132
0.355113
0.175175
0.170449
0.120747
0.124370
0.070112
0.086797
0.019341
0.038920
0.174523
0.111241
0.120316
0.188597
0.118249
0.116165
0.033749
0.189739
0.082030
0.121183
0.087607
0.195796
0.004890
0.178296
0.049442
0.021462
0.133142
0.047025
0.127081
0.104064
0.084196
0.160795
0.150894
0.120532
0.040382
0.079146
0.031417
0.104921
0.051129
0.044409
0.089633
0.008279
0.067503
0.101624
0.048944
0.088504
0.258128
0.052810
0.248707
0.036123
0.209340
0.041061
0.231796
0.131111
0.017839
0.136655
0.083408
0.237046
0.130913
0.102977
0.136902
0.092146
0.220528
0.221429
0.002678
0.090768
0.136341
0.195285
0.115999
0.090477
0.148267
0.182705
0.343831
0.108104
0.168974
0.024069
0.014279
0.549368
0.795043
0.382869
0.142739
0.073750
0.177285
0.183901
0.036403
0.113757
0.005804
0.406764
0.428864
0.157386
0.164215
0.085817
0.496852
0.173649
0.081580
0.263086
0.054742
0.156518
0.059060
0.153064
0.069380
0.062587
0.139214
0.215191
0.241589
0.334233
0.073191
0.166265
0.000849
0.073229
0.009739
0.185535
0.265103
0.101434
0.010701
0.110148
0.241942
0.019103
0.059427
0.199065
0.104550
0.155005
0.133132
0.159945
0.034033
0.310285
0.018182
0.222012
0.334950
0.512967
0.072542
0.033050
0.337484
0.398221
0.273130
0.262737
0.545602
0.624365
0.908842
0.857617
0.325607
0.382950
0.292214
0.082863
0.128521
0.122402
0.028489
0.048218
0.022222
0.239833
0.304933
0.030366
0.187146
0.374147
0.076502
0.188839
0.297858
0.271383
0.085759
0.045864
0.112293
0.123647
0.202685
0.277984
0.087621
0.097787
0.143568
0.143830
0.127949
0.008233
0.012716
0.076513
0.185996
0.333026
0.138485
0.145187
0.262784
0.019035
0.066792
0.128803
0.085058
0.242135
0.122200
0.108737
0.190938
0.053493
0.071619
0.118058
0.140951
0.004368
0.165537
0.206268
0.023812
0.068842
0.086122
0.204367
0.232020
0.015463
0.274787
0.162312
0.051027
0.224946
0.288949
0.037604
0.384757
0.215543
0.037182
0.075518
0.101195
0.121274
0.020733
0.120475
0.083751
0.246576
0.041333
0.345292
0.198770
0.129098
0.144997
0.058249
0.031039
0.083048
0.003547
0.043458
0.128737
0.149210
0.218643
0.239370
0.020835
0.291300
0.405711
0.275362
0.166260
0.275168
0.617390
0.557619
0.033206
0.011738
0.011928
0.182186
0.080056
0.165998
0.147841
0.092226
0.242753
0.214871
0.382045
0.430345
0.299915
0.180920
0.013199
0.002800
0.035761
0.099547
0.122388
0.260746
0.337591
0.062243
0.175947
0.356286
0.056242
0.242318
0.224701
0.190491
0.319024
0.044374
0.113888
0.051290
0.011050
0.077405
0.181108
0.224507
0.174867
0.026380
0.104488
0.147253
0.193860
0.096997
0.173520
0.121195
0.432119
0.206981
0.034912
0.045293
0.093692
0.360863
0.453444
0.389521
0.435321
0.057504
0.836687
1.014169
0.931123
0.533150
0.137050
0.202441
0.164009
0.265138
0.092145
0.106959
0.185364
0.111255
0.169410
0.038611
0.169929
0.218300
0.177775
0.292992
0.029382
0.082246
0.425801
0.298660
0.305815
0.130609
0.137508
0.083982
0.055977
0.016330
0.215907
0.218446
0.012275
0.117767
0.148119
0.223282
0.133069
0.189023
0.083305
0.156178
0.036347
0.119085
0.015000
0.081258
0.040448
0.156960
0.002750
0.024781
0.158700
0.105271
0.152335
0.103034
0.017171
0.155647
0.029184
0.229953
0.111138
0.220992
0.229021
0.145449
0.222429
0.110544
0.083047
0.002107
0.022496
0.156305
0.091095
0.066171
0.241912
0.217064
0.046662
0.246033
0.247141
0.218521
0.273711
0.185351
0.138787
0.082359
0.019176
0.117977
0.141219
0.272615
0.096942
0.172598
0.196263
0.129939
0.005213
0.252450
0.445229
0.078908
0.436597
0.321309
0.047039
0.051547
0.125122
0.265440
0.431593
0.263317
0.416960
0.658236
0.255521
0.131411
0.346080
0.089935
0.295269
0.340648
0.261838
0.251034
0.300446
0.271919
0.266112
0.256647
0.146125
0.247943
0.297342
0.083164
0.051638
0.125335
0.240708
0.133696
0.089122
0.212252
0.291727
0.172094
0.012366
0.017239
0.194669
0.207261
0.057502
0.114807
0.043226
0.017604
0.402072
0.329510
0.088278
0.065238
0.195220
0.238795
0.341085
0.191437
0.079660
0.053975
0.088672
0.051260
0.049562
0.070958
0.026504
0.085047
0.146526
0.221146
0.313536
0.366112
0.368263
0.413314
0.169734
0.463559
0.878048
0.958519
0.732969
0.384477
0.081735
0.106557
0.059415
0.158237
0.205925
0.019870
0.165731
0.055396
0.124594
0.317034
0.299659
0.392082
0.225520
0.015396
0.143282
0.102225
0.134681
0.157120
0.024520
0.039140
0.115026
0.118540
0.128883
0.062452
0.096477
0.017778
0.237821
0.242489
0.165807
0.242751
0.080963
0.018514
0.045743
0.097314
0.141710
0.075207
0.048520
0.016722
0.139265
0.095349
0.020916
0.005460
0.154120
0.088764
0.347946
0.303156
0.038431
0.205662
0.249776
0.029277
0.132876
0.059419
0.129049
0.120648
0.050821
0.028158
0.024562
0.104683
0.262660
0.071364
0.236926
0.053822
0.034633
0.051444
0.026354
0.195081
0.084515
0.329574
0.006777
0.242543
0.104099
0.131678
0.047651
0.170865
0.112954
0.258954
0.174670
0.090948
0.057254
0.104108
0.148518
0.004961
0.095996
0.129309
0.147885
0.220671
0.119121
0.304711
0.141852
0.020233
0.462006
0.779561
0.519091
0.114183
0.065264
0.135191
0.145401
0.007259
0.401742
0.303385
0.121453
0.288562
0.417486
0.432741
0.231752
0.170803
0.201702
0.069017
0.121811
0.273501
0.085584
0.198983
0.368284
0.297738
0.105953
0.022326
0.033058
0.043869
0.250913
0.158465
0.030114
0.015183
0.051808
0.032704
0.082663
0.074320
0.196880
0.005915
0.335358
0.347665
0.250100
0.224150
0.215195
0.091757
0.047438
0.101420
0.058210
0.014945
0.150032
0.101895
0.087878
0.175973
0.345880
0.200811
0.033501
0.074250
0.256864
0.502550
0.349592
0.160277
0.618271
0.907397
1.054996
0.642029
0.121282
0.269479
0.068090
0.180614
0.068806
0.259459
0.126081
0.006273
0.143090
0.515603
0.277166
0.070040
0.255177
0.127741
0.206315
0.071253
0.011242
0.053792
0.000800
0.111196
0.041608
0.122781
0.036689
0.156336
0.150625
0.287546
0.448600
0.134101
0.128842
0.116768
0.138780
0.187839
0.121731
0.050423
0.165776
0.172303
0.181886
0.031957
0.233141
0.065159
0.093012
0.134450
0.088547
0.037165
0.021712
0.053973
0.024807
0.031106
0.139511
0.038572
0.137501
0.231811
0.021866
0.153697
0.090968
0.111096
0.152483
0.151914
0.019463
0.020492
0.090866
0.126949
0.036259
0.144495
0.000805
0.137197
0.042316
0.019535
0.020070
0.197557
0.224470
0.125657
0.174002
0.051060
0.129078
0.083053
0.036391
0.108578
0.007068
0.013992
0.030842
0.360542
0.275127
0.194035
0.309000
0.205557
0.063898
0.159371
0.119831
0.038209
0.125680
0.295268
0.443300
0.483784
0.504671
0.317623
0.357920
0.228387
0.179654
0.042163
0.185928
0.467956
0.389887
0.243218
0.164318
0.285546
0.286193
0.126417
0.193598
0.216256
0.072067
0.182709
0.016007
0.150364
0.022417
0.062355
0.094241
0.141683
0.155147
0.207968
0.232964
0.071415
0.083325
0.200115
0.191226
0.061021
0.060875
0.039035
0.242385
0.269185
0.205410
0.162882
0.199170
0.156220
0.193932
0.155542
0.141388
0.243865
0.048797
0.181795
0.012040
0.161060
0.061093
0.339373
0.632922
0.245757
0.101390
0.270478
0.438929
0.182573
0.819661
1.067580
1.028417
0.458160
0.095218
0.140067
0.066194
0.305027
0.066321
0.166254
0.202016
0.257947
0.122934
0.095224
0.322333
0.446122
0.185781
0.021594
0.109532
0.049137
0.220679
0.069305
0.088144
0.116608
0.017431
0.185102
0.036113
0.057169
0.129782
0.226956
0.267929
0.220344
0.184136
0.270923
0.068188
0.135532
0.094780
0.023609
0.018713
0.112032
0.087470
0.197222
0.288065
0.063470
0.188836
0.280585
0.032227
0.260300
0.171016
0.087204
0.094652
0.076831
0.231540
0.235539
0.257213
0.305642
0.026123
0.130615
0.153963
0.193551
0.111775
0.033764
0.099743
0.077365
0.062002
0.115946
0.400082
0.057571
0.318625
0.108416
0.108883
0.124817
0.054678
0.045981
0.003564
0.231488
0.148866
0.118859
0.277660
0.219035
0.087726
0.010016
0.212129
0.383713
0.305251
0.105748
0.239118
0.043417
0.122147
0.048410
0.120526
0.021428
0.107478
0.097839
0.244133
0.168132
0.244881
0.265608
0.298978
0.418940
0.281912
0.188784
0.178959
0.173335
0.233926
0.153843
0.419924
0.243857
0.263296
0.213576
0.163965
0.231445
0.046477
0.048218
0.064237
0.093698
0.228366
0.147512
0.118573
0.050132
0.231907
0.222611
0.047958
0.259340
0.246352
0.028431
0.255825
0.512083
0.057372
0.234161
0.132548
0.143868
0.040613
0.015615
0.027296
0.038848
0.295905
0.284492
0.099855
0.112229
0.158198
0.323795
0.100826
0.239478
0.169613
0.544534
0.385894
0.418025
0.502675
0.448795
0.069985
0.460604
0.836919
0.912105
0.810758
0.533633
0.136682
0.076016
0.135989
0.045821
0.172877
0.022651
0.029070
0.192962
0.310536
0.327691
0.278144
0.231654
0.232038
0.091503
0.145494
0.105800
0.046674
0.105578
0.031352
0.026726
0.218089
0.095943
0.252189
0.040570
0.149259
0.030188
0.198326
0.189349
0.182483
0.131714
0.191048
0.047641
0.129829
0.135228
0.110766
0.046777
0.015146
0.006570
0.244794
0.220831
0.101788
0.190672
0.114911
0.081684
0.028999
0.084384
0.111714
0.130808
0.089988
0.100179
0.043628
0.165155
0.235238
0.005134
0.177329
0.280133
0.141770
0.051350
0.080728
0.058748
0.176193
0.087329
0.095315
0.035799
0.021534
0.074017
0.045465
0.183806
0.029290
0.032377
0.098924
0.226348
0.060667
0.128396
0.028878
0.215755
0.350664
0.010275
0.205383
0.071786
0.028141
0.069440
0.099775
0.006116
0.082915
0.189311
0.160455
0.082214
0.090532
0.002320
0.197927
0.455172
0.319300
0.307112
0.434607
0.256951
0.287466
0.369688
0.031455
0.304758
0.019588
0.077707
0.047379
0.160977
0.496836
0.357386
0.359122
0.427272
0.106216
0.064374
0.338830
0.277380
0.286089
0.423869
0.119192
0.007814
0.008368
0.083535
0.125518
0.005802
0.094734
0.197379
0.083542
0.038513
0.065929
0.076193
0.004596
0.162851
0.129701
0.151007
0.071994
0.319370
0.458312
0.226793
0.008432
0.086317
0.019540
0.277918
0.092013
0.250588
0.007507
0.114548
0.287626
0.285288
0.231954
0.283797
0.241440
0.416759
0.424390
0.148081
0.730855
0.986321
0.948224
0.601357
0.010161
0.257342
0.107432
0.417293
0.213331
0.277142
0.311836
0.077547
0.081822
0.420835
0.286827
0.213010
0.298753
0.135285
0.049191
0.073411
0.230181
0.029116
0.214088
0.064058
0.060413
0.152410
0.107068
0.007220
0.236764
0.167155
0.156279
0.004013
0.033960
0.182605
0.043079
0.059416
0.176501
0.080274
0.393598
0.068551
0.090799
0.116553
0.048719
0.021055
0.009191
0.025157
0.030199
0.025145
0.091534
0.033008
0.179927
0.180949
0.059173
0.165014
0.202458
0.107707
0.153585
0.145419
0.223484
0.308108
0.402185
0.372090
0.114360
0.052616
0.098052
0.121193
0.023490
0.112334
0.055864
0.059751
0.024751
0.070786
0.206218
0.229184
0.101503
0.069907
0.056633
0.171366
0.125921
0.102943
0.017778
0.062892
0.027374
0.022612
0.039683
0.013794
0.092696
0.147867
0.013330
0.075307
0.166555
0.112049
0.257781
0.239836
0.192218
0.153819
0.197501
0.491238
0.486396
0.331014
0.278476
0.254707
0.259583
0.156287
0.458523
0.209044
0.051307
0.029347
0.496217
0.531546
0.105279
0.335507
0.427282
0.099162
0.108560
0.047578
0.201984
0.055584
0.370976
0.038490
0.263316
0.063623
0.232451
0.259445
0.430417
0.377582
0.026264
0.235026
0.166216
0.012477
0.116672
0.016842
0.148247
0.199157
0.279263
0.249100
0.013300
0.151307
0.225172
0.018460
0.157315
0.066778
0.011705
0.205985
0.115045
0.055905
0.099841
0.206103
0.384907
0.129259
0.198202
0.505666
0.445721
0.044971
0.509838
0.884304
0.801181
0.579309
0.426085
0.008548
0.068255
0.291050
0.112121
0.188386
0.265222
0.221993
0.049312
0.040408
0.073966
0.155293
0.051323
0.164771
0.436860
0.184216
0.103090
0.366503
0.147913
0.424651
0.042657
0.198023
0.154831
0.111506
0.452122
0.387192
0.174680
0.027463
0.033856
0.004563
0.131007
0.094416
0.013329
0.150346
0.109344
0.147309
0.104237
0.012770
0.010448
0.060456
0.077429
0.209439
0.043994
0.076135
0.040445
0.115081
0.085325
0.204607
0.060204
0.397574
0.099856
0.450191
0.177336
0.148718
0.128468
0.024235
0.355504
0.047001
0.004445
0.011099
0.264519
0.059628
0.156375
0.093439
0.471638
0.395252
0.073837
0.105348
0.003578
0.293736
0.424415
0.085124
0.269445
0.342093
0.023897
0.224786
0.228724
0.077865
0.326427
0.204681
0.150371
0.024849
0.045740
0.062858
0.085306
0.072483
0.010807
0.099016
0.174745
0.079866
0.254627
0.413950
0.360117
0.191207
0.472816
0.466365
0.265098
0.247706
0.153385
0.045852
0.462772
0.474629
0.079789
0.019236
0.258096
0.177282
0.135244
0.508427
0.448461
0.171774
0.075481
0.129674
0.095973
0.041409
0.090601
0.001155
0.085640
0.076898
0.330721
0.069295
0.092196
0.195420
0.374033
0.136700
0.045479
0.012663
0.178831
0.088980
0.181086
0.207952
0.233725
0.244718
0.015563
0.092153
0.206622
0.246102
0.380843
0.322945
0.026660
0.092002
0.181785
0.123891
0.306151
0.043650
0.085251
0.301302
0.338181
0.275464
0.185132
0.275548
0.089995
0.982890
1.084324
0.694559
0.400593
0.099259
0.450395
0.042169
0.416981
0.209657
0.168685
0.164962
0.077166
0.072502
0.400264
0.311212
0.031502
0.055410
0.129436
0.450011
0.164204
0.269435
0.115649
0.156910
0.055634
0.103642
0.049660
0.053820
0.142463
0.106080
0.166369
0.250844
0.203881
0.033335
0.012854
0.090075
0.218189
0.294718
0.419583
0.051922
0.188912
0.279067
0.025542
0.022729
0.314765
0.110841
0.097882
0.015595
0.080867
0.066558
0.211415
0.111033
0.116704
0.113159
0.102916
0.097599
0.001228
0.028270
0.037569
0.095675
0.129636
0.030640
0.227195
0.198625
0.063008
0.371059
0.058069
0.292090
0.056711
0.240031
0.227733
0.074775
0.335435
0.196044
0.109464
0.081705
0.013968
0.144846
0.168246
0.266512
0.357584
0.160638
0.064883
0.189196
0.086296
0.007705
0.052440
0.171117
0.097971
0.262469
0.212488
0.065515
0.181943
0.092297
0.164687
0.210435
0.641407
0.532304
0.495669
0.482528
0.141944
0.009366
0.026453
0.154100
0.065493
0.131322
0.284321
0.269118
0.409132
0.488670
0.346602
0.200980
0.003078
0.297050
0.073854
0.323137
0.148380
0.199689
0.218481
0.047213
0.278552
0.008319
0.395053
0.345573
0.195525
0.034741
0.153607
0.239226
0.050281
0.238242
0.057981
0.077651
0.178088
0.112785
0.123203
0.212300
0.162187
0.023595
0.098440
0.277542
0.046652
0.067850
0.209382
0.118265
0.071392
0.116952
0.217830
0.190907
0.382580
0.324960
0.400601
0.273113
0.380122
0.487220
0.165705
0.879955
1.105445
0.851169
0.421015
0.033226
0.085994
0.158882
0.187392
0.130894
0.370019
0.195088
0.087617
0.025338
0.202237
0.268453
0.019285
0.158124
0.293049
0.434642
0.104650
0.110294
0.131253
0.091259
0.129440
0.047408
0.059477
0.052673
0.055594
0.100509
0.021755
0.167890
0.263277
0.012942
0.096474
0.007457
0.105075
0.189630
0.291988
0.180132
0.262708
0.267719
0.130133
0.231239
0.037337
0.147869
0.006799
0.042256
0.186527
0.043865
0.239122
0.009481
0.145459
0.168699
0.014425
0.082804
0.128179
0.108658
0.102410
0.021082
0.329656
0.138421
0.223420
0.278253
0.087049
0.121209
0.097025
0.202464
0.256513
0.312231
0.307638
0.124792
0.150641
0.117775
0.283120
0.190935
0.045658
0.031220
0.062683
0.012567
0.336969
0.331843
0.007985
0.085983
0.135873
0.070447
0.055377
0.024905
0.074210
0.190189
0.082700
0.144806
0.125079
0.194429
0.122034
0.171564
0.262802
0.706166
0.651663
0.584364
0.336802
0.157771
0.086018
0.200011
0.012980
0.168571
0.295159
0.360324
0.509016
0.445917
0.235278
0.195160
0.274286
0.103619
0.063128
0.082212
0.094808
0.121353
0.360989
0.346263
0.178539
0.051929
0.204771
0.098728
0.217361
0.197582
0.016077
0.169850
0.030220
0.015380
0.252865
0.341260
0.515312
0.151152
0.017505
0.215097
0.078387
0.245252
0.021348
0.210488
0.213555
0.021382
0.088575
0.173205
0.229523
0.152498
0.268233
0.257285
0.264840
0.050893
0.123297
0.350467
0.478210
0.331599
0.373567
0.198433
0.500157
0.985117
1.085710
1.012937
0.336167
0.462721
0.279760
0.204535
0.107638
0.108864
0.036025
0.001032
0.322751
0.413107
0.191290
0.024161
0.122724
0.151315
0.104045
0.060669
0.023989
0.052889
0.125495
0.017187
0.060196
0.132469
0.050778
0.299207
0.261092
0.057908
0.155465
0.157400
0.116255
0.111204
0.140461
0.253367
0.116000
0.213785
0.071833
0.240968
0.186200
0.284554
0.152973
0.191714
0.072138
0.014179
0.070539
