0.085754
0.065487
0.142845
0.098862
0.266099
0.365092
0.174010
0.101972
0.076286
0.004121
0.094584
0.351864
0.226654
0.052341
0.060579
0.000169
0.101537
0.033943
0.138288
0.190785
0.358490
0.132532
0.159307
0.190585
0.053522
0.094417
0.017918
0.055643
0.166517
0.035655
0.110810
0.104635
0.149680
0.036965
0.098968
0.221115
0.097738
0.259490
0.583886
0.461748
0.290638
0.027781
0.477845
0.766995
0.745444
0.613818
0.426787
0.038215
0.310568
0.004962
0.538279
0.310498
0.315772
0.261262
0.063302
0.228299
0.236785
0.144277
0.191033
0.139553
0.063620
0.259041
0.342080
0.025168
0.221928
0.116102
0.137777
0.219225
0.051572
0.137125
0.231215
0.272868
0.039435
0.183270
0.091715
0.202283
0.091065
0.066981
0.162064
0.112833
0.334072
0.175638
0.082689
0.342231
0.175082
0.038649
0.195107
0.335602
0.101014
0.483129
0.276152
0.054329
0.264333
0.284607
0.148438
0.109680
0.118087
0.153734
0.069370
0.222087
0.255055
0.085680
0.008115
0.234931
0.048317
0.055833
0.196877
0.200880
0.465194
0.028825
0.170305
0.190222
0.230801
0.115530
0.146042
0.019698
0.086216
0.167758
0.149629
0.166339
0.346528
0.015219
0.158504
0.167171
0.081575
0.110392
0.034541
0.011804
0.066397
0.038704
0.024635
0.260516
0.271797
0.059527
0.181882
0.162710
0.105899
0.251335
0.201629
0.038784
0.004652
0.097652
0.457671
0.776320
0.478359
0.000149
0.023691
0.114044
0.036800
0.076570
0.222355
0.415355
0.275649
0.152035
0.186472
0.199349
0.212752
0.356971
0.270199
0.255443
0.212337
0.246699
0.142342
0.059246
0.088297
0.039055
0.040658
0.253600
0.087253
0.077343
0.082567
0.241298
0.104778
0.384374
0.143430
0.285576
0.000185
0.182000
0.138797
0.220122
0.241368
0.120007
0.166159
0.000842
0.203415
0.136427
0.008716
0.018390
0.169262
0.322583
0.351338
0.174229
0.387306
0.714758
0.384817
0.160853
0.688782
1.160422
1.057862
0.617504
0.148253
0.133552
0.176233
0.188567
0.010546
0.186424
0.020438
0.217024
0.005766
0.062472
0.399326
0.483105
0.072468
0.072218
0.179101
0.029419
0.109540
0.041050
0.062729
0.096951
0.042654
0.010074
0.095097
0.254230
0.124794
0.007247
0.077434
0.053295
0.194206
0.132764
0.194939
0.079115
0.053655
0.060988
0.164596
0.192956
0.014631
0.157628
0.019942
0.251170
0.138096
0.083696
0.041197
0.207548
0.104754
0.252974
0.062789
0.021105
0.132743
0.012176
0.194294
0.123391
0.043155
0.117171
0.055840
0.050245
0.039533
0.098059
0.154025
0.139650
0.039865
0.254078
0.012588
0.075726
0.011679
0.046197
0.020136
0.013200
0.154271
0.265606
0.032198
0.048888
0.096801
0.154325
0.002523
0.012730
0.142245
0.035974
0.037036
0.277229
0.080812
0.124460
0.209519
0.174802
0.206122
0.010275
0.391925
0.015306
0.319603
0.063075
0.218261
0.284255
0.232757
0.239915
0.119652
0.118206
0.447386
0.544348
0.282771
0.257779
0.174209
0.089538
0.193948
0.230864
0.205028
0.190973
0.162733
0.347746
0.443913
0.166372
0.043021
0.116013
0.408681
0.249139
0.021168
0.059492
0.046594
0.015648
0.021714
0.115626
0.406303
0.419358
0.019381
0.152993
0.062048
0.319777
0.091411
0.314004
0.072467
0.141481
0.064365
0.258105
0.306745
0.015455
0.120577
0.101865
0.229750
0.346535
0.213165
0.102535
0.132245
0.101284
0.201533
0.304039
0.345657
0.151183
0.043071
0.227072
0.707259
0.462198
0.265615
0.923472
1.164304
0.970537
0.614617
0.040098
0.268985
0.015144
0.113342
0.349251
0.194327
0.038075
0.062214
0.152296
0.210858
0.173030
0.319857
0.169186
0.056810
0.057908
0.195608
0.273390
0.228554
0.022725
0.332918
0.163134
0.217588
0.090415
0.131473
0.064806
0.163384
0.246970
0.138578
0.060801
0.067044
0.154495
0.011468
0.097614
0.062379
0.016339
0.016103
0.048386
0.257604
0.264260
0.087138
0.141040
0.036943
0.121426
0.156610
0.217916
0.539435
0.109397
0.290164
0.326734
0.195672
0.028921
0.107125
0.027421
0.103883
0.182651
0.305668
0.072676
0.045486
0.087292
0.173868
0.170698
0.006440
0.174830
0.124300
0.017793
0.114580
0.036512
0.149631
0.058796
0.142271
0.038008
0.028514
0.000727
0.010606
0.007566
0.015102
0.126468
0.009258
0.205346
0.210811
0.172847
0.189242
0.304368
0.136706
0.183926
0.148733
0.395700
0.196830
0.259872
0.273923
0.206329
0.132221
0.114600
0.441975
0.610667
0.315461
0.041071
0.069285
0.219117
0.247540
0.122863
0.150179
0.202360
0.055999
0.366323
0.416620
0.240315
0.391702
0.229928
0.088373
0.265402
0.093937
0.197855
0.076944
0.025052
0.046127
0.111330
0.134412
0.137625
0.232391
0.047565
0.126525
0.049182
0.129619
0.079847
0.017441
0.027222
0.141449
0.022612
0.454049
0.295034
0.052155
0.190207
0.151505
0.087437
0.044095
0.159322
0.039678
0.296187
0.222189
0.000072
0.067634
0.179207
0.016751
0.117462
0.480742
0.234976
0.062949
0.163761
0.198710
0.005927
0.473957
0.900093
0.924932
0.478442
0.173293
0.079497
0.078775
0.169232
0.029481
0.214939
0.199027
0.175333
0.265606
0.128429
0.015352
0.124397
0.254995
0.258570
0.213167
0.070316
0.182863
0.090994
0.176956
0.054606
0.103323
0.254021
0.313228
0.096108
0.088806
0.310296
0.022203
0.256758
0.225219
0.297934
0.205046
0.012035
0.171283
0.020570
0.059967
0.131035
0.048996
0.254738
0.051450
0.221432
0.150124
0.006886
0.034505
0.168430
0.183969
0.131594
0.093282
0.135827
0.349291
0.107184
0.359062
0.190199
0.314214
0.104056
0.023867
0.235256
0.034478
0.161505
0.109035
0.015447
0.071389
0.009863
0.072295
0.014035
0.244599
0.168352
0.105854
0.283194
0.165586
0.053666
0.013631
0.027981
0.118948
0.118441
0.194681
0.276869
0.213580
0.168878
0.009635
0.297738
0.215401
0.110570
0.121206
0.168089
0.065222
0.113686
0.211366
0.171275
0.181982
0.098971
0.291883
0.118018
0.200109
0.365516
0.517078
0.605550
0.362269
0.113150
0.068677
0.159248
0.006011
0.077798
0.027589
0.431239
0.574469
0.261219
0.245816
0.216479
0.042301
0.132492
0.122076
0.058940
0.106204
0.015179
0.123655
0.030378
0.126749
0.197221
0.463361
0.114998
0.064133
0.092157
0.087248
0.146597
0.060388
0.133017
0.025928
0.005321
0.219193
0.260620
0.081862
0.081197
0.000310
0.222015
0.307253
0.004660
0.155313
0.155737
0.417570
0.241138
0.003956
0.005547
0.137364
0.022996
0.416789
0.294087
0.215231
0.336697
0.278529
0.075645
0.176246
0.701773
1.171545
0.722630
0.053308
0.065756
0.002786
0.199985
0.002506
0.310230
0.200772
0.107037
0.183400
0.249485
0.159052
0.134702
0.157240
0.009903
0.151277
0.246574
0.097701
0.175539
0.133736
0.049913
0.115775
0.030677
0.185951
0.132597
0.078322
0.234848
0.454418
0.083686
0.214863
0.076688
0.048519
0.069499
0.098319
0.060249
0.143458
0.011776
0.079732
0.161705
0.162042
0.030071
0.123501
0.218255
0.055741
0.416609
0.151502
0.209283
0.065516
0.103524
0.048190
0.057713
0.133171
0.076717
0.035572
0.088503
0.161705
0.012801
0.110246
0.087190
0.003173
0.035015
0.045046
0.009803
0.096707
0.050610
0.112318
0.111645
0.056687
0.115825
0.144144
0.317924
0.025054
0.502537
0.112874
0.347778
0.054886
0.153408
0.086515
0.113525
0.093825
0.056414
0.032165
0.095361
0.057002
0.017468
0.013645
0.155721
0.238858
0.041824
0.217591
0.127972
0.051304
0.226256
0.444592
0.254151
0.449969
0.552664
0.338315
0.327753
0.190218
0.118971
0.253949
0.123077
0.197943
0.337912
0.290901
0.375971
0.298723
0.158943
0.197912
0.266394
0.180783
0.088521
0.065469
0.032221
0.180965
0.067222
0.005606
0.125038
0.139163
0.065693
0.085410
0.088677
0.053057
0.137573
0.055229
0.195138
0.246007
0.171809
0.014349
0.196079
0.013680
0.352240
0.369688
0.166252
0.111551
0.051771
0.078162
0.075259
0.036995
0.049054
0.130853
0.033945
0.228847
0.435109
0.298738
0.041557
0.123880
0.374964
0.549206
0.406422
0.193708
0.840987
0.957343
0.822981
0.553045
0.040399
0.016185
0.166372
0.034010
0.232734
0.193087
0.038459
0.070702
0.235720
0.026880
0.103560
0.182892
0.212369
0.181586
0.098051
0.034220
0.226623
0.067225
0.234227
0.158622
0.061962
0.153688
0.005369
0.174340
0.031895
0.060893
0.142167
0.304768
0.290005
0.098400
0.161091
0.029182
0.106707
0.156773
0.161626
0.402838
0.192194
0.101873
0.108294
0.094891
0.130769
0.036671
0.009227
0.013692
0.106847
0.028955
0.138700
0.056942
0.096314
0.031004
0.063596
0.041373
0.132326
0.194342
0.155435
0.120590
0.098467
0.126055
0.312863
0.047745
0.138630
0.184711
0.210771
0.039405
0.103594
0.032387
0.000614
0.107943
0.000323
0.308893
0.268068
0.145460
0.276179
0.169360
0.165797
0.218358
0.058226
0.126228
0.159188
0.097029
0.133663
0.059578
0.193608
0.109505
0.001296
0.059208
0.219251
0.091946
0.081489
0.039984
0.182390
0.413109
0.499711
0.317141
0.399366
0.560330
0.399715
0.018667
0.313327
0.394369
0.179922
0.046631
0.377578
0.643557
0.275841
0.104185
0.151528
0.206862
0.183093
0.287909
0.247453
0.095668
0.274040
0.174663
0.024041
0.007748
0.009485
0.030742
0.227761
0.267384
0.065181
0.055678
0.010220
0.145229
0.190690
0.319067
0.259828
0.140768
0.086785
0.194775
0.251725
0.198735
0.206808
0.240292
0.145595
0.111052
0.033450
0.111258
0.072395
0.032385
0.139235
0.186357
0.062910
0.159132
0.072449
0.053289
0.423762
0.535195
0.352844
0.219016
0.230362
0.758003
0.773870
0.884649
0.746628
0.048482
0.196516
0.076895
0.106751
0.085148
0.206707
0.079903
0.486916
0.312843
0.153110
0.115661
0.284071
0.313384
0.227116
0.288926
0.093106
0.001604
0.051201
0.118170
0.012173
0.040865
0.365730
0.081129
0.199052
0.079204
0.178995
0.206195
0.046666
0.007854
0.111504
0.223762
0.034263
0.173975
0.072490
0.114954
0.000654
0.041626
0.102239
0.080028
0.138532
0.045515
0.226509
0.066337
0.036426
0.055151
0.202816
0.079920
0.172896
0.061583
0.001102
0.020916
0.138128
0.032843
0.056377
0.061600
0.115109
0.198340
0.069916
0.046260
0.027125
0.064139
0.110564
0.011475
0.152231
0.145840
0.131522
0.140046
0.108674
0.097582
0.061031
0.023184
0.232539
0.288454
0.081629
0.293819
0.302971
0.095229
0.077072
0.273179
0.195891
0.143710
0.407565
0.393154
0.108355
0.052816
0.091522
0.139166
0.111957
0.089541
0.090508
0.035665
0.118261
0.527083
0.543437
0.389235
0.460382
0.255356
0.025080
0.012206
0.039127
0.020899
0.103311
0.490856
0.584683
0.309764
0.065253
0.111995
0.335397
0.292978
0.021921
0.151646
0.029962
0.171971
0.134595
0.093930
0.166492
0.383399
0.119689
0.040172
0.193096
0.071838
0.053366
0.093995
0.017350
0.117155
0.032077
0.058622
0.038113
0.211110
0.298300
0.232610
0.267190
0.015937
0.127113
0.057027
0.140107
0.472252
0.279467
0.221058
0.209437
0.038235
0.229852
0.272435
0.078545
0.095893
0.100336
0.489676
0.455699
0.373999
0.222985
0.138727
0.459817
1.032509
1.057252
0.661131
0.323170
0.307544
0.346375
0.120838
0.146322
0.093941
0.015724
0.233824
0.345895
0.292523
0.028288
0.027285
0.217608
0.148899
0.150889
0.079263
0.013162
0.252409
0.250562
0.134826
0.292401
0.002870
0.143361
0.093441
0.246622
0.206249
0.186085
0.118868
0.048031
0.050820
0.045123
0.125864
0.178997
0.061293
0.224100
0.039702
0.008066
0.054665
0.055054
0.010583
0.216815
0.062645
0.143748
0.211361
0.202544
0.190691
0.207146
0.047280
0.288680
0.202286
0.091874
0.094048
0.389065
0.208782
0.045022
0.121609
0.272991
0.227458
0.180973
0.495532
0.145847
0.288244
0.116614
0.035138
0.113716
0.132766
0.168197
0.076418
0.187207
0.144399
0.334410
0.083344
0.256931
0.020876
0.198287
0.196531
0.104007
0.085862
0.042345
0.155389
0.137438
0.200071
0.096994
0.047117
0.071058
0.127834
0.094882
0.017389
0.179938
0.238349
0.046860
0.052473
0.234250
0.277408
0.440521
0.520907
0.300231
0.075466
0.017140
0.211291
0.382173
0.077255
0.242187
0.352889
0.286043
0.094178
0.008203
0.109896
0.132752
0.412734
0.794389
0.153561
0.391864
0.151527
0.062089
0.013027
0.176868
0.035223
0.150351
0.164988
0.134035
0.338416
0.101460
0.290779
0.179044
0.118232
0.100175
0.158490
0.024593
0.058240
0.131982
0.294701
0.156031
0.013401
0.293429
0.114439
0.061020
0.209404
0.184203
0.212315
0.225300
0.024326
0.019726
0.563084
0.466566
0.254933
0.535321
0.234716
0.247846
0.611153
1.102093
1.071925
0.501197
0.130911
0.039326
0.103177
0.007394
0.121147
0.012080
0.040272
0.015551
0.005984
0.200590
0.213537
0.244548
0.156462
0.086002
0.515885
0.361338
0.195068
0.043215
0.122023
0.335882
0.284636
0.055911
0.149863
0.217169
0.264308
0.146836
0.022733
0.222483
0.189478
0.148919
0.047867
0.001955
0.179782
0.157310
0.431304
0.181876
0.115314
0.161599
0.034204
0.283255
0.115913
0.302070
0.123274
0.071543
0.011039
0.008680
0.105670
0.111825
0.118515
0.077272
0.120157
0.058046
0.149139
0.054949
0.124576
0.082275
0.136122
0.196330
0.214302
0.221556
0.296156
0.207843
0.159793
0.152782
0.182536
0.278419
0.150294
0.204476
0.076531
0.141660
0.386666
0.034165
0.232257
0.195717
0.079083
0.057932
0.065702
0.045879
0.009134
0.152769
0.075991
0.153851
0.064261
0.032311
0.090952
0.226928
0.091774
0.038508
0.051170
0.034235
0.264491
0.251972
0.085407
0.057169
0.464231
0.481666
0.369141
0.449909
0.262484
0.144276
0.015858
0.295714
0.290735
0.208721
0.250493
0.168971
0.164511
0.263970
0.186947
0.014040
0.150404
0.427120
0.270321
0.016463
0.055682
0.092524
0.097561
0.016379
0.166365
0.174575
0.173521
0.398443
0.093040
0.334749
0.220556
0.183909
0.130065
0.202856
0.319373
0.235788
0.543178
0.252063
0.010903
0.086260
0.162427
0.267073
0.220090
0.036975
0.109342
0.017335
0.142092
0.182318
0.313838
0.044116
0.025027
0.500939
0.574786
0.438416
0.257585
0.102970
0.501029
0.912704
1.067199
0.732531
0.322764
0.034391
0.206818
0.215540
0.062355
0.108861
0.051873
0.357903
0.069673
0.273684
0.083831
0.450942
0.237040
0.066288
0.075929
0.187466
0.305906
0.145639
0.208505
0.003776
0.363409
0.073601
0.068275
0.436006
0.020591
0.201966
0.328812
0.358860
0.090134
0.015262
0.249278
0.071311
0.324006
0.119130
0.164312
0.165701
0.251765
0.214431
0.124657
0.194866
0.001326
0.001876
0.059947
0.043885
0.164469
0.071507
0.149453
0.147311
0.067974
0.273253
0.154369
0.097792
0.098184
0.111863
0.004734
0.161637
0.152563
0.159207
0.180685
0.033527
0.138020
0.008814
0.062297
0.112204
0.138354
0.197592
0.108838
0.162397
0.256669
0.168154
0.286079
0.324731
0.035128
0.029948
0.120609
0.106937
0.304918
0.179678
0.049487
0.013033
0.029353
0.048504
0.129768
0.264554
0.119499
0.088753
0.062587
0.009307
0.156818
0.102676
0.176147
0.030135
0.433192
0.380694
0.397323
0.561783
0.401538
0.209241
0.192549
0.092149
0.323380
0.259590
0.278365
0.106065
0.105922
0.106387
0.562814
0.379915
0.128802
0.168572
0.285730
0.096062
0.027046
0.060526
0.020757
0.342382
0.124012
0.331999
0.064614
0.033033
0.211573
0.281560
0.013548
0.041959
0.112419
0.026971
0.037330
0.235458
0.258701
0.041914
0.157125
0.154197
0.342415
0.124408
0.062110
0.072547
0.173428
0.217532
0.129295
0.225155
0.156326
0.085845
0.063078
0.178594
0.188261
0.048504
0.086829
0.418643
0.468414
0.221830
0.008573
0.484416
0.937323
1.147980
0.551850
0.264862
0.130334
0.310299
0.235873
0.166468
0.195407
0.115832
0.289636
0.229054
0.034523
0.001830
0.018647
0.193313
0.170295
0.084473
0.094803
0.468878
0.244171
0.407518
0.445700
0.083874
0.084003
0.286636
0.211313
0.157074
0.254701
0.010562
0.262856
0.358264
0.195735
0.160940
0.268643
0.038696
0.162194
0.061483
0.009416
0.132297
0.193600
0.164077
0.053195
0.017416
0.069243
0.204424
0.073583
0.109925
0.099127
0.171164
0.154350
0.059829
0.076811
0.003219
0.120580
0.141315
0.144817
0.049077
0.054957
0.164413
0.168989
0.119334
0.166529
0.218085
0.292619
0.130407
0.092830
0.123588
0.090856
0.055204
0.201458
0.394826
0.167824
0.525871
0.194656
0.089408
0.191721
0.092710
0.109977
0.132692
0.136004
0.055634
0.135402
0.113109
0.110620
0.109892
0.004123
0.103338
0.009948
0.142602
0.138631
0.105851
0.107857
0.157774
0.337989
0.245970
0.227566
0.484372
0.492347
0.418641
0.149235
0.096983
0.027539
0.042226
0.144036
0.177583
0.267367
0.294167
0.087829
0.213393
0.472096
0.293402
0.117119
0.121577
0.144874
0.163338
0.021891
0.296829
0.236250
0.164795
0.067673
0.318463
0.109818
0.069257
0.329639
0.166655
0.185936
0.029950
0.236835
0.103749
0.038268
0.189332
0.117599
0.476412
0.203152
0.004535
0.055785
0.142970
0.140245
0.207802
0.177125
0.148900
0.117470
0.179113
0.205650
0.140532
0.026952
0.026709
0.274431
0.336818
0.381685
0.278951
0.004360
0.119916
0.586390
0.950834
0.655820
0.431453
0.079211
0.206831
0.071983
0.008612
0.078543
0.132223
0.082886
0.007628
0.193881
0.289823
0.178245
0.141944
0.043992
0.216837
0.223279
0.044794
0.272437
0.188185
0.006876
0.019447
0.146080
0.318433
0.230717
0.085010
0.085361
0.035356
0.205136
0.201358
0.029839
0.146761
0.088379
0.137188
0.026082
0.153383
0.101873
0.053692
0.142065
0.180734
0.115543
0.312917
0.053286
0.186956
0.012908
0.076806
0.115394
0.232032
0.058765
0.019400
0.161250
0.263542
0.056663
0.004207
0.174637
0.228618
0.196143
0.077442
0.223606
0.033123
0.039882
0.231168
0.217790
0.133876
0.045791
0.114722
0.000967
0.037651
0.034326
0.065808
0.096512
0.020333
0.046272
0.307178
0.185457
0.201754
0.087654
0.043530
0.211123
0.003693
0.136579
0.096080
0.051079
0.081037
0.134385
0.087171
0.235835
0.149721
0.221339
0.157711
0.000967
0.139855
0.382934
0.317435
0.256868
0.399951
0.264536
0.233793
0.476813
0.221937
0.178263
0.105216
0.017386
0.294803
0.509890
0.076726
0.107741
0.265321
0.415017
0.264541
0.014480
0.029752
0.119964
0.227469
0.130955
0.003453
0.088737
0.078276
0.018038
0.171674
0.231030
0.010873
0.014219
0.268608
0.356118
0.017985
0.288558
0.043721
0.081032
0.197805
0.189708
0.272572
0.289843
0.037930
0.013970
0.092533
0.016938
0.101778
0.177195
0.029917
0.020210
0.197018
0.114907
0.193741
0.270966
0.021539
0.033421
0.146080
0.282519
0.464791
0.249688
0.087356
0.365217
0.750477
1.126054
1.002839
0.105711
0.352644
0.179943
0.043487
0.259071
0.049657
0.278496
0.165303
0.160003
0.118498
0.060885
0.158681
0.328490
0.269799
0.061297
0.047862
0.182058
0.183061
0.190131
0.403375
0.057916
0.160073
0.030182
0.087673
0.021128
0.376082
0.468532
0.200176
0.104271
0.012997
0.209430
0.044096
0.270553
0.005943
0.174990
0.018462
0.154365
0.088834
0.147565
0.069236
0.278676
0.288241
0.027984
0.184370
0.103422
0.101312
0.046895
0.058575
0.062707
0.074233
0.247480
0.191090
0.202647
0.202962
0.004849
0.048995
0.036673
0.203400
0.106507
0.027399
0.113408
0.060396
0.049173
0.260629
0.015185
0.318120
0.036615
0.116037
0.071042
0.169806
0.065232
0.104739
0.269342
0.141519
0.410044
0.473753
0.023784
0.248847
0.103205
0.156335
0.115074
0.336385
0.273703
0.249535
0.043289
0.333638
0.040968
0.340421
0.236452
0.053582
0.004494
0.313519
0.561468
0.446549
0.311564
0.445043
0.407781
0.138882
0.157891
0.232158
0.028892
0.041016
0.365759
0.539831
0.190576
0.158420
0.414391
0.359930
0.159908
0.114421
0.050959
0.108657
0.018489
0.177130
0.002668
0.043005
0.211111
0.171179
0.126173
0.203201
0.198699
0.092023
0.041040
0.051135
0.236182
0.249118
0.157477
0.051108
0.153375
0.106608
0.035485
0.116395
0.044560
0.223512
0.321418
0.034400
0.093778
0.295980
0.325360
0.133457
0.037187
0.026420
0.036438
0.046857
0.035817
0.065640
0.378735
0.424849
0.215454
0.284832
0.162391
0.167661
0.669576
1.063652
0.796077
0.095140
0.095404
0.016293
0.030020
0.190321
0.248926
0.035981
0.262103
0.223772
0.159974
0.196130
0.038719
0.175656
0.146181
0.491670
0.561009
0.161413
0.295177
0.086738
0.006935
0.246135
0.094716
0.133525
0.118169
0.214998
0.340353
0.030900
0.090042
0.085062
0.200969
0.079722
0.101398
0.007359
0.179851
0.043220
0.049021
0.006647
0.047060
0.061428
0.222377
0.162778
0.214697
0.146084
0.069074
0.072987
0.050327
0.005111
0.082931
0.191167
0.009448
0.033046
0.116875
0.179094
0.311725
0.260692
0.136359
0.124544
0.164868
0.053817
0.081977
0.001528
0.009258
0.041463
0.147165
0.091469
0.187501
0.218326
0.107033
0.068342
0.098596
0.125293
0.225651
0.017066
0.190783
0.022755
0.119309
0.028643
0.053474
0.081050
0.247159
0.112710
0.055177
0.178391
0.252254
0.070747
0.327979
0.188130
0.148148
0.210815
0.110067
0.282330
0.377528
0.303300
0.254377
0.124251
0.493024
0.577350
0.369870
0.403769
0.066095
0.191617
0.217994
0.079185
0.072849
0.462479
0.449399
0.315094
0.308128
0.180007
0.128167
0.278230
0.209507
0.044970
0.064309
0.012565
0.114140
0.022607
0.081342
0.178938
0.153088
0.153034
0.274476
0.405092
0.089009
0.344841
0.162770
0.095310
0.062282
0.005105
0.180747
0.361130
0.337100
0.152660
0.068808
0.016200
0.005598
0.140750
0.063622
0.193340
0.339490
0.022990
0.198597
0.053442
0.262227
0.195477
0.265408
0.021491
0.332129
0.387595
0.504289
0.489225
0.003912
0.791502
0.990143
0.885383
0.645179
0.002645
0.338454
0.230125
0.053173
0.257497
0.158931
0.126810
0.036118
0.151476
0.342960
0.330664
0.085597
0.200620
0.429042
0.213846
0.026931
0.052220
0.124790
0.044398
0.313567
0.397921
0.116363
0.067933
0.089071
0.250165
0.373764
0.110844
0.010257
0.046759
0.102759
0.016235
0.110005
0.109209
0.090473
0.348655
0.161690
0.450225
0.339729
0.179554
0.117325
0.145356
0.273170
0.276607
0.017997
0.092419
0.012797
0.037043
0.044286
0.160126
0.066374
0.037210
0.320815
0.399729
0.030502
0.139610
0.058281
0.106758
0.051273
0.097997
0.195487
0.215906
0.203748
0.042217
0.138080
0.097327
0.022455
0.064189
0.207695
0.198184
0.008005
0.216546
0.298708
0.018625
0.411009
0.357620
0.283459
0.146504
0.296422
0.081526
0.131602
0.156817
0.226209
0.247281
0.201751
0.118597
0.045068
0.245189
0.044833
0.164584
0.038183
0.051198
0.286705
0.429619
0.300716
0.098385
0.285649
0.384720
0.183112
0.261218
0.180932
0.030407
0.060095
0.266984
0.372486
0.025325
0.209502
0.193067
0.039580
0.228000
0.322162
0.239464
0.295984
0.161604
0.036149
0.081139
0.029001
0.168258
0.019805
0.034768
0.309230
0.176786
0.054380
0.107749
0.017536
0.162971
0.133430
0.225195
0.014673
0.118636
0.161093
0.127082
0.167952
0.249327
0.029717
0.249695
0.193715
0.572755
0.230958
0.108717
0.119430
0.085230
0.394397
0.329389
0.240570
0.325533
0.319103
0.316093
0.066313
0.510341
0.583531
1.074472
1.166515
0.264326
0.027542
0.042187
0.382571
0.052555
0.182146
0.053025
0.190178
0.309558
0.029711
0.058457
0.374599
0.085347
0.097236
0.382960
0.094216
0.149321
0.014147
0.179962
0.194782
0.018077
0.062460
0.138779
0.215065
0.090984
0.121048
0.107438
0.113022
0.044898
0.175776
0.034563
0.044740
0.090975
0.097077
0.090006
0.147356
0.180682
0.117651
0.304105
0.019305
0.110071
0.023916
0.194188
0.247695
0.055924
0.148774
0.134698
0.000796
0.017080
0.107408
0.051446
0.085175
0.111729
0.081872
0.143720
0.305918
0.135757
0.100897
0.217035
0.115052
0.092023
0.048476
0.098203
0.113882
0.133921
0.279193
0.152694
0.277384
0.009181
0.121939
0.055620
0.036179
0.078651
0.022865
0.101389
0.102200
0.208790
0.343196
0.179496
0.039502
0.006821
0.164634
0.182685
0.011040
0.003457
0.033766
0.080805
0.164933
0.003785
0.133570
0.130782
0.021975
0.095030
0.334269
0.404834
0.276719
0.251892
0.422154
0.386778
0.148452
0.049916
0.095416
0.121307
0.238616
0.138351
0.171823
0.283802
0.269352
0.421170
0.458092
0.194267
0.100413
0.016527
0.186102
0.093593
0.101620
0.249599
0.051384
0.399382
0.105662
0.059760
0.146046
0.432548
0.304831
0.092872
0.171358
0.034904
0.106503
0.271506
0.201939
0.264772
0.324472
0.463545
0.205208
0.131857
0.158367
0.092720
0.005637
0.046112
0.095860
0.203940
0.202091
0.097093
0.030481
0.192637
0.062340
0.140258
0.453997
0.505928
0.381621
0.008029
0.564597
0.913674
1.068469
0.843803
0.148047
0.097863
0.023733
0.168734
0.054235
0.157653
0.050653
0.219202
0.216281
0.089738
0.271330
0.213273
0.191163
0.048073
0.268148
0.333490
0.249422
0.074667
0.008760
0.096805
0.038829
0.050487
0.080093
0.188001
0.237744
0.053141
0.373820
0.077483
0.495890
0.133920
0.115324
0.187796
0.142255
0.106647
0.033665
0.110493
0.045931
0.034876
0.156936
0.026677
0.005043
0.291587
0.233615
0.192873
0.136582
0.042813
0.231253
0.231270
0.014062
0.083326
0.179156
0.217769
0.004624
0.163281
0.188633
0.019478
0.162479
0.039564
0.027883
0.093165
0.145802
0.252252
0.033001
0.126406
0.178570
0.012316
0.243736
0.114736
0.220622
0.391512
0.243496
0.165362
0.137534
0.053336
0.073420
0.016371
0.276436
0.561204
0.413929
0.184413
0.341692
0.305208
0.247082
0.044228
0.083272
0.011718
0.137552
0.023344
0.030122
0.222315
0.011529
0.045877
0.321719
0.453159
0.442643
0.521772
0.340232
0.039887
0.132517
0.150959
0.169599
0.064336
0.038656
0.263687
0.446895
0.441155
0.143109
0.097131
0.224471
0.138787
0.044443
0.240834
0.261942
0.136746
0.141515
0.115986
0.141647
0.009360
0.304701
0.370367
0.234592
0.123876
0.150091
0.030754
0.358387
0.095609
0.201425
0.248726
0.101470
0.110865
0.267427
0.172607
0.030973
0.022550
0.132700
0.185073
0.148515
0.157422
0.039355
0.144145
0.304253
0.372786
0.023689
0.028633
0.016858
0.099667
0.348206
0.358665
0.335498
0.455123
0.226996
0.419886
1.016842
1.178889
0.679259
0.145800
0.051688
0.097643
0.212954
0.274821
0.136108
0.403963
0.251129
0.023344
0.081616
0.206888
0.134761
0.115051
0.108760
0.238643
0.325720
0.016013
0.035516
0.071318
0.065362
0.219610
0.064541
0.024467
0.112303
0.241724
0.077636
0.070935
0.118772
0.001072
0.070161
0.149620
0.254348
0.044891
0.219640
0.306495
0.095087
0.239959
0.189755
0.124598
0.254044
0.180694
0.005396
0.285267
0.258723
0.315854
0.403697
0.089768
0.287633
0.038429
0.223579
0.053311
0.352239
0.085940
0.130476
0.129666
0.149976
0.076194
0.256759
0.145547
0.006074
0.287525
0.145688
0.260206
0.028961
0.242625
0.208657
0.072969
0.185250
0.219584
0.128983
0.122183
0.082552
0.106907
0.035130
0.162844
0.041914
0.072679
0.143430
0.055556
0.087613
0.027983
0.083775
0.070443
0.057689
0.174408
0.035083
0.227999
0.112590
0.065767
0.075426
0.203155
0.313282
0.108275
0.108079
0.388685
0.527907
0.519548
0.365610
0.094316
0.117717
0.090101
0.458375
0.720443
0.253733
0.026448
0.268129
0.344542
0.303762
0.150800
0.099437
0.239981
0.012850
0.161239
0.046091
0.040377
0.022522
0.127729
0.351921
0.081544
0.189489
0.115448
0.048279
0.125288
0.172561
0.030850
0.140116
0.102648
0.165935
0.034811
0.055850
0.112293
0.113403
0.522987
0.413600
0.077955
0.190075
0.127937
0.113660
0.057287
0.311760
0.210885
0.045188
0.151500
0.168674
0.053193
0.415279
0.427548
0.260548
0.272801
0.341057
0.148344
0.414063
1.069371
1.213000
0.648928
0.166368
0.072118
0.123292
0.073138
0.056999
0.089365
0.084086
0.104205
0.264775
0.308994
0.121750
0.019364
0.157661
0.299532
0.025075
0.080478
0.002170
0.001092
0.042933
0.086888
0.109873
0.051080
0.133782
0.091848
0.206077
0.230951
0.207270
0.153409
0.137586
0.230083
0.025227
0.054585
0.005624
0.182875
0.041027
0.308652
0.067257
0.411656
0.109086
0.067188
0.039063
0.025514
0.044719
0.072676
0.061348
0.057079
0.001335
0.024459
0.100534
0.063939
0.108710
0.037722
0.109938
0.013109
0.072807
0.153557
0.196455
0.077553
0.204747
0.036531
0.101591
0.214377
0.030027
0.178644
0.254149
0.063747
0.246060
0.000372
0.077645
0.063252
0.013710
0.295546
0.309886
0.088804
0.325776
0.265266
0.010970
0.011284
0.236590
0.163592
0.363226
0.145636
0.360374
0.078788
0.204287
0.239177
0.102492
0.101521
0.136081
0.113255
0.073734
0.147972
0.443487
0.474290
0.330749
0.356831
0.337196
0.209510
0.037559
0.132935
0.071986
0.226673
0.550635
0.383229
0.128385
0.139490
0.194302
0.252656
0.170380
0.169173
0.145556
0.201770
0.244373
0.020603
0.076370
0.066968
0.018451
0.091555
0.010345
0.139400
0.032609
0.014916
0.252850
0.423287
0.011038
0.113588
0.034935
0.114971
0.026002
0.368326
0.369505
0.125935
0.107038
0.380325
0.161873
0.343920
0.037868
0.446010
0.339775
0.083595
0.154737
0.268676
0.200906
0.058564
0.023727
0.011317
0.274769
0.589891
0.297251
0.014148
0.167519
0.672222
1.071556
1.045713
0.431148
0.098211
0.096518
0.034684
0.001057
0.097190
0.142579
0.068186
0.002637
0.350240
0.339792
0.045735
0.077744
0.228745
0.146530
0.116999
0.137967
0.159696
0.166770
0.146800
0.147836
0.099926
0.208073
0.034782
0.047360
0.196214
0.278870
0.102305
0.015314
0.136044
0.051459
0.012833
0.132745
0.027528
0.336562
0.442137
0.032644
0.337876
0.072023
0.122559
0.223236
0.182319
0.087455
0.214466
0.309290
0.374331
0.381148
0.132697
0.228679
0.023279
0.122469
0.001215
0.080262
0.071516
0.122934
0.120770
0.128259
0.004438
0.189481
0.062226
0.137834
0.146853
0.012308
0.142965
0.168444
0.038303
0.130737
0.048530
0.104297
0.003564
0.143950
0.208174
0.072195
0.254757
0.112729
0.021979
0.090492
0.167541
0.207484
0.065014
0.023352
0.082553
0.094231
0.093644
0.198668
0.128986
0.107972
0.009863
0.083627
0.016549
0.034965
0.358865
0.430315
0.346217
0.469188
0.499273
0.619787
0.289504
0.106802
0.194790
0.312993
0.157319
0.012395
0.107848
0.348463
0.485443
0.290793
0.216172
0.282683
0.249857
0.215871
0.013734
0.029111
0.151721
0.071552
0.360616
0.379881
0.058997
0.059010
0.164387
0.198076
0.047022
0.272474
0.027078
0.495275
0.157032
0.245667
0.150807
0.016168
0.114623
0.236160
0.153067
0.132362
0.171155
0.046920
0.091492
0.254010
0.241385
0.023820
0.155242
0.259105
0.067140
0.104408
0.019380
0.237213
0.318575
0.366221
0.270486
0.232376
0.125159
0.349897
0.155286
0.281980
0.546552
0.964022
1.061258
0.480835
0.248750
0.370753
0.030454
0.322651
0.327409
0.195938
0.377469
0.042385
0.019656
0.059662
0.145633
0.401862
0.460416
0.154727
0.324449
0.119680
0.097560
0.100258
0.219567
0.064233
0.047266
0.126552
0.209710
0.043619
0.107312
0.017481
0.298315
0.195716
0.016815
0.130754
0.010734
0.131045
0.106407
0.046402
0.269955
0.286854
0.172242
0.309780
0.077841
0.143018
0.009645
0.122558
0.085850
0.201089
0.322301
0.090427
0.213136
0.131199
0.139804
0.064863
0.086980
0.010894
0.003783
0.147633
0.041394
0.174883
0.146207
0.114383
0.065440
0.037828
0.202812
0.034396
0.028333
0.018735
0.151820
0.198978
0.154261
0.203725
0.020343
0.085024
0.022945
0.081107
0.005353
0.227244
0.023251
0.385713
0.150249
0.097374
0.339707
0.064698
0.548185
0.222744
0.167545
0.204678
0.139396
0.252096
0.289856
0.342131
0.796851
0.258695
0.354566
0.512767
0.435208
0.315250
0.520398
0.662471
0.485697
0.128070
0.134916
0.147425
0.159783
0.154204
0.284966
0.313021
0.169198
0.233580
0.307337
0.167476
0.090175
0.240445
0.215928
0.127055
0.134098
0.175311
0.360155
0.147746
0.001119
0.151358
0.072562
0.111175
0.227332
0.266242
0.008896
0.040894
0.158478
0.016550
0.181558
0.015313
0.033088
0.378682
0.233097
0.140965
0.019855
0.267138
0.377355
0.214770
0.067135
0.164882
0.131290
0.069688
0.009585
0.177882
0.268058
0.194091
0.007570
0.089756
0.473230
0.467631
0.440727
0.268279
0.389598
0.562147
0.667377
1.026607
0.599612
0.121573
0.072323
0.290883
0.161863
0.015469
0.035133
0.115740
0.128936
0.266001
0.373272
0.104831
0.001420
0.307886
0.329102
0.059877
0.071073
0.012411
0.028176
0.038762
0.141329
0.137213
0.067998
0.090514
0.025138
0.118212
0.123132
0.412814
0.041474
0.172148
0.172132
0.135140
0.028302
0.024224
0.075948
0.083476
0.057870
0.167399
0.104840
0.056906
0.131863
0.172196
0.279374
0.022851
0.113258
0.019942
0.062243
0.051284
0.273064
0.131562
0.044987
0.092019
0.048953
0.032460
0.219996
0.085951
0.058598
0.014605
0.060739
0.145048
0.250684
0.188228
0.112327
0.454958
0.069604
0.440366
0.138661
0.345399
0.012843
0.219413
0.095359
0.302778
0.296284
0.101786
0.327930
0.279274
0.014934
0.018020
0.036001
0.309160
0.112089
0.055076
0.041014
0.065606
0.179042
0.030157
0.162704
0.044360
0.044211
0.025230
0.043475
0.134902
0.146306
0.099394
0.335092
0.397471
0.309472
0.385691
0.112611
0.049844
0.191578
0.078930
0.036421
0.047545
0.042156
0.166076
0.326691
0.180875
0.049040
0.043185
0.414833
0.502532
0.133334
0.059246
0.206260
0.098483
0.146418
0.222420
0.008219
0.217116
0.024762
0.173323
0.304076
0.117274
0.086014
0.066030
0.224974
0.043239
0.287890
0.016500
0.355268
0.013154
0.291773
0.106832
0.225330
0.388743
0.226030
0.096432
0.056055
0.083523
0.016013
0.182545
0.396068
0.135757
0.213029
0.520261
0.451130
0.394378
0.155289
0.490923
1.169537
1.117943
0.566877
0.410792
0.268805
0.185623
0.082198
0.177734
0.030680
0.051064
0.107832
0.221203
0.296874
0.380067
0.213159
0.032190
0.101220
0.298421
0.014751
0.310115
0.023532
0.175723
0.078690
0.093043
0.007793
0.183677
0.128901
0.210072
0.556170
0.250099
0.210352
0.050474
0.080390
0.041838
0.033565
0.055263
0.051327
0.065032
0.032092
0.058731
0.079698
0.014856
0.318228
0.066534
0.011293
0.144655
0.147561
0.235564
0.007855
0.095500
0.178129
0.075816
0.169878
0.099213
0.024769
0.128928
0.077017
0.161278
0.007984
0.290174
0.263713
0.019643
0.026363
0.151307
0.071057
0.047323
0.041639
0.015293
0.105448
0.009946
0.112773
0.002639
0.036147
0.137166
0.186729
0.068507
0.404431
0.106166
0.227758
0.234459
0.048090
0.174535
0.114989
0.075776
0.057995
0.140077
0.012517
0.125945
0.177492
0.009461
0.080746
0.006187
0.072816
0.016672
0.072345
0.200272
0.569581
0.318496
0.090919
0.391749
0.435472
0.196714
0.136209
0.135588
0.109737
0.291221
0.233358
0.284363
0.246207
0.160701
0.154121
0.096024
0.247794
0.199435
0.059920
0.123283
0.095277
0.007667
0.070741
0.152335
0.034394
0.268342
0.263299
0.055210
0.027192
0.253284
0.285325
0.072401
0.018300
0.050983
0.096238
0.217044
0.127976
0.175950
0.160926
0.025307
0.249410
0.244165
0.066360
0.254740
0.339197
0.153815
0.019577
0.074870
0.084930
0.026615
0.289382
0.295597
0.176897
0.358867
0.599387
0.298665
0.075783
0.143270
0.387346
1.034169
1.123893
0.660018
0.356692
0.162384
0.354564
0.365135
0.079005
0.123426
0.015139
0.029064
0.097642
0.152583
0.231998
0.216341
0.031394
0.081688
0.218238
0.271121
0.064084
0.065106
0.155489
0.147389
0.064390
0.123278
0.262912
0.024317
0.112417
0.172423
0.239394
0.136772
0.203538
0.142784
0.094870
0.154780
0.122269
0.184527
0.226439
0.325273
0.001924
0.133550
0.028545
0.015917
0.045938
0.034436
0.134068
0.156377
0.033401
0.185941
0.100144
0.104138
0.030829
0.150339
0.000074
0.142051
0.237420
0.006678
0.186104
0.060763
0.107183
0.003834
0.172583
0.033127
0.183728
0.003362
0.004198
0.055794
0.062452
0.034550
0.040439
0.054739
0.000006
0.075544
0.104139
0.107793
0.019651
0.175108
0.214717
0.323900
0.061182
0.077778
0.075015
0.217418
0.170488
0.029864
0.141460
0.199738
0.091019
0.029380
0.035587
0.103681
0.281731
0.081769
0.048606
0.076511
0.411455
0.495933
0.317345
0.385400
0.419004
0.264145
0.317719
0.060088
0.178813
0.102352
0.105100
0.212252
0.298526
0.075136
0.210731
0.517312
0.446686
0.207407
0.115413
0.044828
0.130173
0.069862
0.180779
0.086206
0.215359
0.094333
0.139409
0.137142
0.009114
0.094880
0.013026
0.065820
0.218795
0.161389
0.015615
0.047980
0.244296
0.189376
0.063759
0.064659
0.146998
0.275464
0.227073
0.041469
0.146548
0.188725
0.291266
0.216960
0.244698
0.062772
0.052522
0.247707
0.354012
0.330404
0.323408
0.278627
0.299163
0.430291
0.187228
0.369387
1.050278
1.273696
0.642460
0.020709
0.146013
0.082917
0.096479
0.108570
0.124785
0.207374
0.297181
0.085639
0.060155
0.133905
0.148363
0.146763
0.219706
0.306991
0.068665
0.101357
0.035062
0.088448
0.075641
0.201394
0.167001
0.116030
0.123828
0.210985
0.215347
0.014258
0.043164
0.071421
0.182436
0.014772
0.299974
0.106796
0.299582
0.035524
0.311418
0.080457
0.157458
0.009102
0.134554
0.028832
0.106204
0.080989
0.007165
0.150604
0.039219
0.042009
0.148784
0.073825
0.107732
0.192974
0.034132
0.070201
0.148706
0.050203
0.196247
0.130825
0.033388
0.023600
0.110713
0.020032
0.015400
0.169682
0.068611
0.246974
0.210113
0.013710
0.171800
0.233173
0.166526
0.011069
0.153151
0.265321
0.082448
0.322944
0.107427
0.250575
0.030979
0.214872
0.314180
0.177101
0.350724
0.079643
0.066574
0.172836
0.130876
0.001955
0.083225
0.113224
0.113770
0.136311
0.223302
0.320276
0.337433
0.453938
0.482434
0.331022
0.325891
0.278601
0.042773
0.437031
0.606711
0.051150
0.149728
0.159149
0.185031
0.327667
0.738973
0.597591
0.158922
0.020137
0.127973
0.101859
0.100768
0.018624
0.047692
0.098313
0.163497
0.216103
0.109393
0.018697
0.115296
0.088826
0.150484
0.101130
0.308847
0.059379
0.180635
0.087409
0.299498
0.396960
0.107760
0.102320
0.089325
0.061912
0.026692
0.042500
0.275315
0.226968
0.050315
0.041695
0.034192
0.258542
0.286442
0.045537
0.212109
0.276061
0.250879
0.439061
0.244148
0.110002
0.665046
1.308392
0.864560
0.049429
0.019518
0.026768
0.023829
0.373828
0.252556
0.017700
0.074615
0.293338
0.226655
0.133043
0.170689
0.183871
0.381760
0.247812
0.103625
0.127894
0.147724
0.188814
0.033854
0.064645
0.086876
0.058242
0.022114
0.093239
0.224956
0.233209
0.112931
0.073087
0.075574
0.034639
0.118696
0.183565
0.019130
0.190304
0.170583
0.013995
0.046229
0.152402
0.140274
0.108468
0.288008
0.055703
0.179448
0.017173
0.035591
0.029118
0.121759
0.069745
0.078851
0.148699
0.248237
0.050498
0.158127
0.202661
0.059924
0.206328
0.065895
0.256561
0.068229
0.052109
0.068572
0.031408
0.078259
0.095891
0.387606
0.087826
0.141313
0.193338
0.321817
0.121180
0.200796
0.151835
0.096020
0.078034
0.234614
0.100540
0.178188
0.166518
0.396577
0.017414
0.241038
0.129615
0.089728
0.082224
0.100543
0.045454
0.418695
0.153140
0.348628
0.179415
0.024527
0.302674
0.590641
0.719864
0.397092
0.009291
0.157400
0.198850
0.116825
0.087478
0.173371
0.452374
0.283103
0.061927
0.197183
0.491168
0.534399
0.219561
0.095715
0.058727
0.203053
0.250806
0.322236
0.127161
0.099483
0.054332
0.070702
0.048738
0.155477
0.367366
0.208606
0.076972
0.048903
0.230927
0.129524
0.229171
0.066597
0.050262
0.213010
0.394750
0.166162
0.048497
0.203658
0.127647
0.003557
0.006473
0.057547
0.040530
0.155182
0.344870
0.296100
0.148977
0.202918
0.357208
0.555503
0.364040
0.235895
0.176718
0.054146
0.020560
0.323291
1.028628
1.146016
0.578435
0.039366
0.315354
0.070971
0.402205
0.244406
0.137826
0.096419
0.096859
0.162721
0.297645
0.239064
0.135770
0.001523
0.210114
0.104245
0.266152
0.222305
0.110211
0.062610
0.026158
0.051424
0.248922
0.262346
0.127632
0.023954
0.268588
0.257487
0.077919
0.203402
0.008243
0.095979
0.082119
0.176810
0.033854
0.088705
0.114728
0.029442
0.092608
0.093530
0.006924
0.033275
0.013593
0.189461
0.046786
0.013609
0.074125
0.050051
0.006560
0.082847
0.033361
0.055435
0.172899
0.237194
0.055921
0.334428
0.241567
0.246964
0.201521
0.147484
0.199638
0.086476
0.326524
0.094298
0.382513
0.097890
0.098918
0.202694
0.069791
0.101974
0.020810
0.043319
0.111895
0.242383
0.220902
0.169196
0.293945
0.172010
0.201950
0.114751
0.085555
0.128776
0.143361
0.256501
0.148685
0.078027
0.164113
0.130991
0.054113
0.062417
0.231926
0.089069
0.453127
0.729079
0.686220
0.294338
0.044420
0.288597
0.272303
0.009349
0.128427
0.261139
0.287472
0.344843
0.474205
0.224094
0.015405
0.151608
0.416659
0.298638
0.001368
0.010114
0.034553
0.013924
0.039604
0.271360
0.244107
0.030563
0.066062
0.266879
0.264254
0.180211
0.050902
0.045263
0.041914
0.140010
0.079162
0.264955
0.285038
0.171537
0.062165
0.114910
0.326610
0.167635
0.056642
0.224060
0.223513
0.013847
0.052200
0.062205
0.119565
0.218972
0.165410
0.341030
0.004715
0.105800
0.007562
0.192384
0.604302
0.496245
0.190381
0.200182
0.171048
0.929108
1.166734
0.762260
0.146697
0.301706
0.136964
0.336516
0.416991
0.195398
0.014086
0.382652
0.497002
0.111924
0.125634
0.029962
0.247682
0.358039
0.308104
0.114281
0.121877
0.137467
0.108671
0.225290
0.075298
0.153005
0.211341
0.169717
0.107401
0.006522
0.173051
0.061745
0.095241
0.298522
0.215497
0.057990
0.061238
0.176254
0.216765
0.110194
0.011288
0.070746
0.195457
0.109921
0.035861
0.094431
0.030827
0.082225
0.100530
0.112261
0.022331
0.141923
0.108156
0.269955
0.209869
0.290813
0.271809
0.061821
0.065158
0.083242
0.068584
0.141305
0.122191
0.091622
0.002140
0.007913
0.076091
0.068169
0.041307
0.058134
0.195012
0.148646
0.195140
0.292397
0.034868
0.115739
0.086004
0.051585
0.284761
0.297565
0.005241
0.017969
0.207593
0.057992
0.440832
0.303393
0.133080
0.086757
0.498297
0.444471
0.002110
0.282333
0.139782
0.019927
0.162187
0.127325
0.358011
0.652652
0.459969
0.309954
0.390934
0.461105
0.319233
0.013899
0.473338
0.346036
0.235339
0.070411
0.482410
0.431819
0.164842
0.442077
0.516419
0.239667
0.038781
0.107491
0.004724
0.064672
0.072050
0.028954
0.204231
0.067349
0.119266
0.288044
0.370295
0.232014
0.133904
0.106276
0.008128
0.277820
0.387569
0.073683
0.050275
0.110032
0.027807
0.110170
0.002100
0.108680
0.194053
0.489830
0.544043
0.058922
0.253750
0.056772
0.030704
0.042057
0.019408
0.093639
0.114592
0.204747
0.103341
0.265936
0.535355
0.611367
0.265447
0.518144
0.967964
0.811741
0.574833
0.266036
0.123435
0.121954
0.066644
0.142895
0.065507
0.059654
0.004824
0.096004
0.403174
0.409243
0.209786
0.328103
0.045710
0.184402
0.205383
0.101159
0.115675
0.043436
0.208681
0.229884
0.075153
0.408447
0.526757
0.085007
0.016732
0.099040
0.122289
0.031855
0.208797
0.037592
0.376875
0.278117
0.062995
0.200671
0.194999
0.142505
0.043017
0.026882
0.078477
0.039972
0.017184
0.100309
0.010557
0.001442
0.005793
0.086728
0.019395
0.117488
0.065958
0.034878
0.181620
0.097189
0.085445
0.103342
0.052013
0.108145
0.132638
0.243193
0.008300
0.067309
0.207806
0.247913
0.188174
0.323856
0.004007
0.299298
0.091386
0.246427
0.342186
0.313305
0.058362
0.149102
0.036542
0.087449
0.045622
0.010797
0.057690
0.015239
0.009172
0.087185
0.120150
0.005194
0.128574
0.081037
0.203938
0.065713
0.094071
0.089013
0.042622
0.033304
0.049058
0.194737
0.340412
0.383753
0.334838
0.428530
0.426370
0.045824
0.177107
0.207921
0.432845
0.043350
0.272566
0.228217
0.097877
0.320026
0.328090
0.033551
0.276858
0.569465
0.157108
0.031970
0.019608
0.266263
0.343357
0.018988
0.382369
0.108072
0.205710
0.002029
0.094477
0.049866
0.054181
0.113651
0.081561
0.104680
0.074663
0.057180
0.119293
0.168961
0.110989
0.003548
0.125473
0.054976
0.002056
0.132193
0.051727
0.255762
0.401292
0.064297
0.046196
0.156812
0.195137
0.370510
0.675461
0.500321
0.260431
0.163664
1.011861
1.357264
0.868935
0.253764
0.068537
0.150160
0.053636
0.160459
0.052168
0.069864
0.172227
0.103689
0.092206
0.429364
0.169921
0.023970
0.111168
0.144484
0.075258
0.197882
0.344660
0.082580
0.045074
0.103464
0.202139
0.371017
0.192449
0.024336
0.057462
0.078671
0.234480
0.199516
0.123719
0.008145
0.073932
0.007241
0.014339
0.078908
0.109419
0.026245
0.040730
0.037106
0.135184
0.225995
0.007279
0.042713
0.127778
0.022169
0.018303
0.028878
0.142575
0.012484
0.005435
0.009760
0.093617
0.124751
0.099207
0.109977
0.071224
0.106796
0.019326
0.146514
0.077160
0.028144
0.020607
0.052108
0.025063
0.046458
0.104831
0.134349
0.249430
0.357399
0.177540
0.244613
0.132627
0.049798
0.142379
0.191152
0.138680
0.227658
0.317123
0.020482
0.079132
0.046870
0.069726
0.103109
0.118962
0.238341
0.152029
0.089743
0.177601
0.115403
0.145165
0.275681
0.238785
0.040872
0.103404
0.122354
0.315536
0.560260
0.373782
0.206682
0.074623
0.060224
0.053971
0.114012
0.000982
0.134194
0.359600
0.426241
0.356780
0.229671
0.244198
0.364407
0.000867
0.293346
0.131185
0.168402
0.226915
0.230746
0.240770
0.036177
0.001991
0.040411
0.095336
0.028231
0.083866
0.229038
0.180510
0.186544
0.099447
0.227102
0.016256
0.035823
0.044546
0.322430
0.431692
0.030635
0.082045
0.128483
0.206220
0.112682
0.042340
0.034103
0.000293
0.199939
0.171004
0.090083
0.188489
0.078374
0.247462
0.534958
0.395921
0.134483
0.317567
0.807131
1.058547
0.962647
0.198182
0.197795
0.030213
0.077273
0.179931
0.027320
0.177997
0.243793
0.377474
0.218529
0.123980
0.133388
0.078115
0.098210
0.131338
0.011007
0.095452
0.013560
0.040958
0.167483
0.076793
0.010538
0.113238
0.155815
0.333225
0.134916
0.163877
0.006085
0.390303
0.271292
0.000701
0.049676
0.011614
0.305317
0.003503
0.330710
0.210026
0.517339
0.210424
0.316580
0.138504
0.069899
0.038005
0.109478
0.026913
0.008206
0.137811
0.192950
0.145754
0.241434
0.054979
0.029518
0.046680
0.030222
0.169354
0.114592
0.206273
0.075071
0.153680
0.059704
0.133453
0.178612
0.102819
0.218563
0.123096
0.097476
0.003537
0.080497
0.131380
0.098400
0.061326
0.036733
0.000530
0.137585
0.044629
0.091553
0.132963
0.156751
0.012216
0.056846
0.144326
0.243874
0.074353
0.078144
0.012716
0.163315
0.175162
0.308683
0.322576
0.260129
0.276770
0.225306
0.416327
0.376955
0.424292
0.433841
0.498468
0.612163
0.173359
0.262976
0.309875
0.345899
0.123275
0.021951
0.160127
0.306562
0.343955
0.252772
0.284947
0.291843
0.044600
0.078128
0.051993
0.063006
0.083767
0.007073
0.069837
0.007649
0.044678
0.027303
0.217701
0.240127
0.168317
0.117020
0.025442
0.081534
0.218875
0.212234
0.052591
0.087490
0.104853
0.251682
0.251817
0.108630
0.051850
0.078330
0.020728
0.006875
0.138410
0.058155
0.008834
0.175908
0.242329
0.081454
0.023726
0.139110
0.136313
0.247329
0.548237
0.346890
0.087488
0.278276
1.069667
1.213002
0.598667
0.194448
0.006775
0.141956
0.147846
0.099410
0.204043
0.215505
0.219840
0.383434
0.138192
0.026854
0.133569
0.212053
0.154920
0.181401
0.215865
0.061168
0.130966
0.011464
0.110565
0.071191
0.067258
0.136414
0.257658
0.033697
0.104037
0.046445
0.060254
0.221953
0.372703
0.047444
0.017442
0.074428
0.215332
0.012805
0.002080
0.119927
0.070026
0.066753
0.213656
0.284289
0.075546
0.003300
0.191990
0.014180
0.231172
0.123545
0.119361
0.002924
0.048522
0.004212
0.119339
0.031492
0.044265
0.090690
0.109568
0.122465
0.023299
0.053886
0.031105
0.240299
0.095895
0.086500
0.116571
0.273134
0.328681
0.019296
0.120012
0.104626
0.361453
0.179813
0.046685
0.097130
0.033922
0.257422
0.093285
0.040696
0.242062
0.282383
0.073940
0.330353
0.166107
0.119640
0.097899
0.196556
0.248790
0.243648
0.234565
0.409185
0.089824
0.072220
0.220970
0.458491
0.466294
0.381939
0.339648
0.270529
0.235903
0.008075
0.272462
0.215146
0.139903
0.087162
0.099433
0.183960
0.354072
0.419782
0.338188
0.358773
0.308844
0.083029
0.321690
0.120673
0.059488
0.222345
0.075951
0.174006
0.166253
0.220545
0.187619
0.036427
0.026159
0.209853
0.199351
0.183202
0.237301
0.127401
0.171869
0.029900
0.246625
0.240822
0.145703
0.374258
0.221075
0.038293
0.109213
0.060982
0.031558
0.218703
0.370562
0.094174
0.368654
0.002202
0.374071
0.274309
0.146355
0.421957
0.518416
0.282440
0.001429
0.413641
0.846130
1.003770
0.814379
0.102287
0.140308
0.051357
0.003376
0.234464
0.205094
0.169656
0.186717
0.157615
0.324472
0.065658
0.174747
0.258448
0.272133
0.121780
0.482865
0.167875
0.462128
0.278723
0.085962
0.057017
0.023234
0.032968
0.016504
0.064648
0.056663
0.182577
0.228452
0.178484
0.228278
0.054269
0.066061
0.033549
0.115856
0.004708
0.122146
0.208002
0.334563
0.044554
0.123613
0.008418
0.050450
0.002833
0.053686
0.108551
0.129796
0.204450
0.071994
0.021033
0.115220
0.128836
0.073206
0.069515
0.078427
0.097534
0.105996
0.179700
0.046136
0.071588
0.025816
0.167030
0.313985
0.178154
0.262050
0.065586
0.202317
0.204761
0.167096
0.209409
0.294221
0.125824
0.265523
0.215879
0.182727
0.068882
0.175366
0.225406
0.233917
0.049675
0.182335
0.140427
0.072802
0.056892
0.123508
0.183228
0.043041
0.158216
0.260801
0.124415
0.297743
0.076029
0.378550
0.428013
0.408009
0.521333
0.617216
0.398462
0.080974
0.016697
0.140005
0.375327
0.314083
0.026273
0.123825
0.422633
0.421373
0.282978
0.079721
0.194604
0.212829
0.105071
0.195891
0.149641
0.188045
0.065185
0.400074
0.285609
0.044765
0.102472
0.015394
0.205029
0.150582
0.162437
0.126958
0.215259
0.140618
0.013495
0.051480
0.072130
0.305380
0.213150
0.060413
0.265810
0.271500
0.015842
0.092348
0.212663
0.082895
0.056072
0.068462
0.071278
0.015045
0.203157
0.213445
0.118175
0.170628
0.423780
0.629928
0.438796
0.112385
0.102328
0.771488
1.361167
0.885644
0.186175
0.156718
0.027508
0.225407
0.071573
0.026972
0.100562
0.096581
0.163388
0.126409
0.232580
0.446672
0.499506
0.243022
0.076178
0.016376
0.131922
0.087550
0.115711
0.130033
0.091985
0.115007
0.109470
0.094665
0.079937
0.024654
0.100376
0.021848
0.010902
0.387899
0.430166
0.064290
0.248287
0.034532
0.079944
0.000562
0.088172
0.120490
0.081130
0.051742
0.009805
0.032515
0.072075
0.226539
0.045847
0.082765
0.191508
0.102562
0.187011
0.089529
0.000636
0.067285
0.054364
0.128735
0.224120
0.067635
0.081213
0.092746
0.043541
0.078843
0.047604
0.077829
0.333186
0.089692
0.380343
0.087580
0.152914
0.013419
0.059363
0.101956
0.177539
0.017179
0.065119
0.064336
0.029556
0.077464
0.156004
0.215029
0.194571
0.004029
0.133056
0.184594
0.058228
0.079418
0.109918
0.067833
0.055399
0.153851
0.076765
0.021297
0.044339
0.017891
0.426689
0.885453
1.007280
0.376101
0.041690
0.234628
0.029081
0.381616
0.338762
0.117550
0.146658
0.294552
0.554868
0.520150
0.104732
0.109909
0.261430
0.209655
0.172790
0.056653
0.108290
0.035678
0.137352
0.428013
0.103855
0.169355
0.032758
0.054530
0.147605
0.233852
0.053477
0.096438
0.049063
0.122328
0.017725
0.195810
0.218855
0.169273
0.095840
0.059217
0.145153
0.123118
0.201195
0.037818
0.138840
0.231390
0.058535
0.026230
0.105208
0.025488
0.210690
0.056863
0.098255
0.510285
0.214900
0.174593
0.400931
0.419343
0.237137
0.167013
0.392319
0.820340
1.152661
0.875553
0.281916
0.324184
0.215601
0.271890
0.147282
0.099397
0.053045
0.222434
0.447673
0.285308
0.040344
0.064514
0.269758
0.009916
0.101972
0.086013
0.066869
0.068277
0.050967
0.022344
0.138519
0.148794
0.216838
0.068628
0.039611
0.033478
0.095939
0.132239
0.083977
0.345378
0.326296
0.160973
0.024701
0.239509
0.359847
0.254699
0.010724
0.201893
0.029731
0.271857
0.220956
0.014560
0.162560
0.097829
0.083884
0.070380
0.182399
0.105638
0.236339
0.001056
0.277183
0.151371
0.266615
0.294174
0.014738
0.034554
0.057358
0.147945
0.051403
0.038683
0.155632
0.066580
0.092913
0.044593
0.065566
0.104686
0.187764
0.037774
0.120709
0.044242
0.026025
0.095827
0.191979
0.075367
0.198032
0.172301
0.161334
0.064134
0.053788
0.039804
0.469209
0.328976
0.278620
0.165432
0.061327
0.068564
0.009395
0.092209
0.108018
0.303951
0.148007
0.523849
0.343712
0.165161
0.180287
0.429475
0.581006
0.400869
0.276280
0.087593
0.398801
0.114598
0.069284
0.387502
0.446572
0.359964
0.323030
0.188093
0.134133
0.090855
0.086632
0.046905
0.325529
0.134854
0.091128
0.014667
0.234027
0.283131
0.003429
0.196038
0.236895
0.130605
0.112670
0.132414
0.108731
0.086682
0.078790
0.237487
0.201937
0.362417
0.015030
0.073425
0.175315
0.423467
0.362485
0.032245
0.117262
0.134427
0.079017
0.312830
0.083290
0.407660
0.332290
0.180319
0.099464
0.184034
0.192806
0.724996
0.523645
0.221159
0.227394
0.850154
1.064696
0.780613
0.248690
0.016458
0.058917
0.059000
0.011694
0.026239
0.075588
0.070334
0.279389
0.240128
0.031464
0.080621
0.070419
0.105341
0.290080
0.131810
0.211732
0.192813
0.221790
0.259965
0.058821
0.223905
0.098574
0.097048
0.142925
0.307321
0.396050
0.099123
0.056922
0.312436
0.059356
0.051565
0.013200
0.179254
0.005145
0.043994
0.094999
0.096221
0.004485
0.047005
0.157034
0.073015
0.080872
0.100165
0.021720
0.053895
0.055798
0.070314
0.006207
0.038280
0.102286
0.225386
0.112551
0.117658
0.077676
0.118355
0.053665
0.116925
0.150500
0.077600
0.187827
0.049059
0.013690
0.235370
0.011079
0.219562
0.190667
0.136718
0.175232
0.006979
0.181422
0.010493
0.249177
0.187003
0.176352
0.190348
0.178555
0.331197
0.105971
0.305045
0.340667
0.168989
0.146685
0.148920
0.114009
0.025391
0.168071
0.087308
0.249682
0.023128
0.163971
0.053651
0.124149
0.256884
0.195988
0.273646
0.407800
0.523524
0.485263
0.246631
0.067465
0.016644
0.245656
0.247457
0.028037
0.117761
0.004125
0.063530
0.294545
0.115023
0.201698
0.464876
0.526735
0.174325
0.228886
0.111771
0.158369
0.327880
0.000460
0.151077
0.164818
0.096661
0.082733
0.003703
0.026804
0.291855
0.204932
0.166773
0.213880
0.192842
0.196680
0.257657
0.057644
0.186421
0.332425
0.306567
0.023079
0.386172
0.247607
0.188330
0.057443
0.262540
0.011339
0.094635
0.369684
0.361464
0.530707
0.503800
0.077951
0.354945
5.807037
6.212105
3.923392
4.738470
0.250473
0.020052
0.173180
0.082857
0.270582
0.290448
0.279705
0.317355
0.027960
0.316495
0.342948
0.707040
0.141243
0.238800
0.173715
0.067573
0.070250
0.084312
0.007002
0.022666
0.095765
0.183989
0.444660
0.260372
0.118953
0.132336
0.292134
0.394350
0.033334
0.860374
1.144367
0.642449
0.178942
0.154176
0.056714
0.123397
0.199123
0.084236
0.099560
0.036029
0.180618
0.084365
0.004051
0.055462
0.081856
0.134651
0.221906
0.122179
0.183778
0.255181
0.021551
0.480403
0.005906
0.403873
0.115419
0.012106
0.069891
0.104562
0.207401
0.069041
0.125048
0.102041
0.127825
0.016599
0.041330
0.135540
0.096626
0.284876
0.212926
0.063188
0.004183
0.047417
0.004396
0.135123
0.244548
0.088859
0.182625
0.203396
0.051358
0.018164
0.124048
0.028099
0.052211
0.015010
0.029384
0.011447
0.103821
0.168912
0.058165
0.139691
0.225723
0.173344
0.070244
0.261221
0.600774
0.574107
0.482491
0.219680
0.213872
0.114479
0.154535
0.089834
0.312556
0.404109
0.129902
0.275604
0.333652
0.141022
0.297464
0.199869
0.036002
0.181205
0.211792
0.015196
0.026923
0.021625
0.064552
0.020136
0.350274
0.372347
0.128499
0.011293
0.114296
0.031635
0.158093
0.000304
0.045794
0.062285
0.211121
0.115928
0.095861
0.153783
0.311314
0.151537
0.128692
0.160792
0.112604
0.009366
0.115460
0.001286
0.196675
0.282763
0.100438
0.131138
0.086199
0.532400
0.617029
0.242421
0.099371
0.036232
0.130283
0.645231
0.934464
0.833369
0.343459
0.083965
0.061036
0.143457
0.116290
0.022579
0.033893
0.165297
0.182963
0.206576
0.207521
0.122898
0.102420
0.020730
0.113910
0.141000
0.285034
0.060393
0.017022
0.046414
0.097435
0.039536
0.156789
0.266841
0.145279
0.070766
0.136035
0.122572
0.010947
0.067021
0.118444
0.092631
0.386021
0.064649
0.391354
0.364151
0.087632
0.255131
0.176701
0.047884
0.037983
0.069247
0.034941
0.035253
0.361796
0.050272
0.424058
0.054779
0.189650
0.178460
0.051109
0.133702
0.031254
0.033921
0.213036
0.069434
0.061578
0.001880
0.181239
0.090898
0.173615
0.103555
0.206329
0.180165
0.233034
0.043137
0.034749
0.092376
0.055911
0.133525
0.050994
0.048605
0.064544
0.143345
0.309456
0.029803
0.160105
0.026498
0.061742
0.030598
0.073272
0.034112
0.254450
0.255272
0.066061
0.226070
0.077190
0.141810
0.055611
0.191639
0.023326
0.150372
0.396225
0.275374
0.445768
0.653735
0.138447
0.031716
0.374986
0.120171
0.129537
0.320776
0.377829
0.051648
0.038638
0.391243
0.514018
0.223907
0.000219
0.243038
0.188112
0.206221
0.101643
0.296091
0.146399
0.292386
0.134466
0.086622
0.099951
0.021159
0.047296
0.093201
0.113743
0.127068
0.055988
0.168116
0.248182
0.203781
0.104658
0.193632
0.178385
0.299045
0.026200
0.061428
0.251012
0.243153
0.194203
0.004812
0.004820
0.391545
0.384538
0.023172
0.064030
0.071900
0.035092
0.221550
0.185317
0.350168
0.611736
0.282342
0.289387
0.664801
1.017917
0.928893
0.377067
0.090726
0.074756
0.208963
0.014752
0.158440
0.003794
0.185379
0.423195
0.028195
0.133503
0.200390
0.068144
0.032733
0.358581
0.337218
0.007416
0.126356
0.079898
0.083487
0.003285
0.083067
0.169543
0.079777
0.183729
0.083140
0.004304
0.251200
0.037715
0.296300
0.190824
0.064105
0.180471
0.033672
0.182521
0.169153
0.199998
0.120769
0.149308
0.012243
0.151212
0.359355
0.007992
0.157224
0.068066
0.050830
0.227316
0.122770
0.217127
0.153956
0.148477
0.076877
0.147791
0.070334
0.167160
0.108933
0.084907
0.033068
0.170978
0.323839
0.149506
0.375692
0.198284
0.153395
0.026690
0.177159
0.067701
0.211823
0.129519
0.207902
0.322782
0.096545
0.070476
0.075539
0.049039
0.352867
0.369611
0.128809
0.130770
0.114770
0.037501
0.282326
0.310175
0.116241
0.029861
0.112165
0.026298
0.244893
0.039916
0.277052
0.188682
0.105047
0.345373
0.431738
0.334512
0.305216
0.495015
0.583828
0.100858
0.286919
0.082389
0.033197
0.314588
0.270797
0.142112
0.305099
0.332148
0.281421
0.207652
0.290351
0.324976
0.309367
0.060365
0.290280
0.174919
0.020414
0.075362
0.269885
0.211959
0.128004
0.089540
0.210018
0.037126
0.129493
0.129738
0.002319
0.143903
0.103280
0.006004
0.154622
0.107691
0.600577
0.318070
0.145490
0.047637
0.096737
0.074977
0.082030
0.255463
0.094880
0.069507
0.048153
0.033253
0.271828
0.259871
0.246285
0.285501
0.344833
0.465481
0.392322
0.234294
0.883727
0.893615
0.743344
0.543346
0.083737
0.066061
0.067158
0.058720
0.065973
0.104274
0.105134
0.039936
0.097733
0.177351
0.280514
0.190715
0.128695
0.157195
0.226499
0.187499
0.079413
0.090273
0.102293
0.072799
0.125910
0.011499
0.000675
0.033658
0.346262
0.157121
0.009033
0.287579
0.236454
0.069825
0.169467
0.059037
0.039438
0.053714
0.047097
0.096685
0.253932
0.323822
0.169590
0.373332
0.020117
0.036980
0.036091
0.142576
0.091845
0.048293
0.109310
0.009152
0.274144
0.220174
0.063571
0.127472
0.077758
0.014448
0.049853
0.041076
0.239114
0.189706
0.097034
0.181935
0.088903
0.185198
0.060365
0.028139
0.023115
0.119191
0.034147
0.093576
0.036055
0.096551
0.138366
0.003107
0.138085
0.110015
0.227568
0.103077
0.244523
0.173196
0.053066
0.106484
0.094693
0.041000
0.209565
0.028939
0.450348
0.256422
0.052941
0.235251
0.293670
0.046566
0.149094
0.394101
0.479381
0.552663
0.336761
0.008621
0.088588
0.213293
0.084339
0.359535
0.434592
0.267210
0.006384
0.016873
0.174735
0.289323
0.305596
0.394207
0.254629
0.088949
0.181901
0.032815
0.212893
0.006000
0.183052
0.098964
0.185272
0.262342
0.124634
0.030474
0.102877
0.159915
0.176517
0.060955
0.113742
0.255548
0.171550
0.101595
0.026775
0.071492
0.243200
0.389107
0.237987
0.136775
0.061760
0.015607
0.018195
0.091535
0.236413
0.016545
0.252535
0.170730
0.209110
0.020595
0.244160
0.335053
0.377204
0.663318
0.288202
0.391329
0.735475
0.976980
0.897543
0.297142
0.176210
0.154993
0.246873
0.521917
0.251358
0.235608
0.418478
0.360200
0.354241
0.035769
0.120654
0.114126
0.224945
0.162626
0.053967
0.054384
0.156163
0.048205
0.101612
0.253376
0.100589
0.195394
0.262406
0.187448
0.009731
0.071858
0.093055
0.331719
0.326068
0.242256
0.109469
0.202490
0.185138
0.037491
0.068287
0.211981
0.143765
0.042684
0.034702
0.296211
0.236982
0.101892
0.131925
0.096278
0.043001
0.046236
0.027724
0.082974
0.037215
0.007250
0.006770
0.104131
0.081377
0.040809
0.097617
0.102724
0.059324
0.277647
0.143782
0.189650
0.268606
0.086392
0.128080
0.220351
0.015330
0.243816
0.189702
0.004526
0.199268
0.170305
0.146700
0.116740
0.013642
0.345062
0.175415
0.441777
0.461036
0.008242
0.213505
0.118806
0.189917
0.118485
0.094867
0.183084
0.126778
0.032337
0.191419
0.001169
0.256779
0.192035
0.740142
0.805347
0.493409
0.214640
0.232955
0.149058
0.116798
0.081482
0.041356
0.026632
0.444652
0.661827
0.429612
0.296921
0.158565
0.206775
0.293955
0.183457
0.204421
0.156734
0.054952
0.389161
0.429224
0.015144
0.018355
0.153430
0.056032
0.028937
0.184157
0.289100
0.175234
0.021955
0.021088
0.120343
0.148260
0.052745
0.197520
0.272465
0.279945
0.147220
0.171075
0.074668
0.121335
0.210412
0.076725
0.141555
0.094955
0.240002
0.165803
0.066918
0.018175
0.167537
0.355538
0.272720
0.351282
0.270275
0.023491
0.229391
0.414470
0.035477
0.459228
1.019297
1.260034
0.756694
0.043838
0.336975
0.180842
0.100488
0.167853
0.068328
0.024242
0.031801
0.298227
0.552919
0.344558
0.153038
0.127709
0.057146
0.055810
0.029653
0.086252
0.280878
0.041014
0.184071
0.038170
0.046314
0.041315
0.119302
0.208259
0.217195
0.086300
0.119132
0.146784
0.010783
0.324720
0.070591
0.382311
0.172779
0.013442
0.147236
0.077361
0.191078
0.007916
0.091112
0.123000
0.259959
0.000104
0.259718
0.065630
0.006752
0.074710
0.075048
0.010031
0.083446
0.068412
0.083864
0.175847
0.270273
0.048097
0.086605
0.211611
0.202054
0.089084
0.203817
0.055611
0.067011
0.020656
0.040561
0.027842
0.041417
0.119092
0.146608
0.015776
0.089369
0.071136
0.122482
0.028511
0.021482
0.146662
0.157611
0.119416
0.346678
0.248393
0.062417
0.193756
0.307354
0.170584
0.308282
0.343251
0.009105
0.162689
0.105351
0.128236
0.220750
0.073201
0.150100
0.483026
0.527098
0.273678
0.292152
0.492026
0.278057
0.050558
0.056059
0.166161
0.338054
0.364177
0.456886
0.317748
0.115599
0.153644
0.123306
0.097614
0.297119
0.224651
0.169308
0.030465
0.170593
0.081252
0.099675
0.143771
0.044764
0.119895
0.377171
0.260128
0.034284
0.050891
0.004501
0.101252
0.170212
0.082747
0.103563
0.046758
0.066038
0.154150
0.193550
0.088477
0.086445
0.312483
0.338923
0.184973
0.169655
0.329103
0.257905
0.136130
0.092971
0.028814
0.189599
0.390463
0.265274
0.254591
0.392193
0.201667
0.129228
0.690792
1.140003
0.981772
0.415668
0.052217
0.084422
0.136262
0.040617
0.220821
0.075824
0.054131
0.209940
0.155894
0.016644
0.113860
0.373184
0.216333
0.092545
0.092838
0.136916
0.145410
0.151474
0.106432
0.045410
0.149948
0.300003
0.221792
0.190157
0.290084
0.059906
0.292408
0.352443
0.062700
0.264410
0.022770
0.322881
0.070495
0.419286
0.075946
0.091943
0.169058
0.004573
0.346950
0.001674
0.066896
0.004596
0.265196
0.080768
0.148780
0.192362
0.070327
0.028039
0.164510
0.075954
0.207044
0.022457
0.233497
0.035303
0.178747
0.124342
0.056174
0.120567
0.067754
0.048000
0.134675
0.149790
0.188111
0.182435
0.007364
0.189303
0.000171
0.185233
0.157843
0.159198
0.062058
0.082344
0.080729
0.070702
0.294292
0.357087
0.052242
0.316203
0.234465
0.035789
0.000371
0.086739
0.069040
0.262776
0.211607
0.258009
0.073186
0.157642
0.084211
0.027810
0.087704
0.074431
0.261336
0.121125
0.385727
0.654305
0.397208
0.106029
0.024785
0.250583
0.216101
0.231038
0.184614
0.152754
0.215397
0.126012
0.208422
0.311550
0.171781
0.005416
0.208810
0.311924
0.063275
0.061919
0.027405
0.073624
0.223253
0.047615
0.184295
0.104381
0.211628
0.194721
0.115870
0.100096
0.051446
0.094408
0.044244
0.102514
0.078425
0.170574
0.072179
0.048380
0.214017
0.129164
0.099968
0.096863
0.081044
0.125167
0.411763
0.190304
0.018881
0.043397
0.230715
0.496058
0.408910
0.334854
0.235093
0.245158
0.783172
1.040097
0.781553
0.358933
0.140420
0.004803
0.068645
0.071626
0.174545
0.170421
0.048731
0.102610
0.319384
0.020213
0.018181
0.177975
0.068297
0.287456
0.231146
0.182559
0.127548
0.361520
0.144271
0.134982
0.126538
0.058771
0.199818
0.219590
0.042053
0.116259
0.003378
0.195107
0.205604
0.008031
0.104249
0.051646
0.268676
0.249275
0.233344
0.631818
0.007263
0.362115
0.046031
0.111807
0.030678
0.029778
0.106847
0.132911
0.463244
0.195617
0.117710
0.116901
0.219241
0.140890
0.089538
0.079483
0.137519
0.027507
0.164048
0.034626
0.034285
0.139144
0.183661
0.050466
0.040569
0.093166
0.033301
0.085097
0.243205
0.275835
0.150096
0.163263
0.006601
0.096300
0.056058
0.051342
0.029664
0.045769
0.159541
0.039911
0.395736
0.294765
0.139937
0.119933
0.348286
0.081825
0.166429
0.110451
0.170804
0.207861
0.185772
0.288885
0.147176
0.252572
0.108751
0.100262
0.339274
0.513895
0.575818
0.435971
0.300986
0.307550
0.069425
0.106178
0.105006
0.343873
0.319229
0.209768
0.319801
0.351306
0.289260
0.058440
0.037748
0.135033
0.315004
0.318060
0.075597
0.149439
0.265837
0.141646
0.062559
0.028761
0.044527
0.047776
0.149109
0.123402
0.144032
0.099169
0.117454
0.036459
0.294269
0.097133
0.462256
0.389235
0.082503
0.028397
0.247131
0.192800
0.031956
0.222804
0.269333
0.109089
0.227541
0.126768
0.434214
0.065848
0.080884
0.346003
0.236388
0.190184
0.250397
0.123918
0.473756
0.199142
0.543208
0.952545
1.347421
0.876939
0.216383
0.510616
0.113862
0.461705
0.040461
0.212807
0.014838
0.084326
0.141917
0.223601
0.164642
0.372453
0.406266
0.053122
0.004160
0.017397
0.046027
0.058342
0.112317
0.089510
0.085046
0.124716
0.142262
0.146851
0.115006
0.090920
0.168958
0.231566
0.335620
0.088015
0.166385
0.004686
0.152173
0.102605
0.123453
0.240535
0.109692
0.086417
0.111661
0.138019
0.083219
0.115341
0.031235
0.139015
0.136865
0.004463
0.159543
0.000081
0.058313
0.185476
0.137658
0.094171
0.086518
0.119259
0.159499
0.122365
0.125969
0.105717
0.198306
0.050290
0.273423
0.174921
0.083621
0.111688
0.056047
0.032658
0.032895
0.154660
0.148610
0.101488
0.212084
0.022640
0.106101
0.171489
0.014646
0.265322
0.184344
0.128843
0.057066
0.359394
0.001428
0.328825
0.042452
0.204998
0.096598
0.040750
0.003331
0.096910
0.125946
0.175454
0.121183
0.043730
0.399107
0.525678
0.336653
0.337888
0.301750
0.135272
0.061226
0.188153
0.015273
0.156727
0.199145
0.026877
0.447854
0.484233
0.204702
0.318522
0.182895
0.046306
0.000219
0.096479
0.077622
0.011375
0.006047
0.144337
0.149354
0.023235
0.163106
0.366700
0.204734
0.049512
0.165361
0.198227
0.191744
0.296879
0.080514
0.043023
0.078384
0.170468
0.035608
0.126027
0.254697
0.386297
0.271820
0.062655
0.079155
0.067180
0.123917
0.112112
0.029169
0.001320
0.148148
0.307856
0.216362
0.223110
0.322902
0.196947
0.034037
0.034371
0.159177
0.648379
1.262615
0.965779
0.200355
0.104522
0.112984
0.008827
0.100616
0.006388
0.104441
0.039155
0.283570
0.412735
0.009214
0.103400
0.244787
0.390530
0.179831
0.025089
0.161629
0.094622
0.261240
0.021160
0.051237
0.167326
0.243073
0.120703
0.241661
0.250652
0.085486
0.024106
0.069667
0.228315
0.306766
0.032836
0.221448
0.073587
0.058750
0.049864
0.118744
0.258822
0.067425
0.368335
0.107653
0.131042
0.009573
0.023272
0.167704
0.161793
0.136347
0.011693
0.069020
0.148314
0.214694
0.084371
0.181185
0.114564
0.069965
0.244096
0.026532
0.180204
0.020483
0.076865
0.157070
0.076654
0.059795
0.050354
0.290271
0.180800
0.272705
0.209414
0.126534
0.176104
0.162909
0.056909
0.219709
0.203517
0.005620
0.165089
0.113186
0.000948
0.104492
0.074821
0.276418
0.098806
0.011783
0.094724
0.156421
0.184867
0.245597
0.210721
0.297537
0.095508
0.108299
0.122155
0.082950
0.627355
0.637536
0.422524
0.294414
0.255484
0.053855
0.072175
0.089779
0.180463
0.131395
0.321148
0.423012
0.270328
0.263235
0.214754
0.301199
0.256096
0.097300
0.142266
0.037754
0.172994
0.206859
0.109251
0.206781
0.410036
0.022729
0.046360
0.184335
0.019561
0.285485
0.214447
0.051594
0.322265
0.197299
0.215892
0.157797
0.134893
0.136224
0.333600
0.300297
0.131762
0.064858
0.080900
0.098003
0.229225
0.491313
0.085435
0.198345
0.124633
0.026366
0.160890
0.329963
0.126603
0.264495
0.228916
0.101538
0.307170
0.096661
0.797265
1.144552
0.637255
0.319011
0.122458
0.107682
0.101890
0.234300
0.035351
0.304777
0.283881
0.059320
0.091985
0.113712
0.039324
0.041960
0.333175
0.348253
0.039296
0.101321
0.272106
0.338865
0.014757
0.119255
0.114662
0.001364
0.125995
0.040353
0.187313
0.151490
0.003339
0.062493
0.148170
0.158342
0.260386
0.155980
0.245554
0.093731
0.021246
0.151436
0.024671
0.130104
0.001179
0.010998
0.024083
0.130572
0.177461
0.168014
0.037157
0.215881
0.208888
0.090543
0.146405
0.119508
0.002607
0.108184
0.100073
0.201458
0.021799
0.327684
0.257358
0.030279
0.333197
0.294028
0.125715
0.203290
0.224918
0.243986
0.279940
0.320619
0.159653
0.461940
0.293199
0.422653
0.508961
0.065016
0.071997
0.050550
0.088481
0.254596
0.331671
0.184794
0.205344
0.414576
0.212293
0.002340
0.039921
0.045557
0.284056
0.269217
0.275573
0.321623
0.173965
0.310267
0.334481
0.388721
0.462099
0.563200
0.331157
0.070484
0.028289
0.071166
0.053507
0.095481
0.258128
0.200062
0.185882
0.419041
0.334440
0.391749
0.359746
0.101844
0.079586
0.072150
0.066253
0.096184
0.007715
0.053916
0.053322
0.263983
0.351873
0.031796
0.074725
0.068168
0.224802
0.157079
0.101446
0.068418
0.102323
0.088652
0.224675
0.201008
0.205910
0.014445
0.202717
0.114185
0.440577
0.059953
0.160653
0.255422
0.278527
0.001505
0.005662
0.100012
0.101762
0.008548
0.072887
0.191724
0.163859
0.393077
0.600337
0.391526
0.100870
0.266701
0.470129
1.006940
0.961351
0.472459
0.070217
0.165211
0.180145
0.213947
0.042158
0.074648
0.042076
0.405745
0.351724
0.027566
0.229415
0.350310
0.019060
0.081602
0.030704
0.081812
0.083502
0.023635
0.032168
0.297384
0.226220
0.155989
0.307536
0.178133
0.038711
0.222759
0.312456
0.029966
0.044762
0.186149
0.069741
0.119783
0.015516
0.072671
0.300528
0.067491
0.270558
0.370255
0.228709
0.074866
0.162678
0.049098
0.042037
0.032848
0.003588
0.022337
0.071378
0.195028
0.164579
0.107737
0.215022
0.086395
0.131271
0.153080
0.113555
0.030321
0.205747
0.062361
0.291389
0.061060
0.218229
0.083493
0.193447
0.015615
0.080329
0.087809
0.143531
0.067873
0.321221
0.080556
0.176716
0.034874
0.034376
0.126295
0.158682
0.106358
0.008934
0.174412
0.065741
0.242727
0.198765
0.035865
0.030288
0.151501
0.044139
0.135859
0.020658
0.151939
0.141554
0.085426
0.099031
0.134924
0.567041
0.804695
0.495575
0.288955
0.111365
0.267173
0.063860
0.062400
0.317845
0.410415
0.275305
0.299160
0.209102
0.313217
0.352142
0.099146
0.115991
0.152104
0.118809
0.206812
0.037768
0.019572
0.016691
0.017573
0.167399
0.198568
0.089065
0.000157
0.094268
0.209160
0.213582
0.157237
0.146910
0.261635
0.114938
0.014980
0.082712
0.088805
0.081000
0.169300
0.245830
0.168245
0.171610
0.045367
0.144762
0.151823
0.132780
0.060147
0.017080
0.210733
0.037125
0.142328
0.141143
0.289683
0.315065
0.229126
0.318754
0.450672
0.004860
0.486851
0.802131
1.079759
0.849520
0.174573
0.031894
0.053402
0.151600
0.147004
0.050472
0.024178
0.085018
0.351496
0.078131
0.234758
0.113858
0.438971
0.280228
0.106953
0.067634
0.037718
0.007854
0.111354
0.140300
0.108235
0.170513
0.065654
0.107436
0.129618
0.031622
0.093261
0.312552
0.284361
0.102710
0.091542
0.031824
0.000113
0.127837
0.104556
0.113406
0.092480
0.038077
0.185480
0.468132
0.013692
0.454314
0.450010
