0.143263
0.281923
0.171497
0.400666
0.210629
0.462838
0.221664
0.072149
0.045377
0.070809
0.158752
0.260530
0.120789
0.046132
0.340453
0.083032
0.193965
0.002585
0.118082
0.190446
0.370897
0.158864
0.331790
0.224507
0.285260
0.124318
0.177024
0.063396
0.156981
0.229771
0.086735
0.242614
0.239066
0.116090
0.139124
0.126751
0.089844
0.006120
0.015645
0.091172
0.012222
0.056239
0.188290
0.221326
0.197158
0.083977
0.028595
0.031401
0.273271
0.023094
0.408233
0.129484
0.273283
0.139318
0.019322
0.048906
0.150056
0.250932
0.208609
0.340893
0.470154
0.144439
0.098359
0.009624
0.015338
0.187386
0.156727
0.243073
0.102011
0.363644
0.034142
0.390298
0.205541
0.434277
0.205350
0.197603
0.313248
0.469235
0.042825
0.233318
0.201651
0.277452
0.044855
0.000469
0.000069
0.000669
0.070689
0.037859
0.046801
0.111353
0.110478
0.099285
0.031070
0.037464
0.100052
0.232706
0.108898
0.114065
0.037109
0.046528
0.043649
0.126708
0.002415
0.349452
0.195825
0.092435
0.075415
0.087063
0.065425
0.133181
0.163521
0.322586
0.094818
0.244930
0.281248
0.202815
0.238511
0.077382
0.123526
0.050389
0.449777
0.332800
0.133507
0.073353
0.053795
0.112410
0.064827
0.203940
0.142778
0.088294
0.102244
0.369244
0.451826
0.204796
0.259493
0.081814
0.091238
0.078627
0.058352
0.000119
0.176818
0.173683
0.054712
0.015224
0.026605
0.048887
0.037662
0.048749
0.101222
0.019322
0.315398
0.139678
0.113759
0.073465
0.128133
0.275897
0.011139
0.099537
0.300143
0.049736
0.404179
0.026822
0.176586
0.023436
0.077088
0.053090
0.005627
0.101663
0.177494
0.256505
0.152661
0.000103
0.085894
0.283436
0.236981
0.052707
0.028784
0.151509
0.183285
0.123990
0.139272
0.042194
0.160817
0.128571
0.050449
0.160634
0.008365
0.063161
0.071654
0.078817
0.257222
0.388855
0.153754
0.405400
0.134603
0.148454
0.295114
0.043514
0.127020
0.114491
0.098019
0.174809
0.026058
0.014971
0.053957
0.164175
0.162908
0.011900
0.056644
0.129646
0.024695
0.101407
0.000762
0.033533
0.056495
0.043604
0.078294
0.231121
0.042322
0.135874
0.149358
0.086837
0.136329
0.091251
0.153764
0.091849
0.118780
0.147829
0.116195
0.298443
0.282357
0.233992
0.164387
0.152994
0.140536
0.045687
0.159390
0.416318
0.119209
0.191059
0.277852
0.116373
0.447217
0.080526
0.450139
0.424627
0.075912
0.191747
0.064123
0.164227
0.247056
0.088789
0.015250
0.399041
0.196609
0.315077
0.241926
0.122701
0.210579
0.084613
0.010442
0.165031
0.157525
0.012418
0.239764
0.173281
0.252549
0.237460
0.065618
0.030277
0.069011
0.115339
0.106922
0.001413
0.094384
0.037108
0.138037
0.006310
0.073390
0.305768
0.207000
0.047869
0.170087
0.195023
0.082994
0.042293
0.231841
0.262463
0.649139
0.232681
0.250154
0.379525
0.120785
0.086092
0.023929
0.132697
0.159180
0.217104
0.002127
0.176581
0.019134
0.158957
0.094711
0.007439
0.118356
0.140681
0.136195
0.006952
0.185724
0.012974
0.008515
0.181294
0.286624
0.028963
0.132314
0.196198
0.148521
0.005776
0.084939
0.170020
0.197396
0.050954
0.314768
0.092347
0.121867
0.103190
0.082478
0.041658
0.007565
0.091369
0.265330
0.259595
0.245544
0.090014
0.190866
0.095840
0.192520
0.185115
0.079710
0.023069
0.175463
0.013427
0.351381
0.213006
0.033546
0.241535
0.280706
0.157735
0.362386
0.370287
0.217620
0.219928
0.112749
0.253399
0.085289
0.169567
0.022263
0.130020
0.071756
0.134617
0.147714
0.079455
0.354819
0.155652
0.105706
0.060657
0.024165
0.029201
0.292749
0.332767
0.008920
0.273358
0.177440
0.167443
0.225528
0.041534
0.023707
0.027943
0.105833
0.154098
0.100549
0.073763
0.102399
0.066229
0.018381
0.076601
0.120559
0.166422
0.021122
0.020500
0.102194
0.198823
0.310022
0.093622
0.367027
0.023485
0.169657
0.109000
0.113344
0.299364
0.146443
0.205214
0.262523
0.412185
0.322201
0.301481
0.263438
0.196033
0.066417
0.280676
0.054618
0.274151
0.064909
0.238728
0.003628
0.081170
0.177138
0.072267
0.068505
0.059066
0.107361
0.143883
0.237544
0.267437
0.107712
0.084358
0.131632
0.077459
0.157188
0.153449
0.009156
0.030030
0.164614
0.020792
0.185564
0.110982
0.136250
0.150039
0.068555
0.078623
0.082335
0.010394
0.013974
0.265050
0.124892
0.183710
0.165045
0.117666
0.003050
0.223557
0.103967
0.248920
0.105059
0.045155
0.402583
0.283466
0.027416
0.198794
0.116672
0.005990
0.100451
0.149814
0.268700
0.189989
0.085705
0.062272
0.179984
0.353267
0.359284
0.153925
0.014267
0.119100
0.030140
0.050930
0.182144
0.061168
0.219258
0.133394
0.129770
0.160851
0.138129
0.077391
0.040079
0.058073
0.039550
0.012220
0.008850
0.035793
0.192919
0.119966
0.156088
0.045274
0.002507
0.001883
0.257065
0.204597
0.078457
0.190030
0.229640
0.076830
0.351417
0.080275
0.172236
0.014054
0.168264
0.096079
0.175602
0.066799
0.051024
0.124497
0.082275
0.026293
0.111787
0.104416
0.107439
0.227570
0.037987
0.194478
0.030075
0.154314
0.176637
0.156642
0.312475
0.178084
0.249200
0.187181
0.004962
0.066945
0.027666
0.085547
0.137288
0.035964
0.074863
0.133903
0.141911
0.134415
0.092871
0.276950
0.058365
0.188513
0.069146
0.268471
0.402217
0.058126
0.303592
0.175700
0.060844
0.107370
0.286367
0.066317
0.120425
0.011778
0.022641
0.038623
0.112680
0.134640
0.024278
0.050719
0.079849
0.148744
0.100536
0.175097
0.065212
0.221163
0.147776
0.195283
0.096455
0.043335
0.073713
0.051741
0.062663
0.264191
0.239438
0.197398
0.485097
0.148522
0.112586
0.185965
0.421928
0.350164
0.235016
0.094258
0.112556
0.073992
0.229078
0.022638
0.011434
0.076216
0.066284
0.083291
0.161970
0.234324
0.080616
0.207960
0.231914
0.321882
0.102972
0.033948
0.002697
0.022262
0.106686
0.077940
0.085092
0.007964
0.116589
0.125410
0.277425
0.018390
0.177050
0.312840
0.254721
0.086184
0.135605
0.166092
0.108986
0.158776
0.116660
0.242867
0.010417
0.113364
0.000223
0.345868
0.174325
0.133682
0.051167
0.060253
0.147622
0.180338
0.114842
0.040579
0.184448
0.203017
0.186961
0.081852
0.423854
0.101329
0.107089
0.190612
0.017388
0.089351
0.029420
0.273430
0.307096
0.184931
0.207205
0.048317
0.233673
0.059935
0.116039
0.112739
0.013991
0.086877
0.075590
0.129232
0.095112
0.126919
0.096636
0.068164
0.006115
0.085771
0.072474
0.102574
0.098737
0.066761
0.188935
0.091549
0.006663
0.241425
0.432025
0.069985
0.107236
0.024338
0.150666
0.317964
0.006999
0.478297
0.206076
0.397269
0.340094
0.106217
0.229570
0.054914
0.232668
0.029004
0.206963
0.036534
0.123832
0.192958
0.082209
0.018697
0.189106
0.076070
0.384732
0.204576
0.146084
0.159533
0.064902
0.091435
0.215326
0.159664
0.058737
0.046415
0.187546
0.056103
0.044919
0.086180
0.022601
0.011087
0.036783
0.029586
0.051315
0.237034
0.035839
0.175493
0.059748
0.124246
0.032154
0.073005
0.081727
0.132069
0.217208
0.209138
0.112185
0.072243
0.024985
0.116624
0.281473
0.060798
0.173195
0.007433
0.116479
0.023464
0.142705
0.084970
0.107774
0.140683
0.062193
0.054495
0.046787
0.091071
0.020843
0.213367
0.178980
0.113582
0.125588
0.002414
0.228694
0.125446
0.150667
0.443604
0.191764
0.133185
0.495676
0.230894
0.012926
0.173743
0.006380
0.107538
0.026345
0.058450
0.012485
0.227529
0.115726
0.123903
0.163641
0.057933
0.342314
0.160577
0.184355
0.127899
0.107816
0.235713
0.334968
0.007278
0.065300
0.009023
0.030370
0.073191
0.023014
0.067078
0.068134
0.080466
0.140332
0.118473
0.087580
0.124773
0.003413
0.056031
0.012853
0.166733
0.243217
0.015319
0.086381
0.028467
0.093004
0.106436
0.136481
0.275840
0.000843
0.046583
0.257976
0.054505
0.083996
0.294704
0.020298
0.078335
0.330365
0.223664
0.030933
0.149353
0.088133
0.106523
0.084799
0.030549
0.096682
0.079908
0.167916
0.284941
0.220041
0.140127
0.018556
0.048861
0.122973
0.013990
0.107810
0.094575
0.015188
0.174165
0.057323
0.052665
0.043231
0.168546
0.099479
0.017700
0.031520
0.072241
0.205064
0.037392
0.083754
0.065112
0.118470
0.307340
0.088381
0.149432
0.023274
0.102848
0.128554
0.261283
0.067643
0.145322
0.009238
0.044176
0.033221
0.107383
0.080300
0.290156
0.084439
0.229539
0.120378
0.006748
0.291463
0.029900
0.251668
0.213865
0.084012
0.265467
0.042891
0.173088
0.104779
0.178741
0.205936
0.092210
0.289245
0.104504
0.126269
0.176981
0.167397
0.380375
0.220201
0.137333
0.084562
0.023470
0.048156
0.100476
0.036425
0.150494
0.110946
0.105971
0.151187
0.112960
0.081816
0.031738
0.064869
0.174243
0.187337
0.191199
0.150626
0.139250
0.152391
0.081110
0.065358
0.068155
0.040748
0.035268
0.012415
0.256048
0.301022
0.055451
0.200525
0.036197
0.089914
0.132815
0.044639
0.020040
0.062003
0.096129
0.205602
0.175760
0.120652
0.071264
0.062288
0.116429
0.002318
0.119382
0.209558
0.268216
0.598320
0.411692
0.092486
0.086623
0.037309
0.176308
0.057523
0.005826
0.098119
0.085117
0.233887
0.061014
0.299573
0.103708
0.009398
0.129486
0.212609
0.086170
0.109744
0.125839
0.008949
0.002504
0.022656
0.142848
0.180775
0.083067
0.253617
0.050693
0.167178
0.099328
0.066435
0.186581
0.015897
0.144542
0.191842
0.057731
0.068424
0.053038
0.157843
0.026582
0.118928
0.100762
0.024813
0.125726
0.024069
0.361939
0.284041
0.022679
0.037551
0.083386
0.058614
0.151017
0.221372
0.206690
0.073706
0.103466
0.235006
0.214110
0.304642
0.093234
0.268507
0.126559
0.213882
0.242419
0.171053
0.224904
0.115120
0.094310
0.018159
0.181415
0.091565
0.142000
0.000131
0.037197
0.241437
0.199255
0.008830
0.008978
0.046260
0.005331
0.119378
0.176168
0.081664
0.186728
0.057514
0.061409
0.006818
0.010299
0.057009
0.129458
0.473772
0.321375
0.072070
0.122662
0.019257
0.116305
0.206688
0.156317
0.017045
0.196431
0.007817
0.201056
0.022339
0.060321
0.050162
0.017453
0.069212
0.248618
0.171338
0.053769
0.079900
0.022157
0.063569
0.165969
0.152344
0.034930
0.016742
0.072385
0.071358
0.043243
0.066440
0.110869
0.228851
0.079503
0.311855
0.033223
0.115462
0.090324
0.241389
0.121776
0.127252
0.121657
0.262407
0.142844
0.231285
0.153622
0.039435
0.031828
0.256653
0.320540
0.093527
0.463352
0.251676
0.079693
0.084000
0.064017
0.158098
0.020495
0.103605
0.029984
0.065546
0.119414
0.003283
0.089079
0.152161
0.065045
0.205059
0.039591
0.030241
0.376189
0.369422
0.011896
0.127857
0.136946
0.066514
0.001851
0.144505
0.081895
0.115619
0.086158
0.087844
0.207084
0.003145
0.017365
0.486197
0.695464
0.284286
0.090516
0.113091
0.134479
0.234596
0.119660
0.207267
0.178944
0.146918
0.198009
0.157286
0.231954
0.138366
0.085989
0.134913
0.249145
0.231687
0.112343
0.019901
0.223885
0.115342
0.113377
0.071103
0.170337
0.123464
0.222773
0.015852
0.266543
0.314806
0.177962
0.350801
0.052656
0.026577
0.026644
0.145542
0.055064
0.118498
0.098524
0.050541
0.145965
0.165559
0.177419
0.065643
0.310420
0.065276
0.131730
0.045748
0.072416
0.168879
0.249836
0.117831
0.048450
0.079518
0.314963
0.274787
0.051406
0.249118
0.118392
0.200876
0.176496
0.168904
0.282308
0.278048
0.346381
0.064503
0.198798
0.188380
0.073320
0.119363
0.107052
0.293471
0.180516
0.143697
0.013249
0.137843
0.101891
0.117531
0.081941
0.015653
0.100240
0.080480
0.154926
0.339764
0.216610
0.000369
0.187965
0.072414
0.204055
0.124939
0.160746
0.345872
0.114990
0.390501
0.058580
0.250659
0.022560
0.154564
0.078457
0.007943
0.117373
0.038678
0.086108
0.038173
0.074669
0.254821
0.203051
0.272549
0.094638
0.320726
0.219878
0.321184
0.006221
0.086724
0.088217
0.062752
0.370832
0.117813
0.291049
0.198476
0.157061
0.035430
0.090740
0.015544
0.101304
0.111712
0.171061
0.205106
0.028855
0.087367
0.099607
0.094706
0.070996
0.065921
0.060171
0.022614
0.071510
0.100254
0.007952
0.050099
0.040771
0.121981
0.313989
0.020160
0.255696
0.005826
0.298477
0.091405
0.142169
0.197109
0.299692
0.008673
0.369474
0.132579
0.148540
0.069738
0.031422
0.248398
0.101475
0.041336
0.060972
0.044072
0.048944
0.314164
0.046264
0.400606
0.091377
0.125518
0.084848
0.113667
0.103260
0.157717
0.113734
0.170356
0.112203
0.302596
0.554109
0.118865
0.216971
0.076710
0.234484
0.123437
0.101579
0.223235
0.010125
0.219062
0.076576
0.148367
0.117954
0.015761
0.025618
0.092492
0.179330
0.162299
0.267178
0.173095
0.094587
0.045038
0.095889
0.002715
0.079843
0.234675
0.126856
0.132674
0.136588
0.067982
0.125931
0.162235
0.150884
0.099318
0.120681
0.058435
0.067105
0.176349
0.025955
0.086689
0.217685
0.151016
0.049917
0.142207
0.110849
0.203292
0.119739
0.124955
0.067954
0.063333
0.135998
0.199494
0.077600
0.090343
0.292976
0.314575
0.260929
0.077105
0.311567
0.039698
0.224935
0.012288
0.436302
0.159964
0.269719
0.015981
0.282483
0.074043
0.121080
0.350223
0.272460
0.004409
0.184339
0.255575
0.019409
0.132909
0.011150
0.041943
0.019311
0.274636
0.264784
0.074324
0.063237
0.084392
0.098528
0.135698
0.262309
0.198284
0.352174
0.014466
0.026500
0.024337
0.082680
0.152354
0.071414
0.004792
0.067893
0.021508
0.178198
0.218464
0.066262
0.038806
0.106510
0.007555
0.316201
0.121304
0.119663
0.011227
0.004604
0.157234
0.039690
0.292578
0.282175
0.052678
0.162316
0.001486
0.076646
0.089642
0.156440
0.070039
0.104379
0.002878
0.032226
0.107239
0.033211
0.118206
0.218118
0.106229
0.233961
0.007676
0.018557
0.088593
0.136799
0.034098
0.004020
0.101418
0.078135
0.182099
0.034733
0.175107
0.134941
0.202415
0.266127
0.195859
0.240222
0.066323
0.075356
0.050142
0.016524
0.103041
0.092650
0.233026
0.186822
0.111746
0.293159
0.143676
0.185587
0.192014
0.113083
0.164608
0.041819
0.080849
0.004905
0.086647
0.212995
0.034404
0.289513
0.037724
0.127076
0.076887
0.274075
0.382176
0.129198
0.124813
0.352388
0.035104
0.172763
0.222922
0.176559
0.012314
0.079432
0.096329
0.053643
0.036612
0.047470
0.027193
0.077356
0.463679
0.489422
0.033041
0.163494
0.164731
0.175354
0.425014
0.062894
0.233824
0.144262
0.077679
0.096891
0.145522
0.231327
0.116455
0.076224
0.215843
0.411604
0.002489
0.239591
0.111290
0.160662
0.085593
0.053721
0.141661
0.096142
0.334360
0.158328
0.309648
0.128185
0.304464
0.075505
0.048596
0.062449
0.111515
0.097965
0.011276
0.007177
0.053292
0.077463
0.238535
0.377937
0.114945
0.061408
0.104268
0.125161
0.244112
0.287807
0.044572
0.185300
0.270598
0.448536
0.286658
0.124873
0.323821
0.011020
0.140261
0.043254
0.011068
0.169435
0.246952
0.136436
0.314418
0.009140
0.229866
0.229139
0.062535
0.238091
0.252802
0.011369
0.018440
0.176883
0.140478
0.202082
0.311902
0.173127
0.048692
0.253113
0.101711
0.048846
0.230269
0.103026
0.015546
0.167687
0.067328
0.290325
0.250434
0.035073
0.190820
0.003389
0.215454
0.005520
0.283982
0.143911
0.070899
0.013425
0.035153
0.149689
0.047534
0.174747
0.112025
0.145852
0.254230
0.130265
0.109355
0.021720
0.258102
0.130590
0.344962
0.041173
0.081276
0.117908
0.257678
0.016602
0.242914
0.085641
0.063121
0.161264
0.273642
0.146456
0.375243
0.044408
0.009587
0.100768
0.099936
0.152082
0.009394
0.004895
0.071948
0.074419
0.103706
0.018225
0.111401
0.175688
0.140218
0.346970
0.128532
0.328574
0.130200
0.005193
0.039141
0.062472
0.038493
0.042040
0.183079
0.251539
0.007076
0.226994
0.186323
0.029006
0.002727
0.053688
0.020919
0.034774
0.329263
0.410247
0.275823
0.302849
0.011707
0.141741
0.186253
0.046484
0.095569
0.054148
0.053917
0.056912
0.043857
0.173225
0.152513
0.030871
0.072351
0.193500
0.000764
0.023537
0.192410
0.144584
0.051480
0.079021
0.237198
0.166166
0.055361
0.000467
0.001900
0.096498
0.179131
0.180430
0.341118
0.185101
0.038122
0.221884
0.154627
0.232059
0.032703
0.230713
0.066826
0.251581
0.193159
0.145883
0.052621
0.201747
0.264389
0.202478
0.009983
0.087545
0.106712
0.169514
0.339945
0.127400
0.030980
0.021408
0.174149
0.142537
0.083408
0.254067
0.223376
0.255889
0.468309
0.047188
0.540418
0.519665
0.410305
0.101229
0.057665
0.111680
0.186191
0.020887
0.096436
0.049915
0.079439
0.252242
0.301884
0.077983
0.068300
0.128442
0.020516
0.193065
0.326730
0.085405
0.190572
0.289061
0.191208
0.032444
0.025952
0.182476
0.020425
0.101714
0.176754
0.091811
0.407073
0.022418
0.278451
0.056058
0.114688
0.151595
0.243240
0.360549
0.052016
0.237410
0.018734
0.091224
0.009453
0.143724
0.220299
0.002404
0.173208
0.036671
0.278930
0.204603
0.149841
0.017907
0.061323
0.307903
0.038434
0.189843
0.046875
0.141253
0.280011
0.045085
0.248660
0.035032
0.039284
0.256560
0.005517
0.014382
0.295279
0.153835
0.433980
0.012581
0.104473
0.020396
0.035935
0.110379
0.186331
0.080504
0.320067
0.219129
0.080830
0.165166
0.058223
0.117027
0.106187
0.066013
0.011887
0.223795
0.035926
0.248243
0.029225
0.050968
0.082964
0.250119
0.116690
0.181278
0.114734
0.278445
0.032153
0.172613
0.023612
0.024994
0.058107
0.030627
0.046129
0.013725
0.123367
0.062810
0.202324
0.076289
0.220944
0.052372
0.135287
0.301828
0.185316
0.186907
0.284132
0.115357
0.246195
0.410285
0.061759
0.286657
0.118343
0.018734
0.010073
0.138241
0.074008
0.148551
0.010649
0.200101
0.391004
0.213117
0.193112
0.107204
0.183444
0.002405
0.292015
0.217582
0.057762
0.003428
0.046672
0.170073
0.021771
0.057754
0.353299
0.162008
0.149846
0.104079
0.053415
0.125632
0.100502
0.114152
0.021527
0.197978
0.157211
0.224709
0.053728
0.016634
0.270504
0.134660
0.309724
0.213477
0.003683
0.031070
0.071659
0.000691
0.104223
0.211455
0.184241
0.131785
0.173482
0.477564
0.219360
0.007609
0.100323
0.008524
0.013179
0.224232
0.246244
0.067556
0.282189
0.273766
0.139657
0.008610
0.221626
0.146398
0.155714
0.277410
0.139058
0.155317
0.150972
0.006401
0.017641
0.021884
0.257497
0.172463
0.148225
0.129736
0.160737
0.005937
0.133238
0.014307
0.199346
0.147153
0.221293
0.281387
0.085122
0.156274
0.059063
0.107454
0.064160
0.128158
0.073782
0.015677
0.056464
0.111289
0.017545
0.117908
0.035884
0.108863
0.063234
0.146857
0.098698
0.275543
0.025004
0.280896
0.208494
0.142539
0.205763
0.099141
0.247828
0.003460
0.037418
0.009428
0.156428
0.072297
0.127656
0.037148
0.188408
0.173518
0.177671
0.353495
0.058591
0.131145
0.056734
0.087864
0.048341
0.054098
0.069383
0.005207
0.085911
0.128613
0.248192
0.001343
0.034256
0.170246
0.181212
0.128041
0.171360
0.007864
0.074997
0.049719
0.011568
0.179804
0.071393
0.065459
0.082304
0.044436
0.016995
0.107615
0.027960
0.063822
0.151502
0.094652
0.207089
0.069990
0.378086
0.006201
0.415422
0.137450
0.147812
0.276973
0.046755
0.114518
0.257446
0.325185
0.193213
0.125002
0.072022
0.137773
0.151662
0.220992
0.347060
0.051629
0.228677
0.061906
0.056203
0.030099
0.117151
0.039167
0.276600
0.102906
0.216498
0.081580
0.209408
0.321277
0.282017
0.063546
0.117659
0.097945
0.046769
0.237307
0.140929
0.004631
0.013919
0.032865
0.082697
0.066215
0.042354
0.039334
0.172478
0.093242
0.288234
0.012463
0.207408
0.053189
0.117944
0.012200
0.003305
0.170974
0.001132
0.115234
0.139197
0.154042
0.064437
0.060439
0.288350
0.215137
0.077469
0.106548
0.112122
0.087778
0.055582
0.145887
0.216813
0.321483
0.019444
0.097211
0.390890
0.116671
0.255261
0.542205
0.194691
0.209010
0.093763
0.229638
0.006145
0.131979
0.056021
0.224590
0.180692
0.029143
0.078662
0.005078
0.023767
0.144408
0.193241
0.019742
0.054209
0.040450
0.026749
0.050879
0.217113
0.283398
0.013012
0.112645
0.050278
0.028323
0.165968
0.124042
0.098285
0.066676
0.392481
0.180477
0.186925
0.168798
0.047469
0.087555
0.068028
0.043410
0.057150
0.185092
0.004766
0.131192
0.140600
0.051191
0.098293
0.125153
0.100299
0.055720
0.161076
0.032904
0.001282
0.004736
0.179001
0.039462
0.142679
0.127281
0.046878
0.143051
0.050129
0.138444
0.097373
0.084925
0.060912
0.026892
0.106597
0.073294
0.057771
0.255965
0.052588
0.132232
0.037783
0.099924
0.028259
0.060814
0.170773
0.066090
0.234569
0.130316
0.241641
0.105998
0.049132
0.166800
0.063951
0.119155
0.140821
0.097068
0.052369
0.059076
0.043455
0.001930
0.128341
0.027291
0.162953
0.046051
0.121335
0.203543
0.095194
0.049823
0.020687
0.018887
0.120736
0.154241
0.083904
0.122893
0.090095
0.182667
0.248235
0.292351
0.177843
0.206940
0.437959
0.140205
0.241247
0.189303
0.053040
0.113638
0.122872
0.211589
0.159514
0.121851
0.326123
0.182595
0.039749
0.131657
0.022271
0.043725
0.263831
0.076943
0.205221
0.332719
0.433427
0.287135
0.236136
0.052626
0.227742
0.009198
0.009742
0.197830
0.000332
0.177785
0.109021
0.019819
0.024312
0.024510
0.114071
0.092559
0.052061
0.099466
0.018089
0.230374
0.018979
0.121865
0.222627
0.097486
0.293548
0.210846
0.060158
0.007899
0.115199
0.169329
0.089108
0.133525
0.033372
0.344607
0.227992
0.087046
0.008269
0.238461
0.346754
0.128766
0.332084
0.305457
0.261028
0.249656
0.189981
0.211697
0.131690
0.180689
0.201472
0.061632
0.101608
0.263180
0.133639
0.169765
0.010541
0.201239
0.129027
0.084221
0.193786
0.211385
0.043345
0.123757
0.052930
0.111539
0.113746
0.110489
0.087112
0.185493
0.202010
0.063614
0.272540
0.077884
0.200829
0.257273
0.023840
0.006882
0.126092
0.323594
0.012296
0.141434
0.194157
0.014740
0.265311
0.026003
0.304815
0.198442
0.102679
0.253578
0.208970
0.010004
0.061755
0.181563
0.304480
0.052900
0.068434
0.161586
0.238964
0.065987
0.084536
0.301248
0.200478
0.331838
0.274407
0.206314
0.229477
0.221530
0.069846
0.022363
0.235683
0.013552
0.269898
0.146334
0.148256
0.122766
0.009727
0.005936
0.098114
0.019594
0.070888
0.189643
0.118631
0.107462
0.122968
0.231660
0.009132
0.110052
0.031432
0.106467
0.161119
0.077868
0.178489
0.116384
0.141806
0.131009
0.069053
0.071772
0.147146
0.012204
0.055193
0.030841
0.062242
0.133323
0.115290
0.102194
0.229636
0.004529
0.369324
0.213133
0.187139
0.046088
0.169304
0.196903
0.087258
0.251618
0.071378
0.119262
0.134003
0.083050
0.352590
0.124771
0.035691
0.374145
0.517297
0.038501
0.390679
0.039375
0.028481
0.156668
0.011614
0.091982
0.076259
0.161937
0.042861
0.033109
0.235968
0.247254
0.068088
0.026576
0.311167
0.181518
0.052131
0.129281
0.185102
0.228013
0.178672
0.055821
0.054947
0.036715
0.239200
0.117308
0.068245
0.000138
0.073185
0.141974
0.056107
0.183928
0.125727
0.230464
0.006807
0.110676
0.012726
0.245003
0.143939
0.038619
0.145495
0.166268
0.137985
0.170626
0.078879
0.092073
0.009140
0.023461
0.467386
0.554995
0.069109
0.078783
0.124194
0.068812
0.054324
0.034760
0.177339
0.192128
0.155920
0.270991
0.002499
0.072190
0.150535
0.016713
0.172212
0.091800
0.298571
0.073059
0.180651
0.265494
0.168463
0.261834
0.036652
0.277948
0.141626
0.498255
0.273770
0.343903
0.126145
0.151734
0.065478
0.004030
0.123669
0.283166
0.275398
0.259295
0.385224
0.148990
0.060694
0.069084
0.042170
0.007994
0.108364
0.061089
0.054552
0.066901
0.026112
0.111314
0.084327
0.229988
0.044909
0.192768
0.045448
0.133755
0.049657
0.119595
0.027797
0.043995
0.121230
0.060156
0.056830
0.131105
0.096959
0.187262
0.164994
0.135181
0.014129
0.002263
0.151281
0.276978
0.006711
0.173524
0.138273
0.097084
0.206393
0.158970
0.078306
0.093956
0.134935
0.023524
0.052464
0.103248
0.079014
0.060690
0.228968
0.105025
0.339179
0.303512
0.099740
0.099533
0.201657
0.147936
0.142836
0.094715
0.006050
0.003764
0.077196
0.061336
0.124510
0.034423
0.056571
0.089640
0.037472
0.018641
0.028442
0.065126
0.151687
0.081508
0.489922
0.479193
0.083168
0.196839
0.006258
0.082793
0.083762
0.111938
0.100896
0.284324
0.056474
0.197933
0.396504
0.238934
0.271356
0.174974
0.055536
0.222744
0.116385
0.135401
0.093202
0.069765
0.207905
0.087867
0.210785
0.193727
0.135337
0.113746
0.053916
0.221777
0.450678
0.318029
0.215316
0.059041
0.134860
0.051351
0.000832
0.018498
0.105005
0.025695
0.288405
0.048028
0.024746
0.075151
0.222717
0.211130
0.075712
0.068375
0.080249
0.124445
0.110975
0.276988
0.340265
0.123458
0.141848
0.173109
0.127055
0.077221
0.124991
0.201538
0.096163
0.014993
0.060696
0.148855
0.100460
0.146078
0.232754
0.186774
0.177153
0.260808
0.073114
0.358868
0.387639
0.131580
0.077520
0.093433
0.017875
0.090923
0.026231
0.364275
0.067779
0.343384
0.287849
0.175270
0.269859
0.005605
0.296824
0.025011
0.017936
0.267244
0.025243
0.070233
0.060708
0.178182
0.073020
0.233562
0.067607
0.116526
0.215569
0.007507
0.183799
0.023025
0.027088
0.201585
0.125802
0.189332
0.221817
0.020008
0.073289
0.070260
0.003136
0.022185
0.273598
0.163125
0.129760
0.155301
0.124944
0.052389
0.054944
0.025211
0.195297
0.037834
0.181980
0.035311
0.103715
0.110379
0.030758
0.094910
0.012035
0.184674
0.015364
0.206844
0.023983
0.050255
0.080886
0.103174
0.039660
0.162850
0.052423
0.187401
0.064705
0.305992
0.200259
0.008710
0.132146
0.020306
0.126885
0.091422
0.116327
0.059105
0.013589
0.004884
0.083536
0.017436
0.119551
0.099983
0.144464
0.104988
0.003609
0.090009
0.219516
0.043285
0.274266
0.188244
0.217463
0.069629
0.144508
0.049532
0.221593
0.019673
0.237031
0.040778
0.230600
0.146777
0.322845
0.101337
0.205191
0.012700
0.063732
0.074754
0.034957
0.101720
0.237264
0.108465
0.075128
0.176454
0.157340
0.337940
0.312077
0.091740
0.188897
0.154468
0.115806
0.105298
0.044251
0.066209
0.014676
0.005869
0.301468
0.202064
0.075997
0.094970
0.008310
0.038243
0.295421
0.332474
0.126710
0.094104
0.162371
0.139068
0.038489
0.334378
0.249296
0.186470
0.208907
0.083993
0.047920
0.108349
0.092206
0.093713
0.170661
0.080511
0.184438
0.241191
0.054750
0.208682
0.190870
0.005249
0.417970
0.339047
0.024964
0.129769
0.020402
0.146644
0.131777
0.066156
0.036300
0.133198
0.386159
0.160775
0.101665
0.249549
0.199370
0.118849
0.062018
0.189360
0.204704
0.194809
0.242212
0.385810
0.231448
0.119335
0.281567
0.058575
0.093791
0.038885
0.043577
0.091095
0.131718
0.105759
0.008046
0.059571
0.046628
0.005078
0.029284
0.143497
0.228306
0.068379
0.072886
0.187687
0.017494
0.243616
0.100260
0.085139
0.044497
0.238786
0.109589
0.283677
0.272976
0.159293
0.172958
0.200794
0.073002
0.256405
0.109852
0.046624
0.030803
0.115225
0.133309
0.046974
0.392412
0.019438
0.232211
0.092175
0.206012
0.159678
0.136614
0.293370
0.118513
0.105280
0.232080
0.363643
0.125638
0.048523
0.026948
0.258311
0.281851
0.049317
0.032456
0.017972
0.082450
0.017569
0.061988
0.057841
0.002461
0.002067
0.012087
0.122868
0.122830
0.138776
0.236487
0.250446
0.041674
0.249603
0.252447
0.096607
0.060722
0.021109
0.172838
0.113897
0.200072
0.192274
0.029712
0.187645
0.103709
0.080851
0.113774
0.220808
0.042856
0.219287
0.055958
0.066305
0.197694
0.202047
0.275304
0.301649
0.375556
0.277010
0.547095
0.421704
0.073576
0.184792
0.242269
0.209513
0.200377
0.325880
0.090448
0.094782
0.275407
0.274370
0.032524
0.115252
0.203889
0.043750
0.190910
0.091844
0.063872
0.029239
0.142919
0.039916
0.166400
0.077483
0.044789
0.015587
0.255622
0.288564
0.196738
0.172573
0.116480
0.026301
0.074026
0.255323
0.058591
0.032497
0.231546
0.108113
0.201974
0.036698
0.065802
0.062045
0.214751
0.112860
0.241285
0.135917
0.209008
0.137869
0.072306
0.289775
0.195610
0.277380
0.269852
0.028958
0.042911
0.144336
0.420494
0.162041
0.024451
0.194858
0.123335
0.016501
0.305709
0.011492
0.243616
0.106051
0.379963
0.288560
0.069661
0.028113
0.154487
0.184649
0.068165
0.360627
0.244540
0.077989
0.229560
0.145946
0.023110
0.024598
0.024504
0.013207
0.059682
0.199827
0.000512
0.227888
0.197869
0.209453
0.146142
0.025145
0.066880
0.109921
0.211488
0.075898
0.209450
0.041321
0.005804
0.132520
0.114029
0.155854
0.090029
0.126919
0.240298
0.050492
0.061597
0.074531
0.158023
0.056060
0.010157
0.032820
0.011241
0.138741
0.001760
0.172068
0.188655
0.270941
0.172494
0.346066
0.042121
0.247335
0.176288
0.041640
0.012910
0.053222
0.131252
0.044176
0.030868
0.025141
0.214385
0.153768
0.161981
0.011202
0.003943
0.041486
0.028962
0.256412
0.161516
0.020654
0.001776
0.076272
0.145924
0.120122
0.003617
0.034912
0.173297
0.056668
0.086794
0.059640
0.113765
0.182661
0.033556
0.156785
0.029866
0.195925
0.054134
0.076852
0.054247
0.158431
0.043811
0.087719
0.264121
0.032864
0.381543
0.142351
0.466260
0.215154
0.215324
0.044902
0.212686
0.061547
0.039096
0.026438
0.174865
0.141010
0.188830
0.248263
0.091016
0.204380
0.018008
0.290972
0.176436
0.348769
0.474296
0.259498
0.253713
0.151903
0.016143
0.146361
0.108394
0.128802
0.120709
0.405753
0.102722
0.204459
0.055826
0.215272
0.158165
0.337909
0.179195
0.230264
0.313275
0.042420
0.216120
0.129941
0.261153
0.135585
0.143467
0.025243
0.070008
0.090389
0.139021
0.111544
0.028458
0.193312
0.265791
0.437707
0.027644
0.129785
0.093505
0.244550
0.052309
0.105172
0.076429
0.224348
0.221941
0.150803
0.368436
0.066075
0.045228
0.243992
0.142770
0.257815
0.234865
0.274690
0.073419
0.066515
0.078272
0.099140
0.026348
0.013250
0.059110
0.211587
0.376742
0.278212
0.122206
0.120970
0.141783
0.069783
0.215268
0.373344
0.167945
0.147740
0.057982
0.092574
0.057713
0.212637
0.101516
0.526733
0.151440
0.199552
0.031293
0.276029
0.147104
0.038220
0.016929
0.229018
0.140469
0.137077
0.059545
0.105746
0.096747
0.025328
0.290586
0.053954
0.010741
0.254592
0.081992
0.223931
0.282095
0.149840
0.016344
0.042924
0.032437
0.105988
0.045190
0.029067
0.016935
0.029693
0.135212
0.030366
0.149304
0.139403
0.167150
0.053506
0.057643
0.146588
0.313277
0.063159
0.260545
0.020170
0.215791
0.136518
0.128145
0.028143
0.121515
0.165848
0.285635
0.294870
0.121622
0.306862
0.095585
0.178521
0.130121
0.017439
0.282510
0.036120
0.192353
0.034003
0.113095
0.002705
0.028715
0.031460
0.059399
0.137252
0.205120
0.244390
0.258306
0.039720
0.176510
0.138388
0.116248
0.039300
0.067153
0.225457
0.038653
0.126655
0.053688
0.166291
0.020467
0.421444
0.236396
0.178273
0.112346
0.090317
0.075088
0.013646
0.020777
0.063047
0.243418
0.045143
0.008832
0.175787
0.029635
0.331245
0.302127
0.258874
0.318376
0.164891
0.087822
0.453954
0.516637
0.325118
0.421572
0.337651
0.153550
0.341820
0.052195
0.122852
0.152244
0.222667
0.083081
0.041388
0.077912
0.064046
0.001873
0.319778
0.041517
0.059537
0.096065
0.051214
0.289912
0.345009
0.061944
0.017160
0.135545
0.144275
0.269813
0.091304
0.338346
0.022366
0.293520
0.358370
0.209839
0.251839
0.194214
0.210333
0.099726
0.150559
0.050400
0.042314
0.037975
0.190348
0.192197
0.065436
0.045794
0.096563
0.046542
0.034200
0.038500
0.062200
0.004345
0.221836
0.229401
0.487154
0.350669
0.190466
0.132693
0.270266
0.228692
0.097329
0.275477
0.140977
0.234477
0.447363
0.300997
0.057513
0.043018
0.065556
0.220532
0.174219
0.039544
0.198291
0.088051
0.219495
0.031009
0.186626
0.143443
0.075402
0.192661
0.211625
0.081010
0.243583
0.264946
0.121283
0.158903
0.111646
0.215336
0.214528
0.064240
0.085271
0.012966
0.036330
0.051065
0.144116
0.010760
0.061662
0.034992
0.178079
0.096486
0.074686
0.272706
0.146398
0.033226
0.225001
0.269346
0.087523
0.240628
0.123744
0.296585
0.055649
0.098062
0.078537
0.037526
0.176274
0.181876
0.149115
0.337699
0.132472
0.143946
0.201756
0.090033
0.106356
0.154564
0.001238
0.083153
0.187132
0.331220
0.139476
0.383753
0.092675
0.021649
0.112742
0.046082
0.134136
0.122517
0.056125
0.039958
0.077830
0.062590
0.119055
0.035033
0.047527
0.014082
0.077709
0.166201
0.060509
0.001085
0.167787
0.043832
0.220199
0.092503
0.089369
0.097282
0.167900
0.215953
0.003521
0.105049
0.171837
0.192497
0.295233
0.415797
0.308633
0.302238
0.002550
0.360808
0.105617
0.347053
0.097565
0.123541
0.082987
0.316461
0.003944
0.138834
0.135470
0.295220
0.184823
0.110973
0.197776
0.395448
0.291839
0.028071
0.098213
0.075247
0.042922
0.018785
0.143178
0.188367
0.047894
0.069367
0.031537
0.166137
0.295737
0.310740
0.119194
0.362683
0.251178
0.142431
0.006436
0.372235
0.112023
0.326036
0.122646
0.014918
0.149456
0.292931
0.060802
0.177114
0.028358
0.031880
0.073217
0.038377
0.039794
0.012958
0.239908
0.399650
0.170243
0.304171
0.076552
0.144797
0.109102
0.230404
0.001352
0.247020
0.105965
0.080751
0.034055
0.186011
0.209666
0.074728
0.018116
0.077655
0.143727
0.245403
0.298163
0.116646
0.019861
0.005458
0.208147
0.349541
0.147115
0.381204
0.095441
0.272512
0.330361
0.181112
0.155636
0.012392
0.063468
0.116528
0.231439
0.023790
0.143887
0.098198
0.102418
0.024736
0.136693
0.248305
0.036704
0.055686
0.146863
0.018386
0.172608
0.108494
0.003280
0.034091
0.194108
0.032858
0.099079
0.016228
0.010751
0.079955
0.059782
0.089033
0.078789
0.254552
0.015653
0.143502
0.030080
0.014859
0.012714
0.009611
0.000230
0.107825
0.155267
0.087696
0.063785
0.056756
0.213381
0.017461
0.303886
0.068777
0.255980
0.046254
0.089671
0.266734
0.003822
0.170755
0.054123
0.088009
0.026280
0.098111
0.078458
0.123134
0.106713
0.138517
0.034536
0.230430
0.046070
0.052939
0.083023
0.037260
0.070231
0.009134
0.103913
0.027674
0.027838
0.076219
0.020615
0.087643
0.045744
0.029465
0.101787
0.103836
0.061345
0.147816
0.099707
0.129163
0.102882
0.227026
0.082895
0.000491
0.021736
0.085258
0.022230
0.276762
0.260254
0.199328
0.037256
0.266446
0.061490
0.059369
0.029422
0.229160
0.077401
0.064293
0.371120
0.066386
0.195252
0.093009
0.044828
0.118264
0.080439
0.076970
0.261035
0.096309
0.009926
0.365804
0.422632
0.111792
0.148184
0.250393
0.038062
0.134169
0.022428
0.096912
0.204977
0.057524
0.130160
0.124627
0.138660
0.086146
0.198416
0.016716
0.063964
0.273338
0.189105
0.139692
0.248446
0.061305
0.086789
0.119807
0.058076
0.132731
0.146097
0.150266
0.307287
0.077106
0.223416
0.139715
0.188827
0.058677
0.203799
0.140965
0.211591
0.156917
0.029288
0.017267
0.124553
0.067567
0.121719
0.102803
0.064816
0.262500
0.230912
0.210368
0.293602
0.075472
0.328934
0.323246
0.119792
0.074772
0.135140
0.125842
0.081561
0.163144
0.221257
0.059785
0.171939
0.037310
0.123021
0.306051
0.161137
0.125665
0.042053
0.285202
0.014560
0.348893
0.219296
0.091269
0.010159
0.084300
0.326004
0.225587
0.135024
0.304647
0.032237
0.208552
0.136134
0.315223
0.097953
0.110399
0.057902
0.017642
0.051541
0.036977
0.030708
0.168256
0.023527
0.006912
0.166797
0.139756
0.147121
0.348641
0.083321
0.003600
0.177963
0.267286
0.225184
0.334933
0.100554
0.017924
0.223010
0.246568
0.075460
0.364572
0.170135
0.123899
0.047754
0.062192
0.077375
0.190404
0.164828
0.006821
0.381339
0.057146
0.337485
0.133964
0.117219
0.116128
0.047711
0.166564
0.140584
0.167282
0.104165
0.225239
0.240435
0.152001
0.162937
0.127161
0.180483
0.105788
0.005006
0.084628
0.162819
0.094586
0.009691
0.025863
0.053680
0.065494
0.146417
0.192933
0.001546
0.021011
0.124239
0.113844
0.083945
0.193326
0.080306
0.221719
0.279447
0.077197
0.019929
0.082511
0.209639
0.008043
0.216016
0.095955
0.062888
0.135263
0.101069
0.036161
0.035122
0.147725
0.219416
0.083737
0.285419
0.339091
0.029319
0.050883
0.082090
0.241542
0.179251
0.022813
0.165865
0.289932
0.108427
0.084046
0.384650
0.087649
0.321409
0.019233
0.046046
0.149245
0.015434
0.075562
0.097806
0.071612
0.255716
0.111945
0.027302
0.011420
0.101923
0.099859
0.308001
0.205460
0.070443
0.121283
0.182737
0.084729
0.033691
0.102438
0.166002
0.134694
0.061090
0.062339
0.052883
0.012545
0.131304
0.276963
0.082545
0.357971
0.235477
0.125996
0.142310
0.088246
0.096809
0.286202
0.144668
0.086402
0.044147
0.033534
0.004303
0.045693
0.132727
0.213336
0.260527
0.400951
0.281551
0.003936
0.040193
0.005331
0.022130
0.278466
0.373984
0.099712
0.116679
0.089621
0.019526
0.087591
0.141279
0.010974
0.278161
0.203842
0.135330
0.265385
0.165469
0.014046
0.004351
0.128191
0.010211
0.238488
0.285560
0.097562
0.476759
0.044859
0.200718
0.063300
0.009814
0.176924
0.285912
0.027452
0.343683
0.061609
0.158532
0.070397
0.104918
0.153234
0.264770
0.295646
0.035822
0.196271
0.062987
0.031136
0.138186
0.011996
0.014284
0.020213
0.072760
0.134218
0.097351
0.126605
0.038816
0.097491
0.048001
0.033071
0.024913
0.019250
0.025282
0.029885
0.003059
0.236122
0.057144
0.168138
0.204958
0.065174
0.311977
0.041815
0.002311
0.193359
0.014028
0.278835
0.156186
0.023429
0.070030
0.248962
0.120489
0.133751
0.186642
0.099852
0.137266
0.053428
0.014719
0.064563
0.071437
0.099038
0.083298
0.191249
0.021703
0.292503
0.076900
0.080590
0.036236
0.162468
0.007006
0.313412
0.027448
0.146000
0.259977
0.167289
0.028226
0.005952
0.133602
0.068288
0.204183
0.132100
0.266640
0.031856
0.031501
0.019413
0.071398
0.020328
0.145825
0.172805
0.206571
0.169871
0.265615
0.233406
0.222820
0.434644
0.264209
0.275158
0.309684
0.120064
0.111978
0.032522
0.186158
0.187577
0.287090
0.061323
0.064288
0.232756
0.275184
0.191515
0.017298
0.040868
0.050389
0.004363
0.100762
0.008371
0.049948
0.227075
0.087773
0.077897
0.101752
0.115163
0.156101
0.045117
0.095598
0.130869
0.058045
0.193302
0.066036
0.121467
0.073753
0.019292
0.057335
0.107137
0.021853
0.084810
0.029514
0.013972
0.136837
0.109685
0.012620
0.114639
0.094163
0.133178
0.112003
0.014233
0.127722
0.144245
0.041039
0.311744
0.300010
0.031753
0.130773
0.069526
0.272462
0.393510
0.191629
0.106397
0.109185
0.060109
0.149251
0.038394
0.343812
0.208688
0.085640
0.241867
0.056478
0.097727
0.362298
0.025863
0.234880
0.006839
0.123214
0.074439
0.145430
0.013213
0.042482
0.192730
0.144059
0.282798
0.266839
0.175154
0.183241
0.026274
0.022907
0.156911
0.171468
0.055712
0.020100
0.178395
0.047988
0.165173
0.056022
0.077160
0.070063
0.140391
0.009862
0.221263
0.073944
0.134937
0.269077
0.097992
0.299025
0.054053
0.225267
0.088481
0.132024
0.007033
0.006776
0.101622
0.039013
0.150828
0.177603
0.005215
0.257865
0.208472
0.022740
0.107312
0.057353
0.089052
0.037420
0.095801
0.077811
0.123114
0.071323
0.089497
0.047091
0.103429
0.168998
0.017074
0.273610
0.032005
0.234977
0.022414
0.174582
0.023251
0.042531
0.038791
0.019464
0.016071
0.222206
0.063604
0.204769
0.081744
0.073692
0.190807
0.030468
0.156580
0.185653
0.158672
0.042515
0.089797
0.040921
0.117419
0.160713
0.181968
0.128327
0.008976
0.064701
0.146972
0.146017
0.079541
0.071018
0.212991
0.385357
0.079053
0.131155
0.217705
0.339898
0.341587
0.218544
0.135015
0.102636
0.210931
0.333354
0.113193
0.205719
0.267100
0.002863
0.221768
0.008644
0.204029
0.083851
0.107432
0.343829
0.290441
0.118959
0.333407
0.162394
0.307446
0.175871
0.157282
0.154356
0.270894
0.269734
0.071729
0.013202
0.081902
0.040920
0.271129
0.059217
0.108181
0.168483
0.234703
0.424634
0.087188
0.066960
0.189690
0.291932
0.009928
0.005631
0.218565
0.178666
0.081701
0.020433
0.011429
0.100837
0.041737
0.041620
0.045257
0.113765
0.226224
0.069426
0.178204
0.369523
0.353321
0.348012
0.091957
0.276695
0.217359
0.117488
0.111505
0.394465
0.217153
0.120425
0.079333
0.123760
0.040653
0.094801
0.101643
0.097274
0.211928
0.203915
0.011699
0.264056
0.042933
0.320307
0.070687
0.197683
0.180777
0.064742
0.090547
0.036037
0.027228
0.350985
0.190691
0.060142
0.166344
0.023843
0.181285
0.127472
0.071717
0.081066
0.115202
0.084305
0.040163
0.126808
0.058595
0.125533
0.229525
0.223698
0.119224
0.056003
0.065115
0.420584
0.046345
0.059307
0.139807
0.054272
0.151495
0.122910
0.074980
0.088733
0.221030
0.135121
0.196746
0.374856
0.059439
0.385578
0.328860
0.007002
0.163269
0.375301
0.209465
0.256612
0.157218
0.114059
0.186296
0.021896
0.114326
0.261381
0.383265
0.070027
0.402270
0.424179
0.051029
0.218958
0.116282
0.159933
0.134778
0.169167
0.314439
0.003627
0.183684
0.083899
0.033306
0.006878
0.044706
0.012459
0.060928
0.117816
0.135108
0.128896
0.063717
0.049646
0.200494
0.010231
0.276916
0.212476
0.289715
0.175842
0.288083
0.031002
0.204533
0.029664
0.076673
0.133909
0.376558
0.105928
0.416707
0.140714
0.356708
0.269007
0.540682
0.396750
0.017700
0.016259
0.020350
0.031598
0.147979
0.012616
0.074810
0.130616
0.126545
0.206145
0.324084
0.221900
0.143003
0.126697
0.137170
0.009456
0.015397
0.102725
0.025765
0.018739
0.178555
0.295678
0.004611
0.332884
0.128121
0.200224
0.352302
0.136384
0.170190
0.050384
0.037612
0.044300
0.089936
0.171516
0.088861
0.290627
0.127612
0.079855
0.005051
0.002859
0.131905
0.050029
0.381350
0.302117
0.115275
0.055078
0.240611
0.010939
0.236169
0.094018
0.227130
0.115782
0.019527
0.216434
0.409471
0.139820
0.055132
0.041445
0.124826
0.359814
0.164309
0.526924
0.777737
0.394682
0.007796
0.311832
0.038411
0.350690
0.039398
0.339800
0.022787
0.362318
0.130061
0.137250
0.161697
0.341986
0.362202
0.176243
0.251463
0.050028
0.007566
0.026878
0.019945
0.012036
0.043911
0.125664
0.021042
0.224564
0.124655
0.238518
0.255699
0.335337
0.030023
0.073414
0.099192
0.125591
0.364722
0.026923
0.318284
0.257580
0.018743
0.126330
0.147916
0.047802
0.389531
0.343760
0.065649
0.304165
0.361452
0.196017
0.324063
0.194582
0.506220
0.129945
0.127946
0.213091
0.444350
0.091034
0.337096
0.199168
0.079075
0.001185
0.098537
0.013259
0.145954
0.264018
0.124624
0.295018
0.128628
0.017221
0.233555
0.089504
0.004835
0.259902
0.092921
0.070697
0.106898
0.118207
0.187433
0.247712
0.046805
0.238698
0.387644
0.084211
0.140122
0.290625
0.099487
0.338195
0.090967
0.289717
0.006751
0.302688
0.222017
0.152017
0.077669
0.221923
0.061260
0.174278
0.281730
0.131037
0.189115
0.083057
0.167185
0.085110
0.127142
0.133275
0.259857
0.439622
0.036542
0.223713
0.024585
0.216124
0.359481
0.157761
0.299874
0.387172
0.102082
0.055017
0.438304
0.170387
0.087349
0.002316
0.165126
0.198737
0.472766
0.174668
0.145195
0.038610
0.306745
0.256048
0.197508
0.394260
0.265834
0.297802
0.062009
0.064324
0.199795
0.292931
0.087802
0.436261
0.011669
0.434616
0.145899
0.524590
0.080780
0.051709
0.174542
0.218585
0.209960
0.234839
0.138549
0.091263
0.124585
0.141066
0.113687
0.141247
0.036651
0.231905
0.025451
0.232580
0.076114
0.000820
0.210770
0.330447
0.169376
0.012489
0.092775
0.136256
0.153265
0.329447
0.047829
0.296454
0.052644
0.619552
0.394802
0.231229
0.180275
0.002423
0.207028
0.180896
0.006745
0.077094
0.293999
0.323089
0.098500
0.150301
0.232034
0.128840
0.110731
0.001401
0.284026
0.082083
0.530029
0.154520
0.354768
0.116505
0.037964
0.047369
0.064969
0.126470
0.030360
0.067477
0.055004
0.211015
0.154903
0.086999
0.135714
0.006574
0.361668
0.025397
0.449436
0.497576
0.026901
0.262304
0.234125
0.146621
0.084698
0.063500
0.069279
0.118059
0.011673
0.035759
0.160363
0.304181
0.248514
0.355325
0.285727
0.072211
0.373842
0.136795
0.102533
0.077044
0.051309
0.081781
0.177060
0.115127
0.044731
0.100746
0.052228
0.061076
0.271728
0.223380
0.195613
0.097201
0.020508
0.034963
0.105101
0.100744
0.109206
0.035751
0.129369
0.162087
0.019199
0.140931
0.125476
0.090812
0.010087
0.045657
0.034486
0.109888
0.055802
0.172968
0.239206
0.080333
0.102536
0.080424
0.124510
0.076871
0.007049
0.015820
0.035892
0.091747
0.222123
0.040194
0.450448
0.073932
0.398482
0.021848
0.366732
0.080652
0.424179
0.050750
0.046390
0.003293
0.366596
0.127162
0.227614
0.078344
0.258907
0.019807
0.114898
0.168205
0.250309
0.314012
0.095465
0.190292
0.310406
0.128784
0.142458
0.071156
0.189902
0.056398
0.076555
0.281379
0.332822
0.088557
0.001848
0.168117
0.081178
0.383998
0.272817
0.057585
0.109781
0.245298
0.425265
0.062182
0.101808
0.091580
0.004052
0.032686
0.298840
0.159511
0.188555
0.024618
0.049403
0.276068
0.022076
0.193885
0.037858
0.035340
0.106017
0.052329
0.058420
0.024667
0.176570
0.035677
0.236418
0.038983
0.082743
0.072807
0.219962
0.147558
0.131699
0.175480
0.075602
0.006577
0.053709
0.147229
0.497361
0.181209
0.036279
0.319481
0.075299
0.099359
0.092426
0.212941
0.006665
0.149547
0.338133
0.235613
0.080662
0.162424
0.123469
0.018244
0.093490
0.321799
0.155974
0.094876
0.102522
0.078614
0.009227
0.277469
0.011697
0.319771
0.028769
0.128749
0.009642
0.209649
0.141609
0.254266
0.161848
0.146222
0.039735
0.141462
0.194198
0.213076
0.134031
0.090718
0.260888
0.048857
0.245949
0.033422
0.130243
0.048132
0.040568
0.034909
0.103372
0.093731
0.054355
0.000254
0.031347
0.042956
0.068814
0.030364
0.114566
0.016875
0.001066
0.035816
0.072335
0.218006
0.029211
0.238696
0.039958
0.201018
0.008184
0.096396
0.141114
0.104132
0.017721
0.117192
0.265994
0.093658
0.038321
0.027268
0.078873
0.211620
0.239837
0.164661
0.119193
0.022214
0.099386
0.069189
0.168449
0.106028
0.060878
0.133031
0.165930
0.062551
0.216527
0.134533
0.046926
0.256830
0.091601
0.059223
0.045025
0.009820
0.197905
0.030444
0.025310
0.216947
0.019193
0.120660
0.019146
0.038586
0.173359
0.225780
0.034846
0.096574
0.019800
0.037212
0.135798
0.064671
0.158989
0.010362
0.081809
0.109528
0.011306
0.189762
0.095755
0.148258
0.364015
0.116595
0.193085
0.241906
0.082909
0.152705
0.208827
0.268786
0.128042
0.082162
0.209055
0.062729
0.262522
0.117819
0.163929
0.059556
0.097270
0.187754
0.090605
0.548284
0.354016
0.105954
0.107383
0.022372
0.069661
0.039599
0.048835
0.207879
0.033033
0.065010
0.191312
0.101135
0.058310
0.064308
0.029247
0.081092
0.106505
0.115164
0.175947
0.025829
0.174113
0.298472
0.105485
0.236618
0.013118
0.168551
0.303824
0.087236
0.018750
0.006562
0.062132
0.121612
0.018128
0.070812
0.380269
0.170779
0.049360
0.105103
0.255044
0.172472
0.224709
0.203584
0.304902
0.568585
0.316562
0.001582
0.061802
0.008464
0.184998
0.158349
0.270252
0.372602
0.205490
0.150092
0.005188
0.309915
0.173310
0.418453
0.268225
0.257527
0.134508
0.027220
0.130423
0.049047
0.005006
0.041952
0.019545
0.008388
0.072209
0.079326
0.151056
0.000978
0.181283
0.320412
0.093947
0.052589
0.209999
0.254188
0.228243
0.113446
0.205798
0.064443
0.111257
0.152518
0.101579
0.101527
0.051573
0.022525
0.000749
0.180745
0.145422
0.332309
0.198473
0.104841
0.211368
0.052883
0.043216
0.223988
0.086770
0.240899
0.033721
0.108911
0.010474
0.057435
0.041096
0.097039
0.160464
0.093987
0.122151
0.238645
0.063618
0.245590
0.286499
0.037719
0.099952
0.022529
0.099753
0.100867
0.008880
0.158143
0.102058
0.067362
0.082211
0.180223
0.284580
0.126690
0.014486
0.133189
0.237504
0.172035
0.012323
0.109902
0.017083
0.032198
0.036010
0.208008
0.013682
0.379174
0.227924
0.052867
0.022225
0.120039
0.196578
0.103505
0.032084
0.014279
0.141813
0.035934
0.266165
0.017729
0.292238
0.094322
0.293390
0.292381
0.173926
0.278235
0.189020
0.162603
0.272931
0.047427
0.009297
0.306224
0.087256
0.324259
0.044849
0.103427
0.088512
0.070682
0.071012
0.055562
0.061711
0.033510
0.042744
0.197572
0.187519
0.176454
0.229907
0.116410
0.003860
0.062031
0.152412
0.059256
0.072447
0.102341
0.072995
0.033137
0.008561
0.108307
0.085692
0.139112
0.063275
0.181786
0.164013
0.007247
0.024646
0.078079
0.117008
0.076984
0.083389
0.005342
0.009693
0.046289
0.079403
0.154764
0.151375
0.181776
0.085085
0.199701
0.370154
0.005534
0.100275
0.199349
0.047788
0.025807
0.296883
0.072847
0.266614
0.153333
0.156266
0.280902
0.050399
0.038885
0.015288
0.238585
0.173259
0.183660
0.421171
0.102926
0.068702
0.018606
0.061768
0.193439
0.069821
0.069496
0.105706
0.090361
0.094215
0.013737
0.040352
0.027363
0.144289
0.091155
0.024238
0.180578
0.069465
0.198084
0.224730
0.068127
0.165844
0.108111
0.095849
0.057273
0.048851
0.054774
0.135914
0.036466
0.118031
0.105522
0.217071
0.048541
0.077777
0.101496
0.275265
0.280443
0.109965
0.314707
0.063840
0.051980
0.001313
0.100887
0.052001
0.012646
0.155323
0.020897
0.253299
0.151672
0.021513
0.175037
0.239276
0.093466
0.027054
0.237684
0.314585
0.029520
0.066692
0.069510
0.292247
0.146282
0.069687
0.073486
0.129445
0.060484
0.098367
0.026833
0.010783
0.012134
0.007422
0.105765
0.107269
0.101611
0.090390
0.071896
0.082854
0.211323
0.333698
0.085146
0.126210
0.059240
0.143776
0.121466
0.042646
0.240228
0.185134
0.125634
0.016791
0.286205
0.119812
0.061499
0.063868
0.055607
0.257328
0.032555
0.194069
0.012748
0.018667
0.057291
0.202379
0.056297
0.013589
0.357076
0.317763
0.171481
0.053683
0.176343
0.270241
0.004650
0.026143
0.223733
0.073291
0.110173
0.090272
0.162196
0.185038
0.032129
0.096211
0.101584
0.039088
0.088557
0.056271
0.226499
0.214792
0.093674
0.204408
0.185239
0.237831
0.164507
0.191790
0.061161
0.203212
0.155194
0.090577
0.162017
0.282050
0.285777
0.185626
0.159522
0.020251
0.055426
0.079937
0.062211
0.065933
0.032825
0.072244
0.068409
0.010938
0.095203
0.062684
0.288635
0.124006
0.037033
0.095989
0.115019
0.011478
0.149312
0.104037
0.223092
0.190786
0.324559
0.259125
0.140438
0.002029
0.117269
0.082522
0.172797
0.375642
0.237688
0.179983
0.049559
0.185155
0.105584
0.018604
0.029730
0.016591
0.161364
0.070544
0.089595
0.028884
0.402151
0.199241
0.249955
0.102129
0.128967
0.207033
0.133302
0.233107
0.093451
0.067316
0.106924
0.050671
0.093582
0.239858
0.062329
0.076103
0.113466
0.124264
0.087530
0.077425
0.025621
0.026581
0.086333
0.147782
0.067035
0.083266
0.089201
0.189506
0.185541
0.244982
0.067332
0.086313
0.295847
0.155436
0.069355
0.136928
0.070391
0.154678
0.190537
0.001957
0.057153
0.058655
0.166416
0.087826
0.217288
0.085907
0.217734
0.169661
0.043305
0.186481
0.045789
0.206170
0.121488
0.235047
0.009175
0.086571
0.079153
0.052508
0.021282
0.095451
0.030096
0.003779
0.067164
0.000126
0.157304
0.117879
0.022543
0.122430
0.172155
0.032628
0.145279
0.021404
0.282906
0.043072
0.069328
0.123831
0.037486
0.110578
0.367241
0.007952
0.289712
0.189233
0.041301
0.072481
0.195271
0.149848
0.121410
0.163719
0.102478
0.203755
0.104829
0.066930
0.140719
0.288854
0.163395
0.091146
0.166205
0.363175
0.362225
0.331133
0.059710
0.243291
0.054354
0.092091
0.082581
0.003521
0.135895
0.128045
0.102334
0.167796
0.022910
0.135445
0.054888
0.268134
0.142954
0.317866
0.266023
0.029091
0.005363
0.003771
0.030088
0.058347
0.096554
0.236365
0.036466
0.022461
0.135198
0.130910
0.130431
0.090583
0.200624
0.087878
0.034680
0.222220
0.030783
0.238958
0.088596
0.225894
0.186123
0.153179
0.014502
0.035227
0.292592
0.022108
0.286767
0.183974
0.259848
0.002201
0.064476
0.057651
0.006195
0.067733
0.058310
0.052302
0.250318
0.297701
0.125293
0.247842
0.283361
0.023810
0.149103
0.121043
0.005259
0.168455
0.411316
0.279274
0.002125
0.015494
0.056355
0.105634
0.134255
0.091293
0.101647
0.007990
0.138265
0.236876
0.069182
0.046669
0.155009
0.011685
0.281036
0.215829
0.088819
0.167799
0.004832
0.089660
0.032174
0.106920
0.094396
0.075943
0.083368
0.188138
0.167474
0.390653
0.167015
0.141894
0.100373
0.087334
0.078267
0.065691
0.022264
0.028627
0.031028
0.083539
0.034987
0.186837
0.226951
0.004128
0.131184
0.069823
0.086337
0.122401
0.016113
0.306323
0.020279
0.407521
0.225827
0.066597
0.056684
0.046059
0.387819
0.422769
0.267192
0.402956
0.064404
0.111346
0.003820
0.038922
0.127006
0.229602
0.054559
0.255595
0.217122
0.125037
0.424458
0.164337
0.274824
0.198713
0.020994
0.066952
0.023421
0.133660
0.050315
0.053823
0.203099
0.046714
0.049401
0.217460
0.296685
0.085680
0.286095
0.067767
0.057346
0.270634
0.104144
0.109994
0.084160
0.090581
0.154363
0.292069
0.032242
0.156304
0.093660
0.058605
0.093755
0.028964
0.197964
0.037166
0.188526
0.049196
0.071705
0.022654
0.210867
0.236486
0.345125
0.445332
0.257742
0.054767
0.030624
0.111857
0.070506
0.116663
0.045850
0.212866
0.029714
0.337824
0.068947
0.455457
0.212626
0.000805
0.293994
0.347997
0.125067
0.026616
0.129040
0.229973
0.020149
0.069378
0.173956
0.002788
0.030054
0.012620
0.124735
0.176785
0.243075
0.085681
0.087375
0.122427
0.059777
0.137915
0.093390
0.001972
0.102394
0.059328
0.091713
0.204613
0.016821
0.260724
0.138086
0.138090
0.094778
0.140137
0.106685
0.170126
0.227200
0.075667
0.545884
0.093288
0.128491
0.140447
0.235231
0.103625
0.159365
0.323361
0.094496
0.064516
0.074214
0.093329
0.393261
0.286870
0.093856
0.202252
0.136538
0.233031
0.250245
0.080396
0.286566
0.124432
0.010947
0.087523
0.233902
0.348613
0.018711
0.162388
0.054947
0.114831
0.300577
0.105632
0.113922
0.031324
0.149200
0.021665
0.105725
0.078387
0.007002
0.055590
0.146145
0.012564
0.034485
0.042003
0.051488
0.050624
0.227764
0.278111
0.060653
0.219816
0.002401
0.206699
0.080704
0.024162
0.116464
0.027241
0.208988
0.027890
0.009746
0.004658
0.233530
0.004932
0.129854
0.048690
0.009119
0.128433
0.036203
0.096961
0.047351
0.034105
0.020440
0.054941
0.069081
0.222715
0.030270
0.404051
0.175015
0.032211
0.119890
0.120555
0.178050
0.071952
0.077342
0.075767
0.037488
0.097351
0.014298
0.064256
0.007383
0.021677
0.193770
0.182385
0.321900
0.123793
0.047854
0.249279
0.163835
0.078337
0.241386
0.202405
0.081355
0.146307
0.116392
0.264511
0.156403
0.097692
0.011716
0.107359
0.147327
0.034895
0.146910
0.165500
0.201344
0.410149
0.002362
0.120623
0.093109
0.110520
0.124030
0.235331
0.270450
0.184751
0.025160
0.005337
0.147903
0.351392
0.261869
0.056775
0.194820
0.078050
0.167793
0.136140
0.023280
0.202571
0.129873
0.003070
0.281724
0.215936
0.063223
0.067269
0.051797
0.137542
0.474267
0.133855
0.007772
0.317795
0.133762
0.043300
0.119792
0.098736
0.224571
0.055612
0.117389
0.010297
0.092051
0.205883
0.186515
0.053386
0.009656
0.021780
0.136491
0.063621
0.009934
0.010191
0.257437
0.162255
0.125044
0.018761
0.208841
0.188219
0.011097
0.073863
0.297161
0.005806
0.277245
0.104297
0.212336
0.032824
0.039249
0.237253
0.138880
0.002947
0.502474
0.546439
0.088122
0.132697
0.058872
0.124986
0.134802
0.140425
0.182761
0.248088
0.164586
0.064258
0.073045
0.164932
0.233669
0.046946
0.065463
0.290307
0.119405
0.022002
0.043002
0.094766
0.000178
0.044635
0.004254
0.172248
0.153944
0.120093
0.073267
0.176483
0.227008
0.211930
0.090183
0.211336
0.095003
0.048127
0.173859
0.020510
0.193945
0.100631
0.071654
0.001835
0.082246
0.131509
0.316008
0.014733
0.392191
0.054957
0.130918
0.140080
0.034187
0.279424
0.028388
0.252188
0.081145
0.127796
0.203022
0.020265
0.091833
0.012157
0.155919
0.209751
0.005009
0.180838
0.091992
0.070010
0.115432
0.020226
0.279508
0.170619
0.127766
0.168062
0.023734
0.171018
0.118908
0.248675
0.050716
0.259932
0.045732
0.112271
0.077888
0.234641
0.057881
0.082058
0.065000
0.070463
0.184798
0.251135
0.140461
0.058913
0.126136
0.225508
0.168107
0.212345
0.178145
0.104325
0.202404
0.103525
0.297199
0.010853
0.015061
0.033169
0.130501
0.210063
0.243812
0.060731
0.041667
0.057288
0.006454
0.094709
0.012203
0.036978
0.096614
0.159850
0.233612
0.200569
0.336528
0.228194
0.274429
0.179255
0.210784
0.394068
0.248947
0.004258
0.235535
0.154801
0.279588
0.086201
0.434065
0.282823
0.074805
0.283088
0.091006
0.385706
0.359734
0.063896
0.150648
0.262946
0.400421
0.079550
0.041082
0.006279
0.149415
0.276468
0.033618
0.145384
0.148033
0.221006
0.013595
0.291328
0.009926
0.221576
0.024839
0.075271
0.089809
0.073565
0.220980
0.068168
0.158895
0.030407
0.026819
0.031766
0.050531
0.133931
0.029675
0.064933
0.186892
0.264599
0.064308
0.197733
0.216263
0.112916
0.575750
0.261440
0.203103
0.080797
0.232940
0.466557
0.287138
0.112046
0.097947
0.027096
0.052318
0.134431
0.451536
0.301534
0.037651
0.168871
0.169450
0.249979
0.044859
0.255854
0.002208
0.240122
0.236273
0.121894
0.229531
0.112157
0.123397
0.152344
0.087642
0.135085
0.272241
0.176494
0.243669
0.254877
0.034103
0.309838
0.297849
0.033679
0.187122
0.115097
0.013228
0.193349
0.097382
0.147644
0.078793
0.125308
0.234845
0.007183
0.061360
0.229182
0.125120
0.325074
0.296857
0.059127
0.066071
0.028300
0.012269
0.012013
0.007483
0.137298
0.046765
0.059404
0.033174
0.138189
0.035238
0.019712
0.117514
0.023926
0.027103
0.112481
0.095854
0.022751
0.102865
0.129620
0.043268
0.376878
0.427976
0.008061
0.432298
0.267758
0.082763
0.119822
0.135205
0.274950
0.175967
0.042007
0.154896
0.114227
0.190737
0.045756
0.231795
0.083804
0.156114
0.110335
0.263752
0.119250
0.021297
0.124310
0.103924
0.113898
0.029281
0.232132
0.090983
0.186695
0.127107
0.152922
0.109019
0.491711
0.273175
0.136829
0.152150
0.204914
0.141788
0.043813
0.082140
0.087775
0.114219
0.268792
0.148823
0.136131
0.194346
0.081862
0.251194
0.051453
0.066216
0.398068
0.468374
0.316555
0.286248
0.110623
0.330458
0.142521
0.019581
0.290135
0.256783
0.042210
0.069084
0.136163
0.148559
0.150009
0.015752
0.002421
0.171656
0.264028
0.150311
0.012947
0.140376
0.215817
0.100218
0.219008
0.000716
0.147205
0.216052
0.115242
0.073886
0.181051
0.010492
0.224154
0.072841
0.129277
0.128847
0.038791
0.075067
0.047307
0.078465
0.097205
0.050035
0.181138
0.016114
0.179609
0.075626
0.184210
0.076101
0.087022
0.027643
0.041567
0.233156
0.126356
0.007715
0.317534
0.316388
0.113925
0.109231
0.114341
0.054241
0.112611
0.232676
0.294331
0.116524
0.069962
0.161334
0.048687
0.091524
0.064803
0.174927
0.176340
0.109774
0.409485
0.318474
0.073055
0.000091
0.018197
0.058752
0.039448
0.052090
0.056751
0.055031
0.010131
0.166012
0.173442
0.392328
0.089977
0.093771
0.116742
0.135048
0.065794
0.117607
0.186334
0.231604
0.089941
0.409892
0.148785
0.267272
0.046520
0.195767
0.121944
0.219895
0.039991
0.146637
0.048802
0.180472
0.120722
0.035299
0.072281
0.112716
0.049318
0.047141
0.109895
0.143868
0.115701
0.205426
0.056654
0.138749
0.173345
0.195807
0.033587
0.046036
0.096783
0.257202
0.039960
0.127031
0.289582
0.167004
0.375892
0.321649
0.013701
0.142411
0.101696
0.109258
0.179727
0.055908
0.314273
0.039952
0.193883
0.118078
0.064233
0.007873
0.011785
0.142504
0.078649
0.059595
0.299320
0.226414
0.143358
0.112014
0.054869
0.183966
0.084717
0.149825
0.053576
0.139256
0.006903
0.018412
0.042398
0.121445
0.133311
0.083876
0.089677
0.208079
0.086445
0.205008
0.068901
0.173017
0.109539
0.022273
0.148703
0.134382
0.239392
0.393246
0.209866
0.027425
0.118832
0.368119
0.415588
0.021802
0.262287
0.016196
0.113979
0.049037
0.041913
0.025291
0.053821
0.106583
0.220217
0.151948
0.008788
0.047054
0.280683
0.340814
0.042081
0.117568
0.172090
0.403048
0.070202
0.143933
0.257675
0.439738
0.009967
0.387508
0.135541
0.149403
0.140539
0.097688
0.062843
0.004473
0.076537
0.074973
0.129943
0.091977
0.096274
0.022417
0.083617
0.040211
0.284057
0.012257
0.141230
0.064098
0.074624
0.318717
0.317442
0.103038
0.130379
0.049047
0.141747
0.131414
0.144909
0.345973
0.274159
0.133018
0.118692
0.229492
0.071804
0.107589
0.174729
0.287629
0.227939
0.098435
0.142513
0.164835
0.153468
0.006256
0.050234
0.064866
0.000380
0.002825
0.208317
0.123009
0.459061
0.309586
0.248507
0.135843
0.013549
0.041729
0.142018
0.190445
0.063375
0.037322
0.022704
0.209749
0.256117
0.027256
0.215102
0.051374
0.185903
0.122681
0.148922
0.126401
0.081416
0.143648
0.064774
0.216910
0.056218
0.109486
0.136752
0.043931
0.295429
0.048122
0.302334
0.156065
0.062967
0.082095
0.126836
0.280552
0.015713
0.050971
0.139058
0.229072
0.061186
0.100074
0.055650
0.038143
0.002365
0.069975
0.032500
0.217497
0.204334
0.399652
0.319632
0.476860
0.209237
0.217601
0.043094
0.083100
0.312488
0.128626
0.156386
0.296274
0.164502
0.125933
0.347573
0.193727
0.300699
0.308841
0.237856
0.311585
0.026903
0.113130
0.075867
0.325397
0.347787
0.040278
0.251409
0.261296
0.007025
0.043493
0.053706
0.101380
0.020945
0.252613
0.011547
0.352602
0.061334
0.274588
0.029450
0.141134
0.004116
0.109008
0.164458
0.100352
0.187115
0.176959
0.046461
0.244254
0.307533
0.293395
0.146476
0.134092
0.263558
0.449118
0.215388
0.254030
0.366829
0.331626
0.162697
0.128861
0.156529
0.025980
0.234839
0.073392
0.175006
0.210587
0.008764
0.322330
0.343172
0.201030
0.131690
0.155933
0.150903
0.049419
0.099112
0.129752
0.082026
0.083661
0.160805
0.170207
0.078251
0.181520
0.092021
0.068836
0.017497
0.122436
0.045107
0.121410
0.146751
0.100764
0.072860
0.099482
0.104672
0.051929
0.162824
0.066746
0.341339
0.153668
0.147313
0.143432
0.150658
0.079048
0.027284
0.214965
0.355730
0.034196
0.000928
0.505859
0.440727
0.072768
0.167695
0.052243
0.151451
0.592660
0.344071
0.115467
0.046720
0.161331
0.026230
0.122871
0.050707
0.192394
0.038866
0.194296
0.195346
0.227416
0.087435
0.234385
0.042910
0.191622
0.055393
0.035892
0.137465
0.202252
0.091399
0.135972
0.066994
0.076586
0.003042
0.088132
0.039962
0.126781
0.108826
0.143194
0.072944
0.020945
0.126265
0.239401
0.052378
0.039970
0.024487
0.098702
0.068054
0.060312
0.111820
0.055281
0.061012
0.008412
0.128338
0.047966
0.088790
0.022057
0.033341
0.024214
0.088471
0.237822
0.013223
0.230884
0.015332
0.085148
0.020049
0.072396
0.130840
0.110328
0.050669
0.102774
0.131157
0.232332
0.227930
0.235197
0.191543
0.017903
0.012241
0.187734
0.092544
0.162261
0.027839
0.111770
0.016388
0.077018
0.066963
0.224566
0.125155
0.356967
0.262619
0.090682
0.055682
0.134027
0.177315
0.132275
0.103559
0.151468
0.043868
0.029694
0.039962
0.199614
0.146218
0.011442
0.085424
0.043088
0.120518
0.009442
0.147387
0.099003
0.146283
0.141473
0.154095
0.180681
0.155301
0.064162
0.148061
0.196709
0.300120
0.024575
0.001398
0.355011
0.411352
0.180971
0.095633
0.002525
0.239817
0.085711
0.113448
0.056507
0.399531
0.204035
0.193587
0.116495
0.101057
0.102732
0.025348
0.272390
0.205716
0.067631
0.218929
0.259700
0.063978
0.077326
0.064006
0.091708
0.158689
0.175350
0.065403
0.123296
0.040902
0.153103
0.161804
0.023351
0.107520
0.194055
0.252318
0.150888
0.278448
0.210876
0.186107
0.085700
0.029135
0.006763
0.040192
0.015716
0.054040
0.214254
0.165118
0.024955
0.136804
0.127270
0.129926
0.101441
0.327587
0.066902
0.280327
0.067678
0.318891
0.483307
0.301884
0.017377
0.046054
0.161682
0.100010
0.042966
0.247614
0.171805
0.133487
0.196171
0.077217
0.006639
0.047681
0.005832
0.134191
0.093360
0.098592
0.028822
0.163978
0.157853
0.092907
0.178686
0.189849
0.238250
0.113540
0.047443
0.097411
0.220507
0.060879
0.248008
0.048157
0.057117
0.290410
0.149756
0.284794
0.230692
0.061765
0.048155
0.108847
0.074992
0.214577
0.034261
0.444214
0.094534
0.310288
0.054432
0.087480
0.078570
0.077774
0.052037
0.069652
0.114624
0.111822
0.047227
0.021843
0.273238
0.252806
0.195145
0.130053
0.079713
0.098113
0.106286
0.034980
0.009114
0.009109
0.111224
0.049358
0.021191
0.043169
0.059164
0.010425
0.076243
0.051481
0.017910
0.157343
0.079884
0.278863
0.160359
0.209608
0.012827
0.248416
0.062475
0.019171
0.264630
0.024756
0.248492
0.384519
0.337807
0.089848
0.299377
0.156844
0.033266
0.068304
0.110651
0.050665
0.000539
0.076364
0.078032
0.049539
0.178555
0.261939
0.195195
0.070109
0.081562
0.024134
0.009883
0.067663
0.217739
0.021170
0.052041
0.134503
0.150438
0.089710
0.254379
0.239093
0.247355
0.270360
0.313942
0.200017
0.145946
0.402616
0.199225
0.123551
0.035443
0.180087
0.323831
0.074158
0.320090
0.012804
0.323544
0.125224
0.137730
0.062963
0.137624
0.043471
0.258491
0.669301
0.441051
0.011288
0.250558
0.167379
0.038525
0.125454
0.066061
0.038971
0.085038
0.163947
0.089241
0.110798
0.061399
0.086154
0.007798
0.232847
0.254228
0.105053
0.005134
0.166232
0.205579
0.018631
0.142032
0.084331
0.042903
0.013562
0.102472
0.140284
0.151371
0.205979
0.184981
0.027124
0.118528
0.038348
0.394116
0.170832
0.025482
0.261403
0.225842
0.165344
0.086633
0.024478
0.100071
0.102691
0.245033
0.452199
0.073084
0.188830
0.011012
0.091015
0.266523
0.180172
0.092716
0.082519
0.023342
0.209683
0.248816
0.020754
0.114292
0.057166
0.038273
0.107532
0.239172
0.011548
0.121205
0.057879
0.167314
0.222250
0.102812
0.085770
0.094725
0.052731
0.049460
0.099301
0.258864
0.103522
0.270662
0.110881
0.049067
0.029744
0.057081
0.049705
0.073887
0.126289
0.070089
0.074599
0.095409
0.130101
0.324105
0.248228
0.069911
0.005396
0.044204
0.173926
0.296167
0.124546
0.051371
0.237502
0.356808
0.147761
0.045482
0.144466
0.144404
0.031794
0.170755
0.053604
0.198479
0.309727
0.044425
0.325839
0.031839
0.002087
0.109838
0.191926
0.020317
0.272641
0.142302
0.015252
0.292407
0.224784
0.230360
0.203535
0.187625
0.220414
0.242833
0.253586
0.094116
0.002060
0.154052
0.342129
0.150320
0.111694
0.036888
0.154738
0.023965
0.062952
0.010281
0.194548
0.001319
0.110925
0.214300
0.068474
0.275855
0.093314
0.229805
0.280985
0.123265
0.022347
0.265391
0.342192
0.157919
0.144050
0.036907
0.217031
0.063707
0.010956
0.151758
0.313273
0.436722
0.198014
0.157853
0.349024
0.176855
0.212833
0.220750
0.143189
0.134101
0.012060
0.065503
0.029110
0.019045
0.226050
0.125446
0.121266
0.021250
0.472127
0.317636
0.007779
0.056710
0.132333
0.159443
0.029005
0.000641
0.036391
0.181389
0.068281
0.086079
0.130593
0.168550
0.095514
0.204955
0.126630
0.043301
0.269348
0.096378
0.069018
0.055812
0.033301
0.075026
0.165554
0.194305
0.130528
0.255198
0.335546
0.200675
0.202671
0.205987
0.029218
0.241535
0.306849
0.014688
0.092856
0.403681
0.278536
0.034972
0.002408
0.040367
0.099544
0.349999
0.107956
0.341564
0.269063
0.007276
0.004578
0.064297
0.167319
0.290470
0.231538
0.045218
0.151212
0.020124
0.015357
0.004740
0.359728
0.358888
0.140810
0.125842
0.067133
0.089168
0.232961
0.076121
0.142454
0.043364
0.049217
0.189466
0.091763
0.050592
0.207224
0.008368
0.036140
0.039210
0.037001
0.091864
0.017248
0.208073
0.256207
0.009170
0.270831
0.209938
0.103497
0.245779
0.036518
0.025632
0.026012
0.084778
0.164480
0.020912
0.168028
0.030089
0.035623
0.027986
0.135420
0.066129
0.148194
0.078139
0.057808
0.031969
0.125577
0.025807
0.410004
0.327544
0.263086
0.486542
0.115167
0.279735
0.147045
0.083437
0.128202
0.162966
0.327685
0.390028
0.149941
0.306239
0.097432
0.161718
0.191643
0.161933
0.110119
0.113973
0.036772
0.084472
0.066514
0.142315
0.028565
0.094328
0.033121
0.120240
0.040754
0.112175
0.141117
0.042411
0.048284
0.111413
0.151573
0.063476
0.164656
0.030585
0.167544
0.105835
0.009014
0.143033
0.248046
0.063647
0.088838
0.133154
0.040865
0.158591
0.077803
0.101571
0.154634
0.017829
0.099576
0.009519
0.203238
0.130309
0.480264
0.213362
0.170424
0.429128
0.350287
0.173362
0.146160
0.191669
0.124879
0.011456
0.094730
0.112467
0.124817
0.261520
0.087395
0.001230
0.377567
0.295956
0.079365
0.086361
0.157770
0.260455
0.228962
0.203921
0.132624
0.087729
0.111689
0.010696
0.129936
0.110501
0.086977
0.007910
0.057034
0.031878
0.016436
0.064266
0.035088
0.068908
0.035177
0.142243
0.073103
0.079538
0.101918
0.035376
0.357706
0.122905
0.168487
0.110965
0.030892
0.082369
0.218020
0.350639
0.171039
0.060329
0.186135
0.045624
0.337676
0.127870
0.187783
0.479601
0.242375
0.115525
0.110252
0.376010
0.421753
0.040592
0.087576
0.436863
0.502676
0.156028
0.310996
0.079877
0.133192
0.032134
0.082789
0.178931
0.409780
0.060701
0.216740
0.037561
0.040553
0.023036
0.068133
0.164011
0.257173
0.003926
0.218116
0.039715
0.103560
0.169664
0.113258
0.336955
0.055568
0.026059
0.021973
0.264017
0.023782
0.288222
0.002999
0.205751
0.041053
0.126167
0.003353
0.065834
0.045265
0.201277
0.086657
0.275640
0.017594
0.021268
0.071813
0.239013
0.066658
0.001501
0.051447
0.023113
0.195248
0.124721
0.186452
0.311327
0.156657
0.369693
0.049606
0.130621
0.163341
0.369914
0.109679
0.396656
0.133630
0.063843
0.075890
0.058064
0.016001
0.104077
0.153075
0.381839
0.095012
0.307780
0.083792
0.006566
0.165582
0.135345
0.190746
0.044455
0.116504
0.059537
0.244848
0.000189
0.096195
0.000496
0.042323
0.161326
0.107551
0.210260
0.187424
0.049320
0.101255
0.075341
0.074378
0.009545
0.247046
0.210579
0.081752
0.187811
0.010815
0.026584
0.021781
0.064459
0.187775
0.156788
0.083208
0.074354
0.172380
0.160203
0.078638
0.102748
0.160273
0.292620
0.300654
0.285613
0.215101
0.292733
0.301509
0.081406
0.272379
0.054832
0.048885
0.136151
0.072224
0.026873
0.150469
0.061862
0.218372
0.102442
0.215745
0.155127
0.112281
0.104262
0.111665
0.160999
0.134247
0.183024
0.027970
0.091738
0.162330
0.238986
0.044995
0.088000
0.170749
0.077075
0.042282
0.073021
0.029392
0.084479
0.094776
0.011191
0.039579
0.047199
0.048232
0.012243
0.110340
0.088563
0.006348
0.288103
0.180142
0.077503
0.206498
0.189738
0.096643
0.094793
0.132627
0.115271
0.371621
0.460522
0.107172
0.075431
0.269523
0.183698
0.049910
0.248872
0.228555
0.193773
0.407619
0.047777
0.009386
0.167933
0.215333
0.086829
0.237672
0.156018
0.119775
0.027658
0.321391
0.060299
0.171949
0.039818
0.104283
0.072118
0.084056
0.083042
0.180841
0.158998
0.123875
0.024011
0.162565
0.113111
0.145485
0.073875
0.067640
0.175517
0.156470
0.167442
0.019457
0.094584
0.216624
0.150918
0.040575
0.009857
0.095134
0.005150
0.152419
0.029310
0.152015
0.069229
0.168442
0.102486
0.165666
0.102097
0.184178
0.065193
0.224796
0.096895
0.025802
0.253028
0.205504
0.108516
0.173927
0.243511
0.086850
0.277987
0.011768
0.214300
0.108962
0.017286
0.164351
0.125637
0.189629
0.014535
0.305251
0.013558
0.094963
0.027883
0.053861
0.008949
0.005093
0.060146
0.135935
0.010095
0.057795
0.090970
0.050662
0.174584
0.009291
0.047507
0.076156
0.023577
0.228597
0.056579
0.149117
0.027586
0.048999
0.294372
0.318738
0.218154
0.285310
0.022159
0.146669
0.287533
0.375632
0.216956
0.121506
0.116852
0.135080
0.113412
0.008439
0.013974
0.085605
0.097867
0.156676
0.044810
0.341640
0.282011
0.030198
0.127464
0.386840
0.450389
0.198147
0.213905
0.075895
0.154907
0.085031
0.024386
0.191804
0.062532
0.110506
0.003942
0.055920
0.008372
0.139294
0.319136
0.151747
0.068664
0.033569
0.164247
0.301305
0.189485
0.085277
0.135698
0.025035
0.009370
0.238200
0.375893
0.028323
0.115034
0.121029
0.169125
0.184571
0.299981
0.241940
0.085024
0.320550
0.272773
0.037976
0.017213
0.019030
0.130130
0.027332
0.399588
0.155198
0.006891
0.021347
0.040874
0.162567
0.006960
0.028806
0.103722
0.115195
0.139516
0.098311
0.059924
0.038714
0.035886
0.284651
0.323733
0.059121
0.255557
0.114830
0.084834
0.275159
0.250840
0.032933
0.091639
0.059445
0.052909
0.121492
0.218796
0.401235
0.017955
0.103255
0.037839
0.198328
0.184990
0.059686
