0.189619
0.290687
0.459332
0.467372
0.072602
0.692466
2.323554
0.882323
1.091805
0.654665
0.051459
0.478347
0.959218
0.666023
0.415862
0.842976
1.046138
0.338749
0.372824
0.328176
0.326952
0.457020
0.230478
0.173300
0.000762
0.112406
0.241544
0.294470
0.311096
1.017448
1.116766
0.324552
0.344518
0.003615
1.224470
1.787747
1.019576
0.305741
0.258877
0.170609
0.009784
0.109874
0.079095
0.209302
0.198389
0.039708
0.026158
0.066824
0.191925
0.134318
0.309872
0.001039
0.236842
1.000897
1.242657
0.024754
0.608392
0.239504
0.030068
0.038535
0.188937
0.203731
0.462117
0.824184
0.637454
0.087167
0.253089
0.324615
0.188631
0.031639
0.087010
0.340243
0.227323
0.100390
0.233319
0.114197
0.259722
0.388281
0.921644
0.818132
0.043369
0.680234
0.608409
0.256062
0.203720
0.006392
0.374913
0.326859
0.795308
0.227897
0.185954
0.010246
0.004908
0.397570
0.277447
0.263800
0.224920
0.199340
0.064868
0.227368
0.047736
0.650357
0.515052
0.243044
0.415012
0.019175
0.291274
0.149841
0.253917
0.383067
0.477198
0.591488
0.528064
0.120816
0.172133
0.222959
0.021310
0.205861
0.200769
0.492686
0.106406
0.051780
0.291295
0.330025
0.112715
0.262161
0.698235
0.602962
0.054060
0.163427
0.182858
0.544568
0.495281
0.174850
0.325951
0.501451
0.147845
0.093604
0.141235
0.107064
0.046091
0.081779
0.245867
0.020730
0.016656
0.127121
0.165881
0.349757
0.160233
0.516092
1.565078
1.078195
0.424436
0.542163
0.059806
0.121327
0.163432
0.235085
0.703304
1.115249
0.884140
0.123343
0.444210
0.461540
0.132801
0.026206
0.142319
0.308240
0.210984
0.193401
0.149958
0.262688
0.156549
0.511904
1.249688
0.636355
0.420081
0.406419
0.113105
0.033700
0.591420
0.694630
0.673690
0.828272
0.502100
0.255664
0.647174
0.587722
0.159220
0.253266
0.319296
0.025408
0.369291
0.337753
0.049052
0.221612
0.131390
0.615875
1.012838
0.370366
0.255174
0.566663
0.521050
0.120984
0.092609
0.410450
0.192951
0.480085
0.401645
0.197177
0.027181
0.450456
0.684424
0.198113
0.177492
0.176223
0.174810
0.126718
0.399689
0.517366
0.212666
1.182690
0.928274
0.075675
0.087051
0.130681
0.192483
0.024066
0.227171
0.404272
0.807288
1.384572
1.107050
0.213684
0.716730
0.250569
0.059426
0.195375
0.349794
0.061304
0.050084
0.286542
0.054502
0.123379
0.495769
0.357961
0.277845
0.076485
0.191839
0.089801
0.463003
0.038638
0.434523
0.333133
0.580258
0.842784
0.420905
0.108992
0.281433
0.308347
0.246284
0.146210
0.060199
0.039643
0.041978
0.017528
0.096111
0.161467
0.282211
0.595547
1.241248
0.227221
0.385897
0.177323
0.014739
0.044705
0.116450
0.318503
0.468360
0.795338
0.756590
0.047801
0.284755
0.212978
0.180408
0.079940
0.105310
0.212600
0.038972
0.051482
0.159030
0.044289
0.136218
0.832598
1.689593
0.629256
0.519714
0.421606
0.039525
0.025512
0.314264
0.691813
0.774914
0.845353
0.988820
0.205224
0.678651
0.295396
0.044802
0.295010
0.173605
0.004330
0.149511
0.427137
0.510061
0.156423
0.414528
0.160440
0.320802
0.264488
0.333776
0.113801
0.107762
0.475033
0.228393
0.267606
0.695660
0.904020
0.494169
0.090082
0.139376
0.379486
0.352388
0.013890
0.009129
0.124322
0.054225
0.045625
0.345129
0.098145
0.402750
0.434261
0.531672
0.334530
0.238226
0.281568
0.056096
0.121523
0.132407
0.022005
0.104289
0.422641
0.508457
0.399207
0.254611
0.040560
0.264297
0.239188
0.213914
0.192988
0.079416
0.049870
0.202275
0.086010
0.019793
0.796671
1.505803
0.812555
0.456293
0.709334
0.055601
0.117549
0.373628
0.434959
0.448147
0.942072
1.387281
0.583940
0.292998
0.184814
0.232436
0.466400
0.328064
0.210068
0.050489
0.042591
0.065895
0.096136
0.329126
1.145691
1.694651
0.608582
0.433376
0.269021
0.327925
0.708639
0.804798
0.567207
0.475196
0.737781
0.933290
0.491727
0.235963
0.411341
0.363059
0.394494
0.189732
0.067040
0.317218
0.438502
0.185455
0.230775
0.583921
0.913735
2.557495
0.901830
0.753968
0.878238
0.846850
0.303193
0.138954
0.439415
0.673947
0.875776
0.868231
0.518753
0.101266
0.653157
0.603254
0.158828
0.036757
0.038557
0.161324
0.195892
0.050239
0.307706
0.695691
0.466495
0.620007
0.995576
0.166438
0.636751
0.801891
0.476062
0.267556
0.657242
0.659003
0.524202
0.704206
0.260064
0.295190
0.148911
0.104091
0.138438
0.202170
0.262189
0.256289
0.238308
0.313806
0.393492
0.531815
1.405742
1.348303
0.598828
0.163844
0.004900
0.360779
0.774396
0.902096
0.935065
0.877370
0.521385
0.225569
0.016376
0.226207
0.137095
0.332892
0.657557
0.348659
0.080304
0.119875
0.059640
0.110168
0.232315
0.029198
0.321841
0.277574
0.182504
0.248369
0.242029
0.073805
0.127411
0.490525
0.635345
0.453688
0.528989
0.467799
0.242009
0.640157
0.338434
0.032627
0.006456
0.113978
0.078943
0.053536
0.088567
0.002193
0.052490
0.168480
0.296016
0.021476
0.376321
0.124664
0.628069
0.682401
0.243211
0.861255
0.083818
0.354197
0.577004
0.902019
0.155395
0.255757
0.134286
0.237104
0.940436
0.102746
0.902656
0.695240
0.226920
0.724292
1.034380
1.541636
0.656964
0.544526
0.481055
0.207629
0.110694
0.003103
0.084541
0.340122
0.390672
0.342585
0.419320
0.454134
0.563206
0.166810
1.023128
0.809661
1.217144
1.509363
0.680849
0.897572
0.357649
0.423911
0.771053
0.274408
1.188713
1.925391
0.330921
1.355138
1.007109
0.418368
0.224849
0.072906
0.170284
0.343717
0.460571
0.912198
1.024435
0.242017
0.343225
0.539622
0.564368
0.321460
0.145256
0.014744
0.500383
0.152266
0.181168
0.756599
1.031723
0.670602
0.323135
0.336363
0.062246
0.157822
0.221733
0.512496
0.685339
0.728917
0.620543
0.620681
0.226586
0.620575
0.187043
0.346315
0.595367
0.252155
0.651274
0.222420
0.442296
0.110925
0.244583
0.353170
1.396159
1.466416
0.535523
1.067614
0.109848
0.126759
0.062008
0.287616
0.379611
0.355579
0.651017
0.957891
0.362529
0.314711
0.169398
0.053155
0.209532
0.163466
0.209421
0.492884
0.239031
0.260640
0.183695
0.364708
1.664616
1.694062
0.470828
1.287666
0.431999
0.097687
0.262549
0.265006
0.190301
0.226324
0.335080
0.564602
0.854500
0.942263
0.091341
0.910932
0.769044
0.249027
0.120826
0.035776
0.391791
0.105529
0.358314
0.608616
0.592883
1.572868
1.482178
0.462925
1.737526
1.092760
0.276573
0.358575
0.499537
0.420455
0.437621
0.640354
0.648726
0.193770
0.240835
0.450107
0.652073
0.369316
0.872378
0.414889
1.361276
0.547924
0.450655
0.432551
1.117541
1.304148
0.316432
0.467537
0.312812
0.137428
0.234333
0.613751
0.823864
0.658420
0.559172
0.183549
0.439424
0.577812
0.422852
0.207569
0.034740
0.017791
0.046877
0.051384
0.244083
0.306216
0.042484
0.428863
0.826183
0.871328
0.416026
0.006516
0.298643
0.306133
0.265227
0.267631
0.083986
0.261199
0.609373
0.994364
0.957879
0.068224
0.346066
0.568986
0.657501
0.092319
0.095147
0.373359
0.307722
0.444603
0.280722
0.266874
1.642226
1.960678
0.351328
0.681590
0.868145
0.849680
0.468284
0.256225
0.468522
0.617633
0.625646
0.623770
0.097589
0.414742
0.216648
0.087194
0.091700
0.349235
0.025282
0.820115
0.455615
0.191803
0.087730
0.232754
0.612782
1.376146
1.294179
0.006206
0.766853
0.722305
0.401154
0.375616
0.526234
0.399610
0.847424
1.103674
0.017723
0.907669
0.519414
0.149238
0.156357
0.047926
0.245931
0.166134
0.302251
0.119392
0.212109
0.113906
0.087266
0.402065
0.578788
0.314519
0.030272
0.270033
0.235195
0.082698
0.403255
0.783627
0.711723
0.311405
0.198049
0.494551
0.426122
0.007027
0.265600
0.075483
0.366719
0.153700
0.076322
0.095480
0.045491
0.038128
0.282934
0.864548
0.790626
0.139387
0.718002
0.142090
0.105376
0.310270
0.238158
0.243866
0.758559
0.560280
0.034700
0.147123
0.488578
0.608549
0.215790
0.056617
0.365922
0.324458
0.217312
0.270456
0.108461
0.324641
0.133436
0.752091
0.659909
0.184463
0.290469
0.338968
0.053534
0.155696
0.015850
0.334763
0.610909
0.736357
0.221974
0.279260
0.023467
0.078306
0.296803
0.420840
0.212119
0.176244
0.258051
0.007271
0.007645
0.112693
0.844251
1.271856
0.646158
0.137475
0.241135
0.017465
0.245963
0.633470
0.438595
0.588873
1.194570
0.759180
0.184119
0.419347
0.314110
0.279075
0.305590
0.007797
0.199791
0.021674
0.117750
0.332987
0.271134
0.027411
0.091029
0.462481
0.548916
0.124111
0.315980
0.055450
0.077749
0.571583
0.673852
0.572584
0.269929
0.047814
0.029402
0.164532
0.189544
0.158367
0.230895
0.281061
0.057046
0.165174
0.124121
0.106938
0.017003
0.085297
0.193217
0.372269
0.279718
0.201222
0.363443
0.048457
0.303484
0.063488
0.234303
0.244728
0.801724
0.492546
0.337851
0.055785
0.317389
0.292620
0.214401
0.006883
0.291699
0.283213
0.304463
0.539982
0.062641
0.180096
0.114901
0.415507
0.313261
0.279261
0.127845
0.128793
0.277749
0.504297
0.300489
0.166901
0.502271
0.742807
0.136434
0.527194
0.269349
0.184481
0.265313
0.042416
0.246026
0.178414
0.038343
0.251034
0.421024
0.137445
0.217801
0.720309
0.864946
0.251515
0.182089
0.465494
0.315876
0.059325
0.232975
0.438749
0.441547
0.396570
0.162053
0.164952
0.250893
0.424289
0.323819
0.245642
0.352888
0.054120
0.258410
0.122428
0.191619
0.202125
1.047884
1.257600
0.325338
0.606306
0.556083
0.166718
0.330898
0.356175
0.053611
0.238649
0.483484
0.130217
0.161327
0.244239
0.163573
0.048531
0.130603
0.206632
0.301684
0.015612
0.441564
0.180237
0.826240
0.398392
0.413474
1.089434
0.809909
0.147826
0.704264
0.690781
0.342955
0.073224
0.258386
0.625140
0.601317
0.546300
0.591503
0.022954
0.429082
0.095972
0.067028
0.411463
0.199774
0.096166
0.016736
0.057334
0.377756
0.524582
0.674551
1.484578
1.036550
0.560257
0.911682
0.582373
0.577600
0.474516
0.274833
0.452472
0.704154
0.515093
0.168784
0.044354
0.201901
0.475855
0.484427
0.357115
0.091457
0.127645
0.190866
0.025237
0.080895
0.152134
0.496870
1.562409
0.889530
0.685004
0.755707
0.587971
0.447548
0.082970
0.199786
0.411215
0.549274
0.586315
0.072371
0.323696
0.224069
0.059014
0.137757
0.421898
0.555550
0.329247
0.210996
0.119489
0.413605
0.577599
0.085762
1.274228
0.984568
0.438352
0.424592
0.035073
0.149750
0.273983
0.278132
0.145158
0.588130
1.482209
1.114708
0.199476
0.491629
0.728719
1.357253
0.515535
0.603528
0.371200
0.051646
0.693622
1.524260
0.299561
1.797473
1.198937
2.010007
0.640403
0.966542
0.154324
0.150910
0.312008
0.195881
0.096201
0.422787
0.979790
1.052092
0.517361
0.225320
0.724500
0.519223
0.216421
0.428001
0.551829
0.060292
0.290289
0.138121
0.333050
1.121325
1.635002
0.051604
1.091039
0.280147
0.102783
0.814327
0.593056
0.044955
0.205776
0.480037
0.716031
0.644561
0.226104
0.193569
0.753723
0.237898
0.645374
0.166778
0.856869
0.840025
0.152383
0.175617
0.562576
1.870636
1.038493
0.482288
0.971037
0.834432
0.274808
0.008193
0.083652
0.473099
0.763164
0.532649
0.437032
0.663010
0.177424
0.399961
0.547687
0.447040
0.076321
0.035020
0.246956
0.231040
0.157405
0.574864
0.162981
0.751354
1.580969
0.962596
0.449099
1.079556
0.704483
0.366598
0.260054
0.437092
0.705135
0.631883
0.565699
0.271401
0.389659
0.518907
0.222638
0.227387
0.441310
0.236516
0.095442
0.064049
0.029192
0.296134
0.592288
2.089111
1.543804
0.331746
1.043363
0.596494
0.313921
0.793530
0.718454
0.075052
0.345871
0.919007
0.643706
0.463118
0.071922
1.074955
1.038827
0.381858
0.777522
0.236303
0.367092
0.069048
0.276579
0.567210
0.415030
0.754455
1.427765
0.474454
0.487909
0.283985
0.379998
1.352337
0.601733
0.256886
0.624880
0.951824
0.878295
0.156138
0.228446
0.245542
0.531387
0.425156
0.020111
0.186620
0.018183
0.300206
0.297832
0.187027
0.326695
0.955004
1.591559
0.771032
0.930563
1.182352
0.500552
0.102670
0.132292
0.238804
0.640111
0.586026
0.753114
0.561500
0.066247
0.086424
0.169477
0.557187
0.202343
0.164972
0.137446
0.410594
0.439619
0.093163
0.342867
0.773471
2.096068
1.049705
0.672384
1.359732
1.257579
0.542550
0.243565
0.393324
0.246772
0.889527
0.814053
0.553469
0.127462
0.564455
0.742184
0.439718
0.080502
0.006615
0.226060
0.106804
0.325654
0.255253
0.139222
0.737412
1.753897
2.083487
0.224264
1.832790
1.431636
0.358045
0.030775
0.164221
0.367436
1.038469
1.466014
0.263120
0.395768
0.318360
0.825794
0.531388
0.081101
0.044291
0.071018
0.010752
0.260056
0.120452
0.168687
1.193847
2.390441
1.114666
0.566511
1.315560
0.848554
0.238609
0.537762
0.622206
0.656258
0.899050
0.518647
0.133161
0.474940
0.231677
0.021891
0.124163
0.232471
0.209266
0.333402
0.517719
0.011645
0.506766
0.210333
0.430329
0.966919
0.840841
0.057129
0.441712
0.125885
0.010341
0.072989
0.351585
0.790528
1.137975
0.703086
0.287066
0.701116
0.659619
0.370163
0.190146
0.288924
0.133957
0.044022
0.162171
0.238123
0.333251
0.109074
0.379960
0.667423
0.394428
0.104579
0.184464
0.062388
0.093768
0.077089
0.181805
0.495096
0.755203
0.951632
0.838190
0.126377
0.419985
0.522606
0.502487
0.682195
0.200580
0.979165
0.004805
2.172511
0.804340
1.889363
0.099765
2.121946
0.183195
0.840020
0.461509
0.416058
0.356868
0.283524
0.248593
0.214942
0.365312
1.008618
1.144112
0.035075
1.016910
0.862177
0.304291
0.166114
0.406651
0.014224
0.364810
0.418179
0.471458
0.362546
1.158339
1.867299
0.282510
1.265358
0.844989
0.462977
0.419105
0.213924
0.214265
0.178444
0.723972
1.373004
0.629514
0.132903
0.136310
0.466433
0.632344
0.281653
0.147519
0.143745
0.165584
0.029506
0.028939
0.469762
1.221375
1.592526
0.320932
0.530719
0.520056
0.749139
0.657014
0.411123
0.346934
0.563959
0.610558
0.675649
0.595313
0.115374
0.639294
0.339409
0.112126
0.107353
0.315148
0.216495
0.143106
0.039965
0.074402
0.348203
1.136852
1.033868
0.187369
0.461527
0.275013
0.468961
0.396960
0.117651
0.061610
0.226743
0.468053
0.558309
0.231573
0.383163
0.544291
0.096856
0.031797
0.265846
0.050579
0.179164
0.120449
0.100768
0.055509
0.181522
0.505326
0.512439
0.153071
0.151488
0.019348
0.533119
0.369066
0.018311
0.027255
0.124882
0.570522
0.701651
0.267244
0.126298
0.425295
0.574756
0.368407
0.416936
0.766947
0.147689
0.482290
0.209813
0.200325
0.036320
0.633955
1.668170
1.271884
0.378226
1.185042
0.371022
0.131350
0.574907
1.035731
0.736001
0.374429
0.425018
0.323262
0.279797
0.452193
0.318378
0.127366
0.055603
0.174196
0.225946
0.218727
0.342959
0.104085
0.403603
0.538205
1.605379
1.051799
0.343194
0.815791
0.504390
0.369476
0.414320
0.158987
0.011623
0.330545
0.712430
0.272549
0.312855
0.080053
0.004510
0.426728
0.106167
0.347397
0.229352
0.440369
0.077108
0.204628
0.026256
0.392868
0.651117
0.556632
0.153294
0.358668
0.263907
0.226614
0.150155
0.244843
0.496769
0.695579
0.872869
0.473341
0.145019
0.380746
0.359963
0.035873
0.196765
0.023910
0.393971
0.282633
0.118327
0.217110
0.493078
0.119903
0.197516
1.350409
1.609945
0.068448
1.212332
0.933603
0.417132
0.318088
0.583173
0.757000
1.099475
0.985439
0.088733
0.906785
0.908375
0.454821
0.105236
0.598960
0.173522
0.458746
0.340569
0.256172
0.113750
0.405438
1.875174
1.578173
0.130892
0.962004
0.767192
0.586463
0.425077
0.447771
0.465699
0.331227
0.853457
1.043445
0.204795
0.461451
0.598089
0.657805
0.290052
0.055248
0.027342
0.013362
0.023597
0.191831
0.262946
0.540564
1.256656
1.200063
0.186133
0.798428
1.276187
0.909179
0.176241
0.177603
0.539643
0.427279
0.094083
0.287569
0.417226
0.381566
0.304655
0.045856
0.120862
0.043468
0.062341
0.108699
0.008357
0.021449
0.094589
0.248523
0.315686
0.351523
0.519591
0.410383
0.047211
0.349172
0.503893
0.664257
0.556880
0.299844
0.232356
0.031645
0.037687
0.116037
0.399758
0.463736
0.208280
0.058745
0.061164
0.005470
0.035411
0.310498
0.235581
0.850471
1.473986
0.756117
0.326693
0.137459
0.465277
0.991316
0.753361
0.179370
0.511047
1.141610
0.822325
0.099091
0.178279
0.397972
0.444409
0.229316
0.271968
0.490738
0.016987
0.697391
0.199219
1.142355
0.302995
0.369587
1.945715
1.301343
0.945322
1.681011
0.781208
0.051879
0.219646
0.302320
0.347459
0.732190
1.273611
1.168747
0.199816
0.993845
0.455558
0.149055
0.374672
0.438040
0.076466
0.273951
0.089115
0.180169
0.360380
1.142436
1.739945
0.815524
0.460435
0.707611
0.755430
0.776331
0.567051
0.423414
0.456184
0.606222
0.712140
0.365180
0.099998
0.293900
0.479690
0.429312
0.139362
0.165993
0.192461
0.112555
0.114420
0.336346
0.249828
1.201136
2.201964
0.893404
0.653864
0.579913
0.586733
0.681327
0.600811
0.915628
0.877440
0.350091
0.045242
0.223161
0.260882
0.095981
0.301740
0.325553
0.016219
0.132067
0.369125
0.704306
0.195960
0.164810
0.172851
0.110989
0.162299
0.394448
0.249507
0.149713
0.143902
0.153003
0.193909
0.111872
0.348966
0.578489
0.633147
0.407813
0.054741
0.215955
0.310840
0.206924
0.087246
0.002204
0.052507
0.037924
0.148194
0.086433
0.015123
0.502969
0.917812
0.582228
0.415074
0.107074
0.352499
0.530880
0.547239
0.420707
0.139738
0.426200
1.304320
0.792685
0.516078
0.584601
0.135495
0.176541
0.293776
0.047333
0.100811
0.133045
0.265812
0.367233
0.119857
0.147230
1.101401
0.985950
0.079072
0.378974
0.631299
0.480449
0.493539
0.644628
0.541445
0.461350
0.381567
0.143654
0.205543
0.183434
0.126672
0.154605
0.202845
0.260384
0.018194
0.000376
0.050687
0.049527
0.161458
0.707487
1.352405
1.176762
0.180098
0.702011
0.859289
0.217543
0.070754
0.413435
1.201377
1.878982
0.735688
0.908874
0.577824
0.156390
0.130079
0.436161
0.157641
0.057906
0.234797
0.081898
0.225366
0.099241
0.473530
0.623901
1.001440
0.726597
0.010081
0.380651
0.286828
0.284295
0.654555
0.610749
0.141504
0.156315
0.808223
0.825220
0.178763
0.607381
0.168628
0.045044
0.185749
0.306723
0.010009
0.116593
0.122968
0.139770
0.115755
0.421741
0.680323
0.856451
0.590350
0.234643
0.732115
0.766879
0.448951
0.131911
0.111330
0.441318
0.774718
0.608592
0.035705
0.416880
0.247900
0.189443
0.332451
0.030946
0.437699
0.138139
0.423139
0.140316
0.287064
1.062914
1.386327
0.488050
0.366302
0.847144
0.677539
0.068278
0.155659
0.633890
0.902893
0.622433
0.185301
0.086303
0.137450
0.422077
0.307253
0.092297
0.260727
0.269539
0.137611
0.165742
0.114947
0.167050
0.130142
0.066091
0.123635
0.181791
0.070508
0.113766
0.119684
0.207054
0.121207
0.147217
0.456168
0.340850
0.161875
0.163619
0.227035
0.042899
0.556184
0.484052
0.383086
0.251545
0.125138
0.155562
0.170058
0.158309
0.000271
0.173484
0.348120
0.152320
0.076471
0.014826
0.031399
0.056039
0.307799
0.272208
0.066801
0.437007
0.614638
0.104923
0.522933
0.231892
0.084638
0.212376
0.049460
0.238396
0.039658
0.067803
0.009375
0.270782
0.318202
0.731605
1.010596
0.227436
0.214194
0.254803
0.774361
0.668031
0.895916
0.806619
0.176581
0.507362
0.711015
0.373309
0.090042
0.409702
0.290517
0.024089
0.162585
0.282389
0.024689
0.526521
0.393065
0.190385
0.185237
0.379411
0.662588
0.213119
0.221155
0.181069
0.087791
0.017748
0.146077
0.273487
0.217578
0.579798
1.038956
0.524805
0.459660
0.643288
0.222527
0.057707
0.015157
0.051662
0.207411
0.030552
0.126775
0.216634
0.401509
0.599715
0.967080
0.816509
0.188372
0.328223
0.823441
1.436249
1.003161
0.031541
0.044051
0.348347
0.450916
0.151202
0.324022
0.541705
0.541800
0.538475
0.473673
0.069044
0.441766
0.240668
0.046879
0.080395
0.229807
0.645823
0.848401
0.102351
0.444940
0.345268
0.115633
0.093223
0.072944
0.403682
0.454317
0.487019
0.492225
0.013129
0.283904
0.332217
0.497338
0.111259
0.139344
0.055719
0.059149
0.039539
0.020260
0.064210
0.130889
0.096737
0.169784
0.213678
0.251663
0.023149
0.177253
0.151943
0.009476
0.310707
0.299527
0.500547
0.766849
0.423229
0.212500
0.504419
0.527292
0.202833
0.069646
0.017807
0.019038
0.042348
0.142673
0.234504
0.063365
0.555492
0.682859
0.248468
0.250730
0.009002
0.285533
0.225533
0.479849
0.197300
0.208074
0.345422
0.176214
0.032310
0.074373
0.276840
0.183351
0.108821
0.138896
0.043758
0.112493
0.044169
0.086107
0.065711
0.096821
0.027856
0.571917
0.470395
0.199093
0.098689
0.144030
0.128961
0.291278
0.126901
0.201535
0.557944
0.417290
0.016034
0.154556
0.231101
0.138561
0.011508
0.079134
0.030030
0.288354
0.256120
0.074413
0.264178
0.306966
0.650183
0.906141
0.150727
0.506733
0.157920
0.117880
0.305669
0.057266
0.040053
0.210346
0.278812
0.683981
0.900475
0.071919
0.694069
0.381321
0.028658
0.010670
0.027829
0.099469
0.197444
0.065823
0.131293
0.312122
0.502821
0.937240
0.635532
0.007215
0.051205
0.023239
0.489973
0.487245
0.444259
0.845445
0.932820
0.729655
0.416428
0.079562
0.483272
0.569562
0.296608
0.029841
0.083523
0.263493
0.192576
0.326977
0.318899
0.158772
0.786674
1.678138
0.892912
0.867013
1.352061
0.652563
0.153423
0.428927
0.276998
0.042029
0.918983
1.443717
0.503601
0.424513
0.374675
0.439592
0.506569
0.277242
0.416660
0.164967
0.144916
0.136546
0.066074
0.186137
1.417728
1.592608
0.482519
0.295949
0.707801
0.889683
0.330450
0.217303
0.986614
0.900717
0.252215
0.716574
0.995278
0.100108
0.713123
0.700070
0.166072
1.800709
1.565463
2.224043
2.149051
0.016715
0.157269
0.257275
0.086092
0.309016
0.802788
0.051500
0.372039
0.145607
0.066239
0.594470
0.580397
0.303161
0.318606
0.450457
0.030100
0.559590
0.290867
0.248906
0.179179
0.226971
0.152364
0.061894
0.208858
0.177429
0.419534
0.042813
1.305380
2.098981
0.628120
0.771874
0.715935
0.479150
0.255019
0.174933
0.332653
0.526820
0.656041
0.571389
0.187970
0.515437
0.294788
1.120656
0.870404
0.046076
0.228652
0.538822
0.007040
0.912182
0.341615
0.198290
0.947543
2.224965
1.040116
1.123983
1.152315
0.603674
0.400481
0.069437
0.115702
0.354954
0.750087
1.102868
0.861491
0.165665
0.386819
0.454927
0.419785
0.590540
0.446445
0.110390
0.194894
0.183550
0.152978
0.040642
0.826787
2.236250
1.302390
1.313833
1.351533
0.137596
0.103090
0.278511
0.448256
0.611834
0.763110
1.530704
1.066841
0.356265
0.698180
0.858011
0.309065
0.150270
0.661391
0.522423
0.210383
0.187124
0.000054
0.363293
0.539696
1.098724
0.937033
0.545366
0.209202
0.808157
0.050333
1.177890
1.351839
0.587739
0.485750
1.227523
0.635670
0.442112
0.596209
0.522638
0.101814
0.095426
0.296330
0.057596
0.011555
0.002855
0.131015
0.105992
0.932695
1.018268
0.420903
0.115783
0.342902
0.614668
0.413750
0.107119
0.258192
0.736567
0.562214
0.303034
0.321665
0.103104
0.101578
0.101341
0.088340
0.212967
0.207922
0.415727
0.394291
0.555233
0.309950
0.261782
0.396821
0.613172
0.530509
0.284437
0.004445
0.004504
0.049297
0.284123
0.203354
0.245631
0.487092
0.467494
0.289405
0.116262
0.192570
1.029464
0.301831
0.936019
0.653654
0.063504
0.248705
0.727358
0.018252
1.198617
1.530221
3.187778
0.372612
1.709481
0.459423
0.360682
0.342851
0.092897
0.027059
0.315294
0.670020
1.196700
1.083227
0.330589
0.529943
0.871148
0.497942
0.138934
0.193040
0.167047
0.095197
0.347817
0.534430
0.266884
1.108634
2.626875
0.890138
1.913648
1.424840
0.294275
0.201666
0.049289
0.220232
0.596369
0.797778
1.176969
1.062397
0.312829
0.204203
0.765604
1.179844
0.904010
0.721738
1.088643
0.839110
0.645477
0.295350
0.352513
1.165022
1.913901
1.555821
0.208550
1.539584
1.345450
0.470985
0.275555
0.505878
0.393760
0.608462
1.090652
0.667844
0.319029
0.528146
0.378089
0.725685
0.693220
0.011892
0.231314
0.165104
0.200650
0.029203
0.047745
0.122903
0.516953
0.736795
0.500507
0.016402
0.154469
0.165292
0.336635
0.235961
0.483248
1.250471
1.087333
0.088279
0.640253
0.407640
0.151870
0.014525
0.037735
0.284857
0.466309
0.264309
0.025467
0.032888
0.057020
0.151482
0.009889
0.507354
0.669882
0.328631
0.189698
0.104336
0.284865
0.519452
0.495021
0.778559
1.126390
0.740516
0.138549
0.467966
0.324404
0.298073
0.100774
0.041852
0.340282
0.651679
0.300422
0.350614
0.148005
0.098315
0.027195
0.002417
0.296895
0.540433
0.332125
0.140546
0.213335
0.081224
0.634157
1.067089
1.247325
0.627985
0.205587
0.303085
0.214180
0.306990
0.206312
0.125006
0.138638
0.168273
0.122461
0.001505
0.090697
0.601396
1.102127
0.675789
0.096926
0.051883
0.312847
0.546862
0.615880
0.681292
0.768730
0.635071
0.350757
0.058753
0.186632
0.168024
0.068130
0.257110
0.363970
0.508326
0.471451
0.139705
0.361326
0.449146
0.450884
0.714508
1.449216
0.684542
0.379519
0.275518
0.351189
0.667114
0.603029
0.542914
0.797653
0.866320
0.476793
0.040694
0.316320
0.254140
0.281398
0.375728
0.129327
0.033290
0.220241
0.234827
0.083433
0.058816
0.061991
0.079234
0.076954
0.153908
0.172387
0.371416
0.365905
0.129736
0.481591
0.310835
0.251350
0.385882
0.008042
0.208804
0.121567
0.091455
0.089233
0.057755
0.183889
0.165513
0.189819
0.139084
0.126325
0.027459
0.044260
0.265458
0.290025
0.099245
0.113118
0.612749
0.483175
0.158230
0.177223
0.321277
0.276756
0.468968
0.319568
0.027275
0.286631
0.227243
0.027019
0.156550
0.050001
0.010487
0.085511
0.000078
0.081044
0.166987
0.193897
0.240748
0.212548
0.171785
0.044219
0.120075
0.071202
0.498110
1.319085
0.616867
1.066921
0.590401
0.386979
0.341845
0.055410
0.103811
0.047199
0.043024
0.077585
0.058816
0.034534
0.143807
0.028960
0.256027
0.197778
0.836697
0.928350
0.202792
0.307559
0.313222
0.093602
0.139034
0.230938
0.406790
0.181670
0.523143
1.081047
0.427299
0.434423
0.235246
0.073378
0.291997
0.220380
0.131021
0.113454
0.155594
0.291973
0.194779
0.070715
0.819700
1.763320
0.700111
0.821309
0.309449
0.096806
0.559868
0.629897
0.306484
0.457493
0.828202
0.914196
0.436259
0.072008
0.107969
0.360358
0.503464
0.147243
0.071491
0.052470
0.212061
0.511688
0.081515
0.151178
1.192599
1.855811
0.476953
0.588755
0.653670
0.479285
0.268819
0.278379
0.495276
0.523085
0.646437
0.945127
0.534161
0.022477
0.169305
0.328467
0.387014
0.245695
0.156858
0.087196
0.171579
0.149164
0.099062
0.308883
1.514321
1.940130
0.368025
1.129143
1.022926
0.354079
0.207324
0.360942
0.403600
0.656347
0.820594
0.688096
0.251000
0.373201
0.524809
0.125497
0.052376
0.043113
0.227300
0.530368
0.324131
0.217090
0.259736
0.183723
0.597731
0.768837
0.532373
0.003195
0.090336
0.521765
0.243639
0.506686
1.014290
1.042255
0.885199
0.478893
0.087004
0.266681
0.143635
0.095728
0.226492
0.292285
0.193564
0.092790
0.020710
0.084963
0.003107
0.169621
0.070889
0.276761
0.256476
0.536822
0.697430
0.221447
0.141365
0.116139
0.269912
0.530636
0.616363
0.942104
1.114190
0.292732
0.516182
0.617950
0.519390
0.229606
0.030061
0.048041
0.006128
0.038555
0.225247
0.171694
0.387516
1.011728
0.655844
0.138015
0.521246
0.690738
0.850728
0.914076
0.269017
0.155822
0.755102
0.179248
1.447811
0.672884
0.079475
0.123772
0.120942
0.239795
0.048715
0.147870
0.058204
0.064395
0.029997
0.015013
0.342127
0.712907
0.135120
0.318365
0.263619
0.057572
0.508591
0.347714
0.070432
0.018743
0.425402
0.959570
0.742856
0.056394
0.469255
0.382446
0.073498
0.053710
0.146296
0.077677
0.003069
0.176345
0.119524
0.370036
1.025782
1.081260
0.251076
0.438139
0.512700
0.192231
0.163723
0.345242
0.312289
0.453991
0.660082
0.673910
0.380804
0.134206
0.226863
0.170989
0.363612
0.216724
0.039060
0.075714
0.265498
0.168807
0.026614
0.102503
0.671594
1.392143
0.953114
0.348372
0.617397
0.415663
0.492606
0.342319
0.362605
0.619095
0.525335
0.260883
0.101420
0.083624
0.116757
0.072367
0.110286
0.078493
0.221189
0.487374
0.263772
0.157690
0.029752
0.074029
0.062625
0.378176
0.695077
0.592170
0.054944
0.153500
0.272551
0.841606
1.078579
0.667689
0.047314
0.200118
0.198606
0.251316
0.221507
0.160670
0.055967
0.301597
0.307400
0.095075
0.014259
0.133748
0.100166
0.266023
0.746257
0.747349
0.265743
0.048089
0.080079
0.092061
0.282057
0.664628
0.665284
0.501976
0.452947
0.495377
0.392443
0.150705
0.068217
0.359386
0.417055
0.146350
0.117200
0.192556
0.221493
0.104550
0.042562
0.256005
0.154013
0.120295
0.021483
0.282124
0.105122
0.270903
0.220495
0.145875
0.158865
0.150165
0.245307
0.266678
0.179706
0.116021
0.262396
0.134609
0.146397
0.548220
0.668500
0.646268
0.132563
0.464196
0.104620
0.168969
1.150267
2.925716
1.097664
1.860018
1.415171
0.237760
0.294345
0.317565
0.095072
0.303811
0.854828
1.088577
1.126623
0.271551
0.879233
0.830148
0.397859
0.178447
0.254589
0.567947
0.147849
0.213968
0.166515
0.384567
0.497811
2.057964
1.769185
0.395619
1.094402
0.464793
0.785836
0.957145
0.542566
0.397084
0.367022
0.757728
0.689932
0.179127
0.557624
0.475863
0.339231
0.122586
0.006275
0.259769
0.773658
0.695895
0.702126
0.854465
0.795095
1.400228
1.151499
0.140070
1.136965
0.508785
0.415241
0.412019
0.024564
0.222848
0.627123
0.631778
0.269186
0.275290
0.300695
0.004301
0.172187
0.274321
0.043838
0.399289
0.642613
0.042522
0.201202
0.113279
0.020036
0.425339
0.475628
0.060806
0.055008
0.043379
0.123535
0.101025
0.132478
0.287047
0.609816
1.176105
0.745866
0.234697
0.290364
0.002258
0.059833
0.104867
0.123958
0.256795
0.238755
0.210003
0.189834
0.092345
0.296249
0.292972
0.103156
0.628944
0.769797
0.118981
0.853883
0.828122
0.230479
0.035210
0.885945
1.388385
0.028475
1.182422
0.627235
0.116400
0.194340
0.000227
0.274257
0.094823
0.115222
0.081937
0.165987
0.005923
0.220249
0.509800
0.637751
0.291009
0.042232
0.172776
0.182328
0.323543
0.008913
0.500541
1.040589
0.616841
0.032689
0.197063
0.410772
0.323076
0.082682
0.051453
0.060381
0.127049
0.173703
0.101346
0.029503
0.157725
0.019594
0.351022
0.305205
0.270120
0.342541
0.182007
0.240849
0.226746
0.053818
0.546322
0.212105
0.264804
0.015853
0.253341
0.306187
0.303210
0.136201
0.497284
0.313808
0.133785
0.202701
0.148757
0.150538
0.322805
0.297957
0.608986
0.616211
0.436274
0.472392
1.205383
0.804789
0.385418
1.391546
0.472119
0.925342
0.804948
0.107129
0.470054
0.339814
0.052578
0.118332
0.078676
0.113999
0.050136
0.108567
0.000695
0.277959
0.364019
0.443207
1.027241
0.188021
0.208494
0.298755
0.039952
0.482095
0.329396
0.075363
0.154615
0.529838
0.657433
0.508791
0.198546
0.074682
0.405757
0.531645
0.249493
0.094648
0.045574
0.133385
0.061698
0.303674
0.553636
1.560486
1.779989
0.150781
1.155056
0.807747
0.578151
0.236594
0.104708
0.469850
0.758161
0.507279
0.556479
0.862445
0.192069
0.760436
0.704440
0.116512
0.118175
0.107543
0.197512
0.411406
0.444188
0.003031
0.077721
0.594579
1.492756
1.599537
0.148485
1.258082
0.681969
0.321772
0.364520
0.559256
1.009239
0.976022
0.681157
0.305458
0.265572
0.635055
0.517178
0.162507
0.012178
0.006845
0.172561
0.253274
0.038155
0.070935
0.331342
1.262578
2.154582
1.094179
0.504366
1.170205
1.011751
0.549912
0.328963
0.467920
0.996804
0.886642
0.569771
0.300922
0.179564
0.251086
0.408102
0.422105
0.349306
0.378668
0.085284
0.135526
0.360704
0.205520
0.926018
1.609940
1.771113
1.262573
0.569164
1.446597
1.107275
0.447573
0.104457
0.343242
0.822565
1.203528
0.864506
0.225064
0.154970
0.040957
0.266635
0.603804
0.226218
0.128420
0.359959
0.198512
0.155961
0.102662
0.114320
1.359406
2.442644
1.181629
0.929027
1.392879
0.570008
0.428415
1.023157
1.031689
0.642269
0.585708
0.750224
0.466484
0.332223
0.716322
0.465693
0.466660
0.291882
0.146625
0.037778
0.025047
0.150023
0.332717
0.128480
0.763392
1.748009
0.910397
0.346379
0.438425
0.337113
0.471757
0.673217
0.982207
0.979641
0.490402
0.450027
0.323975
0.225325
0.218293
0.226068
0.356038
0.193825
0.205596
0.270009
0.099751
0.186518
0.277016
0.047409
0.907747
1.378873
0.497991
0.069659
0.339575
0.363295
0.263170
0.847679
0.971387
0.878700
0.719214
0.770637
0.289636
0.599337
0.506935
0.232034
0.233672
0.118202
0.062018
0.214586
0.336686
0.088936
0.070351
0.067022
0.008489
0.191041
0.357643
0.698818
0.670226
0.219695
0.011911
0.220379
0.415423
0.690075
1.226180
1.360611
0.650789
0.257858
0.582171
0.492319
0.300017
0.151676
0.366678
0.365146
0.030233
0.011375
0.102753
0.000308
0.005357
0.106501
0.382352
0.415611
0.223966
0.201510
0.189774
0.786554
0.654841
0.118294
0.020585
0.254864
0.318702
0.018675
0.038943
0.171282
0.073363
0.167933
0.173346
0.057163
0.460239
0.650125
0.094244
0.098458
0.016633
0.037952
0.028595
0.017448
0.258601
0.636108
0.390704
0.229322
0.577895
0.617758
0.529795
0.659314
0.647206
0.053831
0.316473
0.449818
0.313529
0.136538
0.040307
0.368123
0.175451
0.185715
0.111824
0.216561
0.695702
1.182947
0.422000
0.420558
0.199749
0.266402
0.410860
0.251983
0.194372
0.341442
0.764511
0.729831
0.106711
0.172406
0.212153
0.463571
0.200887
0.270078
0.145299
0.340974
0.247425
0.107107
0.291576
0.129227
0.442072
1.115500
0.880758
0.201224
0.656383
0.226651
0.079610
0.265940
0.739443
0.410103
0.242472
0.802232
0.712987
0.086302
0.465591
0.271900
0.157874
0.170488
0.106951
0.123549
0.023037
0.142690
0.630101
0.339498
0.163821
0.371898
0.666368
0.207749
0.159856
0.333087
0.078810
0.832790
0.861019
0.778297
1.123595
0.654913
0.284635
0.457399
0.197370
0.244830
0.313674
0.022760
0.133899
0.112316
0.113128
0.017660
0.068014
0.202101
0.867069
1.298238
0.704101
0.021372
0.143702
0.189189
0.484089
0.425989
0.535850
1.145761
1.250697
0.672773
0.151096
0.383031
0.167696
0.277619
0.313684
0.179179
0.191986
0.140833
0.024881
0.039632
0.005466
0.198413
0.826298
1.312109
0.812790
0.579877
0.003243
1.150314
0.871718
0.308995
0.596767
0.947582
0.861898
0.644198
0.286343
0.424377
0.634071
0.342310
0.161933
0.022860
0.020951
0.181340
0.007460
0.010014
0.292572
0.362966
1.173907
1.919799
0.720318
0.504176
0.969752
0.929328
0.375892
0.337733
0.618043
0.851677
0.848480
0.494847
0.138198
0.242460
0.416973
0.224333
0.264546
0.317311
0.013939
0.012139
0.090842
0.029789
0.160753
0.366843
0.776953
0.894936
0.304163
0.263569
0.312624
0.241256
0.688008
0.761397
0.673580
0.636797
0.535798
0.581676
0.285879
0.335174
0.467803
0.285594
0.119103
0.028534
0.053302
0.116296
0.229742
0.253232
0.088676
0.150178
0.265310
0.197728
0.563453
0.902749
0.108377
0.618947
0.333250
0.271955
0.445305
0.602328
0.855039
0.665106
0.192447
0.192541
0.352334
0.292546
0.166953
0.184320
0.191733
0.002593
0.112293
0.006427
0.283650
0.497504
0.646755
0.462598
0.435843
0.659936
0.111070
0.486336
0.614028
0.371447
0.263584
0.981700
1.177998
0.429487
0.207212
0.180585
0.097484
0.389951
0.026209
0.171320
0.283077
0.249301
0.017997
0.183026
0.006176
0.453714
1.008164
1.256555
0.539159
0.016294
0.003017
0.415425
0.738073
0.621120
0.890129
0.939851
0.315536
0.096225
0.123867
0.119434
0.058147
0.542279
0.550624
0.352034
0.206019
0.022995
0.110642
0.128193
0.078344
0.589555
0.078058
1.011378
1.132383
0.603404
0.001898
0.379707
0.361878
0.354604
0.631292
0.781662
0.997258
0.961435
0.083490
0.700613
0.536152
0.061406
0.002409
0.067459
0.208952
0.364831
0.210737
0.234321
0.368451
0.034123
0.010621
0.624754
0.835948
0.248075
0.461002
0.819835
0.564324
0.022999
0.092710
0.619189
0.571759
0.330333
0.085881
0.579961
0.399835
0.089300
0.201252
0.349889
0.158230
0.608651
0.361345
0.029514
0.075407
0.097003
0.143975
0.518574
0.174983
0.186559
0.278502
0.177515
1.144680
0.041401
1.050535
0.152764
0.737410
0.190856
0.406812
0.324769
0.511033
0.655857
0.180267
0.218219
0.071292
0.220838
0.162978
0.013908
0.231952
0.242581
0.250179
0.621388
0.508199
0.078120
0.526954
0.327686
0.028932
0.037905
0.006797
0.153498
0.327960
0.472521
0.082855
0.057022
0.090444
0.226582
0.287731
0.277211
0.777477
0.456902
0.266608
0.281153
0.034843
0.002719
0.028197
0.203285
0.491954
0.676769
0.274260
0.202083
0.173520
0.197166
0.442179
0.590581
0.657022
0.671518
0.174116
0.238991
0.022998
0.144453
0.316054
0.033727
0.034894
0.204500
0.054945
0.147865
0.276829
0.004904
0.074475
0.372564
0.122219
0.087179
0.396747
0.281714
0.082058
0.021960
0.195898
0.433332
0.677813
0.848791
0.527155
0.028254
0.154120
0.150751
0.326072
0.198028
0.039012
0.123278
0.003838
0.196314
0.113574
0.158376
0.738243
1.418577
1.306464
0.670453
0.127262
0.923132
1.099140
0.810874
0.573602
0.596593
0.777891
0.716514
0.018874
0.432547
0.269741
0.216503
0.206548
0.204666
0.030306
0.003393
0.343058
0.049209
0.269433
0.281723
0.356608
0.449461
0.658492
0.646531
0.444563
0.177543
0.608153
0.625623
0.566088
0.495246
0.770892
0.784757
0.056745
0.534414
0.344747
0.169440
0.305074
0.437256
0.089609
0.213084
0.080331
0.144953
0.376014
0.054488
0.518543
0.961861
1.226622
0.882426
0.335021
1.232545
0.784037
0.171275
0.052076
0.260779
0.548566
0.419955
0.239983
0.256259
0.424535
0.209119
0.854139
0.710160
0.409078
0.205052
0.309106
0.424696
0.850422
0.775409
0.375912
2.312180
1.147157
0.877920
0.684305
0.141591
0.159728
0.000076
0.081313
0.465368
0.954320
1.250828
1.051901
0.076048
0.818424
0.785269
0.460489
0.109630
0.008912
0.462420
0.471553
0.848193
0.657765
0.876138
1.208111
1.680890
1.013529
1.053490
1.110465
0.299561
0.259392
0.198837
0.057829
0.164893
0.750252
1.421188
0.975138
0.286142
0.527566
0.175572
0.376841
0.493138
0.423693
0.156790
0.463829
0.435581
0.255391
0.546539
0.777601
2.220612
1.445172
0.222770
1.021744
1.623003
0.567501
0.110822
0.565762
0.461990
0.407193
0.705289
0.459204
0.027239
0.192116
0.552872
0.538908
0.078284
0.095626
0.075204
0.257526
0.261880
0.035658
0.198309
0.956781
1.511979
1.258957
0.356341
1.336116
0.907613
0.302874
0.077007
0.340514
0.683998
0.672693
0.312152
0.002911
0.146889
0.334386
0.231078
1.099640
0.517076
0.804320
0.469733
1.335878
0.409757
0.879719
0.523266
0.651441
0.307831
0.366342
0.101230
0.117784
0.098844
0.266958
0.337573
0.188642
0.325216
0.628613
0.633729
0.485266
0.483328
0.213354
0.359592
0.569469
0.328206
0.214197
0.396100
0.583393
0.355434
0.204108
0.354944
0.004442
0.425550
0.517831
0.228500
0.282854
0.504126
0.159510
0.380018
0.940040
1.337102
0.953138
0.280550
0.184387
0.556434
0.430982
0.133306
0.232207
0.151281
0.245771
0.037848
0.048847
0.151168
0.016015
0.028118
0.719386
1.401032
1.128074
0.149597
0.842859
0.926876
0.016881
0.153625
0.520832
0.701159
0.859814
0.895257
0.238681
0.209067
0.213882
0.337627
0.262014
0.044711
0.161686
0.102285
0.145491
0.102740
0.014765
0.306293
1.520915
2.367399
1.316761
0.655733
1.832825
1.285162
0.267979
0.049549
0.236110
0.424552
0.491911
0.673051
1.161340
0.737486
0.415553
0.669796
0.629597
0.594522
0.578794
0.240509
0.168574
0.174697
0.350338
0.780267
1.383519
3.166819
1.124052
1.366378
1.354048
0.822978
0.531725
0.218921
0.194351
0.449534
0.683749
0.877526
0.868429
0.252407
0.368678
0.849615
0.728416
0.000702
0.248066
0.182642
0.281521
0.695731
0.448021
0.033375
0.703865
1.719827
0.790577
0.347693
0.661698
1.016777
0.871054
0.709739
0.353606
0.169612
0.165807
0.670681
0.460603
0.025146
0.392549
0.658842
0.345747
0.127890
0.019391
0.222071
0.186597
0.039422
0.314607
0.257067
0.487789
1.612085
1.668701
0.227145
1.003722
0.837809
0.453583
0.301916
0.105228
0.227907
0.568877
0.757430
0.860659
0.632835
0.224139
0.666054
0.455491
0.161391
0.031845
0.024679
0.304666
0.553903
0.046435
0.018782
1.616095
2.406293
0.150381
2.006478
0.764074
0.255002
0.295565
0.497771
0.421364
0.627925
0.947139
0.708079
0.248556
0.270956
0.484045
0.301914
0.321110
0.158160
0.189730
0.101681
0.223881
0.266718
0.284912
0.306758
0.911246
1.387859
0.670271
0.087396
0.604218
0.636484
0.569189
0.675618
0.759178
0.856461
0.492071
0.292314
0.276159
0.303684
0.572886
0.124505
0.016917
0.236635
0.367912
0.097560
0.186624
0.483612
0.086741
0.094171
0.055848
0.107821
0.131615
0.540557
0.758585
0.293597
0.391103
0.514582
0.287819
0.260875
0.651894
1.032217
0.556473
0.372922
0.467548
0.093205
0.124496
0.363487
0.581636
0.372977
0.216941
0.248645
0.083564
0.027162
0.118567
0.606421
0.283294
0.282930
0.089198
0.343560
0.178516
0.171801
0.172119
0.524583
1.123014
0.798036
0.097470
0.372965
0.190593
0.142262
0.089478
0.008492
0.192076
0.203003
0.026158
0.020586
0.107037
0.454451
0.643611
0.425044
0.064955
0.143258
0.223298
0.195221
0.290424
0.100826
0.172232
0.349848
0.706991
1.089026
0.775663
0.128704
0.553096
0.344723
0.167841
0.178858
0.165455
0.239829
0.326690
0.102688
0.164614
0.057345
0.105310
0.136749
0.444022
0.495367
0.003307
0.088553
0.189394
0.571249
0.769150
0.391213
0.272795
0.244127
0.438565
0.394734
0.084309
0.498492
0.621058
0.367534
0.009765
0.136610
0.057416
0.024688
0.138686
0.030322
0.045981
0.323878
0.324257
0.218127
0.021024
0.019778
0.222446
0.050351
0.434337
0.384592
0.378734
0.457793
0.156784
0.051297
0.062632
0.131333
0.094834
0.186535
0.287954
0.184995
0.016610
0.197303
0.204331
0.162909
0.022230
0.529610
0.656575
0.344808
0.137846
0.027352
0.035230
0.431855
0.440192
0.638469
0.510796
0.243612
0.359770
0.010282
0.130166
0.057658
0.052027
0.115572
0.146993
0.125660
0.243804
0.107152
0.113214
0.366788
1.007930
0.875895
0.072792
0.220196
0.373800
0.290852
0.220140
0.349864
0.021408
0.172739
0.751189
0.571942
0.059511
0.153652
0.219279
0.245686
0.193890
0.163403
0.074456
0.094367
0.033205
0.081398
0.245984
0.244635
0.559530
1.328539
0.830621
0.083971
0.136558
0.010690
0.301711
0.453125
0.355271
0.546709
0.817475
0.855323
0.338537
0.291495
0.223163
0.195669
0.332751
0.135359
0.048507
0.105274
0.108011
0.050018
0.043942
0.266444
1.125016
1.385658
0.468531
0.374176
0.414155
0.214195
0.360852
0.662663
0.985152
0.992555
0.415564
0.257739
0.150853
0.376575
0.278568
0.147082
0.388892
0.226121
0.031365
0.107776
0.034268
0.462070
0.566156
0.062946
0.046553
0.666896
0.339292
0.208385
0.082158
0.006295
0.000532
0.086376
0.344019
0.419711
0.658624
0.901102
0.426364
0.311266
0.457219
0.149785
0.068512
0.181604
0.428311
0.228437
0.132050
0.160926
0.611925
0.028415
1.506590
1.446337
0.016748
0.510249
0.133201
0.064569
0.265633
0.620144
0.651723
0.737151
0.766718
0.452239
0.331250
0.635775
0.209743
0.201340
0.461635
0.068845
0.318285
0.372679
0.218245
0.183790
0.035345
0.117693
0.152485
0.247258
0.148609
0.010945
0.123789
0.074672
0.102521
0.158268
0.213318
0.094986
0.221594
0.219366
0.199863
0.038061
0.015823
0.098517
0.397670
0.505691
0.078251
0.215612
0.296657
0.427373
0.270649
0.237654
0.524756
0.881736
0.741905
0.170543
1.010724
1.338269
0.311014
1.656007
0.140789
0.849441
0.430671
0.256595
0.102164
0.084468
0.103643
0.256772
0.078581
0.164028
0.120146
0.124488
0.106171
0.203152
0.197443
0.192751
0.729056
1.386701
0.659268
0.508988
0.660834
0.038796
0.036715
0.545680
0.525624
0.477794
0.855871
0.769652
0.015688
0.212745
0.016673
0.400370
0.435143
0.108104
0.002520
0.078024
0.204326
0.012957
0.058314
0.634801
1.051817
1.277907
0.416323
0.759606
0.821508
0.507947
0.270333
0.127663
0.097267
0.261580
0.672303
0.941626
1.042452
0.479851
0.621994
0.780176
0.325248
0.374610
0.093760
0.438251
0.033705
0.659061
0.271328
0.036645
1.630335
2.484836
0.228605
1.784501
1.195014
0.219898
0.036296
0.001165
0.097263
0.506355
1.044121
1.251618
1.100290
0.252794
0.860121
1.051102
0.656396
0.196308
0.074597
0.683754
1.283829
0.210769
1.311126
0.253648
0.735329
0.384121
0.469442
0.220073
0.342486
0.670273
0.349670
0.191403
0.306898
0.410777
0.711130
1.492384
1.311868
0.516296
1.451157
0.795762
0.058555
0.147584
0.222072
0.523943
0.272506
0.432975
0.678588
0.478958
0.948857
2.632317
1.214581
1.540275
1.819742
0.769599
0.187900
0.229885
0.344609
0.484997
0.666266
0.896577
0.796276
0.000029
0.550332
0.498629
0.455306
0.085697
0.062612
0.225282
0.095901
0.388446
0.219687
0.190328
1.443196
2.199846
0.736995
0.364672
1.145354
1.267758
0.382647
0.263496
0.515006
0.246233
0.383266
1.197761
0.870413
0.484583
0.833455
0.432600
0.033282
0.091170
0.057865
0.182699
0.164427
0.087959
0.136657
0.275513
0.943199
1.572054
1.119315
0.002565
1.028918
1.247459
0.445984
0.113292
0.251151
0.522413
0.680254
1.305811
0.939131
0.547587
0.837817
0.362640
0.284829
0.134225
0.003750
0.007937
0.163280
0.165220
0.054939
0.379658
1.593503
2.129603
0.752527
0.639927
1.253835
0.890067
0.597252
0.876860
0.585179
0.489679
0.674373
0.645237
0.262134
0.428857
0.802883
0.447848
0.222241
0.057527
0.391650
0.110047
0.262742
0.318790
0.270025
0.309042
0.759355
1.216741
0.464151
0.206338
0.440369
0.481546
0.449978
0.533526
0.526718
0.371126
0.175398
0.101682
0.087762
0.012551
0.258264
0.154597
0.622285
0.546195
0.294912
0.518586
0.503236
0.244392
0.740387
0.779613
0.090958
0.525552
0.086977
0.488752
0.227271
0.380159
0.373022
0.132765
0.088036
0.319578
0.534115
0.525196
0.150721
0.111893
0.682222
0.165813
0.665650
0.805478
0.681068
0.521815
1.380312
0.139748
1.327790
0.362360
1.073327
2.285251
0.106222
1.670279
0.775314
0.059750
0.200353
0.279375
0.291582
0.337207
0.457229
0.504364
0.075187
0.032328
0.786857
0.412238
0.728168
0.709951
0.058554
0.455901
0.233827
1.121516
0.590712
0.292558
0.871066
2.134237
0.723846
1.028191
1.126857
0.584836
0.240979
0.229428
0.332313
0.139940
0.497058
1.647569
0.997502
0.659340
0.686847
0.254838
0.205781
0.026093
0.095503
0.330729
0.165797
0.056378
1.029060
0.325384
0.057682
1.876427
0.993915
0.712292
0.369951
0.649380
1.271865
0.626021
0.475287
0.075024
1.011417
0.874258
0.568535
0.081947
0.386615
0.242494
0.567388
0.373435
0.231986
0.171199
0.392305
0.783736
0.106632
0.637328
0.878853
1.689393
1.030157
0.460701
0.493430
1.255157
0.975353
0.532348
0.668605
0.773906
0.300587
0.340592
0.703323
0.010610
0.962758
0.991125
0.065188
0.819821
0.067717
0.533521
0.004799
0.288246
0.571313
0.187910
0.367195
1.009740
1.503112
0.618690
1.263049
1.602890
0.493448
0.039852
0.324701
0.513662
0.493660
0.614318
0.401830
0.471779
1.035487
0.237308
0.604312
0.031823
0.645377
0.218484
0.299169
0.396150
0.298591
0.371346
0.955150
0.693356
0.490467
0.271538
0.214580
0.505917
0.628116
0.252673
0.026068
0.354811
0.719018
0.360532
0.005142
0.052152
0.282373
0.296741
0.056719
0.155590
0.423259
0.309165
0.150912
0.076497
0.192780
0.063330
0.151236
0.568760
0.870902
0.605224
0.080332
0.303221
0.610825
0.589430
0.602862
0.922714
0.677807
0.080906
0.203815
0.107094
0.037387
0.242617
0.365938
0.178692
0.103568
0.061675
0.078910
0.102611
0.117176
0.132112
0.721053
1.547278
1.085317
0.034792
0.169993
0.186841
0.760885
1.312163
1.225411
0.666854
0.325669
0.615801
0.432481
0.458962
0.608257
0.266802
0.086488
0.137550
0.243042
0.082709
0.069030
0.130508
0.050469
0.380100
1.245187
1.429940
0.002330
0.765579
0.084955
0.427600
0.107245
0.392202
0.378471
0.851779
1.186421
1.164452
0.418624
0.559158
0.597179
0.283248
0.094209
0.178911
0.709078
0.584578
0.168536
0.268689
0.006569
0.010524
0.163913
0.530782
0.364855
0.037728
0.046604
0.052534
0.111073
0.122411
0.305360
0.530675
0.856030
0.734597
0.047147
0.559232
0.554383
0.083123
0.224881
0.299676
0.020190
0.394825
0.367713
0.314419
0.279714
0.097483
0.233834
0.485513
0.159464
0.219019
0.056473
0.144732
0.066545
0.269616
0.404354
0.381838
0.733731
0.868196
0.205884
0.339263
0.195521
0.073839
0.165530
0.267527
0.050088
0.162147
0.230136
0.003980
0.135690
0.235412
1.208703
1.426209
0.220836
0.659969
0.457727
0.066067
0.078105
0.439288
0.521424
0.493470
0.827973
0.705809
0.008803
0.321726
0.330483
0.552393
0.427988
0.386717
0.782460
0.149639
0.425777
0.160722
0.335575
0.825432
1.390893
1.744967
0.226261
1.121481
0.999051
0.636660
0.291702
0.135701
0.208401
0.416071
0.448825
0.486177
0.586767
0.792869
0.525011
0.800005
1.071322
0.259808
0.083755
0.100745
0.228410
0.052065
0.280297
0.411872
1.808409
2.097526
0.198785
1.241423
1.384967
0.565178
0.002952
0.072875
0.210463
0.339882
0.528377
1.249658
1.093073
0.170731
0.334711
0.252490
0.551959
0.449880
0.146458
0.210608
0.365185
0.280525
0.146196
0.613003
1.406950
2.192916
0.539105
1.175004
1.107767
0.790096
0.322832
0.126265
0.337536
0.646143
0.822845
0.855951
0.506256
0.010049
0.401855
0.900703
0.541136
0.290167
0.167629
0.245464
0.304449
0.178036
0.039886
0.404511
1.571068
1.719557
0.236989
0.441289
0.639431
0.969514
0.715207
0.491367
0.369702
0.416188
0.612211
0.605765
0.503817
0.034911
0.684990
0.440051
0.087245
0.157757
0.117906
0.160797
0.167818
0.281677
0.225625
0.280684
1.277559
1.710658
0.675753
0.296728
0.871222
0.731428
0.420654
0.502094
0.501545
0.418418
0.756083
1.180536
0.588141
0.571106
0.731161
0.169672
0.046708
0.163044
0.127709
0.161126
0.270731
0.039419
0.021310
0.386766
1.269023
1.607683
0.428542
0.572604
0.573578
0.358287
0.368259
0.571431
0.659202
0.549763
0.771081
0.851917
0.178966
0.082563
0.236712
0.741329
0.454470
0.089652
0.079957
0.013387
0.053349
0.188602
0.188112
0.425302
1.214690
1.214267
0.211263
0.360591
0.285391
0.255072
0.540333
0.891781
0.769481
0.361457
0.126952
0.243034
0.472317
0.169448
0.266493
0.342299
0.168020
0.692048
0.740670
0.368493
0.357439
0.214141
0.027817
0.273506
0.861735
2.107936
0.978151
0.378436
0.723337
0.776743
0.339102
0.299005
0.541644
0.634558
1.103489
1.078570
0.103661
0.523560
0.298289
0.142740
0.398602
0.171693
0.033288
0.213175
0.091070
0.007308
0.098733
0.185651
0.580571
1.505294
1.520476
0.022387
0.829451
0.733516
0.467582
0.338499
0.588215
0.901544
0.768178
0.371068
0.177626
0.202934
0.448716
0.314632
0.078136
0.046844
0.254517
0.292866
0.084264
0.132429
0.101607
0.217158
0.472680
1.338150
1.181981
0.135745
0.300837
0.304903
0.616289
0.820487
0.782924
0.628944
0.545850
0.363778
0.047183
0.161645
0.188506
0.040778
0.121622
0.434965
0.479097
0.154050
0.213498
0.272063
0.043263
0.215341
0.495626
1.127020
0.893859
0.187917
0.093571
0.294769
0.398899
0.415540
0.617415
1.369435
1.165612
0.291047
0.683855
0.170039
0.106499
0.012023
0.320491
0.642539
0.368065
0.263397
0.080414
0.098152
0.076032
0.077408
0.043841
0.399982
0.498724
0.149361
0.060555
0.114183
0.195501
0.112388
0.025222
0.337911
0.505872
0.279056
0.267891
0.193492
0.028728
0.394934
0.762508
0.229435
0.259317
0.199601
0.023800
0.037644
0.005470
0.128073
0.026927
0.151509
0.171169
0.662510
0.684964
0.099071
0.294603
0.286936
0.686974
0.670095
0.226713
0.166719
0.035933
0.182749
0.031042
0.380642
0.565192
0.065119
0.281623
0.045633
0.026100
0.137876
0.172820
0.385509
0.176915
0.749696
0.676797
0.773015
0.938717
0.177327
0.137209
0.263559
0.061980
1.751497
1.317244
1.015781
0.960493
0.064513
0.200221
0.227931
0.092532
0.166876
0.329047
0.548109
1.038666
0.385307
0.751372
0.393469
0.271003
0.521091
0.256137
0.494910
0.310123
0.280199
0.039525
2.405908
0.427535
3.727923
0.451880
2.833493
0.655616
0.264182
0.644861
0.105021
0.117368
0.698156
0.163237
0.920805
0.320694
0.504942
0.258200
0.220021
0.998651
1.752117
0.735572
0.721149
0.691319
0.178649
0.083258
0.445941
0.522300
0.370570
0.702939
1.124501
0.720873
0.315104
0.595747
0.424671
0.318163
0.051491
0.030011
0.237808
0.338429
0.163347
0.366941
0.076926
0.953537
2.038572
1.048399
0.359894
0.749682
0.767929
0.623997
0.403966
0.499918
0.708418
0.570986
0.451629
0.022511
0.127963
0.033855
0.450909
0.368285
0.098859
0.029095
0.063068
0.074864
0.184827
0.042174
0.099151
0.553452
0.883448
0.759451
0.112671
0.598398
0.673888
0.254325
0.085959
0.748808
2.204936
1.135101
1.941181
1.591969
0.180842
0.049629
0.220317
0.320983
0.197091
0.066298
0.027497
0.103065
0.167205
0.129449
0.171374
0.898336
1.322787
0.189902
0.565262
0.371113
0.358138
0.236514
0.085463
0.032382
0.196723
0.955722
1.087900
0.058656
0.626659
0.385962
0.172470
0.325333
0.384385
0.071993
0.360960
0.459216
0.282824
0.058060
0.223197
1.078996
1.317619
0.152086
0.496207
0.288244
0.177647
0.180972
0.276826
0.282879
0.232141
0.494527
0.337821
0.096999
0.184867
0.273855
0.135551
0.008296
0.220673
0.211582
0.121637
0.184543
0.143528
0.134444
0.128531
0.267755
0.193623
0.104607
0.190091
0.449758
0.359543
0.154274
0.423524
0.238082
0.282956
0.534537
0.525723
0.316289
0.002465
0.091471
0.069179
0.203085
0.189029
0.171203
0.072790
0.111189
0.090307
0.304963
0.123013
0.267267
1.158971
1.371248
0.268493
0.508097
0.363599
0.295773
0.558454
0.787965
0.732468
0.927644
1.164095
0.523068
0.370668
0.574039
0.344892
0.305292
0.278127
0.222685
0.683690
0.181142
0.947446
0.177826
0.881857
1.578505
2.018615
0.366570
1.513006
0.995954
0.052444
0.298852
0.489441
0.333566
0.386777
0.842667
1.131163
0.410034
0.314358
0.320314
0.352231
0.356728
0.199627
0.167533
0.087310
0.081738
0.286516
0.440036
0.134387
0.828032
1.485436
0.737706
0.373347
0.834132
0.645036
0.407645
0.359215
0.433290
0.574682
0.680381
0.755100
0.305177
0.347174
0.338255
0.228890
0.303660
0.213451
0.089279
0.050805
0.048000
0.261966
0.300962
0.091856
0.742815
1.338855
0.628491
0.034488
0.186360
0.419538
0.589098
0.404224
0.305466
0.691489
0.957407
0.664703
0.133880
0.257631
0.356284
0.187518
0.103084
0.009864
0.080355
0.137988
0.206175
0.368659
0.322968
0.185543
0.011074
0.559233
0.936988
1.096168
0.417843
0.725291
0.736587
0.164648
0.522270
0.786516
0.636131
0.832246
0.609736
0.175544
0.515461
0.351073
0.289771
0.345143
0.160451
0.089358
0.115738
0.018042
0.060095
0.264588
0.787078
0.875806
0.296648
0.143363
0.376421
0.094320
0.508625
0.690497
0.550737
0.648365
0.936543
0.863113
0.245256
0.239045
0.293817
0.323707
0.200389
0.195752
0.346387
0.083990
0.064175
0.066170
0.243965
0.451535
0.199497
0.063058
0.086225
0.496895
0.902635
0.305743
0.478011
0.539897
0.697640
0.942528
0.818922
0.370239
0.015570
0.308627
0.449848
0.399974
0.253898
0.100700
0.383390
0.021893
0.578742
0.262258
0.089400
0.037163
0.305864
0.611165
0.147017
0.171199
0.008637
0.005647
0.151734
0.230707
0.117263
0.420641
0.707127
0.536495
0.224897
0.017197
0.124559
0.365236
0.536374
0.185624
0.388905
0.533644
0.036399
0.696420
1.253640
1.299870
0.072826
0.786629
0.070708
0.198610
0.212672
0.165070
0.241964
0.360370
0.159819
0.051598
0.420020
0.837968
0.910195
0.319701
0.209298
0.082889
0.444408
0.528023
0.138928
0.194554
0.275547
0.592338
0.667870
0.560404
0.924529
1.313254
0.244237
0.876236
0.697589
0.410599
0.460603
0.254096
0.374096
0.719386
0.644692
0.763528
0.430640
0.055616
0.234198
0.588002
0.448463
0.115213
0.001024
0.133138
0.146114
0.005386
0.600123
0.410124
0.317139
1.768499
0.885314
0.871785
0.721916
0.478845
0.339910
0.318813
0.516016
0.749113
0.730115
0.524231
0.253387
0.219857
0.344304
0.185965
0.021490
0.067672
0.228529
0.110085
0.180725
0.247679
0.195464
0.358653
0.854256
1.065659
0.516073
0.333780
0.251887
0.532551
1.040523
0.572964
0.482602
1.330659
1.255718
0.073234
0.239297
0.009552
0.180188
0.358558
0.459080
0.367288
0.021513
0.223419
0.001728
0.290836
0.146524
0.273429
1.158786
1.055565
0.251027
0.311284
0.175996
0.141676
0.418702
0.471524
0.722866
0.824425
0.507947
0.299761
0.018963
0.183570
0.238271
0.496976
0.495131
0.201297
0.014683
0.027444
0.016679
0.046182
0.006347
0.169772
0.393868
0.349849
0.021957
0.014789
0.350153
0.231713
0.687457
0.375691
0.351146
0.389105
0.430173
0.266390
0.221236
0.362526
0.008755
0.212248
0.663306
0.134717
0.336612
0.151264
0.065335
0.064900
0.243695
0.530152
0.810517
0.569285
0.324082
0.277925
0.147869
0.009244
0.004399
0.141337
0.626438
0.814623
1.032128
0.710056
0.693845
1.144633
0.324734
0.052847
0.057279
0.018615
0.292745
0.230318
0.299971
0.364699
0.222417
0.197825
0.722917
1.033778
0.118708
0.335317
0.145023
0.101519
0.088747
0.055037
0.283377
0.821331
1.111364
0.041972
0.390432
0.057862
0.032873
0.182401
0.085094
0.008237
0.037619
0.124804
0.202224
0.108210
0.286713
0.404472
0.673012
0.981083
0.418152
0.193005
0.177608
0.216220
0.574299
0.850481
0.715190
0.501393
0.327129
0.268234
0.220209
0.049278
0.184375
0.398013
0.621972
1.114382
1.515435
1.523666
1.443227
0.612092
0.051758
0.666597
1.033293
2.003366
0.701904
1.589692
1.200736
0.097145
0.021669
0.117155
0.208211
0.508786
0.952300
1.151159
0.736466
0.203970
0.909321
0.722752
0.106355
0.005705
0.205281
0.260508
0.035134
0.131223
0.301729
0.243329
1.016344
2.537244
0.790669
1.716602
1.216201
0.221267
0.066940
0.248408
0.316337
0.418529
0.930497
1.533486
0.941358
0.524587
1.059913
1.000721
0.326909
0.495701
0.114333
0.501320
0.165452
0.153944
0.024919
0.303441
2.272749
2.312227
1.008131
1.633407
0.368069
0.044300
0.185632
0.466116
0.594808
0.683628
0.632506
0.923252
0.719098
0.300407
0.735520
0.555089
0.029223
0.351017
0.148451
0.855965
0.704577
0.100461
0.497382
0.097323
0.906892
1.126624
1.027782
0.050630
1.014967
0.700679
0.493570
0.601660
0.407242
0.601229
0.475191
0.058919
0.274682
0.291745
0.203766
0.074591
0.293547
0.249346
0.447860
0.105716
0.073349
0.214630
0.031880
0.198608
0.292399
0.373569
0.532997
0.085223
0.621904
0.238061
0.035553
0.612239
0.953654
0.250296
0.818236
0.257507
0.545240
0.104966
0.008891
0.142690
0.015434
0.044392
0.193761
0.312861
0.128053
0.109025
0.043270
0.099053
0.784103
1.725673
0.538321
0.680720
0.310794
0.267219
0.310067
0.206513
0.440919
0.447129
0.707933
1.082816
0.348564
0.541827
0.375450
0.017829
0.005187
0.339031
0.309627
0.197844
0.265684
0.034540
0.089376
0.145236
1.246794
1.996632
0.497693
1.078343
0.967806
0.518774
0.089950
0.082822
0.429479
0.385954
0.683605
1.561033
1.229093
0.657218
1.232409
0.343288
0.042502
0.161430
0.091732
0.056706
0.526371
0.771499
0.085245
0.128116
0.041252
0.863162
1.736746
0.072141
1.427925
0.795850
0.075921
0.133648
0.483784
0.429042
0.537842
1.206975
1.216145
0.129631
1.139123
0.638580
0.012801
0.168469
0.332425
0.009921
0.043255
0.535695
0.618412
0.041569
0.267618
1.413572
1.037073
0.410825
0.624949
0.408153
0.350170
0.348985
0.715431
1.032532
0.972338
0.876920
0.402337
0.482999
0.720051
0.397943
0.111412
0.147149
0.220872
0.042733
0.051931
0.237671
0.525689
0.168038
0.697535
1.782425
0.582711
0.219771
0.075965
0.698867
0.999560
0.796822
0.747911
0.623816
0.301870
0.290433
0.048777
0.027834
0.003716
0.542068
0.375691
0.089716
0.228052
0.008306
0.324482
0.291223
0.203828
0.177403
1.035084
1.983543
0.892714
0.726716
1.000496
0.472291
0.148572
0.475199
0.844149
0.627190
0.439041
0.943643
0.664553
0.393320
0.546722
0.296523
0.256370
0.173964
0.046590
0.062096
0.185862
0.107425
0.206173
0.411077
1.148084
2.154132
0.966544
0.736138
1.099569
1.009593
0.654084
0.312283
0.418783
0.974559
0.772646
0.332771
0.335880
0.057412
0.295733
0.113314
0.320798
0.494057
0.151056
0.133932
0.373075
0.426511
0.186600
0.512663
0.613279
2.520090
1.247546
0.749687
1.076107
0.800526
0.403060
0.410690
0.717072
0.852194
0.997683
0.890309
0.132156
0.349795
0.318460
0.388147
0.420789
0.325852
0.161880
0.133670
0.293354
0.293873
0.205129
0.039389
0.732010
1.952902
0.937267
0.480772
0.637190
0.708936
0.683898
0.512180
0.612035
0.822731
0.648336
0.566975
0.619466
0.090571
0.768604
0.583961
0.106253
0.169327
0.336029
0.074488
0.030259
0.007164
0.072817
0.171413
1.078704
1.821047
0.816091
0.166429
0.606761
1.129285
0.849370
0.263485
0.406730
0.659119
0.718393
0.867561
0.374261
0.523087
0.426181
0.340810
0.559659
0.168948
0.125356
0.198253
0.056969
0.313989
0.169296
0.277937
1.279435
1.624764
0.309596
0.495120
0.541145
0.468993
0.422468
0.674868
0.709469
0.440202
0.379067
0.656899
0.587439
0.058679
0.602420
0.586029
0.260758
0.047485
0.060321
0.166184
0.204243
0.062302
0.103485
0.249802
1.111382
1.917277
0.752799
0.538498
0.749805
0.822412
0.562759
0.416929
0.572060
0.455711
0.663345
0.996465
0.352881
0.480173
0.417006
0.123409
0.174938
0.231511
0.178870
0.082276
0.041829
0.045719
0.017394
0.120907
0.905730
1.617108
0.631500
0.132849
0.279679
0.284796
0.913169
0.575136
0.765585
0.994508
0.409956
0.448100
0.541090
0.124168
0.536547
0.473545
0.084508
0.085954
0.336742
0.006818
0.194543
0.043841
0.060021
0.457464
1.715138
2.241852
0.695803
0.612205
1.766502
1.684744
0.018785
0.078485
0.534112
0.610703
1.138484
0.857032
0.280426
0.822509
0.507469
0.079427
0.130188
0.312702
0.173177
0.315446
0.318764
0.021358
0.031310
0.094764
0.025157
0.189263
0.465655
0.308030
0.037713
0.000775
0.058015
0.037785
0.330167
0.863427
1.265698
0.911955
0.307630
0.867554
0.389960
0.001703
0.203394
0.327813
0.182022
0.070404
0.220732
0.024648
0.190870
0.317393
0.527130
0.495698
0.052091
0.035370
0.019203
0.591533
0.925988
0.501033
0.148878
0.206019
0.554940
0.263730
0.607513
0.134856
0.087328
0.103421
0.169150
0.000387
0.011199
0.015046
0.081390
0.042954
0.068243
0.019785
0.007400
0.208136
0.232206
0.259871
0.349271
0.038184
0.299419
0.260873
0.223467
0.384704
0.765595
0.578919
0.124094
0.575060
0.242723
0.022642
0.227531
0.103503
0.076618
0.033897
0.052672
0.002842
0.143756
0.064576
0.565254
0.747057
0.036963
0.179050
0.027361
0.086534
0.350604
0.313994
0.186547
0.325952
0.591661
0.582931
0.172593
0.186116
0.214568
0.086785
0.280000
0.555678
0.103285
0.605645
0.335400
0.356120
0.246292
0.333381
1.248640
1.406830
0.282692
0.624037
0.549584
0.188391
0.134484
0.271233
0.360248
0.909746
1.239511
0.397412
0.343515
0.245856
0.018027
0.232691
0.534886
0.326728
0.163860
0.006827
0.265037
0.237987
0.077473
0.168799
0.904642
0.991418
0.093259
0.172802
0.084699
0.118037
0.124812
0.143151
0.409491
0.697278
0.695920
0.593218
0.110289
0.567749
0.176590
0.022574
0.006805
0.003845
0.172189
0.423090
0.182917
0.104047
0.118229
0.127900
0.139312
0.373534
0.559040
0.201005
0.434015
0.026522
0.124312
0.580005
0.610642
0.208494
0.322733
0.614692
0.187177
0.254245
0.173141
0.310670
0.405193
0.040089
0.299301
0.078823
0.366003
0.096485
0.147531
0.150858
0.256230
0.369332
0.526751
0.461201
0.011577
0.283222
0.277334
0.262285
0.289608
0.502587
0.633863
0.423716
0.305623
0.001758
0.488096
0.309050
0.632835
1.298874
0.242111
1.142373
0.623678
0.065583
0.213758
0.068103
0.818035
0.817666
0.239518
0.050408
0.084791
0.212131
0.184808
0.216518
0.329744
0.180438
0.304531
0.825824
1.261099
0.752782
0.527009
1.134367
1.011242
0.217232
0.487958
0.038299
0.348734
0.037456
0.226246
0.377352
1.774392
1.985009
0.135163
1.216398
0.688799
0.534468
0.347028
0.269484
0.586113
0.589725
0.361228
0.527265
0.746803
0.053964
0.690239
0.648694
0.311867
0.112935
0.068399
0.057237
0.031234
0.099627
0.419578
0.486889
0.872275
1.515443
0.260712
0.934108
0.586404
0.397851
0.541579
0.502697
0.580850
0.843039
0.381100
0.431139
0.426675
0.184141
0.101712
0.054508
0.168590
0.005672
0.367405
0.146202
0.136354
0.012463
0.005497
0.638782
1.570774
0.842094
0.405415
0.559111
0.379657
0.115344
0.135748
0.266468
0.746499
0.715605
0.643578
0.486034
0.247480
0.509246
0.213695
0.181272
0.595978
0.376671
1.080641
0.447558
0.795600
0.227216
0.232241
0.291377
0.905938
1.149932
0.192859
0.400202
0.176098
0.080260
0.158726
0.176468
0.264156
0.516809
0.816601
0.860441
0.258617
0.297554
0.197198
0.057485
0.116837
0.334389
0.671405
0.331885
0.200019
0.071276
0.003422
0.114044
0.252304
0.302675
0.661867
0.292497
0.678759
0.700633
0.005748
0.045602
0.399100
0.444818
0.147555
0.235002
0.221331
0.027868
0.013344
0.200102
0.207592
0.261133
0.329895
0.074838
0.006519
0.068088
0.214328
0.029665
0.165400
0.014298
0.438734
0.900195
0.292068
0.891926
1.114946
0.199950
0.663107
0.361111
0.729358
0.412279
0.101205
0.256532
0.341921
0.077946
0.073192
0.160535
0.161109
0.311809
0.038003
0.161901
0.218486
0.250172
0.675603
0.948693
0.169750
0.124813
0.154975
0.215733
0.401706
0.124687
0.099210
0.400365
0.564611
0.435406
0.410529
0.550541
0.437581
0.045511
0.559243
0.499200
0.032275
0.090676
0.248528
0.276608
0.666606
0.315044
0.524444
1.070939
0.142841
0.539171
0.118693
0.248318
0.332102
0.289899
0.182146
0.207596
0.499897
0.881603
0.446088
0.150377
0.038172
0.127496
0.704746
0.361830
0.866036
0.497752
1.180333
0.544454
0.649537
0.262662
0.912865
2.274504
1.353389
1.366876
1.208648
0.201632
0.227951
0.143987
0.228082
0.368151
0.605429
1.259108
1.268626
0.221007
0.694498
0.882535
0.473248
0.319225
0.356985
0.040522
0.001341
0.345000
0.288318
0.119666
0.421756
1.279474
0.636629
0.357445
0.435953
0.384847
0.323586
0.266046
0.378580
0.491053
0.883343
0.949034
0.061183
0.484838
0.371675
0.344781
0.127438
0.001781
0.047525
0.039992
0.067697
0.227954
0.275860
0.201019
0.338652
1.631564
1.090533
0.294839
0.471580
0.363266
0.570923
0.321729
0.200372
0.679505
1.018174
0.847188
0.353329
0.131757
0.421594
0.528685
0.440153
0.100099
0.036700
0.240320
0.107034
0.251646
0.030197
0.307637
0.980573
1.654984
0.803916
0.433437
1.042880
0.584767
0.119788
0.553184
0.578861
0.378569
0.464752
0.258295
0.045285
0.181641
0.073485
0.420980
0.195813
0.091933
0.278792
0.329751
0.213754
0.105281
0.107249
0.053618
0.019510
0.252886
0.065517
0.138804
0.000359
0.053545
0.151072
0.224773
0.127879
0.115403
0.128231
0.185343
0.035759
0.243232
0.035334
0.065091
0.111128
0.086293
0.130720
0.065682
0.103061
0.010280
0.168932
0.063581
0.312147
0.430622
0.737582
0.510854
0.001519
0.263212
0.479145
0.320882
0.455676
0.539746
0.228365
0.478858
0.447758
0.232479
0.346124
0.258200
0.470738
0.054522
0.545940
0.027707
0.477210
0.364178
0.178092
0.414736
0.573349
1.192660
0.504453
0.457966
0.152927
0.648186
0.658968
0.706143
0.736530
0.514527
0.594210
0.509498
0.242295
0.628990
0.477909
0.335549
0.089637
0.018146
0.079236
0.121358
0.320334
0.096439
0.250409
0.253532
0.366053
0.569406
0.295764
0.193282
0.243428
0.109309
0.037680
0.604711
1.366970
1.253121
0.062500
0.715213
0.339822
0.000591
0.097869
0.197910
0.242829
0.159573
0.008177
0.167487
0.015435
0.066843
0.167532
0.243401
0.184398
0.073702
0.742112
0.963495
0.151449
0.397834
0.545113
0.377874
0.130303
0.224948
0.488851
0.161667
0.118610
0.006100
0.285220
0.328722
0.019422
0.029337
0.284406
0.016976
0.140960
0.139139
0.004300
0.251559
0.336700
0.283276
0.220612
0.360545
0.160505
0.247042
0.320228
0.280336
0.318682
0.604639
0.734496
0.470653
0.042207
0.490820
0.542279
0.341438
0.002794
0.164288
0.139295
0.109278
0.050981
0.185553
0.209309
0.161229
0.342055
0.778881
0.347243
0.382515
0.180376
0.083860
0.203055
0.636565
0.571186
0.209806
0.003332
0.102159
0.086137
0.009570
0.018343
0.245367
0.131216
0.224172
0.107543
0.267984
0.238942
0.097199
0.207483
0.158427
0.300928
0.615453
0.297570
0.116918
0.280035
0.030230
0.132604
0.148924
0.563105
0.341746
0.215889
0.523067
0.110327
0.342591
0.399094
0.273683
0.026440
0.086610
0.289460
0.142604
0.575159
0.527778
0.352210
0.342859
0.850322
1.174045
0.086897
0.381598
0.194220
0.127021
0.087787
0.032658
0.084071
0.622845
1.022815
0.511338
0.105234
0.145463
0.039615
0.187713
0.443800
0.181148
0.281370
0.203446
0.021023
0.012301
0.051909
0.245092
1.532215
2.006606
0.502375
0.623536
0.794418
0.635878
0.316101
0.325766
0.427035
0.426855
0.901489
1.066402
0.169338
0.391995
0.329229
0.289298
0.162279
0.045802
0.210155
0.495103
0.219598
0.243486
0.257281
0.095278
0.510572
1.199399
0.619958
0.202429
0.717546
0.663889
0.175209
0.263907
0.707066
0.664485
0.442539
0.181732
0.231688
0.290843
0.083905
0.018692
0.116060
0.309047
0.037187
0.404041
0.397595
0.211380
0.043804
0.193851
0.801116
1.033803
0.591994
0.271610
1.013733
1.179011
1.015941
0.038962
0.869168
0.598384
0.157449
0.508755
0.835931
0.105676
0.299095
0.123978
0.156431
0.364265
0.225045
0.273652
0.145797
0.124869
0.157858
0.060024
0.405352
0.531449
0.057321
0.805329
0.919730
0.059658
0.676791
0.525279
0.121723
0.284695
0.357375
0.281600
0.073911
0.105233
0.107616
0.164643
0.102358
0.103662
0.134420
0.083877
0.156878
0.042374
0.033486
0.139270
0.269393
0.368571
0.355820
0.344058
0.146068
0.298192
0.258931
0.227969
0.553292
0.529727
0.491170
0.543126
0.194329
0.200555
0.180753
0.047231
0.102476
0.226585
0.205863
0.155541
0.353380
0.386620
0.000179
0.120346
0.065989
0.202586
0.354454
0.421952
0.235966
0.310911
0.449200
0.202248
0.323574
0.350952
0.585441
0.860995
0.210474
0.653526
0.547342
0.087708
0.099460
0.248018
0.289966
0.264214
0.016438
0.238767
0.011711
0.169758
0.517021
0.921127
0.337958
0.415682
0.368249
0.217102
0.132685
0.105886
0.242462
0.316861
0.603849
0.723742
0.115311
0.560106
0.537355
0.175115
0.001935
0.244797
0.251772
0.156896
0.077162
0.340051
0.170384
0.910607
0.940913
0.600846
0.052509
0.287783
0.318510
0.702338
0.792605
0.256192
0.213690
0.185964
0.357357
0.768743
1.142257
0.587765
0.706867
0.985854
0.593310
0.228181
0.101586
0.154473
0.117823
1.170759
1.099927
0.843176
0.566775
0.589219
0.138286
0.042462
0.098296
0.214218
0.088080
0.014128
0.161936
0.385899
0.393033
0.614095
1.050692
0.558471
0.353756
0.239470
0.613405
0.978903
0.578672
0.808718
0.294051
0.326004
0.379667
0.458482
1.498199
1.954210
0.013233
0.922821
0.509903
0.239481
0.113499
0.656926
1.056575
0.538274
0.226999
0.740156
0.814248
0.032867
0.654104
0.561095
0.288299
0.122883
0.162402
0.091912
0.003358
0.056099
0.055500
0.437712
1.349423
1.617427
0.594651
0.500310
0.827583
0.750362
0.430591
0.213426
0.564938
0.842990
0.709847
0.749515
0.417065
0.306055
0.472196
0.341046
0.121324
0.063180
0.253263
0.135110
0.025069
0.099888
0.141935
0.379668
1.423385
1.728338
0.580384
0.355966
0.743985
0.551350
0.428478
0.897432
1.025031
0.914445
0.828984
0.406945
0.160070
0.443547
0.555789
0.422682
0.111054
0.093139
0.088723
0.154524
0.037267
0.207506
0.035440
0.506544
1.474415
1.519414
0.116235
0.551035
0.426153
0.843165
0.860401
0.636072
0.458606
0.363251
0.413399
0.259874
0.045192
0.192537
0.191790
0.311922
0.118652
0.104059
0.211648
0.469389
0.264692
0.104753
0.046452
0.097666
0.009847
0.268754
0.532117
0.447671
0.076610
0.454645
0.346011
0.197940
0.258734
0.279390
0.147712
0.014235
0.110389
0.114441
0.004502
0.074440
0.157693
0.016464
0.118344
0.494294
0.022124
0.545055
0.055227
0.343192
0.046536
0.058211
0.203677
0.360825
0.218824
0.039627
0.011209
0.024327
0.027798
0.239273
0.636481
0.433030
0.148147
0.205949
0.093604
0.125135
0.051476
0.050785
0.054177
0.038197
0.016135
0.057625
0.025519
0.123592
0.117166
0.115421
0.268575
0.344300
0.104807
0.234293
0.139229
0.025839
0.243613
0.596423
0.858673
0.382387
0.351530
0.423803
0.291465
0.211853
0.049480
0.045828
0.063435
0.077606
0.053600
0.084773
0.128155
0.237512
0.274640
0.227626
0.223202
0.161700
0.059812
0.051729
0.161500
0.135143
0.042061
0.390371
0.567811
0.602009
0.492644
0.055172
0.272760
0.335617
0.196855
0.118905
0.140518
0.085642
0.034343
0.044723
0.019489
0.107796
0.675183
1.369676
0.952081
0.192972
0.279046
0.878549
0.898603
0.360983
0.407051
1.096593
0.816669
0.475649
1.162147
0.498282
0.426190
0.214798
0.070036
0.182960
0.111530
0.331067
0.341711
0.012617
0.355055
0.249241
0.064796
0.371680
0.032792
0.411266
0.365410
0.641910
0.273997
0.153988
0.097622
0.487254
0.579741
0.195086
0.069343
0.098596
0.182572
0.091700
0.347522
0.236118
0.061229
0.031923
0.206036
0.377197
0.032119
0.276667
0.207526
0.131688
0.265228
0.484824
0.168711
0.357060
0.329204
0.293628
0.434921
0.097169
0.017469
0.282130
0.079459
0.073114
0.024582
0.071813
0.101172
0.060363
0.133444
0.286968
0.147213
0.123728
0.104904
0.031459
0.708587
1.097111
0.254105
0.501110
0.417109
0.023003
0.088916
0.403076
0.312438
0.235545
0.339445
0.355344
0.015548
0.225496
0.201513
0.355385
0.247886
0.041223
0.100876
0.063600
0.028535
0.101199
0.068659
0.353433
0.449706
0.303298
0.411373
0.175042
0.258483
0.220575
0.082131
0.024688
0.400408
0.654920
0.473961
0.570020
0.076836
0.515695
0.213786
0.136874
0.401011
0.460996
0.495294
0.392910
0.376220
0.351315
0.056294
0.003261
0.240142
0.669443
0.573092
0.081221
0.466500
0.389004
0.038342
0.221666
0.289188
0.355233
0.362852
0.840079
0.297316
0.399725
0.191385
0.038377
0.071914
0.121143
0.084660
0.125820
0.116612
0.045890
0.010214
0.300389
0.922059
1.232689
0.522154
0.594812
0.731096
0.455001
0.350348
0.181892
0.139870
0.270717
0.598121
0.657692
0.088865
0.573322
0.042575
0.206402
0.422492
0.274128
0.166185
0.125503
0.073166
0.335468
0.195792
0.323250
0.102484
0.909593
0.554717
0.124564
0.045439
0.154921
0.410043
0.505938
0.357794
0.405967
0.427015
0.546130
0.560614
0.221883
0.655264
0.436337
0.385644
0.113724
0.155961
0.054513
0.011605
0.010936
0.079637
0.083556
0.560343
0.839437
0.330041
0.112300
0.293881
0.533614
0.225339
0.052117
0.124593
0.402573
0.530528
0.557870
0.479117
0.076041
0.243422
0.743475
1.209370
0.917578
0.112024
1.073032
0.684524
0.176930
0.212549
0.122523
0.398393
0.662925
0.402091
0.128530
0.102325
0.039474
0.320828
0.212977
0.128425
0.365781
0.551159
0.724938
0.711918
0.505817
0.222397
1.082928
0.627686
0.061191
0.003408
0.338983
0.182129
0.486967
0.044426
0.140287
1.172034
2.031293
0.412341
1.544376
1.057170
0.224302
0.357795
0.103698
0.021146
0.526383
0.694844
0.296539
0.064116
0.088272
0.636989
0.001988
0.826728
0.096633
0.576537
0.521798
1.243028
0.153859
1.257252
0.118047
0.160125
2.223657
1.242861
1.375703
1.274030
0.200598
0.001176
0.175497
0.390377
0.530795
0.624328
0.583134
0.569734
0.626773
0.090744
0.831076
0.596700
0.181883
0.206335
0.237368
0.034742
0.318062
0.128914
0.867033
1.566724
2.070000
0.403994
1.458197
1.136917
0.272184
0.110784
0.592791
0.601292
0.205652
0.590451
1.412817
0.902794
0.498673
0.757748
0.470757
0.544746
0.058998
0.251782
0.654496
0.027863
0.741901
0.317935
0.656707
1.375667
2.159078
0.477508
0.821375
0.642688
0.679373
0.743478
0.861701
0.773397
0.339980
0.325078
0.589574
0.489606
0.216489
0.619061
0.344154
0.151016
0.097432
0.241872
0.303210
0.169154
0.002993
0.138287
0.456761
1.387754
1.015167
0.079852
0.303662
0.267462
0.476848
0.862220
0.961299
0.440731
0.010980
0.362933
0.801520
0.144422
0.972551
0.583137
0.198683
0.029244
0.026779
0.143488
0.185412
0.313780
0.004552
0.203387
0.306702
0.532974
0.793663
0.374112
0.461375
0.256807
0.091772
1.022077
1.014649
0.407139
0.154434
0.641017
0.350701
0.576715
0.125063
0.159285
0.106880
0.127930
0.114914
0.211693
0.030509
0.484674
0.353926
0.308982
0.521521
0.595456
0.703620
0.068850
0.560581
0.800088
0.276458
0.655575
0.138061
0.370600
0.055327
0.321875
0.518005
0.262146
0.088272
0.365791
0.083076
0.292641
0.051107
0.633725
0.554667
0.118150
0.471018
0.460482
0.234416
1.165496
1.464023
0.360817
0.459861
0.213754
0.286841
0.173800
0.052120
0.263199
0.273979
0.432761
1.038192
0.611051
0.464246
0.350187
0.003980
0.206625
0.242675
0.099615
0.039885
0.036347
0.100097
0.052975
0.374505
0.987156
0.910804
0.376430
0.603573
0.198575
0.241025
0.039302
0.141815
0.351864
0.502805
0.785124
0.521022
0.162798
0.270306
0.088515
0.135432
0.441245
0.685116
0.009555
0.581587
0.531433
0.032126
0.512434
0.451670
0.603125
0.814221
0.174783
0.309623
0.091022
0.169572
0.051357
0.244139
0.268528
0.533968
0.774652
0.941218
0.740599
0.000948
0.511178
0.421008
0.268722
0.193605
0.100897
0.107559
0.026210
0.057987
0.002274
0.352093
1.319805
1.693757
0.599337
0.234081
0.415835
0.850539
0.946361
0.608671
0.419117
0.605265
0.946518
0.678373
0.009299
0.357314
0.311579
0.274961
0.324375
0.173998
0.072658
0.026902
0.040492
0.278135
0.195047
0.208537
0.997909
1.306728
0.269875
0.475448
0.312018
0.337272
0.551360
0.369083
0.074107
0.341854
0.884268
1.011812
0.345905
0.392651
0.350345
0.038013
0.118506
0.079405
0.048239
0.295189
0.449689
0.240432
0.110852
0.192924
0.462360
0.436294
0.094076
0.200332
0.614348
0.344611
0.656551
0.999308
0.555266
0.349789
0.493641
0.620352
0.082593
0.331342
0.064513
0.290835
0.545664
0.150622
0.147175
0.263928
0.087382
0.176595
0.024201
0.143345
0.890950
0.870269
0.073188
0.361860
0.190104
0.110694
0.030782
0.407143
0.482480
0.396910
0.597374
0.602850
0.007237
0.258785
0.048820
0.023450
0.021781
0.071477
0.265004
0.582211
0.266713
0.464407
0.066861
0.515074
0.794116
0.909841
0.435182
0.063852
0.388479
0.356528
0.250921
0.495165
0.546114
0.316079
0.328751
0.532439
0.398871
0.145599
0.051746
0.374198
0.582077
0.491799
0.093977
0.482288
0.101151
0.340654
0.511861
0.620435
1.387860
1.517390
0.404738
1.329050
0.499900
0.246212
0.249860
0.137898
0.301395
0.325146
0.741268
1.219030
0.394399
0.233674
0.124979
0.335876
0.526984
0.536430
0.222468
0.059233
0.109756
0.114818
0.293746
0.342886
2.286462
2.207869
0.828464
1.851342
0.574814
0.169696
0.218259
0.089308
0.153509
0.546858
0.805848
1.231039
0.635591
0.267630
0.310697
0.264257
0.360161
0.421930
0.439559
