0.062551
0.034505
0.269216
0.559520
0.074693
0.618072
2.319023
0.857163
1.045097
0.567753
0.084777
0.595587
0.949111
0.526096
0.321517
0.799276
0.919817
0.333914
0.219546
0.360623
0.403159
0.361902
0.197191
0.205541
0.005225
0.010361
0.301388
0.148392
0.189394
0.916845
1.053516
0.470100
0.563668
0.071512
1.431623
1.938761
0.819013
0.285906
0.055780
0.130418
0.004696
0.185554
0.114737
0.267707
0.323653
0.049463
0.027084
0.108268
0.066030
0.221216
0.281617
0.002691
0.331455
1.158485
1.291796
0.073018
0.649931
0.434377
0.157068
0.060052
0.075059
0.147144
0.342777
0.683080
0.832498
0.302192
0.269046
0.188146
0.101364
0.141625
0.045336
0.269466
0.385432
0.166295
0.249349
0.003050
0.309973
0.161298
0.872969
0.933559
0.078360
0.679438
0.772787
0.418073
0.285168
0.151755
0.608315
0.174467
0.618479
0.262608
0.010239
0.029771
0.017948
0.337445
0.244857
0.098036
0.070580
0.011303
0.041145
0.116995
0.079639
0.575126
0.426481
0.286670
0.419470
0.159109
0.403054
0.114704
0.252377
0.316448
0.363014
0.667536
0.579564
0.145107
0.157607
0.423050
0.237540
0.253268
0.030043
0.418005
0.123254
0.001626
0.347806
0.272534
0.034135
0.243606
0.720031
0.620771
0.038930
0.191182
0.278406
0.552764
0.513888
0.208158
0.228445
0.330671
0.076196
0.007825
0.109624
0.071784
0.021773
0.111679
0.278285
0.220581
0.018456
0.038228
0.155166
0.274859
0.097351
0.408921
1.507671
1.140009
0.455412
0.556688
0.027728
0.043261
0.066983
0.243401
0.658113
0.902274
0.817681
0.277874
0.243056
0.290874
0.161476
0.057838
0.043027
0.094077
0.116005
0.050809
0.054876
0.165585
0.185483
0.518091
1.184406
0.795729
0.449423
0.513488
0.173639
0.040474
0.512012
0.763280
0.728833
0.722591
0.434098
0.235109
0.579468
0.431565
0.072193
0.109031
0.172354
0.040037
0.438166
0.397009
0.139527
0.311910
0.080607
0.381032
0.811109
0.651330
0.059263
0.605196
0.514068
0.131810
0.026186
0.421551
0.339137
0.607665
0.433230
0.184782
0.038795
0.439226
0.659440
0.367265
0.104939
0.030298
0.083678
0.003809
0.178312
0.462658
0.181148
1.122873
0.968381
0.102180
0.232983
0.001878
0.084578
0.006391
0.179922
0.404198
0.760659
1.453815
1.071324
0.301663
0.667026
0.317914
0.057415
0.055757
0.207996
0.100330
0.046699
0.240586
0.087145
0.027376
0.443348
0.520442
0.322459
0.014154
0.189053
0.105222
0.369062
0.143571
0.384330
0.501389
0.562934
0.835503
0.566433
0.024673
0.342351
0.403209
0.310995
0.180539
0.103617
0.028263
0.198006
0.101398
0.130812
0.097780
0.443756
0.536394
1.396252
0.348959
0.429327
0.301341
0.059821
0.128606
0.038065
0.171832
0.417453
0.910944
0.924793
0.127999
0.427128
0.228291
0.069230
0.108287
0.071990
0.046662
0.128463
0.106169
0.014631
0.007610
0.024418
0.851165
1.719636
0.665757
0.705903
0.496075
0.081641
0.065597
0.220651
0.646185
0.936928
0.979075
0.906055
0.206322
0.569650
0.402062
0.168396
0.338916
0.172799
0.105261
0.055471
0.347247
0.722359
0.138021
0.520180
0.117366
0.260376
0.401738
0.471106
0.178820
0.233765
0.573935
0.349862
0.384043
0.687043
0.863915
0.757045
0.244791
0.291495
0.588303
0.457632
0.022880
0.099848
0.099768
0.183656
0.069119
0.360126
0.245976
0.297183
0.482773
0.480190
0.242639
0.142478
0.227728
0.132138
0.053168
0.023555
0.076775
0.147451
0.420611
0.497723
0.296536
0.176108
0.031523
0.132324
0.265012
0.280610
0.050265
0.186591
0.000936
0.267083
0.163442
0.035953
0.679361
1.441207
0.915167
0.299121
0.594391
0.047159
0.058810
0.448802
0.535984
0.503865
0.857104
1.247052
0.625299
0.292122
0.350898
0.222464
0.396836
0.311940
0.180463
0.099733
0.051593
0.003005
0.084151
0.198625
1.162351
1.802195
0.666594
0.338337
0.153591
0.484588
0.874271
0.689176
0.501196
0.456653
0.655046
0.965669
0.588499
0.221885
0.286785
0.248006
0.470989
0.253725
0.208878
0.416252
0.284704
0.241241
0.060504
0.705761
0.773580
2.617056
1.013852
0.807514
0.920335
0.741390
0.275047
0.265397
0.547522
0.638394
0.709964
0.769373
0.651474
0.028250
0.661544
0.593739
0.263644
0.138756
0.039529
0.010830
0.082923
0.041025
0.264618
0.742642
0.579541
0.675923
1.201166
0.410427
0.766029
1.060498
0.548300
0.269489
0.622137
0.621529
0.560772
0.732760
0.338147
0.130325
0.081020
0.185394
0.252191
0.334976
0.371237
0.165970
0.074561
0.270411
0.197586
0.584983
1.132123
1.169115
0.784866
0.362750
0.042433
0.445386
0.732227
0.930261
0.942157
0.848006
0.570113
0.159154
0.069192
0.104676
0.173544
0.530947
0.547197
0.183050
0.100377
0.005532
0.068833
0.015499
0.024257
0.023928
0.321999
0.390633
0.124759
0.161297
0.174257
0.156379
0.294737
0.212664
0.241892
0.567480
0.753586
0.265159
0.332900
0.423523
0.266961
0.031707
0.048539
0.251741
0.125413
0.057321
0.089752
0.080557
0.069840
0.373075
0.294004
0.298273
0.584232
0.033303
0.796957
0.605733
0.270358
0.722945
0.024025
0.321007
0.588391
0.993267
0.183799
0.395682
0.101867
0.119521
0.869556
0.036650
0.977711
0.579466
0.283533
0.748362
1.196939
1.524363
0.456725
0.713455
0.388594
0.045146
0.117813
0.035016
0.104141
0.211883
0.166834
0.482947
0.591580
0.554073
0.610877
0.142832
0.879302
0.816088
1.022651
1.473154
0.715644
0.930369
0.303742
0.383980
0.451128
0.148733
1.320680
1.922043
0.254771
1.318217
0.890094
0.229054
0.111336
0.220450
0.369759
0.411347
0.494321
0.948716
1.024570
0.242527
0.358644
0.581185
0.591192
0.387478
0.007834
0.073139
0.505388
0.169995
0.129555
0.626030
0.874545
0.568956
0.144465
0.000960
0.035778
0.282716
0.393096
0.682408
0.771927
0.677766
0.566773
0.585469
0.155741
0.490915
0.128174
0.235179
0.675205
0.365289
0.745501
0.060457
0.444927
0.101991
0.183790
0.348725
1.535087
1.677419
0.437327
1.187079
0.261158
0.119372
0.025795
0.271767
0.348007
0.399714
0.716121
0.861024
0.236824
0.347905
0.166668
0.090931
0.336634
0.202639
0.034210
0.383966
0.216342
0.403258
0.260892
0.420400
1.692326
1.706376
0.331820
1.123454
0.433166
0.224824
0.411790
0.248121
0.125625
0.231449
0.318297
0.601126
0.881753
1.007058
0.151053
0.987359
0.832615
0.245521
0.067404
0.065351
0.295499
0.059694
0.367932
0.689071
0.705976
1.570962
1.423591
0.513916
1.789511
1.060563
0.066326
0.225716
0.584086
0.568595
0.528027
0.715768
0.659122
0.061697
0.280776
0.364494
0.568307
0.399381
0.912339
0.255392
1.437369
0.437326
0.435139
0.402144
1.252536
1.358271
0.273236
0.476701
0.320038
0.171884
0.298633
0.610465
0.915858
0.704449
0.311671
0.147481
0.313677
0.665376
0.450248
0.193356
0.072531
0.046916
0.097984
0.021467
0.210820
0.291215
0.084506
0.403491
0.826035
0.976089
0.401935
0.125066
0.347832
0.313670
0.212515
0.215957
0.151186
0.363180
0.551503
0.924667
0.981484
0.057505
0.411491
0.668669
0.624151
0.013432
0.094193
0.342838
0.393570
0.244469
0.362448
0.488391
1.723558
1.943507
0.248504
0.718765
0.873519
0.896757
0.539207
0.281972
0.369906
0.508148
0.539670
0.425557
0.084133
0.019027
0.137024
0.282513
0.035574
0.280583
0.069528
0.656040
0.400243
0.063998
0.028613
0.252334
0.575016
1.234324
1.239663
0.030056
0.779243
0.593722
0.323137
0.393849
0.545617
0.389801
0.780544
1.200404
0.122070
0.951690
0.573599
0.182119
0.144000
0.043035
0.206945
0.334902
0.206826
0.248614
0.126462
0.167205
0.303221
0.374313
0.236763
0.169847
0.112676
0.044769
0.198762
0.180726
0.371825
0.632967
0.661072
0.372479
0.117089
0.301774
0.281481
0.108012
0.069231
0.102273
0.345185
0.099828
0.202283
0.079092
0.037798
0.005297
0.301072
0.898974
0.770560
0.229906
0.687178
0.029138
0.196078
0.381797
0.442435
0.267351
0.674693
0.492837
0.115077
0.084032
0.345421
0.567023
0.199717
0.012353
0.332713
0.307786
0.368343
0.328839
0.274755
0.468044
0.149650
0.825411
0.809694
0.206618
0.496703
0.367726
0.139005
0.281216
0.161139
0.504527
0.488174
0.749230
0.411982
0.310436
0.151566
0.103276
0.447024
0.306392
0.058844
0.199879
0.088448
0.060988
0.020193
0.222009
0.796236
1.263423
0.694241
0.207223
0.319628
0.018466
0.191387
0.621449
0.418246
0.603599
1.231805
0.665446
0.313899
0.444744
0.206966
0.082599
0.220692
0.124896
0.136196
0.016871
0.141003
0.277597
0.257117
0.066592
0.050056
0.533324
0.726975
0.185300
0.426002
0.127231
0.044328
0.396769
0.583613
0.733262
0.348260
0.063159
0.092778
0.150441
0.258802
0.228643
0.103856
0.159395
0.049300
0.118657
0.040507
0.064561
0.183928
0.045103
0.352724
0.522570
0.237673
0.151404
0.273598
0.027295
0.307068
0.097262
0.208890
0.284654
0.757611
0.374705
0.247483
0.032122
0.316702
0.281165
0.138990
0.065945
0.270771
0.167533
0.371501
0.531323
0.103235
0.155488
0.075050
0.415093
0.321746
0.166739
0.006493
0.223708
0.157191
0.251132
0.259246
0.265494
0.591050
0.631527
0.016865
0.425016
0.164765
0.132952
0.208622
0.029859
0.127709
0.019083
0.066193
0.087911
0.308214
0.080554
0.055635
0.857124
0.733627
0.130866
0.299084
0.260359
0.093414
0.004669
0.309370
0.476385
0.357729
0.333385
0.110628
0.131758
0.125966
0.397888
0.325464
0.376012
0.513800
0.054595
0.590243
0.255500
0.412301
0.053029
1.144950
1.228650
0.155009
0.617624
0.395228
0.070221
0.339052
0.347507
0.098151
0.255002
0.688672
0.238620
0.110549
0.078596
0.139219
0.161474
0.041109
0.070282
0.237225
0.025549
0.469315
0.013027
0.670782
0.430604
0.626180
1.216113
0.718326
0.213658
0.695263
0.660315
0.223807
0.033659
0.237584
0.734350
0.741586
0.474676
0.488647
0.060227
0.480367
0.220576
0.006423
0.181322
0.130644
0.035203
0.060857
0.101216
0.413773
0.351904
0.527879
1.622731
1.024619
0.641648
0.770043
0.501065
0.544627
0.523122
0.307347
0.412856
0.796979
0.533330
0.119194
0.046172
0.253595
0.274467
0.340309
0.418269
0.025447
0.165060
0.166206
0.108278
0.076081
0.091560
0.619944
1.680893
0.888678
0.616357
0.805961
0.757809
0.518413
0.057671
0.027735
0.263414
0.590445
0.864709
0.298844
0.434363
0.264485
0.067852
0.280076
0.360555
0.345163
0.289202
0.442214
0.267129
0.419973
0.526077
0.008775
1.067713
0.944439
0.324778
0.292931
0.097678
0.228700
0.434025
0.266940
0.201230
0.619851
1.462398
1.038587
0.362318
0.420405
0.547587
1.330702
0.530084
0.570194
0.324107
0.041915
0.579763
1.595591
0.154892
1.801504
1.163625
2.038176
0.667019
0.951606
0.178591
0.279108
0.277262
0.073715
0.080550
0.413304
1.000755
1.097591
0.495689
0.273452
0.807919
0.572866
0.284801
0.435128
0.326006
0.179301
0.106242
0.356432
0.309112
1.091281
1.609506
0.118598
1.103937
0.215744
0.092057
0.778948
0.633557
0.086576
0.101243
0.468466
0.781788
0.655107
0.251210
0.201892
0.748012
0.228984
0.622396
0.044545
0.997189
0.812020
0.012347
0.369713
0.523876
1.944365
1.150375
0.282967
0.889309
0.860090
0.354302
0.107466
0.186241
0.452579
0.663760
0.598773
0.478038
0.660180
0.257986
0.363805
0.573370
0.419984
0.016117
0.164870
0.225014
0.316667
0.080624
0.661095
0.361649
0.728751
1.462095
0.856734
0.661201
1.074201
0.515937
0.265726
0.204631
0.539121
0.897625
0.666657
0.383819
0.190272
0.304367
0.521017
0.273254
0.171422
0.299001
0.180284
0.058950
0.134616
0.072782
0.314310
0.643376
2.185027
1.542116
0.447273
1.106457
0.563753
0.433327
0.925615
0.604961
0.246256
0.251334
0.806705
0.590138
0.506097
0.008491
0.971233
1.061421
0.349156
0.816789
0.146901
0.373217
0.082144
0.262526
0.558743
0.534238
0.786295
1.272665
0.288059
0.457430
0.379268
0.306011
1.303132
0.718090
0.287849
0.638771
1.016638
0.718777
0.015280
0.236823
0.076842
0.320890
0.485698
0.063705
0.242694
0.135478
0.545800
0.343027
0.109122
0.279975
0.847684
1.509697
0.783926
0.960259
1.175151
0.349180
0.059922
0.016422
0.405415
0.653794
0.749803
0.822315
0.359368
0.126928
0.023652
0.115504
0.692209
0.437273
0.173553
0.034331
0.390924
0.441343
0.093495
0.360522
0.743038
1.959268
0.986593
0.529584
1.186086
1.261850
0.701949
0.136270
0.383681
0.276264
0.929965
0.816175
0.408633
0.047714
0.561664
0.752156
0.346909
0.019472
0.110333
0.254502
0.201901
0.223800
0.504160
0.050157
0.803039
1.816531
2.001764
0.138292
1.865778
1.474485
0.319582
0.012496
0.123477
0.338203
0.979596
1.261781
0.063934
0.471658
0.235076
0.627910
0.340790
0.109873
0.111451
0.112180
0.240012
0.298808
0.210705
0.244537
1.175180
2.339581
0.931711
0.567170
1.070290
0.806170
0.434692
0.560894
0.403132
0.505146
0.900232
0.483374
0.286204
0.535628
0.123709
0.193960
0.022969
0.222534
0.113817
0.351437
0.696072
0.086914
0.533844
0.333808
0.439683
1.141240
0.807944
0.192818
0.494543
0.087928
0.042416
0.021711
0.218335
0.757954
1.087480
0.636646
0.167278
0.592719
0.433277
0.176926
0.106758
0.176386
0.159202
0.051789
0.159338
0.127633
0.332703
0.251724
0.382558
0.717053
0.529184
0.041416
0.110837
0.082855
0.171818
0.102305
0.265070
0.542705
0.778434
1.010089
0.803324
0.118605
0.383738
0.510589
0.516348
0.757233
0.321260
0.920913
0.127498
2.086424
0.870334
1.866416
0.077724
2.107845
0.223241
0.860350
0.581047
0.345158
0.202158
0.290787
0.298159
0.228462
0.375942
1.057689
1.119854
0.025802
0.884918
0.896804
0.437102
0.093745
0.424812
0.038522
0.358272
0.275758
0.406618
0.501201
1.275235
1.829875
0.162421
1.281038
0.730980
0.367460
0.538195
0.415650
0.122184
0.066157
0.846095
1.367471
0.560835
0.131013
0.203693
0.504875
0.676056
0.303928
0.086103
0.115107
0.156431
0.047445
0.055908
0.523558
1.275929
1.542516
0.204738
0.583209
0.364239
0.662142
0.697454
0.499077
0.490675
0.562138
0.494584
0.557270
0.470564
0.190400
0.483237
0.118915
0.043981
0.257068
0.330730
0.133759
0.102507
0.056208
0.106245
0.493577
1.195329
0.980754
0.214962
0.523972
0.294662
0.321779
0.240814
0.213714
0.268164
0.272297
0.421378
0.547973
0.142539
0.365706
0.406473
0.206790
0.082675
0.106182
0.043613
0.167612
0.128101
0.073272
0.092036
0.220429
0.474772
0.587672
0.253281
0.090183
0.128750
0.430368
0.313856
0.231649
0.097674
0.009732
0.377192
0.716614
0.436304
0.098600
0.411027
0.437069
0.267207
0.243008
0.479300
0.143623
0.353269
0.106111
0.201453
0.177785
0.558722
1.429774
1.185850
0.190072
0.997692
0.459371
0.063467
0.459530
1.019626
0.947675
0.542141
0.301587
0.133685
0.258964
0.374126
0.246883
0.230474
0.109035
0.152061
0.281572
0.163999
0.180802
0.070888
0.344466
0.436443
1.381858
1.003353
0.206794
0.794980
0.547919
0.318778
0.298001
0.120456
0.104561
0.359986
0.668296
0.306154
0.332049
0.074193
0.050021
0.347972
0.065503
0.246363
0.194797
0.356625
0.004374
0.305572
0.083715
0.501802
0.749457
0.426442
0.236097
0.140603
0.384180
0.088777
0.179550
0.198600
0.466228
0.799470
0.952784
0.313993
0.280963
0.343366
0.347584
0.089767
0.129704
0.038905
0.220223
0.189370
0.109352
0.170012
0.529934
0.310167
0.273951
1.256119
1.598823
0.065994
1.169540
1.074849
0.576858
0.348205
0.473620
0.704230
1.077230
0.997215
0.008437
0.858245
0.945532
0.514391
0.081917
0.508326
0.133025
0.322776
0.228442
0.298529
0.023481
0.381012
1.899397
1.671976
0.215056
1.043128
0.642929
0.534136
0.519532
0.477309
0.457225
0.385626
0.906333
1.017321
0.125869
0.517931
0.580152
0.603994
0.241413
0.105293
0.069409
0.054624
0.002444
0.195972
0.284822
0.547057
1.311353
1.239673
0.032676
0.993149
1.067164
0.711843
0.235311
0.288189
0.585437
0.289426
0.136842
0.283515
0.196129
0.212005
0.296533
0.095991
0.025312
0.018618
0.156235
0.296135
0.134758
0.156841
0.270990
0.328516
0.338994
0.217549
0.418302
0.392854
0.022769
0.228952
0.546594
0.878790
0.590751
0.118826
0.036494
0.005488
0.112540
0.111081
0.332137
0.428036
0.150106
0.024059
0.025675
0.004352
0.035204
0.254079
0.208088
0.925859
1.551581
0.678292
0.105419
0.039823
0.379812
0.773077
0.603938
0.358899
0.708063
1.068078
0.654750
0.060240
0.050054
0.169594
0.448611
0.462218
0.363552
0.566260
0.092314
0.817209
0.082403
1.122814
0.539987
0.370262
1.756799
1.199218
0.937790
1.559770
0.685276
0.030762
0.142145
0.432197
0.574780
0.751490
1.097906
1.038008
0.196568
0.867408
0.353394
0.207461
0.422048
0.446507
0.063459
0.186344
0.004998
0.131988
0.361463
1.118301
1.753793
0.773340
0.604493
0.771112
0.644026
0.540137
0.493923
0.600904
0.564344
0.593501
0.685314
0.330053
0.102804
0.321537
0.505092
0.270481
0.006513
0.202717
0.328435
0.154594
0.030915
0.321772
0.059962
1.334217
2.214554
0.847093
0.670893
0.539775
0.569232
0.802206
0.727756
0.904959
0.885912
0.426236
0.032642
0.328724
0.310199
0.077879
0.072666
0.227013
0.169181
0.047112
0.477513
0.727117
0.143238
0.363722
0.221748
0.092539
0.170497
0.168578
0.129734
0.195916
0.182350
0.062562
0.015762
0.005400
0.469080
0.835099
0.661782
0.313610
0.137404
0.169869
0.436879
0.189436
0.087448
0.106540
0.321451
0.166365
0.022047
0.202448
0.060792
0.804631
1.020471
0.385870
0.314024
0.085798
0.432578
0.473446
0.536285
0.385162
0.011971
0.497523
1.381730
0.772329
0.549649
0.630545
0.194299
0.223905
0.292163
0.189515
0.052620
0.018750
0.189403
0.237850
0.048037
0.081149
1.150736
1.139641
0.035786
0.466297
0.392838
0.318780
0.567819
0.683275
0.683049
0.656225
0.376210
0.072457
0.374050
0.309034
0.113919
0.250140
0.147584
0.035529
0.011549
0.163942
0.071574
0.288968
0.138657
0.728959
1.489279
1.241366
0.018034
0.765537
0.660106
0.061375
0.045488
0.510974
1.124508
1.739382
0.726345
0.784965
0.581644
0.125015
0.152816
0.438558
0.061721
0.027092
0.245028
0.169017
0.242769
0.110234
0.235402
0.695249
1.263738
0.884404
0.194481
0.370194
0.654341
0.488591
0.530830
0.548235
0.152769
0.182968
0.806112
0.627645
0.253865
0.465131
0.117778
0.017894
0.279684
0.292821
0.054260
0.018223
0.209285
0.046241
0.090603
0.512723
0.597667
0.690129
0.705434
0.217217
0.899957
0.709717
0.387199
0.288774
0.261361
0.364806
0.599900
0.530873
0.007188
0.332220
0.172145
0.249137
0.387674
0.093334
0.377905
0.196806
0.362498
0.053921
0.250792
1.145522
1.575034
0.635460
0.496113
1.060997
0.810781
0.150641
0.113299
0.432638
0.640717
0.600144
0.275347
0.030459
0.195381
0.347379
0.113718
0.047173
0.386878
0.335960
0.020823
0.032385
0.187349
0.183850
0.092613
0.125681
0.113238
0.004388
0.145927
0.005431
0.160390
0.194137
0.119461
0.034159
0.589511
0.451449
0.095425
0.010660
0.247595
0.081580
0.417257
0.215051
0.314464
0.385539
0.125075
0.163554
0.086536
0.241662
0.006923
0.206396
0.287318
0.244075
0.007103
0.121369
0.086778
0.059512
0.149222
0.097622
0.077088
0.539252
0.627432
0.080672
0.443519
0.206322
0.022663
0.161367
0.071174
0.130009
0.030645
0.010390
0.074241
0.267267
0.284843
0.681745
0.955748
0.179307
0.205590
0.110237
0.644247
0.608179
0.891889
0.779980
0.210258
0.560128
0.718343
0.265992
0.125569
0.184438
0.182298
0.059485
0.151692
0.282658
0.007639
0.584745
0.434567
0.187335
0.249707
0.360213
0.799335
0.226328
0.270157
0.044059
0.118318
0.238186
0.158089
0.179874
0.169941
0.640997
1.060453
0.432846
0.446636
0.537893
0.121220
0.062595
0.092615
0.094690
0.221855
0.029443
0.107040
0.238184
0.309649
0.593379
1.097450
0.868088
0.191217
0.345984
0.837907
1.466417
1.120991
0.041469
0.096770
0.432041
0.631302
0.074046
0.454244
0.578171
0.577151
0.587014
0.455573
0.141633
0.514923
0.495758
0.143705
0.371823
0.458211
0.583887
0.725999
0.276780
0.313063
0.494593
0.116898
0.178367
0.180509
0.496157
0.490077
0.460222
0.317230
0.013506
0.117563
0.183989
0.399015
0.155229
0.053146
0.009834
0.001013
0.058302
0.030098
0.066194
0.220506
0.073300
0.108804
0.304421
0.240201
0.129753
0.155182
0.146206
0.062635
0.286175
0.255835
0.468470
0.664604
0.412025
0.215809
0.580765
0.499508
0.102739
0.102717
0.103548
0.216080
0.005429
0.091508
0.100695
0.219165
0.581222
0.544285
0.075532
0.324145
0.064848
0.119707
0.411578
0.422161
0.153130
0.244894
0.290112
0.015799
0.137644
0.104494
0.188354
0.190004
0.008127
0.036237
0.009530
0.026171
0.088776
0.139275
0.039342
0.155776
0.033295
0.507412
0.462558
0.164459
0.064661
0.140686
0.132048
0.229469
0.164753
0.297241
0.534127
0.342738
0.099108
0.163405
0.023616
0.016529
0.212868
0.240759
0.052799
0.407149
0.410269
0.162647
0.500751
0.261671
0.505249
0.911168
0.303345
0.425466
0.356729
0.208714
0.135370
0.044757
0.037409
0.092384
0.250165
0.849953
0.825850
0.009531
0.379972
0.225214
0.165569
0.008194
0.030839
0.179923
0.180025
0.087595
0.178335
0.246170
0.480019
0.952474
0.588544
0.059799
0.168210
0.054910
0.454665
0.536422
0.528744
0.683711
0.972965
0.814339
0.210569
0.121392
0.241476
0.368620
0.369055
0.273004
0.089905
0.041043
0.136041
0.228044
0.339316
0.373821
0.826302
1.548490
0.879986
0.776646
1.385054
0.824453
0.201151
0.299647
0.171637
0.019887
0.877908
1.290854
0.559050
0.186667
0.375225
0.397471
0.398687
0.535622
0.583258
0.009533
0.137522
0.120293
0.256356
0.182928
1.532357
1.666096
0.503514
0.291007
0.662976
0.876980
0.451079
0.444517
1.093754
0.819325
0.121057
0.624759
1.023705
0.053014
0.741337
0.530626
0.147044
1.642345
1.471654
2.211539
2.078777
0.080006
0.185825
0.106994
0.083633
0.378140
0.712036
0.083482
0.350117
0.332369
0.013963
0.583701
0.482806
0.275279
0.351279
0.493531
0.091447
0.431660
0.146133
0.286364
0.053991
0.350263
0.158299
0.101132
0.104553
0.252326
0.489619
0.031673
1.384741
2.218013
0.654620
0.869824
0.726630
0.414707
0.316813
0.301299
0.381425
0.353540
0.423416
0.636119
0.344090
0.514557
0.319171
1.062542
0.850173
0.053415
0.211949
0.422303
0.074538
0.809460
0.255202
0.234208
1.011167
2.345657
1.074189
1.100521
1.203753
0.610867
0.230391
0.022469
0.346018
0.529453
0.717955
1.041450
0.808999
0.153933
0.301715
0.402533
0.531876
0.670939
0.412338
0.174155
0.200401
0.214380
0.147372
0.012023
0.756695
2.370984
1.499970
1.331196
1.526118
0.301052
0.122977
0.261466
0.361623
0.519183
0.627321
1.355874
1.247537
0.215986
0.887964
0.820261
0.130070
0.112525
0.694405
0.507488
0.151674
0.083153
0.075621
0.218121
0.597765
1.082417
0.870418
0.516841
0.185986
0.870176
0.130568
1.064599
1.271178
0.707141
0.584816
1.117180
0.586753
0.329152
0.412294
0.348560
0.106037
0.307418
0.372112
0.181239
0.073710
0.189209
0.069357
0.159396
0.716587
0.878729
0.612936
0.333041
0.388145
0.742056
0.354687
0.017280
0.262696
0.759842
0.610618
0.152445
0.303767
0.081041
0.003350
0.167304
0.187010
0.267767
0.025401
0.349315
0.259506
0.562728
0.235422
0.346545
0.210303
0.529348
0.590357
0.400066
0.122849
0.077450
0.186184
0.272228
0.211813
0.282576
0.473037
0.574048
0.448763
0.147951
0.131305
1.021405
0.260924
0.966717
0.714330
0.096183
0.158600
0.783906
0.228794
1.127580
1.412952
2.932500
0.508957
1.511704
0.260551
0.377081
0.421034
0.000614
0.129670
0.405303
0.523541
1.069430
1.127366
0.295844
0.685183
0.828573
0.333220
0.172165
0.060927
0.160649
0.061678
0.210711
0.606275
0.242234
0.953335
2.709676
1.071344
1.799243
1.452617
0.294846
0.173975
0.176833
0.173954
0.408391
0.749535
1.155202
1.019205
0.382595
0.166110
0.853947
1.105484
0.782016
0.666508
1.050363
0.890851
0.642821
0.402043
0.364018
1.099696
1.762653
1.539398
0.111297
1.418157
1.261978
0.476008
0.391664
0.635042
0.485041
0.529708
0.857235
0.630770
0.138236
0.541464
0.553030
0.730339
0.533775
0.108448
0.212056
0.107354
0.181324
0.050866
0.061288
0.089129
0.604932
0.900290
0.561381
0.095096
0.372648
0.325104
0.234499
0.116432
0.499366
1.178522
1.046275
0.083530
0.478823
0.382794
0.097118
0.004235
0.189163
0.421259
0.599375
0.299962
0.193512
0.148272
0.053488
0.045350
0.217101
0.592384
0.681686
0.338074
0.127169
0.016621
0.326636
0.530127
0.537331
0.807216
1.154863
0.728137
0.169379
0.403032
0.334473
0.386312
0.036124
0.033521
0.303557
0.577286
0.379580
0.176230
0.106535
0.004211
0.029047
0.143220
0.266627
0.306821
0.331697
0.407324
0.278523
0.175320
0.566723
1.032923
1.426500
0.739220
0.287856
0.404095
0.261368
0.279015
0.129763
0.145134
0.158959
0.104654
0.055213
0.063146
0.102869
0.730346
1.200899
0.583597
0.016040
0.052208
0.328250
0.534158
0.524912
0.643830
0.866504
0.763710
0.319243
0.089603
0.211084
0.161136
0.179638
0.265809
0.306877
0.470915
0.391374
0.114841
0.282967
0.361260
0.410863
0.677723
1.482815
0.759934
0.394172
0.132316
0.438788
0.615568
0.645320
0.663118
0.967012
0.991291
0.386397
0.119093
0.354859
0.462060
0.455740
0.313297
0.025173
0.054155
0.257520
0.287864
0.147729
0.062942
0.113165
0.123795
0.094072
0.174053
0.113704
0.272908
0.493347
0.026187
0.658181
0.478095
0.165546
0.371004
0.134555
0.209601
0.028092
0.106616
0.162428
0.199894
0.194893
0.107175
0.275437
0.178688
0.185698
0.039797
0.074244
0.255786
0.223249
0.026815
0.100270
0.681848
0.421887
0.322437
0.179376
0.481377
0.285594
0.649801
0.323927
0.005271
0.135491
0.169969
0.181262
0.109648
0.062312
0.066734
0.198514
0.049142
0.120229
0.391503
0.159396
0.044543
0.213315
0.273012
0.210292
0.258522
0.020685
0.540636
1.283103
0.692457
1.094651
0.699918
0.515027
0.469850
0.008686
0.172518
0.039524
0.123977
0.005475
0.262259
0.063061
0.231722
0.067746
0.236564
0.160897
0.677942
0.918341
0.370731
0.288461
0.370855
0.018516
0.211236
0.171655
0.419688
0.382319
0.566824
0.889342
0.451914
0.340864
0.240647
0.042997
0.260232
0.439084
0.090539
0.104744
0.049818
0.101143
0.039135
0.072298
0.986198
1.785429
0.786280
0.721307
0.392055
0.116389
0.609707
0.824730
0.381728
0.381921
0.697257
0.944606
0.584097
0.135909
0.379707
0.316129
0.256965
0.192609
0.025935
0.003312
0.253841
0.407264
0.065039
0.047895
1.148730
1.776360
0.537793
0.446784
0.508594
0.532737
0.339192
0.236208
0.570589
0.623860
0.830086
1.100098
0.454410
0.058121
0.105207
0.442027
0.575613
0.379006
0.208500
0.060957
0.002295
0.115730
0.050206
0.409038
1.529403
2.109141
0.357522
1.442250
1.202259
0.171109
0.042470
0.478852
0.579396
0.766865
0.788658
0.532069
0.167914
0.375744
0.521546
0.106230
0.112448
0.023615
0.362236
0.658694
0.338678
0.374710
0.440792
0.274315
0.727855
0.748151
0.458637
0.012721
0.181501
0.563035
0.204669
0.708197
1.119403
0.964721
0.876754
0.477266
0.117448
0.257094
0.126212
0.212860
0.390048
0.357146
0.127748
0.137363
0.131808
0.138479
0.124773
0.218554
0.087287
0.329429
0.454873
0.526662
0.546398
0.374918
0.171183
0.150094
0.602455
0.607030
0.493941
0.914256
0.978972
0.216117
0.381194
0.460719
0.405603
0.214828
0.041915
0.140626
0.006829
0.074340
0.237418
0.069057
0.414180
1.108380
0.600897
0.056171
0.503498
0.782268
0.804825
0.826619
0.279939
0.250985
0.724389
0.238720
1.419531
0.776429
0.051361
0.050980
0.152268
0.125084
0.030377
0.010428
0.061735
0.006977
0.034883
0.036945
0.320140
0.721270
0.184605
0.063289
0.352249
0.148549
0.555710
0.188089
0.101103
0.227821
0.485810
0.933158
0.753932
0.224098
0.607290
0.196587
0.091750
0.151108
0.334655
0.052291
0.014189
0.037526
0.066900
0.464443
0.977723
1.049766
0.413515
0.370529
0.593876
0.308198
0.277822
0.330209
0.235233
0.469300
0.837010
0.795731
0.197500
0.365953
0.260843
0.087223
0.180604
0.068720
0.056222
0.191081
0.185215
0.069813
0.009527
0.188803
0.643083
1.353651
1.062193
0.276828
0.616403
0.363098
0.505187
0.448498
0.351364
0.551734
0.635623
0.444711
0.061563
0.290791
0.192538
0.061020
0.037569
0.022614
0.382435
0.743727
0.369658
0.399582
0.386338
0.101185
0.303168
0.331859
0.503063
0.542897
0.082955
0.174836
0.342374
0.844653
0.887234
0.517002
0.158113
0.117944
0.200458
0.129564
0.401657
0.002898
0.287110
0.279957
0.357292
0.028393
0.048867
0.059778
0.057683
0.317829
0.724406
0.688180
0.297819
0.144967
0.210076
0.009905
0.438313
0.595592
0.639956
0.598163
0.538672
0.583564
0.345498
0.053397
0.189816
0.277578
0.260927
0.069315
0.178206
0.328906
0.178375
0.156476
0.099367
0.265747
0.248963
0.176807
0.151109
0.063800
0.029725
0.120375
0.134768
0.153676
0.119598
0.159545
0.183033
0.379362
0.326521
0.035482
0.116938
0.208053
0.281969
0.528873
0.856685
0.598121
0.295413
0.411315
0.078737
0.187992
1.163730
2.975513
1.094856
1.827124
1.377538
0.291413
0.285553
0.321130
0.046379
0.144551
0.884920
1.187313
1.191388
0.262935
0.990228
0.783706
0.271287
0.134524
0.347362
0.588457
0.022087
0.185494
0.149309
0.395314
0.787266
2.099916
1.627800
0.359647
1.151459
0.635367
0.588801
0.856033
0.738704
0.329911
0.298525
0.864703
0.703616
0.296673
0.625617
0.402472
0.216537
0.006834
0.012096
0.402938
0.825881
0.600438
0.699886
0.864784
0.762454
1.503053
1.302697
0.101643
1.220733
0.561421
0.432137
0.431380
0.011847
0.250517
0.610876
0.614256
0.345035
0.296391
0.455504
0.071529
0.122066
0.137808
0.013847
0.364548
0.560698
0.005291
0.242288
0.110267
0.099254
0.551665
0.459418
0.029165
0.047205
0.051499
0.077809
0.008465
0.135572
0.385215
0.617529
0.966321
0.761097
0.160435
0.396487
0.018041
0.138364
0.194850
0.501173
0.216625
0.012973
0.164821
0.153342
0.097979
0.368682
0.249037
0.193851
0.748057
0.609345
0.353005
0.925436
0.701135
0.055436
0.129335
0.785080
1.428385
0.258937
1.032547
0.829712
0.274595
0.007779
0.212674
0.212898
0.016822
0.201406
0.002833
0.165001
0.010641
0.255915
0.585800
0.557068
0.146775
0.005851
0.280120
0.053477
0.467272
0.085461
0.296270
0.874345
0.633588
0.072976
0.187505
0.374395
0.369246
0.114117
0.169210
0.112464
0.185529
0.028719
0.142029
0.044572
0.108189
0.161898
0.357342
0.179382
0.461038
0.389335
0.316742
0.284366
0.154327
0.075742
0.411219
0.358318
0.079961
0.072414
0.241501
0.177652
0.158326
0.186209
0.415670
0.241002
0.043482
0.083790
0.055749
0.277567
0.306435
0.347522
0.518635
0.486647
0.439455
0.404189
1.093247
0.767599
0.515552
1.460208
0.232080
0.959625
0.703729
0.237004
0.314813
0.268817
0.024253
0.272344
0.152612
0.281066
0.132780
0.175627
0.110610
0.111738
0.168970
0.293843
0.794159
0.163863
0.152340
0.377151
0.042779
0.421040
0.253286
0.082137
0.298248
0.679571
0.722209
0.460932
0.047581
0.236527
0.360418
0.306020
0.075924
0.112698
0.071537
0.121406
0.097564
0.365195
0.475114
1.529721
1.953495
0.060268
1.298330
0.850855
0.535529
0.227019
0.047958
0.477252
0.827235
0.690622
0.721446
0.654414
0.106641
0.829461
0.655976
0.021306
0.124130
0.118112
0.074148
0.364033
0.496286
0.074349
0.244024
0.805258
1.326194
1.186429
0.023378
0.882024
0.700778
0.492541
0.450416
0.608404
0.898126
0.936295
0.898849
0.376131
0.405515
0.666779
0.487345
0.121404
0.041550
0.074438
0.272008
0.294068
0.101805
0.140224
0.253627
1.092726
2.101112
1.170111
0.437951
1.301296
1.223007
0.570470
0.187397
0.313778
0.941151
0.934265
0.556403
0.254797
0.209155
0.281208
0.314940
0.286377
0.231624
0.399350
0.402432
0.042830
0.544558
0.355523
0.858680
1.621885
1.927063
1.177628
0.886754
1.406276
0.861771
0.558647
0.246278
0.175827
0.622219
1.248478
1.000249
0.311612
0.134308
0.130731
0.363394
0.731984
0.271684
0.065447
0.359885
0.104653
0.032079
0.227513
0.278768
1.393574
2.321137
1.046592
0.950420
1.383320
0.525143
0.368154
0.912299
1.031961
0.690015
0.474322
0.704433
0.552996
0.256453
0.709934
0.448229
0.312631
0.225394
0.010976
0.031662
0.056312
0.128231
0.206135
0.093083
0.995211
1.902467
0.948016
0.315342
0.490546
0.311001
0.421014
0.755844
1.049212
0.900395
0.538808
0.689533
0.352845
0.382805
0.254144
0.234521
0.448530
0.268953
0.271015
0.278466
0.029151
0.275000
0.257267
0.221843
0.954957
1.105951
0.284518
0.031563
0.453672
0.278438
0.307363
0.770799
0.984782
0.949669
0.819340
0.651406
0.100277
0.470764
0.426255
0.159362
0.071897
0.088689
0.168548
0.529248
0.497413
0.037450
0.033377
0.020579
0.217802
0.086978
0.465493
0.705061
0.689772
0.244293
0.001960
0.160955
0.521231
0.895466
1.296417
1.168658
0.368930
0.403923
0.561359
0.266609
0.205649
0.307710
0.368496
0.238935
0.101389
0.142007
0.065800
0.176823
0.133788
0.043696
0.258895
0.449738
0.380700
0.357348
0.272063
1.019558
0.600565
0.016079
0.038504
0.215662
0.313052
0.045870
0.042330
0.115355
0.028728
0.046416
0.164773
0.221207
0.429485
0.511378
0.045033
0.271833
0.029302
0.226560
0.180329
0.183696
0.371187
0.423004
0.232164
0.225774
0.663241
0.677729
0.553868
0.653452
0.497188
0.139185
0.349640
0.251988
0.139403
0.030883
0.181443
0.259209
0.056259
0.096607
0.067268
0.147255
0.711746
1.220909
0.422594
0.497680
0.320442
0.228375
0.423900
0.315638
0.241760
0.376502
0.529979
0.542800
0.213292
0.013626
0.173442
0.559237
0.363568
0.212804
0.062332
0.294314
0.222083
0.077218
0.209095
0.063355
0.449478
1.087567
1.061188
0.056452
0.863723
0.330301
0.121667
0.359076
0.704247
0.285871
0.237108
0.787855
0.783771
0.111692
0.650030
0.292087
0.064900
0.023448
0.028790
0.229858
0.082660
0.062808
0.625583
0.490214
0.107563
0.242829
0.650483
0.339520
0.149238
0.172809
0.063646
0.680770
0.875807
0.764179
1.048371
0.655974
0.410397
0.450122
0.031586
0.226830
0.337413
0.062262
0.279560
0.117850
0.190355
0.027890
0.105355
0.248188
0.947603
1.400424
0.623456
0.087541
0.024674
0.156002
0.704848
0.588772
0.560001
1.079997
1.164030
0.665740
0.091628
0.342450
0.210132
0.326084
0.218809
0.016851
0.230111
0.279913
0.161400
0.050278
0.128514
0.097816
0.922931
1.472493
0.804666
0.432820
0.058756
1.129918
0.900146
0.373374
0.478360
0.743418
0.897656
0.752218
0.329981
0.420488
0.623898
0.097818
0.040632
0.099132
0.291511
0.371785
0.063509
0.043133
0.165197
0.251300
1.040371
1.835267
0.897103
0.491699
1.114551
0.741936
0.136758
0.393300
0.771134
0.823397
0.747335
0.482917
0.144730
0.238734
0.354152
0.164579
0.245512
0.360983
0.182432
0.024010
0.023505
0.118960
0.218313
0.117617
0.627272
0.910670
0.343062
0.355558
0.273767
0.350722
0.583876
0.508691
0.651187
0.793464
0.553269
0.560147
0.372706
0.323750
0.513460
0.254231
0.083263
0.083888
0.069632
0.095744
0.385762
0.275668
0.085100
0.084512
0.337589
0.318840
0.541904
0.873347
0.161694
0.711274
0.338515
0.119803
0.445638
0.839058
1.060431
0.577298
0.067492
0.288202
0.455445
0.233586
0.100120
0.168190
0.186813
0.103877
0.089197
0.096856
0.252393
0.527231
0.517992
0.357382
0.695801
0.906961
0.127670
0.603666
0.833291
0.439216
0.121747
0.981927
1.322143
0.327499
0.364409
0.090617
0.066703
0.318026
0.137265
0.084119
0.232295
0.282394
0.004172
0.026525
0.164581
0.236193
0.815144
1.274927
0.620360
0.093430
0.079514
0.424240
0.566760
0.606942
1.057098
1.080086
0.346187
0.055459
0.013378
0.099070
0.082807
0.468457
0.466928
0.235886
0.347856
0.264119
0.000798
0.071432
0.184884
0.755070
0.039532
1.170243
1.249080
0.557691
0.107579
0.567751
0.456856
0.208560
0.559726
0.745231
0.887304
1.041395
0.057210
0.860910
0.415430
0.051985
0.129516
0.191271
0.239114
0.290106
0.129691
0.238081
0.400384
0.084537
0.099293
0.625553
0.940926
0.244197
0.442406
0.889981
0.661557
0.006159
0.106531
0.675138
0.672290
0.262610
0.206703
0.569218
0.395925
0.082187
0.083276
0.223872
0.183332
0.566229
0.426391
0.123073
0.145330
0.028847
0.305128
0.602603
0.164389
0.341016
0.112288
0.058925
0.939972
0.000851
1.052596
0.147015
0.777095
0.139249
0.488155
0.434066
0.620708
0.644636
0.106607
0.147486
0.082425
0.267826
0.169309
0.106877
0.298219
0.285577
0.333494
0.592203
0.404814
0.105049
0.514538
0.429718
0.027639
0.059350
0.047096
0.253482
0.205271
0.465334
0.094244
0.098944
0.038417
0.315884
0.187463
0.343435
0.665025
0.318078
0.306260
0.289310
0.056605
0.094033
0.051042
0.229998
0.469372
0.653174
0.369687
0.083709
0.153296
0.322670
0.646637
0.550238
0.428368
0.741554
0.318595
0.163497
0.019654
0.343060
0.370286
0.032853
0.010738
0.055132
0.165404
0.223955
0.055003
0.050504
0.264999
0.383638
0.177798
0.130482
0.372541
0.181788
0.110386
0.085811
0.102421
0.343749
0.700323
0.896506
0.688473
0.090903
0.357414
0.418359
0.302782
0.206596
0.012402
0.205469
0.140896
0.071679
0.236234
0.140858
0.559954
1.428982
1.262477
0.607099
0.222141
1.035701
0.978131
0.675231
0.563765
0.618227
0.805160
0.699669
0.080103
0.309038
0.331011
0.344838
0.284014
0.175402
0.135149
0.019115
0.322437
0.095911
0.120736
0.236820
0.400469
0.656580
0.588972
0.600662
0.504595
0.258995
0.729504
0.651247
0.456668
0.392566
0.680025
0.812019
0.103714
0.448840
0.368234
0.340292
0.345669
0.199631
0.097774
0.214797
0.063382
0.000540
0.144312
0.019179
0.399599
0.679072
1.162152
1.059976
0.275010
1.282015
0.815519
0.019738
0.142919
0.389415
0.724185
0.523395
0.195912
0.057198
0.321545
0.159816
0.720960
0.696712
0.517135
0.226322
0.245386
0.473878
0.938085
0.850580
0.395538
2.320829
1.191558
0.834165
0.745191
0.134316
0.133188
0.039562
0.029320
0.503246
0.940069
1.253328
0.886481
0.201538
0.663066
0.735815
0.495512
0.055268
0.002440
0.532264
0.594010
0.798202
0.731854
0.781135
1.240756
1.825007
0.957878
1.143276
1.084453
0.390597
0.376314
0.223173
0.060769
0.029903
0.819126
1.525588
0.934249
0.337758
0.578663
0.175422
0.260962
0.418842
0.451232
0.002788
0.380619
0.276667
0.070981
0.412073
1.150153
2.386573
1.361589
0.006065
1.205251
1.567424
0.516943
0.157784
0.548503
0.522108
0.488488
0.677890
0.459272
0.019054
0.280274
0.403792
0.395218
0.075422
0.139784
0.214719
0.420896
0.242590
0.058765
0.147830
1.064671
1.690091
1.259386
0.514066
1.624151
0.999285
0.250713
0.049517
0.177183
0.506212
0.623314
0.315311
0.021857
0.195695
0.379744
0.373793
0.952088
0.444865
0.670921
0.642589
1.349945
0.498754
0.975203
0.511017
0.678682
0.357956
0.306346
0.074057
0.155593
0.072991
0.168294
0.162491
0.261025
0.419147
0.526286
0.679160
0.538169
0.374565
0.148545
0.402909
0.644544
0.350421
0.101250
0.233070
0.665182
0.625290
0.155171
0.486898
0.094192
0.357342
0.455270
0.116473
0.257211
0.676749
0.249543
0.387002
0.889817
1.319490
0.966594
0.337823
0.113804
0.532256
0.362785
0.192867
0.248340
0.210808
0.311809
0.059472
0.081484
0.125043
0.013357
0.005169
0.625151
1.464583
1.217536
0.120963
0.807834
0.803208
0.052829
0.074140
0.611246
0.708211
0.831016
0.965329
0.302192
0.233723
0.252773
0.325624
0.148768
0.058432
0.305318
0.103729
0.204853
0.088981
0.088477
0.425991
1.510489
2.277623
1.286916
0.630090
1.797870
1.257871
0.243546
0.014956
0.301365
0.510867
0.423425
0.632328
1.184790
0.741111
0.349823
0.617501
0.638896
0.596532
0.597057
0.208949
0.162179
0.283464
0.302019
0.772926
1.287723
3.106280
1.236215
1.333641
1.447077
0.902608
0.445239
0.173899
0.266557
0.447433
0.783969
0.879374
0.657404
0.172157
0.362513
0.690942
0.536709
0.087493
0.158421
0.108065
0.324047
0.588922
0.344486
0.002009
0.794123
1.779656
0.690019
0.451533
0.718704
1.022155
0.784701
0.628664
0.407520
0.044856
0.138707
0.563838
0.382559
0.091449
0.349315
0.573990
0.357691
0.033793
0.106301
0.217258
0.094321
0.090387
0.288691
0.196630
0.549283
1.581205
1.459536
0.020628
0.963516
0.685070
0.363084
0.354415
0.196800
0.194224
0.398096
0.781412
1.124599
0.552443
0.408671
0.583490
0.375192
0.197176
0.181935
0.090510
0.241475
0.534922
0.087567
0.002149
1.636626
2.390668
0.147255
2.032684
0.805442
0.243999
0.266507
0.379564
0.308390
0.650627
1.103287
0.827672
0.200158
0.214726
0.367650
0.396583
0.393021
0.212871
0.084047
0.096389
0.213935
0.201822
0.210768
0.371294
0.931201
1.338195
0.574897
0.135161
0.544205
0.540512
0.372024
0.722390
1.089734
0.901524
0.150123
0.079693
0.365933
0.113582
0.426381
0.245732
0.131715
0.201531
0.323841
0.098793
0.201549
0.585077
0.180222
0.272407
0.179035
0.026196
0.171593
0.623375
0.807729
0.201584
0.450370
0.500980
0.259465
0.318805
0.743518
1.034467
0.567267
0.449301
0.626801
0.103422
0.123955
0.460016
0.443812
0.083675
0.295699
0.175515
0.106143
0.014644
0.250631
0.672022
0.246213
0.240531
0.013475
0.282274
0.018543
0.196648
0.110969
0.571054
1.109357
0.589355
0.232625
0.278361
0.094731
0.036632
0.026293
0.184890
0.271170
0.011658
0.158555
0.044426
0.201658
0.351478
0.533193
0.474351
0.289249
0.270148
0.129786
0.334000
0.431532
0.084547
0.019313
0.373537
0.755938
0.959918
0.711755
0.039533
0.487048
0.311460
0.151117
0.275600
0.184114
0.046301
0.219938
0.260746
0.044819
0.018146
0.117127
0.186228
0.355930
0.366218
0.023001
0.106604
0.073909
0.787048
0.702304
0.043826
0.093088
0.306883
0.457684
0.423510
0.008344
0.487659
0.553386
0.321053
0.151952
0.037821
0.175907
0.045943
0.198676
0.088751
0.056284
0.168542
0.335116
0.268464
0.096060
0.137311
0.258805
0.040487
0.426747
0.286802
0.286082
0.510275
0.106034
0.152440
0.093983
0.045043
0.193755
0.240629
0.107967
0.129158
0.119429
0.073058
0.050756
0.228824
0.064514
0.659804
0.629718
0.072569
0.129255
0.131995
0.040017
0.411571
0.485506
0.709586
0.296195
0.247174
0.071966
0.029440
0.106574
0.082963
0.068411
0.085260
0.107379
0.098394
0.293214
0.078044
0.223919
0.330644
1.031485
0.871550
0.245391
0.179794
0.502536
0.282083
0.205302
0.314512
0.029022
0.258172
0.687620
0.471999
0.104964
0.093346
0.213261
0.173626
0.024601
0.099572
0.290508
0.173910
0.053206
0.050365
0.219162
0.259257
0.509073
1.229168
0.796423
0.053824
0.163133
0.010957
0.184578
0.463718
0.404386
0.404345
0.796697
0.891522
0.296585
0.296047
0.278857
0.135426
0.111783
0.052750
0.145170
0.264971
0.133539
0.089601
0.071314
0.284306
1.134075
1.565062
0.549939
0.404927
0.408261
0.459480
0.533950
0.492086
0.854711
0.947902
0.474055
0.299918
0.090028
0.300850
0.164776
0.081260
0.367898
0.313905
0.151092
0.012486
0.032842
0.352473
0.298852
0.144374
0.216524
0.760344
0.110326
0.340108
0.025259
0.034545
0.051929
0.053918
0.236269
0.451654
0.721647
0.952779
0.446957
0.335827
0.467696
0.229172
0.019888
0.080339
0.408939
0.286944
0.099276
0.063370
0.545914
0.117228
1.480544
1.461018
0.094365
0.572998
0.230609
0.057096
0.065346
0.546976
0.769694
0.742950
0.717836
0.449531
0.297884
0.702135
0.278347
0.069044
0.383424
0.150274
0.101401
0.336899
0.124971
0.293258
0.092643
0.098492
0.251394
0.267482
0.181850
0.046541
0.253111
0.065093
0.213162
0.134966
0.103673
0.130592
0.416929
0.345763
0.185831
0.117191
0.136972
0.093515
0.329578
0.607423
0.078431
0.427106
0.359328
0.259904
0.149978
0.274810
0.417805
0.733845
0.756895
0.164572
0.992235
1.191760
0.388730
1.546914
0.002816
1.059710
0.467844
0.120057
0.167772
0.006164
0.302086
0.327095
0.065400
0.107960
0.067606
0.013648
0.054818
0.071449
0.086531
0.171379
0.886436
1.482821
0.632524
0.547708
0.622162
0.057307
0.000511
0.484843
0.555606
0.455875
0.869114
0.859886
0.059502
0.310602
0.102822
0.452491
0.412930
0.035103
0.149427
0.104976
0.286349
0.059100
0.101684
0.780763
1.048098
1.157600
0.287489
0.774179
0.741510
0.431173
0.195426
0.207175
0.323621
0.295479
0.463820
0.741666
0.922236
0.497324
0.399273
0.529760
0.331730
0.528237
0.239586
0.352337
0.025626
0.669459
0.250968
0.095970
1.615713
2.633210
0.243205
1.953790
1.159539
0.214306
0.194742
0.006458
0.033761
0.375521
1.046799
1.309555
1.067026
0.214990
0.841937
1.031343
0.591559
0.173364
0.116183
0.688081
1.370404
0.004892
1.269154
0.041369
0.586666
0.487315
0.530547
0.245968
0.293799
0.614440
0.394205
0.221983
0.243116
0.484419
0.831385
1.357015
1.184920
0.386533
1.276143
0.738490
0.132824
0.001701
0.357381
0.432514
0.366619
0.468809
0.520534
0.540463
0.993952
2.556254
1.240440
1.587058
1.770875
0.573334
0.179701
0.286472
0.235523
0.411677
0.653726
1.027264
1.025815
0.004459
0.666561
0.500710
0.459127
0.190389
0.031939
0.167016
0.062332
0.301851
0.154380
0.208217
1.285966
2.124981
1.019017
0.170866
1.269576
1.327314
0.465367
0.411309
0.475207
0.179196
0.461501
1.285983
0.749798
0.748584
0.793105
0.225098
0.083409
0.040158
0.125814
0.138055
0.000870
0.021598
0.283798
0.313631
0.746324
1.609120
1.257992
0.056682
1.112153
1.205473
0.247518
0.066041
0.528119
0.572518
0.548141
1.209081
0.954921
0.427291
0.837536
0.559353
0.368087
0.020737
0.090488
0.061795
0.008549
0.192104
0.291117
0.422089
1.567114
2.129440
0.746227
0.602985
1.212129
0.899935
0.634686
0.889652
0.725282
0.570692
0.440181
0.498413
0.283295
0.481119
0.837135
0.336181
0.345521
0.110603
0.448233
0.117907
0.207575
0.120672
0.265067
0.135777
0.781846
1.220958
0.537829
0.113309
0.408246
0.542496
0.469042
0.414814
0.574573
0.613085
0.143038
0.291436
0.189918
0.033607
0.159556
0.171522
0.548273
0.507389
0.194568
0.443376
0.545166
0.291909
0.786352
0.830885
0.111082
0.406745
0.053430
0.428951
0.158659
0.433561
0.382478
0.156154
0.226044
0.265387
0.375475
0.500436
0.057082
0.157492
0.827355
0.127571
0.658787
0.629175
0.666669
0.380545
1.371831
0.081794
1.284331
0.410056
1.151298
2.297337
0.108491
1.735244
0.908805
0.092914
0.118177
0.299602
0.345844
0.276034
0.412629
0.444956
0.085090
0.124883
0.747079
0.446369
0.598056
0.729285
0.068883
0.570581
0.271112
1.231011
0.595444
0.297575
0.852518
2.155843
0.859047
1.018893
1.202171
0.578208
0.265945
0.180294
0.242143
0.199320
0.602814
1.614451
0.959671
0.697400
0.761286
0.135558
0.124447
0.073865
0.008718
0.290979
0.078174
0.071817
0.943338
0.280773
0.050791
1.896143
1.060748
0.556729
0.480454
0.903159
1.213330
0.570054
0.350115
0.140359
0.926402
0.798303
0.506540
0.117761
0.399205
0.406035
0.563766
0.130411
0.300059
0.049926
0.467699
0.872185
0.053584
0.774076
0.810996
1.756986
1.011392
0.308304
0.639701
1.268574
0.840641
0.402530
0.520782
0.786836
0.561626
0.349520
0.543689
0.104519
1.002169
0.818569
0.126371
0.699190
0.078499
0.465040
0.036615
0.352827
0.588419
0.183725
0.403515
0.977117
1.491713
0.655523
1.333682
1.732336
0.622793
0.070055
0.166772
0.482067
0.532369
0.567084
0.341606
0.482355
1.052173
0.136641
0.719576
0.060885
0.561012
0.211410
0.207903
0.293042
0.249698
0.304158
0.887942
0.765299
0.613737
0.246082
0.331138
0.471623
0.456966
0.202867
0.087653
0.458006
0.710170
0.509990
0.015230
0.232708
0.182789
0.131997
0.071870
0.079338
0.273452
0.302954
0.086240
0.005917
0.030390
0.009504
0.001931
0.510896
0.897512
0.545154
0.060892
0.229423
0.581545
0.574662
0.499476
0.891695
0.673865
0.101468
0.083215
0.135146
0.154030
0.220150
0.221093
0.123239
0.011167
0.041710
0.032204
0.131627
0.144344
0.192442
0.687816
1.446938
1.126178
0.058952
0.290761
0.299063
0.688871
1.169935
1.156322
0.573707
0.209687
0.606668
0.550084
0.252586
0.528059
0.267931
0.118416
0.416259
0.345174
0.138388
0.128138
0.051331
0.285955
0.367506
1.003806
1.222538
0.132168
0.622855
0.125801
0.349829
0.158179
0.408146
0.522156
0.840538
1.130384
1.143740
0.345756
0.567231
0.582353
0.325790
0.196508
0.105673
0.523602
0.635194
0.063117
0.219457
0.067514
0.106895
0.040045
0.560269
0.384520
0.054536
0.119821
0.010033
0.008743
0.018225
0.364123
0.706394
0.928417
0.855269
0.327947
0.559890
0.704117
0.116888
0.059770
0.078771
0.002905
0.150447
0.097148
0.386918
0.499019
0.212984
0.122067
0.214894
0.235754
0.056254
0.182562
0.169020
0.195175
0.381890
0.378942
0.458553
0.767741
0.703505
0.110388
0.350220
0.143920
0.106988
0.162485
0.316955
0.155695
0.006428
0.098804
0.225526
0.119758
0.005364
1.065057
1.376554
0.385170
0.513722
0.505598
0.075260
0.075194
0.479110
0.566815
0.529605
0.836275
0.657113
0.088474
0.234196
0.221802
0.668964
0.496604
0.384473
0.732223
0.191500
0.295415
0.176136
0.506329
0.925485
1.346568
1.613726
0.205996
0.945760
0.900211
0.776788
0.461107
0.204387
0.195832
0.312613
0.431690
0.561556
0.593870
0.771251
0.444987
0.751990
0.953940
0.318170
0.056601
0.054377
0.179780
0.058760
0.522907
0.390315
1.488403
2.104826
0.398176
1.186581
1.316726
0.631740
0.182015
0.077735
0.182488
0.366822
0.541915
1.264956
1.160046
0.154051
0.436425
0.273090
0.616262
0.610181
0.163880
0.031668
0.189294
0.362048
0.194780
0.622712
1.453042
2.223013
0.533130
1.136534
1.039395
0.803880
0.349823
0.206560
0.404962
0.568332
0.796880
0.774029
0.372186
0.076088
0.252196
0.899190
0.659877
0.244777
0.142767
0.171579
0.084505
0.141517
0.184303
0.445213
1.442482
1.552488
0.379677
0.142276
0.644067
1.074905
0.691926
0.470853
0.399648
0.397952
0.672263
0.714835
0.468989
0.107575
0.661755
0.455581
0.144653
0.115615
0.116286
0.148640
0.212925
0.304797
0.072583
0.382451
1.548297
1.729496
0.664162
0.442572
1.047624
0.643444
0.449966
0.500778
0.353139
0.544222
0.801191
0.982377
0.646281
0.400515
0.718293
0.146276
0.160834
0.350675
0.111103
0.087124
0.072919
0.059194
0.140162
0.647902
1.547728
1.479623
0.057927
0.666718
0.438040
0.360983
0.490082
0.530311
0.604557
0.644444
0.836598
0.768881
0.044831
0.257527
0.286707
0.647508
0.370967
0.167770
0.135677
0.050260
0.155516
0.095856
0.102752
0.464442
1.314660
1.462950
0.132503
0.568807
0.225026
0.278287
0.509932
0.854391
0.990348
0.425922
0.091540
0.397883
0.461807
0.035942
0.217736
0.416008
0.412330
0.625553
0.580271
0.425438
0.340461
0.391811
0.014725
0.439809
0.835234
2.234968
0.924817
0.636022
0.799054
0.636743
0.135304
0.268790
0.551006
0.555346
1.075341
1.139504
0.189899
0.489093
0.375855
0.280018
0.311093
0.093822
0.025052
0.175521
0.221822
0.052250
0.020379
0.223793
0.676681
1.452450
1.408662
0.020110
0.960410
0.765478
0.349602
0.398320
0.601666
0.802186
0.805996
0.434960
0.213077
0.178281
0.607863
0.489156
0.094247
0.063231
0.121150
0.146166
0.133784
0.120824
0.087599
0.124799
0.425714
1.337946
1.284237
0.136722
0.385391
0.306809
0.505846
0.625990
0.700873
0.875049
0.793776
0.373452
0.026953
0.213251
0.277806
0.109208
0.121401
0.355026
0.234571
0.084174
0.130848
0.218368
0.171666
0.265426
0.477178
1.100848
0.811253
0.140540
0.064190
0.353663
0.464531
0.310295
0.640002
1.441585
1.019805
0.386769
0.671256
0.223229
0.014395
0.093254
0.299338
0.472822
0.261200
0.244802
0.233546
0.098419
0.091815
0.089788
0.077930
0.492505
0.435376
0.018405
0.065785
0.078173
0.266817
0.133536
0.022876
0.370222
0.555324
0.313805
0.267663
0.088218
0.194604
0.403742
0.564763
0.128187
0.248471
0.181217
0.053552
0.241377
0.133150
0.189859
0.020693
0.038513
0.060227
0.699818
0.808425
0.107023
0.248557
0.213308
0.702865
0.747266
0.227388
0.081139
0.039842
0.120345
0.042177
0.342659
0.705683
0.013671
0.374806
0.050129
0.040991
0.138943
0.215988
0.510102
0.272017
0.829760
0.723577
0.939760
0.931701
0.002946
0.095077
0.288603
0.030247
1.619650
1.425472
0.875129
0.996006
0.017097
0.156597
0.207923
0.157619
0.004642
0.323178
0.633694
1.063576
0.331993
0.770696
0.192208
0.196221
0.291293
0.233752
0.506166
0.201077
0.409933
0.084251
0.370306
0.574688
0.461268
0.455791
0.739604
0.530326
0.301981
0.638856
0.065761
0.028395
0.760417
0.240632
1.026255
0.420418
0.535090
0.296624
0.308355
1.113267
1.752274
0.670501
0.764085
0.625555
0.126756
0.119326
0.440881
0.561281
0.504579
0.745090
1.095905
0.692484
0.406501
0.633509
0.342079
0.296400
0.131994
0.054228
0.295996
0.274307
0.267222
0.317310
0.005602
0.956255
1.993792
0.880210
0.375371
0.541668
0.670177
0.685164
0.516917
0.535722
0.824238
0.630281
0.249894
0.032655
0.097616
0.057294
0.319110
0.362744
0.149724
0.093798
0.028244
0.034008
0.183295
0.054927
0.035801
0.539102
0.882084
0.775187
0.128073
0.709593
0.739312
0.289774
0.203852
0.656993
2.210962
1.260111
2.244773
1.911208
0.150760
0.084531
0.283997
0.361303
0.261392
0.003587
0.012749
0.017097
0.054256
0.122118
0.226617
0.937741
1.276216
0.145923
0.448445
0.311887
0.396563
0.274212
0.078125
0.085790
0.185671
1.055451
1.073592
0.067063
0.657950
0.282501
0.201494
0.386707
0.294629
0.056817
0.275782
0.429601
0.543029
0.197435
0.434234
1.025625
1.250502
0.340849
0.403284
0.245648
0.182212
0.272516
0.224071
0.227739
0.196115
0.390450
0.554454
0.156960
0.281990
0.188678
0.039690
0.128238
0.298441
0.160173
0.034485
0.046423
0.126518
0.243895
0.013044
0.312299
0.416558
0.241516
0.055895
0.299389
0.259581
0.240182
0.318505
0.136760
0.305973
0.617127
0.666735
0.362284
0.124474
0.110845
0.045677
0.322859
0.198676
0.061600
0.085936
0.036066
0.014542
0.170412
0.149359
0.527047
1.236714
1.124786
0.299740
0.268566
0.395995
0.439237
0.635261
0.766972
0.595858
0.882183
1.206970
0.614302
0.268985
0.663734
0.417107
0.082763
0.163933
0.433806
0.880211
0.170580
1.066070
0.217801
0.941025
1.581698
2.013985
0.452020
1.615578
1.341299
0.192057
0.044298
0.276713
0.248191
0.307627
0.915048
1.219015
0.453167
0.273781
0.407629
0.535184
0.270075
0.035306
0.179890
0.069653
0.115796
0.321856
0.357664
0.231487
0.978614
1.465171
0.669910
0.453906
0.741493
0.530232
0.491221
0.468999
0.468052
0.537765
0.462079
0.674790
0.496626
0.294451
0.385346
0.240711
0.232099
0.127382
0.270912
0.252334
0.073876
0.082046
0.059358
0.211782
0.998742
1.321981
0.444536
0.121108
0.259012
0.345804
0.300602
0.277418
0.403654
0.859439
1.077180
0.651055
0.116420
0.310902
0.529408
0.309290
0.015600
0.210192
0.198926
0.215409
0.400708
0.319829
0.232222
0.072505
0.067209
0.619551
0.862700
1.012738
0.472501
0.631860
0.703140
0.306606
0.610007
0.838217
0.758849
0.770436
0.510930
0.037476
0.457897
0.401410
0.244965
0.384519
0.201960
0.085176
0.032320
0.032342
0.042063
0.279864
0.902155
0.962999
0.380662
0.089395
0.145434
0.043260
0.474534
0.548789
0.589435
0.808871
0.962784
0.835003
0.087973
0.457485
0.297125
0.149210
0.037735
0.059674
0.396948
0.282100
0.065479
0.007416
0.405854
0.560335
0.128897
0.145415
0.012557
0.532098
0.913980
0.214001
0.419343
0.474729
0.881786
1.045292
0.643142
0.189651
0.055982
0.232844
0.363354
0.370514
0.211556
0.099805
0.273798
0.052067
0.626750
0.361941
0.100944
0.127823
0.198330
0.582179
0.281027
0.065486
0.063810
0.298789
0.240726
0.064627
0.023712
0.479504
0.813817
0.443724
0.145461
0.036134
0.256124
0.222647
0.189136
0.198513
0.107550
0.438928
0.023131
0.596176
1.183383
1.407080
0.011009
0.834969
0.135376
0.078235
0.173009
0.111311
0.254137
0.391024
0.007982
0.016931
0.541695
0.754761
0.824548
0.465736
0.082984
0.077560
0.512643
0.691432
0.060797
0.182475
0.277702
0.417076
0.501251
0.465392
0.857014
1.439805
0.379340
0.885812
0.655201
0.478667
0.690553
0.329836
0.177143
0.520800
0.631935
0.732080
0.390119
0.062484
0.178430
0.533222
0.347845
0.076759
0.147547
0.458470
0.105887
0.132360
0.634272
0.341481
0.268172
1.735864
0.827370
0.905578
0.769170
0.289443
0.198963
0.301351
0.418610
0.777485
0.782620
0.659699
0.404836
0.275311
0.424048
0.236952
0.070031
0.091510
0.351562
0.203412
0.045273
0.065608
0.183926
0.356147
0.967052
1.144211
0.483808
0.277532
0.308995
0.371434
0.961129
0.826127
0.764679
1.195755
1.126209
0.218147
0.179032
0.127707
0.220945
0.333074
0.538885
0.352006
0.045280
0.063591
0.070558
0.057102
0.111547
0.377543
1.028765
0.943833
0.160075
0.210031
0.167392
0.099187
0.299853
0.467668
0.857531
0.805981
0.480221
0.487462
0.015607
0.374143
0.279419
0.398669
0.435748
0.270746
0.032637
0.157930
0.256445
0.144806
0.114059
0.314261
0.490916
0.385364
0.068801
0.012523
0.450038
0.055424
0.516397
0.515042
0.590447
0.469925
0.296921
0.045460
0.183910
0.365335
0.075035
0.040324
0.480923
0.229334
0.274365
0.117769
0.082017
0.142937
0.148789
0.563614
0.953786
0.511157
0.356900
0.235801
0.100463
0.019974
0.094252
0.162114
0.470625
0.745349
1.083644
0.732591
0.726892
1.150418
0.385496
0.031362
0.047143
0.025443
0.122976
0.256531
0.096789
0.338900
0.104293
0.072668
0.761270
0.848941
0.036369
0.277557
0.080976
0.028960
0.005711
0.174674
0.348467
0.837327
1.078538
0.103020
0.393335
0.033526
0.019753
0.168082
0.188042
0.011355
0.013728
0.165077
0.184041
0.139002
0.152331
0.273879
0.847049
1.174071
0.387795
0.324613
0.235458
0.235316
0.425882
0.702405
0.867548
0.466452
0.171790
0.426649
0.312285
0.124488
0.176302
0.275069
0.582136
1.055866
1.558602
1.453029
1.508905
0.479659
0.009605
0.650631
0.990175
2.058609
0.734960
1.684138
1.204088
0.033575
0.095561
0.104426
0.221086
0.474026
1.002937
1.314593
0.890731
0.203723
1.004783
0.753899
0.144113
0.115195
0.120691
0.024742
0.062421
0.180369
0.244937
0.101938
1.000038
2.601828
0.975294
1.736543
1.432318
0.196854
0.154722
0.230309
0.515564
0.631309
0.957955
1.364976
0.880339
0.563993
1.121546
0.908522
0.273130
0.401457
0.033592
0.427622
0.085969
0.090482
0.085371
0.194091
2.084582
2.352980
1.027116
1.672308
0.265778
0.074232
0.117712
0.525038
0.660203
0.765019
0.735240
0.963073
0.690447
0.339234
0.804903
0.714760
0.114046
0.347752
0.034675
0.692882
0.652209
0.036897
0.188370
0.046590
0.674739
1.215064
0.978453
0.000749
0.849154
0.715258
0.588520
0.611151
0.383858
0.726762
0.620974
0.189886
0.458276
0.340981
0.274657
0.054075
0.454712
0.144388
0.455742
0.090645
0.098469
0.252576
0.021152
0.116404
0.288400
0.369272
0.521070
0.170705
0.549107
0.170871
0.019791
0.869448
1.130040
0.156644
0.993183
0.183619
0.655144
0.010711
0.107524
0.109640
0.047346
0.153197
0.210064
0.290543
0.194602
0.100441
0.002456
0.050996
0.696659
1.439852
0.491244
0.545287
0.311516
0.178303
0.295441
0.376390
0.475483
0.374174
0.543943
1.006333
0.418213
0.557222
0.414470
0.032554
0.070055
0.214556
0.282450
0.257743
0.347000
0.110182
0.109625
0.031389
1.179635
2.073884
0.538423
1.106997
0.918933
0.513207
0.206003
0.104624
0.322771
0.268345
0.537533
1.488531
1.397117
0.547219
1.447272
0.417740
0.173311
0.030715
0.122933
0.159947
0.552059
0.722408
0.077342
0.252227
0.015505
1.014303
1.828275
0.059457
1.498634
0.828202
0.104825
0.164239
0.450854
0.418821
0.560665
1.152755
1.154107
0.017791
0.994075
0.713539
0.174347
0.068144
0.258268
0.037867
0.120362
0.550812
0.670990
0.002055
0.168795
1.413846
1.216143
0.273098
0.623834
0.508756
0.484539
0.364706
0.581780
0.924639
1.043929
1.016718
0.473288
0.456050
0.719098
0.486330
0.208902
0.057724
0.196789
0.091480
0.019466
0.222237
0.461124
0.050319
0.649506
1.710033
0.568800
0.106804
0.027557
0.734979
1.009127
0.663219
0.583526
0.556173
0.361627
0.518233
0.179049
0.126057
0.064400
0.442412
0.371403
0.083978
0.221511
0.024542
0.377378
0.267534
0.148595
0.241514
1.003545
1.939277
0.996259
0.679812
1.123825
0.581037
0.147737
0.455970
0.772153
0.586362
0.505517
0.949078
0.629793
0.441230
0.623791
0.234541
0.146045
0.266119
0.139902
0.010495
0.158805
0.067480
0.187087
0.494987
1.104172
2.047299
1.004013
0.603386
0.951474
0.986844
0.796924
0.385328
0.356406
0.964111
0.824671
0.432472
0.455210
0.110266
0.467741
0.216150
0.220637
0.377221
0.199239
0.156664
0.357399
0.385540
0.167869
0.400782
0.702786
2.551535
1.253338
0.711669
1.046221
1.035459
0.521040
0.158417
0.589835
1.024702
1.083640
0.707494
0.043477
0.321634
0.207296
0.367720
0.353683
0.294221
0.213216
0.111737
0.248188
0.237394
0.187972
0.001782
0.799267
1.960642
0.879533
0.489758
0.657416
0.803457
0.690479
0.429559
0.548787
0.758010
0.681584
0.620717
0.489661
0.146532
0.614758
0.508212
0.118429
0.200195
0.423064
0.170451
0.015988
0.034156
0.089654
0.262166
1.138462
1.717093
0.667357
0.193436
0.670163
1.191539
0.884023
0.285934
0.202660
0.578556
0.897541
0.901962
0.259959
0.599241
0.346301
0.108032
0.451919
0.297844
0.022150
0.146095
0.001548
0.260028
0.235601
0.320785
1.266034
1.633654
0.253054
0.515388
0.462543
0.508702
0.472244
0.525448
0.575330
0.612382
0.539252
0.538403
0.505042
0.002591
0.501257
0.570964
0.320510
0.042796
0.034979
0.211095
0.144710
0.086712
0.011063
0.293727
1.197983
1.903281
0.722199
0.437621
0.647665
0.863689
0.704182
0.430337
0.451958
0.378616
0.524466
0.960815
0.523789
0.458292
0.403802
0.065463
0.194718
0.152226
0.216170
0.263693
0.027550
0.108844
0.021682
0.070864
0.988379
1.831139
0.565743
0.294134
0.270851
0.210401
0.911715
0.732103
0.849087
0.892482
0.349831
0.480640
0.576423
0.101649
0.522568
0.643088
0.295820
0.010416
0.151225
0.036856
0.017343
0.101994
0.000354
0.379659
1.726131
2.248424
0.565113
0.756381
1.676476
1.591181
0.163781
0.154085
0.457410
0.486460
0.928417
0.817127
0.191219
0.628764
0.310176
0.299779
0.210564
0.128312
0.223889
0.351217
0.300177
0.018594
0.069144
0.099607
0.116624
0.179823
0.530676
0.281824
0.221106
0.036813
0.211382
0.089284
0.380968
0.843219
1.210013
0.979481
0.320610
0.926053
0.360448
0.045106
0.278218
0.347360
0.006594
0.258197
0.119288
0.002355
0.035109
0.240810
0.449959
0.553425
0.343403
0.102871
0.146114
0.514157
0.739174
0.566872
0.017761
0.123134
0.444641
0.285344
0.569934
0.027163
0.147609
0.117024
0.189958
0.099683
0.054309
0.054449
0.132674
0.105473
0.009164
0.060196
0.005108
0.036519
0.110568
0.265859
0.526470
0.039890
0.458993
0.338825
0.153704
0.316978
0.787299
0.602715
0.095660
0.664179
0.449817
0.138486
0.035517
0.204571
0.044859
0.162892
0.207156
0.034615
0.234453
0.124369
0.733238
0.931691
0.071120
0.172287
0.064638
0.332872
0.378325
0.063029
0.079162
0.475702
0.749169
0.646640
0.242298
0.149879
0.247666
0.106109
0.390364
0.663534
0.049995
0.589504
0.338223
0.203599
0.186793
0.255733
1.159318
1.448961
0.274983
0.460204
0.311468
0.243601
0.358915
0.492457
2.601668
2.013208
3.098016
2.587436
0.419158
0.286670
0.064495
0.000662
0.310278
0.267396
0.180250
0.150760
0.134860
0.330030
0.080300
0.327874
0.994091
1.069305
0.085623
0.338029
0.068303
0.094823
0.284151
0.512158
0.287328
1.523216
0.832063
2.206259
1.213788
0.730381
0.267077
0.123009
0.118043
0.008935
0.208786
0.292412
0.068950
0.010790
0.187938
0.141493
0.263119
0.441621
0.451615
0.042671
0.433652
0.043767
0.109184
0.468671
0.542876
0.313003
0.337057
0.684590
0.355311
0.284192
0.424445
0.408593
0.171075
0.188523
0.183496
0.201215
0.309530
0.007422
0.065281
0.072560
0.336136
0.380632
0.282487
0.436712
0.083736
0.292836
0.117026
0.064477
0.386285
0.715611
0.661636
0.360598
0.311433
0.075473
0.374566
0.161501
0.564286
1.457540
0.465885
1.101770
0.753974
0.034129
0.048557
0.201880
0.734247
0.628800
0.166662
0.029506
0.018640
0.079303
0.156919
0.215930
0.278156
0.291282
0.646884
0.962123
0.997769
0.454457
0.575109
1.064696
0.942933
0.058428
0.586000
0.108338
0.521771
0.105606
0.314893
0.424486
1.724836
1.960410
0.072739
1.283522
0.739535
0.516214
0.422139
0.198988
0.377508
0.564520
0.502061
0.722674
0.713321
0.168543
0.661773
0.482355
0.334904
0.091940
0.177624
0.082657
0.193038
0.016908
0.440005
0.449766
0.822079
1.449331
0.173921
0.945575
0.441950
0.263283
0.445474
0.491168
0.652768
0.911503
0.444506
0.310715
0.363113
0.316937
0.214578
0.075095
0.291145
0.072044
0.405629
0.225818
0.009064
0.036575
0.088115
0.550209
1.546854
0.982636
0.350467
0.625887
0.410972
0.080387
0.049573
0.292079
0.450980
0.588269
0.843669
0.672455
0.124413
0.472842
0.046930
0.062695
0.353281
0.452753
1.003533
0.523084
0.755308
0.039659
0.249607
0.506244
0.868197
1.016769
0.318689
0.289972
0.254177
0.104654
0.089220
0.269314
0.425544
0.553811
0.798324
0.734446
0.142209
0.339722
0.298743
0.000986
0.037641
0.406300
0.644787
0.371604
0.115545
0.185253
0.108828
0.116553
0.324134
0.282083
0.469196
0.247097
0.552842
0.591924
0.002790
0.017011
0.399188
0.443319
0.208879
0.108337
0.221947
0.160200
0.083959
0.199011
0.227700
0.286509
0.377440
0.091646
0.010114
0.116649
0.249523
0.076380
0.240254
0.126805
0.220592
0.911698
0.450089
0.839966
1.073201
0.271186
0.652386
0.565783
0.851254
0.228587
0.006146
0.142149
0.284121
0.229690
0.114927
0.053372
0.135832
0.178887
0.077262
0.180857
0.189379
0.196926
0.792311
0.951900
0.004291
0.125404
0.300992
0.117316
0.445017
0.290591
0.145434
0.266834
0.538410
0.481382
0.284712
0.474671
0.475028
0.056405
0.566942
0.538326
0.112643
0.018398
0.060286
0.161781
0.830565
0.404185
0.596507
0.979961
0.421580
0.579255
0.098621
0.049279
0.244348
0.236621
0.251000
0.458868
0.710785
0.878732
0.213863
0.337499
0.092209
0.201970
0.809806
0.473335
1.037224
0.282202
1.230139
0.475465
0.715658
0.258519
0.963816
2.284083
1.333796
1.361546
1.145661
0.133998
0.278707
0.323543
0.260061
0.216426
0.539947
1.331551
1.321365
0.236772
0.642961
0.897104
0.649985
0.348296
0.105324
0.027791
0.069835
0.265610
0.363420
0.100365
0.364312
1.128284
0.637531
0.355167
0.311966
0.211726
0.375470
0.379208
0.261983
0.427595
1.070332
0.999527
0.081380
0.569440
0.323689
0.344358
0.266173
0.035763
0.122731
0.116345
0.134562
0.308066
0.549207
0.107499
0.274354
1.614335
1.165446
0.288372
0.551676
0.417438
0.525818
0.259512
0.255575
0.747689
0.988647
0.787971
0.322678
0.164132
0.440919
0.474880
0.401193
0.168619
0.005673
0.033663
0.045655
0.010065
0.014485
0.175869
0.949456
1.562956
0.917751
0.318619
1.142439
0.545579
0.024504
0.617738
0.714115
0.349689
0.438695
0.492538
0.235680
0.009003
0.277064
0.401244
0.147962
0.096048
0.186887
0.242630
0.307568
0.185048
0.136551
0.010811
0.023262
0.107574
0.018784
0.007066
0.009661
0.023439
0.092411
0.277378
0.190065
0.123959
0.129195
0.024606
0.112185
0.207023
0.067317
0.019703
0.121234
0.024014
0.160730
0.026035
0.019411
0.028286
0.134656
0.042502
0.045666
0.339723
0.656165
0.572252
0.093340
0.405716
0.470647
0.225639
0.549477
0.669195
0.241933
0.327854
0.285915
0.289751
0.427115
0.325193
0.289277
0.289175
0.432732
0.175878
0.473269
0.397779
0.195202
0.525953
0.520545
1.192513
0.564572
0.354686
0.167712
0.458523
0.748544
0.726289
0.660100
0.692979
0.566810
0.269262
0.246742
0.478251
0.322125
0.273477
0.182325
0.093428
0.022410
0.218070
0.287334
0.058837
0.400657
0.171708
0.156307
0.438244
0.298936
0.287514
0.288413
0.119819
0.039739
0.582326
1.327003
1.238927
0.005983
0.780644
0.369548
0.016470
0.075291
0.101408
0.102216
0.004754
0.050168
0.013912
0.085954
0.013352
0.177850
0.158237
0.191108
0.055479
0.750806
1.034092
0.233012
0.468875
0.534522
0.304378
0.027266
0.240637
0.470948
0.279937
0.073356
0.070641
0.216147
0.249485
0.114371
0.086292
0.483610
0.059708
0.263327
0.112769
0.040962
0.112684
0.096357
0.159361
0.455050
0.571305
0.166495
0.174536
0.260954
0.270790
0.245924
0.530485
0.749869
0.511565
0.015079
0.397521
0.501935
0.289257
0.070067
0.165918
0.004683
0.066779
0.087605
0.049327
0.058367
0.242017
0.372149
0.658865
0.404443
0.306277
0.218558
0.047586
0.223011
0.702661
0.624555
0.151516
0.022922
0.062676
0.065640
0.023373
0.164477
0.370251
0.007019
0.449872
0.061447
0.545342
0.275941
0.237492
0.201146
0.085704
0.231157
0.600259
0.457296
0.031455
0.276299
0.142270
0.013427
0.231251
0.568796
0.371832
0.234914
0.553760
0.203073
0.280189
0.354088
0.409454
0.223303
0.081466
0.151836
0.073405
0.424321
0.182787
0.502845
0.201881
1.086331
1.214368
0.018228
0.237612
0.153468
0.412825
0.183261
0.028219
0.148948
0.679957
0.986549
0.446040
0.171922
0.219441
0.054242
0.194053
0.489567
0.099656
0.366776
0.086115
0.114653
0.003168
0.096712
0.133198
1.414388
1.947615
0.528980
0.646523
0.902196
0.582769
0.209045
0.259186
0.339966
0.429117
0.883719
1.025004
0.262466
0.318020
0.461725
0.374698
0.133186
0.001268
0.074739
0.274351
0.291667
0.242715
0.098294
0.026231
0.693530
1.250115
0.617795
0.274103
0.680122
0.619561
0.340046
0.351829
0.609014
0.643341
0.409712
0.025645
0.278916
0.266732
0.195265
0.008183
0.386324
0.431054
0.045066
0.307765
0.429105
0.288279
0.036423
0.307235
0.793904
0.872394
0.659796
0.080711
0.986136
1.313354
1.012574
0.123942
0.829367
0.408848
0.060511
0.500643
0.834439
0.161379
0.313428
0.242042
0.246653
0.341685
0.244199
0.131138
0.085095
0.110043
0.151801
0.162068
0.339790
0.533557
0.120411
0.894631
0.788735
0.066588
0.640135
0.564916
0.040986
0.350876
0.250627
0.245121
0.189484
0.004869
0.033398
0.242600
0.286904
0.066402
0.071407
0.065310
0.022385
0.054636
0.050675
0.108961
0.158390
0.220001
0.332315
0.441694
0.243585
0.323510
0.397663
0.209951
0.397289
0.494229
0.496745
0.518428
0.191465
0.064777
0.026184
0.160659
0.232910
0.194343
0.243176
0.181015
0.239144
0.284637
0.052995
0.147082
0.071134
0.310674
0.433580
0.309368
0.254707
0.094059
0.317753
0.344999
0.505972
0.340763
0.534011
0.669721
0.035813
0.565667
0.525267
0.010217
0.131562
0.257712
0.236987
0.047670
0.078917
0.223949
0.024403
0.189459
0.515189
0.801662
0.263280
0.196021
0.198567
0.418639
0.264753
0.016542
0.179904
0.320202
0.596990
0.633055
0.101762
0.415042
0.482870
0.275031
0.188984
0.189910
0.396417
0.044680
0.013083
0.308223
0.190909
0.831076
1.007932
0.687659
0.030182
0.441176
0.373026
0.906071
0.868696
0.284281
0.290121
0.259438
0.264121
0.625589
1.179767
0.597158
0.687336
0.927082
0.585269
0.197528
0.139733
0.063795
0.165619
1.075576
1.124188
0.726235
0.560371
0.582058
0.072687
0.151173
0.088962
0.123406
0.317034
0.060614
0.012585
0.315971
0.520156
0.661197
0.988839
0.691210
0.247168
0.402094
0.783711
0.988043
0.642084
0.878483
0.289319
0.314222
0.302547
0.523032
1.507817
1.915621
0.109113
0.962284
0.583207
0.131756
0.207486
0.770004
0.849838
0.405316
0.293676
0.743221
0.750327
0.058918
0.546572
0.599358
0.160829
0.047295
0.222244
0.251755
0.100253
0.116061
0.044069
0.364326
1.360903
1.577033
0.463052
0.451577
0.724446
0.755273
0.369555
0.265499
0.645223
0.728912
0.595736
0.706532
0.499696
0.193306
0.439340
0.419553
0.366827
0.147726
0.055121
0.013217
0.022443
0.101657
0.215174
0.452586
1.454989
1.703468
0.378978
0.454329
0.685956
0.568790
0.355740
0.774987
1.062384
0.979445
0.888798
0.501931
0.176731
0.521954
0.534656
0.358365
0.199887
0.206025
0.137966
0.019133
0.020126
0.058312
0.005075
0.568310
1.554569
1.584064
0.146745
0.565205
0.481330
0.806163
0.785043
0.651651
0.529066
0.431518
0.396076
0.204421
0.025926
0.144759
0.281338
0.431845
0.171015
0.109326
0.198057
0.276852
0.037621
0.093893
0.037188
0.065540
0.094049
0.221052
0.428237
0.496133
0.111474
0.256408
0.337609
0.339836
0.249752
0.238244
0.261541
0.092318
0.056295
0.059169
0.014085
0.119900
0.160711
0.053785
0.072527
0.416259
0.033718
0.550154
0.106435
0.433578
0.142319
0.017043
0.197897
0.308585
0.156230
0.050528
0.046246
0.142526
0.045254
0.392822
0.740978
0.426024
0.240402
0.250066
0.064582
0.050194
0.020691
0.084511
0.078750
0.122876
0.003232
0.235184
0.014220
0.258309
0.258037
0.271678
0.344961
0.231101
0.178819
0.193488
0.134029
0.009472
0.291210
0.637225
0.728382
0.356553
0.136995
0.420016
0.415363
0.299366
0.060372
0.066020
0.075109
0.103984
0.089731
0.022626
0.149075
0.140748
0.228663
0.271151
0.259441
0.194750
0.065538
0.072013
0.150751
0.269843
0.130391
0.274636
0.453596
0.543536
0.570604
0.063097
0.370285
0.338523
0.191665
0.089743
0.220563
0.262122
0.024686
0.125853
0.125247
0.138193
0.827400
1.398876
0.936042
0.160436
0.343069
1.016041
0.899366
0.253563
0.370509
1.125188
0.985276
0.394105
1.314961
0.539513
0.497986
0.140505
0.084123
0.264726
0.026729
0.192439
0.331275
0.227332
0.005253
0.225554
0.092168
0.342000
0.077177
0.398392
0.431498
0.602618
0.177663
0.118907
0.197307
0.604806
0.420882
0.050883
0.064651
0.295322
0.298048
0.195406
0.394591
0.153569
0.015316
0.056709
0.007740
0.186429
0.178654
0.007601
0.238935
0.313937
0.294748
0.496168
0.126888
0.488647
0.335765
0.203426
0.429934
0.174607
0.075688
0.221778
0.136743
0.159385
0.012459
0.220401
0.059688
0.166423
0.071230
0.098292
0.165030
0.041191
0.117212
0.040002
0.650626
0.829502
0.284534
0.172605
0.210420
0.049349
0.240565
0.530380
0.330519
0.160347
0.340457
0.317388
0.016132
0.116757
0.145290
0.386118
0.356817
0.065092
0.119114
0.174285
0.027522
0.086159
0.104899
0.019019
0.247283
0.427307
0.648975
0.105941
0.406572
0.148349
0.054181
0.016350
0.281607
0.616685
0.639280
0.606542
0.028904
0.474549
0.167439
0.049994
0.440649
0.482483
0.489486
0.538434
0.210953
0.469338
0.385848
0.012525
0.120287
0.905599
0.641265
0.339421
0.555454
0.285484
0.030479
0.039218
0.219799
0.221753
0.314069
0.736772
0.352984
0.223497
0.147111
0.062765
0.205454
0.153694
0.098411
0.146755
0.074090
0.238313
0.223856
0.270518
0.654354
1.307517
0.815474
0.704668
0.963893
0.383974
0.254028
0.158776
0.223648
0.435320
0.496354
0.502504
0.067713
0.522918
0.028478
0.177178
0.341685
0.220982
0.213923
0.157126
0.164763
0.416796
0.252962
0.194593
0.191072
0.815710
0.468015
0.002619
0.142249
0.212989
0.290052
0.241003
0.271559
0.502301
0.454836
0.533897
0.488322
0.267617
0.550424
0.357406
0.347403
0.107671
0.073847
0.054101
0.040682
0.081202
0.036924
0.082067
0.407519
0.875367
0.458625
0.106319
0.352691
0.585704
0.143525
0.004926
0.196692
0.312762
0.430164
0.581260
0.426407
0.127967
0.048675
0.536906
1.325065
0.950448
0.196146
1.005127
0.709329
0.185713
0.362683
0.167166
0.418210
0.779816
0.367724
0.353394
0.221884
0.052126
0.333718
0.162047
0.068195
0.323054
0.456084
0.741188
0.819350
0.568544
0.118040
1.048197
0.665906
0.123068
0.123915
0.200871
0.180044
0.328649
0.090121
0.212936
1.485076
2.136068
0.350551
1.486173
1.257787
0.469460
0.275319
0.054647
0.051609
0.439499
0.704555
0.392305
0.147842
0.143209
0.481464
0.038654
0.724172
0.077354
0.802650
0.569969
1.134141
0.204527
1.130532
0.087546
0.234237
2.090704
1.074289
1.442051
1.302623
0.195530
0.079888
0.047740
0.362131
0.548172
0.610214
0.570672
0.546149
0.782573
0.127164
0.849579
0.767972
0.327293
0.169093
0.101322
0.094159
0.196677
0.272974
0.821999
1.509856
2.025471
0.224679
1.622436
1.012064
0.157342
0.275401
0.623312
0.362980
0.039960
0.620563
1.619707
0.963464
0.665960
0.761646
0.471934
0.526662
0.115999
0.121028
0.742128
0.057818
0.756334
0.279439
0.566221
1.355669
2.157502
0.360749
0.810988
0.455879
0.610028
0.760756
0.868270
0.768022
0.409058
0.419587
0.472378
0.421002
0.119804
0.647012
0.376263
0.138685
0.144145
0.160139
0.183353
0.200112
0.064974
0.050358
0.460292
1.205713
0.976280
0.052191
0.248453
0.352283
0.564355
0.772029
0.909593
0.421904
0.073633
0.384030
0.926970
0.030563
0.992240
0.703940
0.132547
0.124966
0.138667
0.237414
0.105502
0.371235
0.139343
0.182812
0.265381
0.599818
0.842325
0.210872
0.510306
0.138721
0.012528
1.048685
1.169325
0.361963
0.181971
0.604753
0.404197
0.650559
0.200785
0.136752
0.106706
0.153139
0.269335
0.142122
0.151349
0.285956
0.154315
0.315947
0.330091
0.471782
0.502724
0.025314
0.265994
0.820861
0.430554
0.793989
0.307563
0.287585
0.094962
0.395897
0.466064
0.179212
0.085068
0.319981
0.035554
0.433579
0.021077
0.701683
0.651527
0.061493
0.465277
0.550071
0.239089
1.237436
1.424714
0.406468
0.665715
0.155001
0.020164
0.145521
0.069920
0.250791
0.277814
0.373685
0.950211
0.593244
0.320174
0.229575
0.024335
0.084217
0.180512
0.185694
0.166773
0.127064
0.032522
0.098554
0.178734
0.824674
0.891942
0.252655
0.477353
0.498547
0.325564
0.282243
0.205708
0.219361
0.600124
0.854039
0.528081
0.172388
0.381868
0.161387
0.291526
0.428276
0.713559
0.097827
0.474880
0.499168
0.078269
0.345488
0.400861
0.741781
0.975662
0.150446
0.416426
0.019932
0.239324
0.062273
0.305659
0.347532
0.409928
0.600138
0.976486
0.852635
0.009695
0.507480
0.358370
0.276428
0.159165
0.075484
0.286324
0.128173
0.143212
0.092584
0.210127
1.243280
1.771375
0.677870
0.227373
0.419015
0.777954
0.926593
0.696842
0.461412
0.543827
0.863286
0.639893
0.006201
0.212482
0.260028
0.399102
0.249128
0.161564
0.188357
0.013770
0.036231
0.239694
0.176544
0.230975
1.044713
1.380045
0.199903
0.631609
0.394355
0.283269
0.400775
0.277492
0.149494
0.357370
0.842302
1.165670
0.510963
0.414978
0.454303
0.085188
0.052697
0.128994
0.171627
0.372131
0.396000
0.159891
0.082159
0.142125
0.635113
0.497551
0.143111
0.236899
0.501383
0.283513
0.408557
0.775238
0.680059
0.499225
0.532917
0.607308
0.161985
0.238645
0.078026
0.245395
0.640242
0.315859
0.398148
0.519151
0.040710
0.302641
0.086897
0.166645
0.998006
0.921176
0.022395
0.392250
0.193181
0.051762
0.001866
0.311011
0.488185
0.555172
0.716064
0.455917
0.049795
0.199170
0.187516
0.150372
0.075870
0.060182
0.252194
0.629987
0.263816
0.641379
0.053431
0.839136
0.853199
0.822531
0.347340
0.209126
0.274168
0.230866
0.304592
0.491662
0.487871
0.442692
0.587568
0.584760
0.285328
0.127838
0.043871
0.485850
0.607044
0.510745
0.050582
0.435892
0.171843
0.437923
0.637005
0.440586
1.184001
1.576001
0.289471
1.467227
0.584897
0.043706
0.202269
0.227536
0.253161
0.458799
0.938374
1.176847
0.373618
0.125546
0.051350
0.495955
0.709120
0.536074
0.178385
0.075592
0.208396
0.073863
0.342617
0.289838
2.298810
2.120355
1.042365
1.767929
0.359592
0.078142
0.193157
0.100030
0.318977
0.487805
0.729710
1.259122
0.654524
0.417950
0.398408
0.182710
0.402230
0.629628
0.677387
