0.433482
0.369861
0.635124
0.393253
0.744942
0.517215
2.490973
1.133312
1.027212
0.954242
0.331031
0.176560
1.251354
0.651502
0.652338
0.856966
0.447058
0.778057
0.031533
0.863388
0.591420
0.150933
0.287870
0.729952
0.488266
0.713117
0.570612
0.324901
0.190027
1.074449
0.982991
0.556679
0.576098
0.228448
1.215209
1.910049
1.073218
0.678112
0.197409
0.287046
0.079327
0.165744
0.110637
0.287484
0.432678
0.124612
0.346278
0.203271
0.248129
0.411117
0.624171
0.268817
0.475026
0.787472
1.112019
0.424035
0.129631
0.474972
0.431210
0.243728
0.016677
0.219601
0.421717
1.229733
0.593663
0.064955
0.372614
0.372222
0.840891
0.173143
0.231206
0.015735
0.547103
0.315544
0.353554
0.533480
0.408117
0.846779
0.168689
0.919813
0.695610
0.876304
1.391931
0.047259
0.392271
0.258038
0.277953
0.649046
0.757462
0.466816
0.007647
0.755600
0.236574
0.880650
1.030616
0.225550
0.752245
0.135137
0.146864
0.229486
0.218443
0.249644
0.304157
0.539845
0.450643
0.231881
0.363681
0.198465
0.292975
0.126614
0.176100
0.729333
0.928481
0.618513
0.300567
0.824476
0.211451
0.134578
0.034497
0.377630
0.394836
0.318811
0.399094
0.857369
0.259271
0.383479
0.826046
0.920185
0.076376
0.299742
0.258051
0.326160
0.496192
0.202410
0.422021
0.718421
0.192782
0.303772
0.006235
0.204620
0.359772
0.437570
0.376863
0.276206
0.067833
0.269488
0.004466
0.110067
0.127757
0.246449
1.487754
0.854350
0.890085
0.004563
0.670675
0.355505
0.945518
0.371163
0.037864
0.940397
0.768202
0.119396
0.198163
0.172836
0.800204
0.433325
0.382476
0.764987
0.121467
0.404779
0.491364
0.375170
0.431192
0.589379
1.470740
0.979177
0.632914
0.739395
0.721541
0.125014
1.046821
1.026404
0.243766
0.084379
1.091027
0.042216
0.976198
0.537401
0.097550
0.080593
0.019482
0.086000
0.376014
0.082556
0.551091
0.148756
0.724673
0.460248
0.177747
0.618457
0.326892
0.753030
0.927828
0.151982
0.259535
0.241702
0.223928
0.814992
0.582214
0.231471
0.055134
0.147620
0.516617
0.615653
0.126449
0.281267
0.257050
0.596887
0.705823
0.094320
0.113341
0.624070
1.591741
0.961680
0.621767
0.574915
0.459042
0.250763
0.049432
0.759757
1.412981
1.050486
0.739234
0.435217
0.582587
0.137958
0.275143
0.189885
0.017782
0.451424
0.128237
0.312037
0.078792
0.780138
0.775722
0.066867
0.103586
0.065890
0.101169
0.243848
0.590652
0.287851
0.621373
0.707172
0.796124
0.856135
0.058395
0.154466
0.222524
0.490205
0.765835
0.123061
0.288745
0.363103
0.269997
0.372302
0.066319
0.239456
0.593011
1.022159
1.417047
0.101965
0.249653
0.205856
0.001809
0.227263
0.450520
0.359710
0.480640
0.651240
0.296780
0.305761
0.103296
0.114878
0.121108
0.868492
0.154658
0.012242
0.378472
0.086644
0.100543
0.246818
0.048584
1.036993
1.525190
0.678611
0.311681
0.568179
0.457628
0.055124
0.072493
0.470549
0.514036
1.174851
1.278073
0.059233
0.509126
0.553185
0.097587
0.200106
0.501234
0.342668
0.239053
0.186617
0.868774
0.040839
0.768431
0.120465
0.424203
0.112092
0.544785
0.290809
0.712318
0.102243
0.776191
0.086381
0.828954
1.243933
0.562013
0.078467
0.187515
0.413863
0.452389
0.145995
0.037334
0.085003
0.023779
0.044180
0.116158
0.400297
0.102341
0.717525
0.891560
0.094451
0.832741
0.310650
0.227641
0.910038
0.044348
0.488145
0.517923
0.583136
0.122323
0.287773
0.622756
0.000257
0.286620
0.019219
0.286766
0.668894
0.067742
0.521139
0.186357
0.214169
0.643675
1.261950
1.144048
0.031412
0.448945
0.231220
0.480822
0.220208
1.185462
0.681019
0.055626
1.044310
1.044413
0.364227
0.039668
0.173178
0.118536
0.161113
0.484333
0.770805
0.063501
0.556509
0.346399
0.268589
1.230274
1.269197
1.218604
0.506315
0.689131
0.173911
0.098403
0.684377
0.895652
0.905606
0.347779
0.424166
1.408168
0.649165
0.446860
0.327618
0.420157
0.781183
0.415433
0.393972
0.054641
0.824761
0.568992
0.428101
0.725835
0.963451
2.245471
0.949213
0.643277
1.198050
0.753954
0.062460
0.019809
0.370463
1.144070
1.384207
0.113980
0.242805
0.223723
0.759485
0.597570
0.344940
0.174332
0.347998
0.027751
0.384037
0.485796
0.195034
0.507799
0.522590
0.675884
1.156679
0.186317
0.994295
0.878026
0.163658
0.356320
0.989958
0.504329
0.711211
0.672348
0.343876
0.044631
0.296991
0.241634
0.462062
0.405434
0.291163
0.253549
0.727715
0.419971
0.756860
0.039588
1.440722
1.668386
0.937106
0.249712
0.496144
0.601547
0.366705
1.310581
1.086917
0.158025
0.526887
0.475564
0.207871
0.161429
0.406633
0.485534
1.082031
0.019692
0.134312
0.305952
0.282376
0.116467
0.792196
0.135762
0.891344
0.154321
0.418456
0.646924
0.386206
0.669998
0.096055
0.136197
0.609603
0.716389
0.720226
0.570151
0.081301
0.761189
0.850767
0.310322
0.478916
0.170889
0.504892
0.117337
0.206475
0.325886
0.261668
0.728223
0.512824
0.084484
0.388254
0.284640
0.525394
0.695731
0.182669
0.679162
0.277684
0.499990
1.019935
1.239435
0.351125
0.359166
0.461300
0.182940
0.392542
0.182690
0.835639
0.802765
0.601557
0.735056
0.798318
1.616633
0.835054
0.701474
0.692255
0.230238
0.138081
0.366989
0.252069
0.185671
0.498450
0.956375
0.442374
0.024326
0.296006
0.592645
0.779591
0.955032
1.338302
1.339273
0.924935
0.734706
0.452162
0.211014
1.196971
0.953051
0.644632
1.285847
0.615078
1.324281
1.218090
0.152049
0.048909
0.645069
0.146076
0.036050
0.638983
1.409629
0.874276
0.096938
0.153078
0.724126
0.595970
0.234139
0.134427
0.181996
0.619286
0.347912
0.413438
0.280834
0.749589
0.507511
0.372484
0.535801
0.151317
0.853837
0.427039
0.507665
0.530265
0.384025
1.177870
0.934832
0.553515
0.674185
0.117900
0.186484
0.562514
0.157968
0.642948
0.062256
0.766336
0.345930
0.320997
0.525507
1.614185
0.801934
0.410700
0.744339
0.393353
0.229346
0.128628
0.259817
0.205472
0.608877
0.913049
0.785876
0.271016
0.392043
0.360304
0.435244
0.233374
0.156229
0.226646
0.334899
0.281627
0.222860
0.029940
0.396777
1.771768
1.545384
0.277930
1.120138
0.670446
0.164591
0.048037
0.562067
0.204104
0.423940
0.487482
0.417485
1.180641
1.034138
0.534804
1.025538
0.457118
0.080840
0.149449
0.338016
0.447791
0.293752
0.437200
1.246019
0.209715
1.068946
2.187493
0.409730
2.616656
0.639183
0.809395
0.825984
1.334110
0.083771
0.087457
0.823372
0.608885
0.396368
0.070586
0.667434
0.801974
0.525415
0.863749
0.114788
1.492740
0.488794
1.057719
0.430956
0.559332
1.441746
0.281664
0.539313
0.375081
0.234818
0.244988
0.255882
1.047455
1.318504
0.895519
0.241326
0.844455
0.484309
0.284189
0.289927
0.054098
0.196338
0.125586
0.247485
0.427070
0.406237
0.154775
0.431522
0.620177
1.247218
0.843531
0.952804
0.961359
0.375298
0.343729
0.334257
0.470836
0.462296
0.519624
0.749618
0.855392
0.324511
0.552509
0.664295
0.161323
0.447646
0.246772
0.844568
0.610005
0.540970
0.805048
0.427458
1.193724
1.723865
0.589804
0.227044
1.230913
1.398547
0.171733
0.396630
0.496589
0.230693
0.563296
1.123436
0.262261
0.170911
0.315840
0.662884
0.350353
0.842961
0.475472
1.076704
0.620384
0.000897
0.064983
0.146670
0.334569
1.605643
1.435441
0.233715
0.829757
0.442254
0.207224
0.727025
0.863163
0.455530
0.394791
0.449699
0.177998
0.301689
0.138136
0.152487
0.882549
0.382930
0.481065
0.134998
0.013626
0.629261
0.219425
0.868265
0.362423
0.001765
0.219868
0.176620
0.001604
0.061939
0.159206
0.437628
0.591357
0.049554
0.204802
0.453038
0.095677
0.065996
0.115643
0.418111
0.288761
0.010795
0.743741
0.038309
0.718482
0.028863
0.565535
0.106784
0.106969
1.022224
0.839573
0.431050
0.486771
0.168494
0.117428
0.139502
0.470886
0.409333
0.592112
0.422041
0.116129
0.127362
0.550765
0.171629
0.060837
0.408301
0.052008
0.004465
0.137874
0.105229
0.053647
0.514827
0.271864
0.980007
0.963902
0.185833
0.496546
0.263001
0.044991
0.025416
0.053189
0.500987
0.367128
0.518076
0.650041
0.072488
0.302820
0.085722
0.441413
0.646605
0.202573
0.318089
0.097352
0.214989
0.157599
0.215785
0.314404
1.486261
1.027121
0.502899
0.200261
0.040798
0.434138
0.138972
1.020497
1.564690
0.970685
0.096673
0.545861
0.127804
0.303423
0.491562
0.044275
0.263606
0.316228
0.353669
0.531332
0.249396
0.242611
0.410410
0.311013
0.875244
0.770948
0.163964
0.030020
0.257706
0.627326
0.874074
0.382716
0.291246
0.167083
0.019010
0.314343
0.101595
0.922386
0.431032
0.229867
0.272666
0.370188
0.494962
0.975604
0.645693
0.803517
0.887444
0.078257
0.927189
0.039342
0.218134
0.628964
0.021295
0.802012
0.365902
0.808412
0.055621
0.737897
0.359510
0.786858
0.168531
0.587572
0.282745
0.260770
0.168078
0.641559
0.262787
0.719279
0.315615
0.197817
0.089775
0.156072
0.422059
0.691943
0.447973
0.548353
0.737407
0.055926
0.164302
0.322143
0.070452
0.538463
1.019810
0.072998
1.022288
0.093116
0.553544
0.200275
0.235145
0.192474
0.089233
0.141884
0.088152
0.381466
0.085333
0.531658
0.778029
0.995014
0.187472
0.267468
0.234213
0.372773
0.757125
1.095028
0.104076
0.132338
0.806541
0.242226
0.592254
0.201022
0.068070
0.300132
0.129142
0.893594
0.245445
0.857006
0.091249
0.386081
0.924434
0.989016
0.896234
0.539817
0.489684
0.625614
0.041598
0.641964
0.400489
0.523493
0.710494
0.567383
0.321389
0.083543
0.298584
0.352757
0.145633
0.348597
0.353047
0.110158
0.060352
0.372480
0.008302
0.671677
0.404486
0.360101
0.948641
0.919743
0.042017
0.829510
0.585850
0.076680
0.034398
0.633163
1.068853
0.488758
0.132118
0.620048
0.013916
0.288318
0.348055
0.457138
0.782021
0.339361
0.098069
0.328257
0.287016
0.623597
0.504865
0.302514
1.803096
1.170226
0.709073
1.168368
0.690734
0.305033
0.495469
0.235732
0.439010
1.619296
0.466289
0.128458
0.245048
0.461181
0.157725
0.263809
0.455981
0.344628
0.527484
0.476246
0.445102
0.035913
0.012533
0.234969
1.596863
1.412931
0.698565
0.759448
0.272230
0.643867
0.566290
0.416030
0.366236
0.451244
0.297857
0.024563
0.375393
0.266623
0.070252
0.258338
0.237454
0.253193
0.443494
0.456861
0.262111
0.401216
0.312272
0.186047
0.479334
1.117843
0.135896
0.151013
0.094042
0.368971
0.334513
0.565118
0.052951
0.359637
1.777895
0.874680
0.973356
0.573035
0.283085
0.718672
0.332754
0.320633
0.024499
0.502345
0.365558
0.664602
0.137306
1.039458
1.037629
1.558443
0.352787
0.530222
0.312864
0.361600
0.262674
0.119411
0.152862
0.742738
1.189903
0.723577
0.191678
0.203824
0.661534
1.186973
0.176070
0.270668
0.510683
0.341006
0.208645
0.148087
0.347886
0.994399
1.515159
0.087972
1.153468
0.362255
0.048554
0.745265
0.364415
0.418419
0.279466
1.215739
0.894004
0.129842
0.049153
0.353517
0.568414
1.115886
0.293170
0.782263
0.551769
0.721263
0.149527
0.089864
0.522290
2.138315
1.606599
0.601490
1.473779
1.121275
0.109019
0.568634
0.204070
0.731054
1.189413
0.749763
0.247786
0.610863
0.345014
0.590575
0.458955
0.132697
0.188113
0.306585
0.235166
0.052294
0.490903
0.050996
0.049755
1.226048
1.427194
1.082871
0.538059
1.354616
0.228454
0.284821
0.508251
0.421037
0.558576
0.878696
0.524868
0.039502
0.161624
0.533256
0.268246
0.019379
0.399198
0.386828
0.065296
0.110839
0.128973
0.053178
0.597396
1.610197
1.803669
0.136664
1.132662
0.892044
0.252782
0.343463
0.836136
0.402207
0.498340
0.449353
0.638655
0.758127
0.452721
0.890629
1.129702
0.011963
1.163759
0.173593
0.349399
0.269739
0.466288
0.482265
0.482565
0.978317
1.292703
0.392972
0.307418
0.406118
0.856380
0.652358
0.036218
0.389907
1.245729
0.559608
0.490120
1.371234
0.292159
1.278398
0.441841
0.531317
0.042631
0.679320
0.005581
0.484708
0.560365
0.467088
0.243896
0.734024
1.431700
0.628277
0.939605
1.241052
0.331498
0.162613
0.130942
0.365998
1.076712
0.514104
0.416383
0.876936
0.239660
0.525724
0.136951
0.055265
0.062261
0.344972
0.061802
0.012746
0.739971
0.485832
0.608765
0.341429
2.209100
1.327182
0.723796
1.323220
1.192863
0.687188
0.386232
0.452636
0.107405
0.912329
1.419802
0.292738
0.265342
0.468816
0.835475
0.001273
0.069432
0.423579
0.018957
0.023829
0.259420
0.008147
0.005342
0.110216
1.712654
2.580992
0.732041
1.993755
1.901473
0.537991
0.034109
0.019463
0.087653
0.873609
1.672991
0.276986
0.653363
0.453820
0.431204
0.147575
0.275223
0.004399
0.049641
0.045807
0.658079
0.662867
1.048365
0.461889
1.482233
1.130219
0.047097
0.743104
1.192685
0.759134
0.281418
0.242264
0.791584
0.878533
0.624198
0.220826
0.828471
0.478491
0.417428
0.129943
0.288943
0.694376
0.532389
0.122084
0.057612
0.212368
0.235460
0.080018
1.001300
1.060923
0.062635
0.557310
0.044081
0.112605
0.285744
0.138861
0.980852
0.638567
0.147453
0.534474
0.376809
0.729603
0.250136
0.314236
0.186041
0.165588
0.210254
0.382889
0.154559
0.552102
0.506208
0.284031
0.492034
0.203130
0.125903
0.555762
0.206733
0.341681
0.457313
0.729401
0.434643
0.132530
0.665229
0.790730
0.185837
0.034337
0.128164
0.415417
1.072218
0.700783
0.564174
0.308410
1.180205
0.762501
1.330927
0.187601
2.133739
0.061477
1.260720
0.368922
0.076730
0.181098
0.153318
0.356250
0.590709
0.730997
1.212688
0.608271
0.381922
1.142526
0.646810
0.091716
0.292308
0.617336
0.144691
1.204464
0.212713
0.107901
0.790236
1.237356
1.894764
0.315194
1.462367
0.819144
0.055064
0.584324
0.590897
0.477066
0.059641
0.221243
1.821389
1.138437
0.807695
0.841879
0.245716
0.140431
0.324886
0.303420
0.964222
0.283828
0.104665
0.249741
0.115618
1.504822
1.898501
0.047292
0.690384
0.398473
0.803373
0.826949
0.369314
0.036672
0.951817
0.892424
0.126702
0.698400
0.259571
1.143288
0.171953
0.672642
0.407920
0.739918
0.898213
0.166641
0.292040
0.000794
0.177998
1.642813
1.894179
0.471655
1.111268
0.094614
0.690215
0.854168
0.178182
0.369304
0.278106
0.811401
0.621757
0.362756
0.523475
0.082739
0.089468
0.021863
0.220626
0.078211
0.024428
0.212220
0.416811
0.069374
0.403185
0.215139
0.400143
0.194072
0.115735
0.080250
0.308371
0.170447
0.316291
0.212522
0.104124
0.407980
0.854410
0.509096
0.325617
0.622573
0.156220
0.811009
0.107028
1.323490
0.130447
0.610643
0.346487
0.184944
0.045798
0.627017
1.100406
1.112180
0.440646
0.906926
1.083157
0.168764
0.252749
1.370250
1.156252
0.168291
0.590310
0.619250
0.299609
0.883417
0.653379
0.028248
0.450533
0.188161
0.168166
0.209812
0.593538
0.412341
0.372242
0.884404
1.564685
0.747659
0.493646
0.556357
0.604100
0.335642
0.111518
0.506539
0.131481
0.137807
0.706109
0.640560
0.328772
0.127908
0.091524
0.337130
0.014533
0.351417
0.013279
0.564550
0.179169
0.415801
0.323718
0.520875
0.721820
0.583808
0.538475
0.381317
0.377190
0.353337
0.157331
0.677138
0.060604
0.306080
0.886563
0.392399
0.248686
0.102527
0.723762
0.629696
0.390956
0.263955
0.205781
0.098099
0.403368
0.563245
0.074018
0.332476
0.282518
1.779769
1.622816
0.146122
1.151351
0.922588
0.620625
0.669263
0.158457
0.571794
1.365865
0.869274
0.167497
0.766262
0.783132
0.822908
0.151245
0.986048
0.127190
0.709536
0.385262
0.131801
0.196542
0.604898
2.125986
1.977347
0.024184
1.539305
1.125729
0.147338
0.066515
0.479835
1.048271
0.714323
0.323515
0.808803
0.376709
0.484820
0.381514
0.628094
0.450387
0.210117
0.310530
0.404316
0.528129
0.286623
0.835384
0.541716
0.854312
1.416296
0.166900
0.716959
0.310635
1.294029
1.112156
0.005570
0.318038
0.089673
0.488966
0.099938
0.161046
0.260012
0.496974
0.160915
0.214821
0.465940
0.677451
0.137828
0.259621
0.496879
0.333189
0.400327
0.242677
0.963459
0.265001
0.406071
0.093340
0.134267
0.390677
0.259790
0.441477
0.730876
0.709011
0.040008
1.002716
0.451337
0.456805
0.055683
0.190728
0.147130
0.246045
0.477794
0.202770
0.525721
0.049147
0.851266
1.455135
0.865491
0.178511
0.209709
0.028768
0.729588
0.511118
0.033784
1.142564
1.118368
0.797697
0.575690
0.423315
0.692487
0.564255
0.424986
0.016252
0.413169
0.569602
0.930694
0.332637
1.265332
0.028932
0.306857
2.523474
1.413046
1.112433
1.925970
0.722519
0.362702
0.259131
0.613150
0.080491
0.450900
1.704439
1.569809
0.427520
1.259592
0.085574
0.143619
0.760423
0.785533
0.088449
0.423766
0.163177
0.445133
0.705632
0.994722
1.684670
0.823273
0.661482
0.913342
0.584378
0.474360
0.519368
0.720313
0.710654
0.643654
0.887892
0.123249
0.721553
0.402791
0.470636
0.083662
0.349320
0.306566
0.349941
0.298013
0.136820
0.872856
0.201524
1.579088
1.859026
0.961990
0.109495
0.812333
0.771045
0.355228
0.897318
0.952157
0.397063
0.599529
0.224556
0.282745
0.101753
0.346191
0.295171
0.313476
0.236944
0.304927
0.187508
0.327590
0.419040
0.365193
0.472812
0.312217
0.262787
0.350636
0.110582
0.318543
0.553354
0.299142
0.553383
0.128136
0.024111
0.917082
1.061776
0.253686
0.280631
0.080653
0.111862
0.162825
0.045311
0.313740
0.334605
0.188828
0.327901
0.034486
0.453475
0.546410
0.431664
0.540091
1.120239
0.169975
1.096320
0.504930
0.351804
0.363086
0.077039
0.453301
1.460117
0.901512
0.495483
0.545582
0.001765
0.150185
0.668331
0.208789
0.346306
0.294483
0.513123
0.197362
0.072580
0.352433
1.198287
0.349595
0.174586
0.068279
0.508580
0.027929
0.260181
1.309034
0.670140
0.261462
0.907870
1.192155
0.896947
0.902785
0.058302
0.396197
0.050799
0.213439
0.497017
0.083239
0.224724
0.052377
0.138269
0.803605
1.779826
1.029939
0.072250
0.556660
0.984599
0.009553
0.600572
0.981990
1.666453
1.388129
0.751124
0.472856
0.926705
0.203880
0.130944
0.336982
0.267563
0.045854
0.728530
0.027405
0.572816
0.373425
0.426285
0.099169
0.958592
1.534766
0.136534
0.597248
0.080082
0.389032
0.475726
0.420164
0.794451
0.466706
0.578204
0.349333
0.018263
0.029656
0.491572
0.290167
0.038555
0.619441
0.177179
0.457082
0.177683
0.232559
0.157192
0.334925
0.828508
1.107994
0.633494
0.948457
0.756219
0.251085
0.415713
0.759661
0.445345
0.608002
0.583113
0.027137
0.026300
0.268446
0.456437
0.855476
0.046061
0.716177
0.251673
0.750180
0.060528
0.522287
0.114504
1.505666
1.633015
0.598328
0.345471
0.967648
0.614703
0.232936
0.070957
0.374964
0.889706
0.769573
0.765826
0.053492
0.734737
0.514876
0.115599
0.103545
0.246437
0.222052
0.284656
0.365545
0.314597
0.072253
0.678100
0.437682
0.167496
0.319434
0.425544
0.117502
0.550288
0.050828
0.030258
0.076661
0.722513
0.827651
0.102903
0.208668
0.563932
0.152420
1.136611
0.448346
0.219563
0.346322
0.490162
0.579410
0.330690
0.536584
0.654488
0.439292
0.940440
0.047759
0.344241
0.096442
0.055898
0.194390
0.168053
0.724151
0.206203
0.116537
0.943388
0.265681
0.486861
0.105205
0.257948
0.246663
0.001937
0.020548
0.398189
0.119986
0.566791
0.612714
0.964752
0.792898
1.636399
0.445300
0.168436
0.484384
1.385941
0.526370
1.426271
0.867615
0.146416
0.307164
0.957466
0.911368
0.052136
0.872178
0.207904
0.530814
0.266453
0.121776
0.638690
0.770038
0.750109
0.383047
0.024100
0.210021
0.405198
0.909450
0.174851
0.773335
0.108994
0.034420
0.192584
0.082643
0.199269
0.425816
1.658079
1.208239
0.806419
1.310801
0.259485
0.614389
0.235417
0.559785
0.349871
0.273156
0.083004
0.460805
0.378712
0.367273
0.856011
0.767841
0.590330
0.274829
1.164926
2.129223
1.080905
0.316674
0.015833
0.761400
0.474540
0.003009
0.786843
0.776503
0.175586
0.635664
1.078689
0.570121
0.612657
0.199068
0.419424
0.110350
0.488560
0.534784
1.086186
0.222620
0.564479
0.104929
0.242844
0.337408
0.261183
0.340968
0.067120
0.545955
0.729147
0.015365
0.726694
0.302397
0.267444
0.207408
0.541467
0.101012
0.392096
0.034417
0.060598
0.322099
0.110484
0.271942
0.158440
0.566933
0.487909
0.142209
0.465712
0.005964
0.002626
0.015095
0.219863
1.105168
0.850897
0.093077
0.464936
0.967228
0.149562
0.907310
0.524521
0.756639
0.503631
0.484537
0.035956
0.221862
0.046536
0.444003
0.866285
0.230371
0.557559
0.296708
0.359692
0.064336
0.465080
0.065388
0.029540
0.618583
0.673395
0.152652
0.794243
0.927462
0.044768
0.631325
0.506604
0.096681
0.560452
0.340778
0.217085
0.049343
0.071867
0.145739
0.478193
0.862109
0.552326
0.735343
1.014859
0.302243
1.125874
0.340839
0.278774
0.402823
0.760540
0.124312
0.533480
0.073352
0.091007
0.186900
0.373706
0.091135
0.117841
0.750818
0.000940
1.239705
0.274545
0.050207
1.011159
0.137523
0.546283
0.271599
0.139446
0.440803
0.177192
0.155531
0.387522
0.155161
1.078327
1.369823
0.443036
0.882093
0.465753
0.196820
0.362483
0.704493
0.003257
1.062837
0.054168
0.177448
0.736268
0.282102
0.244789
1.020848
0.286440
0.117563
0.079192
0.521819
0.403824
0.667422
1.165483
0.361052
0.672226
0.823296
0.127672
0.520996
0.742711
0.233391
0.359085
0.020918
1.025083
0.671015
0.507015
0.464199
0.481281
1.194636
1.736253
0.907917
1.123602
0.937832
0.423937
0.890139
0.744664
0.164528
0.286819
0.900901
1.386966
0.911823
0.213291
0.793439
0.466922
0.540620
0.440993
0.201602
0.059299
0.142854
0.096573
0.892284
0.348842
2.094031
1.834265
0.468193
0.829884
0.898763
0.103545
0.348192
1.161524
0.711230
0.422818
0.403397
0.648515
0.973919
0.118826
0.828483
0.407435
0.041092
1.873104
1.574101
2.461792
2.030557
0.186065
0.096534
0.539943
0.195580
0.308848
0.991900
0.796865
0.672578
0.149503
0.434036
0.781367
0.128554
0.044438
0.422721
0.487971
0.485698
0.212769
0.787456
0.053820
0.496509
0.067914
0.255819
0.302283
0.212507
0.301911
0.534737
0.015587
1.418014
2.250870
0.509472
0.928007
0.325862
0.401906
0.817987
0.393950
0.028103
0.074110
0.764437
1.106886
0.139719
0.274845
0.157506
0.352886
0.599724
0.122200
0.262951
0.008289
0.220890
1.141136
0.042744
1.108607
1.466871
3.134000
0.638871
1.764749
1.065685
0.254897
0.496466
0.306374
0.282257
0.193814
1.235270
1.274079
0.416250
0.228472
0.122803
0.238178
0.340129
1.005905
0.677009
0.137935
0.441219
0.229000
0.165148
0.295932
1.516312
2.012471
0.542463
1.080246
1.431990
0.208719
0.251702
0.075830
0.587008
1.067867
0.489838
1.070517
1.552174
0.177515
1.354715
1.342089
0.251379
0.078228
1.031048
0.017210
0.313825
0.490726
0.394729
0.490592
1.019243
1.768194
0.520336
0.655784
0.231827
0.687326
0.134268
1.142762
1.243464
0.687484
0.731554
0.952113
0.122270
0.133774
0.043454
0.884858
0.053941
0.262198
0.649439
0.002154
0.341250
0.230175
0.162471
0.041944
0.790494
0.724454
0.491701
0.788792
0.563101
0.970248
0.407573
0.082665
0.301530
1.105196
0.510764
0.139862
0.176029
0.482381
0.121459
0.306491
0.132925
0.515543
0.326078
0.284732
0.226313
0.455650
0.196497
0.426720
0.360541
0.532255
0.399095
0.037188
0.192778
0.899446
0.186625
0.741734
0.230971
0.627124
0.520818
0.211786
0.199091
0.032948
0.396834
0.889917
0.052554
0.928664
0.364167
0.297450
0.297090
0.450782
0.078885
0.887881
1.737358
2.902497
0.497732
1.623612
0.472329
0.417427
0.399081
0.067252
0.315163
0.166576
0.923227
1.005618
0.984207
0.510823
0.319429
0.740414
0.582391
0.355421
0.073561
0.158822
0.258072
0.054381
0.857353
0.566054
0.750478
2.787052
1.396533
1.936920
2.179470
0.465139
0.405852
0.141072
0.114014
0.538539
1.084964
0.885029
0.956587
0.628353
0.222454
1.207399
1.082735
0.519078
0.553047
1.036016
0.608975
0.712852
0.210859
0.330057
1.295507
2.016190
1.105346
0.526811
1.055299
0.931858
0.883503
0.611475
0.076590
0.377239
0.912670
1.173881
0.625544
0.657299
0.722939
0.215286
0.499827
0.757101
0.229707
0.319917
0.071008
0.167768
0.289655
0.151199
0.300651
0.949113
0.740422
0.174094
0.344646
0.042631
0.501170
0.711041
0.417840
0.157130
0.894841
1.190363
0.147781
0.256880
0.169234
0.449193
0.403138
0.154954
0.262397
0.773768
0.070384
0.481391
0.132395
0.274361
0.135647
0.562248
0.391820
0.244905
0.297217
0.680658
0.063530
0.556606
0.548523
0.471534
0.747071
1.351524
0.760494
0.553041
0.497416
0.058392
0.318676
0.273894
0.150409
0.668251
0.217117
0.807306
0.237969
0.779147
0.388921
0.243051
0.026972
0.174450
0.417675
0.453248
0.033829
0.040284
0.184194
0.132054
1.288832
2.079913
0.680613
1.139030
0.599105
0.510130
0.212202
0.369758
0.088239
0.136288
0.168208
0.441367
0.241689
0.122704
0.708112
0.759321
0.877971
0.603588
0.554437
0.550521
0.130612
0.415250
0.801468
1.128142
0.986709
0.097156
0.000592
0.034492
0.290803
0.399487
0.427117
0.058264
0.324957
0.639078
0.344689
0.550970
0.184855
0.345770
0.710345
1.630190
0.631500
0.264187
0.549613
0.265828
0.815930
0.966368
0.995382
0.523672
0.512313
0.807403
0.041934
0.463220
0.494978
0.611330
0.411666
0.037719
0.574761
0.033691
0.894240
0.431738
0.247039
0.219966
0.046887
0.039785
0.034517
0.138608
0.514414
0.446282
0.628444
0.544997
0.055402
0.345924
0.161537
0.507951
0.118361
0.714336
0.314112
0.457878
0.404811
0.023721
0.308940
0.041262
0.018825
0.280413
0.180546
0.296151
0.083352
0.142648
0.028037
0.377757
0.270319
0.931296
0.104947
0.079387
0.206164
0.370353
0.502464
0.095851
0.052390
0.314626
0.161791
0.345556
0.198936
0.362740
0.328856
0.416764
0.154770
0.137012
0.195636
0.155745
0.411950
0.591187
0.089194
0.066924
0.289899
0.063122
0.358517
0.930795
1.340945
0.721375
1.059345
0.177833
0.665300
0.305233
0.132833
0.128685
0.185796
0.313547
0.089552
0.108416
0.365464
0.140535
0.230111
0.348811
0.385345
0.505618
0.276232
0.335421
0.001455
0.602463
0.173539
0.455207
0.286133
0.836152
1.031801
0.813208
0.101165
0.245282
0.276221
0.175692
1.053184
0.579027
0.335950
0.326859
0.017314
0.286726
0.005477
0.721291
0.997910
1.859850
0.771710
1.285656
0.507760
0.039827
0.412129
0.284979
0.324547
0.601304
0.659168
0.955401
0.724352
0.074588
0.113658
0.699886
0.798378
0.132313
0.524221
0.004598
0.546332
0.078906
0.237357
0.419098
0.800326
1.490233
0.987804
0.453340
1.091515
0.588494
0.369558
0.230386
0.125614
0.271409
1.281236
1.363579
0.317768
0.074847
0.318748
0.589112
0.481605
0.039038
0.048741
0.655944
0.102411
0.088229
0.569001
0.192100
1.156448
2.431888
0.280278
1.280905
1.029304
0.267847
0.138534
0.461189
0.671217
0.679269
1.162340
0.626770
0.027455
0.435636
0.784696
0.024023
0.405034
0.177398
0.623594
0.481211
0.252093
0.440756
0.483618
0.447183
0.699435
0.770207
0.725423
0.384868
0.338235
0.989444
0.768205
0.687546
1.866010
1.045138
0.110771
0.269424
0.085023
0.156099
0.236028
0.355281
0.611850
0.553855
0.427077
0.265653
0.502542
0.117860
0.376526
0.170544
0.122633
0.221656
0.150819
0.629283
1.079837
0.146079
0.374269
0.385936
0.355328
0.932041
0.683770
0.598800
0.653176
0.655279
0.130358
0.657522
0.867660
0.665241
0.117959
0.615329
0.070033
0.546789
0.132968
0.071560
0.594368
1.120999
0.571718
0.304605
0.750818
0.579132
0.447345
0.769087
0.446994
0.626728
0.660523
0.900679
1.161236
0.343301
0.349865
0.174159
0.304996
0.188023
0.080993
0.461097
0.215872
0.175712
0.390484
0.357430
0.109737
0.261108
0.263170
0.162233
0.112228
0.195838
0.220537
0.340718
0.329191
0.345908
0.449539
0.854437
0.769559
0.486003
0.528027
0.298195
0.412082
0.452828
0.176230
0.100488
0.088687
0.138780
0.151643
0.442039
1.027741
1.057913
0.086089
0.174594
0.359762
0.003250
0.124269
1.100988
0.520726
0.297589
0.701320
0.329969
0.295029
0.143296
0.135608
0.047584
0.774782
0.734530
0.295700
0.184024
0.271124
0.117246
0.296619
0.205289
0.701182
1.149783
1.488519
0.013137
0.811739
0.704925
0.666147
0.101264
0.464010
0.957918
0.299550
0.284970
0.266368
0.605578
0.168650
0.730347
0.253973
0.181697
0.132491
0.092869
0.103124
0.736678
0.201686
0.597448
0.096824
0.652306
0.461448
0.410643
0.397321
0.126182
0.801332
0.847572
0.601496
0.722351
0.166618
0.520437
0.026895
0.759649
0.290694
0.609767
0.086964
0.270810
0.521790
0.332428
0.169114
0.228209
0.182456
0.345295
0.662470
0.761954
0.417329
0.086563
0.035348
0.185867
0.030153
0.056585
1.153730
0.641564
0.150515
0.597652
0.581894
0.407151
0.154497
1.016481
0.358176
0.804893
0.337736
0.919614
0.218818
0.443562
0.325590
0.671037
0.491644
0.095611
0.150730
0.028734
0.211008
0.175745
0.109080
0.210506
0.270805
0.153612
0.334585
0.048727
0.685347
0.556844
0.038577
0.448391
0.124897
0.189920
0.685876
0.594195
0.302222
0.304610
0.096315
0.053661
1.308120
2.866193
0.912121
1.698843
1.351564
0.279498
0.209730
0.254134
0.210612
0.510794
0.991732
0.593123
0.701843
0.647589
0.616235
0.543107
0.221616
0.051765
0.727026
0.870614
0.225935
0.139337
0.193732
0.333386
0.428605
2.120676
2.443790
0.408734
1.487644
0.512704
1.151779
0.821023
0.042574
0.486466
0.288164
0.467385
0.904251
0.363273
0.596607
0.610480
0.183828
0.481614
0.622164
0.098584
0.279654
0.556201
0.180485
0.736518
0.421950
1.655254
1.350717
0.603714
1.219299
0.240578
0.496004
1.038837
0.417989
0.238934
0.958786
0.990825
0.303915
0.589927
0.185037
0.305486
0.197796
0.146432
0.592583
0.470545
0.208678
0.376075
0.070936
0.432731
0.045883
0.630799
0.116881
0.192470
0.727751
0.234783
0.121556
0.180832
0.675374
0.320426
0.124593
1.522699
1.438195
0.626141
0.750687
0.129902
0.264590
0.010329
0.189423
0.200184
0.480574
0.058836
0.251832
0.527620
0.492732
0.111337
0.330491
0.517238
0.769048
0.280903
1.139485
1.428173
0.000862
0.534560
0.940526
1.264725
0.298049
0.253896
0.752380
0.980170
0.641029
0.739368
0.692985
0.465506
0.198492
0.174666
0.119172
0.539456
0.373448
0.756244
0.098028
0.206280
0.381201
0.424059
0.257028
0.574205
0.388320
0.509720
1.180681
0.564148
0.408019
0.322874
0.808230
0.349425
0.104891
0.354217
0.034708
0.232646
0.227985
0.016874
0.469514
0.211601
0.364868
0.277479
0.255845
0.545373
0.031816
0.018233
0.175493
0.996872
0.083616
1.295318
0.064958
0.181772
0.291945
0.394642
0.002789
0.472845
0.195165
0.382211
0.635675
0.047090
0.115889
0.147541
0.691918
0.132507
0.421995
0.217111
0.670791
1.011197
0.805636
1.503923
0.545826
0.636863
1.692128
0.142923
0.987557
0.126301
0.398855
0.170131
0.272580
0.232755
0.066642
0.189373
0.115736
0.123386
0.210283
0.257987
0.272009
0.067270
0.014692
1.191502
0.509428
0.671302
0.149897
0.441416
0.427754
0.804122
0.363630
0.201741
0.307416
0.546773
0.243129
0.518416
0.083046
0.541596
0.487107
0.071508
0.121980
0.180229
0.006843
0.165899
0.244987
0.263266
1.571875
1.599434
0.109527
0.736910
0.454753
0.675805
0.837193
0.109594
0.012402
0.798310
0.764588
0.787172
0.725388
0.196582
0.495205
0.439172
0.519704
0.021561
0.145516
0.098467
0.532065
0.793276
0.265059
0.288939
1.199461
1.801141
1.064400
0.455562
1.208923
0.812559
0.085552
0.132435
0.804356
1.210744
1.006857
0.811738
0.188589
0.120591
0.490322
0.793538
0.452329
0.185297
0.047157
0.337138
0.079131
0.439512
0.096093
0.021558
1.660422
2.531800
0.300992
0.664854
0.635844
1.269268
0.783592
0.012879
0.525077
1.267765
0.378516
0.327108
0.770909
0.029413
0.467901
0.595119
0.824814
0.432544
0.376745
0.223899
0.219727
0.289328
0.354772
1.083638
1.427491
1.797958
1.342886
0.683268
1.712623
1.458985
0.423173
0.572538
0.256777
1.234942
1.060997
0.739973
0.453693
0.099886
0.358692
0.679598
0.587744
0.606744
0.000376
0.932501
0.161732
0.313485
0.663422
0.335731
1.364622
2.427555
0.523809
0.582664
1.025641
0.714838
0.167492
0.976947
0.863905
0.550419
1.073793
0.731099
0.564871
0.268854
1.568315
0.305868
0.754709
0.545360
0.569780
0.642224
0.222200
0.676729
0.150375
0.315677
0.416920
1.110167
1.501363
0.277504
0.961229
0.371735
0.200312
1.319650
1.411246
0.406608
0.104158
0.568408
0.542029
0.242990
0.506609
0.114271
0.269335
0.233219
0.228268
0.541335
0.038928
0.661521
0.457659
0.463461
1.559111
1.158524
0.512998
0.237560
1.068552
0.201670
0.406416
0.674125
1.140554
0.718351
0.679831
0.709473
0.314525
0.544232
0.779570
0.052112
0.256156
0.144687
0.460030
1.037343
0.177758
0.298579
0.133467
0.113446
0.351228
0.096564
0.497684
0.937185
0.825241
0.040494
0.289030
0.033175
0.073228
1.300860
1.548504
0.415237
0.978330
0.089089
1.367640
0.498843
0.175809
0.440604
0.652022
0.532483
0.520059
0.255971
0.363653
0.000731
0.044220
0.066443
0.194998
0.293588
0.221518
0.626054
0.496230
1.285597
1.516960
0.037734
0.308418
0.336163
0.141458
0.160885
0.134879
0.240254
0.158368
0.334057
0.319465
0.101360
0.293415
0.438238
0.466675
0.231693
0.489988
0.155511
0.478663
0.340226
0.026718
0.417718
0.508816
0.363532
0.619868
0.627759
0.329720
0.616825
0.991856
0.136374
0.390053
0.050040
0.577755
0.078914
0.838447
0.238931
1.461015
0.168039
0.715033
0.192461
0.654660
1.470253
0.223082
0.729726
0.191222
0.045574
0.959762
0.479678
0.017900
0.126349
0.432500
0.570521
0.072343
0.309792
0.090681
0.664785
0.116093
0.166190
0.128959
0.299819
0.313994
0.104388
0.037854
0.195063
0.245030
0.480669
1.228156
0.752100
0.837327
0.772940
0.113284
0.328062
0.366273
0.227606
0.731149
0.575901
0.600833
0.091935
0.475546
0.091976
0.417653
0.423646
0.038519
0.453075
0.092587
0.200012
0.210502
0.711450
0.122505
0.418304
0.960816
1.076903
0.182187
0.472293
0.090701
0.224728
1.042615
0.744535
0.945519
1.008678
0.303691
0.897958
0.078913
0.368272
0.818237
0.835013
0.824817
0.721018
0.543769
0.313252
0.110882
0.030055
0.769614
1.819918
0.926841
0.229690
0.297747
0.340381
0.718862
0.279347
0.047072
1.230170
2.129822
0.650640
0.887439
0.271424
0.349523
0.347874
0.488663
0.205402
0.539858
0.735906
0.301373
0.119807
0.122565
0.407047
0.576239
1.495858
1.219574
0.582437
0.492452
0.537250
0.528047
1.106365
0.567874
0.649075
0.744871
0.780434
0.580700
0.586213
0.459148
0.108042
0.197787
0.235220
0.721575
0.238561
0.646563
0.203158
0.542596
0.158231
0.988089
2.237664
0.628197
0.449329
0.598318
1.354755
0.825910
0.146711
0.227185
1.177067
0.892855
0.255236
0.103627
0.322663
0.309546
0.126742
0.352109
0.181862
0.386554
0.212751
0.983503
0.210746
0.720516
0.157571
1.104038
1.175239
0.047036
0.419745
0.689985
0.456294
0.817973
0.602164
0.367314
0.719348
0.961477
0.677016
0.382606
0.210655
0.869830
0.602272
0.380176
0.085382
0.256167
0.079836
0.545723
0.357751
0.162315
0.038984
0.224860
0.547457
0.659896
0.579062
0.228250
0.819193
0.513730
0.319388
0.264146
0.995293
1.492100
0.332751
0.592392
0.206487
0.279389
0.186753
0.491107
0.676012
0.946299
0.163270
0.208490
0.052336
0.097926
0.367098
0.773224
0.540906
0.196473
1.098929
0.800481
0.997407
1.143509
0.439857
0.384187
0.647611
0.961924
0.518484
0.147269
0.158546
0.272919
0.998266
0.043049
0.436086
0.121221
0.190722
0.332413
0.394015
0.265275
0.702958
0.718337
1.085710
0.704638
0.319479
0.234229
0.669502
0.816767
0.576129
1.047689
0.871757
0.143915
0.009682
0.311266
0.439262
0.313874
0.743243
0.161154
0.321097
0.525848
0.265106
0.223510
0.671089
0.211086
0.983150
0.499478
1.261472
1.473241
0.470553
0.200120
0.347241
0.775964
0.580106
0.106663
0.706109
1.430843
0.472835
0.034640
0.108887
0.419224
0.598069
0.190004
0.187303
0.154321
0.276295
0.419787
0.214467
0.023204
0.479319
0.151269
0.391128
1.356429
0.206663
0.701968
0.343956
0.456495
0.467030
0.206864
0.300907
0.740476
0.766916
0.538972
0.987391
0.059658
0.336013
0.241227
0.199407
0.004965
0.715330
0.341798
0.295914
0.027617
0.010693
0.348438
0.488079
0.222963
0.197212
0.125122
0.628912
1.049403
0.118391
1.042464
0.133203
0.735609
0.512591
0.099447
0.163181
0.427034
0.397780
0.004605
0.123816
0.038373
0.304962
0.000629
0.551075
0.420261
0.121426
0.848804
0.632471
0.185353
0.231193
0.043123
0.817271
0.281965
0.235874
0.134447
0.235496
0.269514
0.139347
0.051982
0.022100
0.018001
0.290435
0.304061
0.503378
0.432530
0.430514
0.002651
0.801476
0.178046
0.581900
0.168682
0.387066
0.795084
0.082131
0.035331
0.391173
0.197439
0.309807
1.277407
0.900229
0.005280
0.529380
0.486497
0.224187
0.067192
0.729943
0.421515
0.771319
0.028156
0.295432
0.145295
0.503618
0.560923
0.033655
0.000577
0.177000
0.123090
0.709624
0.529722
0.123430
0.015843
0.209005
0.502151
0.711021
0.348154
0.677460
1.017326
0.027276
0.633539
0.085185
0.190406
0.441791
0.170602
0.045375
0.348316
0.275658
0.066899
0.012627
1.008742
1.662915
0.943691
0.741551
0.007625
0.897695
0.900060
1.123726
1.079100
0.567750
0.026369
0.377632
0.475024
0.361912
0.233749
0.245477
0.146750
0.214605
0.302750
0.694769
0.201373
0.690790
0.572269
0.077114
0.728343
0.634399
1.260035
0.428318
0.594307
0.016686
0.293519
0.868112
0.551899
0.583798
0.535330
0.333945
0.317539
0.202767
0.564358
0.522218
0.282131
0.151380
0.084274
0.266627
0.055972
0.264862
0.260215
0.386584
0.399894
0.576517
1.034863
1.241883
0.135625
1.598299
0.563875
0.403483
0.151831
0.867376
0.608979
0.391886
0.393197
0.279068
0.445816
0.254662
1.181552
0.497699
0.285294
0.640488
0.210682
0.943782
0.896310
0.036754
0.236427
2.170409
1.593756
1.287152
0.843347
0.014067
0.672178
0.170351
0.877883
0.681261
1.450771
1.379265
0.860422
0.293918
0.765371
1.506519
0.456401
0.829027
0.155098
0.577723
0.303128
0.663826
0.496387
0.893553
0.892343
1.608765
1.328797
0.882929
1.404506
0.691986
0.151492
0.072855
0.353722
0.201844
1.444069
1.005448
0.594904
0.522043
0.493818
1.061179
0.578924
0.101803
0.075842
0.232529
0.314246
0.029314
0.502793
0.329424
0.736916
2.603140
1.604146
0.225997
1.131636
1.459765
0.769686
0.180854
0.401011
0.346310
0.735941
1.061564
0.108894
0.359105
0.089735
0.424745
0.190474
0.228792
0.861174
0.464081
0.088584
0.180954
0.072440
0.130876
1.320121
1.228737
1.020168
0.181138
1.422690
1.034512
0.334366
0.042217
0.217647
0.857241
0.422307
0.367911
0.433203
0.643999
0.153008
0.960379
1.176566
0.701165
0.767612
0.722109
0.893384
0.478813
0.357971
0.346770
0.431248
0.706469
0.359686
0.238982
0.148437
0.126956
0.610869
0.026497
0.502030
0.696458
0.832070
0.603170
0.877124
0.078598
0.194772
0.365816
0.477360
0.757477
0.497799
0.426754
0.046581
0.044039
0.224525
0.127166
0.036814
0.184554
0.351297
0.155180
0.096512
0.593274
0.346843
0.550847
0.571794
0.966240
0.982192
0.511622
0.558378
0.378464
0.850752
0.159230
0.335882
0.273510
0.593080
0.069277
0.500027
0.212682
0.593912
0.403868
0.373603
1.384926
0.978663
0.316377
0.793274
0.246793
0.121874
0.304729
0.053497
0.538590
1.640474
1.048028
0.215397
0.566129
0.313227
0.120839
0.826388
0.451215
0.196879
0.610994
0.228912
0.006470
0.025880
0.397389
1.496579
2.081791
1.130268
0.545244
1.752377
1.533222
0.152722
0.313213
0.748702
0.493964
0.082525
0.786734
0.943452
0.861246
0.045289
0.868720
0.436664
0.589588
0.900179
0.105640
0.239318
0.422134
1.045226
0.906768
1.705895
3.372959
1.038266
1.692491
1.301410
0.683044
0.446130
0.282444
0.327035
0.590917
0.913638
0.410110
0.434599
0.583964
0.380633
0.755102
0.339518
0.459037
0.015829
0.741187
0.210291
1.032990
0.345752
0.350123
0.850867
1.950933
0.627956
0.367806
0.267321
0.711184
1.403533
0.703587
0.056264
0.369228
0.116899
0.270585
0.528383
0.579841
0.216481
1.450447
0.652479
0.293556
0.021669
0.108079
0.138864
0.356537
0.185700
0.446394
0.168521
1.676098
1.305798
0.080850
0.239222
0.316122
1.258386
0.964708
0.592274
0.050748
0.701906
0.842122
1.329198
0.233232
0.619978
0.196848
0.297367
0.499331
0.017760
0.062407
0.344643
0.574158
0.167618
0.277249
1.457214
2.837576
0.191757
2.263502
0.781046
0.344448
0.317271
0.630520
0.666466
0.470641
0.649026
0.489845
0.447738
0.274015
0.712703
0.530799
0.278819
0.350940
0.338073
0.042769
0.310753
0.177012
0.608861
0.541687
0.402568
1.557552
0.869087
0.422956
0.503939
0.333397
0.827978
0.828970
0.682166
0.829196
0.268907
0.003843
0.097113
0.229900
0.185048
0.561040
0.053420
0.172699
0.507612
0.150308
0.145634
0.766814
0.506929
0.408712
0.234676
0.086061
0.003507
0.492841
0.856486
0.545697
0.019408
0.633207
0.830997
0.589244
0.328255
0.853468
0.884057
0.534589
0.812659
0.065213
0.226478
0.121859
1.279388
0.579951
0.964328
0.206138
0.380311
0.198612
0.018337
0.519795
0.270468
0.100711
0.123024
0.453049
0.479045
0.378033
0.511917
0.353994
0.769196
0.537690
0.075058
0.037014
0.096520
0.111160
0.292108
0.075698
0.049656
0.298013
0.402786
0.353032
0.942896
0.584885
0.580415
0.492258
0.535397
0.170896
0.832524
0.220209
0.530143
0.119639
0.163128
0.204073
0.757620
1.270830
0.877387
0.177852
0.856213
0.460056
0.229109
0.370424
0.214569
0.306950
0.763807
0.272482
0.383664
0.119819
0.077997
0.478505
0.552156
0.184561
0.256646
0.203205
0.372940
0.289796
0.232661
0.300175
0.410152
0.296411
0.393279
0.951929
0.126448
1.309232
1.067568
0.382520
0.337852
0.594958
0.172537
0.448736
0.198313
0.066539
0.056194
0.127898
0.341971
0.514885
0.210208
0.416488
0.019061
0.308129
0.391412
0.700170
0.331836
0.182529
0.279516
0.145736
0.300788
0.311020
0.203073
0.259605
0.483989
0.032589
0.947323
0.517589
0.909303
0.771267
0.843101
0.946068
0.073803
0.004541
0.099914
0.594158
0.208243
1.318486
0.036609
0.049451
0.628411
0.102592
0.393432
0.223145
0.124928
0.002412
0.088358
0.199124
0.191815
0.015611
0.012304
0.157527
0.510026
0.513492
0.519968
0.481420
0.296070
0.169515
0.640094
0.580071
0.146928
0.237123
0.099543
1.004290
0.438796
0.115599
0.057251
0.243025
0.360991
0.703715
0.792853
0.433765
0.097002
0.196825
0.511701
0.007476
0.537753
0.065350
0.234177
1.535317
0.710763
0.672642
0.169951
0.365949
0.203542
1.034214
0.291148
0.273074
0.797364
0.902675
0.079415
0.474971
0.420774
0.817869
0.647855
0.033999
0.049867
0.026364
0.274516
0.260333
0.434465
0.430880
1.276600
1.247382
1.004051
0.413910
0.914871
0.360438
0.197588
0.579082
1.239507
0.964888
0.048959
0.085001
0.636296
0.078081
0.940869
0.002243
0.152354
0.349303
0.016762
0.022684
0.600511
0.350477
0.072879
0.036291
0.025925
0.247546
0.533931
0.104382
0.473694
0.056572
0.038640
0.146208
0.001765
0.068079
0.643317
1.294221
0.756755
0.602030
0.761440
0.316436
0.214179
0.512384
0.412547
0.034002
0.562730
0.136851
1.037695
0.032326
1.765597
1.150692
0.510141
0.610364
0.205484
0.303316
0.267869
0.681966
0.874455
0.775892
0.569868
0.110249
0.338813
0.096005
0.120953
0.378826
0.834770
0.204087
0.020294
0.322828
0.308788
0.326065
0.191766
0.232616
0.085165
0.097751
0.727210
0.029108
0.655572
0.627755
0.418156
0.572235
0.541616
0.413156
0.255690
0.063900
0.701184
0.523402
0.354205
0.636557
0.102913
0.779947
0.278681
0.002807
0.060119
0.598646
0.795797
0.056506
0.737850
0.971409
0.683006
0.078152
1.134795
1.459350
0.706324
1.581233
0.100575
1.203716
1.004675
0.730437
0.605477
0.522433
0.026766
0.653266
0.504634
0.844371
0.444885
0.231209
0.162762
0.090264
0.240560
0.056473
0.643152
1.938461
0.530953
1.165453
0.482287
0.401191
0.196287
0.735290
0.783473
0.268457
0.613132
0.944030
0.048400
0.671871
0.320555
0.229374
0.793368
0.004247
0.098311
0.477131
0.097834
0.252427
0.541461
1.039713
0.634987
0.663798
0.344047
0.416032
0.432093
0.502685
0.103455
0.100065
0.590431
0.349528
0.334126
0.966156
1.115977
0.101169
0.556236
0.378350
0.172559
0.720271
0.464828
0.847803
0.057115
1.111054
0.369356
0.602857
0.894981
3.041798
0.859309
1.959619
1.160682
0.513003
0.439262
0.545376
0.459423
0.813440
1.495208
1.197021
0.795375
0.339461
0.524526
1.187423
0.893784
0.401432
0.328237
1.835015
0.692536
0.849180
0.896612
0.525247
0.431219
0.148357
0.736370
0.562221
0.302408
0.607651
0.215964
0.306697
0.423533
0.375099
0.966666
1.265288
1.129702
0.301523
1.452994
0.684703
0.058226
0.094823
0.517940
0.331036
0.483949
0.117578
0.322778
0.222445
1.343973
3.010382
1.049125
2.172463
1.482405
0.069421
0.573931
0.681918
0.502508
0.012339
0.261851
1.464333
0.813389
0.439499
0.849176
0.288944
0.378060
0.121335
0.302227
0.209734
0.559228
0.086553
0.282556
0.230305
1.361181
2.231502
0.880310
0.592175
0.990827
1.383483
0.722982
0.066957
0.207117
0.074028
0.729217
1.275938
0.460476
0.138574
0.224375
1.218741
0.557308
0.440926
0.040377
0.303179
0.046007
0.134025
0.040356
0.570718
1.229033
1.364768
0.945950
0.111123
0.776512
1.437414
1.182854
0.243717
0.245181
0.608962
0.662777
0.841153
1.016906
0.158073
0.964610
0.350920
0.283160
0.141392
0.198377
0.059605
0.052362
0.018297
0.635033
0.570029
1.074420
2.122545
1.006517
0.696228
1.201359
0.876913
0.952467
1.095405
0.260554
0.111933
0.843395
0.883934
0.291176
0.868528
0.823053
0.033009
0.078119
0.030971
0.330222
0.528407
0.296679
0.069139
0.357249
0.122392
1.198664
0.775542
0.373847
0.071711
0.167195
0.780848
0.838839
0.050438
0.320099
0.494550
0.070844
0.000650
0.028632
0.160191
0.026065
0.083857
0.268026
0.516368
0.071251
0.611250
0.971246
0.291866
0.356876
0.493619
0.370690
0.554078
0.332224
0.210567
0.321674
0.463312
0.635206
0.268111
0.141691
0.155093
0.890055
0.625874
0.148464
0.256050
0.969855
0.168081
0.706777
0.546914
0.457424
0.508847
0.909093
0.257459
1.195732
0.113344
1.075137
2.174260
0.248250
0.965886
0.500767
1.003509
0.084299
0.590974
0.987723
0.760791
0.282989
0.553987
0.511322
0.118676
1.076655
0.050535
1.377137
0.535188
0.010114
0.648341
0.086278
1.156864
0.521379
0.133719
0.922158
1.679127
0.677143
0.610037
1.050355
0.700124
0.606938
0.380316
0.226759
0.342781
0.700598
2.131166
0.959706
1.050691
0.717764
0.162080
0.127170
0.264113
0.488710
0.024940
0.084839
0.587970
0.662033
0.168801
0.445914
1.994372
0.905462
0.682833
0.697387
0.515354
1.418338
0.932111
0.854411
0.179538
0.735312
0.371463
0.933127
0.028664
0.493093
0.223830
0.204640
0.178425
0.353249
0.221666
0.290979
1.023181
0.330097
0.731719
0.793574
1.653444
1.331579
0.633834
1.045262
1.503380
0.332521
0.261892
0.933751
0.963405
0.269205
0.475983
0.826136
0.271320
1.404379
1.070046
0.086420
0.943143
0.724501
0.472566
0.744607
0.295067
0.450345
0.154715
0.350615
1.676728
0.921173
0.150008
0.790104
1.522466
0.524915
0.020691
0.456322
0.161465
0.254369
0.911716
0.342121
0.441186
0.932536
0.476830
0.825311
0.518175
0.485204
0.242206
0.254436
0.423879
0.334226
0.136116
0.525924
0.700950
0.908761
0.042764
0.509744
0.343524
0.461771
0.320247
0.159479
0.923410
1.025347
0.323269
0.050964
0.134279
0.397898
0.470283
0.413803
0.237359
0.729151
0.174025
0.243181
0.517324
0.196928
0.265089
0.042359
0.597315
0.893029
0.468924
0.459764
0.191128
0.045651
0.724914
0.422526
0.776062
1.057072
0.015385
0.102290
0.043763
0.361340
0.205198
0.244412
0.819043
0.670133
0.698060
0.521752
0.477554
0.244448
0.271439
1.042236
1.330288
0.789551
0.190020
0.081980
0.673471
0.665233
0.003077
1.431432
2.226118
0.440700
0.224332
0.248504
0.309849
0.508429
0.094474
0.121461
0.382800
0.194606
0.345906
0.359465
0.637215
0.852674
0.140880
0.732978
1.748763
0.061893
1.541722
0.287078
1.192637
0.272737
0.564422
0.817130
1.052202
0.700419
0.873874
0.961303
0.283469
0.904494
0.258340
0.573256
0.685842
0.032355
0.431646
0.034537
0.651761
0.374201
0.293232
0.216623
0.289597
0.448164
0.226875
0.068339
0.004816
0.122898
0.384025
0.413060
0.001767
1.075816
1.205175
0.140745
0.344687
0.646294
0.457635
0.857907
0.276698
0.721231
0.045426
0.373340
0.526416
0.917494
0.492273
0.204719
0.330731
0.144633
0.462275
0.341236
0.114853
0.314209
0.560018
0.039846
0.384650
1.452510
0.962313
0.357779
0.546144
0.432474
0.147432
0.468574
0.132116
0.243023
0.100540
0.220962
0.252273
0.031959
0.071891
1.031758
1.012540
0.506034
0.087260
0.971109
0.387260
0.311571
0.111664
0.545794
0.766239
0.880590
0.732771
0.040947
0.694345
0.283079
0.407491
0.430592
0.287069
0.650702
0.411179
0.166584
0.331831
0.857581
0.708858
0.647880
1.504722
1.087045
0.640433
1.645073
0.926483
0.032293
0.262558
0.182230
0.181477
0.948556
1.118421
0.038397
0.445437
0.659006
0.480827
0.897955
0.639044
0.123586
0.108503
0.197435
0.026612
0.255283
0.779640
2.471144
1.686022
0.431690
1.452803
1.137732
0.361248
0.283816
0.037189
0.103073
0.015890
0.412127
1.540628
1.408300
0.127113
0.415474
0.238148
0.474396
0.901456
0.478372
0.257525
0.200469
0.675171
0.122435
0.665907
1.245158
2.253794
0.898932
1.029862
0.652756
0.813478
1.254246
0.465954
0.163399
0.139999
1.150835
1.068268
0.146394
0.017398
0.256614
0.859780
0.289177
0.182840
0.126166
0.090519
0.090320
0.049816
0.294848
0.549616
1.597949
1.263199
0.258507
0.544165
0.396702
1.586603
1.133069
0.256517
0.083129
0.539379
0.768883
0.868918
0.574946
0.248916
0.922493
0.386142
0.241724
0.310388
0.076975
0.238522
0.386600
0.456785
0.317526
0.136226
1.195482
1.813412
0.608820
0.462720
0.735144
0.860643
0.659457
0.213905
0.319756
0.672008
0.877327
1.023745
0.709184
0.528959
0.769757
0.408530
0.356803
0.004014
0.003011
0.369196
0.040291
0.667000
0.085640
0.488019
2.351049
1.547306
1.055680
0.809142
0.326895
0.542272
0.712880
0.116536
0.523247
0.615625
0.513614
1.055702
0.724082
0.087572
0.834536
1.075379
0.027252
0.359644
0.069022
0.266049
0.231407
0.674193
0.188292
0.118061
1.075560
1.605979
0.055552
0.861724
0.102025
0.010409
0.433382
0.996406
0.849771
0.186819
0.461886
0.385680
0.033535
0.083335
0.190722
0.177102
0.083282
0.694790
0.796865
0.384042
0.251057
0.369721
0.077069
0.427169
1.038727
2.315968
0.634846
0.574015
0.782920
0.779455
0.281620
0.143364
1.006441
0.698439
0.717650
1.148820
0.410507
0.452023
0.345546
0.259870
0.321618
0.295998
0.262649
0.165373
0.286252
0.002037
0.350521
0.166556
0.670358
1.858491
1.153839
0.755437
0.728922
0.294622
0.178668
0.396369
1.297679
1.090691
0.112075
0.134689
0.397407
0.278905
0.209632
0.394566
0.030971
0.425691
0.659389
0.658794
0.245806
0.384818
0.183769
0.466981
0.917004
0.821051
1.041225
0.311807
0.496592
0.545261
0.466362
0.435859
0.873637
0.634919
0.566955
0.454687
0.255835
0.058937
0.286600
0.538596
0.554620
0.199657
0.052929
0.069445
0.275795
0.323228
0.671014
0.509664
0.142930
0.961254
0.792691
0.089111
0.115547
0.082085
0.113756
0.675130
1.566824
1.450149
0.230078
0.553361
0.157244
0.245889
0.197502
0.559391
0.043788
0.097850
0.363599
0.217368
0.464147
0.060069
0.283222
0.218943
0.130621
0.954909
0.067439
0.416865
0.190698
0.313828
0.091706
0.037350
0.420652
0.126185
0.284428
0.248263
0.068566
0.564490
0.090530
0.772245
0.601628
0.233951
0.658669
0.365091
0.089507
0.180116
0.566679
0.055616
0.117076
0.602509
0.055016
1.592384
0.629573
1.076446
0.450605
0.544937
0.413656
1.189758
0.447141
0.268509
0.003841
0.146544
0.419849
0.028458
0.555602
0.115916
0.692150
0.008314
0.130734
0.055482
0.128267
0.129456
0.268010
0.260101
0.731100
0.367981
1.291195
0.325439
0.384155
0.245302
0.068843
1.414393
1.620525
0.679361
1.327606
0.025027
0.048484
0.324152
0.739945
0.070244
1.107962
0.892635
0.264608
0.092617
0.264605
0.369249
0.382118
0.921647
0.027502
0.964134
0.230552
0.558468
0.186942
0.697694
0.635699
0.249587
0.516396
0.594502
0.200794
0.311735
0.066079
0.145512
0.331835
0.353683
0.147346
0.062649
0.110656
0.033095
0.022127
0.513308
0.988897
1.659379
1.146434
0.808610
0.963834
0.421114
0.253185
0.074500
0.190483
0.604577
1.124562
0.773781
0.555481
0.062998
0.884938
0.517724
0.082519
0.034194
0.146684
0.537659
0.488566
0.266425
0.553268
0.382192
1.491103
2.395782
0.175362
0.702851
0.460688
0.599073
0.537564
0.457436
0.561980
0.903826
0.534084
0.055548
0.257997
0.503944
0.186001
1.194966
0.320681
0.296613
0.020917
0.154580
0.341846
0.211032
0.304507
0.139397
0.964064
1.007323
0.473938
0.332781
0.711705
0.245059
0.087056
0.165233
0.601332
2.962885
1.409960
2.868039
1.615782
0.312198
0.302222
0.535708
0.353375
0.337026
0.040672
0.219242
0.295182
0.067241
0.578324
0.573147
0.521826
1.018827
0.492484
0.517301
0.709625
0.435899
0.006493
0.100690
0.014382
0.243850
0.825671
1.298203
0.370233
1.111937
0.628291
0.116841
0.232765
0.369760
0.212548
0.107755
0.499546
0.523303
0.186452
0.211997
0.718182
1.087376
0.556037
0.075636
0.235311
0.148023
0.085021
0.676213
0.497031
0.202891
0.394529
0.096356
0.071922
0.317342
0.220374
0.231522
0.268053
0.376818
0.161456
0.309817
0.151715
0.510131
0.161822
0.267207
0.212270
0.119690
0.377823
0.043840
0.034183
0.726619
0.189039
0.933621
0.383519
0.321156
0.457047
1.094056
0.287731
0.561536
0.256852
0.371741
0.615286
0.272498
0.026252
0.201505
0.057990
1.641684
0.318543
3.075834
1.706816
4.008299
0.540333
1.824482
2.274475
1.172902
2.305618
2.745938
1.809953
4.033457
1.054287
2.525779
3.460869
3.138431
1.838687
4.091990
0.080137
3.642319
0.394429
3.305372
1.090191
2.924405
1.840141
1.807128
1.593440
3.136693
0.354999
2.251674
1.530638
2.273492
0.159137
2.352029
2.056540
1.023234
0.342094
1.129010
0.704966
0.785649
0.134845
1.408667
0.812768
0.235103
0.075958
0.307037
1.236994
0.690446
1.277984
0.821881
0.865748
2.437684
0.726873
0.682973
1.028443
0.772317
0.208277
0.094139
1.122181
0.872368
0.342134
0.733453
0.224201
0.863513
0.075867
0.613621
1.059416
0.439695
0.866380
0.660784
0.562086
0.283748
0.118544
0.188738
0.745470
1.281491
0.773460
0.209540
0.342112
0.139008
0.350676
0.631170
0.806097
0.408977
0.458312
0.751957
0.363102
0.231328
0.498143
0.206165
0.151717
0.048090
0.644298
0.010537
0.664841
0.598511
0.737745
0.201060
0.609468
0.654903
0.886150
0.707821
1.165401
0.208475
1.537656
0.480670
0.040567
1.032664
0.870349
0.367112
0.529245
0.170542
0.121057
0.316723
0.597142
0.779758
0.356575
0.384507
0.039986
0.177630
0.239961
0.201850
0.697435
0.732057
0.583133
0.183643
0.245401
0.114871
0.584501
0.788117
0.615719
0.386283
0.730903
1.180467
0.415646
0.696840
0.578442
0.344074
0.048254
0.539521
0.410342
0.313373
0.152431
0.224184
0.516202
0.380646
0.002631
0.268919
0.247755
0.259680
1.622130
0.664880
0.999839
0.919326
0.465000
0.791282
0.945319
0.487241
0.004702
0.115453
0.464424
0.726789
0.153158
0.062295
0.111995
0.454158
0.362414
0.728247
0.272421
0.157455
0.145798
0.621206
0.623939
0.198640
0.483210
0.443745
0.292992
0.917795
0.377337
0.060472
0.713603
0.683910
0.146158
0.331206
0.143059
0.103664
0.106982
0.587080
0.389381
0.593915
0.636900
0.594599
1.523802
1.394239
0.114434
0.562743
0.025535
0.441620
0.438014
0.098840
0.425259
0.534540
0.240657
0.201310
0.604941
0.699658
1.214961
0.657892
0.790581
0.470852
0.086064
0.443875
0.478669
0.605952
0.207507
1.167905
0.509639
0.146821
0.999671
1.565160
0.340714
0.934632
0.585849
0.796025
0.569801
0.172276
0.346230
1.059922
0.712299
0.446770
0.424729
0.034585
0.257311
0.536477
0.393082
0.196471
0.036058
0.050680
0.076382
0.325091
0.689747
0.059133
0.452560
1.932341
0.602663
0.810408
0.741220
0.436994
0.310659
0.338110
0.059871
0.776965
1.045694
0.960341
0.090920
0.941927
0.249708
0.174482
0.150132
0.188692
0.031727
0.012875
0.198980
0.137803
0.144737
0.933887
0.950332
0.292314
0.199126
0.644650
0.662842
0.639996
0.888945
0.058932
1.181181
2.146998
0.687036
0.633250
0.443074
0.239208
0.176845
0.226825
0.442602
0.233370
0.196376
0.228525
0.170466
0.024093
0.274504
0.319711
0.990870
0.842536
0.502644
0.034351
1.147609
0.195115
1.496915
0.614148
0.033953
0.665649
1.154589
0.732656
0.169144
0.866178
0.656680
0.048623
0.040313
0.138179
0.336493
0.346437
0.534965
0.046163
0.722137
0.090861
0.237038
0.075217
0.356109
0.441731
0.070638
0.429616
0.167020
0.655364
0.923066
0.007538
0.364671
0.342624
0.476138
0.366246
0.227272
0.310268
0.092621
0.109882
0.236084
0.145307
0.248088
0.237909
0.098697
0.349754
1.488589
0.624596
0.995354
0.496138
0.382936
0.064188
0.339155
0.045368
0.203712
0.787653
1.569205
0.629448
1.556012
0.922131
0.371722
0.141938
0.296509
0.273781
0.190304
0.141669
0.237438
0.119413
0.519258
0.040179
0.358264
0.667829
0.186569
0.013129
0.579457
0.124816
0.234065
0.537378
0.393043
0.840363
1.400950
0.380688
1.071720
0.439758
0.592810
0.553425
0.581246
0.041639
0.157951
0.662497
0.055936
0.726724
0.291859
0.402636
1.169152
0.811567
0.171924
0.025026
0.043786
0.155732
0.349276
1.124886
1.084965
0.229119
0.013445
0.303983
0.139408
0.044948
0.265345
0.104105
1.125049
0.690363
2.002563
1.413438
1.755769
0.613083
0.252515
0.648734
1.111997
2.010606
0.885159
1.534482
1.102825
0.075501
0.363429
0.595366
0.019047
0.135656
1.134935
1.795825
0.379169
0.418373
0.639518
0.941702
0.196480
0.292819
0.239935
0.190255
0.449490
0.179249
0.341838
0.097602
0.933645
2.443694
0.604946
1.653901
0.692049
0.036029
0.425104
0.533784
0.525758
0.108134
0.804516
1.900693
0.907880
0.744757
0.894744
0.828900
0.829334
0.126978
0.470556
0.419234
0.172949
0.250180
0.161556
0.238821
2.171333
2.221209
1.151042
1.598503
0.364982
0.052205
0.043027
0.274243
0.765047
0.966895
0.389538
0.892609
1.513245
0.604917
1.745258
0.389529
0.524439
0.265716
0.219194
0.847714
0.920781
0.469364
0.620535
0.406618
0.930935
1.452382
0.949288
0.136890
0.959411
1.017465
0.352846
0.437939
0.498964
0.694701
0.570259
0.341989
0.105575
0.045278
0.460789
0.152271
0.489058
0.428636
0.816256
0.160701
0.315483
0.260845
0.184420
0.281765
0.960027
0.182912
0.033979
0.173895
0.187061
0.366823
0.382247
0.626387
0.934412
0.052892
1.260294
0.166276
1.001481
0.717606
0.517579
1.061906
0.763621
0.618806
0.729652
0.204403
0.219541
0.522109
0.385842
0.189927
0.892940
1.756256
0.895877
0.902853
1.013639
0.414791
0.261633
0.202964
0.623524
0.755610
0.494893
0.890779
0.439096
0.469999
0.297365
0.293646
0.191395
0.149232
0.459235
0.071884
0.779584
0.332391
0.500275
0.061871
0.792103
2.541914
1.225242
1.609445
1.060110
0.283190
0.565960
0.273364
0.201690
0.101070
0.367830
1.988529
2.032419
0.856123
1.971006
0.701227
0.177401
0.620472
0.319435
1.007714
0.680435
0.073221
0.233003
0.013847
0.240514
1.163057
2.084105
0.216088
1.970449
0.278207
0.336829
0.925692
0.550001
0.250197
0.780893
1.179326
1.180492
0.390787
1.060881
0.678774
0.379440
0.246657
0.208082
0.375090
0.238503
0.578494
0.850783
0.165157
0.083925
1.452582
0.759445
0.646215
0.119644
0.164120
0.517469
0.443536
0.883967
0.874932
0.907342
0.934829
0.306140
0.209542
0.799599
0.396401
0.054556
0.699543
0.513654
0.305473
0.190831
0.423066
0.295984
0.218992
0.754651
1.723448
0.732530
0.148372
0.142047
1.018693
0.877603
0.558615
0.739739
0.713109
0.768764
0.677697
0.649220
0.556877
0.567077
0.878545
0.913786
1.218399
0.828863
0.776095
0.790052
0.183643
0.225364
0.029704
1.505772
2.342514
0.473496
0.732833
0.797168
0.958211
0.094624
0.275432
0.795111
0.763558
0.643496
0.574065
0.593876
0.121429
0.462311
0.467833
0.251643
0.107391
0.449797
0.062667
0.248241
0.188450
0.564386
0.232305
1.036767
2.534489
0.524405
1.367590
0.544713
0.341750
0.896135
0.813735
0.578783
0.679573
0.257493
0.480319
0.996061
0.221287
0.602075
0.011115
0.690897
0.267398
0.350677
0.460898
0.598996
0.400211
0.258229
0.580188
0.282971
2.357156
1.674997
0.245498
1.479926
1.659150
0.402894
0.191314
0.401418
0.863104
1.397035
0.827721
0.540922
0.381820
0.274285
0.101047
0.986283
0.398514
0.620416
0.397298
0.964657
0.059368
0.254801
0.124080
0.230508
2.123528
1.178149
0.471146
1.075106
0.458749
0.292946
1.061320
0.401793
0.428216
0.841013
0.485650
0.427280
0.179699
0.447366
1.058703
0.065591
0.302186
0.677178
0.158934
0.374927
0.102006
0.118243
0.125542
1.395058
1.632186
0.551920
0.150202
0.525723
1.114064
1.104353
0.525718
0.276619
0.706741
1.550191
0.637087
0.329093
0.652657
0.056173
0.056529
0.502470
0.211308
0.156816
0.051596
0.202451
0.418968
0.186215
0.134419
0.974400
2.017398
0.741989
1.117154
0.699249
0.135255
0.447007
0.730323
0.600658
0.619109
0.632350
0.372944
0.242030
0.248291
0.507796
0.292466
0.136786
0.738225
0.408114
0.377796
0.663283
0.106061
0.122227
0.073153
1.398019
2.568834
0.723166
1.216325
0.872718
0.369867
0.571483
0.844104
0.970728
0.138329
0.147547
0.919133
0.700411
0.308335
0.132186
0.218891
0.308098
0.151772
0.688745
0.134242
0.402036
0.265653
0.256782
0.691156
0.773903
2.786859
0.249682
1.103926
0.489356
0.266118
0.807644
0.924380
1.087459
0.936729
0.283558
0.241629
1.073562
0.065597
0.407648
0.325456
0.795421
0.354650
0.304709
0.550569
0.243757
0.437037
0.167062
0.640134
1.810862
1.828182
0.630477
0.692259
2.021259
1.308478
0.170688
0.209923
0.056513
0.642841
1.030765
0.895394
0.024909
0.799023
0.210033
0.393409
0.620278
0.037741
0.522543
0.388524
1.167966
0.013837
0.708567
0.094184
0.473399
0.249001
0.443655
0.306750
0.259898
0.331186
0.253252
0.009173
0.570435
0.126225
0.926589
1.290674
0.221440
0.684338
0.338921
0.215992
0.492998
0.295855
0.786142
0.429771
0.760041
0.453015
0.458987
0.038314
1.041515
0.466521
0.336980
0.084512
0.298179
0.745736
0.763804
0.048867
0.299591
0.608943
0.516873
0.256731
0.915709
0.240621
0.230919
0.050234
0.115677
0.176762
0.440728
0.034080
0.227832
0.144573
0.027290
0.037408
0.190305
0.329101
0.198790
0.014169
0.266168
0.235480
0.564197
0.419449
0.055379
0.344705
0.714880
0.503791
0.265057
0.194513
0.302839
0.854125
0.058631
0.570265
0.150681
0.166728
0.051547
0.545786
0.035608
0.307533
1.007001
0.796768
0.232665
0.135303
0.481339
0.118919
0.153878
0.630397
0.074204
0.232542
0.788988
0.384815
0.180049
0.187141
0.191381
0.078591
0.090464
1.384095
0.685665
0.954885
0.728501
0.300624
0.031627
0.161035
1.647692
1.210224
0.106639
0.010009
0.009720
0.474400
0.250936
0.596004
0.701239
0.677149
0.840807
0.311757
0.046110
0.243594
0.218419
0.130171
0.394095
0.731959
0.259304
0.415742
0.296406
0.023772
0.019668
0.235361
0.732267
1.344049
0.302397
0.202813
0.532264
0.214314
0.139922
0.765277
0.008928
0.771457
0.892294
0.030477
0.131163
0.221769
0.653145
0.271361
0.536961
0.191952
0.752055
0.534924
0.087114
0.366422
0.302803
0.605803
0.393952
0.068255
0.757775
0.137893
1.053921
0.064806
0.937286
0.454664
1.149353
0.302525
0.537923
0.442338
0.476952
0.216822
0.010355
0.007511
0.110505
0.085003
0.275565
0.283824
0.515672
0.120794
0.012497
0.178344
0.073607
0.535676
0.683306
0.181078
0.134246
0.224422
0.546557
0.199113
0.188294
0.904188
0.252850
0.109078
0.675149
0.181935
0.433420
0.205531
0.376330
1.593764
0.784915
1.254925
0.693744
0.064311
0.159378
0.514858
0.116517
0.294466
0.714942
0.177178
0.210145
0.183700
0.182104
0.272355
0.729046
0.317011
0.271268
0.729992
1.273075
0.599584
0.624099
0.714509
1.086616
0.838153
0.470293
0.733430
0.273779
0.292937
0.065386
0.481442
1.168033
1.850079
0.508055
1.091130
1.542338
1.027898
0.487927
0.152000
0.947251
0.387267
0.441967
1.098057
0.893343
0.356314
1.217189
0.466216
0.103648
0.413482
0.119471
0.531431
0.034411
0.321829
0.512605
0.438749
0.463762
1.282039
0.867563
0.552380
0.736076
0.363937
0.857258
0.625217
0.323510
0.924161
0.730672
0.385871
0.746563
0.245390
0.212627
0.234475
0.273133
0.251894
0.308145
0.148725
0.454979
0.425115
0.435398
0.262744
1.149562
1.188426
0.169191
0.721954
0.679118
0.112202
0.505862
0.283772
0.776664
0.455829
1.225636
0.676238
1.118233
0.670585
0.780177
0.480244
0.853776
0.491945
1.053785
0.630227
0.762224
0.469127
0.035258
0.057283
1.104985
1.291251
0.038587
0.427175
0.180346
0.010823
0.373039
0.285676
0.653646
1.662541
0.239272
0.036337
0.310990
0.286601
0.118146
0.678200
0.018011
0.175173
0.788811
0.294844
0.158138
0.118241
0.032258
0.113515
0.102339
0.666890
0.529789
0.306392
0.263378
1.333172
0.095285
0.525719
0.514328
0.649288
0.006046
0.302836
0.031769
0.193101
0.292015
0.218970
0.580497
0.240065
0.004230
0.066552
0.566067
0.518759
0.504672
0.890702
0.100540
0.622814
0.049154
0.705364
0.418856
0.505560
0.889432
0.463193
0.516150
0.825026
1.130906
0.233641
0.745739
0.048712
0.367519
0.483016
0.458108
0.029058
0.430277
0.634931
0.118634
0.319075
0.384289
0.396250
0.380283
0.635623
0.140978
0.030299
0.334330
0.153512
0.597755
0.421355
0.050918
0.549951
0.502399
0.114660
0.196193
1.064420
0.927843
0.646594
0.911698
0.027106
0.225870
0.240912
0.158691
0.972738
0.867227
0.266857
0.535716
1.072457
0.398565
1.205248
0.046712
0.531979
0.147526
0.638459
0.161877
0.549598
0.777244
0.481019
0.308642
0.259189
0.402471
0.299735
1.454937
0.317431
0.980881
0.803831
0.773781
0.783908
0.348430
0.026644
0.658992
2.327517
1.562489
0.715715
1.450173
0.565986
0.032499
0.432175
0.485063
0.106241
0.262365
1.331475
1.469058
0.005525
0.759681
0.518460
0.730337
0.766432
0.654635
0.592077
1.091782
0.571284
0.460014
0.127284
0.454471
1.050782
1.302024
0.202694
1.179688
0.639942
0.146053
0.037762
0.017745
0.162273
1.466382
1.378362
0.239478
0.678830
0.170832
0.124188
0.071234
0.063211
0.050144
0.172215
0.109941
0.253913
0.474821
0.333873
0.127933
1.888044
1.243811
0.458520
0.607705
0.471309
0.620451
0.195992
0.251925
1.073936
0.537289
0.980806
0.892795
0.387301
0.859680
0.494403
0.027588
0.204735
0.218711
0.025242
0.091139
0.162010
0.349176
0.248332
0.872741
1.437299
0.400293
0.023238
0.479017
0.655991
0.317278
0.774169
0.434752
0.495392
0.854344
0.028903
0.212245
0.275056
0.635879
0.466719
0.065535
0.226453
0.399313
0.152179
0.127879
0.093596
0.063589
0.267218
0.457924
0.334924
0.519611
0.659301
0.405767
0.279833
0.347400
0.084246
0.066074
0.252859
0.253418
0.289279
0.230361
0.314489
0.381809
0.022205
0.422219
0.121242
0.890711
0.149222
0.835697
0.009856
0.404091
0.144023
0.038608
0.730602
0.872069
0.101353
0.033549
0.070259
0.750274
0.236485
0.305352
0.662653
0.113346
0.345840
0.781848
0.322323
0.694449
0.211386
0.079028
0.055687
0.434098
0.260697
0.508096
1.017590
0.282985
1.112440
1.059056
1.573973
0.195006
0.089641
0.786726
0.168149
1.009293
0.926724
0.815958
0.040604
0.270601
1.070987
0.058073
1.205412
0.752459
0.249099
0.166445
0.480521
0.016876
0.792020
0.233677
0.326529
0.321549
0.145569
0.195873
0.977527
0.310807
0.399510
0.964310
0.621392
1.357838
0.713984
0.071458
1.454344
0.833710
0.697319
0.784995
0.345446
0.096913
0.097955
0.084237
0.154646
0.140941
0.077146
0.331620
0.009725
0.192366
0.304186
0.157305
0.364571
0.742762
0.757602
0.134735
0.606450
0.645879
0.044972
0.193025
0.180872
0.722229
0.226380
0.141583
0.386582
0.178055
0.903589
0.136429
0.655648
0.065155
0.447608
0.483033
0.178471
0.757780
0.318078
0.396708
0.550545
0.986616
0.419308
0.115388
0.540149
0.230128
0.063710
0.645263
0.739730
0.474184
0.462227
0.148763
0.417419
0.185471
0.576665
0.084017
0.384023
0.187195
0.262048
0.043950
0.560473
0.220931
0.082589
0.011090
0.740020
1.029221
0.564752
0.667406
0.194986
0.143460
0.685204
0.335302
0.071438
0.676134
0.143055
0.544129
0.361369
0.255460
0.094772
0.194582
0.001461
0.338473
0.019868
0.289170
0.006272
0.566119
0.161011
0.197248
0.272049
0.163947
0.278314
0.049154
0.198516
0.215943
0.189159
0.225483
0.696986
0.756893
0.321519
0.597239
0.585264
0.260112
0.006944
0.507327
0.067646
0.712640
0.095666
0.749554
0.285058
0.295641
0.297186
0.836567
1.440921
0.047647
0.593483
0.152693
0.400032
0.026808
0.114203
0.266788
0.615691
0.712369
0.090410
0.223593
0.153861
0.031342
0.193198
0.527373
0.225800
0.268515
0.048286
0.274183
0.198689
0.279996
0.376586
1.472262
1.720148
0.430714
0.518540
0.878762
0.200293
0.128237
0.963194
0.313068
0.198244
0.900107
0.498018
0.322769
0.497665
0.244620
0.621407
0.097490
0.408323
0.879754
0.150204
0.314627
0.144977
0.424235
0.332540
0.224573
1.312535
0.717346
0.480633
0.446227
0.407209
0.724846
0.548190
0.067641
0.489119
0.959759
0.173729
0.957237
0.081428
0.392210
0.150767
0.745394
0.201196
0.981032
0.388233
0.330741
0.010798
0.460177
0.589920
0.650982
0.474313
0.802087
0.239641
1.095013
1.503857
0.828749
0.193771
0.680281
0.571709
0.143084
0.666432
0.799454
0.040488
0.638420
0.304298
0.003001
0.821965
0.001766
0.641463
0.220561
0.772979
0.243523
0.582926
0.491882
0.942297
0.183259
1.341604
0.800948
0.438376
0.584906
0.185683
0.015048
0.087843
0.118336
0.740622
0.636630
0.542896
0.663279
0.011116
0.448054
0.220047
0.447490
0.744053
0.334410
0.587313
0.419450
0.080964
0.066054
0.293895
0.585656
0.601836
0.208861
0.064663
0.002285
0.884013
0.539516
0.119918
0.308133
0.760152
0.637100
0.154077
0.417729
0.607531
0.269530
0.081213
0.156000
0.353993
0.076744
0.203042
0.017998
0.838893
0.553336
0.541388
0.195596
0.588519
0.374994
0.169655
0.177175
0.403435
0.609924
0.154883
0.496758
0.815240
0.073814
0.481453
0.539254
0.101648
0.344039
0.415916
0.563476
0.515048
0.005004
0.276419
0.391023
0.015307
0.651416
1.366575
0.440294
0.900987
0.239073
0.025142
0.144033
0.213252
0.445318
0.021052
0.476527
1.244256
0.046086
0.919125
0.353244
0.311638
0.153739
0.870533
0.131066
0.645769
0.126311
0.539111
0.011932
1.109081
1.010186
0.413714
0.438736
0.372223
0.028925
0.753289
0.586173
0.051364
0.731976
0.230100
0.058328
0.630981
1.132439
1.122829
0.623019
1.230856
0.584399
0.448835
0.118952
0.440194
0.144017
1.271632
1.546820
0.646260
0.669007
0.175602
0.204970
0.200791
0.387458
0.009619
0.246785
0.488410
0.441035
0.422611
0.413135
0.155500
0.968044
0.729126
0.489633
0.078014
0.574966
1.492910
0.633412
1.059584
0.274961
0.220764
0.246338
1.228076
1.610197
1.526739
0.444294
0.805722
1.348370
0.480018
0.572991
0.014091
1.510771
1.104539
0.225421
0.663568
0.273264
0.373627
0.399701
0.415068
0.357955
0.225633
0.982294
0.078110
0.336622
0.369496
0.312123
0.356305
1.182390
1.576230
0.512633
0.665529
0.852405
0.436464
0.022590
0.237254
1.102118
0.673582
0.312543
1.125394
0.592843
0.862314
0.251218
0.488511
0.697315
0.687786
0.264045
0.013810
0.078145
0.047980
0.843824
0.398106
0.762637
1.808032
0.630357
0.109622
0.409061
0.907082
0.747027
0.877381
0.783972
0.513359
0.857205
0.871685
0.364159
0.627413
0.967536
0.340992
0.245474
0.130215
0.055368
0.365941
0.083975
0.099960
0.086912
0.809212
1.708198
1.133693
0.052440
0.460619
0.124961
1.122976
1.121848
0.170246
0.137901
0.862290
0.616688
0.265241
0.219017
0.296776
0.520037
0.128602
0.148846
0.209214
0.454010
0.200426
0.127034
0.079222
0.502433
0.127605
0.224063
0.361306
0.665352
0.444600
0.418858
0.760172
0.077411
0.014669
0.536849
0.046426
0.091309
0.620769
0.344106
0.871073
0.196531
0.414714
0.173561
0.076801
0.083169
0.340235
0.357012
0.197129
0.439231
0.068531
0.041254
0.338437
0.591496
0.440617
0.012005
0.418676
0.350265
0.335054
0.610228
0.586880
0.320281
0.377744
0.029358
0.071232
0.034236
0.593537
0.159862
0.254821
0.200449
0.223968
0.350309
0.161660
0.018187
0.036203
0.330485
0.228463
0.387875
0.441795
0.651412
0.108567
0.927951
0.335390
0.661932
0.733700
1.069840
0.063062
0.578387
0.733876
0.302511
0.332294
0.091826
0.261906
0.222574
0.045449
0.629507
0.197446
0.240682
0.103953
0.337768
0.468017
0.404109
0.179269
0.226776
0.131177
0.173078
0.180978
0.036552
0.285059
0.494658
0.306365
0.263196
0.357914
0.163823
0.015899
0.209707
0.883004
0.328161
0.437685
0.095859
0.326366
0.269718
0.206656
0.550303
1.677829
1.059363
0.069282
0.558898
1.059740
0.550759
0.223195
0.762308
0.997998
0.787502
0.578315
1.228181
0.080499
0.476944
0.274885
0.099663
0.786266
0.051219
1.026748
0.004532
0.370222
0.163657
0.113856
0.175797
0.032123
0.329986
0.196242
0.398204
0.393992
0.352899
0.313018
0.386227
1.165645
0.372190
0.423844
0.137617
0.350669
0.073466
0.335565
0.171347
0.127223
0.273126
0.328905
0.179966
0.485085
0.149041
0.280569
0.232933
0.154986
0.359411
0.729945
0.343953
0.528687
0.620994
0.500004
0.654417
0.217975
0.393364
0.138389
0.109063
0.415480
0.075075
0.150383
0.129820
0.225172
0.053618
0.486877
0.298284
0.241326
0.284055
0.139511
0.649982
1.088403
0.341617
0.641882
0.381400
0.097612
0.028529
0.394688
0.573362
0.252554
0.061000
0.242664
0.138311
0.129860
0.115263
0.944799
0.641728
0.535684
0.325857
0.408973
0.265313
0.785992
0.050598
0.631514
0.375228
0.149938
1.474884
0.300566
1.069635
0.233555
0.594129
0.125904
0.671332
1.209599
0.764992
0.006012
0.228640
0.179261
0.212408
0.232582
0.170763
0.506702
0.285784
0.336637
0.460378
0.306360
0.019266
0.049184
0.048871
0.766055
1.141977
0.184595
1.220806
0.787411
0.538963
0.476194
0.495826
0.454063
0.183731
0.696489
0.527834
0.260675
0.315088
0.360666
0.091499
0.429573
0.152456
0.279667
0.618092
0.051635
0.532471
0.021190
1.098518
1.606504
0.757634
0.495528
1.073412
0.685918
0.321727
0.050375
0.051298
0.865313
0.765334
0.009704
0.058651
0.084171
0.198258
0.590580
0.604884
0.174998
0.631936
0.146905
0.045859
0.051864
0.390379
0.077293
0.665471
0.573458
0.093806
0.056347
0.469301
0.073116
0.936456
0.570588
0.347034
0.019183
1.086132
1.073336
0.413961
0.417256
0.951931
0.600412
0.067632
0.401210
0.216380
0.286597
0.341943
0.132767
0.150117
0.445479
0.301766
0.921718
0.501508
0.098441
0.187564
0.090338
0.058805
0.220730
0.699544
0.552012
0.273798
0.648088
0.456927
0.114033
0.490503
0.490378
0.873096
1.097730
0.051127
1.261877
0.951300
0.042958
0.649196
0.803113
0.355539
0.105128
0.224641
0.026476
0.002523
0.248906
0.588448
0.220492
0.092640
0.238553
0.341945
1.166721
0.937134
0.715813
0.417077
1.203846
0.222416
0.156918
0.200231
0.134645
0.408055
0.031728
0.089069
0.227642
1.001778
2.239188
0.108271
1.707982
0.817854
0.238683
0.066909
0.115837
0.192895
0.702428
0.908613
0.084675
0.349444
0.049684
1.208156
0.606716
1.343614
0.305309
0.667612
1.351338
1.194860
1.085622
1.037716
0.849778
0.680212
1.352073
0.345000
0.711182
0.964689
0.583709
0.126329
0.356889
0.434745
0.305750
0.589887
0.356539
0.555964
0.883142
0.200307
0.651083
0.583835
0.585495
0.034506
0.097026
0.107497
0.514117
0.077945
1.126241
2.325152
1.829436
0.100868
1.171317
1.132542
0.424600
0.392163
0.536878
0.082311
0.418993
1.192537
1.552474
0.888686
1.068637
1.549946
0.131205
0.530981
0.071234
0.534897
0.776984
0.455781
0.999411
0.627692
0.491280
1.559449
2.466132
0.493522
1.050270
0.090398
0.578271
0.791478
0.505893
0.838353
0.484550
0.290086
0.893865
0.321830
0.432588
0.504306
0.388149
0.104937
0.045573
0.077634
0.286169
0.319309
0.218687
0.045957
0.113945
0.827478
1.245214
0.789631
0.449287
1.054120
0.404387
0.636295
1.054979
0.208302
0.468976
0.350673
0.922832
0.273092
0.489140
0.593260
0.416149
0.131406
0.093198
0.446147
0.006586
0.520434
0.064089
0.128427
0.274530
0.768045
0.436355
0.163632
0.189240
0.213339
0.037771
1.044344
1.095200
0.029789
0.127068
0.185941
0.758601
0.346365
0.376294
0.354461
0.186948
0.548354
0.484748
0.555219
0.744551
0.612891
0.374513
0.370173
0.509760
0.792415
0.248380
0.253127
0.416286
0.746378
0.258088
0.780682
0.249724
0.058563
0.068550
1.076165
0.505844
0.390305
0.408156
0.551334
0.433877
1.506103
0.028048
1.717171
0.806442
0.369361
0.606711
0.479018
0.097154
0.889216
1.029048
0.016968
0.356100
0.203396
0.038050
0.390312
0.345990
0.266501
0.112899
0.403263
0.644106
0.408114
0.043968
0.381541
0.026582
0.007680
0.472158
0.019265
0.115842
0.040932
0.117598
0.271334
0.561549
0.571487
0.665957
0.330577
0.545010
0.440184
0.237913
0.061608
0.100230
0.601280
0.379250
0.706469
0.781080
0.235816
0.857012
0.120414
0.669570
0.146688
0.543302
0.428495
0.072382
0.836775
0.590242
1.101135
0.628975
0.125844
0.972023
0.175504
0.560627
0.245031
0.620386
0.148371
0.380740
0.433021
0.790338
0.480005
0.804328
1.220317
0.098718
0.707941
0.253596
0.347708
0.053460
0.058777
0.579447
0.116530
0.481841
0.074821
0.660350
1.298007
1.416630
1.060468
0.075200
0.634705
0.587353
1.260895
1.181714
0.107861
0.023620
1.393600
1.345777
0.194381
0.792978
0.282097
0.164609
0.114869
0.113055
0.938209
0.650018
0.320689
0.179194
0.215221
0.392313
1.477073
1.354556
0.092674
0.769549
0.372502
0.021243
1.522678
0.497419
0.837709
0.057276
1.475705
1.369999
0.303738
0.014717
0.838955
0.536171
0.645453
0.049108
0.887122
0.286109
0.324577
0.302420
0.459310
0.235900
0.609380
0.237257
0.040980
0.455628
0.067132
0.114861
0.249328
0.826710
0.408130
0.290890
0.146188
1.282790
0.718913
0.593404
0.006618
0.192617
0.829160
0.015919
0.183178
0.142729
0.025294
0.092408
0.101630
0.493031
0.880995
0.517652
0.325484
0.091974
0.514326
0.008340
0.077648
0.525972
0.339732
0.201398
0.635388
0.822140
0.258440
0.464018
0.560884
0.496744
0.379749
0.705480
0.817081
0.148281
0.280610
0.186594
0.092829
0.442771
0.909817
0.816376
0.632127
0.078012
0.356432
0.558274
0.336113
0.138581
0.685349
0.672577
0.406347
0.412080
0.455090
0.244648
0.209174
0.206011
0.554910
0.781625
0.011446
0.318013
0.221715
0.213638
1.177161
0.374624
0.514796
1.854780
0.214554
1.375192
0.254889
0.213761
0.298366
0.372915
0.095694
0.348111
1.353146
1.000534
0.151725
0.010441
0.266105
0.686057
0.273000
0.144984
0.780156
0.659736
0.505976
0.087216
0.190479
0.360707
2.683747
1.423749
1.068911
0.794211
0.742958
0.766535
0.007341
0.225775
0.177162
0.298255
1.049711
1.485809
0.137123
0.249619
0.162483
0.479123
0.245808
0.578311
1.032164
