-1.026294
-1.026294
-1.026294
-1.026294
-1.026294
-1.026294
-1.026294
-1.026294
-1.026294
-1.026294
-1.026294
-1.026294
-1.026294
-1.026294
-1.026294
-0.053278
0.066814
-0.213428
-0.043777
-0.097449
-0.065669
0.077710
-0.147594
-0.130854
-0.226177
-0.265528
-0.352447
-0.322542
0.546964
-0.084573
0.003802
-0.148390
-0.139555
-0.492930
-0.482180
-0.373836
-0.359192
0.191382
-0.048601
0.088454
-0.194645
-0.048986
-0.087332
0.482307
0.252689
5.302721
0.274111
-0.052122
-0.358549
-0.242060
-0.338645
-0.210006
-0.073365
-0.137519
-0.278348
-0.467119
-0.320563
-0.376375
-0.011637
-0.104283
-0.377332
-0.335941
-0.250781
-0.185798
-0.235002
-0.454863
-0.414172
-0.485250
-0.530127
-0.264444
-0.389479
-0.356216
-0.414796
-0.435376
-0.505609
-0.469345
-0.328654
-0.498062
-0.452291
-0.246659
-0.298964
-0.216848
-0.342807
-0.304013
-0.257579
-0.306945
-0.273026
-0.026508
-0.092165
-0.206194
-0.289432
-0.122062
0.633660
0.296751
-0.457175
-0.540345
-0.406199
-0.414453
-0.579750
-0.563706
-0.491764
-0.527331
-0.585874
-0.497971
-0.604065
-0.562958
-0.598703
-0.527242
-0.565022
-0.580652
-0.615613
-0.629891
-0.562596
-0.176310
-0.438850
-0.430884
-0.097448
-0.453757
-0.095380
0.589113
0.594360
0.682192
1.345936
1.187046
1.859058
1.476123
0.973658
1.267539
0.596958
1.152731
1.138222
1.157040
1.059023
2.222318
2.908802
1.588852
1.891124
1.505336
1.293925
2.498583
0.861386
3.421288
0.051552
-0.165510
-0.163317
-0.101339
-0.374130
-0.433019
-0.487032
-0.549885
-0.370415
0.017393
-0.244521
0.147153
0.273382
-0.268272
-0.234288
0.212647
0.078073
0.299223
-0.124119
0.106683
-0.185592
0.360169
-0.028005
0.023709
0.454931
-0.038283
-0.135972
-0.161575
1.860273
0.098574
0.049420
0.322032
0.363458
0.216879
0.230845
0.037224
-0.196059
-0.265883
-0.092976
0.243646
0.419434
0.682511
0.373594
0.254046
0.117238
1.012395
-0.233171
-0.003527
0.103706
-0.124402
0.710493
-0.059574
-0.331572
-0.333968
-0.518746
-0.580074
-0.214453
-0.561935
-0.573272
-0.574479
-0.570288
-0.613224
-0.625843
-0.660965
-0.518104
-0.472473
-0.393442
-0.384342
-0.449240
-0.100835
-0.209339
-0.252092
-0.314010
-0.471034
-0.357768
-0.047342
-0.496574
-0.073064
-0.227243
-0.330585
-0.388017
-0.398438
-0.480027
-0.291552
-0.222459
-0.231233
-0.302715
-0.186896
-0.190132
-0.049889
0.129148
0.111175
-0.024575
-0.301186
0.229644
-0.125360
0.207128
0.154640
0.111170
0.352762
0.016145
0.549199
0.596481
0.437286
-0.056523
-0.062472
-0.132915
0.091960
-0.288340
0.797245
-0.182705
-0.008366
0.530835
0.385351
-0.017420
0.466002
0.138277
0.096264
-0.041464
-0.374792
-0.232222
-0.302061
-0.108818
-0.125078
-0.422040
-0.467265
-0.579037
-0.539673
-0.144113
-0.424196
-0.438148
-0.412860
-0.228899
-0.338770
-0.526080
-0.383801
-0.498842
-0.547658
-0.423718
-0.436386
-0.372071
-0.254657
-0.240510
-0.539582
-0.437658
-0.131367
-0.430318
-0.514242
-0.191618
-0.198497
-0.075558
-0.113744
0.190101
0.156927
0.107351
0.214088
0.742755
0.009236
0.810003
0.071523
0.102944
0.227360
1.037684
0.335699
0.569740
1.235437
6.198232
0.702595
-0.070024
0.022671
0.062025
0.219703
-0.263687
-0.363452
-0.249407
-0.383532
-0.309412
-0.361584
-0.351011
-0.387021
-0.355888
-0.497481
-0.405319
-0.237778
-0.306938
-0.338961
-0.456155
-0.398702
-0.440692
-0.368674
-0.446054
0.090952
-0.134359
-0.391448
0.139988
-0.210384
0.005287
-0.191099
-0.526821
-0.546245
-0.550446
-0.534796
-0.539315
-0.648169
-0.643746
-0.634818
-0.631593
-0.588144
-0.617440
-0.377151
-0.514935
-0.542603
-0.566889
-0.474009
-0.524103
-0.495887
-0.313249
-0.318096
-0.530318
-0.502378
-0.275059
-0.404281
-0.350848
-0.362361
-0.321559
-0.114398
-0.063853
-0.281301
-0.001545
-0.017445
0.249953
0.072206
0.011489
0.200095
-0.094162
0.286589
-0.123166
-0.116135
0.175403
-0.394508
-0.127613
-0.244262
0.016397
0.170794
-0.093288
-0.367397
-0.425081
-0.510963
-0.482527
-0.489643
-0.310331
-0.447363
-0.396805
-0.224174
-0.071291
-0.002443
-0.067785
-0.377090
0.175795
-0.147741
-0.103261
-0.257708
-0.289290
-0.294213
-0.328624
-0.263948
-0.347988
-0.327033
-0.416610
0.061282
-0.321748
-0.042111
-0.315513
-0.264353
-0.150829
-0.298958
-0.123981
-0.191724
-0.122633
-0.100780
-0.233071
-0.119341
-0.131186
0.038461
-0.223970
-0.027406
-0.289937
-0.156244
0.563592
0.121752
-0.217059
0.044126
-0.121356
-0.055930
-0.323789
-0.053307
-0.169770
-0.202373
0.014577
-0.284864
-0.364213
-0.320293
-0.354328
-0.246693
-0.248294
-0.256113
-0.143256
-0.028823
-0.179714
-0.237368
-0.261017
-0.413872
-0.150287
-0.443088
-0.245960
-0.123081
-0.180008
-0.129638
-0.048523
0.471909
0.188451
0.256080
0.474706
-0.086651
-0.089702
0.695195
0.054719
0.174131
-0.201549
0.515408
1.398559
0.284627
0.053550
-0.184093
0.113606
0.334954
-0.025087
0.200767
0.935253
-0.392164
0.062928
-0.459291
-0.426430
-0.304685
-0.477844
-0.495753
-0.479308
-0.257509
-0.568936
-0.596268
-0.524142
-0.589821
-0.535099
-0.661120
-0.509670
-0.460637
-0.485406
-0.562322
-0.419607
-0.457115
-0.493585
-0.382574
-0.531970
-0.531668
-0.562467
-0.607505
-0.570541
-0.560807
-0.627419
-0.539012
-0.643920
-0.521472
-0.579503
-0.536874
-0.456207
-0.445346
-0.508735
-0.472275
-0.202106
-0.411670
-0.171874
-0.383589
0.016447
0.145860
0.568877
0.575758
-0.002075
0.247815
0.758299
6.276260
3.809463
9.194779
5.344839
1.402580
3.842826
9.882866
8.368874
9.950127
11.184258
5.668194
20.219244
7.507586
4.044540
9.644806
2.709406
4.636014
-0.030595
-0.573672
-0.353993
-0.393111
0.499303
0.216746
-0.106726
0.548373
0.949455
0.164961
0.179666
0.101170
0.576820
0.494353
1.916715
0.141429
1.319073
0.365057
0.303758
-0.213174
-0.272864
-0.298085
-0.134717
0.282312
-0.456076
0.155288
0.198256
0.252179
-0.147028
0.009587
-0.120774
0.100580
0.076274
0.400057
-0.016600
-0.148985
-0.049754
-0.232551
-0.184495
-0.461961
-0.491096
-0.270131
-0.478180
-0.489363
-0.473305
0.019912
-0.558684
-0.461424
-0.501877
-0.259598
-0.404292
-0.321388
0.129551
-0.396512
-0.081386
-0.255130
-0.254780
0.079034
-0.225252
-0.105118
-0.190052
-0.256817
0.077560
0.083052
0.161922
-0.232999
-0.057432
-0.178450
-0.270256
-0.486779
-0.392383
-0.341603
-0.294653
-0.431234
-0.532329
-0.558186
-0.403636
-0.547520
-0.546568
-0.538451
-0.585908
-0.570772
-0.625082
-0.489769
-0.487134
-0.285072
-0.231255
-0.413243
-0.165953
0.047551
-0.359885
-0.576087
-0.542633
-0.479289
0.004193
-0.239412
-0.124478
0.188393
0.087832
-0.035884
-0.155583
-0.052042
-0.098652
-0.006259
0.126872
0.189455
0.262442
0.454770
-0.006415
0.457327
0.338473
-0.172272
-0.236141
0.343879
-0.048585
-0.175799
0.021105
0.388623
-0.030599
-0.036616
-0.071030
0.932441
-0.116806
-0.251110
0.310139
-0.122265
-0.120929
0.081962
0.211966
0.242829
-0.272999
0.280880
0.831825
0.050606
-0.058256
0.710123
0.545216
-0.210133
-0.177438
0.100786
0.675643
-0.299540
-0.325344
-0.413537
-0.329308
-0.365290
0.165330
-0.338102
-0.397789
-0.406893
-0.380197
-0.514456
-0.041801
-0.399626
-0.301108
-0.394212
-0.573698
-0.513788
-0.433289
-0.374110
-0.469820
-0.546303
-0.624464
-0.275294
-0.539965
-0.492358
-0.570133
-0.040800
-0.424795
-0.210924
0.099912
-0.256160
-0.170847
0.003878
-0.105897
-0.190043
-0.194787
0.544510
1.120562
1.421507
0.823567
-0.041005
0.680025
0.523066
0.650916
0.160525
1.191446
-0.274299
0.028107
0.484764
0.022822
-0.297094
-0.132468
-0.341465
-0.356649
0.051973
0.045535
0.224589
-0.191967
-0.188910
-0.093393
-0.040643
0.168375
-0.097605
-0.149063
-0.364333
-0.131275
0.189110
-0.090116
0.124363
-0.354293
-0.270272
-0.233720
-0.401528
-0.168668
0.133637
0.441850
-0.184039
0.128288
-0.409952
-0.162187
-0.401648
-0.360886
-0.534366
-0.358536
-0.537936
-0.598619
-0.331053
-0.296175
-0.656580
-0.549139
-0.607300
-0.575700
-0.517672
-0.658544
-0.483088
-0.449555
-0.651565
-0.523554
-0.563867
0.066745
-0.538063
-0.273917
-0.511381
-0.510766
-0.489299
-0.558622
-0.520923
-0.359614
-0.611737
-0.538044
-0.591481
-0.593529
-0.583954
-0.566387
-0.595441
-0.579990
-0.615825
-0.572227
-0.526442
-0.481844
-0.449583
-0.438173
-0.451379
-0.395981
-0.424975
-0.512495
1.363356
-0.521604
-0.577813
-0.456521
-0.325025
-0.463093
-0.498448
-0.293915
-0.447394
-0.464995
-0.399389
-0.514425
-0.524183
-0.411296
-0.471925
-0.387004
-0.182034
-0.358042
-0.375404
-0.434108
-0.246978
-0.109731
-0.161874
-0.219862
-0.193570
0.134424
-0.118551
-0.188044
-0.083956
0.011582
0.463655
0.667698
0.427575
1.788759
0.193134
0.234968
0.731957
0.774473
0.545495
0.674114
0.858802
0.720464
1.145772
1.496872
1.303049
0.229418
0.959173
-0.114519
-0.227888
0.332530
-0.383323
-0.588076
-0.436990
-0.416440
-0.418112
-0.442408
-0.488923
-0.512516
-0.387212
-0.561615
-0.539173
-0.562040
-0.587599
-0.594241
-0.519035
-0.353666
-0.406250
-0.161514
-0.445793
-0.380928
-0.422495
-0.194470
-0.298954
-0.256776
-0.294543
-0.424406
-0.561217
-0.537479
-0.481584
-0.363730
-0.366088
-0.505313
-0.507575
-0.268915
-0.306608
-0.403974
-0.363090
-0.360706
-0.448001
-0.247509
-0.406424
-0.258952
0.057185
0.049926
-0.323546
-0.348700
-0.365198
-0.412415
-0.518326
-0.500585
-0.499498
-0.604225
-0.537806
-0.581073
-0.572040
-0.620599
-0.672088
-0.649389
-0.613218
-0.574156
-0.562152
-0.660012
-0.586858
-0.562783
-0.529597
-0.562764
-0.479294
-0.425040
-0.414828
-0.622097
-0.499830
-0.516804
-0.658246
-0.498683
-0.466795
-0.382537
-0.584951
-0.569020
-0.495218
-0.450411
-0.400940
-0.428536
-0.288448
-0.403240
-0.335126
-0.228781
-0.230295
-0.313104
-0.429619
-0.059144
-0.007106
0.015899
0.110554
-0.312880
-0.100682
-0.244397
-0.231340
-0.017167
0.417947
0.640206
2.157818
4.757943
2.296881
2.369530
1.901353
2.023853
1.740279
3.361692
4.197577
2.253795
2.809152
1.469126
1.942135
2.133044
3.598061
2.401956
0.787745
-0.320377
-0.420564
-0.225213
-0.451550
-0.160982
-0.148795
-0.091576
0.187797
0.141067
0.364373
-0.150121
0.095269
-0.167545
-0.352946
-0.089723
0.023420
-0.019048
0.093360
0.145869
-0.219257
-0.246098
-0.253799
-0.312695
-0.207269
-0.146457
-0.326247
-0.193041
-0.251814
-0.182392
0.019636
0.703229
0.420578
0.136332
2.476786
0.357264
0.472150
0.110498
0.313620
0.058557
0.137172
0.046946
-0.077764
0.030492
-0.018657
-0.184085
-0.020082
-0.085655
-0.099514
-0.016143
-0.448978
-0.226638
-0.427465
-0.399140
-0.302396
-0.233771
-0.245963
-0.186615
-0.157074
-0.158799
-0.128817
-0.228079
0.250167
-0.104480
-0.034556
-0.089927
0.071257
0.126918
0.045462
0.321982
-0.105633
-0.168955
-0.139591
-0.009931
-0.188140
-0.420227
-0.344490
-0.257384
-0.002349
-0.167247
-0.383646
-0.082926
-0.309146
-0.126343
-0.339310
-0.165534
-0.143841
-0.293424
-0.145446
-0.118114
-0.098587
-0.254740
-0.400245
-0.483694
-0.351636
-0.188147
0.257699
0.808619
2.724142
1.112183
0.297838
0.731612
2.304250
0.819551
0.662887
0.835980
0.631918
1.376660
0.502285
0.400269
-0.268810
-0.000414
0.233433
-0.255456
-0.104554
0.001073
-0.190126
-0.198428
-0.070938
-0.208560
-0.095934
-0.219885
0.725989
-0.268478
-0.305965
-0.339370
-0.308555
-0.043028
-0.114273
-0.170949
-0.164103
-0.025100
-0.295287
-0.204153
-0.431920
-0.233390
-0.463231
-0.265015
-0.235311
-0.268673
-0.170283
-0.119385
-0.121470
-0.143173
-0.054205
0.157426
-0.138117
-0.286378
0.079997
-0.185365
-0.153118
-0.388353
-0.291175
0.095529
0.690269
0.241133
0.343953
0.865156
-0.244774
0.015541
0.006370
-0.289398
-0.223349
-0.072120
-0.011521
-0.152184
-0.041810
0.004138
-0.028373
-0.124889
0.292184
-0.298019
-0.047231
-0.151734
-0.044597
0.061960
-0.149647
-0.084825
-0.227362
-0.434117
-0.244412
-0.463219
0.079766
-0.240071
-0.327199
-0.380147
-0.448465
0.120233
-0.404562
-0.429439
-0.440964
-0.332119
-0.474381
-0.461795
-0.462142
-0.462314
-0.320769
-0.428796
-0.516256
-0.610865
-0.490441
-0.432980
-0.446266
-0.157039
0.119224
-0.400115
-0.319057
-0.348072
-0.114865
-0.270464
-0.540250
-0.093560
-0.415713
-0.362672
-0.349010
-0.274565
-0.337084
-0.371769
-0.142285
-0.453877
-0.352202
-0.240291
-0.123329
-0.407696
0.021862
-0.330546
-0.426788
-0.346999
-0.356171
-0.192546
-0.024887
-0.132863
0.184789
0.130726
-0.270100
-0.123661
-0.105970
0.576062
0.103866
-0.096571
-0.266090
-0.206246
-0.044734
0.038689
-0.215792
0.232541
0.558078
-0.170875
-0.084846
-0.080922
-0.561348
-0.389594
-0.303522
-0.369864
-0.096699
-0.407784
-0.065122
-0.220774
-0.466839
-0.521027
-0.349919
-0.238164
-0.366574
-0.315039
-0.392564
-0.058307
-0.344542
-0.378451
-0.316863
-0.407302
-0.229858
-0.372937
-0.374745
-0.542331
-0.384283
-0.298406
-0.219553
-0.317081
-0.426281
-0.382412
-0.101004
-0.267524
-0.361489
0.193759
-0.000327
0.124497
-0.292196
-0.132935
0.215642
-0.056824
-0.110965
-0.105966
-0.276078
-0.242416
-0.277387
-0.096516
-0.458351
-0.124279
-0.331533
-0.339482
-0.259752
1.063035
-0.029908
-0.149938
0.026880
-0.213678
-0.375402
-0.380870
-0.196534
-0.465816
-0.096656
0.052313
-0.241208
-0.032371
-0.206007
-0.397838
-0.340274
-0.447507
0.075425
-0.346819
-0.146681
-0.165176
-0.252832
-0.316003
-0.018088
-0.259514
-0.154558
-0.112890
-0.085468
0.137996
-0.111011
-0.254111
-0.290140
-0.316880
-0.336878
-0.157236
-0.068862
0.226878
-0.423491
-0.239317
-0.387300
-0.372240
-0.426309
-0.466664
-0.081907
1.220930
-0.463634
-0.530618
-0.549186
-0.497666
-0.386593
-0.486348
-0.399165
-0.539889
-0.445782
-0.423289
-0.449579
-0.389904
-0.075512
-0.369699
-0.428576
-0.199852
-0.315414
-0.453356
-0.133904
-0.490143
-0.306186
-0.570095
-0.586281
-0.567552
-0.558242
-0.373724
-0.542855
-0.536996
-0.415235
-0.543575
-0.443453
-0.544762
-0.562337
-0.455763
-0.457296
-0.452013
-0.489170
-0.490898
-0.566829
-0.317375
-0.105810
0.002377
0.155180
0.324381
0.052904
0.083732
-0.064704
0.312380
0.230070
0.542942
0.443438
0.072296
-0.264566
0.672615
-0.135524
0.132319
-0.258956
-0.199381
-0.312432
-0.138014
-0.264054
-0.143134
-0.121425
-0.410488
-0.343498
-0.275391
-0.287048
-0.299032
0.549834
-0.318023
1.157475
-0.143863
-0.360018
0.137949
-0.130346
-0.249199
-0.166252
0.101694
-0.128127
-0.410533
-0.367331
-0.372106
-0.164357
-0.229321
0.040905
-0.036674
-0.289129
-0.203129
0.633267
-0.271106
-0.024710
0.774880
0.027253
0.118349
0.455495
-0.037166
0.128607
-0.099384
-0.432967
-0.296285
-0.474003
-0.392315
0.108551
-0.298226
-0.436226
-0.337085
-0.194860
-0.291152
-0.299224
-0.291033
-0.320987
-0.115824
-0.387831
0.018778
-0.087742
-0.325461
0.451861
-0.091209
-0.204446
-0.258980
-0.100764
-0.442116
-0.085532
-0.164768
0.061986
0.010577
-0.178789
-0.492217
-0.193474
0.096783
-0.475558
-0.573661
-0.372385
-0.308761
-0.486177
-0.407519
-0.498223
-0.518461
-0.433490
-0.620505
-0.453357
-0.647341
-0.518356
-0.608582
-0.441653
-0.493611
-0.562141
-0.479363
-0.554845
-0.548048
-0.459598
-0.394634
-0.584649
-0.515664
-0.426380
-0.510405
-0.074628
-0.023538
-0.350192
-0.419836
-0.244771
-0.150047
-0.100272
0.494393
1.098520
2.337470
2.804379
1.881363
3.584881
5.249406
1.194837
2.093267
4.038856
8.553719
5.156265
6.033040
2.016658
3.005010
4.379984
3.995218
10.654089
4.032214
1.469046
0.709212
0.331305
-0.223641
0.201412
-0.035688
0.045947
-0.214901
0.081897
-0.067914
0.134439
-0.109056
-0.217730
0.062714
-0.132582
-0.064328
0.160818
0.000027
0.350979
0.211426
1.388440
0.311404
-0.384675
-0.348423
-0.236616
-0.368039
-0.510178
-0.464566
-0.539612
-0.590091
-0.501929
-0.591155
-0.451783
-0.435181
-0.538799
-0.590636
-0.602176
-0.482138
-0.479833
-0.572052
-0.464379
-0.556326
-0.442761
-0.522634
-0.475175
-0.459453
-0.519682
-0.487930
-0.348491
-0.565787
-0.558045
-0.409442
-0.469937
-0.481849
-0.299624
-0.359430
-0.363559
-0.422013
-0.522819
-0.474021
-0.308595
-0.074020
0.039601
0.494645
-0.194172
0.432102
0.248032
-0.226356
-0.062826
-0.251103
-0.280432
-0.211486
0.015990
-0.235388
0.120975
-0.015500
-0.284881
-0.370923
0.032647
0.024647
-0.303229
-0.257616
-0.280585
-0.387385
-0.327900
-0.143119
0.498037
-0.150458
-0.113496
-0.302765
-0.447413
0.182971
-0.467593
-0.434757
-0.386148
-0.275634
-0.141240
0.428368
-0.252808
-0.215601
-0.044580
-0.313976
-0.278265
-0.110165
-0.242011
-0.224902
0.078298
-0.111215
-0.343674
-0.341758
-0.399215
-0.163433
-0.084079
0.078311
1.014568
-0.204557
-0.186314
0.217386
-0.081320
0.155903
1.125595
-0.102685
0.005848
-0.527673
-0.432446
-0.458022
-0.599275
-0.657217
-0.528359
-0.568701
-0.587156
-0.580836
-0.591325
-0.517190
-0.428502
-0.571379
-0.597230
-0.496077
-0.535890
-0.563540
-0.375653
-0.367012
-0.545363
-0.267001
-0.508946
-0.376498
-0.498166
-0.368742
-0.527201
-0.359289
-0.476173
-0.591264
-0.505677
-0.417454
-0.264121
-0.388253
0.218410
-0.233947
0.058892
0.399974
-0.194733
-0.167260
-0.337637
-0.214517
-0.176208
-0.469813
-0.270542
-0.160209
-0.080494
0.094510
-0.124236
-0.023113
0.107433
-0.517341
-0.346343
-0.308167
-0.356141
-0.281259
-0.389531
-0.260193
0.836199
-0.045523
0.305083
0.091398
0.150658
-0.140917
-0.138242
0.083231
-0.108194
0.059037
0.063513
-0.082684
0.033840
-0.039687
0.056199
0.120559
0.257815
0.518455
0.675497
0.207789
0.520453
0.430069
0.020138
0.632708
-0.247767
-0.403602
-0.305489
-0.328693
-0.252318
-0.272434
-0.343133
-0.470627
-0.235882
-0.159881
-0.231246
-0.196210
-0.196662
0.247949
-0.260706
-0.332290
-0.296717
0.201704
-0.273029
-0.093122
-0.093840
-0.310980
-0.121718
-0.367508
-0.266923
-0.120612
-0.042309
-0.011809
-0.420783
-0.309324
-0.116443
0.095434
0.106263
0.227651
0.235368
-0.209717
-0.096875
0.322879
-0.278395
-0.375269
-0.509109
-0.407320
-0.590620
-0.418333
-0.443686
-0.672354
-0.409766
-0.535451
-0.548738
-0.572064
-0.576146
-0.614878
-0.484510
-0.570280
-0.260591
-0.490301
-0.500909
-0.586500
-0.559395
-0.531849
-0.531787
-0.530932
-0.519294
-0.448995
-0.282554
-0.432944
-0.479648
-0.489197
-0.579437
-0.490319
-0.580240
-0.296636
-0.097396
-0.187032
-0.319267
-0.467547
-0.091026
-0.479590
-0.306225
-0.274498
-0.444253
-0.418473
-0.449348
-0.387600
-0.413673
-0.264626
-0.108557
0.255385
0.160868
-0.107660
-0.495732
-0.408244
-0.420016
-0.610321
-0.461506
-0.463895
-0.524078
-0.294112
-0.461966
-0.401355
-0.435666
-0.543753
-0.546793
-0.499311
-0.536795
-0.483349
-0.305483
-0.500368
-0.407060
-0.310097
-0.272724
-0.445051
-0.246810
-0.538445
-0.560938
-0.603695
-0.670071
-0.573421
-0.657551
-0.543430
-0.353342
-0.417742
-0.488126
-0.509724
-0.536664
-0.460639
-0.395939
-0.455068
-0.215978
-0.310823
-0.209692
0.010711
0.157438
0.206579
-0.364262
-0.001157
-0.124701
0.665716
-0.295239
0.196770
-0.215542
-0.411599
-0.290551
-0.643659
-0.550480
-0.430146
-0.438518
-0.496289
-0.597958
-0.481023
-0.327169
-0.456369
-0.580306
-0.342942
-0.409796
-0.475257
-0.279473
-0.475663
-0.231899
-0.503612
-0.410803
-0.157873
-0.484944
-0.538317
-0.575392
-0.603857
-0.614186
-0.691961
-0.581407
-0.502328
-0.587813
-0.589870
-0.544259
-0.485065
-0.452520
-0.410921
0.050965
-0.512706
-0.313030
0.189557
-0.227767
-0.462372
0.072027
-0.308920
0.111349
-0.246549
-0.197867
-0.337084
0.157173
-0.257635
-0.089741
-0.133054
-0.149205
0.177952
0.299523
-0.204340
0.123127
-0.306554
-0.180610
-0.309596
-0.442040
-0.316109
0.048846
-0.308705
0.008037
-0.498139
-0.510402
-0.474073
-0.314444
-0.497877
-0.475748
-0.455268
-0.586152
-0.478224
-0.256908
-0.594362
-0.553600
-0.649505
-0.607134
-0.700039
-0.371616
-0.625301
-0.586878
-0.463324
-0.495546
-0.618548
-0.131960
-0.581782
-0.336738
-0.441215
-0.558197
-0.435932
-0.350384
-0.526255
-0.360664
-0.566433
-0.351801
-0.390659
-0.033221
-0.341757
-0.513137
-0.404835
-0.140249
-0.410790
-0.252209
-0.449275
-0.520119
-0.571904
-0.416777
-0.091670
-0.485210
-0.550474
-0.255376
-0.568916
-0.517252
-0.202416
-0.158209
-0.367264
-0.459094
-0.467344
-0.361030
0.074998
0.285899
-0.259940
-0.266308
-0.102268
-0.103606
-0.295259
0.152019
0.179053
0.624814
0.377317
0.120383
0.611751
1.146267
3.118930
0.782405
0.180129
0.611756
0.785888
-0.120491
0.105175
-0.075535
-0.336492
-0.346332
-0.432954
-0.418020
-0.476320
-0.365086
-0.323767
-0.322400
-0.221845
-0.171905
-0.208097
-0.185676
-0.313325
-0.334240
-0.289607
-0.254188
-0.107392
0.038225
0.086265
0.390427
-0.049101
0.231799
-0.002156
0.257013
1.060163
0.487803
0.472463
0.183374
1.652770
-0.088080
0.384860
0.887717
1.005857
1.370663
0.595056
1.585943
1.797931
2.509114
0.638957
1.289852
1.499398
3.367806
1.241552
1.172925
1.169168
0.449677
0.407230
0.372461
1.063907
1.394945
0.673750
0.886919
0.995176
0.898293
0.689476
0.600413
0.891860
0.904855
0.332626
0.799747
1.047473
0.977303
0.600017
0.744343
0.288705
0.476445
0.199632
-0.403346
-0.265690
-0.329414
-0.230473
-0.514315
-0.586453
-0.571357
-0.505534
-0.453640
-0.581278
-0.573928
-0.577949
-0.595044
-0.585751
-0.591090
-0.571216
-0.554822
-0.504097
-0.486471
-0.587734
-0.544290
-0.343495
-0.485670
-0.412320
-0.074832
-0.389117
-0.416789
-0.283336
-0.443136
-0.348435
-0.410692
-0.423303
-0.541544
-0.477063
-0.514267
-0.326102
-0.472981
-0.542400
-0.563662
-0.516551
-0.372616
-0.463392
-0.527700
-0.438819
-0.375517
-0.238448
-0.271094
-0.501419
-0.145475
-0.597549
-0.416092
-0.402663
-0.657336
-0.617395
-0.678294
-0.664176
-0.616764
-0.616752
-0.530170
-0.613306
-0.615099
-0.584061
-0.628959
-0.706153
-0.219074
-0.524342
-0.611531
-0.339765
-0.337255
-0.514871
-0.234244
-0.510755
-0.119968
-0.389845
-0.590900
-0.454916
0.210923
-0.097180
-0.298038
-0.480483
0.057458
-0.152936
-0.470035
-0.460937
-0.473233
-0.274836
-0.466722
-0.286897
-0.489119
-0.456924
-0.014908
-0.349826
-0.199179
-0.269110
-0.265704
-0.358638
-0.399657
-0.347649
-0.199308
-0.266091
-0.500376
-0.385942
-0.487906
-0.234444
-0.552702
-0.515540
-0.360221
-0.419587
-0.387487
-0.410460
-0.215348
-0.304023
-0.187753
-0.388917
-0.331865
0.087038
-0.257888
-0.525722
0.327901
-0.341237
-0.008662
-0.330931
-0.256155
-0.412540
-0.410294
-0.151136
-0.337960
-0.276619
-0.219378
-0.105060
-0.111170
-0.074293
-0.136638
0.067194
1.049262
0.329725
0.475348
-0.005514
0.067666
-0.013371
0.038427
0.002178
0.449595
0.171626
0.208587
0.226008
0.270974
0.022823
0.213776
0.841940
0.482442
0.453005
0.531073
0.264702
0.093685
0.815809
1.054348
7.237671
18.545138
8.560046
12.162069
8.511492
9.062279
11.865749
5.882468
8.476413
6.360927
9.698392
10.105264
11.853594
5.525259
7.045604
7.641555
12.216052
9.076533
6.506788
7.803034
3.992291
2.161845
5.096016
4.412313
3.809124
1.551178
3.306604
-0.489270
-0.469761
-0.374792
-0.534071
-0.437700
-0.540387
-0.524989
-0.043446
-0.320784
-0.507544
-0.440871
-0.546423
-0.244052
-0.340571
-0.396025
0.176785
0.291143
0.053076
0.073431
-0.017211
0.025888
0.047205
0.436877
-0.095494
0.364596
0.678055
1.736242
0.515159
-0.136868
0.057083
0.480505
-0.237860
0.128844
-0.300657
-0.234063
0.081130
-0.080922
-0.090967
0.150940
-0.312285
-0.013752
0.388443
0.194823
0.535448
0.516597
0.467102
0.262037
0.513287
-0.007485
0.512114
-0.045911
1.301286
0.010457
0.015720
0.077131
-0.218746
-0.231108
-0.362424
-0.371024
-0.396181
-0.266380
-0.266508
0.077485
0.202824
-0.093125
0.318084
-0.047859
0.148017
-0.016251
0.644261
0.206700
0.172240
0.121456
0.260946
0.250438
-0.066214
0.467279
0.160754
5.191884
0.328339
0.823964
0.061110
0.318045
0.427907
2.571783
2.027642
0.784150
0.707541
0.518959
0.028905
-0.446491
-0.281874
-0.504618
-0.424284
-0.171383
0.095907
0.581664
0.288500
-0.095005
-0.098891
-0.071580
-0.041635
0.100809
-0.111432
-0.008481
0.196040
0.506395
-0.095116
0.011365
0.478891
0.423063
0.216711
0.211626
1.153252
-0.177485
-0.383920
0.673199
-0.151316
0.423781
0.001271
-0.025973
-0.199478
-0.091466
0.264762
-0.228213
0.075486
-0.356227
-0.398776
-0.382990
-0.503009
-0.385274
-0.300390
-0.435091
-0.574436
-0.451025
-0.190877
-0.264651
-0.230530
-0.450448
-0.346548
-0.357786
-0.302330
-0.248533
-0.280720
-0.347873
-0.122902
-0.391317
-0.289825
-0.362159
-0.172006
0.008730
0.196378
0.788617
0.159199
0.531293
0.411405
0.493024
0.730177
0.494691
0.138661
2.185206
1.376610
0.799489
1.450556
0.485937
0.720949
0.274134
0.884721
-0.250706
0.605597
0.110401
0.111874
0.326127
0.428243
0.406899
-0.015100
-0.055918
-0.220346
-0.193068
-0.378307
-0.067091
-0.040079
1.371825
-0.349281
-0.160630
-0.209398
0.595735
0.730737
1.766686
0.676098
-0.101333
-0.028948
-0.231424
0.101001
-0.104450
-0.098990
0.677511
0.262686
0.146870
1.197971
0.623303
0.617782
0.622628
0.804757
1.458173
1.671357
0.943690
0.586153
1.090579
0.440995
1.058328
0.621628
0.440283
0.181620
0.290635
0.130026
-0.069461
-0.004687
0.581829
-0.217281
-0.178087
0.520939
0.370797
0.347799
0.593678
0.243835
0.037462
0.356831
-0.125269
-0.190865
-0.054229
0.688569
0.547497
-0.205141
-0.286670
0.057117
-0.566035
-0.352036
-0.430163
-0.503271
-0.410340
-0.489500
-0.485229
-0.399564
-0.408374
-0.446016
-0.250414
0.063786
-0.286052
-0.132632
2.214208
-0.318857
0.182120
0.225915
-0.187473
-0.042725
-0.235361
-0.360347
-0.312887
-0.289278
-0.297109
-0.434005
-0.445608
-0.154619
-0.163611
-0.358203
-0.424298
-0.345303
-0.389767
-0.187967
0.167409
0.368783
0.367853
-0.246081
0.069519
-0.423856
-0.100046
0.027854
0.166172
-0.251460
-0.203278
0.002318
-0.005997
-0.406356
-0.266415
0.231082
-0.379706
-0.142569
-0.070573
-0.360947
0.112408
-0.188594
0.687899
-0.388080
-0.387267
-0.334524
-0.191018
0.293165
0.767866
0.096054
-0.129112
-0.172899
-0.331780
-0.210493
-0.232044
-0.171725
-0.150757
-0.273771
-0.138599
-0.226754
-0.223158
-0.279691
-0.109921
-0.143643
-0.200759
-0.196312
-0.255756
-0.442748
-0.297986
-0.145415
-0.309360
-0.344183
-0.224889
-0.568160
-0.428333
-0.454929
0.196315
-0.197392
-0.252605
-0.289042
-0.240220
-0.322194
-0.149308
-0.130383
0.241044
-0.281156
0.478156
-0.202509
-0.280252
1.277124
-0.233028
-0.211528
-0.187840
-0.233773
-0.316210
0.064553
0.077261
-0.416704
-0.368344
-0.646215
-0.446554
-0.500557
-0.557155
-0.535687
-0.579717
-0.438104
-0.410398
-0.645357
-0.620797
-0.537470
-0.617093
-0.492234
-0.371918
-0.395697
0.068664
-0.520220
-0.256022
-0.129413
-0.418070
-0.285864
-0.549288
-0.609070
-0.570537
-0.592067
-0.641601
-0.660419
-0.660538
-0.599834
-0.658021
-0.597035
-0.528196
-0.175532
-0.231347
-0.319910
-0.102080
1.113106
0.005586
-0.215326
-0.119071
-0.072415
-0.272836
-0.243901
0.014428
0.129852
0.460922
1.314056
2.448867
1.776468
2.490514
2.137111
2.140261
1.940417
2.294330
3.734409
2.819057
3.671424
2.774479
3.012402
3.365577
4.312020
2.503921
3.505899
1.803777
3.398831
1.325747
0.452490
-0.007559
0.613516
-0.015744
0.046662
0.262677
0.450217
0.396979
0.838665
0.424625
0.280736
2.007265
0.346624
0.396912
0.601665
0.981577
0.747853
1.593841
1.640482
0.956020
1.419352
2.057424
1.317088
0.771687
1.212796
0.570421
0.704038
0.489637
0.541513
0.589188
1.263162
0.921645
2.418625
1.763819
1.042503
1.079686
1.378012
0.805298
3.341704
2.975397
2.280253
1.074727
2.122488
2.612751
2.317143
2.934325
2.922469
0.769102
0.219307
-0.318272
0.303076
0.117263
-0.272212
-0.285833
-0.265742
-0.060528
-0.207537
-0.280149
-0.055775
0.287776
0.115608
0.103950
0.042190
0.112384
0.711283
-0.139093
-0.207950
-0.257890
-0.402032
0.317130
-0.295536
0.013024
-0.160625
-0.227015
-0.042656
-0.156406
-0.283748
-0.361444
0.055390
-0.343071
-0.431420
-0.214976
-0.419091
-0.279950
0.098448
-0.184981
-0.215649
-0.188339
-0.411943
-0.331823
-0.479115
-0.459451
-0.446658
-0.491400
-0.301486
-0.204674
-0.340428
-0.211088
0.007862
-0.093713
-0.223059
-0.154380
-0.041418
-0.029814
-0.072695
-0.238755
0.095859
-0.179969
-0.199839
-0.094521
-0.375343
-0.420433
-0.329702
-0.213083
-0.267696
-0.224811
-0.324135
-0.039019
0.675185
-0.244082
-0.419734
0.433367
0.232668
0.013157
-0.105575
-0.443490
-0.570102
-0.315223
-0.590898
-0.598121
-0.644653
-0.679634
-0.649921
-0.525792
-0.569562
-0.324975
-0.648312
-0.387232
-0.570522
-0.596188
-0.457718
-0.573427
-0.164492
-0.205187
-0.393098
0.090204
0.009260
-0.330045
-0.090506
-0.312492
0.480063
-0.379999
-0.400718
-0.220838
-0.260986
-0.534459
-0.442255
-0.390823
-0.458420
-0.342603
-0.242105
0.044954
0.116015
1.765280
0.865894
0.652125
1.063509
0.182435
2.126117
0.961908
0.415263
0.511198
0.101033
0.727842
0.788270
0.016703
0.031699
-0.180273
-0.313853
-0.318085
-0.518727
-0.516615
-0.345508
-0.568382
-0.379607
-0.520786
-0.388465
-0.469974
-0.519614
-0.437668
-0.310983
-0.407261
0.126369
-0.329414
-0.408286
-0.176427
-0.212602
-0.232542
-0.267338
-0.087729
-0.261677
-0.402095
-0.269763
-0.212895
-0.141460
-0.154130
-0.198927
0.200836
-0.113917
-0.185751
0.037069
-0.259233
-0.239632
-0.066741
-0.321985
-0.257146
-0.213355
-0.455738
-0.298247
0.118788
-0.226254
-0.097163
-0.002756
0.046068
0.109773
0.176814
0.036399
0.027029
-0.013117
0.227699
0.048138
-0.179864
0.065887
-0.207753
-0.189658
0.060824
-0.159908
0.044414
-0.357038
-0.368307
-0.521821
-0.583946
-0.534055
-0.495751
-0.604905
-0.410648
-0.563601
-0.599441
-0.624834
-0.570740
-0.589195
-0.334138
-0.521593
-0.396532
-0.498235
-0.598250
-0.567869
-0.483774
-0.337636
-0.289648
-0.375386
-0.331467
-0.455792
-0.320482
-0.500096
0.069208
0.075076
-0.305392
-0.550406
-0.254545
-0.498370
-0.397107
-0.635337
-0.633202
-0.598915
-0.409600
-0.566830
-0.508392
-0.474457
-0.595873
-0.299075
-0.551199
-0.537961
-0.559059
-0.064817
-0.315399
-0.581766
-0.551332
-0.519462
-0.348030
-0.102253
-0.509496
-0.496300
-0.534113
-0.588395
-0.708245
-0.620319
-0.626868
-0.620219
-0.610576
-0.660216
-0.653967
-0.687426
-0.675830
-0.565825
-0.624878
-0.682513
-0.544218
-0.583253
-0.588982
-0.633605
-0.469228
-0.523199
-0.361929
-0.375574
-0.265376
1.923422
-0.258819
-0.429134
-0.212814
-0.574328
-0.172565
1.638963
0.875347
0.736518
1.225173
0.369305
0.223227
0.473434
-0.224209
0.267882
-0.103764
-0.157016
0.553688
0.236738
1.217061
0.193289
0.265773
0.018766
0.083407
0.620979
0.160395
0.452017
0.552677
-0.005676
0.727253
0.170110
-0.127997
-0.363352
-0.284075
-0.126947
0.516619
0.068234
0.059774
0.033162
-0.077955
-0.152417
-0.026844
-0.045421
-0.069690
-0.097326
-0.357554
-0.123263
-0.192142
-0.107032
0.594395
0.152609
0.081721
0.665396
-0.294553
-0.043542
-0.159613
-0.390464
-0.223751
-0.356977
-0.469928
-0.257022
-0.108181
-0.368988
-0.326221
-0.062770
-0.346877
-0.362683
-0.174996
-0.053502
-0.193439
-0.322076
-0.194324
-0.468622
-0.428255
-0.500854
-0.506035
-0.501033
-0.611116
-0.578464
-0.524924
-0.293905
-0.304513
-0.350935
-0.702372
-0.655960
-0.551895
-0.605899
-0.613312
-0.602963
-0.468218
-0.234290
0.425176
-0.280633
-0.313983
-0.370860
-0.520809
-0.416722
-0.593764
-0.487536
-0.455706
-0.513285
-0.459339
-0.532599
-0.496104
-0.452926
-0.247286
-0.377087
0.015529
-0.271595
-0.459917
-0.373733
-0.204742
0.283016
0.477356
0.069330
-0.309389
0.263606
0.168240
-0.378949
-0.414079
-0.181987
-0.094922
-0.070006
0.175869
0.374519
-0.361720
-0.332320
-0.465277
-0.574451
-0.608586
-0.509305
-0.446743
-0.620273
-0.576818
-0.579345
-0.514481
-0.413933
-0.456402
-0.332253
-0.398762
-0.463820
-0.192073
-0.455645
-0.263242
-0.612425
-0.408304
-0.601285
-0.527466
-0.627121
-0.686049
-0.663854
-0.627822
-0.450893
-0.503694
-0.609434
-0.435726
-0.043968
-0.234891
-0.388703
-0.422449
-0.365748
-0.009800
-0.281840
-0.210013
-0.274955
-0.283603
-0.342619
0.057980
0.029690
-0.488490
-0.426811
-0.428037
-0.432375
-0.445393
-0.389766
-0.457620
-0.383462
-0.278013
-0.260936
0.253595
0.046908
0.388060
0.300463
0.882567
0.283591
0.321366
0.852044
0.017590
0.631373
-0.248103
-0.160358
0.491907
1.321829
0.140643
-0.338766
-0.422665
-0.526033
-0.389070
-0.253601
-0.436591
-0.380460
-0.288356
-0.485444
-0.151930
-0.556418
-0.344269
-0.363624
-0.426934
-0.063649
-0.370790
-0.409477
-0.100733
-0.541159
-0.494796
-0.040836
-0.432323
-0.308852
-0.167336
-0.102741
0.331738
0.080317
-0.083979
0.581659
5.018923
1.011294
0.161346
0.128852
0.275542
0.133931
0.382490
0.665997
0.185166
-0.070784
0.032664
0.094038
-0.205689
-0.013430
0.193698
0.499002
0.805820
-0.082066
-0.104212
0.111031
0.558921
0.179500
0.225660
-0.025690
0.239928
0.294868
0.171479
0.402962
0.172312
0.493389
0.257722
-0.099614
-0.155817
0.212759
-0.106254
0.063454
0.844672
0.053002
-0.237058
-0.118167
-0.089510
-0.053149
0.204078
-0.179327
-0.241129
-0.069789
-0.304371
-0.392866
0.283265
-0.174119
0.206473
0.178919
0.799589
0.336594
1.639332
1.018655
0.442118
0.450146
0.119809
0.551904
0.426089
-0.022588
-0.188481
-0.261733
-0.106844
0.034066
-0.177538
0.151098
-0.003064
-0.130962
-0.240301
-0.182614
0.828665
0.557746
0.870572
4.448288
1.053300
1.704407
1.485933
2.471160
2.344762
2.479811
5.170340
2.335681
1.588563
1.419494
0.398518
1.863790
4.953162
1.895090
4.846254
4.001557
3.801852
3.749413
1.267207
0.269371
2.871420
0.935116
2.064998
3.630196
11.957831
6.634659
4.777167
2.725161
2.325538
7.972385
3.440692
6.604767
6.321043
2.843988
1.219592
1.814609
6.095748
4.525984
2.885739
2.096101
2.534162
-0.083807
1.192114
0.019538
0.012199
0.252024
-0.025343
-0.223987
0.001013
-0.266650
0.013173
0.076441
0.044777
0.226586
-0.060161
-0.109601
-0.030936
0.005838
0.376472
-0.097569
-0.191040
-0.003418
0.430083
-0.113871
0.045187
-0.388454
-0.476287
-0.420472
-0.537091
-0.504292
-0.507725
-0.215956
-0.393512
-0.540452
-0.254661
-0.189494
-0.114168
-0.314425
-0.058744
-0.318685
0.130252
-0.102223
-0.169353
0.127376
0.158627
-0.094792
-0.550235
-0.460678
-0.385655
-0.477219
-0.540238
-0.400460
-0.562315
-0.370990
-0.355120
-0.261996
0.035344
-0.520786
-0.447277
-0.222753
-0.084225
-0.086498
-0.075478
-0.105847
-0.141157
-0.062788
-0.009610
-0.035633
0.633657
0.569691
-0.318862
-0.193024
-0.475397
-0.229758
-0.516976
-0.433912
-0.603960
-0.658717
-0.575891
-0.583451
-0.535928
-0.194564
-0.511039
0.120433
-0.296104
-0.397251
-0.135055
-0.270454
-0.478289
-0.324611
-0.311467
-0.268430
-0.251882
-0.233973
-0.455605
-0.095940
-0.459485
-0.511870
-0.507800
-0.562901
-0.537821
-0.518588
-0.476616
-0.633581
-0.412951
-0.622087
-0.521565
-0.112535
-0.566228
-0.321929
-0.528141
-0.626297
-0.480593
-0.538522
-0.395807
-0.261402
-0.602793
-0.406886
-0.538975
-0.543657
-0.522952
-0.631007
-0.640272
-0.624114
-0.632261
-0.484505
-0.349382
-0.567096
-0.520992
-0.578996
-0.570567
-0.661653
-0.443157
-0.550840
-0.523716
-0.419075
-0.293277
-0.331258
-0.479234
-0.368565
-0.300843
-0.466429
-0.399063
-0.387329
-0.456749
-0.612032
-0.462112
-0.387136
-0.427548
-0.421195
-0.411608
-0.473760
-0.234131
-0.407882
-0.584767
-0.500006
-0.626405
-0.531473
-0.556751
-0.468634
-0.515963
-0.347251
0.136029
-0.423746
-0.492545
-0.587982
-0.441642
-0.534478
-0.559583
-0.605565
-0.521043
-0.592995
-0.612004
-0.474934
-0.460082
-0.403480
-0.391427
-0.389632
-0.518982
-0.504382
-0.242629
0.131435
-0.086246
-0.209264
-0.223472
-0.176202
-0.311099
0.222855
-0.130799
-0.498165
-0.472210
-0.552472
-0.387955
-0.427637
-0.334902
-0.537875
-0.440230
-0.131705
-0.012843
-0.391170
-0.081804
-0.165124
-0.126718
-0.147050
-0.217796
-0.357447
-0.192026
-0.015538
-0.206986
-0.431524
0.354181
-0.117964
-0.356638
-0.307490
-0.339219
0.600160
-0.487103
-0.474944
-0.519005
-0.504343
-0.445177
-0.135887
-0.399403
-0.363666
-0.267727
-0.178647
-0.446728
-0.198319
0.103496
-0.334944
-0.312037
-0.284876
-0.207247
0.313889
-0.046727
-0.285926
-0.525340
-0.387140
-0.380232
-0.314988
-0.355154
-0.536241
-0.380586
-0.354507
0.504433
-0.044648
-0.453359
-0.135014
-0.207557
-0.225837
-0.369447
-0.088890
-0.162548
-0.198777
0.011594
-0.117265
-0.229454
-0.247181
-0.375796
-0.596375
-0.518169
-0.343954
0.077212
-0.205428
-0.286686
-0.457978
-0.440691
-0.507222
-0.609790
-0.600179
-0.568528
-0.626630
-0.552238
-0.435638
-0.433081
-0.288860
-0.250005
-0.430665
-0.263848
-0.195633
-0.340981
-0.280342
-0.188696
-0.083481
-0.304462
-0.307644
-0.456736
-0.605327
-0.451196
-0.568827
-0.503375
-0.626713
-0.646357
-0.597127
-0.447551
-0.587472
-0.625697
-0.541607
-0.616203
-0.547333
-0.359160
-0.455944
-0.458024
-0.367709
-0.373326
-0.431722
-0.347002
0.418033
-0.538903
-0.458180
-0.538711
-0.524011
-0.544159
-0.615543
-0.582462
-0.553979
-0.520765
-0.426959
-0.448746
-0.375918
-0.270366
-0.448096
-0.350886
-0.377676
-0.348323
-0.211987
-0.408261
-0.175779
-0.419927
-0.182124
-0.365597
-0.464434
-0.495843
-0.421090
-0.591926
-0.525153
-0.550024
-0.578597
-0.455358
-0.499853
-0.395734
-0.476618
-0.534026
-0.344666
-0.296516
-0.253070
-0.310282
-0.330541
-0.336345
-0.383013
-0.009458
-0.311321
-0.440990
-0.407786
0.085859
-0.136194
-0.217768
-0.436947
-0.361319
-0.207074
-0.466804
-0.326952
-0.333214
-0.213392
-0.172336
-0.346442
0.173591
-0.202579
-0.406597
-0.254986
-0.467665
-0.243897
-0.409623
-0.046718
-0.143073
0.661515
-0.032304
0.010631
-0.125224
-0.450233
-0.049145
-0.282567
-0.315491
-0.406451
-0.545855
-0.407164
-0.466325
-0.550951
-0.621939
-0.575089
-0.552064
-0.583191
-0.417910
-0.569306
-0.619527
-0.393237
-0.443633
-0.557611
-0.648375
-0.475474
-0.413000
-0.414082
-0.103876
0.061414
-0.325557
-0.364118
-0.402504
-0.251956
-0.434701
-0.523009
-0.434344
-0.368290
-0.169969
-0.591720
-0.407729
-0.180104
-0.258583
-0.386151
-0.079554
-0.371741
-0.354908
-0.412777
-0.238410
-0.393904
-0.322941
-0.223531
-0.455031
0.124062
-0.469589
-0.093158
-0.385389
-0.131221
-0.490290
-0.493409
-0.523237
-0.456776
-0.545996
-0.564562
-0.573554
-0.609370
-0.542620
-0.488023
-0.553811
-0.590074
-0.364020
-0.522456
-0.506776
-0.288546
-0.448431
-0.475726
-0.545416
-0.523083
-0.481020
-0.596934
-0.463224
-0.572957
-0.510270
-0.331960
-0.514644
-0.507369
-0.428832
-0.564477
-0.392652
-0.345846
-0.361130
-0.548281
-0.671330
-0.643406
-0.617655
-0.547684
-0.489452
-0.542334
-0.561516
-0.457115
-0.561736
-0.452368
-0.425744
-0.598037
-0.511923
-0.546482
-0.625820
-0.580139
-0.648907
-0.618069
-0.660626
-0.508620
-0.248815
-0.645746
-0.647665
-0.612967
-0.608314
-0.429385
-0.547965
-0.443936
-0.605936
-0.564547
-0.465437
-0.333480
-0.403663
-0.510533
-0.499601
-0.400117
-0.322849
-0.556109
-0.520983
-0.585812
-0.403962
-0.439384
-0.345535
0.183587
-0.228436
-0.166570
-0.054218
0.251791
-0.205409
-0.231266
-0.102675
-0.380901
-0.106518
0.144752
-0.222044
0.348290
1.163139
-0.234606
-0.319108
-0.470188
-0.444829
-0.416969
-0.492035
-0.440744
-0.584518
-0.547701
-0.510189
-0.284857
-0.487764
-0.471281
-0.520349
-0.365537
-0.380390
-0.126541
-0.503786
-0.276856
-0.448170
-0.322258
-0.382366
-0.335758
-0.174905
-0.173565
-0.240373
-0.141227
-0.307192
-0.320819
-0.204741
-0.401019
-0.252853
-0.487128
-0.267868
-0.255839
-0.299742
-0.298247
-0.199325
-0.129804
0.325582
0.237047
-0.376302
-0.374502
-0.179000
-0.194365
-0.307098
-0.442977
-0.369904
0.191972
-0.005863
0.985798
0.707694
1.324828
0.714399
1.244607
1.615692
1.412771
0.911059
0.845565
0.828894
0.731859
2.527289
1.603388
0.595239
0.609186
0.286892
0.903459
0.075826
-0.012282
0.122254
-0.343492
0.148891
-0.323664
-0.221142
-0.174873
-0.310970
-0.103057
0.152245
0.000964
0.323386
0.091424
0.673620
-0.152083
-0.290229
-0.241432
-0.312206
-0.455026
-0.301163
-0.331001
-0.203836
-0.207310
-0.099746
-0.173078
-0.325891
-0.128200
0.122933
-0.069672
-0.048986
-0.192598
0.203952
-0.124803
0.086722
0.034848
-0.168722
-0.325680
0.344376
-0.231471
0.413714
-0.065677
-0.111377
-0.197665
0.069814
1.070899
-0.232726
1.025266
-0.010909
0.001666
-0.135919
0.032604
-0.318690
-0.265865
-0.419809
-0.325116
-0.326529
-0.420319
-0.239208
-0.561652
-0.370940
-0.294288
0.439260
-0.075417
-0.178574
-0.447137
0.003140
-0.324293
-0.427931
-0.371421
-0.385844
-0.317790
0.024977
-0.098770
-0.266807
-0.260812
-0.235352
-0.236388
-0.130054
-0.165956
-0.198318
-0.070217
-0.043769
0.139196
0.160331
-0.174274
0.021408
0.007870
0.359411
0.058425
-0.270550
-0.218587
-0.245422
0.025161
-0.062670
-0.217891
0.083263
0.012562
-0.129765
0.183291
0.160103
-0.238233
-0.232710
-0.405041
-0.285804
-0.222114
0.001627
-0.070683
0.016145
0.001350
-0.293507
-0.258807
-0.399920
-0.370019
-0.238625
-0.406497
-0.487361
-0.473061
-0.252613
-0.377001
0.077593
-0.210947
-0.387751
-0.357478
-0.429213
0.127931
0.537400
-0.318404
-0.552498
-0.473833
-0.572135
-0.277936
-0.438805
-0.538200
-0.311916
-0.185202
-0.148567
-0.320425
-0.270075
-0.381564
-0.268712
-0.161751
-0.420583
-0.418259
-0.443817
-0.398613
-0.208715
-0.481591
0.128800
-0.267623
-0.334259
0.099500
-0.397295
-0.335503
-0.629821
-0.585055
-0.599627
-0.529178
0.963916
0.501267
0.003684
2.277886
0.472279
0.390580
0.193007
0.399877
0.189936
-0.007901
0.776369
0.018969
0.324889
1.397450
-0.005387
-0.125587
-0.160776
0.391855
0.895448
0.280296
0.917464
0.305401
0.730353
0.255918
1.078620
0.888147
0.671019
2.417566
1.040439
0.751431
0.953632
0.663466
1.195458
1.112238
1.029280
0.347769
1.095457
0.430619
0.188688
0.768036
0.711453
1.792581
1.491862
4.116380
2.270526
1.297765
0.589160
0.206378
0.403338
-0.112400
0.331357
-0.226053
0.345881
-0.210844
-0.364428
-0.099576
-0.412365
-0.333593
-0.203923
-0.297040
-0.303905
-0.328531
-0.299142
-0.275239
-0.443210
-0.345307
-0.435104
-0.499075
-0.458111
-0.333122
-0.547311
-0.101203
-0.458157
-0.436340
-0.488270
-0.191083
-0.297212
-0.296211
-0.414341
-0.498154
-0.372367
-0.352926
-0.312699
-0.259750
-0.276505
-0.099147
-0.419971
0.002252
-0.163200
-0.154211
-0.099551
0.003091
-0.243778
0.008494
-0.090025
0.721655
0.160722
-0.134433
0.567243
0.477162
-0.319870
0.037681
-0.011590
0.048412
-0.072166
-0.371686
-0.113253
-0.404323
-0.137628
0.376327
-0.428558
-0.336974
-0.498633
-0.278328
-0.404829
-0.299055
-0.317917
-0.445476
-0.470085
-0.530390
-0.582004
-0.475447
-0.403979
-0.500392
-0.196922
-0.304594
-0.333105
0.093913
-0.340528
-0.332024
-0.446591
-0.481028
-0.289294
-0.139432
-0.010878
-0.443509
-0.489003
-0.417256
-0.401063
-0.565934
-0.588450
-0.478952
-0.571186
-0.460681
-0.581449
-0.599451
-0.566757
-0.524313
-0.085080
-0.424420
-0.543670
-0.563346
-0.521219
-0.411442
-0.487228
0.279544
-0.371441
-0.478833
-0.417877
-0.327820
-0.362255
-0.346090
-0.343653
-0.362328
-0.256969
-0.459705
-0.429974
-0.310463
-0.359145
-0.463042
-0.320543
-0.512709
-0.379678
-0.634180
-0.502832
-0.651586
-0.242976
-0.577600
-0.381561
-0.450390
-0.469331
-0.524228
-0.524344
-0.406620
-0.518061
-0.506178
-0.606934
-0.581765
-0.522910
-0.674942
-0.492509
-0.576024
-0.584918
-0.637670
-0.404566
-0.594179
-0.528603
-0.516506
-0.656533
-0.491202
-0.468792
-0.484512
-0.539032
-0.361142
-0.532221
-0.580376
-0.423209
-0.438196
-0.447781
-0.400839
-0.518365
-0.325380
-0.305794
-0.608911
-0.437130
-0.610827
-0.507064
-0.635772
-0.406562
-0.390620
-0.438986
-0.607883
-0.484119
-0.593544
-0.597972
-0.583468
-0.618518
-0.590816
-0.585034
-0.576676
-0.509551
-0.422331
-0.042552
-0.358921
-0.292307
-0.266174
-0.547184
-0.509533
-0.533894
-0.418907
-0.508840
-0.590993
-0.496842
-0.643337
-0.627854
-0.649362
-0.625483
-0.329661
-0.351685
-0.493751
-0.497306
-0.529980
-0.472377
-0.600133
-0.485815
-0.511385
-0.597205
-0.574593
-0.508183
-0.633198
-0.296632
-0.574209
-0.620038
-0.634014
-0.668490
-0.605817
-0.562886
-0.589294
-0.623246
-0.560447
-0.476970
-0.414060
-0.431688
-0.489949
-0.563648
-0.412173
-0.332280
-0.532452
-0.459476
-0.514014
-0.257829
-0.322070
-0.545369
-0.393116
-0.419373
-0.406987
-0.472787
-0.453612
-0.497041
-0.467683
-0.420459
-0.427853
-0.373956
-0.435452
-0.467441
-0.347100
-0.471208
-0.572122
-0.505933
-0.264680
-0.463967
-0.570291
-0.587007
-0.600006
-0.457970
-0.543674
-0.615117
-0.513196
-0.590679
-0.649933
-0.680229
-0.505313
-0.516962
-0.349416
-0.505598
-0.525811
-0.527722
-0.586529
-0.603140
-0.433414
-0.545661
-0.443444
-0.558597
-0.485341
-0.597836
-0.384253
-0.486711
-0.292573
-0.492892
-0.538347
-0.563144
-0.624512
-0.615551
-0.605451
-0.540015
-0.569979
-0.488723
-0.555716
-0.328506
-0.422345
-0.432610
-0.389922
-0.322710
-0.213037
-0.289224
-0.317865
-0.406700
-0.331565
-0.287670
-0.394932
-0.269253
-0.248113
-0.397662
-0.449376
-0.498281
-0.500613
-0.543862
-0.399867
-0.520154
-0.360622
-0.381278
-0.305675
-0.527884
-0.437705
-0.455081
-0.497864
-0.440863
-0.479100
-0.330049
-0.176398
-0.422168
0.166858
-0.079866
-0.394760
-0.475632
-0.230908
-0.293327
-0.379811
-0.509948
-0.534184
-0.450554
-0.589954
-0.468923
-0.413822
-0.392288
-0.386668
-0.475040
-0.227287
-0.486072
-0.281925
-0.386851
-0.423595
-0.435423
-0.001142
-0.486721
-0.138001
-0.495989
-0.417732
-0.238638
-0.024210
-0.332209
-0.323529
-0.477915
-0.493204
-0.504586
-0.473039
-0.510956
-0.599213
-0.592995
-0.386542
-0.618609
-0.652359
-0.616165
-0.525460
-0.083358
-0.519914
-0.503847
-0.515403
-0.525223
-0.437049
-0.383850
-0.432014
-0.370213
-0.310567
-0.438544
-0.537944
-0.258218
-0.432538
-0.342779
-0.431478
-0.318000
-0.472750
-0.197846
-0.501636
0.397519
1.423640
0.325661
0.059048
0.706725
0.141943
0.190921
0.069147
0.960803
0.305861
1.193851
0.515214
0.041706
0.408463
0.260582
0.379094
0.785361
0.939999
1.017278
0.177515
1.819871
0.376314
1.048422
1.284021
1.008428
3.872245
0.311019
1.804879
2.262444
0.856878
2.383352
1.747969
0.830994
1.784400
0.344156
0.444039
-0.295558
-0.170983
-0.119056
-0.326608
-0.174030
-0.095226
-0.087315
0.101783
-0.161544
0.068547
-0.201357
-0.088002
0.004004
-0.028072
-0.159480
-0.173603
-0.308330
-0.116673
-0.328058
-0.208272
-0.282626
-0.073096
-0.106357
1.373679
0.224559
0.854884
0.790460
0.116373
1.187235
0.943038
1.663225
0.524591
0.639456
0.739915
0.527552
0.259687
0.203986
0.662867
0.233390
1.569993
0.409449
0.746552
1.176814
0.987426
0.073887
0.612207
0.644650
0.482436
0.110584
0.300766
1.250360
0.884733
1.509491
1.177712
1.988760
1.479580
2.430004
0.545788
1.304612
0.220907
0.482194
0.007480
-0.025119
-0.237115
-0.134314
-0.110805
0.224469
0.081520
0.161164
0.027107
0.523896
1.667108
0.360116
-0.127489
0.003134
0.200247
0.825101
0.200199
0.715552
1.054157
0.670051
3.521762
1.886148
0.493917
0.109817
1.086075
0.681535
0.456127
0.218371
0.504401
0.043425
0.383721
0.459795
0.123072
0.212805
0.133943
0.544215
-0.098958
-0.161105
0.855997
0.878768
0.613382
0.321806
1.580589
0.464700
0.235775
-0.062243
0.178065
0.082158
-0.210998
0.709833
0.151084
-0.120596
0.988646
0.110658
0.604152
-0.081800
-0.181662
0.078982
-0.169759
-0.508749
-0.511273
-0.250123
-0.211285
-0.231503
-0.069867
-0.264169
-0.301113
-0.233590
-0.401715
-0.404028
-0.057919
-0.304375
-0.198443
-0.173003
0.010054
0.160479
-0.217035
-0.343956
-0.419153
-0.288324
-0.184412
-0.167316
-0.396477
-0.434550
-0.281501
-0.365205
-0.298472
-0.317313
-0.394118
-0.170689
0.050891
-0.267356
-0.396261
0.677272
0.298961
0.347681
0.785166
1.158397
0.661723
0.367097
0.869318
0.277390
0.233450
0.133796
0.267506
0.380963
0.055182
-0.015063
-0.147963
-0.197289
-0.084760
0.096249
0.251886
-0.145749
-0.020982
0.274926
-0.032634
0.162856
0.681312
-0.298009
-0.072193
-0.044720
-0.162547
-0.168671
-0.181114
-0.191383
-0.245516
-0.218487
0.208556
-0.016785
0.108488
0.165871
0.743761
0.373665
0.304046
-0.112820
-0.163081
-0.297055
0.103833
0.142167
0.056397
1.135094
-0.052218
-0.089140
-0.206631
-0.030347
0.192115
-0.031972
0.048177
-0.073240
0.138881
0.321479
0.134484
0.641661
0.179851
0.412261
0.502810
0.769018
0.584545
0.546419
0.281837
0.207198
0.476073
0.513233
1.624873
0.912322
2.377684
2.280250
0.412533
2.402361
1.790569
1.381653
0.637996
0.525125
0.747292
0.785067
0.363428
0.651534
0.455528
1.311510
0.791695
0.573744
0.255754
0.130347
0.041999
-0.036104
0.534782
0.360792
1.041960
1.061770
0.630305
1.468363
1.273910
0.963923
0.553889
0.539497
1.211853
3.045485
1.852604
1.282813
1.350645
1.098338
1.004166
1.162047
1.242306
1.830658
1.626518
1.898206
1.581773
0.608596
2.237897
2.792522
0.900043
0.605667
1.150424
1.345488
0.971777
1.880853
0.791636
0.254297
1.013369
1.528424
1.019406
0.625914
0.342560
0.728064
0.566101
0.555455
1.105048
0.558077
2.508859
0.387787
0.477144
0.529524
0.194559
0.492763
0.767309
0.706630
1.097397
1.430283
0.616326
1.039158
1.545022
1.718880
1.167968
0.964405
0.852616
1.123669
1.547858
0.437376
1.319391
4.244921
1.075313
0.982655
1.130287
3.070497
1.419894
1.047693
-0.131642
0.020482
-0.064227
0.175206
0.415476
0.131195
-0.206097
0.375524
-0.080055
0.185347
-0.225117
0.645322
-0.035656
-0.063766
-0.064082
-0.111226
0.087946
-0.041783
0.029309
0.571190
0.052789
0.345601
0.605425
0.123517
-0.286574
-0.182694
0.600519
0.550927
0.041503
0.618702
0.335513
0.744322
0.091141
0.515427
0.107434
0.097801
0.006834
-0.031023
-0.090720
-0.177746
0.035693
-0.359896
-0.447455
-0.436993
-0.449111
-0.504976
-0.495096
-0.550359
-0.590064
-0.451470
-0.271570
-0.464916
-0.532502
-0.395195
-0.442000
-0.455262
-0.262590
-0.338270
-0.350363
-0.342450
-0.358476
-0.390247
-0.347737
-0.369502
0.221754
-0.369730
-0.155277
-0.465551
-0.537187
-0.541733
-0.396569
-0.533253
-0.434656
-0.549780
-0.438421
-0.385259
-0.307278
0.587074
0.203081
0.049318
0.517578
0.316159
0.143157
0.195552
0.657444
0.103115
-0.024053
0.016774
0.534504
0.211575
-0.037202
-0.215111
-0.220382
-0.272491
-0.119822
-0.209316
-0.299270
-0.436787
-0.153936
-0.428296
-0.382673
-0.307608
-0.283379
-0.209806
-0.192902
-0.224036
-0.483951
-0.151800
-0.263674
0.023547
0.299862
-0.169100
0.200084
-0.365225
-0.192512
-0.143596
-0.394270
-0.247544
-0.325200
-0.189494
-0.236865
-0.145667
-0.398982
-0.209916
-0.324699
-0.430054
-0.454895
-0.508266
-0.350442
-0.506443
-0.355992
-0.413340
-0.529925
-0.315933
-0.127045
-0.538748
-0.119461
-0.357342
-0.427495
-0.375585
-0.489526
-0.509405
-0.517721
-0.520907
-0.532111
-0.544976
-0.441846
-0.553060
-0.472858
-0.359980
-0.264653
-0.508964
-0.512748
-0.405313
-0.357378
-0.381631
-0.309053
-0.536694
-0.589283
-0.581762
-0.497933
-0.452274
-0.493269
-0.532062
-0.565748
-0.526410
-0.620082
-0.561138
-0.334266
-0.516976
-0.575026
-0.390813
-0.457572
-0.346435
-0.507202
-0.395413
-0.513955
-0.475206
-0.488180
-0.473641
-0.253938
-0.071389
-0.526478
-0.393277
-0.215855
-0.294398
-0.134314
-0.293255
-0.232171
0.029459
0.158853
-0.035793
-0.199798
-0.214135
0.363926
0.021501
-0.026097
0.629954
-0.150989
0.830397
0.058620
0.113863
-0.033141
0.395957
0.187286
0.171392
0.073648
0.250483
0.041402
0.070055
0.227101
0.352959
-0.091779
0.422840
0.203356
0.046117
0.250084
0.422047
0.526220
1.527848
0.886292
0.269075
1.873458
0.289050
1.293452
1.258047
1.441551
1.008069
2.028738
1.600125
0.868573
3.687170
2.299664
0.939472
1.093083
1.825330
4.665464
2.244584
2.708944
2.305177
2.842264
3.507127
2.312721
2.064277
1.577061
1.016526
6.020610
1.040978
1.686693
2.041485
3.993843
2.030638
2.761668
2.877889
1.974346
1.205230
2.568027
2.522395
1.598234
1.698141
2.073063
3.201644
2.256946
2.465709
1.872417
0.775461
0.375670
1.450295
0.364317
0.646224
0.744706
0.701721
0.737617
0.582989
0.197573
0.587259
0.614275
0.255484
0.378120
0.188660
0.694695
0.313389
0.260158
0.486500
0.176620
0.306823
0.602966
0.109253
-0.088458
-0.267860
0.343027
0.291420
0.480321
0.011451
0.828027
0.482796
0.612481
0.361347
0.052083
0.336418
0.239017
-0.122708
0.086497
0.428856
0.034818
-0.136546
0.033522
-0.248495
0.051723
0.446956
0.067924
-0.116104
0.392307
0.320010
-0.250812
-0.206595
0.641130
-0.371868
-0.282216
-0.137424
-0.187637
-0.106322
0.127563
-0.008811
-0.190925
-0.272389
-0.094244
-0.205745
-0.036190
-0.285123
-0.204675
0.015793
-0.153547
-0.041046
-0.004522
-0.268784
0.025866
-0.375409
-0.220868
-0.395365
-0.283451
-0.307358
-0.011312
-0.263187
-0.132966
-0.318022
-0.052179
-0.253946
-0.378932
-0.388319
-0.191313
-0.518864
-0.402155
-0.356999
-0.392314
-0.292318
-0.337276
-0.575315
-0.362535
-0.327854
-0.452653
-0.533039
-0.404752
0.056963
-0.200820
-0.242054
-0.309666
-0.154177
0.657494
-0.322395
-0.043506
-0.196001
-0.217866
-0.125875
-0.118555
-0.128184
-0.044224
-0.318249
0.286169
-0.236235
-0.270178
0.306469
0.167964
0.400281
-0.238390
-0.024822
-0.525072
-0.276411
-0.437651
-0.312326
-0.343374
-0.456469
-0.366406
-0.471250
-0.353891
-0.402845
-0.406360
-0.348977
-0.381946
0.032915
0.085515
-0.300028
-0.487145
-0.421452
-0.515301
-0.458935
-0.497057
-0.505383
-0.517166
-0.409101
-0.585635
-0.476682
-0.529885
-0.530680
-0.407274
-0.328659
-0.561590
-0.452251
-0.540703
-0.308906
-0.506241
-0.379728
-0.369860
-0.261851
-0.135332
-0.561053
-0.251297
-0.450268
-0.386535
-0.569581
-0.488428
-0.423566
-0.479563
-0.568714
-0.376685
-0.583520
-0.306848
-0.375863
-0.477171
-0.455935
-0.645571
-0.492869
0.297446
-0.151079
-0.161474
-0.129319
-0.163001
-0.349342
-0.160100
-0.369318
0.910684
-0.243060
-0.298415
-0.348406
-0.345603
-0.358579
-0.489733
-0.339962
-0.499762
-0.573154
-0.466378
-0.486170
-0.599711
-0.564470
-0.416616
-0.576670
-0.542413
-0.589610
-0.500167
-0.471497
-0.322841
-0.463488
-0.526516
-0.297441
-0.247856
-0.319845
-0.420279
-0.333199
-0.341504
-0.397091
-0.490608
-0.368078
-0.518465
-0.372053
-0.387906
-0.293304
-0.552096
-0.521019
-0.460512
-0.398814
-0.464527
-0.100163
-0.168186
-0.441194
-0.149927
-0.373325
-0.456164
-0.383715
-0.573297
-0.410851
-0.600070
-0.530988
-0.530823
-0.622156
-0.521287
-0.586904
-0.228074
-0.342733
0.029356
-0.326375
-0.486614
-0.389038
-0.233946
-0.125383
0.274843
0.515073
0.212129
0.684261
0.501264
0.131211
0.766799
0.967694
0.391303
0.908911
0.291839
0.217432
0.367030
-0.171402
0.242302
0.229664
1.430580
0.787139
0.892741
0.299336
1.029594
0.652690
0.381442
4.749271
4.255152
1.179478
3.509454
1.795369
1.448084
3.484009
5.369907
5.093014
2.678465
2.000656
2.846317
4.164318
4.397890
0.998578
-0.039966
0.236753
0.076973
-0.037700
0.131920
0.279117
0.810849
0.153796
0.013368
-0.039593
0.085237
-0.276725
-0.393855
-0.246078
-0.138751
-0.303899
-0.405440
-0.283294
-0.350202
-0.463039
-0.182405
-0.250768
-0.324463
-0.566008
-0.409304
-0.211504
0.077032
-0.107006
-0.338393
-0.277989
-0.196563
-0.391299
-0.148547
-0.386641
-0.300045
-0.498765
-0.346407
-0.179962
-0.221998
-0.360741
-0.325306
-0.373958
-0.492113
-0.392490
-0.272296
-0.445374
-0.529919
-0.567994
-0.604864
-0.424656
-0.655975
-0.429878
-0.390461
-0.574952
-0.458481
-0.520860
-0.490304
-0.393081
1.573182
2.557162
3.519526
1.457335
2.103399
1.740550
1.913440
1.613603
1.731726
1.275209
0.798498
2.169664
1.674007
0.654969
0.914373
-0.183520
-0.265252
-0.258021
-0.201916
-0.023696
-0.090462
0.322344
-0.039471
-0.143266
-0.001356
-0.034372
0.131508
0.375074
0.031625
-0.214184
0.060637
-0.425303
-0.111280
-0.404100
0.286232
-0.536274
-0.160678
0.071605
-0.219369
0.067353
0.025746
0.460418
-0.059029
0.257301
0.303248
-0.168188
0.355247
-0.215763
-0.256834
-0.074973
-0.405314
-0.119051
-0.270992
-0.461282
-0.397428
-0.510620
-0.533338
-0.572586
-0.344926
-0.474043
-0.474881
-0.341672
-0.428107
-0.568230
-0.641516
-0.646786
-0.631894
-0.632747
-0.459080
-0.690306
-0.461514
-0.678883
-0.578241
-0.602090
-0.644448
-0.589597
-0.637178
-0.596176
-0.533430
-0.623727
-0.566433
-0.452748
-0.599153
-0.499227
-0.659780
-0.630893
-0.608043
-0.621776
-0.587306
-0.531763
-0.416458
-0.368897
-0.223124
-0.144389
1.002252
-0.045624
-0.085546
0.079245
0.139389
-0.043461
0.089206
-0.356356
0.249832
-0.157024
-0.286574
-0.211164
-0.099875
0.240129
-0.127808
-0.196530
0.387737
0.315820
0.259809
0.418587
0.286504
-0.238258
0.050482
0.046447
0.300599
0.443717
0.329022
-0.061452
-0.091421
0.077122
-0.048061
0.016358
0.268886
-0.110823
-0.035870
-0.037446
0.064818
-0.035851
0.854879
0.105132
-0.166743
-0.344130
-0.080685
-0.060909
0.729699
-0.379380
-0.256691
-0.230841
-0.164607
-0.265730
-0.264081
-0.257702
-0.505230
-0.218327
-0.288169
-0.369387
-0.048219
-0.225617
-0.318045
-0.338014
-0.322590
-0.021268
-0.203998
-0.396008
-0.246285
-0.459087
-0.448228
-0.412752
-0.477488
-0.506254
-0.570958
-0.532935
-0.445458
-0.472034
-0.537285
-0.170821
-0.517015
-0.486770
-0.440270
-0.525824
-0.449591
-0.236484
-0.227633
-0.518250
0.605871
-0.257733
-0.392562
-0.531078
-0.557774
-0.605182
-0.627696
-0.640407
-0.490686
-0.446913
-0.589021
-0.470664
-0.303021
-0.467864
-0.381875
-0.463756
-0.496659
-0.416354
-0.550259
-0.453395
-0.281082
0.243627
-0.233703
-0.579539
-0.496331
-0.415067
-0.500907
-0.641748
-0.542418
-0.514123
-0.608608
-0.570012
-0.507593
-0.433955
-0.520162
-0.577067
-0.583230
-0.552044
-0.407667
-0.291051
-0.554859
-0.455321
-0.244428
-0.491586
-0.159301
-0.236901
-0.379401
-0.472096
-0.442604
-0.298761
-0.530102
-0.522287
-0.482752
-0.640267
-0.636295
-0.521845
-0.603079
-0.606734
-0.406263
-0.424273
0.091679
-0.097613
-0.256733
-0.229773
-0.325494
-0.459890
-0.467372
-0.428338
-0.499869
0.084456
0.632515
0.144146
-0.532861
-0.566917
-0.548718
-0.525882
-0.464222
-0.596069
-0.632883
-0.653930
-0.622734
-0.455059
-0.478624
-0.576630
-0.515016
-0.539763
-0.652923
-0.467476
-0.576820
-0.585732
-0.609507
-0.517856
-0.610892
-0.531178
-0.447296
-0.580814
-0.467461
-0.433152
-0.490221
-0.404727
-0.457433
-0.171653
-0.141953
-0.405829
-0.185813
-0.393870
-0.407929
-0.126514
-0.414648
-0.181849
-0.450356
-0.221860
-0.317976
-0.271662
-0.157450
0.216766
-0.304344
-0.131229
-0.246551
-0.267461
-0.193612
-0.409285
-0.203321
-0.452351
-0.135353
-0.315418
-0.131091
-0.130813
-0.110695
-0.308721
-0.244876
-0.110009
-0.409959
-0.398366
-0.297270
-0.226376
-0.229846
-0.229694
-0.340204
-0.219203
-0.045897
-0.362808
-0.395828
-0.241396
-0.426432
0.317836
-0.256737
-0.033374
-0.337576
-0.314338
-0.187910
-0.314536
-0.357062
-0.486909
-0.310546
-0.352896
-0.278135
-0.456582
-0.189323
-0.277895
-0.290822
-0.343530
-0.125160
-0.193498
-0.351570
-0.457755
-0.439681
-0.516291
-0.489520
-0.360123
-0.345012
-0.448924
-0.529354
-0.296887
-0.448671
-0.572270
-0.556056
-0.430085
-0.260823
0.993647
-0.106545
-0.009095
0.422500
-0.016454
1.346151
0.143790
-0.080614
0.190593
0.183529
0.159911
0.266149
-0.046178
0.176277
-0.260337
0.534331
-0.256454
-0.262965
-0.556154
-0.450340
-0.414863
-0.498474
-0.495855
-0.261479
-0.514906
-0.396571
-0.466209
-0.401756
-0.567194
-0.559788
-0.510924
-0.439782
-0.139769
-0.327615
-0.289532
-0.476178
-0.335771
-0.372896
-0.390648
-0.407352
-0.434195
-0.093086
-0.413808
-0.597932
-0.451263
-0.607901
-0.440765
-0.529456
-0.586883
-0.501266
-0.498128
-0.424136
-0.519234
-0.367170
-0.467935
-0.410150
0.797794
-0.446412
-0.403258
-0.509250
-0.466020
-0.495310
-0.380610
-0.534372
-0.517061
-0.314191
-0.394045
-0.316817
-0.415553
-0.407112
-0.419640
-0.354354
-0.462499
-0.382376
-0.361118
-0.453734
-0.134715
-0.207874
0.068362
-0.182337
0.027292
-0.229185
-0.162702
0.125810
-0.116888
0.139560
1.069011
-0.202212
-0.324450
0.254741
-0.281880
-0.149357
-0.283045
-0.436020
-0.308928
-0.499249
-0.355037
-0.530768
-0.565742
0.200239
0.067511
-0.253650
-0.281782
-0.264503
-0.604853
-0.506411
-0.375972
-0.527495
0.030862
-0.330127
-0.307913
-0.256321
-0.306307
-0.379779
-0.437405
0.636475
-0.192156
-0.083648
-0.150159
0.029551
0.038355
-0.222714
-0.293173
-0.203289
-0.042112
-0.221447
-0.254780
-0.429528
-0.106779
-0.326077
-0.425011
0.946812
1.746269
4.149577
6.738792
1.825082
5.089597
2.870875
2.340413
1.990398
2.591526
6.546430
2.153277
1.747817
0.530566
1.135695
0.459200
1.027645
2.001397
0.481735
0.904388
1.056817
0.226210
0.735401
0.624691
1.605190
0.104366
0.143388
0.344960
0.015896
-0.025762
-0.004223
0.169841
0.209561
-0.183464
-0.114232
0.421636
0.161942
0.365171
0.737876
-0.184178
-0.142656
1.881820
0.389497
0.657505
0.520648
0.287545
0.454715
-0.104813
-0.252321
-0.296981
-0.075107
0.289061
0.784931
0.350187
0.502195
1.220710
0.205266
0.691775
1.295655
-0.363789
-0.038272
-0.280180
0.068757
0.017758
-0.258603
-0.092323
-0.196896
-0.118607
0.122492
0.758560
0.381728
-0.240060
0.016816
0.041209
0.303710
0.185272
-0.055464
-0.071784
-0.008034
0.300723
-0.100528
-0.271919
-0.345583
-0.418215
-0.121328
-0.309428
0.322888
-0.057157
-0.211076
-0.275415
-0.303763
-0.210825
-0.140239
-0.438404
-0.455049
0.452222
-0.523609
-0.500429
-0.360975
-0.524891
-0.516189
-0.467673
-0.395876
-0.650226
-0.580943
-0.527390
-0.579709
-0.618108
-0.578517
-0.629151
-0.325029
-0.352572
-0.347955
-0.233571
-0.205225
-0.292426
-0.278933
-0.133226
-0.043262
0.437593
0.389842
1.734127
0.678870
1.187989
2.186757
2.533935
4.512994
3.016038
6.513655
4.060205
5.892549
2.454435
3.876247
7.729108
5.157502
4.168232
0.860462
1.610857
2.402520
1.191957
2.393791
4.179432
0.094648
0.029018
0.535637
0.648107
0.718736
0.093968
0.608711
0.900308
0.107102
0.718629
0.604583
0.400837
0.331391
0.191836
0.579513
0.408781
0.251982
0.870367
0.240255
-0.039818
0.600019
0.331731
0.363612
0.688877
-0.188863
-0.154785
-0.309964
0.122049
0.017529
-0.014775
-0.279454
0.090820
0.123713
0.619851
-0.080476
-0.185927
-0.272972
-0.084928
0.020268
0.134901
-0.069227
-0.030817
-0.082907
-0.180760
-0.173959
-0.305265
-0.020111
-0.260210
0.191499
-0.322750
-0.230931
-0.025783
-0.145479
0.194470
-0.085979
-0.055615
-0.044579
0.912062
0.161334
-0.152795
-0.368489
-0.197886
-0.194762
1.276059
0.360957
2.307268
0.314988
0.923706
0.738044
0.607473
-0.060064
0.377866
0.455991
0.794990
0.212285
0.719706
0.984414
0.990099
0.798125
0.962294
0.099853
0.035351
0.133252
-0.065984
-0.072047
-0.418524
-0.323858
-0.189429
-0.250127
-0.211347
-0.135064
0.756129
0.001370
-0.094398
-0.098945
-0.159327
0.108561
-0.275150
-0.252981
-0.145022
-0.036950
0.085792
-0.086594
-0.192149
-0.344150
-0.427859
-0.128605
0.202110
-0.054117
-0.158902
-0.205052
0.315836
-0.239462
0.269356
-0.235198
0.083745
-0.195328
-0.236384
-0.289098
0.280723
0.130637
-0.276263
-0.315054
-0.325531
-0.158027
-0.187125
-0.371708
-0.141248
-0.218300
-0.163034
0.072490
0.570806
0.106859
0.580892
1.822811
3.783977
1.612712
1.932528
3.347333
2.412950
1.586847
3.004436
5.314460
2.920959
1.175939
0.954401
1.233199
0.638491
1.646012
0.727661
2.468023
4.019961
0.771796
1.433932
0.538683
0.151420
2.705323
0.688331
2.643592
2.695463
5.135506
1.991637
3.172677
3.760911
4.343109
2.337266
4.410750
5.149068
2.237694
1.804964
1.036169
6.741220
4.899532
5.243671
3.559154
1.187346
4.504322
0.336397
0.739237
0.250857
0.020135
0.198967
0.295681
-0.064888
0.754558
4.157385
0.666745
1.363613
0.475122
0.470000
0.761851
0.267251
0.452732
0.616329
0.785881
0.401536
0.501878
0.750515
1.128254
1.599096
0.167045
-0.109677
0.321519
0.977679
0.034183
-0.021944
0.139692
0.140857
0.192879
0.242710
0.063922
0.975529
0.025068
0.224894
0.138860
0.069425
0.488962
0.627150
-0.069859
0.045675
0.773628
0.021750
-0.154475
0.412362
0.282511
0.115309
0.437682
-0.189845
-0.135495
0.032049
-0.309896
-0.234774
-0.306794
-0.039211
-0.206134
-0.239624
-0.178007
-0.019307
-0.250340
-0.251459
-0.276633
-0.353966
-0.398906
-0.411428
-0.206294
-0.077633
-0.354865
-0.476180
-0.435591
-0.296941
-0.438720
-0.288201
-0.367647
-0.273509
-0.288724
0.587349
0.361553
0.342147
-0.309592
0.050092
-0.151868
-0.053742
-0.134191
0.378897
-0.115265
0.476981
-0.350803
0.345959
-0.218708
-0.123623
0.123379
-0.136714
-0.255533
-0.237107
-0.385712
-0.322816
-0.354202
-0.259941
-0.340400
-0.128016
-0.316636
-0.421090
0.301926
-0.156760
0.339207
-0.116789
-0.228116
-0.184778
0.096028
-0.360415
-0.368725
-0.345555
-0.356972
-0.428393
-0.255312
-0.407063
-0.206361
-0.427002
-0.274492
-0.058598
0.031417
0.035218
3.614486
1.829902
0.848898
0.096856
-0.021670
0.867367
-0.000056
0.248132
0.195534
-0.019570
0.791573
-0.135838
-0.244868
-0.238972
-0.137711
-0.193917
-0.016182
-0.204656
-0.191699
-0.226476
-0.524690
-0.604473
-0.493842
-0.578147
-0.552062
-0.602167
-0.348953
-0.554590
-0.482343
-0.312113
-0.306991
-0.463823
0.570824
0.453835
-0.214171
-0.282722
-0.375987
-0.208343
-0.158430
-0.355102
0.049489
-0.505377
-0.556921
-0.496969
-0.649279
-0.613976
-0.585558
-0.645058
-0.606866
-0.494000
-0.290719
-0.393425
-0.485540
-0.515622
-0.503864
-0.428277
-0.412372
-0.365307
-0.364961
-0.378995
-0.303650
-0.587388
-0.423758
-0.492219
-0.552462
-0.633049
-0.602168
-0.604696
-0.400732
-0.689582
-0.565493
-0.593295
-0.542735
-0.615437
-0.307091
-0.417160
-0.496588
-0.460419
-0.533932
-0.283440
-0.295165
-0.407935
-0.426152
-0.531812
-0.115926
-0.176994
-0.447251
-0.384253
-0.538014
-0.673822
-0.483368
-0.282164
-0.587904
-0.479613
-0.529168
-0.536263
-0.406123
-0.559719
-0.573513
-0.385971
-0.513998
-0.491422
-0.559790
-0.388155
-0.418579
-0.421760
-0.501506
-0.382839
-0.577274
-0.394849
-0.485607
-0.220888
-0.267741
-0.188694
-0.309473
-0.059949
-0.211767
-0.078016
0.049432
0.038128
-0.081570
-0.231413
-0.209220
-0.257988
-0.205540
-0.471604
-0.284780
-0.384630
-0.265845
-0.436125
-0.538953
-0.535621
-0.476552
-0.200261
-0.373338
-0.503575
-0.536492
-0.362770
-0.592732
-0.580967
-0.640041
-0.070307
-0.401936
-0.557571
-0.518358
-0.536382
-0.472480
-0.314303
-0.551054
-0.508210
-0.616212
-0.548940
-0.594460
-0.302550
-0.547442
-0.588244
-0.497990
-0.585747
-0.534363
-0.467972
-0.630856
-0.620931
-0.610477
-0.501706
-0.617462
-0.610687
-0.459078
-0.573569
-0.617638
-0.631648
-0.595489
-0.447722
-0.592213
-0.585253
-0.515615
-0.553419
-0.590928
-0.524779
-0.562035
-0.523819
-0.565791
-0.573138
-0.439208
-0.413450
-0.540297
-0.622974
-0.669794
-0.568772
-0.678529
-0.545874
-0.646914
-0.439243
-0.552201
-0.618612
-0.510245
-0.587722
-0.616695
-0.636991
-0.562714
-0.489612
-0.173713
-0.451338
-0.309811
-0.433066
-0.141819
0.172171
0.307807
0.967572
0.108180
1.428505
0.361595
0.665082
0.277288
0.016444
0.435416
0.645122
0.248047
0.300693
-0.196163
0.192159
-0.091188
0.311808
-0.155086
-0.202201
-0.150024
0.197390
-0.114706
-0.415869
-0.213778
-0.234585
1.125240
-0.336762
-0.147915
0.007955
0.049594
-0.125545
-0.084544
0.054222
-0.072755
-0.094662
0.109360
-0.194837
-0.104825
0.310597
-0.240566
-0.022696
-0.051034
-0.294751
-0.042469
0.088036
-0.147708
-0.399693
-0.366097
-0.226255
-0.210508
-0.288712
-0.254656
-0.322985
-0.218650
-0.338874
-0.219282
-0.388181
-0.250708
-0.414404
-0.325554
-0.234748
-0.428872
-0.398280
0.019248
-0.395538
-0.398274
-0.374318
-0.479994
-0.223626
-0.284881
-0.392823
-0.213916
-0.437692
-0.462876
-0.486007
-0.367713
-0.419493
-0.431669
-0.546531
-0.050354
-0.325051
-0.330872
-0.321605
-0.310858
-0.475301
-0.417092
-0.429106
-0.282451
-0.489170
-0.210516
-0.434192
-0.409742
-0.393724
-0.571268
-0.405298
0.644975
0.322304
2.239148
2.650223
4.707637
3.243270
5.424375
2.717967
3.666215
3.945564
2.062689
2.691870
3.474279
3.054197
2.260306
2.354452
0.766220
1.887052
1.389655
2.247946
0.353006
1.395186
-0.015962
-0.111789
0.141945
-0.073962
-0.242811
-0.170462
-0.123434
0.330435
-0.040446
-0.359223
-0.182609
-0.162332
-0.419181
-0.371662
-0.199457
-0.331887
-0.480906
-0.433157
-0.302085
-0.455972
-0.456879
-0.552647
-0.284805
-0.208949
-0.254214
0.032978
-0.529262
-0.682460
-0.689141
-0.656738
-0.636005
-0.630405
-0.622312
-0.573392
-0.612300
-0.571725
-0.498085
-0.513808
-0.550150
-0.423065
-0.499812
-0.286879
-0.072703
-0.269405
-0.279661
0.060736
-0.197233
-0.322550
0.353811
-0.113416
-0.460171
-0.298376
-0.205179
-0.243096
0.099469
0.116463
0.356712
0.374586
0.496740
0.114830
0.212457
0.553411
0.973436
0.376798
0.428263
0.526970
1.704345
1.157684
1.184679
1.910757
0.389922
0.452419
0.728016
-0.140467
0.715789
-0.099053
0.116005
0.172916
0.441609
0.567688
0.278514
0.617827
1.720799
0.093788
0.373324
-0.095693
0.058905
0.202960
0.376882
0.058410
0.456253
-0.130254
-0.192203
-0.048167
-0.348817
-0.439269
-0.517701
-0.277813
-0.359902
-0.007806
-0.119610
-0.214449
0.279573
-0.323511
0.206437
0.500318
-0.009240
0.930665
0.502127
0.268459
0.224384
0.193011
0.394147
-0.196649
-0.078546
-0.305458
-0.390441
-0.139809
-0.280558
0.569430
0.162494
0.642335
-0.252116
0.214222
0.045279
0.070109
0.009681
0.169374
0.052912
1.203508
0.185820
-0.000165
-0.332631
-0.359626
-0.504739
-0.588024
-0.296244
-0.488079
-0.554637
-0.407539
-0.491728
-0.530656
-0.466619
-0.394196
-0.499811
-0.337397
-0.415467
-0.277375
-0.559386
-0.482975
-0.556124
-0.410310
-0.597305
-0.465378
-0.449541
-0.239441
-0.390113
-0.428514
-0.308250
-0.440450
-0.542782
-0.448959
-0.431043
-0.494710
-0.232372
-0.299659
-0.347731
-0.303155
-0.293202
-0.246324
-0.341554
-0.536218
-0.380089
-0.220317
-0.476451
-0.459366
-0.366236
-0.499179
-0.448905
-0.316537
-0.306766
-0.138322
-0.460116
-0.292776
-0.378396
-0.334716
-0.471445
-0.593015
-0.342592
-0.414855
-0.327294
-0.377440
-0.163128
-0.314192
-0.335588
-0.144512
-0.446991
-0.394392
-0.556683
-0.426458
-0.476745
-0.538786
-0.593166
-0.566654
-0.413434
-0.534930
-0.482467
-0.566248
-0.427048
-0.637656
-0.550338
-0.392021
-0.403590
-0.240775
-0.354115
-0.342203
-0.441557
-0.512774
-0.609464
-0.257295
-0.610190
-0.619435
-0.631746
-0.655176
-0.567455
-0.710685
-0.643789
-0.630307
-0.555576
-0.469433
-0.483361
-0.372551
-0.470934
-0.405603
-0.537029
-0.428676
-0.509812
-0.479633
-0.461566
-0.436484
-0.394002
-0.078342
-0.223328
-0.321270
-0.308443
-0.413744
-0.472754
-0.306389
-0.374772
-0.465328
-0.521623
-0.316004
-0.218451
-0.186893
-0.331086
-0.240512
-0.408368
-0.383018
-0.415451
-0.391839
-0.299044
-0.360733
-0.152594
-0.249188
0.259964
-0.212780
-0.262199
-0.312067
-0.359163
-0.235622
-0.436715
-0.350650
-0.366677
-0.561350
-0.635829
-0.424729
-0.399819
-0.468947
-0.535516
-0.252219
-0.342767
-0.330172
0.032493
0.167845
-0.078113
-0.135205
-0.395916
0.098036
-0.292411
-0.084568
0.160809
0.041227
-0.409670
-0.426726
-0.191118
-0.468969
-0.420135
-0.354205
-0.439020
-0.455231
-0.287563
-0.302281
-0.307893
-0.354751
-0.383485
-0.375251
-0.252584
-0.336676
-0.208300
-0.261284
-0.237798
-0.248612
-0.411210
-0.509326
-0.437172
-0.556122
-0.504012
-0.543407
-0.587742
-0.631666
-0.634679
-0.585310
-0.534753
-0.647085
-0.523945
-0.625125
-0.597375
-0.609817
-0.618637
-0.493473
-0.441850
-0.490059
-0.367070
-0.390594
-0.158353
-0.340072
-0.347575
-0.431578
-0.570430
-0.515682
-0.402765
-0.557226
-0.543061
-0.500748
-0.611968
-0.545071
-0.411261
-0.517808
-0.535774
-0.430329
-0.580292
-0.318144
-0.006098
-0.562831
-0.387170
-0.398224
-0.246050
-0.495968
-0.236764
-0.405308
-0.379707
-0.380318
-0.441302
-0.539832
-0.428285
-0.574166
-0.598458
-0.661909
-0.555029
-0.563337
-0.270781
-0.654485
-0.485268
-0.529854
-0.637481
-0.451554
-0.525572
-0.593222
-0.546937
-0.647891
-0.541156
-0.526265
-0.364944
-0.469551
-0.329745
-0.567780
-0.387537
-0.249806
-0.306113
-0.285734
-0.395746
-0.191108
-0.088103
-0.189034
-0.279381
0.104396
-0.119664
0.027420
-0.020461
0.015503
0.001129
0.078932
0.521234
-0.085257
-0.070555
-0.217298
-0.341435
-0.298841
-0.562003
-0.471057
-0.443124
-0.469080
-0.455431
-0.436953
-0.472050
-0.442377
-0.348915
-0.432131
-0.217928
0.037059
-0.125358
-0.158611
-0.057728
0.080675
0.151153
0.056396
0.135220
-0.205661
-0.050577
-0.246808
-0.073456
-0.142915
-0.429398
-0.302582
-0.296217
-0.341445
-0.226218
-0.429499
-0.424017
-0.496334
-0.426835
-0.502402
-0.553195
-0.402577
-0.537285
-0.271957
-0.425481
-0.498079
0.498756
-0.558498
-0.430405
-0.348693
-0.481591
-0.089607
-0.183843
-0.294328
-0.373802
-0.333624
-0.403237
0.320176
-0.235295
-0.150949
-0.204844
-0.261312
-0.312994
-0.322652
-0.468279
-0.284174
-0.385125
-0.277669
-0.271236
0.326023
0.322121
-0.022536
0.019597
0.106342
0.714509
1.589389
1.317599
0.336171
2.572809
0.843341
0.145567
0.391948
0.036657
0.094523
-0.057495
-0.196027
-0.129129
-0.273584
-0.343875
-0.256300
-0.157596
0.462633
0.401829
0.932569
0.695895
0.019762
-0.305298
-0.253133
-0.127582
0.004618
-0.143914
0.129881
-0.307033
-0.335017
-0.519621
-0.579299
-0.460788
-0.594801
-0.547644
-0.674268
-0.629570
-0.631226
-0.602398
-0.642276
-0.584160
-0.666669
-0.573077
-0.628579
-0.670355
-0.513363
-0.460189
-0.327926
-0.143671
-0.406672
-0.218145
-0.554295
-0.531874
-0.367672
-0.326251
-0.472102
-0.507476
-0.607979
-0.438180
-0.649160
-0.629670
-0.573360
-0.630103
-0.555792
-0.634943
-0.607351
-0.650124
-0.671794
-0.484267
-0.632165
-0.581999
-0.499743
-0.580671
-0.384376
-0.409147
-0.299726
-0.320902
-0.386198
-0.497840
-0.303979
-0.424368
-0.396934
-0.478710
-0.415826
-0.537332
-0.537596
-0.290419
-0.604049
-0.608095
-0.591340
-0.495059
-0.552423
-0.526260
-0.561258
-0.461847
-0.488839
-0.457965
-0.422841
-0.470397
-0.532805
-0.622838
-0.509482
-0.467868
-0.550053
-0.168379
-0.050220
-0.008871
0.012350
0.754553
-0.237405
-0.309788
0.018357
0.293074
-0.088215
-0.130749
0.355641
-0.058142
0.022471
-0.183496
-0.209514
-0.235419
-0.083115
-0.185236
-0.079624
0.347672
-0.168269
0.578489
0.157190
0.050714
0.557908
0.479056
0.331160
-0.020518
-0.078436
0.192785
1.218092
-0.257259
-0.346659
-0.247277
-0.163834
-0.313288
-0.413313
-0.171105
-0.278068
-0.384644
-0.082010
0.085624
0.510794
-0.041771
0.172779
-0.023491
-0.061494
-0.021063
-0.262539
-0.056490
0.047909
-0.064797
-0.113470
0.401986
-0.064495
0.448008
-0.013720
1.306570
0.191844
0.721341
0.046911
-0.144180
-0.150957
-0.394274
-0.128911
-0.314305
-0.250592
-0.404329
-0.470105
-0.373396
-0.295677
-0.382587
-0.366228
-0.455709
-0.529014
-0.532071
-0.226447
-0.402506
-0.313321
-0.336465
-0.442960
-0.321401
-0.184356
-0.440600
-0.465634
-0.172986
-0.356647
-0.011421
-0.267126
0.006999
-0.171570
-0.127435
-0.288884
-0.367864
-0.375714
-0.407623
-0.235574
-0.350084
-0.350524
-0.421568
-0.368794
-0.283893
-0.034823
-0.149013
-0.028379
0.350760
1.206749
2.310596
0.799315
0.542338
3.665099
0.619297
0.092109
0.651030
0.819165
0.307859
0.242349
0.096006
0.330209
0.706300
1.398578
0.468304
0.187940
0.228748
-0.226014
-0.309025
-0.377846
-0.385755
-0.255099
-0.356759
-0.044388
-0.194484
-0.160816
-0.147491
0.384064
0.060546
-0.041759
-0.184313
0.018060
-0.313792
-0.190610
-0.307138
-0.259106
-0.096422
-0.472378
-0.305774
-0.347279
-0.501326
-0.552089
-0.437615
-0.313342
-0.398175
-0.478329
-0.421799
-0.178108
-0.372002
-0.308920
-0.403042
0.056921
0.038427
-0.317520
0.055933
-0.053032
-0.415639
-0.287973
-0.440680
-0.264806
-0.303063
-0.162384
-0.481959
-0.469584
-0.554840
-0.413500
-0.545925
-0.617803
-0.600636
-0.514381
-0.601945
-0.609404
-0.320400
-0.597960
-0.336149
-0.523338
-0.553797
-0.545755
-0.625817
-0.509340
-0.476049
-0.444584
0.014066
-0.266449
-0.286661
-0.331291
-0.354086
-0.353827
-0.517858
-0.615654
-0.609963
-0.600914
0.023115
-0.451787
-0.557562
0.773916
-0.584309
-0.258792
-0.587987
-0.295826
-0.455461
-0.519440
-0.492641
-0.350921
-0.244875
-0.502012
-0.460106
-0.354814
-0.531825
-0.501705
-0.609018
-0.692627
-0.513913
-0.542393
-0.630386
-0.638211
-0.290021
-0.633502
-0.648396
-0.641045
-0.564722
-0.647880
-0.521726
-0.487737
-0.564167
-0.447025
-0.437987
-0.530471
-0.232810
-0.284311
-0.032419
-0.133565
-0.493083
-0.362860
-0.029698
-0.451832
-0.290297
-0.255696
-0.429552
-0.251503
-0.161505
-0.077683
-0.069881
-0.078605
-0.322798
0.114004
0.801163
0.231470
-0.323389
0.036328
0.048371
0.354517
0.347928
0.297194
0.283283
0.448273
-0.258573
0.521244
-0.085635
-0.122761
-0.397905
-0.408522
-0.524242
-0.523455
-0.406937
-0.606789
-0.561151
-0.621887
-0.540908
-0.448311
-0.553853
-0.398330
-0.494089
-0.422175
-0.487912
-0.452286
0.101370
-0.054940
-0.371101
-0.469562
-0.328517
-0.359527
-0.584530
0.394792
-0.621347
-0.605639
-0.699244
-0.465293
-0.461055
-0.442484
-0.625479
-0.652706
-0.424820
-0.465272
-0.499511
-0.459207
-0.420214
-0.498768
-0.507805
-0.379174
-0.467157
-0.413709
-0.274500
-0.553414
-0.409259
-0.471061
-0.532445
-0.247186
-0.509817
-0.516106
-0.474240
-0.230188
-0.372398
-0.266633
-0.378487
-0.409151
-0.074303
-0.343475
-0.451958
-0.364285
-0.405875
-0.324541
-0.033868
-0.451191
-0.478425
-0.572131
-0.555157
-0.472963
-0.506124
-0.563660
-0.526387
-0.649871
-0.536833
-0.499941
-0.486010
-0.600212
-0.448797
-0.578972
-0.488382
-0.616444
-0.576341
-0.484138
-0.575021
-0.265103
-0.471351
-0.010487
-0.409195
0.031700
-0.477322
-0.232659
-0.393677
-0.323772
-0.048804
-0.152323
-0.423015
-0.349900
-0.487816
-0.213268
-0.344584
-0.451855
-0.423423
-0.322382
-0.408041
-0.283137
-0.137377
-0.238099
-0.346399
-0.277637
0.005152
0.123452
0.110494
0.003593
-0.432822
-0.321274
-0.259748
-0.519134
-0.282980
-0.325871
-0.285715
-0.400584
-0.370721
-0.398729
-0.402415
-0.381368
-0.174621
0.109476
-0.383710
-0.105276
0.355083
-0.135057
0.166821
-0.306557
-0.272065
-0.386703
-0.294299
-0.248849
-0.443608
-0.506645
-0.609627
-0.277865
-0.479495
-0.495395
-0.620495
-0.576201
-0.615420
-0.666187
-0.472082
-0.462211
-0.509688
-0.573381
-0.414077
-0.514082
-0.644776
-0.595959
-0.655269
-0.640359
-0.433169
-0.507739
0.400473
-0.462330
-0.534785
-0.408238
-0.315812
-0.520871
-0.374192
-0.497949
-0.334959
-0.477511
-0.513783
-0.449887
-0.468692
-0.548154
-0.521031
-0.585785
-0.522290
-0.626966
-0.640043
-0.484577
-0.590079
-0.413078
-0.550056
-0.628884
-0.534903
-0.033488
-0.391713
-0.265389
-0.115496
-0.203125
0.224032
0.347477
0.994384
0.667699
0.580155
0.432893
1.102948
0.300104
0.138477
0.229746
1.317506
-0.022744
-0.394367
-0.411675
-0.545359
-0.585276
-0.523067
-0.479397
-0.346242
0.824673
0.502203
0.386346
0.534497
0.188525
0.216835
0.699825
0.456018
-0.172637
0.249013
0.270243
0.090778
0.157761
0.564629
-0.028586
0.243321
-0.046657
0.383009
0.671597
-0.210026
0.241901
0.125665
-0.145969
0.004444
-0.020201
-0.359003
0.005170
0.195570
0.697940
-0.072429
-0.178513
0.075801
-0.120038
-0.343594
-0.120352
0.306060
-0.273858
-0.261686
0.053989
-0.131689
0.056538
-0.184250
0.090388
-0.255924
-0.060988
-0.207696
-0.114641
-0.220790
0.183559
-0.314656
-0.388327
-0.357744
-0.109223
-0.391680
-0.337834
-0.494183
-0.266120
-0.408865
-0.265733
0.284285
-0.045504
-0.112395
-0.173107
0.303209
0.415829
0.429721
0.385048
0.543704
0.211919
0.373973
0.081738
-0.115349
-0.150172
-0.175799
-0.021985
0.387851
-0.068628
0.233456
0.687073
0.302647
0.156829
0.205209
0.402797
0.204468
-0.300426
0.374220
-0.417234
-0.300232
0.138279
0.210497
0.077447
0.033317
-0.039853
0.014168
-0.086868
-0.114153
0.370120
0.023604
-0.161317
-0.123495
-0.053712
-0.289933
-0.159274
0.108496
-0.442027
-0.355349
-0.456765
-0.210751
-0.436507
-0.529786
-0.613924
-0.390424
-0.237403
-0.312678
-0.452456
-0.241721
-0.389335
-0.153380
-0.429694
-0.083283
-0.046306
-0.294543
-0.310543
-0.445381
-0.221005
-0.280854
-0.442336
-0.361990
-0.364738
-0.124982
-0.453007
-0.411051
-0.501620
-0.467921
-0.374644
-0.568800
0.024781
-0.308155
-0.138530
-0.101336
-0.045237
-0.492166
-0.202962
-0.399794
-0.428899
0.020806
-0.403417
-0.281966
-0.266471
-0.350600
-0.474660
-0.424069
-0.486187
-0.047570
-0.424768
-0.679875
-0.605793
-0.495204
-0.387793
-0.351581
-0.404435
-0.381913
-0.530286
-0.348286
-0.391870
-0.277560
-0.548102
0.116085
0.041533
-0.347848
-0.391493
-0.460034
-0.492077
-0.503860
-0.533866
-0.279316
-0.471290
-0.050857
-0.356318
-0.209144
-0.129770
-0.392112
-0.367437
-0.359798
-0.387588
-0.435101
-0.189084
-0.508724
-0.561271
-0.518813
-0.469563
-0.421804
-0.535971
-0.475830
-0.517312
-0.583392
-0.162726
-0.554257
-0.520659
-0.544701
-0.649555
-0.591551
-0.633104
-0.632517
-0.522442
-0.485676
-0.495363
-0.629204
-0.467634
-0.551971
-0.615647
-0.285719
-0.469493
-0.464496
0.070477
-0.531144
-0.504449
-0.558686
-0.518502
-0.190631
-0.393213
-0.360342
-0.242273
-0.450612
-0.342206
-0.276860
-0.264758
-0.427928
0.078346
-0.283745
-0.360816
-0.245769
-0.356246
-0.560693
-0.365797
-0.384360
-0.420021
-0.623887
-0.330605
-0.313240
-0.333081
-0.206084
-0.322068
-0.535815
-0.397328
-0.442437
-0.430005
-0.446711
-0.615645
-0.522611
-0.619265
-0.486214
-0.411062
-0.068613
-0.140365
0.060173
0.079745
-0.194998
-0.332657
0.479755
-0.109820
1.172449
-0.200114
-0.091921
-0.117005
-0.137560
-0.186021
-0.400140
-0.351569
-0.290332
-0.434561
-0.204627
-0.424143
-0.560122
-0.581120
-0.463049
-0.666466
-0.538135
-0.467861
-0.513792
-0.179060
-0.520627
-0.337468
-0.552304
-0.471476
-0.527919
-0.362328
-0.373691
-0.473981
-0.446086
-0.428437
-0.550404
-0.447431
-0.346172
-0.464189
-0.628441
-0.561800
-0.563736
-0.453824
-0.526877
-0.557105
-0.399208
-0.497270
-0.195454
-0.540113
-0.543682
-0.617815
-0.552915
-0.540129
-0.638821
-0.531138
-0.310256
-0.451316
-0.353054
-0.306833
-0.085236
-0.322189
-0.294123
-0.444854
-0.424764
-0.313539
-0.332942
-0.403545
-0.496383
-0.240312
-0.457770
-0.421702
0.186909
0.060041
-0.158647
-0.177180
-0.523810
-0.315565
-0.625312
-0.507510
-0.448012
-0.288532
-0.508411
-0.486881
-0.361385
-0.105599
-0.525804
-0.450949
-0.475636
-0.557276
-0.640061
-0.562044
-0.639474
-0.496746
-0.265619
-0.503727
-0.534763
-0.434416
-0.452690
-0.550460
-0.251700
-0.274696
-0.260805
-0.507184
-0.507578
-0.330976
-0.529730
-0.210985
-0.169652
-0.356630
-0.424434
-0.253920
-0.512835
-0.487592
-0.575041
-0.591063
-0.336248
-0.219356
-0.271367
-0.343589
-0.358362
-0.460530
-0.483792
-0.088723
-0.300104
-0.162343
-0.091104
0.194695
-0.161746
-0.080080
-0.047626
0.171443
-0.035350
-0.048746
-0.263131
0.172665
-0.109937
-0.333474
0.216578
0.672362
0.873161
0.172502
0.497769
-0.119853
0.071313
-0.070059
-0.144953
-0.033815
0.092554
-0.059517
0.269866
-0.057646
0.201543
-0.018972
0.273288
-0.123432
