-1.084856
-1.084856
-1.084856
-1.084856
-1.084856
-1.084856
-1.084856
-1.084856
-1.084856
-1.084856
-1.084856
-1.084856
-1.084856
-1.084856
-1.084856
0.246575
-0.071498
-0.296403
-0.006598
-0.205351
-0.345404
-0.337063
0.344548
-0.152226
-0.359440
-0.223858
-0.263868
-0.393194
-0.060412
0.175306
-0.218792
-0.377231
-0.504669
-0.428916
-0.421128
-0.446254
-0.534593
-0.327576
3.212874
0.810896
0.807981
0.444169
0.321191
0.648791
-0.350684
2.489962
-0.196186
-0.129314
0.268357
-0.121334
-0.238447
-0.521380
-0.205449
-0.412111
-0.372678
-0.375198
-0.143769
-0.144060
-0.263448
-0.046089
-0.163975
-0.258432
-0.370416
-0.438462
-0.304361
-0.269977
-0.342811
-0.234497
-0.409466
-0.284435
-0.436667
-0.172082
-0.096929
-0.282048
-0.386650
-0.499378
-0.282044
-0.500785
-0.314013
-0.444116
-0.343993
-0.309717
-0.369351
-0.316113
-0.378311
-0.286697
-0.406821
-0.183416
-0.198182
0.367003
-0.050934
0.307516
-0.059027
-0.168042
0.193777
-0.513452
-0.558968
-0.609975
-0.429964
-0.407057
-0.508964
-0.633747
-0.665217
-0.619285
-0.636495
-0.594390
-0.657139
-0.338850
-0.449937
-0.585260
-0.518691
-0.507867
-0.418450
-0.395685
-0.550064
-0.362186
-0.445756
-0.429812
-0.473355
-0.149204
1.533645
2.088983
0.782789
2.407994
0.679371
1.756414
1.864827
0.990762
1.644668
2.402528
1.010084
0.866097
1.360324
1.601320
1.742991
1.246818
2.899416
2.474579
0.908689
1.207644
1.125342
1.299140
0.369166
-0.289821
-0.040857
-0.505403
-0.433629
-0.631896
-0.497015
-0.257825
-0.347590
-0.179106
-0.336958
0.479211
-0.319046
0.111989
-0.278242
0.021906
0.021005
0.046403
-0.148768
-0.191680
0.427167
-0.070241
0.305431
0.137447
0.392834
-0.144141
-0.338957
0.224700
0.402980
0.062446
-0.156191
-0.147295
0.217101
0.041501
0.073702
0.219933
0.411915
0.144656
-0.104268
0.330511
0.468840
0.076980
-0.040514
0.665343
1.190849
0.579477
0.481340
-0.064258
0.055150
-0.311855
-0.345537
-0.486560
-0.350908
-0.564848
-0.540678
-0.598697
-0.571431
-0.395653
-0.639774
-0.611872
-0.612337
-0.654613
-0.646608
-0.656867
-0.525794
-0.132358
-0.512480
-0.341373
-0.366507
-0.491614
-0.347348
-0.363974
-0.487109
-0.036342
-0.095126
-0.597909
-0.360495
-0.551778
-0.480623
0.146757
-0.105304
-0.134879
-0.226061
-0.228529
0.000612
-0.257369
0.017469
-0.262220
-0.244567
-0.447661
0.013942
-0.110894
-0.068465
-0.270244
0.085380
0.634805
0.631338
0.880888
0.769419
0.158462
0.178628
-0.140893
0.564939
-0.113255
0.074834
0.226612
0.081857
-0.128218
-0.020370
-0.018531
0.092069
0.096639
0.140173
-0.038426
0.090543
0.373977
0.056989
-0.017553
-0.113974
-0.089661
-0.031073
-0.236520
-0.278237
-0.459080
-0.358558
-0.435754
-0.627845
-0.417718
-0.582812
-0.373515
-0.433576
-0.433839
-0.414818
-0.568200
-0.464285
-0.463866
0.209385
-0.268820
-0.604738
-0.393887
-0.131105
-0.398819
-0.180551
-0.384608
-0.427961
-0.417268
-0.089793
-0.102481
0.042876
-0.312502
0.004654
0.008004
0.333889
0.198269
0.292761
0.959073
0.334080
0.363568
0.153306
0.672044
0.598869
0.260932
0.176050
2.935519
0.642968
0.141312
1.994625
0.094159
0.146946
0.014422
0.002044
-0.241863
-0.193452
0.140237
0.100975
-0.337535
-0.263345
-0.432954
-0.350935
-0.507029
-0.509734
-0.519339
-0.586155
-0.350267
-0.473163
-0.213917
-0.193970
-0.255508
0.030854
0.058384
-0.278682
-0.185031
-0.397378
-0.516622
-0.210564
-0.424563
0.259552
-0.466670
-0.016874
-0.561544
-0.514554
-0.598351
-0.696629
-0.602645
-0.701675
-0.674506
-0.645961
-0.596803
-0.542951
-0.616539
-0.595120
-0.541128
-0.627234
-0.525541
-0.524907
-0.282498
-0.497437
-0.283268
-0.207075
-0.308487
-0.390150
-0.149547
-0.241124
-0.280900
-0.235142
-0.154824
-0.160193
-0.146407
-0.078291
-0.177984
0.042546
-0.045312
0.725550
0.082493
0.353867
0.106682
0.212190
0.005804
-0.268748
0.112536
0.015692
0.021101
0.088875
-0.309679
-0.246181
-0.133295
-0.287924
-0.333320
-0.529991
-0.384750
-0.383761
-0.369655
-0.238650
-0.069247
-0.073658
-0.080920
-0.082829
-0.178661
2.041196
0.126562
0.630346
0.096233
-0.173421
3.112035
-0.303221
-0.367907
-0.459573
-0.023547
-0.400995
-0.326192
-0.156107
-0.450153
-0.194589
1.022273
-0.109298
0.577876
0.356838
-0.336145
-0.346868
-0.097791
0.249824
-0.046520
-0.221574
-0.058423
0.054020
0.010248
-0.254736
-0.206153
-0.238053
-0.165242
-0.064436
-0.077395
-0.000701
-0.100322
0.580781
-0.115187
-0.193535
-0.419237
-0.433052
-0.371232
0.257790
-0.176590
-0.348652
-0.186536
-0.219629
-0.442955
-0.486703
-0.273222
-0.147251
-0.132315
0.026332
-0.214732
-0.290208
-0.365780
-0.075428
0.031163
-0.035462
-0.121760
0.262462
0.152029
0.806885
0.510212
0.201262
1.557747
0.550478
-0.022820
-0.195111
0.009584
0.258461
-0.235320
0.203324
0.140212
0.218521
0.785866
0.043025
0.560279
-0.040439
0.437889
1.244784
-0.068527
-0.190396
-0.167479
-0.303004
-0.403323
-0.255831
-0.370864
-0.516057
-0.387507
-0.593862
-0.578380
-0.581211
-0.485784
-0.648022
-0.404386
-0.436064
-0.354343
-0.306313
-0.449529
-0.194056
-0.590164
-0.425603
-0.418646
-0.637794
-0.260497
-0.283047
-0.545143
-0.419337
-0.508254
-0.103684
-0.664262
-0.574802
-0.556869
-0.583978
-0.623589
-0.486210
-0.665283
-0.580810
-0.621567
-0.579110
-0.361334
-0.314838
-0.088033
0.005130
-0.222706
-0.323502
-0.075967
0.056564
0.607767
2.861189
5.985862
8.832939
3.893677
6.015073
5.692587
4.145891
17.245137
10.912642
6.946026
9.203887
7.126843
18.116216
2.431498
4.258249
5.555861
7.756015
1.866226
-0.232001
-0.510369
-0.411853
-0.233101
0.138521
0.381801
0.039198
0.769573
1.134940
0.713074
0.504788
0.803306
1.056588
0.372066
0.790184
1.136385
0.523551
0.311933
-0.332602
-0.213489
-0.137214
-0.277993
-0.386836
0.012391
-0.231644
1.552604
-0.013559
0.374667
-0.157396
0.231293
-0.028829
1.494501
-0.084594
-0.081008
0.103847
0.390863
-0.056720
-0.303239
-0.052108
-0.516497
-0.574247
-0.288846
-0.411677
-0.523523
-0.300175
-0.487560
-0.404069
-0.396006
-0.519112
-0.070771
-0.325085
-0.411639
-0.291816
-0.112491
-0.081961
-0.137298
-0.070093
-0.052006
-0.258352
0.384275
1.016335
-0.162050
0.099524
0.134590
-0.063249
0.233602
-0.177038
-0.180259
0.036433
0.740665
-0.216245
-0.409044
0.102115
-0.251642
-0.471652
-0.324435
-0.289675
-0.354578
-0.604044
-0.591952
-0.622642
-0.565310
-0.670497
-0.488826
-0.105811
-0.092878
-0.342441
-0.163489
-0.492163
-0.352035
-0.418203
0.050683
-0.337714
-0.417468
-0.383233
-0.415244
-0.256243
-0.216710
-0.056909
-0.151750
0.740128
-0.087310
0.476888
0.049254
-0.002829
-0.054441
0.520779
0.723908
0.277757
0.236912
0.151739
0.024215
0.586876
0.008808
-0.001734
0.079946
0.096495
0.058177
0.048164
-0.276938
-0.196135
-0.176154
-0.250642
-0.189930
-0.441739
0.001766
0.233657
0.446224
0.722970
-0.067127
0.351035
0.354022
0.470150
-0.142911
0.173506
0.523250
0.989243
0.233963
0.038539
-0.157432
0.623446
-0.147526
-0.370744
-0.573557
-0.021280
-0.083245
-0.391820
-0.263973
-0.402249
-0.292038
-0.476026
-0.263575
-0.458234
-0.406706
-0.334190
-0.546506
-0.421106
-0.365004
-0.442621
-0.447138
-0.326960
-0.629889
-0.536518
-0.619788
-0.584414
-0.528387
-0.473154
-0.269521
-0.323242
-0.126860
-0.247593
-0.156979
-0.366310
-0.222616
-0.259321
-0.053560
0.586808
0.106763
0.425025
0.595401
0.198077
2.202550
0.635350
-0.119111
-0.012125
0.299368
-0.041615
0.549837
-0.199823
-0.240067
-0.166494
-0.186784
0.689449
-0.035013
-0.424619
-0.383487
-0.033948
-0.222593
-0.052977
-0.131933
0.001835
-0.219169
0.101861
0.212910
-0.149751
0.057774
0.362169
-0.220842
-0.144399
-0.364015
-0.463980
-0.296270
-0.380395
-0.241465
-0.257215
-0.010353
0.162657
-0.337380
-0.195040
-0.071221
-0.507665
-0.283500
-0.460403
-0.304235
-0.533774
-0.584312
-0.464820
-0.369776
-0.649470
-0.643995
-0.592930
-0.676601
-0.677321
-0.518182
-0.533827
-0.656544
-0.624628
-0.603916
-0.657248
-0.339203
-0.652553
-0.615643
-0.502349
-0.371428
-0.579682
-0.579648
-0.630790
-0.534265
-0.565759
-0.687823
-0.661429
-0.578643
-0.533717
-0.655589
-0.482822
-0.447133
-0.516938
-0.642728
-0.662831
-0.289994
-0.472702
-0.252618
-0.569841
-0.379038
-0.139932
-0.547382
-0.236367
-0.392402
-0.598137
-0.318693
-0.239983
-0.544657
-0.467903
-0.533386
-0.524771
-0.573203
-0.541492
-0.252640
-0.228278
-0.446932
-0.416012
-0.119262
-0.496669
-0.316327
-0.484110
-0.509599
-0.473421
-0.436279
-0.145169
-0.426881
-0.121161
-0.158338
0.116006
-0.267435
0.076422
0.475634
0.108267
-0.276334
1.516598
0.723550
0.939317
1.164922
0.743510
1.381333
0.900534
0.549952
2.287525
2.141709
0.479919
0.858394
0.509093
0.432279
2.376152
1.387269
0.800197
0.711613
-0.131458
-0.183480
-0.549033
-0.525749
-0.586551
-0.535858
-0.451467
-0.618450
-0.538050
-0.569284
-0.527846
-0.583898
-0.568869
-0.515540
-0.532000
-0.522385
-0.626033
0.003084
0.117760
-0.294317
-0.405791
-0.407044
-0.267062
-0.217533
-0.186996
-0.427717
-0.343445
-0.620147
-0.582821
-0.528265
-0.359669
-0.263633
-0.440332
-0.466120
-0.341246
-0.424351
-0.415065
-0.450068
-0.337190
-0.330092
-0.442702
-0.211188
-0.021347
-0.336117
0.119294
-0.227866
-0.407533
-0.355579
-0.323246
-0.462770
-0.456141
-0.427394
-0.598855
-0.602167
-0.644133
-0.644928
-0.685413
-0.621681
-0.678865
-0.566328
-0.538737
-0.629378
-0.551403
-0.464239
-0.637198
-0.444481
-0.499274
-0.600174
-0.515871
-0.408816
-0.635260
-0.614267
-0.467757
-0.554168
-0.550024
-0.615209
-0.586194
-0.361329
-0.247110
-0.293765
-0.515145
-0.440057
-0.433508
-0.470761
-0.353919
-0.410661
-0.311020
-0.397281
-0.232326
-0.179943
-0.190423
0.074708
0.184729
-0.045281
0.021731
-0.335659
-0.202566
0.296782
0.346935
-0.196728
0.225659
1.643206
1.630992
2.246091
1.905903
1.600616
6.120018
2.160504
4.730213
2.866796
4.434263
1.859632
2.340729
2.111577
2.138683
1.068214
3.220240
1.002785
-0.077959
-0.353067
-0.437950
-0.426424
0.002928
-0.058463
-0.103053
-0.131117
0.164920
0.054583
0.006233
0.187374
0.078723
0.085964
-0.161343
0.273234
0.009858
-0.279968
-0.151928
0.241189
0.211910
0.028198
-0.041835
-0.149617
-0.023660
-0.180643
-0.314006
0.046698
0.027307
0.419650
-0.037844
0.295234
0.388180
0.129115
0.496194
0.417012
0.161675
0.412197
0.310361
0.111674
0.420592
-0.179859
0.066299
-0.010142
0.053942
-0.143648
0.360850
0.389548
-0.203460
-0.313806
-0.207582
-0.109152
-0.391960
-0.458747
-0.256777
-0.205863
-0.056085
-0.076199
0.016101
-0.103215
-0.209604
0.402550
-0.111822
-0.280913
-0.036826
2.026986
-0.241472
0.363023
-0.105737
-0.080085
-0.030999
-0.082715
-0.169545
-0.281951
-0.470603
-0.368242
-0.434109
-0.004041
-0.388249
0.120779
-0.209008
0.311666
0.181565
-0.052837
-0.302138
-0.356703
1.001878
-0.317573
-0.306760
-0.253542
-0.532633
-0.477198
-0.399564
0.518538
-0.111984
-0.080970
1.259878
1.243378
0.565698
1.749399
0.761458
0.649273
2.986190
0.233747
2.677191
1.653601
0.376886
0.901334
0.067349
0.184456
0.339674
-0.034117
-0.306568
-0.327842
-0.284681
-0.168410
-0.266141
0.139781
0.221397
0.111902
-0.185692
-0.323718
-0.249591
-0.541766
-0.269156
-0.192003
-0.363590
-0.091372
-0.113309
-0.104983
-0.063243
-0.208139
-0.234399
-0.487086
-0.393388
-0.401370
-0.005484
-0.423113
-0.221219
-0.301048
-0.350815
-0.243136
-0.311441
-0.138966
-0.074439
-0.260946
-0.223989
-0.330048
-0.050452
-0.348291
-0.156251
0.066069
0.025929
0.378891
0.115803
0.782781
1.014152
-0.190695
-0.315464
-0.045475
0.138311
-0.403131
-0.252956
-0.091889
-0.253301
-0.173405
-0.214733
-0.180957
-0.331793
-0.283616
-0.170380
0.022200
-0.238756
0.081680
-0.154829
-0.220803
-0.452950
-0.162567
-0.454144
0.135037
0.738772
-0.424250
-0.248327
-0.158001
-0.206925
-0.427088
-0.414628
-0.515584
-0.468444
-0.483611
-0.538710
-0.506280
-0.467239
-0.528484
-0.507017
-0.345321
-0.472773
-0.532076
-0.550594
-0.591549
-0.313937
-0.320213
-0.320923
-0.400627
-0.421134
-0.364243
-0.461153
-0.301356
-0.365431
-0.346014
-0.334382
-0.484129
-0.347182
-0.254891
-0.396111
-0.274101
-0.313288
-0.255227
-0.313622
0.217264
-0.121675
-0.342481
-0.357510
0.124983
-0.345069
-0.279656
-0.124023
-0.021428
-0.162600
-0.336330
-0.315357
0.058652
-0.214015
0.206398
-0.331679
-0.086211
0.668839
0.040770
-0.286595
-0.124949
-0.037664
-0.304896
-0.310253
-0.267901
-0.247318
-0.230098
-0.074723
-0.244110
-0.269968
-0.194062
-0.235439
-0.301977
-0.300275
-0.304846
-0.243076
0.025164
-0.291296
-0.449839
-0.417084
-0.360073
0.094526
-0.254843
-0.325593
-0.483351
-0.437610
0.014116
-0.327235
-0.391753
-0.374627
-0.522725
-0.455143
-0.384680
-0.499843
-0.445503
-0.276221
0.152622
-0.490298
-0.314170
-0.359397
-0.120962
-0.314532
-0.125201
0.071121
-0.264182
0.175517
-0.347346
0.152331
-0.060495
0.023805
-0.450469
0.046538
-0.212236
-0.259298
-0.248512
0.055204
-0.551169
-0.451626
-0.264931
-0.200736
-0.022968
0.363055
0.478684
-0.110045
-0.302435
-0.095540
0.218806
-0.417948
-0.386846
0.077361
-0.294900
-0.196694
-0.401134
0.330828
1.076462
-0.416577
-0.521251
-0.416605
-0.143254
-0.376758
0.003953
-0.071949
-0.206690
-0.431425
0.220280
-0.001820
0.177726
-0.390368
-0.259212
-0.348616
-0.183210
0.075354
-0.184503
-0.345459
-0.276455
0.280148
0.187098
-0.212673
-0.313235
-0.376653
-0.496490
-0.530851
-0.488976
-0.480895
-0.452458
-0.502935
-0.393416
-0.553127
-0.448689
-0.518033
-0.506347
-0.475913
-0.558891
-0.649341
-0.535923
-0.568153
-0.408020
-0.378361
-0.520412
-0.448480
-0.391699
-0.156213
-0.440717
-0.354682
-0.415578
-0.420869
-0.476853
-0.471650
-0.472428
-0.493796
-0.554028
-0.552744
-0.530596
-0.588191
-0.493726
-0.448762
-0.569963
-0.517598
-0.521876
-0.493868
-0.491593
-0.236441
-0.661918
-0.374199
-0.407392
-0.162851
-0.103006
-0.095463
-0.173799
-0.209404
-0.324476
0.131817
0.348077
-0.072948
0.908587
1.078396
0.226953
0.274136
0.035314
-0.187275
-0.141704
-0.329591
-0.313022
-0.076337
-0.291708
-0.420110
-0.336356
-0.359299
1.071988
-0.286536
-0.078526
-0.101396
0.221463
-0.021227
0.631310
-0.406312
-0.146708
-0.281940
0.369064
0.555985
-0.151953
-0.265967
-0.333703
-0.375259
-0.027788
-0.103727
-0.365776
-0.410801
-0.095212
0.234186
-0.166149
0.067387
-0.466420
-0.232948
0.156443
-0.208983
0.169675
-0.149577
-0.213769
-0.298057
0.266614
-0.360165
0.063655
-0.350821
-0.253729
-0.210191
-0.406738
-0.501136
-0.225608
-0.264318
-0.488908
-0.310116
-0.209281
-0.341555
-0.431910
-0.435419
-0.491718
-0.419556
-0.263636
-0.354642
-0.236073
-0.271649
-0.197827
-0.103934
0.075871
-0.031297
-0.244025
-0.183750
-0.140336
-0.445134
-0.367951
0.107925
-0.245106
-0.283216
-0.242416
-0.002583
-0.117505
-0.465770
-0.445438
-0.415451
-0.310466
-0.586165
-0.254348
-0.599053
-0.545533
-0.456265
-0.543000
-0.382757
-0.609781
-0.506673
-0.650347
-0.632155
-0.597367
-0.604262
-0.482054
-0.464693
-0.499595
-0.556226
-0.493929
-0.543739
-0.565507
-0.482087
-0.221120
-0.346244
-0.391460
-0.409495
-0.116673
0.014728
0.330349
0.283387
2.495431
2.727459
2.129375
2.680223
4.279434
1.204084
0.583004
3.327386
7.250064
7.583589
6.775645
5.113975
3.692597
4.669422
4.310008
2.903781
8.540727
3.604724
2.588537
0.555702
0.139825
-0.033585
-0.128526
0.600348
-0.121373
-0.095350
0.024968
-0.016833
0.059487
-0.133344
-0.075180
-0.034622
-0.210553
0.140256
-0.158108
-0.045009
0.103295
0.022591
0.036013
0.734532
0.209621
0.700994
-0.487197
-0.477347
-0.357926
-0.414945
-0.430813
-0.392125
-0.540401
-0.601008
-0.629353
-0.509644
-0.675333
-0.558859
-0.573749
-0.405710
-0.416163
-0.207650
-0.470883
-0.598975
-0.511952
-0.459858
-0.208237
-0.514143
-0.579210
-0.660832
-0.477130
-0.482942
-0.537415
-0.394314
-0.348412
-0.364883
-0.485651
-0.378459
-0.564710
-0.458512
-0.283176
-0.204573
0.084062
-0.185518
-0.033582
-0.035726
0.214781
-0.168934
-0.046547
0.328335
-0.308553
-0.141652
-0.209737
0.294597
0.313218
-0.277991
-0.010728
0.170812
-0.467196
-0.090853
-0.406048
-0.238281
0.132681
-0.312162
0.294102
-0.291920
-0.140686
-0.028000
-0.169840
0.207820
-0.175101
-0.307586
-0.143158
-0.284509
-0.336854
-0.341055
-0.384585
-0.423020
-0.119471
-0.107708
-0.226015
0.345578
-0.266937
0.033664
-0.095309
-0.223191
-0.075143
0.173013
0.125759
-0.028610
-0.315059
-0.356707
-0.467404
-0.361379
0.000151
0.168718
-0.309886
0.193051
0.414912
-0.190838
-0.080918
-0.416407
-0.070521
1.083519
-0.280410
-0.596523
-0.559104
-0.660034
-0.571676
-0.574538
-0.426666
-0.389122
-0.458995
-0.456702
-0.677336
-0.580526
-0.542743
-0.559045
-0.607248
-0.568289
-0.551206
-0.141187
-0.090133
-0.377777
-0.528861
-0.425951
-0.505947
-0.494236
-0.403900
-0.534451
-0.376332
-0.435860
-0.167370
-0.558458
-0.609676
-0.531407
-0.325310
-0.267007
-0.355560
-0.066461
-0.242152
1.851714
-0.254273
-0.215101
-0.312205
-0.083982
-0.365053
-0.120475
-0.207448
-0.109022
-0.408467
-0.006668
0.375542
-0.192284
-0.296656
-0.228046
-0.257211
-0.287012
-0.364332
-0.079506
-0.337813
-0.324121
0.472606
0.811069
0.226539
0.108166
-0.060606
0.327588
0.011883
-0.089133
0.721758
-0.019498
-0.281770
0.011535
-0.267339
0.107207
-0.024260
1.039074
-0.186522
-0.141370
0.366364
1.808156
0.554454
0.427036
0.409959
0.168512
0.201513
-0.183467
-0.192903
-0.298483
-0.307856
-0.207342
-0.348688
-0.206361
0.348287
0.169928
-0.306823
-0.396321
-0.330231
-0.140052
-0.411656
-0.452284
-0.422371
-0.233339
-0.277330
-0.040018
-0.329518
-0.094273
-0.525666
-0.392413
-0.381222
0.125582
-0.329423
-0.427559
-0.119115
-0.392358
-0.107476
0.119901
-0.236478
0.292499
-0.244863
0.033216
0.009596
-0.295196
-0.392884
-0.303776
-0.450477
-0.437641
-0.573450
-0.495752
-0.509737
-0.483651
-0.504479
-0.568403
-0.454092
-0.662462
-0.505199
-0.436957
-0.636133
-0.460114
-0.302943
-0.557896
-0.620453
-0.670866
-0.598154
-0.624833
-0.591579
-0.565171
-0.590396
-0.499787
-0.612509
-0.586365
-0.624769
-0.540233
-0.706560
-0.637221
-0.576144
-0.296833
-0.601027
-0.420008
-0.483002
-0.461435
-0.530825
-0.561744
-0.416931
-0.440938
-0.362483
0.024958
-0.357121
-0.327653
0.164444
0.144460
-0.245451
-0.189379
-0.474508
-0.542686
-0.477427
-0.200711
1.338232
0.001982
-0.419893
-0.489187
-0.558102
-0.393481
-0.369787
-0.477933
-0.629099
-0.440162
-0.367668
-0.425402
-0.411066
-0.479141
-0.295855
-0.531806
-0.654203
-0.370627
-0.558259
-0.478087
-0.384077
-0.449669
-0.542202
-0.484109
-0.593300
-0.564922
-0.473791
-0.402677
-0.271512
-0.329483
-0.406479
-0.373883
-0.435501
-0.463252
-0.304606
0.070186
-0.155222
0.484213
-0.163602
3.414689
-0.169487
0.023883
0.522936
-0.230369
-0.283094
-0.439218
-0.314340
0.282073
-0.205113
-0.257174
-0.569454
-0.117651
-0.535638
-0.657047
-0.523984
-0.514065
-0.527257
-0.535749
-0.556039
-0.567579
-0.556567
-0.549965
-0.540421
-0.301822
-0.411252
-0.379708
-0.476596
-0.488291
-0.376908
-0.435216
-0.564587
-0.640623
-0.581118
-0.502388
-0.661191
-0.606815
-0.573776
-0.391019
-0.551756
-0.531908
-0.514957
-0.471058
-0.436873
-0.714182
-0.601752
-0.363510
-0.352015
-0.556395
-0.367623
-0.412034
-0.207778
-0.201055
-0.301159
0.062208
-0.188927
-0.170258
0.342210
-0.215890
-0.221366
0.102202
0.189426
0.169119
-0.141495
0.040174
-0.094502
-0.162301
-0.337025
-0.235176
0.255114
-0.299613
-0.139029
0.104446
0.364774
-0.349915
-0.271065
-0.201381
-0.483442
-0.591152
-0.549872
-0.515852
-0.537381
-0.608545
-0.599074
-0.478619
-0.570122
-0.505217
-0.648478
-0.687423
-0.679639
-0.643831
-0.570677
-0.604476
-0.578632
-0.658781
-0.637469
-0.375233
-0.610835
-0.505041
-0.520162
-0.179478
-0.596087
-0.574632
-0.595110
-0.520829
-0.605230
-0.367299
-0.489325
-0.374464
-0.615601
-0.334249
-0.508368
-0.607392
-0.606301
-0.570831
-0.600835
-0.616000
-0.328912
-0.159160
-0.410106
-0.440003
-0.544688
-0.361788
-0.389989
-0.521419
-0.468294
-0.588749
-0.521535
-0.457346
-0.404338
-0.048848
0.209886
0.952655
-0.122460
-0.091326
-0.096405
-0.125745
-0.040341
0.216342
0.912089
0.630206
0.754072
0.692274
0.606340
0.389867
1.054146
0.281461
-0.192268
0.226298
0.189571
0.237735
-0.047579
-0.162329
-0.255516
-0.311952
-0.364327
-0.352848
-0.392453
-0.262093
-0.461835
-0.379979
-0.220448
-0.432026
-0.207883
-0.299574
-0.227673
-0.423138
-0.205274
-0.107161
-0.212262
-0.271801
2.118402
0.045929
0.628843
-0.020064
-0.017049
0.226117
0.779082
0.554901
0.551237
0.824918
0.655691
1.245409
1.402633
0.641031
0.520622
1.363207
1.152924
1.749284
1.689824
2.328871
1.461262
3.202602
2.557894
5.422576
2.208449
1.242558
0.977181
1.081488
3.006455
1.085044
2.308723
2.737474
1.035002
1.019648
0.668556
0.942271
0.934631
0.584356
0.657118
0.721951
-0.089945
1.025948
0.576300
0.483965
0.485631
0.323945
-0.137419
-0.490068
-0.216862
-0.101006
-0.525205
-0.508271
-0.569250
-0.636267
-0.524312
-0.559062
-0.533048
-0.516540
-0.588670
-0.612593
-0.380126
-0.446455
-0.555745
-0.531629
-0.455420
-0.588360
-0.655603
-0.520783
-0.226083
-0.635209
-0.391791
-0.490864
-0.387426
-0.402351
-0.366956
-0.534475
-0.340621
-0.499983
-0.652336
-0.605644
-0.482481
-0.330639
-0.403400
-0.443161
-0.477502
-0.535640
-0.522840
-0.510979
-0.485055
-0.437060
-0.233360
-0.211890
-0.164268
-0.207106
-0.437672
-0.512433
-0.615329
-0.524497
-0.475960
-0.500292
-0.662606
-0.713327
-0.722112
-0.697636
-0.677286
-0.640956
-0.665277
-0.655022
-0.728777
-0.699719
-0.697083
-0.497555
-0.461738
-0.121155
-0.251720
-0.566218
-0.409224
-0.537669
-0.383238
0.066841
-0.573510
-0.498433
-0.580323
-0.501341
-0.373058
-0.300481
-0.563533
-0.511540
-0.157065
-0.344223
-0.321428
0.288356
-0.267923
-0.453123
-0.494862
-0.526187
-0.115676
-0.291958
-0.419089
-0.373116
-0.236970
-0.509449
-0.490736
-0.394711
-0.573325
-0.144427
-0.172850
-0.583711
-0.555292
-0.392140
-0.504176
-0.578786
-0.595581
-0.540097
-0.313633
-0.374635
-0.530380
-0.395207
-0.487137
-0.312013
0.025548
-0.409847
-0.215906
-0.357233
-0.111767
-0.499119
-0.428392
-0.366219
-0.530701
-0.354124
-0.439338
-0.501339
-0.519075
-0.519957
-0.318377
-0.560619
-0.193586
-0.186769
-0.100116
-0.131260
-0.240646
-0.122872
0.739796
0.574562
0.103316
0.426745
1.772942
0.199669
0.144049
0.323346
0.648255
0.578406
-0.208012
0.028560
0.658161
0.246291
0.631495
0.401040
0.245156
0.837971
0.287586
0.298278
0.904308
0.966779
3.421260
10.162029
15.249909
14.935149
12.240598
8.018408
3.027946
2.474187
4.231266
2.402897
4.317571
7.549409
4.344906
5.810077
10.408610
6.162095
9.973234
10.835464
11.068010
5.892503
3.444437
2.699446
3.447255
6.133675
3.180050
6.561855
5.204467
4.838775
-0.518831
-0.443477
-0.506142
-0.517606
-0.307611
-0.406831
-0.546751
-0.350604
-0.464457
-0.230780
-0.345039
-0.525773
-0.534938
-0.204089
-0.204691
0.680336
0.129893
0.262344
0.391430
2.642877
1.322995
0.022211
1.030689
1.860814
0.530572
1.379632
0.153795
0.151479
0.416942
0.258284
0.823587
-0.097657
-0.122874
0.444185
-0.244992
-0.025361
0.435762
0.383543
0.599724
-0.267167
0.109844
0.680194
1.332187
0.311548
0.178748
0.158416
0.129776
0.098495
0.295285
0.340469
-0.152647
0.001530
-0.006797
0.263128
0.067042
-0.447711
-0.448383
-0.345104
-0.262177
-0.350302
-0.313350
0.140147
-0.185781
-0.269329
-0.211335
0.077434
0.194295
-0.255307
-0.284613
-0.238582
-0.111438
-0.210871
0.253661
0.235882
0.800310
0.109263
0.338549
0.415110
0.226311
0.119172
-0.173012
0.154238
0.338823
0.344440
0.982767
1.219778
0.539502
0.653561
0.190001
-0.095540
-0.241377
-0.182793
-0.395499
-0.447990
-0.238813
-0.127646
0.166722
0.066101
-0.258547
-0.233824
0.240703
0.555514
-0.356943
0.466465
-0.264989
0.414611
0.184316
-0.148883
0.364014
0.320347
0.453082
0.353986
1.284061
0.024359
0.023268
-0.115531
0.262990
0.103878
0.068193
0.345587
-0.198176
-0.071786
-0.113688
-0.068151
-0.020739
-0.200682
0.001296
-0.119270
-0.240229
-0.558330
-0.400778
-0.214293
-0.398540
-0.423628
-0.377569
-0.006252
-0.324534
-0.350990
-0.338823
-0.308840
-0.227933
-0.462477
-0.430093
-0.271164
-0.346246
-0.297463
-0.172682
-0.364977
-0.251486
-0.242863
-0.281803
0.207349
0.041384
1.003883
0.521651
0.769990
3.007915
1.027428
1.418895
0.583207
0.831465
0.572625
0.942873
1.102976
1.058149
0.062984
0.304739
-0.137748
-0.240021
0.280298
0.473207
0.419704
-0.091875
1.450446
0.060030
-0.083256
-0.332318
0.045218
-0.138289
-0.279726
0.144163
-0.429519
-0.306724
-0.021702
-0.093537
0.055571
0.314345
1.006109
0.110598
0.175513
-0.213899
-0.046393
-0.156461
-0.121514
0.103904
0.331521
-0.039233
-0.070561
0.194884
0.279910
0.349852
0.607579
0.547756
2.103834
0.708744
2.023965
1.208944
0.555251
2.940146
1.445563
0.609215
1.802678
1.149325
0.335381
0.213072
0.095429
0.535865
-0.256357
-0.162950
-0.069812
0.034168
0.044306
1.029782
2.423832
1.349820
0.105993
0.458954
0.343374
0.030213
0.212983
0.723430
0.263018
0.072055
0.330880
-0.284500
-0.389910
-0.531339
-0.618436
-0.423440
-0.476927
-0.569251
-0.631212
-0.533315
-0.236896
-0.414267
-0.281012
-0.180763
0.562514
-0.040333
-0.174734
-0.222601
-0.363240
0.168432
0.385387
0.200367
-0.156226
-0.241627
0.247689
-0.348093
-0.560050
-0.428093
-0.273208
0.000856
-0.433559
-0.176166
-0.482611
-0.599073
-0.385363
-0.130004
-0.377953
-0.215968
-0.191907
0.211649
0.029221
-0.017070
-0.035185
-0.297267
0.301760
0.030593
-0.057424
-0.333349
-0.274827
-0.360664
-0.522126
-0.321492
-0.265307
-0.311072
-0.395976
0.087087
-0.258939
0.303163
0.177839
-0.186958
0.219912
0.131591
0.521493
1.150206
0.006218
-0.036787
1.015607
0.714877
-0.032830
-0.104610
-0.210068
-0.207039
0.093351
-0.347996
-0.237628
-0.080324
-0.247040
-0.301523
-0.376728
-0.305660
-0.348820
-0.017077
-0.068673
-0.029815
-0.435520
1.546528
-0.304036
-0.193068
-0.199426
-0.134280
-0.306616
-0.484769
-0.234459
-0.102622
-0.175492
-0.278299
-0.177433
-0.125798
-0.207607
0.005933
-0.045811
-0.354280
-0.151028
-0.346324
-0.003514
0.033394
-0.198126
-0.212912
0.715873
0.379882
0.063732
-0.088362
0.222279
-0.127725
-0.434151
-0.399122
-0.358428
-0.430103
-0.381574
-0.418645
-0.417693
-0.668454
-0.560733
-0.694210
-0.589381
-0.690924
-0.593399
-0.515471
-0.401569
-0.394907
-0.666649
-0.611789
-0.242160
-0.258869
-0.514557
0.057207
-0.286326
-0.517728
-0.559908
-0.588723
-0.579293
-0.672921
-0.522613
-0.680945
-0.658043
-0.680050
-0.277700
-0.222721
-0.312300
-0.147352
0.412173
-0.168000
0.016272
0.294455
-0.083238
0.883217
-0.165278
-0.094883
1.062308
-0.170252
-0.205639
0.225262
0.255329
1.518892
0.765073
2.079103
2.653417
2.979453
6.242678
1.813948
3.164809
2.505918
2.545019
2.574360
3.756482
3.696250
5.249221
5.096693
3.302431
2.272842
1.755135
1.510581
1.038157
0.119014
0.110743
0.050528
0.201524
0.314073
0.295279
0.646696
1.163028
0.856786
1.077110
0.958781
0.432595
0.604116
0.336573
0.554482
1.494617
1.083856
0.855288
1.025239
1.703900
1.076907
2.890138
0.890376
0.778474
0.531290
0.793955
1.272754
1.228533
0.736828
1.867790
2.099122
1.196763
1.386251
2.843753
1.801666
1.311116
2.081879
2.927224
1.506636
3.658067
1.703610
1.925954
1.830540
2.094675
0.737907
2.387841
1.863311
-0.091938
-0.188108
0.187142
0.345941
-0.116005
-0.358692
-0.038485
-0.368522
-0.277833
0.126453
-0.075874
-0.125377
-0.011184
-0.196047
-0.089669
0.015434
-0.026825
0.235052
0.020527
0.094383
-0.277862
-0.006581
-0.434884
0.134338
-0.408716
-0.393106
-0.134093
-0.227428
-0.472404
-0.278660
-0.366155
-0.371667
-0.229687
-0.533966
0.096566
0.025598
-0.234383
-0.286847
-0.366625
-0.486158
-0.184884
-0.471936
-0.400240
-0.056925
-0.324404
-0.270653
0.352228
-0.356634
-0.407784
-0.396001
0.640145
0.019708
-0.380360
-0.418204
-0.146285
-0.112293
0.182276
-0.478994
-0.044850
-0.240170
0.027845
-0.331922
-0.164888
-0.090403
-0.497076
-0.214683
-0.343596
-0.067851
-0.224096
-0.353497
-0.279136
-0.054694
0.075832
0.333207
0.008134
0.348958
-0.379594
-0.557691
-0.702264
-0.553204
-0.512408
-0.620063
-0.664252
-0.705044
-0.702578
-0.690882
-0.399917
-0.589178
-0.478889
-0.295319
-0.569543
-0.468988
-0.288004
0.138880
-0.335516
0.523155
-0.004920
0.043790
-0.323393
-0.365281
0.135730
-0.488776
-0.307889
-0.193876
-0.446200
0.148577
-0.155851
-0.324216
-0.584000
-0.464195
-0.527279
-0.234445
-0.221229
0.493103
0.574741
2.230489
0.848770
1.411813
0.857006
1.771656
0.616313
3.248896
0.433990
0.770498
-0.019190
0.177268
0.468759
0.072950
0.066787
-0.352386
-0.267078
-0.124918
-0.415013
-0.239568
-0.434460
-0.432771
-0.469028
-0.322895
-0.570790
-0.422720
-0.179670
-0.473516
-0.432908
-0.259064
-0.038666
-0.383032
-0.371877
-0.262681
-0.382215
-0.406039
-0.309771
0.011397
-0.313828
-0.029339
-0.044388
-0.294202
-0.000195
-0.093359
-0.404894
0.061648
-0.211164
-0.230176
-0.180530
-0.087511
-0.008462
-0.082475
-0.112978
-0.237993
-0.145057
-0.439440
0.049748
-0.129950
0.272804
0.543558
0.253902
0.033026
0.031556
-0.053589
0.343923
0.008646
0.385302
0.074510
0.011314
0.045387
-0.078721
-0.282787
-0.063217
0.013766
-0.116317
-0.114501
-0.176979
0.293213
-0.317613
-0.522524
-0.286794
-0.589004
-0.561054
-0.623859
-0.438436
-0.518114
-0.551178
-0.575313
-0.694924
-0.592584
-0.418077
-0.385419
-0.481661
-0.532303
-0.436248
-0.199077
-0.616784
-0.285348
-0.470626
-0.516815
-0.302789
-0.505438
-0.284127
-0.268560
-0.410544
-0.293295
-0.489249
-0.516346
-0.471576
-0.551122
-0.609836
-0.625351
-0.613496
-0.463521
-0.562293
-0.306217
-0.486920
-0.607047
-0.520652
-0.613271
-0.574256
-0.655500
-0.414797
-0.606124
-0.383537
-0.329398
-0.546666
-0.015493
0.024879
-0.378111
-0.387875
-0.510547
-0.610306
-0.579120
-0.594667
-0.661480
-0.674386
-0.695923
-0.606013
-0.714614
-0.715844
-0.647549
-0.676285
-0.685481
-0.621991
-0.573504
-0.412164
-0.570377
-0.593632
-0.528296
-0.409456
-0.333487
-0.407185
-0.435170
-0.159744
-0.361937
-0.415321
-0.229286
-0.272122
0.121913
1.215023
0.547424
1.055425
0.095821
-0.046720
0.203107
0.251606
0.106163
0.117326
0.870610
-0.022913
-0.266548
0.082779
0.169641
0.115851
-0.216127
0.502695
0.404785
-0.237850
-0.185534
0.196233
0.594517
0.143126
0.356655
0.671564
0.163620
-0.246952
-0.333758
0.046573
-0.045917
0.030582
0.061294
-0.186904
0.233332
0.211544
0.027117
0.253897
-0.033313
0.184791
-0.167713
-0.342098
-0.123727
-0.173056
-0.178647
0.179074
0.358633
0.149015
-0.037723
-0.223768
-0.302270
-0.325471
-0.417241
-0.223692
-0.399913
0.160060
-0.379087
-0.346096
-0.254600
0.164430
-0.132317
-0.235728
-0.285073
-0.499340
-0.258088
-0.378603
-0.297742
-0.478411
-0.311179
-0.586095
-0.596568
-0.551824
-0.520090
-0.576297
-0.605627
-0.620000
-0.586909
-0.702366
-0.599322
-0.598140
-0.612158
-0.496326
-0.648527
-0.596527
-0.405387
-0.619132
-0.403178
0.160745
-0.416960
-0.185909
-0.219923
-0.327556
-0.246917
-0.526208
-0.392424
-0.573449
-0.484171
-0.242190
-0.374880
-0.492501
-0.469545
-0.441130
-0.292652
-0.215951
-0.095644
-0.111277
-0.269607
0.055921
0.859361
0.055837
0.054164
1.029347
0.183373
0.011651
-0.031257
0.189062
-0.201889
0.078995
-0.122837
0.019354
-0.309460
-0.443729
-0.451058
-0.595028
-0.615464
-0.599948
-0.613225
-0.508016
-0.462425
-0.606464
-0.413890
-0.542415
-0.449737
-0.511878
-0.453360
-0.432070
-0.458340
-0.462629
-0.245802
-0.588940
-0.417003
-0.403390
-0.562405
-0.569720
-0.589806
-0.571345
-0.611300
-0.566188
-0.613987
-0.433999
-0.578616
-0.412371
-0.569477
-0.473573
-0.452101
-0.211138
-0.154650
-0.463243
-0.087268
-0.299147
-0.468927
-0.402889
-0.218487
-0.012529
-0.418658
-0.419847
-0.507946
-0.491554
-0.214386
-0.199490
-0.274466
-0.354257
-0.390861
-0.370696
0.262675
0.249562
0.133386
0.164523
0.575056
0.109768
0.589714
0.560104
0.022560
0.001854
0.001580
0.489357
0.214585
0.200554
-0.226874
-0.217048
-0.165758
-0.482525
-0.419698
-0.389555
-0.169276
-0.443882
-0.082972
-0.279597
-0.405741
-0.423562
-0.448283
-0.422882
-0.371011
-0.372966
-0.513816
-0.399119
-0.137224
-0.251155
-0.488841
-0.068265
-0.171689
-0.227707
0.277708
-0.125792
0.155579
0.016748
0.289155
0.317005
1.485064
0.658583
1.023177
0.411191
0.239253
0.074675
0.181315
0.174086
0.178668
0.012360
0.202027
1.733044
-0.000175
0.355612
0.046539
0.159170
0.090454
0.563201
-0.018976
0.815409
0.835034
0.352290
0.110581
-0.088441
0.197693
0.004054
0.178994
0.134036
0.331305
-0.029418
0.288284
0.097745
-0.248729
0.417877
2.165161
-0.073075
-0.118953
-0.405397
-0.217549
-0.100722
0.207655
-0.016356
0.135873
-0.230407
-0.130967
0.248330
-0.044628
0.095368
0.465318
0.104798
0.046280
0.283900
0.475453
1.936365
0.564918
0.517165
0.477328
0.710353
0.299418
0.055124
0.082285
-0.106470
-0.099061
-0.277818
0.341328
0.240874
0.130028
-0.083470
0.268211
-0.295416
-0.395940
-0.022651
0.885481
1.125881
0.058510
0.253109
0.735651
1.423864
2.567549
2.593581
3.810384
1.688090
1.546035
1.870129
2.645515
1.879155
3.282879
1.620726
1.041753
2.622303
1.281520
1.549205
2.415868
2.317153
0.605096
0.791524
0.597197
1.759333
3.047695
3.939424
7.025749
3.721936
4.322549
5.697936
2.956093
4.223260
3.812502
3.001929
4.006700
1.756042
3.338695
6.083152
2.146645
2.611298
1.786389
2.807334
3.454529
0.893004
0.397675
-0.092802
-0.213585
-0.201289
-0.165662
-0.334353
-0.077434
0.035202
0.205650
-0.191282
0.071716
-0.024064
0.308762
-0.047907
-0.166122
0.027489
-0.143925
-0.243610
0.131379
-0.058541
0.225688
0.247475
-0.021679
-0.039731
-0.063784
-0.361314
-0.375761
0.031013
-0.517702
-0.429085
-0.361994
-0.330844
-0.213239
-0.332682
-0.323455
0.227397
0.092165
-0.127255
-0.112584
0.123337
-0.097177
1.293400
-0.279249
0.081807
-0.424434
-0.399733
-0.476627
-0.487094
-0.326473
-0.619955
-0.462326
-0.618189
-0.598686
-0.350437
-0.453257
-0.324741
-0.509185
-0.452731
-0.417571
-0.131604
0.182572
0.508487
-0.274237
0.210944
-0.020000
0.122160
0.291640
0.211461
-0.361494
1.485671
-0.243750
-0.533098
-0.384124
-0.557410
-0.576698
-0.520334
-0.578257
-0.662379
-0.645193
-0.601542
-0.576570
-0.367908
-0.368664
-0.192507
-0.140808
-0.352238
-0.476990
-0.505258
-0.387386
-0.520201
-0.576289
-0.552207
-0.459867
-0.454951
-0.582961
-0.576198
-0.673954
-0.502363
-0.489479
-0.623363
-0.555577
-0.618153
-0.266391
-0.473739
-0.503327
-0.080209
-0.453943
-0.702393
-0.489432
-0.493015
-0.674772
1.716323
0.146973
-0.573381
0.040614
-0.417080
-0.643929
-0.687759
-0.703439
-0.661553
-0.606422
-0.547473
-0.619527
-0.433819
-0.559376
-0.542050
-0.582008
-0.476700
-0.581845
-0.509340
-0.540147
-0.280992
-0.337694
-0.408963
-0.373251
-0.598766
-0.479866
-0.553647
-0.476923
-0.563886
-0.626841
-0.635926
-0.503337
-0.637342
-0.510290
-0.336516
-0.401838
-0.236110
-0.558581
-0.390676
-0.503603
-0.538461
-0.575425
-0.473559
-0.282847
-0.510165
-0.308001
-0.335513
-0.254224
-0.460700
-0.202285
-0.430623
-0.506531
-0.395311
-0.448358
-0.518017
-0.480193
-0.138174
-0.445517
-0.618483
-0.566288
-0.516626
-0.608969
-0.479761
-0.485383
-0.520091
-0.535679
-0.435635
-0.110269
-0.338222
-0.071755
-0.124814
-0.133476
-0.362781
0.184162
-0.224296
-0.257049
-0.533866
-0.386109
-0.530253
-0.402425
-0.460438
-0.478243
-0.265676
-0.242502
-0.352666
0.032507
-0.340619
-0.105523
-0.471314
-0.378012
-0.350621
-0.121448
-0.158286
-0.249240
-0.174799
-0.120769
-0.096128
-0.070762
-0.222980
-0.257992
-0.453091
-0.458787
-0.559087
-0.413116
-0.469592
-0.623839
-0.537747
-0.517021
-0.110142
-0.221552
-0.334698
0.094291
-0.326472
-0.031067
-0.419337
-0.465681
0.045622
-0.037840
0.095812
-0.409490
-0.330957
-0.224187
-0.403427
-0.508480
-0.519055
-0.495152
-0.549209
-0.324256
-0.476475
-0.460479
-0.248621
-0.420562
-0.216075
-0.211015
-0.156833
-0.316220
-0.115789
-0.407328
-0.150350
-0.072605
-0.026686
-0.298084
-0.402130
-0.443466
-0.243162
-0.447152
-0.402008
-0.458968
-0.514411
-0.202591
-0.372330
-0.451124
-0.492765
-0.590135
-0.622963
-0.575095
-0.612254
-0.519812
-0.655630
-0.562292
-0.605725
-0.576887
-0.530315
-0.497806
-0.661857
-0.413347
-0.261804
-0.524737
-0.223738
-0.442491
-0.353945
-0.229339
-0.273797
-0.438958
-0.598006
-0.626451
-0.522303
-0.119410
-0.554764
-0.599846
-0.552359
-0.293064
-0.423228
-0.597877
-0.587518
-0.559338
-0.566637
-0.305572
-0.435888
-0.330575
-0.571294
-0.451469
-0.508478
-0.078920
-0.393816
-0.384775
-0.385587
-0.209524
-0.413882
-0.668468
-0.569139
-0.676990
-0.674529
-0.624976
-0.566376
-0.458154
-0.485955
-0.453091
-0.591030
-0.385356
-0.363813
-0.042507
-0.427908
-0.419857
-0.390504
-0.428878
-0.162037
-0.386558
-0.430629
-0.510205
-0.504989
-0.475333
-0.447799
-0.546505
-0.480298
-0.568538
-0.387700
-0.497331
-0.525273
-0.520690
-0.399918
-0.444456
-0.347129
-0.330399
-0.283908
-0.515349
-0.474502
-0.118561
-0.131180
-0.425887
-0.403770
-0.439060
0.617437
-0.440300
-0.403184
-0.424145
-0.432158
-0.519123
-0.427593
-0.253878
-0.389015
-0.440728
0.351304
-0.415011
-0.299633
-0.333745
-0.325111
-0.262332
-0.320080
0.083496
-0.364581
0.285828
-0.230054
-0.325773
-0.342581
-0.476446
-0.389708
-0.439811
-0.539712
-0.470509
-0.302379
-0.283986
-0.432824
-0.504838
-0.447039
-0.459535
-0.293999
-0.549695
-0.581592
-0.562839
-0.460346
-0.612074
-0.278515
-0.323636
-0.462724
0.080076
-0.424107
-0.444148
-0.130867
-0.417889
-0.243242
-0.340758
-0.456696
-0.443861
-0.340489
-0.529117
-0.093800
-0.527409
-0.533579
-0.537630
-0.554113
-0.388967
-0.578256
-0.225782
-0.162331
-0.413843
-0.255182
-0.262729
-0.532613
-0.430275
0.022350
-0.243931
-0.567281
-0.222768
-0.262053
-0.363938
0.087635
-0.493953
-0.524639
-0.408215
-0.474814
-0.544681
-0.488202
-0.484622
-0.600059
-0.549764
-0.561328
-0.530262
-0.593351
-0.203010
-0.582737
-0.536894
-0.423024
-0.626171
-0.410924
-0.396669
-0.186710
-0.491245
-0.587782
-0.610939
-0.452405
-0.510368
-0.597596
-0.620148
-0.735387
-0.520226
-0.676855
-0.639243
-0.681314
-0.615086
-0.430441
-0.480187
-0.400163
-0.456479
-0.622387
-0.667176
-0.514553
-0.490564
-0.475029
-0.517270
-0.568588
-0.418893
-0.311289
-0.518716
-0.657323
-0.610201
-0.610132
-0.649674
-0.724936
-0.603165
-0.642423
-0.678170
-0.666658
-0.541136
-0.646378
-0.607491
-0.446038
-0.701019
-0.572294
-0.522719
-0.349636
-0.580915
-0.631410
-0.580940
-0.535424
-0.474022
-0.227488
-0.596190
-0.641309
-0.583145
-0.623742
-0.587328
-0.543259
-0.515889
-0.451384
-0.329430
0.649755
-0.028002
0.229498
-0.059125
-0.245554
-0.242315
0.193599
0.633949
0.047695
-0.244248
0.862130
-0.304264
-0.329668
-0.190968
-0.283262
-0.476384
-0.503816
-0.442449
-0.512517
-0.539040
-0.367202
-0.437446
-0.475248
-0.321922
-0.305412
-0.568231
-0.383166
-0.495730
-0.489684
-0.440944
2.816920
-0.353124
-0.390051
-0.281186
-0.378688
-0.528411
-0.436396
-0.444416
-0.518404
-0.320885
-0.410747
-0.469529
-0.484798
-0.442193
-0.478596
-0.330070
-0.391215
-0.137347
-0.224162
-0.058317
-0.343900
-0.232878
-0.265764
-0.079953
0.057935
0.076329
-0.034041
0.016414
-0.436965
-0.138193
0.459555
-0.420439
0.051683
-0.309596
0.362488
2.343577
0.907581
1.279806
0.775744
1.569143
2.309724
0.696673
0.698863
0.212826
1.326897
0.581654
0.347598
0.668271
0.765657
0.244592
0.570360
0.628469
0.032063
-0.399261
-0.152065
-0.429689
0.167597
-0.354823
-0.236740
0.045794
0.236348
0.234542
-0.122430
-0.252313
-0.275315
-0.115239
-0.216784
-0.323144
-0.211335
-0.057871
-0.293235
-0.411124
-0.347598
-0.047400
-0.312777
-0.082161
-0.223369
0.059854
-0.207637
-0.224069
-0.433161
-0.344864
-0.393199
-0.237196
-0.095448
-0.078305
-0.295333
-0.084389
-0.191629
0.027409
-0.249329
-0.066969
-0.139067
-0.096971
-0.038914
0.144898
-0.170549
0.120318
-0.096191
-0.109027
0.106175
-0.422219
-0.387146
-0.386283
-0.431789
-0.236747
0.092423
-0.328406
-0.419311
-0.486908
-0.421708
-0.555952
-0.332969
-0.284372
-0.245696
0.024946
-0.492297
-0.443868
-0.270819
-0.336170
-0.266396
-0.363061
-0.316687
-0.454254
-0.036746
-0.292153
-0.300478
-0.075790
-0.427507
-0.370775
-0.405630
-0.159014
-0.189151
-0.192050
-0.321580
0.902131
-0.196989
-0.374600
0.044129
-0.240018
-0.047504
-0.273722
0.275200
-0.261478
-0.015332
-0.315180
-0.239576
-0.340859
-0.346280
-0.290990
-0.550849
-0.442628
0.107227
-0.326303
-0.297252
-0.405949
-0.016191
0.117130
-0.070521
-0.190246
-0.170466
-0.199508
-0.345496
-0.430567
-0.444344
-0.193852
-0.359050
-0.238947
-0.536530
-0.406387
-0.222133
-0.417892
-0.377437
-0.191529
-0.253244
-0.093789
-0.320100
0.240922
-0.373588
-0.334523
-0.599216
-0.539231
-0.482679
-0.511675
-0.289828
-0.401819
-0.416040
-0.172480
-0.337183
-0.410811
-0.457075
-0.280036
-0.486802
-0.492825
-0.437480
-0.330065
-0.258077
-0.402084
-0.493733
-0.287771
-0.262050
-0.513221
-0.467979
-0.427113
-0.507562
-0.536835
-0.653713
-0.416274
0.053859
0.410206
2.093761
0.640083
0.233694
0.413964
0.790967
0.320892
0.088982
0.326459
0.799203
0.710735
0.337324
0.079748
1.992561
0.199227
1.055731
0.532697
0.093151
0.221540
0.166549
0.008854
0.115204
0.610951
0.830815
0.428534
2.557901
0.077582
0.659139
0.645825
0.634705
1.101824
0.886893
1.027972
0.952912
0.762148
0.441030
0.876103
1.160262
2.507769
5.768216
0.569483
0.527702
1.093046
0.660491
1.443681
1.139281
0.381402
0.215639
0.402956
-0.038447
-0.004095
-0.244107
-0.107673
-0.020929
0.077039
-0.479367
-0.322652
-0.234711
0.717814
-0.379609
-0.286264
-0.209567
-0.271787
-0.480295
-0.333473
-0.525662
-0.441004
-0.491254
-0.523755
-0.330283
-0.576346
-0.338955
-0.309723
-0.267162
-0.189033
-0.286306
-0.408596
-0.492012
0.125163
0.518215
-0.440164
-0.567904
-0.339543
-0.321302
-0.471417
-0.397378
-0.374069
0.078950
-0.228219
-0.388730
-0.204109
-0.432918
-0.416829
-0.229841
-0.178578
0.327982
0.078099
1.758007
-0.087709
-0.063182
-0.209107
0.188719
-0.457593
-0.362490
-0.109167
-0.224612
0.220825
0.091999
0.460262
0.314852
-0.356937
-0.535409
-0.509748
-0.379810
-0.313466
-0.238106
-0.448962
-0.098028
-0.493900
-0.092593
-0.268100
-0.331041
-0.311043
-0.490448
-0.441558
-0.346782
-0.288903
-0.470346
-0.384080
-0.421103
-0.312556
-0.490305
-0.351757
-0.415249
-0.346832
-0.463275
-0.504334
-0.325057
-0.515536
-0.489997
-0.431678
-0.580390
-0.645031
-0.576390
-0.519975
-0.620782
-0.510149
-0.391936
-0.523729
-0.410342
-0.619902
-0.511308
-0.656110
-0.437422
-0.315385
-0.434747
-0.474515
-0.203873
-0.276771
-0.030139
-0.401943
-0.210913
-0.220086
-0.397832
-0.514951
-0.409211
-0.543094
-0.523662
-0.539652
-0.563660
-0.407841
-0.330283
-0.427494
-0.373546
-0.491172
-0.584353
-0.470343
-0.574751
-0.312562
-0.454782
-0.438401
-0.124878
-0.442430
-0.238859
-0.393743
-0.455044
-0.632138
-0.493084
-0.616391
-0.691484
-0.614954
-0.519676
-0.596090
-0.589000
-0.490545
-0.635033
-0.675613
-0.434845
-0.478805
-0.503440
-0.588303
-0.428945
-0.557991
-0.349949
-0.547707
-0.488609
-0.330306
-0.390005
-0.532180
-0.512011
-0.461171
-0.399857
-0.624787
-0.600516
-0.528105
-0.371141
-0.731883
-0.598017
-0.588059
-0.574739
-0.553061
-0.579042
-0.635907
-0.645196
-0.254134
-0.515270
-0.604899
-0.424785
-0.066045
-0.574650
-0.418440
-0.595244
-0.275840
-0.514563
-0.515888
-0.537279
-0.693970
0.226715
-0.377581
-0.543331
-0.491454
-0.704846
-0.444888
-0.551649
-0.564590
-0.592164
-0.603517
-0.389172
-0.557288
-0.629770
-0.238252
-0.567827
-0.447350
-0.491898
-0.535592
-0.585719
-0.488802
-0.581896
-0.694056
-0.640647
-0.605203
-0.631355
-0.639505
-0.305439
-0.506328
-0.240303
-0.534654
-0.544278
-0.434101
-0.506192
-0.625757
-0.536294
-0.113190
-0.453143
-0.535757
-0.460018
0.239714
-0.551635
-0.454217
-0.472614
-0.570028
-0.622640
-0.576099
-0.267494
-0.610132
-0.552815
-0.308638
-0.412738
-0.462502
-0.389208
-0.531054
-0.483259
-0.459340
-0.392057
-0.357070
-0.420321
-0.431359
-0.236914
-0.362687
-0.498521
-0.470806
-0.539471
-0.458886
-0.612371
-0.589637
-0.580503
-0.609719
-0.673253
-0.660665
-0.601880
-0.578736
-0.578787
-0.508750
-0.572489
-0.342500
-0.369900
-0.594130
-0.532178
-0.528127
-0.520148
-0.471937
-0.472025
-0.619030
-0.428246
-0.459382
-0.626071
-0.497176
-0.562829
-0.521554
-0.544660
-0.523953
-0.633884
-0.532185
-0.638959
-0.549266
-0.275459
-0.561765
-0.570909
-0.207639
-0.260629
-0.525584
-0.216895
0.602839
-0.108434
-0.319419
-0.217521
-0.162519
-0.415885
-0.459823
-0.399073
-0.271093
0.696303
-0.493182
-0.512086
-0.575732
-0.618989
-0.347362
-0.513387
-0.243354
-0.472317
-0.230007
-0.384264
-0.282121
-0.533411
-0.544383
-0.389385
-0.532637
-0.278877
-0.038998
-0.212175
-0.091397
-0.115559
-0.116150
-0.331575
0.188775
-0.344529
-0.625720
-0.578282
-0.637902
-0.585090
-0.595518
-0.384975
-0.312964
-0.070289
-0.263140
0.425828
-0.015550
-0.330057
-0.514739
-0.465402
-0.474271
-0.464463
-0.214243
-0.186460
-0.481623
-0.154157
0.091081
-0.466323
-0.323737
-0.118634
-0.185383
-0.012637
-0.405837
-0.543864
-0.286991
-0.176102
-0.427148
-0.353540
-0.617989
-0.556019
-0.603430
-0.537902
-0.515438
-0.538217
-0.511646
-0.574030
-0.507943
-0.459815
-0.388391
-0.290900
-0.148148
-0.288300
-0.463206
-0.419271
-0.024820
-0.467769
-0.570715
-0.399074
-0.467441
-0.324236
-0.332197
-0.480217
-0.159638
-0.146080
-0.190124
-0.174413
0.693614
-0.076903
-0.229057
0.108220
0.841543
0.971930
0.321275
0.345594
1.153100
0.541928
-0.132146
0.759374
0.694537
0.375317
1.593797
0.658254
0.641718
1.019381
0.843262
2.836217
2.560024
0.425985
2.892351
1.565208
0.818731
0.942404
2.075390
1.598127
1.446355
1.835070
2.051377
0.977768
1.630501
0.336185
-0.205375
-0.069531
0.038688
0.129090
0.484366
-0.154371
-0.178455
-0.245270
0.099906
-0.068315
0.044409
-0.021426
-0.018219
-0.031086
-0.369399
-0.257158
-0.041352
-0.171805
-0.077112
-0.253522
-0.036224
0.154333
0.190513
-0.085909
1.082878
3.081535
1.014356
0.764155
2.641030
0.672725
1.239087
0.196490
0.805441
1.035960
2.843657
1.395862
0.637109
0.533558
0.307042
-0.147554
0.014470
0.089123
0.467036
0.248265
0.901626
1.653737
0.451211
1.724987
1.414688
0.423628
1.743688
0.567239
0.857298
2.051801
4.957991
1.874514
0.757525
0.805322
0.923858
0.445489
0.503832
0.414142
-0.115432
-0.057211
0.075962
-0.071619
-0.200358
-0.115672
0.963433
-0.116235
1.619445
0.527366
0.785303
-0.140219
-0.143179
-0.045763
0.983573
1.264570
0.289857
0.267237
1.289195
2.287279
1.151458
2.123138
0.183811
0.446341
0.263921
0.367044
0.414597
0.203231
1.242509
0.137201
1.402988
0.542204
-0.033161
0.144587
-0.214560
0.647332
0.053366
0.250561
0.487379
0.225932
-0.075712
0.268362
0.488141
0.628119
0.560359
0.401000
0.403586
-0.180421
-0.121977
0.260865
-0.018527
-0.219517
-0.093414
-0.090064
0.347902
0.295496
-0.129297
-0.238571
-0.352319
0.020638
0.084323
-0.174612
0.128346
-0.280317
-0.175889
-0.183180
0.010217
-0.376401
-0.222367
-0.250777
-0.261894
-0.239432
-0.285067
-0.332419
-0.299960
0.020050
-0.394990
-0.381642
-0.291591
-0.433926
-0.484468
-0.209610
-0.362904
-0.100798
-0.400770
-0.329003
-0.485772
-0.497066
-0.240756
-0.495793
-0.218146
-0.044341
1.522122
0.712328
0.553840
0.517431
0.790435
0.674455
0.587160
0.631836
0.534104
0.522652
0.422889
0.561481
0.292758
1.433281
-0.196938
-0.128529
-0.092866
0.177650
-0.069719
0.132234
0.189987
-0.207116
0.121522
-0.001992
-0.088899
-0.185942
-0.139207
-0.407090
0.059519
0.734597
-0.323855
-0.363213
-0.048239
0.471376
-0.290832
0.357502
0.087308
-0.048128
1.365725
-0.184745
0.912698
0.021184
-0.205410
1.832046
-0.156386
-0.088181
0.499711
-0.108199
0.241535
0.290898
-0.196833
-0.054313
-0.016076
0.009015
0.125731
0.383159
0.071244
-0.085697
0.341139
-0.067345
0.177403
0.313740
0.006055
0.276757
0.535924
0.545695
0.106621
0.372114
0.777283
0.407060
0.792259
2.462706
0.506529
3.237863
1.342445
1.300927
1.173057
2.460983
1.307963
0.518070
0.265803
1.548472
0.959061
0.435751
0.345100
1.768124
0.646521
0.265214
0.181555
0.428223
0.521547
0.232092
0.425624
0.735284
0.254083
1.786431
0.450520
2.515572
0.792631
0.940327
1.745703
1.028274
1.314094
1.100856
1.721445
1.208444
1.261459
1.798736
1.749949
1.576505
1.156508
0.691040
1.567940
1.163386
2.011634
1.219126
0.543970
1.488477
2.207170
1.324270
0.698654
1.851064
1.393411
0.628309
1.521862
0.736871
0.854409
0.738475
0.767170
0.603694
0.557833
1.341715
0.459986
2.750721
0.220252
0.464765
1.026657
0.651809
1.216778
0.642208
0.456680
0.580868
0.888576
0.464108
0.585484
2.666647
1.243704
0.904521
0.988004
3.151871
1.324316
1.956465
0.751515
0.954520
1.521218
1.055125
0.285192
2.392407
0.691930
0.657971
0.580824
1.171147
0.451358
-0.031319
0.576531
0.487324
0.026512
0.085959
0.059144
0.321391
0.243108
0.166694
-0.038001
-0.093929
0.098730
-0.117069
0.297925
0.122847
0.023668
-0.279746
0.065029
0.106307
0.011897
0.105743
0.182803
0.729840
1.300821
1.099311
0.299008
-0.109717
-0.218148
0.406009
-0.042490
0.489296
0.100072
0.337350
0.188523
0.387988
0.184479
0.860744
0.239416
-0.063289
-0.125248
-0.276208
-0.479784
-0.322599
-0.511580
-0.423760
-0.171548
-0.597835
-0.593488
-0.599217
-0.332324
-0.441821
-0.652395
-0.549909
-0.378113
0.012636
-0.255121
-0.111045
-0.444604
0.120549
-0.364061
-0.361868
0.023197
-0.307955
-0.206814
-0.429195
-0.527633
-0.430647
-0.565415
0.533809
-0.521856
-0.475861
-0.536662
-0.444715
-0.525723
-0.678557
-0.629998
-0.495373
-0.391111
-0.550690
-0.505642
0.289888
-0.060942
0.351587
0.221379
-0.164078
0.015843
0.900086
0.606562
0.692023
-0.134400
-0.029271
0.171907
-0.278352
0.110405
0.208800
0.049117
-0.211282
-0.238685
-0.383189
-0.302730
-0.510551
-0.445900
-0.167312
-0.296890
-0.365926
-0.333568
-0.216008
-0.335631
-0.187786
-0.228157
0.030055
0.074991
-0.428763
0.000027
-0.251315
-0.342925
-0.328550
-0.256182
-0.381777
-0.040994
-0.248957
-0.151662
-0.300881
-0.430177
-0.242299
-0.398555
-0.564681
-0.414021
-0.521431
-0.505955
-0.580114
-0.488243
-0.404282
-0.284752
-0.215151
-0.242352
-0.455227
-0.514108
-0.374098
-0.269087
-0.456249
-0.443635
-0.449166
-0.479428
-0.451405
-0.563962
-0.437717
-0.598493
-0.465345
-0.418191
-0.386057
-0.468213
-0.344243
-0.494012
-0.502072
-0.627296
-0.426931
-0.405933
-0.395222
-0.485660
-0.468561
-0.281554
-0.396327
-0.505577
-0.399909
-0.356233
-0.622310
-0.597641
-0.642059
-0.639467
-0.590260
-0.615721
-0.652160
-0.418654
-0.392560
-0.590461
-0.573670
-0.565859
-0.527599
-0.590249
-0.439319
-0.580587
-0.488595
-0.364662
-0.388101
-0.421662
-0.227853
-0.321838
-0.124366
-0.218609
-0.363823
-0.167716
-0.137280
-0.233399
0.275007
-0.246394
1.836652
0.215285
0.033206
0.162091
-0.339175
0.230898
0.392122
0.018734
0.311721
0.285743
0.124803
0.466169
-0.064147
0.139226
0.117081
-0.082160
0.428287
0.238801
0.435945
0.222152
0.197404
0.061232
0.516141
0.220005
0.853764
1.305594
1.882215
0.788572
0.903470
0.623530
0.889669
1.618698
2.712610
1.688246
2.071768
1.819773
1.220258
5.358964
1.227084
1.341840
2.605678
0.737081
1.558552
1.608197
2.606792
0.622392
1.489727
2.192972
4.389260
2.243123
1.915785
1.873456
1.694270
1.856122
1.895469
2.360615
2.477055
1.594335
2.593576
2.637524
1.737229
2.745107
1.061308
3.177592
1.022716
1.266534
1.809176
2.047846
0.344143
0.426560
2.427485
2.006019
0.857488
0.500981
1.070137
0.206880
0.731960
0.424373
2.922096
0.139259
0.881003
0.368710
0.084342
0.266331
0.413339
0.209624
0.458568
0.477511
0.400096
0.136887
0.494741
0.229614
0.438704
1.854041
0.490767
0.568171
0.016696
0.087744
0.356094
1.121702
0.059607
0.064645
0.110900
0.152090
-0.112717
0.114313
0.270122
0.074174
-0.171617
0.444967
-0.043804
0.422952
0.166553
0.106440
0.270672
0.571368
-0.061367
0.923150
0.018191
0.086683
-0.411424
-0.269280
0.010401
-0.212222
-0.411017
-0.186417
-0.228752
-0.016909
-0.396784
-0.170653
-0.074981
-0.276849
-0.075342
-0.303253
-0.169685
-0.165311
-0.207355
0.063477
0.073323
-0.010932
-0.302918
0.095219
-0.398317
-0.414911
-0.522062
-0.398758
-0.298185
-0.058072
-0.293591
-0.210110
-0.138335
-0.256145
-0.412965
0.007039
0.558762
-0.284905
-0.301371
-0.303943
-0.462036
-0.225647
-0.290128
-0.391945
-0.366024
-0.349445
-0.385816
-0.402689
-0.297796
0.479262
0.021361
-0.138196
-0.328434
-0.158050
-0.315515
-0.246065
-0.021595
0.138459
-0.257540
-0.251370
0.083433
-0.100592
-0.193529
-0.230583
-0.191454
-0.207370
0.308366
-0.347638
-0.281957
-0.191361
-0.151993
0.106593
0.116436
-0.295462
-0.447509
-0.350679
-0.382249
-0.321169
-0.162218
-0.452874
-0.430613
-0.030519
-0.428272
-0.371047
-0.033373
-0.007732
-0.411383
-0.376767
-0.385189
-0.445514
-0.400568
-0.559292
-0.431112
-0.615324
-0.596461
-0.351982
-0.455816
-0.605565
-0.437085
-0.480986
-0.497052
-0.441607
-0.464203
-0.555286
-0.412354
-0.552180
-0.582223
-0.447718
-0.395680
-0.399304
-0.437347
-0.437700
-0.350765
-0.475950
-0.131350
-0.415319
-0.513347
-0.452821
-0.571667
-0.443208
-0.642446
-0.523973
-0.475075
-0.478820
-0.429161
-0.448839
-0.312088
-0.568635
-0.598504
-0.497441
-0.234424
-0.264248
-0.118881
-0.417346
-0.138091
0.112092
-0.274572
0.672579
-0.442808
-0.441709
-0.195132
-0.174837
-0.549698
-0.389027
-0.481622
-0.400200
-0.541173
-0.491104
-0.450374
-0.572800
-0.512585
-0.615436
-0.636999
-0.633499
-0.476927
-0.518052
-0.437706
-0.429721
-0.227833
-0.501307
-0.403310
-0.505616
0.125323
-0.328658
-0.491951
-0.409628
-0.588053
-0.444476
-0.627628
-0.594131
-0.199406
-0.345628
-0.352952
-0.438854
-0.444040
-0.499437
-0.543289
-0.577917
0.012680
-0.324617
-0.235680
-0.460753
-0.329312
-0.245068
-0.256153
-0.410132
-0.406015
-0.480557
-0.544758
-0.519281
-0.558787
-0.609732
-0.569905
-0.561664
-0.100778
-0.226253
-0.288050
-0.248441
-0.252113
-0.350516
-0.265644
0.077365
0.463603
1.097740
0.394605
2.273397
0.271623
2.602866
0.412628
0.824608
0.408713
0.943933
0.466872
0.591989
0.397144
1.682530
0.468944
-0.018474
-0.012509
0.258378
0.143008
0.364395
0.058697
0.295316
0.745549
0.655206
1.024829
0.139169
-0.624228
-0.444579
-0.554636
-0.447436
-0.466606
-0.401540
-0.239378
-0.356930
-0.183701
-0.472352
-0.005479
-0.006499
-0.118535
0.001997
0.181728
1.039472
1.446395
-0.156329
-0.245624
0.205976
-0.023587
0.457723
-0.361628
-0.074882
0.106098
-0.402621
-0.113969
-0.316055
-0.381545
-0.407784
-0.401034
-0.355131
-0.365298
-0.563146
-0.532484
-0.505257
0.005217
-0.519129
-0.363516
-0.256757
-0.369618
-0.397808
-0.376334
-0.294777
-0.138559
-0.151806
-0.449746
-0.362725
0.033271
1.059562
-0.390764
-0.404760
-0.279073
-0.352828
-0.463493
-0.536530
-0.507407
-0.474568
-0.389456
-0.596909
-0.520276
-0.556449
-0.621345
-0.309018
-0.558783
-0.317913
-0.262199
-0.437482
-0.325227
-0.411011
1.638987
1.927254
3.972270
2.054164
1.654071
3.641415
1.541884
1.657170
1.930785
1.508106
1.578420
1.361744
2.092753
3.044070
1.619528
0.181556
-0.089167
0.106856
-0.126545
-0.128005
-0.101624
0.412674
0.469629
-0.263736
-0.247176
-0.096856
-0.137925
-0.169885
0.074031
-0.130267
-0.155748
-0.481709
-0.238337
-0.392281
-0.130161
0.212653
-0.111722
0.174726
-0.183812
0.116987
-0.194958
0.120645
0.307380
0.257627
-0.104798
-0.123778
-0.129306
-0.404196
-0.008327
-0.237879
-0.418987
-0.473273
-0.329882
-0.488910
-0.530354
-0.592175
-0.469124
-0.493600
-0.541865
-0.498715
-0.564846
-0.477074
-0.563239
-0.359435
-0.526444
-0.630728
-0.571961
-0.617930
-0.527893
-0.131130
-0.459635
-0.617496
-0.630823
-0.514107
-0.490428
-0.193419
-0.561582
-0.555150
-0.558758
-0.507810
-0.510761
-0.423637
-0.551158
-0.360086
-0.635146
-0.735630
-0.650933
-0.681508
-0.593865
-0.525422
-0.506193
-0.456813
-0.288573
0.225087
0.050769
0.394721
-0.054691
-0.271611
0.139044
0.648900
0.412794
-0.413611
-0.242037
0.208031
-0.343686
-0.209945
-0.231360
-0.179107
0.090541
-0.212558
-0.129397
-0.099071
-0.104072
0.431940
0.102629
0.083962
-0.202843
0.311242
-0.069548
-0.031611
-0.103859
0.351513
0.030143
0.312930
0.338714
0.304233
-0.034687
0.020690
-0.123277
-0.043415
0.033741
0.108645
0.665335
-0.093912
0.426227
0.402758
-0.014716
-0.274221
0.044515
-0.028124
-0.433708
-0.312170
-0.080173
2.145622
-0.438266
-0.481524
-0.091685
-0.311501
-0.398438
-0.309106
-0.435452
-0.437311
-0.237674
-0.427107
-0.432614
-0.292082
-0.360340
-0.476983
-0.442805
-0.570309
-0.481970
-0.554838
-0.547148
-0.341867
-0.510843
-0.531445
-0.462243
-0.564951
-0.508423
-0.486219
-0.509215
-0.538569
-0.549709
-0.486604
-0.295533
-0.401671
-0.456163
-0.469213
-0.479875
-0.423576
-0.573459
-0.555068
-0.474669
-0.644401
-0.594402
-0.545696
-0.504515
-0.409668
-0.516822
-0.479885
-0.520279
-0.441477
-0.399532
-0.000114
-0.440171
-0.406172
-0.471200
-0.491212
-0.570714
0.060889
-0.400295
-0.457903
-0.348914
-0.480992
-0.591490
-0.387944
-0.578687
-0.604871
-0.624563
-0.605832
-0.322850
-0.559674
-0.573862
-0.449423
-0.479125
-0.540066
-0.380425
-0.119795
-0.457308
-0.431012
-0.299306
-0.384410
-0.385739
0.919177
-0.400562
-0.467547
-0.503754
-0.500274
-0.505382
-0.449643
-0.578949
-0.589483
-0.639294
-0.654419
-0.553900
-0.279442
-0.571913
-0.450634
-0.562543
-0.590184
-0.472705
-0.587628
-0.590303
-0.371410
-0.408913
-0.300000
-0.323794
0.074271
-0.101132
-0.162503
0.470651
0.330849
0.200469
0.282338
0.560149
0.190969
0.622302
0.596197
0.449514
0.268100
0.006052
0.103903
0.731526
0.427272
0.259163
0.338728
0.508720
0.877656
0.185795
-0.065874
0.089788
-0.244713
-0.145585
-0.438150
-0.273827
-0.357896
-0.452818
-0.220339
-0.459623
-0.254107
0.035291
-0.437882
0.042559
-0.275455
0.018917
-0.379066
-0.440004
-0.370967
-0.295127
-0.370255
-0.188280
-0.317000
-0.370757
-0.285824
-0.403299
-0.282256
-0.305086
-0.393102
-0.179029
-0.377149
-0.386046
-0.394240
-0.264702
-0.331955
0.001411
-0.147122
-0.224569
-0.241957
-0.352271
-0.461697
-0.432884
-0.394536
-0.442637
0.066551
-0.260549
-0.419035
-0.484133
-0.288646
-0.330077
-0.472238
-0.452106
-0.240559
0.035926
-0.266848
-0.428855
-0.369971
-0.127504
-0.245300
-0.372537
-0.518575
-0.039581
-0.440200
-0.295076
-0.373842
-0.321642
-0.338658
-0.334000
-0.376137
-0.396900
-0.485616
-0.260580
-0.488122
-0.258464
-0.457528
-0.435308
-0.511944
-0.412211
-0.334076
-0.496767
-0.495213
-0.474003
-0.568042
-0.558788
-0.466432
-0.421483
0.031702
0.295715
-0.300628
-0.114593
-0.140479
-0.081501
0.173904
0.190207
0.854081
-0.073866
0.106711
-0.100299
0.062218
-0.169760
-0.175035
-0.395898
-0.289096
0.154402
-0.323876
-0.370993
-0.539886
-0.530411
-0.138529
-0.450398
-0.244982
-0.415313
-0.494391
-0.493991
-0.551349
-0.523281
-0.193437
-0.522205
-0.458563
-0.340683
-0.244934
-0.369845
-0.364210
-0.240753
-0.447936
-0.521737
-0.498135
-0.584982
-0.384059
-0.589708
-0.540700
-0.586945
-0.553947
-0.503923
-0.553636
-0.604345
-0.599620
-0.175463
-0.329849
-0.442273
-0.590329
-0.424212
-0.369003
-0.451261
-0.371106
-0.301501
-0.555213
-0.501627
-0.602060
-0.408205
-0.497564
-0.479174
-0.540539
-0.356548
-0.297631
-0.392393
-0.145900
-0.465093
-0.560551
-0.462439
-0.357310
-0.463174
-0.454508
-0.459164
0.149323
0.381282
-0.117701
-0.106898
0.163827
0.103509
0.904970
-0.276139
0.803008
0.020979
-0.115231
0.320163
0.717397
0.217773
0.343372
-0.300384
-0.434353
-0.351011
-0.441488
-0.421170
-0.497721
-0.358327
-0.343095
-0.543183
-0.513720
-0.326944
-0.396864
-0.324223
-0.390892
-0.427302
-0.476539
-0.374118
-0.382962
-0.114650
-0.439309
-0.371903
-0.184478
-0.440648
-0.252233
-0.321496
-0.216540
-0.208739
-0.203433
-0.421012
-0.338219
-0.364309
-0.124989
-0.242829
-0.317190
-0.255972
-0.327918
0.030974
-0.474885
-0.383919
-0.336255
1.862590
3.794697
1.671318
4.774289
2.643076
3.679374
2.451902
4.703887
7.258823
2.288111
3.336651
3.384119
3.603419
4.540949
1.405851
0.155251
0.989264
0.413926
0.562044
1.453415
2.112340
1.848690
0.536008
0.870375
0.071459
0.422331
0.293417
1.470581
1.050582
0.615194
0.764676
1.008470
1.078396
2.663977
0.357901
0.585410
0.541245
0.222871
0.075806
-0.014963
-0.096474
-0.010270
-0.118042
0.001302
0.232293
1.506258
6.019231
0.819426
0.144381
0.145278
-0.205801
2.043468
0.181280
0.106988
-0.093604
0.587698
0.435071
0.298078
0.994802
0.942693
-0.136323
0.566243
-0.127149
0.092834
-0.381191
-0.182845
-0.311313
0.056182
0.315600
-0.046845
-0.128146
-0.245439
0.178578
0.221607
0.072236
0.315605
0.282227
0.618105
0.025122
0.176399
0.160880
-0.063890
-0.009190
-0.243914
-0.287618
-0.080164
0.291405
-0.177843
-0.002446
-0.216373
-0.218847
-0.314240
-0.031939
-0.166683
-0.179227
-0.198319
-0.437871
-0.592567
-0.478448
-0.510231
-0.577359
-0.568634
-0.647171
-0.665140
-0.639759
-0.498694
-0.353936
-0.486342
-0.543888
-0.550188
-0.439717
0.352407
-0.058490
1.071903
0.247248
-0.388912
0.016130
-0.241146
-0.224495
0.445386
-0.026136
1.207720
0.418004
1.999680
1.186073
0.967212
5.740376
2.861224
4.418214
2.924169
3.946895
4.342103
4.253605
5.507584
8.269770
6.665870
2.824110
6.595718
4.139438
3.148887
6.110883
3.277086
0.116943
-0.103645
0.087300
0.373892
0.122240
0.849117
0.177103
0.387542
0.382915
0.307020
0.886345
0.319315
0.506435
0.842783
0.775509
0.402217
0.469576
0.585256
0.338883
0.330532
0.312287
-0.176681
0.339308
0.317825
-0.323408
0.171331
0.057584
0.060080
0.236320
0.092046
0.176845
0.366735
-0.233891
0.330533
0.301753
-0.137965
0.166654
0.024391
-0.083505
-0.159227
-0.074705
-0.147842
-0.153265
-0.067553
-0.258689
-0.208881
-0.132359
-0.148603
0.314243
-0.308272
0.020281
-0.231849
-0.138806
-0.175604
-0.265119
0.102524
-0.095709
0.085084
-0.250303
0.021993
-0.329745
0.102817
-0.316302
0.309596
0.568698
0.481794
0.090915
0.543423
0.653941
0.509642
0.815627
0.558735
1.390306
0.070323
0.016788
1.404806
0.280277
0.454011
1.653857
1.668298
5.828480
0.176895
-0.322728
-0.390465
-0.204404
-0.172050
-0.327388
-0.311874
0.217564
0.002477
-0.329808
-0.129449
0.217389
-0.198860
-0.397325
-0.317100
-0.337710
-0.127044
-0.166316
-0.292794
-0.368797
-0.171304
-0.162730
-0.413686
-0.490988
-0.486693
-0.407524
-0.155855
-0.353380
-0.201607
-0.242444
-0.145434
0.231256
-0.124031
-0.279132
-0.091882
0.231506
0.017128
0.031382
0.146961
0.325134
-0.240599
-0.267087
-0.184379
0.109036
-0.118133
-0.200665
0.050848
-0.061961
-0.052932
-0.093312
-0.110687
0.855330
0.385379
1.412625
1.296705
2.409642
2.418837
3.248517
1.008202
1.687875
1.331639
2.655614
1.154296
2.223761
1.461485
0.712577
0.613572
1.448446
0.990233
0.950908
2.067270
1.654937
1.025513
0.262689
0.655408
0.830455
0.912275
1.579993
4.686805
3.436801
4.477734
3.755201
1.799624
1.419526
2.781763
3.201945
8.734882
2.627517
4.470569
3.353550
1.362074
4.801320
1.177179
8.123796
1.946482
2.116799
0.438153
0.516427
0.162485
0.092345
0.032196
0.328184
1.114754
0.657355
1.374411
0.837513
0.558088
0.246416
0.448607
0.680568
0.398556
1.972398
0.764696
0.928134
0.693240
0.835830
0.348994
0.350271
2.030329
0.155799
0.360388
0.387980
0.057015
0.904410
-0.021920
0.111079
1.134848
0.715564
0.252695
0.476416
0.046908
0.119242
1.282297
0.252799
0.361715
0.239734
0.120703
0.273541
0.048625
0.058305
0.168961
0.020444
-0.014731
0.277195
-0.201560
-0.180939
-0.083846
-0.187412
-0.298607
-0.367592
-0.302509
0.049314
-0.038355
-0.415239
-0.108771
-0.144207
-0.278103
-0.083456
-0.364340
-0.401806
-0.273048
-0.299312
-0.179062
-0.232152
-0.296172
-0.400055
-0.027317
-0.365650
-0.445366
-0.344286
-0.141007
0.022909
0.341872
-0.154177
-0.197597
0.346218
0.176066
-0.253012
-0.042080
-0.076101
-0.441134
-0.292743
0.380942
-0.259172
-0.007108
-0.292814
-0.225759
-0.045588
0.069781
-0.111281
-0.006912
-0.171571
-0.316066
-0.306769
-0.470843
0.126776
-0.436146
-0.453366
-0.354024
-0.297618
-0.094937
-0.007442
-0.181333
-0.113083
0.035281
-0.328189
-0.329842
-0.381633
-0.272132
-0.155226
-0.335327
-0.503880
-0.271281
-0.491448
-0.433463
-0.543818
0.626965
-0.125436
1.248870
0.821261
-0.103263
0.146719
0.401738
6.284146
0.148050
0.375380
0.698698
0.219648
1.758868
0.400276
0.087352
-0.202819
-0.222188
-0.227687
-0.007803
-0.319435
-0.244752
-0.334425
-0.012810
-0.329428
-0.369364
-0.504976
-0.370645
-0.604921
-0.342197
-0.597198
-0.437156
-0.520194
-0.524514
-0.518434
-0.495987
-0.133577
-0.295744
-0.362594
-0.216972
-0.150728
0.088450
-0.368470
-0.023850
-0.077826
0.504047
0.028881
-0.337362
-0.318303
0.142299
-0.681419
-0.556083
-0.587638
-0.574512
-0.668013
0.055456
-0.466259
-0.515195
-0.383908
-0.515532
-0.646749
-0.445265
-0.436204
-0.455399
-0.595909
-0.455486
-0.472948
-0.598969
-0.512825
-0.508506
-0.403895
-0.614634
-0.575301
-0.668682
-0.510805
-0.656842
-0.170400
-0.656708
-0.489755
-0.642525
-0.507922
-0.640743
-0.579318
-0.409263
-0.550419
-0.357497
-0.349082
-0.532216
-0.629841
-0.440726
-0.582251
-0.487446
-0.519851
-0.516106
-0.474214
-0.551995
-0.616620
-0.655516
-0.519286
-0.578317
-0.501773
-0.575048
-0.563918
-0.548998
-0.500763
-0.079178
-0.441607
-0.610768
-0.643668
-0.582585
-0.622857
-0.370204
-0.562163
-0.077945
-0.249221
-0.438462
-0.337407
-0.516076
-0.464071
-0.370315
-0.239864
-0.020331
0.217027
0.558002
0.614258
-0.201204
-0.308252
-0.235365
-0.274066
-0.297300
-0.493799
-0.185619
-0.223905
-0.381456
-0.246652
-0.090849
-0.429331
-0.205993
-0.050219
-0.574081
-0.428061
-0.447572
-0.597114
-0.586617
-0.473939
-0.481007
-0.601795
-0.395511
-0.590485
-0.487747
-0.598446
-0.653047
-0.646886
-0.520496
-0.599755
-0.505199
-0.527427
-0.471102
-0.505760
-0.556897
-0.532163
-0.618069
-0.449812
-0.455731
-0.529551
-0.609506
-0.517973
-0.660458
-0.647040
-0.649311
-0.387670
-0.457694
-0.440461
-0.424382
-0.593231
-0.608374
-0.545743
-0.615084
-0.649269
-0.556431
-0.451407
-0.663307
-0.551896
-0.583030
-0.499562
-0.421116
-0.594799
-0.145540
-0.603150
-0.570457
-0.657882
-0.589908
-0.608984
-0.543559
-0.685352
-0.593300
-0.652223
-0.497120
-0.573362
-0.509669
-0.692252
-0.646470
-0.610568
-0.568987
-0.253639
-0.328756
-0.541072
-0.488563
-0.482645
-0.457233
0.496456
0.401399
0.505760
0.019316
0.790386
0.341267
0.133597
0.113149
0.202877
0.081487
0.075010
0.447373
0.591930
0.068491
1.378716
-0.140246
-0.088735
-0.068935
-0.172663
-0.013930
-0.158490
-0.116970
-0.242202
-0.324699
-0.065250
0.002260
0.672878
0.043010
1.014308
-0.482421
0.649889
-0.224844
0.899506
0.045914
0.114222
-0.227219
-0.306024
-0.055528
0.276009
-0.318320
-0.153422
-0.313010
-0.074899
-0.177516
-0.305867
0.261551
-0.257319
-0.379482
0.009502
-0.128158
-0.282904
-0.227740
-0.352652
-0.144157
-0.212071
-0.361779
-0.385322
-0.294761
-0.139303
-0.151986
-0.488463
-0.546778
-0.512923
-0.521020
-0.205823
-0.567335
-0.335832
-0.484511
-0.369198
-0.466240
-0.328728
-0.432717
-0.523307
-0.432809
-0.388959
-0.432355
-0.216575
-0.426118
-0.466702
-0.450221
-0.197655
-0.500235
-0.435907
-0.336375
-0.439182
-0.511829
-0.476551
-0.444946
-0.178106
-0.441685
-0.482118
-0.287278
-0.582233
-0.533786
-0.311245
-0.511647
1.025747
0.367658
1.625326
1.521000
2.082629
4.836356
6.635847
12.155807
4.044609
8.058848
2.777915
5.203845
2.259984
5.120963
4.501583
3.492877
2.158939
1.318519
2.508523
1.915991
2.331705
0.208105
-0.295321
-0.069671
-0.265191
-0.164485
-0.083466
-0.121484
-0.179798
-0.121150
-0.154713
-0.203880
0.204039
0.506368
-0.233904
-0.382405
-0.137875
-0.169753
-0.408973
-0.451279
-0.481064
-0.542271
-0.218814
-0.253876
-0.476349
0.036749
-0.269988
-0.568549
-0.487336
-0.649955
-0.717353
-0.767154
-0.597488
-0.593586
-0.560028
-0.413173
-0.565525
-0.546087
-0.660059
-0.418427
-0.549958
-0.334232
-0.464801
-0.020400
-0.151254
-0.286705
1.302413
-0.392216
0.209607
-0.054947
-0.270136
-0.259339
-0.291393
-0.352570
-0.198338
-0.217861
-0.025188
-0.181866
0.137944
0.469073
0.340928
0.478911
0.245972
0.015439
0.881462
0.765214
0.109078
0.743470
0.679801
0.403205
0.463756
0.936380
1.098453
0.349198
-0.048053
-0.158926
-0.018588
0.299665
0.458163
-0.039425
0.196519
1.925532
0.470377
0.799985
0.899582
1.098333
0.184484
0.339592
0.391193
-0.173224
0.366842
0.269308
0.157432
-0.121277
0.324783
-0.108434
-0.412911
-0.222279
-0.174525
-0.320435
-0.242636
-0.368513
-0.097340
0.064098
0.027992
0.172864
-0.284608
0.209807
0.332375
0.403103
0.239032
0.277149
0.135686
0.561514
0.055374
0.077980
-0.151435
-0.274196
-0.295631
-0.324851
-0.137353
1.779831
0.170834
-0.134100
0.429385
0.387263
-0.031400
0.012263
0.022705
0.974155
0.051034
0.128979
1.019321
-0.275783
-0.457472
-0.538804
-0.341221
-0.636363
-0.460302
-0.639046
-0.461153
-0.444521
-0.480473
-0.457149
-0.337908
-0.496607
-0.471524
-0.367208
-0.297133
0.071466
-0.351493
-0.489256
-0.626511
-0.617996
-0.650291
-0.621905
-0.521870
-0.487984
-0.338400
-0.556125
-0.148946
-0.549014
-0.593083
-0.555960
-0.399048
-0.507880
-0.471328
-0.392044
-0.441150
-0.244645
-0.267909
-0.435271
-0.253533
-0.418729
-0.306722
-0.407965
-0.370230
-0.427262
-0.470658
-0.438569
-0.156822
-0.107055
0.045810
-0.094087
-0.521373
-0.277464
-0.418949
-0.295204
-0.441802
-0.315573
-0.180134
-0.361753
-0.415944
-0.359244
0.022023
-0.526490
-0.433164
-0.488540
-0.316132
-0.553847
-0.590033
-0.640642
-0.574125
-0.607213
-0.305720
-0.567810
-0.256885
-0.441138
-0.451721
-0.505262
-0.529451
-0.457248
-0.470107
-0.514047
-0.386111
-0.384977
-0.456660
-0.403496
-0.515192
-0.502475
-0.683315
-0.631195
-0.618743
-0.584524
-0.627102
-0.579333
-0.599308
-0.590890
-0.506013
-0.174129
-0.449048
-0.290178
-0.562175
-0.569172
-0.544324
-0.521343
-0.030228
-0.467566
-0.475301
-0.288938
-0.383103
-0.612385
-0.394930
-0.378769
-0.343151
-0.395702
-0.562353
-0.369726
-0.334184
-0.450215
-0.483248
-0.533313
-0.202925
-0.251672
-0.294159
-0.402117
-0.426238
-0.402227
-0.121280
-0.434250
-0.003768
-0.249127
-0.432580
-0.446076
-0.497085
-0.538475
-0.267379
-0.377997
-0.379539
-0.378428
-0.369640
-0.387521
-0.307340
-0.275795
-0.244045
-0.509561
-0.615259
-0.439689
-0.279270
-0.437481
-0.443032
-0.459536
-0.447342
-0.257053
0.259822
0.773141
-0.333825
-0.284113
-0.232850
0.157012
0.346200
-0.075403
0.001652
-0.124831
-0.001017
0.288406
-0.415347
-0.552427
-0.561721
-0.485783
-0.446997
-0.587528
-0.225903
-0.161692
-0.301406
-0.031230
-0.365806
-0.379173
-0.237232
-0.418722
-0.006882
-0.125572
-0.578705
-0.444385
-0.427158
-0.596287
-0.405995
-0.530939
-0.514849
-0.610581
-0.572432
-0.728902
-0.717969
-0.635791
-0.593526
-0.629917
-0.594720
-0.428114
-0.666859
-0.686644
-0.646764
-0.623859
-0.610787
-0.480415
-0.388336
-0.624740
-0.650439
-0.279029
-0.514952
-0.263774
-0.495437
-0.269445
-0.555387
-0.659147
-0.487880
-0.627271
-0.594174
-0.549187
-0.537685
-0.437927
-0.548739
-0.470335
-0.570766
-0.551264
-0.506399
-0.486014
-0.486771
-0.372834
0.079936
-0.268740
-0.378090
-0.352279
-0.419590
-0.616064
-0.280528
-0.608371
-0.667418
-0.698446
-0.756171
-0.681223
-0.665991
-0.549134
-0.560113
-0.615897
-0.658621
-0.670791
-0.468164
-0.535382
-0.522419
-0.662845
-0.549360
-0.387012
-0.464776
-0.457506
-0.498494
-0.550670
-0.376897
-0.416987
-0.537751
-0.181063
-0.293019
-0.447480
-0.304604
-0.172085
-0.328870
1.166403
-0.218121
-0.062415
-0.150291
0.103543
-0.172943
0.279786
0.228139
-0.174142
-0.164388
-0.076268
-0.250072
-0.083705
-0.328273
-0.306403
-0.383627
-0.482984
-0.483476
-0.336197
-0.294795
-0.510353
-0.526814
-0.287230
-0.131391
-0.269591
0.005172
0.022645
-0.003830
0.257609
-0.139741
0.192817
-0.225010
-0.126022
-0.173672
-0.291908
-0.268844
-0.250673
-0.151262
-0.185470
0.051026
-0.159023
-0.388533
-0.464174
-0.454198
-0.215917
-0.349880
-0.271839
-0.463636
-0.539812
-0.577233
-0.554624
-0.477554
-0.572932
-0.355432
-0.635914
-0.519191
-0.560623
-0.273428
-0.584174
-0.518792
-0.509505
-0.179749
-0.086566
-0.124469
-0.348890
0.011938
-0.187576
-0.057405
-0.360332
-0.375370
-0.419664
-0.362872
-0.320686
-0.455137
-0.343217
-0.457415
-0.179044
-0.050251
0.096174
-0.420187
-0.310984
0.040686
0.538347
0.998601
1.654451
1.112433
0.129147
0.335183
0.182458
0.465615
0.382371
-0.246547
-0.309031
-0.263023
0.244583
-0.250944
-0.125442
0.030180
-0.132548
-0.175956
0.656456
0.202251
0.386382
-0.044225
-0.121187
0.186118
0.080620
-0.397066
0.031534
0.547944
-0.087871
-0.044161
-0.406830
-0.314548
-0.530041
-0.603275
-0.642420
-0.548607
-0.692316
-0.630336
-0.567373
-0.637731
-0.505292
-0.567296
-0.569101
-0.622142
-0.618591
-0.606968
-0.572024
-0.652529
-0.599062
1.113970
-0.586343
-0.526618
-0.456330
-0.524091
-0.473496
-0.555769
-0.577210
-0.519772
-0.550925
-0.612656
-0.712690
-0.562236
-0.591429
-0.715196
-0.455342
-0.648776
-0.648527
-0.567810
-0.592076
-0.672708
-0.406489
-0.573857
-0.657228
-0.643071
-0.623010
-0.174319
-0.304725
-0.251459
-0.397773
-0.577951
-0.434516
-0.483516
-0.406857
-0.620749
-0.576954
-0.117494
-0.505514
-0.353561
-0.389049
-0.514622
-0.625648
-0.529664
-0.616292
-0.557234
-0.471314
-0.564771
-0.579883
-0.554067
-0.308889
-0.475472
-0.482930
-0.336402
-0.220565
-0.333853
-0.580699
-0.504533
-0.063134
-0.179377
-0.109082
0.239609
-0.018675
0.121530
0.148969
0.039056
0.142867
0.433054
0.068653
0.013091
-0.126328
-0.231290
-0.364354
-0.155638
-0.004380
0.003529
-0.097442
0.145737
-0.054687
0.215833
-0.070044
0.310015
-0.325163
0.181673
1.274406
0.239659
0.049925
0.685032
1.101674
-0.227291
-0.390580
-0.448366
-0.442714
-0.327509
-0.122715
-0.121978
0.417845
-0.153955
-0.164995
-0.145658
-0.168727
-0.053619
-0.273305
-0.013427
-0.197477
-0.241411
0.083293
0.066499
0.188996
0.238562
0.782602
1.106711
0.612238
0.070648
0.158778
0.116970
0.321927
0.050250
0.038069
0.233356
-0.179630
-0.130727
-0.429852
-0.245231
0.151823
-0.484805
-0.426607
-0.532621
-0.546817
-0.216164
-0.564300
-0.589246
-0.452410
-0.512361
-0.578719
-0.228559
0.256545
-0.272662
-0.231799
-0.321887
-0.219774
-0.235053
-0.448406
-0.342634
0.087230
-0.096961
-0.254996
-0.398842
-0.359850
-0.073282
-0.415244
-0.461902
-0.317613
-0.499045
-0.364746
-0.189211
-0.505823
-0.482684
-0.385189
-0.456198
-0.310654
-0.357304
-0.231760
-0.141498
1.039635
0.590570
0.378523
0.045891
0.764998
0.749641
0.221889
0.280382
1.872029
0.397036
0.311279
0.854187
0.584068
0.079456
0.943048
0.192960
0.607028
-0.168575
-0.215641
-0.459989
-0.071964
-0.425318
-0.277623
-0.354169
-0.166624
-0.329383
-0.150235
-0.016349
0.299428
-0.345935
-0.304707
-0.276482
-0.355521
-0.221508
-0.340279
-0.281999
-0.037268
-0.211672
-0.178818
-0.281792
-0.346640
-0.437768
-0.448777
-0.552235
-0.227359
-0.272115
-0.399652
-0.249908
-0.468185
-0.317408
-0.411782
-0.200279
-0.153936
-0.208996
-0.183338
-0.412156
-0.509258
-0.342183
-0.349475
-0.331224
-0.593627
-0.536541
-0.444764
-0.572396
-0.552707
-0.643389
-0.571102
-0.709723
-0.594048
-0.559020
-0.649311
-0.561240
-0.708929
-0.625264
-0.508967
-0.630550
-0.506143
-0.405988
-0.540838
-0.451126
-0.078725
-0.347478
-0.260370
-0.336996
-0.437146
-0.342886
-0.498121
-0.531082
-0.326789
-0.592448
-0.569668
-0.668791
-0.721788
-0.576848
-0.631994
-0.583005
-0.426567
-0.495287
-0.612694
-0.510702
-0.371414
-0.293486
-0.521607
-0.375927
-0.506524
-0.444888
-0.333447
-0.378269
-0.535718
-0.494515
-0.367521
-0.448211
-0.626002
-0.623197
-0.638884
-0.628961
-0.472843
-0.678756
-0.472770
-0.537599
-0.660632
-0.585250
-0.642356
-0.621364
-0.546488
-0.290760
-0.346157
-0.501113
-0.485772
-0.184035
-0.447804
-0.556434
-0.399121
-0.366079
-0.377545
-0.557360
-0.519301
-0.443924
-0.415923
0.031293
-0.426323
0.061754
0.176783
-0.312609
-0.268820
-0.347707
-0.208375
-0.422923
0.236052
0.913381
-0.241848
0.651814
0.487610
1.308489
-0.003852
-0.105984
0.040792
-0.150029
0.630377
-0.144811
-0.000783
-0.376646
-0.520745
-0.610683
-0.514296
-0.526056
-0.664711
-0.572002
-0.386714
-0.555186
-0.574423
-0.525859
-0.297023
-0.168646
-0.581354
-0.454260
-0.345722
-0.296678
-0.346325
-0.484297
-0.370801
-0.480033
-0.455248
-0.095870
-0.168333
-0.717684
-0.515535
-0.642305
-0.665057
-0.630856
-0.534831
-0.691283
-0.662301
-0.481632
-0.597965
-0.291072
-0.539831
-0.453590
-0.587984
-0.433162
-0.523764
-0.500944
-0.503494
-0.540649
-0.483387
-0.529751
-0.633448
-0.583762
-0.561147
-0.526427
-0.321276
-0.267618
-0.344979
-0.329102
-0.363954
0.116822
-0.353748
-0.439667
-0.370358
-0.377974
-0.479252
-0.004756
-0.228402
-0.509302
-0.397095
-0.519637
-0.495480
-0.589094
-0.526450
-0.549335
-0.591089
-0.647073
-0.549209
-0.459566
-0.595247
-0.328749
-0.537951
-0.615363
-0.532322
-0.560659
-0.542328
-0.602453
-0.531396
-0.489913
-0.466562
-0.348445
-0.535286
-0.575212
-0.629639
-0.260976
-0.596478
-0.383417
-0.391687
-0.384161
-0.374292
-0.379419
-0.363627
-0.371771
-0.363334
-0.346030
-0.057677
-0.269825
-0.173192
-0.479463
-0.387854
-0.239658
-0.230308
-0.205316
-0.164524
-0.353452
-0.480401
-0.264150
-0.406168
-0.447810
-0.401901
-0.495219
-0.394391
-0.351660
-0.414062
-0.519672
-0.331539
-0.301005
-0.269867
-0.253982
-0.272970
0.008733
-0.287778
-0.294964
-0.237183
-0.105037
1.231164
-0.086912
0.074683
-0.082941
-0.089079
0.291632
-0.107308
-0.515030
-0.556668
-0.600927
-0.656771
-0.630580
-0.485067
-0.572259
-0.492421
-0.595479
-0.681599
-0.565709
-0.655283
-0.349650
-0.460866
-0.644329
-0.527502
-0.647352
-0.683746
-0.662897
-0.664566
-0.549430
-0.482496
-0.495327
-0.281039
-0.158345
-0.476852
-0.372286
-0.485980
-0.456295
-0.527661
-0.547777
-0.287964
-0.618026
-0.647214
-0.596578
-0.630833
-0.517750
-0.552977
-0.219505
-0.571998
-0.497565
-0.306016
-0.535607
-0.533776
-0.556237
-0.629164
0.025124
-0.314448
-0.249257
-0.364155
0.232654
0.299603
0.515437
-0.056751
0.539884
0.512753
0.979798
0.368244
1.299903
0.378983
0.347468
-0.093468
0.733953
-0.125592
-0.335753
-0.466704
-0.438796
-0.545179
-0.578673
-0.466252
-0.045255
0.133747
0.460660
1.446353
0.071039
-0.149030
0.098954
0.935197
0.178530
-0.067010
-0.230656
0.533424
1.463569
0.246310
-0.055024
0.367435
0.045406
-0.159808
-0.086170
-0.241621
-0.290011
1.283896
-0.254059
0.352142
0.353459
-0.027978
-0.256552
-0.273877
-0.375290
0.348075
-0.086412
0.157024
0.213126
0.168784
0.084233
0.620930
0.170879
-0.103083
-0.038283
0.163017
-0.246070
1.123239
-0.149212
0.000575
-0.200402
0.065980
-0.093550
-0.202385
-0.479011
-0.371335
-0.315106
-0.241179
-0.326114
-0.478385
-0.362219
-0.243509
0.196236
-0.542781
-0.278893
0.484751
0.285178
1.014955
-0.011365
-0.322018
-0.128499
1.146043
0.306502
-0.140917
-0.159241
0.186457
0.390477
-0.143192
-0.040640
0.278605
-0.117467
-0.094088
0.250187
0.152486
0.454766
0.043469
0.312286
0.278749
0.545617
0.993467
-0.194195
0.064800
-0.040602
-0.225928
-0.125201
-0.091226
-0.130810
0.061374
-0.210952
0.136696
0.017317
0.112077
-0.317581
0.555291
-0.214559
-0.214226
-0.240389
0.105955
0.173334
0.009905
-0.364847
-0.419858
-0.518417
-0.573735
-0.521596
-0.407178
-0.530057
-0.576816
-0.547543
-0.359048
-0.097474
0.280168
-0.366884
-0.376297
-0.500076
-0.538942
-0.221130
-0.348484
-0.236299
-0.240414
-0.567550
-0.521582
-0.464806
-0.518855
1.139484
-0.460656
-0.468118
0.077073
-0.386655
-0.545357
-0.631843
-0.161295
-0.482579
-0.383380
-0.011311
-0.252662
-0.067354
-0.425917
-0.254411
-0.233534
-0.066208
-0.483917
-0.380973
-0.085296
0.148293
-0.071020
-0.423262
-0.337569
-0.469907
-0.422080
-0.150923
-0.059225
-0.295499
-0.441104
-0.541435
-0.395059
-0.437871
-0.454436
-0.507823
-0.261642
-0.373357
-0.261912
-0.292840
-0.357945
-0.394742
-0.131831
-0.495608
0.094465
-0.456091
-0.473327
-0.592642
-0.613275
-0.586246
-0.563233
-0.419780
-0.014859
-0.267237
-0.087460
-0.296111
-0.381548
-0.247833
-0.185822
-0.233848
-0.486205
-0.222207
-0.529041
-0.291418
-0.404202
-0.308110
-0.402565
-0.417030
-0.512736
-0.496651
-0.379404
-0.617160
-0.628533
-0.583396
-0.541171
-0.487585
-0.415857
-0.596516
-0.566782
-0.604685
-0.659461
-0.564610
-0.640088
-0.557036
-0.592068
-0.500617
-0.552618
-0.613425
-0.636676
-0.382977
-0.498625
-0.576126
-0.411188
-0.311735
-0.432438
-0.136868
-0.421497
-0.437967
-0.517677
-0.254859
-0.042560
-0.365332
-0.228720
-0.249240
-0.488792
-0.413590
-0.478302
-0.440685
-0.534241
-0.524065
-0.404708
-0.185934
-0.403531
0.060164
-0.337551
-0.283446
-0.126697
-0.541632
-0.205249
1.026810
-0.508076
-0.344062
-0.482244
-0.668529
-0.549174
-0.490724
-0.293298
-0.318473
-0.397501
0.002039
-0.386307
0.136398
-0.356540
-0.325970
0.451031
0.164118
0.223804
-0.212906
-0.307982
-0.015287
-0.343016
-0.393728
-0.285258
-0.301801
-0.403136
-0.261342
-0.302187
-0.362425
-0.576545
-0.480190
-0.448870
-0.402560
-0.440669
-0.408397
-0.501094
-0.522531
-0.615632
-0.333920
-0.395932
-0.439963
-0.504483
-0.538983
-0.561552
-0.439287
-0.374634
-0.493184
-0.506738
-0.428412
-0.520664
-0.549925
-0.498117
-0.594758
-0.624709
-0.500240
-0.556754
-0.652498
-0.384768
-0.451283
-0.449309
-0.516835
-0.558182
-0.491483
-0.555420
-0.526323
-0.380664
-0.319058
-0.573016
-0.517564
-0.565954
-0.337274
-0.231743
-0.336144
-0.580678
-0.328175
-0.287339
-0.422530
-0.431424
-0.066680
-0.447385
-0.313709
-0.290514
-0.342942
-0.170471
-0.285913
0.192599
-0.523435
-0.386601
-0.177496
-0.323910
-0.524320
-0.525204
-0.395614
-0.276522
-0.608326
-0.431180
-0.523693
-0.461256
-0.590749
-0.269262
-0.570320
-0.557515
-0.561235
-0.435868
-0.427533
-0.500697
-0.584783
-0.468679
-0.593944
-0.602993
-0.392911
-0.503947
-0.513361
-0.438088
-0.366838
-0.474863
-0.628591
-0.430210
-0.452316
-0.505046
-0.523345
-0.525849
-0.568336
-0.508923
-0.653166
-0.405015
-0.183023
-0.258789
-0.303640
-0.411236
-0.301221
-0.298596
-0.318615
-0.349793
-0.339829
-0.371714
-0.133592
-0.149065
-0.334766
-0.310096
-0.130671
-0.426245
-0.259564
-0.356221
-0.094201
-0.301943
0.096039
0.193605
-0.242547
4.498689
0.395726
0.222783
-0.031452
-0.203536
-0.086617
-0.308566
0.126455
0.715550
-0.032220
0.004948
0.232083
0.178943
-0.197877
-0.076613
0.216875
-0.035846
