-1.067975
-1.067975
-1.067975
-1.067975
-1.067975
-1.067975
-1.067975
-1.067975
-1.067975
-1.067975
-1.067975
-1.067975
-1.067975
-1.067975
-1.067975
-0.138393
0.523075
-0.257653
-0.200432
-0.011629
-0.018245
0.082999
-0.110502
0.386354
-0.344534
-0.316524
-0.310264
-0.347455
-0.367977
-0.359035
-0.282352
-0.328314
-0.338721
-0.328252
0.038574
-0.479860
-0.186380
1.210695
0.677961
-0.113433
0.053065
-0.243573
-0.166016
-0.320242
-0.109871
0.246630
-0.155316
0.071921
-0.330580
-0.033187
-0.270553
-0.289434
-0.551052
-0.255483
-0.192395
-0.135309
-0.131680
-0.300175
0.039426
-0.239530
-0.003491
-0.302119
-0.382337
-0.377222
-0.549861
-0.388667
-0.463756
-0.048537
-0.285795
-0.530264
-0.185372
-0.318899
-0.434438
-0.494103
-0.421070
-0.268596
-0.379018
-0.460501
-0.345049
-0.350288
-0.230581
-0.510211
-0.249625
0.049083
-0.270682
-0.290546
-0.023483
0.153824
-0.047324
-0.073733
0.006862
0.530134
-0.130816
-0.189793
-0.210824
-0.150918
-0.283928
-0.397486
-0.139215
-0.588769
-0.666629
-0.553106
-0.635126
-0.569182
-0.515290
-0.430506
-0.654568
-0.462460
-0.578493
-0.495408
-0.186109
-0.687568
-0.450222
-0.487445
-0.395737
-0.299814
-0.173737
-0.166263
-0.129808
-0.077317
0.103727
1.074199
0.935237
0.710014
0.938902
2.015625
1.302579
2.180066
2.953408
1.906174
2.350773
1.702999
1.649892
1.350786
2.190211
1.587141
1.821474
2.403294
1.650702
0.503271
0.561727
-0.092571
0.400829
-0.259981
-0.538392
-0.456384
-0.547382
-0.404003
-0.424798
-0.358485
-0.158316
-0.260145
-0.225391
0.402446
-0.137594
-0.113515
-0.223347
-0.157267
-0.260847
-0.214242
-0.290300
-0.177490
0.030473
-0.061199
0.887058
0.087705
-0.259913
0.108958
-0.086084
0.011291
-0.346595
-0.027413
-0.009763
0.308206
0.355000
0.000836
-0.028886
0.546907
-0.102149
0.701933
0.976358
0.388479
-0.044666
0.109284
-0.023470
0.345231
0.362602
-0.106646
0.772050
-0.233680
-0.164995
0.131393
-0.428956
-0.088579
-0.343426
-0.601567
-0.336367
-0.594246
-0.556219
-0.519796
-0.591534
0.467891
-0.575530
-0.512205
-0.532255
-0.548587
-0.325576
-0.579999
-0.463373
-0.461875
-0.567193
-0.053028
-0.277933
-0.300590
-0.319332
-0.244276
-0.341223
-0.305558
-0.132640
-0.414987
0.099441
-0.365128
-0.384028
-0.355203
0.282657
-0.203450
0.117767
1.087659
-0.244732
-0.279324
-0.269547
0.171850
-0.352625
-0.281900
0.237945
-0.072308
0.232377
0.050352
0.445097
0.020118
0.082839
-0.307510
0.555650
0.679574
0.077661
0.141735
0.432021
0.265060
0.143522
-0.041890
0.166723
0.600366
0.385483
0.076570
0.031090
0.160282
-0.120099
0.091391
-0.223887
0.127050
0.008225
-0.134197
-0.233754
0.085444
-0.317949
-0.179529
-0.442466
-0.191318
-0.629085
-0.370117
-0.319309
0.023660
-0.551466
-0.360293
-0.514040
-0.484236
-0.351260
-0.287454
-0.369021
-0.609954
-0.547289
-0.216702
-0.513580
-0.416628
-0.140847
0.339445
-0.420780
-0.247200
-0.329648
0.015483
-0.062855
-0.305112
-0.094413
-0.265959
0.174759
0.116917
1.098367
0.096313
0.397146
0.142701
-0.014850
0.414388
0.713367
0.050994
0.728929
0.567905
1.116636
1.407872
0.456559
-0.003679
0.511250
-0.017230
0.168687
-0.308777
-0.039579
-0.084345
0.066401
-0.424543
-0.029169
-0.236977
-0.470351
-0.151934
-0.429751
-0.247161
-0.356471
-0.132579
-0.327252
-0.427979
-0.414226
-0.449473
-0.537417
-0.324533
-0.246016
-0.279166
-0.288492
0.125998
-0.172689
-0.410528
-0.149639
-0.479812
-0.532142
-0.524071
-0.603448
-0.664368
-0.603629
-0.592577
-0.632277
-0.666742
-0.612260
-0.646430
-0.497086
-0.558986
-0.573123
-0.543156
-0.502392
-0.299331
-0.497647
-0.219411
-0.363954
-0.537407
-0.259823
-0.299653
-0.062058
-0.299803
-0.451148
-0.150686
-0.154110
-0.198332
0.037379
-0.076624
0.040655
0.181475
0.258020
-0.128665
0.053631
-0.162158
0.111170
0.217082
0.150412
0.765309
0.318398
-0.218522
0.492982
-0.096068
-0.079627
0.316998
-0.268049
0.058464
-0.251241
-0.391560
-0.174225
-0.477101
-0.315647
-0.253390
-0.380645
-0.270151
-0.209705
-0.222206
0.016704
-0.149724
-0.085935
-0.140640
0.248260
-0.167093
-0.224039
-0.168472
-0.335046
-0.275637
-0.313937
-0.261159
-0.246507
-0.343028
0.243330
0.046917
-0.020565
-0.250808
0.276045
-0.321847
0.198710
-0.343768
-0.058416
-0.169426
0.027283
-0.039093
0.045285
0.206078
0.049256
-0.082266
-0.158769
0.286429
0.438964
0.447536
-0.046182
-0.164946
-0.357132
-0.198004
-0.067675
-0.140843
-0.012723
-0.203732
-0.164243
-0.365826
-0.426064
-0.285972
-0.415090
-0.323252
-0.328862
-0.117828
-0.208315
-0.416011
-0.368185
-0.359771
0.055895
-0.205863
-0.111153
-0.241395
-0.381818
-0.160207
-0.223937
-0.120539
0.661200
0.780174
0.281533
0.351946
0.250524
0.684752
-0.023349
1.532022
-0.131651
0.135790
-0.144257
0.696566
-0.006735
0.263431
0.367958
-0.003452
0.391303
2.863378
0.549402
-0.052114
-0.194315
-0.381086
-0.237227
-0.437210
-0.305940
-0.338675
-0.439877
-0.366803
-0.442287
-0.308803
-0.542920
-0.605964
-0.654545
-0.540991
-0.637142
-0.630691
-0.280226
-0.528420
-0.311179
-0.424866
-0.523789
-0.637184
-0.568218
-0.442232
-0.384726
-0.547869
-0.597451
-0.510210
-0.595766
-0.571557
-0.560203
-0.419425
-0.597144
-0.628884
-0.269345
-0.621478
-0.522841
-0.353437
-0.409754
-0.470571
-0.305071
-0.398646
-0.414690
0.178781
-0.108154
0.267970
-0.352440
-0.427655
0.684026
0.419412
0.632040
2.310910
10.987369
4.717258
4.969521
4.415516
2.707461
7.401208
7.863582
6.129925
13.706741
2.745173
2.778839
9.893789
8.329351
18.341128
1.859193
8.603995
0.137669
-0.512777
-0.272685
-0.476799
-0.362988
-0.043711
0.984448
1.740471
0.478821
3.964629
0.781813
0.732314
0.603420
2.333041
0.846608
0.581162
0.667786
-0.002531
0.099645
1.375736
0.491133
-0.272102
-0.181244
-0.455302
-0.391003
-0.241082
-0.257822
0.009645
-0.002146
-0.320274
0.200810
-0.199722
-0.135900
-0.031189
0.245251
0.159173
0.121656
0.196923
-0.028312
-0.412582
-0.635040
-0.592142
-0.510112
-0.497575
-0.576820
-0.497743
-0.566654
-0.369576
-0.495014
-0.140684
-0.279439
-0.378782
-0.142571
-0.413439
-0.420698
-0.373699
-0.166471
-0.012349
0.005672
-0.448763
0.009742
0.012234
-0.229979
0.180485
-0.036259
-0.365061
1.912530
-0.412331
-0.430055
-0.430389
-0.313871
-0.386133
-0.223646
-0.407171
-0.346115
-0.444816
-0.532108
0.004033
-0.504783
-0.573323
-0.625169
-0.388831
-0.592117
-0.591771
-0.294015
-0.125246
-0.292580
-0.500449
-0.491511
-0.132410
-0.467737
-0.470351
-0.363591
-0.299056
-0.034580
-0.134147
-0.169310
-0.251101
0.897851
0.031262
0.036490
0.172224
0.670623
0.407431
-0.101146
0.004261
0.328944
0.056889
1.949400
-0.070639
0.720130
0.217208
-0.155903
0.015863
-0.033168
-0.012075
0.010425
0.094226
-0.003539
0.356594
-0.007196
-0.102897
-0.246447
-0.269939
-0.156004
-0.180983
0.312440
0.467613
1.262729
0.645291
0.720365
0.520920
-0.073575
-0.187867
0.474324
0.151899
0.502114
1.006250
0.341262
0.494978
-0.049024
-0.519881
0.705416
-0.328439
-0.301128
-0.138130
0.433337
-0.344767
-0.355941
-0.456427
-0.195562
-0.686448
-0.315456
-0.383038
-0.420650
-0.116542
-0.511544
-0.483275
-0.076904
-0.340710
-0.587426
-0.582960
-0.549256
-0.652293
-0.390006
-0.519539
-0.535993
-0.412980
-0.472363
-0.140831
-0.383826
-0.279254
-0.432363
-0.085070
0.252663
0.165412
0.525673
-0.051778
-0.146429
0.153643
0.390380
0.298965
1.085799
0.277893
0.655418
0.529463
0.486934
2.103819
0.763905
0.981093
0.038169
-0.286722
-0.315622
-0.284311
-0.500693
-0.399152
0.278215
0.333287
0.094167
-0.026263
0.061167
0.688404
-0.268884
-0.102899
-0.209519
-0.036908
-0.115730
-0.040944
-0.032256
-0.142193
-0.373595
-0.361193
-0.352090
-0.207621
-0.310760
-0.358780
-0.246927
0.032712
0.308706
-0.371869
-0.085894
0.114360
-0.490229
-0.502285
-0.571362
-0.496123
-0.524114
-0.359990
-0.596871
-0.677388
-0.653479
-0.536302
-0.619559
-0.653171
-0.225015
-0.555754
-0.504950
-0.529818
-0.457801
-0.366037
-0.542742
-0.510224
-0.517498
-0.456223
-0.378847
-0.399478
-0.525381
-0.537993
-0.607523
-0.715296
-0.643134
-0.678541
-0.663567
-0.597334
-0.618844
-0.539810
-0.468078
-0.616260
-0.588718
-0.492000
-0.519568
-0.508713
-0.421883
-0.277422
-0.437451
-0.419902
-0.463796
-0.449744
-0.591713
-0.289380
-0.464638
-0.522744
-0.631096
-0.585870
-0.562175
-0.504012
-0.511926
-0.383660
-0.539184
-0.156960
-0.315384
-0.226445
0.441454
0.465985
-0.383225
-0.361858
-0.353354
-0.083357
-0.269669
-0.109533
-0.206329
0.026430
0.075724
0.563734
-0.126589
-0.098013
-0.056190
0.407646
0.638000
0.575996
0.640510
0.487699
0.619217
0.821349
1.047062
0.453435
1.176494
0.603089
0.405486
0.543341
1.335502
0.524170
1.079085
0.149697
-0.196723
0.361430
-0.277465
-0.347382
0.467190
-0.372971
-0.578768
-0.598333
-0.199150
-0.529003
-0.586419
-0.580581
-0.567187
-0.482861
-0.608098
-0.395661
-0.451105
-0.444711
-0.565917
-0.584803
-0.525222
-0.425123
-0.391557
-0.217354
-0.173044
-0.389666
-0.600020
-0.535853
-0.498009
-0.646519
-0.566761
-0.542696
-0.422960
-0.245798
-0.537623
-0.455715
-0.495685
-0.411318
-0.450723
-0.347138
-0.369606
-0.342748
-0.357111
-0.138929
-0.190001
-0.015470
-0.207303
-0.207768
-0.220152
-0.292579
-0.489275
-0.347269
-0.050728
-0.556719
-0.419390
-0.667382
-0.695528
-0.580545
-0.675110
-0.659367
-0.594799
-0.640439
-0.533648
-0.649047
-0.433668
-0.418725
-0.241676
-0.400864
-0.597044
-0.359393
-0.325822
-0.424829
-0.429808
-0.408773
-0.582950
-0.547768
-0.669948
-0.172810
-0.563357
-0.349357
-0.368893
-0.589398
-0.198113
-0.436357
-0.414460
-0.338766
-0.336593
-0.218522
-0.265532
-0.075183
0.123116
-0.143349
0.721349
0.198504
-0.188138
0.168778
-0.307905
-0.031734
-0.239487
0.258495
-0.114280
0.292573
0.266744
0.417206
0.394408
2.709771
1.256366
1.011128
2.437601
1.530577
1.010234
2.965500
1.254984
2.034830
2.975716
1.603172
4.291922
2.250056
3.995977
0.070828
-0.132494
-0.498935
-0.384944
-0.397352
-0.231189
-0.113550
0.164085
0.317137
-0.122508
0.140400
-0.207723
0.467499
0.477763
0.929669
-0.051489
0.231435
-0.061747
-0.191943
0.124531
0.146353
-0.053135
-0.261033
-0.123146
-0.387104
-0.233537
-0.226512
0.138539
-0.259185
0.164086
-0.001222
0.262760
0.251057
0.166534
0.995959
0.069940
-0.163809
0.205858
0.802362
0.726323
0.167996
-0.033036
0.637909
0.279508
0.437777
0.103826
0.337707
0.172072
0.208586
0.704207
-0.335173
-0.137813
-0.095193
-0.381397
-0.218764
-0.299001
-0.228288
-0.056059
-0.379040
-0.215064
-0.262463
-0.220508
-0.187458
-0.282911
-0.257459
-0.209927
-0.330908
-0.180464
-0.085341
0.169887
0.553492
0.333854
-0.227999
0.646740
-0.374120
-0.506291
-0.350936
0.456321
-0.306805
-0.369365
-0.129972
0.095171
-0.073175
-0.222533
0.119568
-0.035107
-0.038792
-0.214032
-0.318401
-0.328402
-0.340022
-0.382687
-0.468638
-0.471541
-0.137080
0.670124
0.551639
0.969704
0.903209
0.477794
0.998236
0.746400
0.725632
0.248875
1.318542
1.204055
0.946156
1.161066
0.020934
0.016770
-0.224597
0.357059
-0.163239
0.535107
-0.125913
-0.137517
-0.032891
-0.184888
-0.341321
-0.422781
-0.225720
-0.257403
0.411198
-0.358255
-0.305725
-0.388924
-0.367302
-0.196740
0.273088
-0.167140
-0.085709
0.345513
-0.240190
-0.103518
-0.221396
-0.233637
-0.194073
-0.383888
-0.528101
-0.421711
-0.222557
-0.143553
-0.066094
0.151204
-0.217695
-0.163041
-0.161881
-0.343014
-0.136253
-0.289536
-0.170411
-0.219182
-0.214479
0.258252
0.124321
0.049598
-0.102871
-0.160462
-0.005829
0.119099
0.300859
-0.119797
-0.050426
-0.110126
0.135329
0.091275
-0.087979
-0.141751
-0.038869
-0.240501
-0.206284
-0.087455
-0.139923
-0.138281
0.472680
-0.123213
-0.227759
-0.303868
-0.262868
-0.158245
-0.345544
-0.155508
-0.264208
-0.207659
-0.366707
-0.460501
-0.285297
-0.478742
-0.468356
-0.576641
-0.369483
-0.430295
-0.393601
-0.423659
-0.263603
-0.413874
-0.531814
-0.388970
-0.362176
-0.470150
-0.554138
-0.333182
-0.450289
-0.129165
-0.079386
-0.466476
-0.466146
-0.374091
-0.126117
-0.209612
-0.323428
-0.381959
-0.319335
-0.467936
-0.374598
-0.421579
-0.351440
-0.371222
-0.243922
-0.282415
-0.299741
-0.202065
-0.051321
0.029143
-0.462406
-0.131297
-0.209793
-0.016463
-0.264175
-0.155925
-0.228582
0.094441
0.203352
-0.042763
-0.148161
-0.185131
-0.284022
-0.126305
-0.228582
-0.328535
0.062309
-0.052678
-0.097699
-0.014316
-0.074593
0.339885
-0.360120
-0.234623
-0.156162
-0.046024
-0.329792
-0.287570
-0.373023
-0.222376
-0.292637
-0.219995
-0.334309
-0.340278
-0.377577
-0.579124
-0.367664
-0.376393
-0.457014
-0.382734
-0.037646
-0.362456
-0.357051
-0.236482
-0.527783
-0.578737
-0.456713
0.657473
-0.536772
-0.348942
-0.189440
-0.477383
-0.529294
-0.170642
-0.557938
-0.287443
0.065990
0.147562
-0.334782
-0.057972
-0.230177
-0.405036
0.475184
-0.070834
-0.210955
0.321389
-0.139541
-0.260329
-0.121333
-0.248067
-0.372356
-0.387302
-0.361513
-0.325084
-0.287266
-0.310212
2.476934
-0.109530
2.166300
-0.279614
-0.262813
0.651998
-0.274027
-0.380698
-0.275393
0.599889
0.078054
-0.376221
-0.315436
0.285485
0.494342
-0.321250
-0.451527
-0.282457
-0.464489
-0.237208
-0.239327
-0.342137
0.170487
-0.281093
-0.074656
-0.191988
-0.277113
-0.434561
-0.124701
-0.329994
-0.475460
-0.439283
-0.165883
0.075528
-0.356192
-0.205503
0.132941
-0.517431
-0.559681
-0.407670
-0.407789
-0.427638
-0.441518
-0.536171
-0.209444
-0.333605
-0.269363
-0.622219
-0.433202
-0.467266
-0.419000
-0.451923
-0.501954
-0.450663
-0.222270
-0.433672
-0.517396
-0.016002
0.195679
-0.430493
-0.317342
-0.334660
-0.387125
-0.444517
-0.359823
-0.325177
-0.436849
-0.448311
-0.486992
-0.583885
-0.566790
-0.536260
-0.658383
-0.551320
-0.637072
-0.611733
-0.572966
-0.640010
-0.586203
-0.276188
-0.158410
-0.260783
-0.534948
-0.416126
-0.425545
-0.401578
0.013293
-0.304844
-0.024379
-0.389295
0.195120
0.311262
0.335013
0.247149
0.804495
0.496995
0.034882
-0.019964
-0.046068
0.073497
-0.239066
-0.135008
0.117658
-0.141358
-0.219966
-0.251068
-0.187890
-0.406442
-0.142016
-0.313463
-0.252256
-0.149549
-0.418291
0.063418
-0.325477
-0.201144
-0.281845
-0.520103
-0.201532
-0.306341
-0.240579
-0.295915
-0.321816
-0.240815
-0.242859
-0.233300
-0.295216
-0.230596
0.031834
-0.164690
-0.001684
0.072326
-0.358045
-0.299193
0.164283
-0.183501
-0.301888
-0.230620
-0.067007
0.008973
-0.120259
-0.115209
0.030892
0.042637
-0.374175
-0.387301
-0.314734
-0.415628
-0.080332
-0.386222
-0.141865
-0.448286
0.306477
-0.386715
-0.378192
-0.236203
-0.377476
-0.280942
-0.250812
-0.333348
-0.237574
0.422893
-0.261232
-0.098593
-0.123297
-0.029110
0.175793
-0.373053
-0.261010
-0.239924
-0.182245
-0.127237
-0.458639
-0.543274
-0.450417
-0.366726
-0.200716
-0.537362
-0.039442
-0.396004
-0.449160
-0.209227
-0.497303
-0.551044
-0.469141
-0.457570
-0.620673
-0.574235
-0.575334
-0.507693
-0.557504
-0.616017
-0.503201
-0.635673
-0.638387
-0.596407
-0.438401
-0.473315
-0.412199
-0.479085
-0.501324
-0.515291
-0.284459
0.042213
-0.236508
-0.377035
-0.123318
-0.189767
0.370914
0.085373
0.393058
0.659387
2.348605
3.131708
1.630284
2.003717
3.905663
3.080818
2.431727
2.812515
1.615919
1.894238
4.778877
1.805092
4.989829
4.221008
3.041486
5.261492
0.281729
0.733742
0.246966
-0.228317
0.303801
-0.175483
-0.173014
-0.040556
-0.120533
-0.337143
-0.104044
-0.152146
-0.209198
-0.171475
-0.063030
0.079954
-0.133666
-0.247086
-0.109733
-0.178459
0.175985
0.877687
0.467562
-0.106220
-0.404398
-0.366822
-0.526309
-0.534633
-0.578185
-0.420081
-0.443902
-0.356079
-0.458620
-0.544189
-0.525832
-0.667960
-0.506129
-0.556076
-0.605893
-0.554601
-0.492826
-0.585564
-0.510150
-0.655125
-0.619932
-0.109299
-0.131264
-0.458709
-0.507628
-0.518647
-0.403680
-0.314726
-0.378074
-0.469681
-0.197940
-0.278915
-0.485023
-0.308080
0.000051
-0.246611
-0.437537
-0.195647
0.034414
-0.004285
-0.088583
0.053848
0.063822
0.048152
-0.337586
-0.025825
-0.261515
-0.048611
0.283156
0.034137
-0.180956
-0.194715
-0.352617
-0.315175
-0.229217
-0.196626
-0.259471
-0.368624
-0.141347
-0.209491
-0.196007
-0.292542
-0.212386
-0.334637
-0.434433
0.263087
0.086254
-0.269489
-0.275504
-0.210351
-0.194414
-0.337913
1.951337
-0.321879
0.031565
-0.155908
-0.334346
0.036394
-0.271777
0.676334
-0.314991
-0.317140
0.909714
-0.316376
-0.345033
-0.277079
-0.506140
-0.366581
-0.061296
-0.293986
1.295512
-0.296306
-0.198017
0.133421
-0.086908
0.042157
0.985309
-0.367499
-0.222526
-0.675776
-0.660579
-0.687021
-0.640366
-0.436290
-0.424855
-0.589976
-0.528095
-0.520338
-0.625873
-0.668841
-0.589809
-0.578744
-0.695958
-0.537841
-0.648095
-0.066948
-0.367502
-0.108470
-0.332968
-0.150420
-0.128694
-0.216503
-0.518666
-0.465540
-0.440647
-0.356914
-0.540444
-0.622223
-0.632940
-0.410234
-0.494967
-0.359542
-0.344802
-0.315326
-0.251641
-0.053912
-0.140745
-0.014225
0.183887
-0.074921
-0.370206
-0.380921
0.096055
-0.213480
-0.227240
-0.242488
0.272168
-0.290998
-0.026116
-0.208167
-0.435766
-0.536817
-0.274510
0.277245
-0.429477
0.056164
-0.161651
-0.121771
-0.236081
-0.048584
0.425988
0.094346
-0.084796
0.121217
0.314418
0.140192
0.506699
0.025581
0.122107
0.030120
-0.111358
-0.043502
-0.231181
0.115804
1.182472
0.320289
-0.181574
0.198846
0.892602
-0.091011
-0.172672
-0.329115
-0.271813
-0.411037
-0.226029
-0.246998
-0.127122
-0.285870
-0.466170
-0.296225
-0.167903
-0.205199
-0.137690
-0.224672
-0.264871
-0.209505
-0.389453
-0.201052
-0.237979
0.528977
-0.131822
-0.087258
-0.166218
-0.334163
-0.105504
0.169434
0.026239
-0.281951
-0.241411
-0.230193
0.162574
0.455030
-0.254516
0.424444
-0.192159
-0.094079
0.049647
-0.023099
-0.327370
-0.405867
-0.113115
-0.399706
-0.529521
-0.507010
-0.549766
-0.478273
-0.606783
-0.621440
-0.437510
-0.539973
-0.409208
-0.600031
-0.485575
-0.444056
-0.672776
-0.679650
-0.653210
-0.240085
-0.267908
-0.538401
-0.666978
-0.464198
-0.454017
-0.639236
-0.554573
-0.561637
-0.521770
-0.577412
-0.421647
-0.521336
-0.499601
-0.316895
-0.179549
-0.446170
-0.416714
-0.279201
-0.461950
-0.508441
-0.271208
-0.303254
-0.456273
-0.341877
1.282412
-0.209683
-0.284647
-0.254591
-0.392592
-0.214672
0.206198
-0.130261
-0.480607
0.695684
-0.389415
-0.459805
0.449654
-0.028668
-0.496383
-0.431565
-0.395711
-0.446984
-0.541354
-0.657626
-0.584442
-0.530298
-0.440190
-0.522943
-0.529674
-0.537460
-0.145852
-0.431830
-0.599110
-0.461981
-0.582729
-0.587496
-0.476909
-0.633868
-0.453958
-0.505160
-0.486490
-0.455442
-0.394173
-0.490988
-0.481251
-0.446471
-0.150312
-0.354394
-0.358876
-0.272833
0.045896
-0.134258
-0.261570
0.544602
-0.106615
2.586493
-0.108415
-0.174259
0.005996
0.295341
-0.173844
-0.185478
0.733415
-0.354157
-0.224618
-0.169421
-0.523356
-0.537397
-0.536694
-0.504469
-0.421637
-0.507624
-0.604102
-0.473550
-0.572612
-0.663235
-0.496742
-0.190783
-0.485861
-0.481359
-0.457570
-0.469120
-0.504993
-0.381628
-0.313997
-0.394872
-0.553982
-0.409049
-0.671437
-0.490875
-0.127659
-0.649126
-0.336872
-0.601077
-0.334728
-0.533087
-0.430769
-0.590508
2.645250
-0.595472
-0.547046
-0.343003
-0.377202
-0.218736
-0.265438
-0.509318
-0.390224
-0.347844
-0.403611
-0.246786
-0.317130
-0.152234
-0.163190
0.176318
0.340137
0.427348
0.031526
0.259303
-0.235924
0.474478
0.251634
-0.209906
-0.217798
-0.102643
-0.349432
-0.254452
0.235139
0.192871
-0.450111
-0.412301
-0.636842
-0.087090
-0.307574
-0.534066
-0.577608
-0.363279
-0.685120
-0.447594
-0.631662
-0.546381
-0.554090
-0.570776
-0.494241
-0.301713
-0.321495
-0.571384
-0.591051
-0.618030
-0.384552
-0.307662
-0.198308
-0.445152
-0.538847
-0.461434
-0.541223
-0.388538
-0.522618
-0.219403
-0.293359
-0.455296
-0.481826
-0.343587
-0.428473
-0.311731
-0.303181
-0.353877
-0.500187
-0.319329
-0.683198
-0.506968
-0.552027
-0.200731
-0.363383
-0.269695
-0.518821
-0.475327
-0.656264
-0.520542
-0.220545
-0.317823
-0.521106
-0.429719
-0.015777
0.223810
0.695199
0.239847
-0.316468
-0.122550
0.347337
0.443926
1.207260
0.439088
0.272565
0.368390
0.667114
1.264312
0.821800
0.436176
0.801604
0.702164
0.697369
-0.207265
0.452910
0.788003
-0.054307
0.029984
-0.248385
-0.430879
-0.285948
-0.337632
-0.258402
-0.258407
-0.258075
-0.276241
-0.221672
-0.189740
-0.074373
-0.235820
-0.300217
-0.390735
-0.273281
1.054531
-0.168288
0.030788
0.163802
0.871940
0.078299
0.271061
0.307715
0.096845
0.626674
0.217790
0.535201
2.007773
1.828633
0.745479
0.744876
1.211109
0.971628
0.594919
1.011959
1.505728
1.938935
1.635176
1.500206
1.360548
0.762037
1.085531
2.717888
1.615171
0.259561
1.137469
0.790229
1.413679
1.662995
2.192822
2.172608
1.499899
1.644328
1.011037
1.061022
1.059962
0.852476
1.088417
0.830903
1.020438
0.898501
0.648202
0.304751
0.249008
-0.032475
-0.285632
-0.490858
-0.493497
-0.653354
-0.518164
-0.592943
-0.650756
-0.429969
-0.639475
-0.553967
-0.556922
-0.572315
-0.436526
-0.400655
-0.518964
-0.438809
-0.510522
-0.524425
-0.421030
-0.336888
-0.475908
-0.373133
0.157311
-0.284690
-0.539405
-0.256029
-0.339149
-0.535139
-0.509291
-0.354071
-0.102554
-0.240992
-0.395602
-0.440182
-0.472386
-0.420024
-0.516814
-0.226006
-0.207818
-0.315564
-0.228090
-0.324746
-0.450945
-0.216490
-0.110402
-0.222331
-0.380665
-0.239761
-0.505623
-0.315538
-0.283983
-0.350757
-0.665276
-0.705796
-0.702883
-0.710915
-0.696509
-0.691137
-0.653146
-0.639465
-0.567908
-0.491132
-0.594687
-0.516580
-0.450130
-0.569447
-0.481008
-0.662377
-0.519792
-0.592224
-0.350983
-0.528164
-0.553629
-0.246822
0.911046
-0.439374
-0.022458
-0.447747
-0.349727
-0.549330
-0.552453
-0.024640
-0.563239
-0.605590
-0.513467
-0.402167
-0.545372
-0.109268
-0.545504
-0.587738
-0.610916
-0.420466
-0.336422
-0.402486
-0.139607
-0.127963
-0.478003
-0.472420
-0.543863
-0.380533
-0.448868
-0.453611
-0.466449
-0.431798
-0.210521
-0.409038
-0.468777
-0.551420
-0.485553
-0.521298
-0.226979
-0.398474
-0.481825
-0.382378
-0.307186
-0.407997
-0.078449
-0.411281
-0.551233
-0.315956
-0.316935
-0.391962
-0.491160
-0.345026
-0.414954
-0.516784
-0.541830
-0.478875
-0.464111
-0.578536
-0.134019
-0.183537
-0.353162
0.261401
0.045413
0.324155
0.356330
0.715362
-0.105143
0.119897
0.981675
0.379668
0.811820
0.608564
0.047992
0.081350
0.615017
0.208848
0.348058
0.240991
0.141841
-0.121209
-0.102342
0.066355
0.806799
0.778493
0.602211
1.075739
7.205081
4.271199
2.405993
9.016031
4.829795
7.564888
13.371146
4.437550
3.979471
4.276431
10.236559
11.528441
18.577023
12.513791
19.512789
16.505256
12.425584
5.608153
5.513299
4.831463
7.004899
5.053483
4.295381
5.305681
4.314681
2.010011
2.044313
-0.518539
-0.475134
-0.516382
-0.424313
-0.209274
-0.206866
-0.376856
0.165338
-0.383856
-0.461544
-0.472146
-0.419500
-0.423428
-0.133050
0.030807
-0.223848
0.827082
0.356848
0.361161
0.512189
0.474114
0.360853
0.552847
0.139946
0.764701
0.275538
0.203274
3.477541
0.750164
0.682366
0.373802
-0.127470
-0.228051
-0.042361
-0.148246
-0.068153
-0.060163
-0.143719
0.091762
-0.162714
0.222686
0.228323
0.669486
0.827453
0.394431
0.107742
0.235062
0.593120
0.352757
0.221259
0.116117
-0.054773
-0.182140
-0.026383
0.075017
-0.091569
0.043371
-0.453686
-0.335506
-0.288071
-0.290081
-0.456775
-0.044928
-0.264230
-0.395382
0.535297
-0.195961
-0.107879
0.270700
-0.216250
-0.005176
0.046676
-0.053247
0.109782
0.424264
-0.019568
-0.167277
2.215109
0.847363
0.421187
0.480624
0.557459
2.854176
0.250981
0.059518
0.271496
3.661252
1.088930
1.664300
0.238111
-0.387025
0.101562
-0.407778
-0.071722
-0.011076
-0.177413
0.498465
-0.103721
0.168375
-0.193576
-0.097228
0.099424
0.246805
0.070883
0.364783
0.694876
0.097832
0.127969
0.232345
-0.018703
0.464237
0.552348
1.067718
-0.194933
-0.041256
0.393549
-0.271914
-0.090921
0.096827
0.069510
-0.166831
-0.275540
0.848942
-0.293810
0.611759
-0.343315
-0.349404
-0.162597
-0.420515
-0.542918
-0.502669
-0.538225
-0.471595
-0.337450
-0.502305
-0.395455
-0.312138
-0.449269
-0.378736
-0.103637
-0.228463
0.025723
-0.269675
-0.314000
0.105942
-0.410530
-0.307923
0.079557
-0.372811
-0.415630
-0.129382
0.236940
0.656271
1.144086
0.211051
0.444843
-0.015934
0.425772
0.963852
2.075538
0.379712
2.483639
0.521345
1.116889
0.979946
0.115846
0.342666
0.484495
1.346442
0.407721
0.100474
-0.240229
0.037999
-0.130512
-0.013430
-0.323240
-0.209071
-0.067190
-0.282675
-0.257930
-0.213112
-0.186245
-0.269443
1.292644
-0.047291
0.610238
0.356728
1.208359
0.054827
-0.200749
0.616101
0.907500
0.270447
0.090899
0.113980
-0.048928
0.103053
-0.074101
0.182441
4.435124
0.585912
0.152530
0.576180
0.775653
2.476890
0.805845
1.889393
2.617256
1.165549
2.283411
0.651670
0.387942
0.234436
0.583098
-0.015342
0.476190
-0.026632
-0.194626
-0.221536
0.344905
-0.020457
0.187663
0.335073
0.987702
0.477491
0.286616
0.469833
0.043877
-0.185068
0.215999
0.749124
0.133814
0.393097
-0.058492
-0.435463
-0.593346
-0.549117
-0.523312
-0.544753
-0.582508
-0.625570
-0.495290
-0.549056
-0.336811
-0.243973
-0.352660
-0.299031
-0.350824
0.077949
-0.226188
-0.206069
-0.019315
0.061665
-0.303512
0.630288
-0.234993
0.036141
-0.263205
-0.277418
-0.430445
-0.250668
-0.284184
-0.115998
-0.310220
-0.236311
-0.517747
-0.467365
-0.384399
-0.180904
0.002162
0.193678
-0.049093
-0.263791
0.033115
-0.326510
0.056980
-0.266781
0.282438
-0.253832
-0.202093
-0.232639
-0.076908
0.227529
-0.295850
-0.320563
-0.228306
-0.380067
-0.107996
-0.240412
-0.160529
-0.197880
-0.282805
-0.256296
0.782552
0.539997
-0.066426
0.272302
0.587796
0.128184
0.317212
-0.080040
0.170993
-0.182279
-0.127399
-0.184582
-0.246414
-0.283648
-0.240617
-0.028332
-0.100730
-0.327304
-0.234585
-0.322463
-0.092413
-0.172763
-0.201306
-0.093106
-0.021112
-0.420515
0.091181
-0.247850
-0.401180
-0.081067
-0.032060
-0.491955
-0.378751
-0.488230
-0.203547
-0.213726
0.134884
0.382679
-0.188420
-0.290060
-0.199614
-0.015606
-0.461561
-0.376508
-0.354485
-0.282891
-0.234875
-0.308829
0.147726
-0.145829
-0.196257
-0.361727
0.061017
-0.270989
-0.152351
-0.400536
-0.551424
-0.548465
-0.549525
-0.552030
-0.353370
-0.684981
-0.730123
-0.587208
-0.517873
-0.552496
-0.506809
-0.502631
-0.342824
-0.449026
-0.592543
-0.565687
-0.502900
-0.171632
-0.238777
-0.334799
-0.397517
-0.347872
-0.638515
-0.462401
-0.338010
-0.333726
-0.584641
-0.639165
-0.431698
-0.571433
-0.596518
-0.310283
-0.427791
-0.384649
-0.341065
-0.205935
0.019772
0.657804
-0.251678
0.010269
-0.027691
-0.217488
-0.157532
-0.176430
0.004315
0.347054
0.589908
0.685966
1.050021
1.283605
1.666870
2.869446
1.452801
1.877515
2.516924
2.299927
2.675394
2.059477
2.170593
1.961577
3.812439
1.821538
3.566422
2.607080
1.923032
1.261464
0.243146
-0.001571
0.045961
0.745409
-0.014521
1.022895
0.239913
0.497649
0.878043
0.802233
1.049048
0.538695
0.712760
0.803249
1.524602
0.963276
1.363331
1.978618
1.048826
1.480986
1.070648
1.112206
0.950473
0.747222
0.577705
0.399987
1.286778
1.311326
0.613865
0.465404
0.763429
0.607072
1.259352
2.492396
2.367155
1.796443
1.178100
0.859532
1.558402
4.386830
1.122034
1.875441
3.660079
1.696055
5.558574
2.948477
1.494349
1.434605
-0.014168
0.050072
-0.202465
-0.013875
-0.230956
-0.344784
-0.246916
-0.114926
-0.243530
-0.126915
0.009993
-0.380955
0.153417
0.030041
-0.362014
-0.062138
0.190362
0.212442
-0.047825
-0.303492
-0.397163
-0.367146
-0.240123
-0.455856
-0.070247
-0.343094
-0.117719
-0.214320
-0.278208
-0.283523
-0.331768
-0.482810
-0.264003
-0.050402
-0.447604
0.244591
-0.437851
-0.032596
-0.318178
-0.397434
-0.193354
-0.482071
-0.466934
-0.344483
-0.238381
-0.451544
-0.290458
-0.408729
-0.367286
-0.484264
0.068397
-0.211885
0.197000
-0.069530
-0.418532
-0.139688
-0.105781
-0.393900
-0.304402
-0.266506
-0.341860
-0.200696
-0.357073
-0.397934
-0.452075
-0.297188
0.033758
-0.346270
-0.180838
1.506561
1.106415
0.056015
0.076464
-0.110323
-0.031383
-0.212158
-0.488285
-0.395329
-0.616960
-0.630008
-0.586296
-0.602203
-0.674192
-0.710173
-0.599212
-0.561112
-0.439994
-0.519677
-0.565350
-0.546070
-0.608311
-0.462020
-0.374020
-0.228598
-0.192394
-0.175521
-0.189612
-0.138234
-0.294236
-0.231595
-0.198253
-0.126484
-0.185843
-0.520449
-0.075188
-0.018231
-0.402653
-0.479880
-0.572608
-0.555053
-0.507924
-0.323978
-0.260444
-0.473764
0.322366
1.429010
0.890908
0.926605
0.528544
0.914723
0.356873
0.636365
0.868143
1.373056
0.297955
0.516038
0.172748
-0.058263
0.371280
-0.206983
-0.132438
-0.260103
-0.269910
-0.306705
-0.342513
-0.499365
-0.370844
-0.439293
-0.484612
-0.367684
-0.483725
-0.311555
-0.395043
-0.422639
-0.195309
-0.494279
-0.285252
-0.377212
-0.292100
-0.259260
-0.319001
0.002465
-0.018492
0.011480
-0.238028
0.003541
-0.170419
-0.025076
-0.042477
-0.160625
-0.194063
-0.335933
-0.117335
-0.337497
-0.174603
-0.090011
-0.215818
-0.269377
-0.128837
-0.107910
-0.147957
-0.218871
-0.081301
-0.073215
-0.293221
0.329144
-0.063378
0.173130
0.568011
-0.192379
-0.024014
0.539411
0.094376
-0.079978
-0.025347
-0.240918
-0.098623
-0.163174
0.380321
-0.135658
-0.203105
-0.252112
0.394284
-0.489675
-0.380249
-0.580672
-0.634569
-0.496179
-0.365238
-0.567037
-0.529228
-0.510650
-0.417823
-0.603265
-0.454569
-0.554081
-0.573135
-0.619645
-0.600530
-0.452597
-0.247349
-0.520533
-0.478541
-0.325530
-0.444185
-0.489184
-0.528239
-0.352865
-0.337117
-0.540660
-0.411766
-0.470279
-0.477929
-0.599472
-0.545736
-0.619733
-0.621328
-0.621866
-0.604002
-0.592006
-0.519019
-0.484942
-0.540911
-0.573439
-0.452199
-0.545065
-0.438541
-0.586787
-0.401345
-0.583032
-0.551417
-0.542107
-0.503169
-0.562832
-0.486233
-0.508574
-0.512327
-0.636517
-0.499848
-0.609805
-0.572244
-0.628924
-0.687428
-0.662749
-0.700668
-0.590585
-0.597465
-0.477587
-0.472680
-0.602883
-0.619708
-0.610283
-0.541530
-0.508167
-0.601698
-0.181072
-0.325303
-0.183169
-0.041411
-0.087736
-0.472977
-0.375864
-0.170576
-0.370257
0.278079
0.778308
0.675669
-0.167432
-0.295633
0.241067
0.426049
-0.059992
-0.174341
0.138005
0.147262
0.172797
0.081286
0.107373
-0.026671
0.081848
-0.060644
0.102411
-0.275101
0.638433
-0.106058
0.112060
0.228727
0.162944
-0.023293
-0.014060
0.393596
-0.103995
0.747022
0.546783
-0.065262
0.307768
-0.055275
0.200447
-0.155571
0.249818
0.553975
-0.118093
-0.032511
0.283096
-0.099220
-0.181360
-0.181554
-0.122716
-0.108646
-0.028327
0.066881
0.008524
-0.252721
-0.223426
-0.300357
-0.180058
-0.007381
0.082706
0.546592
-0.295457
-0.408416
-0.425262
-0.057722
-0.397023
-0.637789
-0.445194
-0.329184
-0.306628
-0.353638
-0.472561
-0.362141
-0.519914
-0.577655
-0.448851
-0.298760
-0.184596
-0.666971
-0.559302
-0.606743
-0.591373
-0.667497
-0.404357
-0.617617
-0.643179
-0.633739
-0.501125
-0.560146
-0.551038
-0.535114
-0.428834
-0.430289
-0.355245
-0.345091
-0.432150
-0.334389
-0.451269
-0.459425
-0.623547
-0.551981
-0.426572
-0.461686
-0.570662
-0.342465
-0.420851
-0.478530
-0.570528
-0.039639
-0.556948
-0.417120
-0.465268
0.216423
1.597599
-0.278623
-0.095530
0.586392
-0.153053
0.388544
-0.204912
-0.338663
-0.416015
0.020462
-0.391527
-0.428902
-0.242051
-0.557339
-0.612406
-0.474993
-0.565808
-0.552508
-0.435724
-0.610681
-0.643980
-0.556228
-0.591298
-0.569970
-0.403957
-0.473151
-0.071570
-0.355572
-0.321621
-0.300396
0.352154
-0.615758
-0.552716
-0.494031
-0.624336
-0.609640
-0.652024
-0.740738
-0.569027
-0.420565
-0.342725
-0.614791
-0.372215
-0.443936
-0.284105
-0.322653
-0.140295
-0.177541
-0.373488
-0.401825
-0.373722
-0.317244
-0.461081
-0.141676
-0.406314
-0.539831
-0.191306
-0.579251
-0.369702
-0.488398
-0.385190
-0.430944
-0.495680
-0.462872
-0.230649
-0.147336
-0.004827
0.112843
0.371995
0.469641
0.481785
0.385337
0.372366
1.425638
0.242184
0.343424
-0.150679
0.279049
1.135589
0.153837
-0.004606
-0.188281
-0.314012
-0.387031
0.061106
-0.431421
0.347009
-0.233539
0.010491
-0.084342
-0.303337
-0.346036
-0.306124
-0.493767
-0.492642
-0.428581
-0.357803
-0.048182
-0.423375
-0.026762
-0.006947
-0.406274
0.046232
0.151151
-0.136519
-0.016494
0.074743
0.133813
0.069825
0.245825
0.459267
0.605462
0.789928
0.658135
0.337445
0.613222
0.431728
0.853989
1.946549
0.740527
0.300794
0.444089
-0.060059
-0.061531
0.592500
0.579339
0.601295
0.751641
0.873695
1.464138
0.111996
-0.275138
0.469680
0.231701
0.038241
0.636858
-0.134895
-0.008271
0.099887
0.141082
0.474089
-0.000725
0.041691
0.295254
0.544621
-0.024517
-0.260335
-0.128001
-0.260140
-0.420838
0.127025
-0.231794
0.666438
-0.138136
-0.160554
-0.199004
-0.270274
-0.409530
-0.132816
0.159117
1.215765
0.060253
1.301471
0.520013
0.795162
1.669683
0.407234
0.076258
0.634368
1.564734
1.059438
-0.049282
0.951314
-0.033576
0.048723
-0.434848
-0.320097
-0.177314
-0.137444
-0.097578
-0.212300
-0.259285
0.371528
0.280400
0.440875
2.263702
2.001921
0.609862
2.144768
1.087718
0.928893
5.049147
2.522458
2.617361
3.138867
2.019841
2.000269
1.409424
1.562215
1.360149
1.094807
2.978445
1.598875
1.730991
2.607515
0.757626
-0.016072
0.689394
2.155111
5.455149
9.652772
2.486562
3.218715
3.729790
3.870960
3.999504
4.183421
2.054286
2.683574
5.609065
5.701443
3.868302
2.488949
6.060554
4.127489
1.619072
0.635776
0.929388
-0.035045
-0.131373
-0.211223
-0.237203
-0.211833
-0.413547
0.082532
-0.100312
-0.243081
0.088834
0.038217
-0.082861
0.250571
0.275575
0.555301
-0.091447
-0.045631
0.979895
0.021842
-0.108163
0.321561
0.035484
0.917054
-0.004959
-0.084696
-0.215453
-0.361725
-0.306171
-0.339534
-0.473357
-0.466199
-0.449319
-0.383219
-0.309068
0.138148
-0.117413
-0.192501
-0.141508
-0.173200
2.745197
5.268262
0.441714
-0.377034
-0.196608
-0.181046
-0.604736
-0.346231
-0.385703
-0.419941
-0.430534
-0.576997
-0.585338
-0.572420
-0.486992
-0.329172
-0.309751
-0.382758
-0.460317
-0.482821
-0.253728
-0.001321
0.145522
-0.074688
-0.147369
0.038043
-0.023758
0.369897
-0.060020
0.021607
-0.182625
-0.428986
-0.429441
-0.376984
-0.463387
-0.623356
-0.641015
-0.636436
-0.591155
-0.630404
-0.559501
-0.642021
-0.330936
-0.357363
-0.408325
-0.522601
-0.069007
-0.556684
-0.487856
-0.306938
-0.176449
-0.448400
-0.339513
0.074280
-0.597584
-0.525262
-0.569947
-0.480706
-0.570306
-0.506039
-0.340290
-0.556057
-0.551224
-0.558801
-0.443180
-0.400960
-0.397764
-0.535062
-0.442403
-0.491599
-0.182827
-0.545221
-0.453456
-0.438014
-0.465217
-0.608100
-0.536753
-0.378580
-0.641789
-0.639058
-0.556697
-0.512903
-0.545474
-0.552838
-0.583396
-0.493466
-0.231106
-0.512624
-0.469195
-0.581233
-0.490986
-0.503255
-0.502195
-0.620143
-0.324054
-0.409864
-0.247483
-0.554029
-0.508615
-0.335627
-0.574892
-0.421061
-0.598620
-0.560994
-0.495779
-0.418346
-0.656316
-0.433916
-0.550682
-0.475781
-0.580856
-0.489718
-0.587238
-0.511088
-0.459347
-0.530643
-0.634648
-0.591399
-0.135770
-0.595546
-0.526455
-0.272880
-0.510688
-0.294301
-0.463375
-0.557213
-0.633687
-0.612802
-0.524421
-0.547103
-0.236178
-0.614457
-0.462344
-0.357618
-0.453342
-0.277068
-0.455957
-0.498563
-0.578978
-0.242871
-0.342894
0.829867
-0.139899
-0.348394
0.132134
0.214025
0.043608
-0.275879
-0.312829
-0.432779
-0.385428
-0.557853
-0.505815
-0.382124
-0.228638
-0.417613
-0.335816
-0.393588
-0.281609
-0.274607
-0.266159
-0.346856
-0.317084
-0.389666
-0.245405
-0.202403
-0.019856
-0.103030
-0.313127
0.022294
-0.359693
-0.367576
-0.355497
0.918061
-0.480120
-0.543674
-0.316473
-0.485934
-0.493681
-0.385100
-0.412056
-0.278990
-0.095901
-0.310715
-0.269692
-0.487247
-0.151943
0.276240
-0.412734
-0.369695
-0.151809
-0.204912
-0.109770
-0.315440
-0.331862
-0.411753
-0.500588
-0.450928
-0.423555
-0.401890
-0.598705
-0.418530
-0.179807
-0.171548
-0.014141
-0.326304
-0.313121
-0.180494
-0.242501
-0.226850
0.567831
0.513482
0.167441
-0.134960
-0.234143
-0.032827
-0.426642
-0.351673
-0.462107
-0.418895
-0.404588
-0.339038
-0.309537
-0.408829
-0.530942
-0.339514
-0.561089
-0.445316
-0.373451
-0.523091
-0.646783
-0.611217
-0.601124
-0.444615
-0.486976
-0.503082
-0.270516
-0.383850
-0.195994
-0.434617
-0.164093
-0.434960
-0.522769
-0.368221
-0.345696
-0.595773
-0.526272
-0.552284
-0.486344
-0.553420
-0.612749
-0.609165
-0.410398
-0.577441
-0.398299
-0.467675
-0.504159
-0.612699
-0.199049
-0.528799
-0.311268
-0.465092
0.036785
-0.373009
-0.394247
-0.440146
-0.417568
-0.486412
-0.469961
-0.521582
-0.568848
-0.413070
-0.600584
-0.651188
-0.574998
-0.563962
-0.432731
-0.403326
-0.542090
-0.416982
-0.459639
-0.407168
-0.534165
-0.444296
-0.312167
-0.373082
-0.405020
-0.535353
-0.372363
-0.343342
-0.356656
-0.250355
-0.469896
-0.543557
-0.469471
-0.446222
-0.373299
-0.555951
-0.381947
-0.515622
-0.525013
-0.333122
-0.467515
-0.484270
-0.370451
-0.434376
-0.240377
-0.495945
-0.263828
-0.319229
-0.394752
-0.428452
-0.298986
-0.328323
0.029928
-0.070229
-0.347825
-0.286232
-0.142371
-0.164803
-0.398947
-0.425793
-0.435973
0.129378
-0.193793
-0.309687
-0.351360
-0.240108
-0.130642
-0.119787
-0.198054
-0.221186
-0.278370
-0.205125
-0.452076
-0.063458
-0.286711
-0.281158
-0.297209
-0.450129
0.039362
0.992994
-0.457965
-0.525760
-0.427635
-0.473811
-0.509919
-0.611106
-0.497663
-0.621995
-0.652522
-0.624994
-0.563227
-0.442129
-0.529742
-0.287079
-0.353755
-0.264433
-0.497652
-0.510275
-0.547238
0.262838
-0.180237
-0.351027
-0.616825
-0.446512
-0.474268
-0.255944
-0.498500
-0.388670
-0.616468
-0.590504
-0.451514
-0.590466
-0.138267
-0.211264
-0.076354
-0.443971
-0.149777
-0.157002
0.216770
0.002556
0.084064
0.041448
-0.412262
-0.519013
-0.302793
-0.219297
0.216965
-0.494326
-0.476285
-0.569461
-0.496295
-0.412273
-0.413558
-0.526072
-0.552205
-0.414327
-0.540317
-0.523271
-0.462529
-0.362229
-0.257509
-0.477536
-0.429895
-0.241628
-0.066494
-0.411488
-0.352131
-0.402665
-0.516777
-0.574326
-0.414681
-0.412785
-0.311156
-0.590949
-0.551845
-0.555663
-0.588718
-0.473820
-0.614198
-0.372954
-0.519813
-0.571643
-0.538406
-0.508098
-0.580128
-0.530593
-0.382816
-0.265848
-0.526384
-0.441586
-0.623284
-0.396577
-0.460494
-0.090399
-0.493617
-0.603230
-0.652881
-0.680912
-0.640156
-0.667391
-0.595815
-0.640923
-0.562914
-0.355791
-0.666624
-0.659353
-0.608840
-0.608566
-0.687802
-0.417255
-0.537503
-0.344262
-0.008225
-0.325844
-0.305697
-0.326432
-0.208472
-0.407092
-0.566723
-0.522357
-0.527346
-0.601231
-0.546285
-0.598778
-0.582631
-0.381835
-0.190763
-0.157815
-0.115647
-0.320783
0.056243
-0.204217
-0.169513
0.100593
-0.347970
-0.320277
-0.152700
-0.174729
-0.309830
-0.145513
-0.404842
-0.415458
-0.370997
-0.412482
-0.255295
-0.446288
-0.517270
-0.241998
-0.679322
-0.474733
-0.473497
-0.382403
-0.396028
-0.443267
-0.405626
-0.331322
-0.387852
-0.303446
-0.485285
-0.483060
-0.381427
-0.599605
-0.391610
-0.535178
-0.391310
-0.344618
-0.037310
0.041102
0.067027
-0.214703
-0.219227
-0.478851
-0.028242
0.024919
-0.274334
-0.338579
-0.244210
-0.356554
-0.261163
0.169442
0.101891
-0.454364
0.245279
-0.164240
-0.104270
-0.417262
-0.393294
-0.174473
-0.167649
0.035443
0.254381
0.547389
0.437023
1.561328
1.087455
0.539390
2.056227
1.117889
0.159625
1.039339
0.977503
0.605380
1.211113
0.057350
0.795697
1.474571
1.085253
0.338034
-0.246459
-0.008699
0.142041
0.142945
-0.272451
-0.353062
-0.175807
0.839012
-0.230365
0.332739
0.307190
-0.254093
-0.325038
-0.249488
0.047074
-0.269899
0.065883
-0.204105
0.144365
-0.179007
-0.123303
0.058418
0.492086
0.243255
-0.176777
-0.025506
-0.110416
-0.096935
-0.313057
-0.286136
-0.303771
-0.212475
-0.432989
-0.399324
-0.107701
-0.115876
0.178114
-0.233862
-0.120249
0.067421
0.399559
-0.130803
-0.012652
-0.021445
-0.027065
0.191252
-0.254861
-0.208931
-0.022116
-0.247796
-0.137542
-0.212952
-0.304809
-0.362921
0.439847
-0.441581
-0.333639
-0.311759
-0.465879
-0.387055
-0.542227
-0.091082
-0.271549
0.172994
-0.119417
-0.392400
0.681037
-0.316902
-0.564812
-0.290437
-0.151605
-0.580188
-0.438271
-0.357026
-0.272501
-0.463822
-0.201101
-0.445126
-0.259589
-0.174367
0.197920
-0.013422
0.167269
-0.129781
-0.245641
-0.086369
-0.028878
0.059520
-0.167250
-0.070090
-0.440644
0.047605
-0.127727
-0.457936
-0.247147
-0.272822
-0.047450
-0.185645
-0.364670
0.021276
-0.352974
-0.383331
0.213989
0.357270
-0.327682
-0.019052
-0.020437
-0.164844
-0.196344
-0.094986
-0.388732
-0.283388
-0.548630
-0.491711
-0.573072
-0.292015
-0.391286
-0.297234
-0.400638
-0.296170
-0.215513
-0.246776
-0.023708
-0.190169
-0.186490
-0.413568
-0.417553
-0.580937
-0.420917
-0.542509
-0.546567
-0.478610
-0.551642
-0.185827
-0.366747
-0.417827
-0.342214
-0.087387
-0.526356
-0.598622
-0.295400
-0.394488
-0.517650
-0.164251
-0.476168
-0.392822
-0.213268
-0.327386
-0.178388
-0.537309
-0.478794
-0.289157
-0.512240
-0.484963
-0.530294
-0.394117
-0.171155
0.310960
1.018440
0.237490
0.207431
0.698701
0.086904
0.772536
0.950328
0.420089
0.285269
1.753247
0.915171
0.074484
0.414126
0.195399
0.023252
0.344193
0.222047
0.329447
0.402531
0.071028
1.279578
0.060880
0.152078
0.443889
0.902286
0.623990
1.509631
0.653301
0.580368
0.469760
0.801734
1.090096
2.667316
1.586091
1.345073
0.898020
1.140770
1.127004
0.855538
1.176026
0.921782
0.317164
2.937938
0.804934
0.324661
0.241195
0.311116
-0.260607
-0.207061
0.008525
0.112098
-0.081260
-0.263140
-0.369933
-0.053126
-0.435589
-0.262435
-0.174238
-0.231397
-0.504895
-0.412222
-0.201583
-0.462923
-0.453173
-0.467046
-0.514908
-0.576944
-0.636732
-0.435963
-0.384209
-0.285495
-0.114960
-0.244942
-0.409756
-0.433356
-0.243647
-0.437298
-0.297737
-0.314115
-0.393804
-0.329244
-0.464684
-0.406081
-0.551177
-0.392274
-0.072826
-0.345316
-0.249024
-0.322298
-0.262742
-0.225401
-0.271689
0.029583
-0.299635
0.319646
0.156949
-0.098277
-0.315118
-0.324374
0.029554
-0.262671
-0.283598
-0.278504
-0.361429
-0.506206
-0.127306
-0.203398
-0.084914
0.121604
-0.302769
-0.610866
-0.519668
-0.448689
-0.465966
-0.387054
-0.281429
-0.437524
-0.385385
-0.434631
-0.343269
-0.239180
-0.551730
-0.327001
-0.559316
-0.325733
-0.367011
-0.471319
-0.340777
-0.494738
-0.346082
-0.252483
-0.397561
-0.094526
-0.132738
-0.487857
-0.375899
-0.445524
-0.396335
-0.549764
-0.513759
0.023062
-0.504662
-0.614156
-0.489806
-0.557251
-0.408639
-0.506353
-0.468233
-0.593689
-0.611575
-0.498640
-0.447741
-0.505797
-0.129333
-0.309748
-0.430974
-0.076297
-0.500917
-0.526545
-0.375371
-0.382564
-0.556529
-0.002217
-0.341290
0.580396
-0.345763
-0.446229
-0.145285
-0.592649
-0.636402
-0.596087
-0.572374
-0.510206
-0.576503
-0.622761
-0.374375
-0.476586
-0.444535
-0.527176
-0.550925
0.035236
-0.405422
-0.625469
-0.625120
-0.477089
-0.546773
-0.628633
-0.707316
-0.613156
-0.672428
-0.586466
-0.631227
-0.633419
-0.574016
-0.559407
-0.361312
-0.659061
-0.537624
-0.440202
-0.436258
-0.445665
-0.453961
-0.552902
-0.505090
-0.579267
-0.320523
-0.580539
-0.517971
0.025822
-0.413635
-0.397872
-0.537756
-0.476138
-0.663811
-0.330484
-0.556874
-0.547602
-0.569133
-0.385241
-0.608638
-0.602715
-0.501405
-0.605214
-0.348395
-0.477636
-0.386208
0.112113
-0.415208
-0.455923
-0.548692
-0.402989
-0.273738
-0.481323
-0.356465
-0.457610
-0.612653
-0.421432
-0.238441
-0.504990
-0.627979
-0.677338
-0.537671
-0.541754
-0.519859
-0.667584
-0.593786
-0.488961
-0.444514
-0.469751
0.091552
-0.481989
-0.565280
-0.549635
-0.603601
-0.595144
-0.544116
-0.402878
-0.543607
-0.624890
-0.510317
-0.634217
-0.563670
-0.531562
-0.556794
-0.409444
-0.656198
-0.563074
-0.522291
-0.475988
-0.537601
-0.509041
-0.497782
-0.254585
-0.384917
-0.171649
-0.375416
-0.472222
-0.442210
-0.451544
-0.480557
-0.562204
-0.647226
-0.612738
-0.478908
-0.655135
-0.675699
-0.600957
-0.635129
-0.572397
-0.497254
-0.637679
-0.590706
-0.597079
-0.634567
-0.406852
-0.509685
-0.375451
-0.481263
-0.459528
-0.464397
-0.502034
-0.498384
-0.443879
-0.376893
-0.442601
-0.669044
-0.666098
-0.560496
-0.623398
-0.575219
-0.666599
-0.630382
-0.387769
-0.512773
-0.447760
-0.613595
-0.552702
-0.480647
-0.525960
-0.606008
-0.563236
-0.548505
-0.506863
-0.488798
-0.532358
-0.379775
-0.594475
-0.573547
-0.561927
-0.711785
-0.658383
-0.507631
-0.611926
-0.608012
-0.565503
-0.492008
-0.447369
-0.622118
-0.480086
-0.285803
-0.211818
-0.493988
-0.373865
0.358927
-0.553137
-0.414336
-0.380674
-0.276032
-0.390924
-0.138189
-0.294198
-0.511937
-0.408655
-0.512026
-0.539928
-0.543154
-0.531882
-0.637825
-0.367682
-0.358505
-0.473960
-0.454959
-0.580413
-0.513501
-0.571958
-0.321440
-0.266094
-0.276019
0.092644
-0.476817
-0.324556
-0.257961
-0.304981
-0.446103
-0.532041
0.035225
-0.451704
-0.647283
-0.644308
-0.553759
-0.343280
-0.425834
0.083216
-0.261623
-0.491134
-0.203116
-0.390098
-0.425073
-0.446341
-0.140512
-0.304484
-0.073278
-0.390865
-0.171345
-0.393978
-0.384535
-0.474999
-0.325034
-0.418578
-0.423565
-0.227205
-0.372615
-0.548355
-0.382340
-0.519092
-0.494135
-0.533081
-0.646590
-0.599944
-0.316476
-0.390044
0.350932
-0.206446
-0.439520
-0.453071
-0.161155
-0.450730
-0.255939
-0.557669
-0.289531
-0.431873
-0.427756
-0.491901
-0.513592
-0.336783
-0.229375
-0.397018
-0.482304
-0.407511
-0.081320
-0.439076
-0.427726
-0.373692
-0.112387
0.635728
0.219221
0.032734
0.252351
1.127382
0.155646
0.166429
0.333895
0.580796
0.566761
0.046745
2.005391
0.239188
0.063527
0.097771
0.751483
0.257112
0.583649
1.089392
0.787783
1.645606
2.732607
5.233225
1.230451
1.931480
1.528124
1.156919
0.347769
1.083922
0.390248
0.956462
1.640206
1.851467
0.224621
0.156191
0.528262
-0.231800
-0.125279
-0.025007
-0.131057
0.209133
-0.033281
-0.194078
-0.036176
0.082010
-0.175853
0.357839
-0.053043
-0.129166
-0.243773
-0.288824
-0.262167
0.077050
-0.177986
-0.036319
0.281755
-0.200965
0.462815
1.193949
0.382524
0.844805
0.009344
0.707126
0.497140
0.781761
0.585444
1.208662
0.130787
1.232293
2.198292
0.949857
1.657831
0.459747
1.670059
0.100010
1.308312
0.661701
0.802908
0.616467
0.470556
0.582362
1.382626
0.576024
2.409261
1.740785
0.441008
1.665035
1.147155
0.791055
2.095601
1.074558
1.631082
0.427908
0.388811
0.032075
0.048036
0.066696
-0.091484
0.015793
-0.143599
0.555196
-0.060910
-0.046282
0.051782
0.021612
0.106047
-0.094044
0.248216
-0.170429
-0.222533
-0.017221
0.122527
0.403848
0.270782
1.376430
0.104589
0.671919
0.027671
0.073407
0.120397
0.115281
1.269802
-0.056315
0.175730
0.630191
0.405123
-0.010102
0.357383
0.837196
0.039259
2.197657
-0.099965
-0.128167
0.000030
0.652029
1.044902
0.088800
1.306027
0.047696
1.816841
0.024323
0.180631
0.566983
0.048807
0.234682
-0.263218
-0.184741
-0.090317
-0.349206
0.283085
-0.244951
-0.140779
-0.149534
-0.353259
-0.164029
-0.351644
-0.277362
-0.406341
-0.289720
-0.389075
-0.188569
-0.227804
-0.197606
-0.347102
-0.414176
0.135832
-0.258779
-0.325535
-0.343451
1.179693
-0.468461
-0.440062
-0.361006
-0.399292
-0.317612
-0.269498
-0.153194
-0.303296
-0.299142
-0.315684
-0.363044
-0.308099
-0.242956
-0.377581
-0.376354
-0.460296
-0.263017
-0.225897
-0.206014
0.027184
0.814718
0.543395
0.479653
0.836357
0.725164
0.390914
1.114339
0.549450
0.135647
0.620665
0.275283
0.254643
0.474392
-0.009846
0.069500
0.144169
-0.218481
0.017927
-0.184892
0.068685
-0.280586
-0.305898
0.241090
-0.227733
-0.057145
-0.309181
-0.302747
-0.205670
-0.180608
-0.279525
-0.347448
-0.228468
-0.096201
-0.185787
0.065105
0.187226
0.121909
0.703101
-0.147711
0.105683
0.277805
-0.007983
-0.259839
-0.111087
-0.194296
0.146147
0.522635
0.288562
-0.256146
-0.083823
0.053675
-0.085787
0.165530
-0.102340
-0.046177
0.098712
0.228780
0.201172
0.900278
0.857892
0.241774
0.850018
0.345761
0.606947
0.717303
0.165023
0.382296
0.225227
0.491290
0.322391
1.088523
1.217949
2.591675
1.892010
2.010959
1.571909
0.841727
0.659583
0.236457
0.072473
0.146865
0.438704
0.696003
0.957015
0.730454
0.294533
0.561786
0.251250
0.219242
0.007159
-0.008259
-0.063160
0.324284
0.712820
1.674298
1.010239
3.053350
2.032314
0.436366
0.693915
0.971166
1.517742
0.486239
1.201056
1.121283
2.076976
3.199830
3.080634
1.664727
1.854880
0.785841
1.383814
0.458892
1.767924
1.251879
0.787893
1.569007
2.797213
1.330060
0.562167
1.001167
1.239404
1.542650
0.541700
0.304771
1.008582
0.992184
0.513761
0.379105
1.147152
0.866261
1.358570
0.453781
0.986302
0.749226
0.631214
0.225541
0.425834
0.379335
0.257299
0.344036
1.353696
0.835524
0.846667
0.602224
1.728552
2.087844
1.226366
0.839859
0.764980
1.455896
1.835038
0.960567
6.311821
1.256841
1.622865
1.614397
0.807003
1.364989
1.301245
0.123459
0.500074
0.802135
0.216444
0.173613
0.049745
0.012274
0.331834
-0.114215
0.044751
0.163615
0.048552
0.017881
1.047740
-0.168420
-0.009164
-0.019618
-0.180001
0.849628
-0.020283
1.326243
0.159730
0.334226
0.245751
0.050757
-0.022959
0.175675
0.383259
0.023122
-0.084327
-0.026957
-0.107726
-0.062113
0.119438
0.426773
0.105319
-0.101018
0.108128
-0.006413
-0.018079
-0.260306
-0.347737
-0.401199
-0.204110
-0.467128
-0.460529
-0.500896
-0.186514
-0.423409
-0.432405
-0.440724
-0.086334
-0.401718
-0.565554
-0.503866
-0.603340
-0.171538
-0.402565
0.016691
-0.391225
-0.246281
-0.067138
-0.077038
-0.398071
0.462784
-0.479836
-0.091340
-0.249949
-0.490310
-0.437551
-0.496709
-0.546110
-0.482953
-0.325451
-0.246853
-0.631006
-0.452098
-0.584089
-0.522176
-0.295333
-0.333119
-0.285488
-0.120180
-0.010521
0.893914
0.179408
0.829988
0.565944
-0.071396
-0.000320
-0.127652
0.428890
0.051476
0.110311
0.161131
-0.153335
-0.074937
-0.174769
-0.314092
-0.229005
-0.387042
-0.554930
-0.201649
-0.348431
-0.376209
-0.206611
-0.332025
-0.294133
-0.386333
-0.212141
-0.304861
-0.333004
-0.343190
0.547744
0.055822
-0.099455
-0.048835
-0.119645
-0.097933
-0.314784
-0.229871
-0.300239
-0.081533
-0.031507
-0.249997
-0.276679
-0.241120
-0.279381
-0.553959
-0.337064
-0.574578
-0.410822
-0.406855
-0.452699
-0.393294
-0.386705
-0.179711
-0.397760
0.001459
-0.227017
-0.305344
-0.471398
-0.425168
-0.466100
-0.499177
-0.393086
-0.447274
-0.491099
-0.633438
-0.560031
-0.589929
-0.375503
-0.414206
-0.603021
-0.551844
-0.505584
-0.637467
-0.370534
-0.527794
-0.512593
-0.465034
-0.585942
-0.560281
-0.550635
-0.335980
-0.570158
-0.451127
-0.484192
-0.613917
-0.657016
-0.645533
-0.611263
-0.613878
-0.571431
-0.634465
-0.508623
-0.483168
-0.601291
-0.567185
-0.635984
-0.520815
-0.592905
-0.532548
-0.404145
-0.498024
-0.354184
-0.459022
-0.411499
-0.281820
-0.362229
-0.368793
-0.187318
0.194608
-0.248416
-0.332325
0.074341
-0.307112
-0.125574
0.097157
0.161233
0.198631
-0.067998
-0.229596
-0.096662
0.528283
0.167304
1.905591
0.457700
0.316367
0.220962
0.672712
0.741010
-0.039530
-0.050634
0.505989
0.155844
0.078648
-0.091392
-0.035556
0.018762
-0.053155
0.380536
1.376884
0.739663
0.245829
2.573938
7.637130
0.374881
0.243328
0.880956
1.852004
1.248045
2.407986
2.050374
3.373508
2.353644
3.073298
3.865994
1.836957
1.802866
1.813368
3.438630
1.232815
0.967955
0.241313
3.171612
1.981711
0.743154
1.613462
2.346938
1.789644
1.638250
1.073941
3.209739
1.453289
2.235888
2.342470
3.020571
3.885530
5.869449
1.350450
1.335307
1.225929
2.213583
2.940641
1.196699
1.290778
1.035825
2.529672
0.372256
0.263787
0.698337
0.462195
0.257715
0.663701
0.173522
0.591743
0.085139
0.247555
0.642457
2.653078
1.872689
1.611994
0.550294
0.729778
0.489626
1.521707
0.206996
0.200141
0.557472
0.439788
-0.133455
-0.011214
-0.074453
0.097059
0.060678
-0.102954
-0.117287
0.408896
-0.028797
-0.108506
0.090375
0.129570
0.362228
0.219805
0.206140
0.926630
0.599004
0.455968
0.186851
1.014810
-0.010922
0.089796
-0.238885
-0.047080
-0.164759
-0.098319
-0.087902
0.130421
-0.489268
-0.317488
-0.271867
-0.147036
-0.224652
-0.138139
-0.281033
0.079007
-0.219150
-0.082045
0.583062
-0.077579
0.518970
0.193654
0.107425
-0.092416
-0.195157
-0.029791
-0.301511
-0.124005
-0.385596
-0.341893
-0.437354
0.091057
-0.372728
-0.160371
-0.340416
-0.408053
-0.263881
-0.165559
0.649928
-0.335646
-0.176618
-0.211691
-0.398255
-0.421844
-0.504957
-0.268920
-0.193504
-0.370197
-0.463889
-0.381741
-0.206412
-0.369936
-0.365574
-0.404633
-0.487501
-0.242718
0.354458
-0.112397
0.264908
-0.188379
-0.131638
-0.106565
-0.213023
-0.220127
-0.171596
0.308522
-0.162059
0.121039
-0.172817
-0.142037
0.001823
-0.283706
-0.023863
-0.335936
-0.383218
-0.243959
-0.165741
-0.236168
-0.525509
-0.317731
-0.297930
-0.134391
-0.483956
-0.444577
-0.279821
-0.293880
-0.218116
-0.521794
-0.436970
-0.195850
-0.494957
-0.355469
-0.482408
-0.386826
-0.375610
-0.477042
-0.509972
-0.627590
-0.489115
-0.562567
-0.565535
-0.603227
-0.598125
-0.484912
-0.527586
-0.390813
-0.549459
-0.506567
-0.503612
-0.519124
-0.398368
-0.484774
-0.411490
-0.485347
-0.492137
-0.530403
-0.369875
-0.408035
-0.565995
-0.572863
-0.359816
-0.530322
-0.453465
-0.592219
-0.592598
-0.332032
-0.616647
-0.548116
-0.403891
-0.538462
-0.590199
-0.364098
-0.601303
-0.566959
-0.573443
-0.423653
-0.080513
-0.431938
-0.527585
-0.424708
-0.355142
-0.048739
0.416742
-0.443284
-0.231890
-0.369791
-0.251596
-0.060417
-0.516502
-0.481783
-0.589039
-0.399876
-0.626769
-0.462101
-0.554903
-0.643758
-0.551359
-0.357036
-0.605227
-0.608592
-0.441671
-0.388771
-0.416598
-0.296824
-0.390107
-0.430229
-0.290928
-0.393620
0.220083
-0.356310
-0.444073
-0.042147
-0.521668
-0.526269
-0.176876
-0.378670
-0.460338
-0.503872
-0.526918
-0.506033
-0.436199
-0.531604
-0.508569
-0.351726
-0.438279
-0.107837
-0.130466
-0.298060
-0.301530
-0.605757
-0.291853
-0.409277
-0.535328
-0.502057
-0.596618
-0.551367
-0.656276
-0.657986
-0.666443
-0.385020
-0.197419
-0.404312
-0.227480
-0.525125
-0.258600
-0.375934
-0.438132
0.342464
1.170743
1.658546
0.349266
0.978945
0.955012
0.367614
0.422963
0.623904
1.112824
0.611863
0.070746
0.040266
0.550774
0.200483
0.351786
0.463901
0.641455
0.051444
0.023586
0.048815
1.215348
0.159548
2.838143
1.196473
0.053115
-0.491698
-0.455218
-0.451025
-0.484470
-0.171653
-0.432668
-0.356509
-0.444942
-0.549655
-0.244689
-0.211190
0.488239
-0.343861
-0.158644
-0.277702
0.100654
0.248277
0.157041
0.225380
-0.088587
0.265948
-0.056341
0.057659
-0.258958
-0.373425
-0.385955
-0.265035
-0.265598
-0.199140
-0.518031
-0.545295
-0.428590
-0.369732
-0.293555
-0.639945
-0.489204
-0.547152
-0.476267
-0.314753
-0.312700
-0.500553
-0.450712
-0.303167
-0.184048
-0.347274
-0.408117
-0.312531
-0.407069
-0.532954
-0.216673
-0.114272
-0.403602
-0.484639
-0.446268
-0.496246
-0.427228
-0.472638
-0.414532
-0.363401
-0.551310
-0.464454
-0.585402
-0.555087
-0.375824
-0.098112
-0.537824
-0.571623
-0.557669
-0.162466
-0.180747
2.765910
2.327782
0.275811
1.485439
1.465460
2.150302
3.816992
1.070722
1.557495
0.958467
0.959164
1.212566
1.289540
0.999642
0.810316
-0.270892
-0.145109
0.275738
-0.028791
-0.149308
0.214389
1.117363
-0.049457
-0.190441
0.299395
0.442231
1.219030
1.153285
-0.143481
-0.201902
-0.413847
-0.415144
-0.353073
-0.286537
-0.398956
0.789419
-0.368689
0.022521
-0.203267
0.041256
0.571249
-0.168194
0.163775
-0.197355
0.239338
0.748258
-0.195064
-0.257198
-0.309655
-0.118658
-0.420653
-0.463896
-0.428500
-0.318586
-0.279973
-0.452989
-0.166101
-0.472954
-0.540930
-0.605660
-0.490665
-0.535088
-0.492424
-0.553087
-0.534392
-0.589662
-0.588394
-0.483065
-0.421886
-0.676480
-0.640076
-0.509738
-0.607133
-0.556393
-0.474606
-0.426485
-0.518486
-0.427520
-0.497597
-0.424877
-0.630649
-0.602288
-0.210600
-0.558463
-0.459068
-0.606119
-0.568380
-0.643944
-0.614375
-0.429876
-0.479629
-0.101586
-0.183381
-0.230443
0.207832
-0.133908
-0.162306
-0.213289
-0.093388
-0.004030
0.074057
-0.009409
0.087464
-0.159842
0.083881
-0.232636
1.926822
-0.041748
0.049784
0.203518
0.109262
0.575389
-0.027993
0.199733
0.379814
1.936421
0.178977
-0.056809
0.231011
0.337593
-0.113070
-0.130022
0.514124
0.440518
0.689377
-0.098346
1.413252
0.436244
-0.030662
-0.062304
-0.091037
-0.138935
-0.187241
-0.071933
1.465408
0.502507
0.219231
-0.102576
-0.315231
-0.227358
-0.429875
-0.244732
-0.124805
-0.006348
-0.365887
-0.327219
-0.363923
-0.207751
-0.474665
-0.423035
-0.287500
-0.472384
-0.426703
-0.353191
-0.242198
-0.405175
-0.327750
-0.376751
-0.531659
-0.361563
-0.464154
-0.539261
-0.565987
-0.405475
-0.421139
-0.569672
-0.392110
-0.409910
-0.600949
-0.605174
-0.542231
-0.495961
-0.520274
-0.507310
-0.468497
-0.040186
-0.499378
-0.376809
0.006583
-0.569356
-0.514856
-0.573507
-0.604034
-0.374283
-0.458870
-0.505582
-0.435901
-0.590132
-0.547070
-0.454618
-0.281929
-0.440114
-0.482452
-0.419515
-0.361006
-0.180505
-0.443701
-0.386358
-0.406924
-0.481907
-0.501226
-0.435561
-0.257516
-0.482675
-0.509514
-0.579925
-0.505917
-0.494392
-0.409823
-0.567024
-0.528880
0.173266
-0.513553
-0.394497
-0.480970
-0.526892
-0.467582
-0.450895
-0.394686
-0.377029
-0.515210
-0.553927
-0.307763
-0.388748
-0.454793
-0.440475
-0.515023
-0.493864
-0.440887
-0.563328
-0.600613
-0.645722
-0.444301
-0.504270
-0.550472
-0.367287
-0.524959
-0.347050
-0.535962
-0.562130
-0.409503
-0.363408
-0.323470
-0.523753
-0.203683
-0.474471
-0.328991
-0.106889
-0.300105
-0.505238
-0.418720
-0.588156
-0.602253
-0.606793
-0.317158
-0.538670
-0.479912
-0.517848
-0.545519
-0.624490
-0.573154
-0.588379
-0.654376
-0.480428
-0.401913
-0.429779
-0.180157
-0.529325
-0.474999
-0.533437
-0.200774
-0.567560
-0.582771
-0.560317
-0.559295
-0.335944
-0.595771
-0.198360
-0.417852
-0.284806
-0.416189
-0.317092
-0.376034
-0.360485
-0.363251
-0.446305
-0.433527
-0.060384
-0.257213
-0.124174
-0.252358
-0.280453
-0.326503
-0.169318
-0.288827
-0.194594
-0.414463
-0.231914
-0.381455
-0.171705
-0.374474
-0.184703
0.070847
-0.223434
0.049620
-0.340354
0.283282
-0.415057
-0.377594
-0.347865
-0.253312
-0.220747
-0.176887
-0.044454
-0.338279
-0.109953
-0.299048
-0.345195
-0.497673
-0.469212
-0.394711
-0.481277
0.312414
0.075905
-0.211892
-0.224505
-0.365891
-0.468989
-0.086186
-0.114287
-0.304864
-0.457386
-0.476225
-0.406931
-0.391433
-0.302902
-0.467995
-0.406769
-0.530749
-0.310442
-0.347567
-0.328174
-0.136025
-0.453271
-0.442939
-0.267321
-0.452572
-0.516990
-0.509032
-0.407927
-0.540597
-0.313697
-0.523758
-0.592243
-0.488350
-0.329900
-0.282116
-0.000205
0.307007
-0.247528
0.288702
0.308407
0.032513
0.219815
0.002557
0.340250
-0.000008
0.196452
0.061951
-0.246881
-0.428326
-0.332727
-0.396074
-0.380591
-0.406743
-0.439337
-0.493650
-0.401051
-0.426707
-0.467348
-0.286672
-0.485569
-0.493702
0.534274
-0.416721
-0.528942
-0.534022
-0.421070
-0.323631
-0.108863
-0.307576
0.086068
-0.271623
-0.496517
-0.329054
-0.455822
-0.322512
-0.384126
-0.559458
-0.246262
-0.576479
-0.435555
-0.587763
-0.548817
-0.460184
-0.503167
-0.144515
-0.469645
-0.301154
-0.419243
-0.249682
-0.504622
-0.456005
-0.170900
-0.430034
-0.408767
-0.628186
-0.526745
-0.576023
-0.368735
-0.508359
-0.174490
-0.575301
-0.551612
-0.521878
-0.445725
-0.370655
-0.104958
-0.299979
-0.384991
-0.431477
-0.448745
-0.439212
-0.124245
0.150713
0.181317
0.221496
0.369541
0.432735
0.132987
0.445906
0.767209
0.866003
-0.413044
-0.237272
-0.207564
2.033626
-0.242707
-0.428193
-0.396750
-0.460197
-0.358506
-0.251053
-0.277395
-0.366608
-0.266261
-0.200387
-0.320385
-0.238591
-0.279454
-0.065275
-0.123760
-0.413227
-0.261637
-0.535979
-0.343823
-0.457224
-0.403536
-0.183102
-0.223303
-0.415880
-0.324199
-0.366501
-0.014970
-0.196452
-0.014991
-0.065992
-0.234905
-0.201201
-0.135758
-0.177572
-0.222547
-0.092144
-0.356602
-0.404936
-0.275155
-0.535434
-0.362170
1.094202
4.962344
3.105691
1.461385
1.838460
2.189603
1.327190
1.622766
2.097791
2.305978
1.278718
2.960907
2.780618
5.349695
1.075282
0.869474
1.563910
0.647803
0.993703
0.652320
-0.020430
3.770180
0.245591
0.517501
1.064196
1.189882
0.399102
0.301934
0.581967
0.438041
0.783111
0.641867
0.860629
0.317082
0.857497
0.427224
0.385666
0.339596
0.060546
0.545447
0.145348
0.145622
0.198721
0.266755
-0.141002
0.296041
0.189501
0.102728
0.461982
0.224365
0.942663
0.095788
0.240282
0.697854
0.787038
0.141286
0.773201
-0.165180
0.039155
-0.132712
-0.327657
-0.152731
-0.137648
-0.023674
-0.206539
1.367226
-0.171647
-0.342389
0.163974
0.263709
-0.236497
-0.275165
-0.290207
0.927758
1.037947
1.262723
0.308812
0.583769
0.189342
-0.063679
0.676353
0.150705
-0.048744
-0.227957
0.669901
-0.064849
-0.438294
-0.233338
-0.150056
-0.025800
-0.338546
-0.196986
-0.317181
-0.269599
-0.325823
-0.203101
-0.586679
-0.514451
-0.487373
-0.605688
-0.452658
-0.608026
-0.618390
-0.558312
-0.683635
-0.542573
-0.476445
-0.548710
-0.546485
-0.537182
-0.293823
0.005770
0.262997
-0.105096
-0.183481
-0.439572
-0.366818
0.086725
0.246176
0.112919
1.365859
0.524735
0.410443
0.857818
1.082871
1.596669
1.965796
3.501817
2.955194
3.725960
2.184684
6.832401
2.041134
4.446287
4.437297
2.073638
3.471072
2.347509
1.002657
4.020730
1.146665
2.931455
0.605468
0.466617
0.569103
0.771303
1.716699
0.891823
0.685042
0.365256
0.499768
0.552899
0.955477
1.436805
0.644705
1.254548
0.334929
0.341807
0.833569
1.002385
0.995667
1.582885
0.377554
0.192043
0.252887
0.088911
-0.012225
0.179403
-0.182624
-0.077613
-0.055351
0.000971
0.065575
-0.012770
-0.021250
0.529087
0.641142
0.406694
-0.297976
0.044250
-0.077922
-0.082007
-0.054402
-0.180981
-0.323442
-0.269011
-0.202179
-0.152695
-0.117572
-0.052310
0.066459
0.188293
-0.176642
-0.126697
0.032924
-0.047031
-0.081645
0.257223
-0.055918
2.749765
0.034159
-0.386049
-0.147427
-0.261559
-0.132656
0.849246
0.476289
0.196581
0.413740
0.494639
0.572536
2.489796
2.644135
0.138014
0.638078
0.845992
0.927719
0.803698
1.142552
0.712670
1.374897
0.799792
0.499955
-0.094610
-0.283039
-0.396680
-0.221349
-0.201368
0.184866
0.358002
-0.062932
0.000018
0.031439
0.206142
-0.168398
0.133626
-0.025977
-0.089920
-0.235673
-0.152362
-0.338548
-0.473600
-0.286274
-0.279788
-0.380500
-0.391031
-0.362555
-0.356010
0.119526
-0.213559
-0.156906
-0.279780
-0.131978
-0.071331
0.110372
-0.323361
0.203050
0.087287
-0.132216
0.125957
-0.095653
-0.218799
-0.112727
0.141243
-0.174732
-0.292862
-0.125825
-0.171556
-0.189248
-0.240143
-0.407814
-0.081952
0.004893
-0.117736
0.318434
0.105111
3.035449
1.884872
2.582132
1.725189
0.450124
1.337156
5.420991
1.692573
1.570846
2.166845
1.302565
0.481109
1.531585
1.980076
1.266874
0.842321
1.525151
1.553802
0.346209
0.496790
2.665136
0.078480
0.360885
2.991615
2.371023
3.465364
2.894202
3.699231
3.083155
5.161361
4.559151
4.026847
11.855878
6.036241
1.150108
4.598481
8.507747
6.087228
2.792260
4.384625
1.727106
2.925387
0.335694
0.139330
0.089134
0.003503
-0.050235
-0.026139
0.977377
0.477156
0.506032
0.621086
0.321366
0.857942
2.435088
2.412958
2.824194
0.569474
0.693943
0.567888
1.683282
0.675374
0.301936
1.126773
0.569030
0.187932
0.165772
1.218097
0.376154
0.237786
0.133084
0.368986
1.310072
-0.002027
-0.000843
0.226145
0.328154
0.314874
0.877325
0.485208
0.510629
0.126900
0.454965
0.661768
0.579540
0.175896
0.083154
-0.022409
0.105408
-0.083895
-0.171808
0.101849
0.000612
-0.200019
-0.386936
-0.294714
-0.297697
-0.125606
-0.126426
-0.004888
-0.293156
-0.392783
-0.126592
-0.075829
-0.125426
-0.148137
-0.153738
-0.210238
-0.272461
-0.376223
-0.330759
-0.311103
-0.451747
-0.318860
-0.296854
-0.398126
-0.204734
-0.452845
-0.428787
-0.366601
-0.278900
-0.048488
0.045206
0.041790
0.051628
0.449438
0.364923
0.397174
-0.154795
0.303509
0.325059
0.149291
-0.135294
-0.071402
-0.300530
-0.339289
-0.278577
-0.368151
-0.250068
-0.396911
-0.207984
-0.266543
-0.357747
-0.418169
-0.292649
-0.216929
-0.326191
-0.135747
-0.267119
-0.219754
-0.133225
-0.212789
-0.165050
0.163337
-0.161055
-0.353394
-0.014799
-0.527309
-0.331589
-0.316774
-0.405987
-0.512318
-0.475013
-0.519734
-0.132416
0.255081
1.228256
0.533734
0.449310
0.419946
0.375681
0.540140
0.393069
0.052144
0.441581
0.879370
0.319499
0.112750
0.079533
-0.183722
-0.175774
-0.165468
-0.223643
-0.151264
-0.242208
-0.193088
-0.479376
-0.483113
-0.401895
-0.415106
-0.501027
-0.603760
-0.440308
-0.618530
-0.531846
-0.592136
-0.605005
-0.460385
-0.196655
-0.301261
-0.075011
-0.047169
-0.185887
-0.444967
0.409766
0.325070
-0.301711
-0.220380
-0.423550
-0.544956
-0.343084
-0.253983
-0.595114
-0.470786
-0.376449
-0.493247
-0.648875
-0.364529
-0.504791
-0.393488
-0.416321
-0.209595
-0.069752
-0.383250
-0.480311
-0.475977
-0.367525
-0.572059
-0.400861
-0.483128
-0.612676
-0.713666
-0.481501
-0.532180
-0.584577
-0.625081
-0.630010
-0.568333
-0.557641
-0.352530
-0.600880
-0.565756
-0.609074
-0.589293
-0.448294
-0.387503
-0.314501
-0.141014
-0.347854
-0.487193
-0.516742
-0.307836
-0.451801
-0.649066
-0.483553
-0.344447
-0.572501
-0.607158
-0.634746
-0.521491
-0.557251
-0.583665
-0.623723
-0.241644
-0.384524
-0.476343
-0.543643
-0.473804
-0.537592
-0.486604
-0.444856
-0.377588
-0.499186
-0.410613
-0.285734
-0.592360
-0.352884
-0.516830
-0.498142
-0.407312
-0.330695
-0.188375
-0.215471
0.069940
0.031799
0.111223
-0.107514
0.109253
-0.070891
-0.185631
0.280385
1.368108
1.513958
4.667875
2.116621
2.706365
1.338854
5.422992
5.234403
1.866648
3.570035
2.838389
1.353014
4.882408
1.981284
1.770859
0.141020
0.049498
0.405335
0.180096
0.006396
0.512801
0.176587
-0.144355
-0.278319
-0.276545
1.298881
0.393251
0.897610
3.498816
2.616282
1.575730
1.328520
2.642717
1.819667
0.833106
1.354711
1.294613
1.991659
0.208747
0.081131
-0.424466
-0.611005
-0.449035
-0.616744
-0.559045
-0.629039
-0.638275
-0.615881
-0.654664
-0.485931
-0.248440
-0.556624
-0.519222
-0.337341
-0.393312
-0.518312
-0.506794
-0.456846
-0.589251
-0.552587
-0.459240
-0.649232
-0.701096
-0.640476
0.507148
-0.416204
-0.542956
-0.604276
-0.636719
-0.536942
-0.651879
-0.657047
-0.430624
-0.577350
-0.342058
-0.573434
-0.428262
-0.528880
-0.500897
-0.445425
-0.336581
0.415787
0.692649
-0.029704
0.329062
0.199784
0.272358
0.518824
0.471785
0.322747
0.021563
0.181578
-0.246742
0.113548
-0.039521
-0.038179
0.035962
-0.234730
0.218825
-0.304467
-0.280592
-0.275211
-0.168905
-0.027062
-0.198564
-0.380453
-0.435725
0.482195
0.083620
-0.287989
-0.101722
0.582426
0.290543
-0.220334
0.086732
-0.312939
-0.224524
0.279298
-0.155961
-0.000661
-0.075944
-0.155627
0.034687
-0.136601
0.096996
-0.229604
-0.006811
0.193960
0.080426
-0.112679
-0.167624
-0.332080
-0.215292
-0.319930
-0.358141
-0.517852
-0.164510
-0.416676
-0.407746
-0.454959
-0.204964
-0.379763
-0.430041
-0.328177
-0.095461
-0.318047
-0.147321
-0.414933
-0.281538
-0.311047
-0.254733
-0.415961
-0.322841
-0.433353
-0.344042
-0.271508
-0.549258
-0.376613
-0.484676
-0.413197
-0.420192
-0.411599
-0.040004
-0.364803
-0.551925
-0.361685
-0.425370
-0.460467
-0.381532
0.244889
-0.488096
-0.538557
-0.244016
-0.372611
-0.357135
-0.319047
-0.522225
0.996581
1.106379
0.965388
1.758182
2.694747
1.224663
2.598204
5.137726
3.211427
4.241849
3.173870
4.548841
5.687464
9.866114
1.894144
1.394464
2.747825
1.367158
1.158267
1.322249
0.858527
5.195484
0.145715
0.062689
-0.076065
0.232227
-0.270192
-0.314059
0.238786
-0.266330
-0.113615
-0.063172
-0.222377
-0.036798
-0.132274
-0.128802
-0.299766
0.030013
-0.206742
-0.289859
-0.312122
-0.355657
-0.344816
-0.460995
-0.373743
0.279908
-0.290701
-0.429809
-0.670054
-0.595861
-0.650978
-0.708983
-0.654595
-0.726466
-0.571479
-0.527997
-0.394301
-0.588390
-0.460582
-0.587754
-0.489050
-0.495449
-0.206610
0.034137
-0.256852
-0.019213
-0.331814
-0.437500
-0.233910
-0.368892
-0.237654
-0.167552
-0.451907
-0.256335
-0.254403
-0.101622
-0.025032
0.153068
0.239923
0.040367
0.754776
0.429116
0.729246
1.444634
0.397749
0.977393
1.246267
1.169071
0.704482
0.883625
0.574711
1.329645
0.301596
0.544632
0.071074
-0.085919
-0.075010
0.325154
0.165575
0.426740
0.168162
0.378626
0.211397
0.298510
-0.085205
1.117667
2.669944
0.000807
-0.225134
0.348929
-0.185378
-0.089131
0.044939
0.181898
-0.045667
-0.252746
-0.470171
-0.408135
-0.442326
-0.499039
-0.296049
-0.090048
-0.132084
-0.402805
-0.412917
-0.115686
-0.145306
-0.274338
0.303340
0.790322
3.136335
0.254461
0.045842
-0.304741
0.087559
-0.241908
-0.044831
-0.094423
-0.307748
-0.165810
-0.269410
0.345321
0.075874
0.805706
-0.025852
-0.060818
0.034935
-0.075714
1.605914
1.550012
1.395839
0.285018
0.674396
-0.284119
-0.448105
-0.520135
-0.265956
-0.407374
-0.519734
-0.505658
-0.547029
-0.554033
-0.532140
-0.527399
-0.353780
-0.566321
-0.601421
-0.378459
-0.382256
-0.427833
-0.302760
-0.515187
-0.665821
-0.628372
-0.497736
-0.581535
-0.401114
-0.619999
-0.294477
-0.422916
-0.482579
-0.550649
-0.465587
-0.489087
-0.461510
-0.511797
-0.425210
-0.305255
-0.237272
-0.037514
-0.262290
-0.382545
-0.456281
-0.461566
-0.154659
-0.210020
-0.494514
-0.335966
-0.455020
-0.281537
-0.327977
-0.504563
-0.191909
-0.151154
-0.402524
-0.485937
-0.506628
-0.339145
-0.432863
-0.446198
-0.410980
-0.466822
-0.377089
-0.538419
-0.471406
-0.579981
-0.535155
-0.636382
-0.466653
-0.547528
-0.064691
-0.507970
-0.568014
-0.575100
-0.491527
-0.573198
-0.609549
-0.552734
-0.514449
-0.269862
-0.409961
-0.417815
-0.352901
-0.563033
-0.460932
-0.361717
-0.496668
-0.407606
-0.315705
-0.381141
-0.430602
-0.638736
-0.538682
-0.581535
-0.698274
-0.656188
-0.636270
-0.622087
-0.650182
-0.443658
-0.258658
0.024547
-0.390598
-0.217587
-0.470094
-0.388607
-0.451473
-0.407006
-0.476834
-0.413319
-0.391663
-0.431518
-0.509523
-0.273610
-0.376859
0.031948
-0.369663
-0.483191
-0.356520
-0.633375
-0.481031
-0.409962
-0.367887
-0.376283
-0.405217
-0.205659
-0.348644
-0.426191
-0.366948
-0.386967
-0.241390
-0.562787
-0.379890
-0.397521
-0.506552
-0.429226
-0.188480
-0.396314
-0.268186
-0.373015
-0.330483
0.119551
-0.311201
-0.432945
-0.497996
-0.577807
-0.324425
-0.311762
-0.426877
-0.276963
-0.395052
-0.297250
-0.334049
-0.315799
0.080166
-0.313973
-0.239801
-0.502861
-0.257181
0.314309
0.164511
0.316325
-0.123853
-0.180505
-0.382784
-0.373210
-0.374216
-0.500279
-0.327484
-0.374869
-0.437328
-0.194070
-0.515223
-0.505734
-0.513667
-0.174693
-0.544443
-0.565281
-0.338311
-0.476657
0.540453
-0.247054
0.057014
-0.226137
-0.502949
-0.316966
-0.228255
-0.380776
-0.543508
-0.575089
-0.587098
-0.697665
-0.695089
-0.588895
-0.531859
-0.646363
-0.662081
-0.591045
-0.739277
-0.689383
-0.576864
-0.702373
-0.612850
-0.642586
-0.281433
-0.362588
-0.412935
-0.533894
-0.484477
-0.533521
-0.469055
-0.386413
-0.542456
-0.602063
-0.602153
-0.468319
-0.539639
-0.383220
-0.530699
-0.620730
-0.413844
-0.391867
-0.251900
-0.443308
-0.443153
0.322350
-0.288312
-0.529033
-0.409999
-0.469490
-0.133049
-0.389482
-0.290956
-0.514460
-0.576032
-0.670071
-0.656150
-0.466396
-0.681887
-0.647250
-0.613286
-0.623637
-0.649807
-0.629104
-0.598177
-0.592809
-0.623698
-0.511877
-0.424429
-0.466203
-0.306189
-0.225682
-0.428331
-0.236855
-0.278318
-0.353233
-0.358412
-0.259750
-0.414607
-0.335683
-0.215522
-0.240884
-0.322033
-0.170955
-0.373878
-0.072022
0.053994
0.058713
-0.007626
-0.269088
-0.101026
0.711157
0.170727
-0.148960
0.346602
0.255926
-0.197515
-0.139621
-0.228241
-0.207425
-0.504962
-0.503210
-0.455472
-0.462756
-0.376378
-0.583987
-0.585863
-0.279786
-0.143246
-0.366163
0.381368
0.220179
0.654356
0.067593
0.083252
-0.137506
-0.366342
0.822458
0.121473
-0.242923
-0.125850
-0.025167
-0.236289
0.056529
-0.382892
-0.267648
0.084181
-0.436947
-0.484866
-0.502888
-0.418552
-0.349271
-0.267156
-0.519815
-0.459965
-0.524665
-0.309687
-0.516848
-0.491965
-0.507101
-0.472995
-0.469897
-0.611916
-0.552367
-0.343510
-0.460516
-0.383349
-0.307849
-0.380910
-0.275371
-0.294310
-0.263086
-0.242446
-0.382354
-0.132334
-0.315222
-0.337217
-0.387760
0.142797
0.025397
-0.056332
-0.406550
-0.025415
-0.021424
0.011387
-0.137524
0.135864
0.086832
0.868343
0.337522
0.740629
0.806937
0.357040
0.021504
0.294905
0.191595
-0.198118
-0.167985
-0.181709
-0.462404
-0.076440
-0.382507
-0.272209
-0.275328
0.340325
0.575687
0.740615
-0.102147
-0.113465
0.405406
-0.048161
-0.250335
-0.192491
0.173694
0.111288
0.011858
-0.230414
-0.363601
0.039229
-0.592342
-0.586672
-0.480673
-0.498829
-0.602293
-0.607191
-0.535684
-0.429840
-0.506550
-0.423263
-0.559829
-0.579316
-0.558474
-0.508985
-0.469684
-0.482126
-0.476418
-0.382904
-0.418847
-0.518550
-0.541305
-0.499348
-0.605114
-0.472703
-0.620557
-0.579369
-0.548332
-0.341371
-0.534739
-0.363867
-0.504884
-0.414377
-0.649702
-0.612077
-0.673072
-0.607483
-0.580698
-0.443536
-0.720577
-0.526055
-0.378329
0.164807
-0.230263
-0.479560
-0.317220
0.169221
-0.275155
-0.126369
-0.392326
-0.538252
-0.597809
-0.575216
-0.532370
-0.532428
-0.654788
-0.569364
-0.543742
-0.543485
-0.505715
-0.381367
-0.449586
-0.377289
-0.494677
-0.644911
-0.498227
-0.433049
-0.333747
-0.337411
-0.475745
-0.354413
-0.444942
-0.644465
-0.240580
-0.390293
0.079532
-0.049480
0.081537
0.175499
0.188436
0.454328
-0.267821
-0.067170
0.175044
1.539813
2.451209
-0.064739
-0.079253
0.004134
-0.022077
-0.043849
-0.257545
-0.033446
0.239059
0.158247
-0.303603
0.221037
0.569466
-0.028915
0.213290
0.466860
-0.053998
0.660244
-0.039034
-0.040246
0.142438
-0.342894
-0.224398
-0.495316
-0.320735
-0.412711
0.022361
-0.191342
-0.023420
-0.442257
-0.334375
-0.320628
-0.228354
0.486972
-0.221209
-0.248516
-0.258320
0.268328
0.680094
0.044946
0.083824
0.386665
0.279858
0.255723
0.459150
1.246861
-0.070504
0.532101
-0.164124
0.345953
0.147509
-0.166672
-0.296907
-0.276301
-0.206539
-0.233667
0.031116
-0.492834
-0.333783
-0.303730
-0.193619
-0.115195
-0.506887
-0.548076
-0.558942
-0.419368
-0.495418
-0.347831
-0.343108
-0.448512
-0.488662
-0.447999
-0.230648
-0.249235
-0.205901
-0.042124
0.590264
-0.380370
-0.306537
-0.387445
0.054544
-0.341852
-0.364972
-0.344258
-0.313358
-0.425199
-0.449670
-0.456882
-0.419868
-0.608587
-0.206594
-0.262067
-0.319631
-0.208765
0.066932
0.761381
1.426285
0.684635
0.415133
0.422717
0.056995
0.832093
2.993124
1.721259
0.769435
0.854676
1.049246
1.287243
0.157990
0.458560
0.553934
0.488918
0.485050
1.881787
-0.133470
-0.117357
-0.334686
0.112392
-0.288778
-0.213834
-0.273882
-0.263737
-0.149253
-0.345025
-0.265793
-0.226996
-0.237707
-0.251782
-0.180033
0.469464
-0.071113
-0.287363
-0.308123
-0.473722
-0.385705
-0.287246
-0.276637
0.219970
-0.389014
-0.474813
-0.439851
0.073315
-0.397212
-0.237221
-0.309630
-0.484426
-0.337501
-0.340183
-0.407878
-0.356746
-0.382952
-0.088878
-0.099300
-0.413405
-0.510262
-0.385531
-0.525823
-0.352798
-0.479824
-0.518199
-0.611782
-0.601146
-0.617689
-0.644161
-0.570362
-0.240224
-0.329604
-0.331012
-0.347214
-0.519822
-0.612185
0.069198
-0.548182
-0.220880
-0.237402
-0.410457
-0.349978
-0.281371
-0.081174
-0.199117
0.093493
-0.223008
-0.389052
-0.385871
-0.546553
-0.584737
-0.647976
-0.539243
-0.521196
-0.496041
-0.479475
-0.533021
-0.575221
-0.489151
-0.519641
-0.442941
-0.121474
-0.140754
-0.280469
-0.382868
-0.413627
-0.634289
-0.328149
-0.479851
-0.632247
-0.015694
-0.525940
-0.244203
-0.617680
-0.558239
-0.478814
-0.442692
-0.540321
-0.605294
-0.564607
-0.695395
-0.628026
-0.686627
-0.595463
-0.409100
-0.491696
-0.284557
-0.373609
-0.574228
-0.351835
-0.122748
-0.316859
-0.394330
-0.550669
-0.293564
-0.339519
-0.395255
-0.267048
-0.171822
-0.512621
-0.269921
-0.352611
-0.146988
-0.116753
0.149558
-0.174586
-0.374556
-0.176392
0.037429
-0.282617
-0.076189
-0.264239
0.021000
0.236398
0.108882
-0.151450
0.335520
-0.016984
0.338003
-0.230177
-0.134966
-0.380853
-0.500623
-0.418966
-0.544867
-0.348406
-0.462937
-0.505713
-0.395704
-0.660358
-0.662369
-0.550003
-0.630821
-0.467278
-0.466873
-0.484785
0.087696
-0.335873
-0.403451
-0.470553
-0.140520
-0.123758
-0.463704
-0.264297
-0.529663
-0.694767
-0.519996
-0.659652
-0.621853
-0.673738
-0.610962
-0.569721
-0.324952
-0.606984
-0.590813
-0.312156
-0.599304
-0.257133
0.003560
-0.412020
-0.425163
-0.592378
-0.383434
-0.465594
-0.518524
-0.521541
-0.652950
-0.663081
-0.561777
-0.624885
-0.448326
-0.348775
-0.432908
-0.590309
-0.542860
-0.430185
-0.176836
0.169502
-0.245638
-0.525225
-0.242173
-0.399006
-0.191127
-0.107251
-0.277410
-0.472856
-0.599814
-0.460623
-0.528402
-0.580249
-0.641400
-0.606089
-0.578038
-0.620285
-0.654903
-0.623069
-0.551228
-0.484546
-0.540719
-0.430616
0.038589
-0.496138
-0.606830
-0.413305
-0.529998
-0.524451
-0.440635
-0.478841
-0.150558
-0.399004
-0.192730
-0.511952
-0.313539
-0.180777
-0.471274
-0.353131
-0.252149
-0.375734
-0.345140
-0.457458
-0.428371
-0.248443
-0.321316
-0.382384
-0.353419
-0.240981
0.639387
-0.253786
-0.167539
-0.257767
-0.293937
-0.341402
-0.235673
-0.380993
-0.534405
-0.332048
-0.465012
-0.457343
-0.362080
-0.523881
-0.303883
-0.119720
-0.348288
-0.496124
-0.230059
-0.033411
0.033094
-0.051985
-0.115697
-0.231725
-0.198499
-0.198596
0.256145
-0.120827
0.640447
-0.129526
0.000091
0.466117
-0.296900
-0.567949
-0.523278
-0.568510
-0.643715
-0.604384
-0.651689
-0.665402
-0.590135
-0.641578
-0.645868
-0.526345
-0.398105
-0.453948
-0.647637
-0.600408
-0.576667
-0.596420
-0.448923
-0.468198
-0.367057
-0.492642
-0.429826
-0.563792
-0.571921
-0.558739
-0.442167
-0.574591
-0.479501
-0.338266
-0.442470
-0.523961
-0.586415
-0.416713
-0.527623
-0.402974
-0.592498
-0.637005
-0.624407
-0.612026
-0.594463
-0.510026
-0.515207
-0.483538
-0.524359
-0.416568
-0.418321
-0.323076
-0.097411
-0.128591
-0.142909
0.229306
0.540234
0.097881
0.242689
0.353829
0.242722
0.706828
1.566957
0.112303
0.857859
-0.068662
-0.151052
-0.047109
-0.528141
-0.570195
-0.535132
-0.574213
-0.504215
-0.171582
0.000639
0.202569
0.663321
0.558978
0.451805
0.237388
0.215924
0.658648
0.166329
0.231968
0.123674
-0.065201
0.115911
-0.006216
0.917409
0.096176
-0.116348
-0.316021
-0.072586
0.246402
0.022258
-0.300442
0.457220
-0.172123
0.179346
-0.163999
0.037427
-0.054469
-0.271920
-0.212437
-0.396226
0.072605
0.249510
-0.262771
0.028014
-0.083225
0.425862
0.555943
0.078129
0.182606
0.596885
0.337207
0.089097
-0.083958
-0.305201
-0.218513
-0.194447
-0.373597
-0.372284
-0.329988
0.287351
0.158819
-0.317046
-0.429359
-0.359917
-0.395562
-0.408745
-0.302199
-0.164966
-0.175862
0.099226
0.208042
-0.130003
-0.003006
0.308035
0.069696
0.169479
-0.050270
-0.082307
0.377491
0.093748
0.599730
0.119414
-0.050943
-0.024690
0.761590
0.111912
0.161194
0.320989
-0.029481
-0.233622
0.259605
-0.102242
0.690556
0.010884
-0.371582
0.274073
0.118308
0.050458
0.496086
0.087110
0.072962
-0.083764
0.312657
0.094392
0.166463
-0.340803
0.005031
0.096706
-0.002508
-0.176041
-0.069744
0.471420
-0.235372
-0.065401
-0.289269
-0.370940
-0.043214
-0.315325
-0.301907
-0.511728
-0.435459
-0.490526
-0.436759
-0.489831
-0.402057
-0.439875
-0.128829
-0.354709
-0.236448
-0.602881
-0.324345
-0.449426
-0.457815
-0.065402
0.181570
-0.315428
-0.132375
-0.240695
-0.540950
-0.064199
-0.272504
-0.532651
-0.511794
-0.594580
-0.489105
-0.486602
-0.478310
-0.073474
-0.113268
-0.004209
-0.427315
-0.055407
-0.307112
-0.405258
-0.187632
-0.438952
-0.270999
-0.365631
-0.500574
-0.383899
-0.284050
-0.464082
-0.336228
-0.544273
-0.592342
-0.515446
-0.516525
-0.586859
-0.341227
-0.545354
-0.402943
-0.284457
-0.083721
-0.372260
-0.360535
-0.138149
-0.229992
0.282267
0.028907
-0.125671
-0.444956
-0.363522
-0.389868
-0.309692
-0.388413
-0.584577
-0.416346
-0.159787
-0.273034
-0.122161
-0.493335
-0.440889
-0.335227
-0.360947
-0.194079
-0.152686
-0.493084
-0.397898
-0.364994
-0.339998
-0.505022
-0.417688
-0.543745
-0.500708
-0.418899
-0.577921
-0.589268
-0.546492
-0.525175
-0.419053
-0.667637
-0.601904
-0.600567
-0.582245
-0.560561
-0.565769
-0.648031
-0.596874
-0.037781
-0.673600
-0.533812
-0.536294
-0.534303
-0.470058
-0.479954
-0.367818
-0.488804
-0.363484
-0.471699
-0.032651
-0.499679
-0.345134
-0.503498
-0.283604
-0.396039
-0.332462
-0.042117
-0.316657
-0.374070
-0.311506
-0.400552
-0.396859
-0.379590
-0.408721
-0.550771
-0.424690
-0.454513
-0.580640
-0.504693
-0.538265
-0.383366
-0.262414
-0.129769
-0.388727
-0.417835
-0.030193
-0.402152
-0.397392
-0.556937
-0.594413
-0.444968
-0.557996
-0.160027
-0.341130
0.232157
-0.227954
-0.205309
0.075541
-0.158952
-0.240504
-0.252684
-0.451892
-0.144023
-0.121378
0.030152
-0.144153
-0.255028
-0.241470
-0.422595
-0.335813
-0.176893
-0.405309
-0.274750
-0.433932
-0.142854
-0.476710
-0.255328
-0.490164
-0.558128
-0.236024
-0.448513
-0.521904
-0.439007
-0.482796
-0.522745
-0.511200
-0.582897
-0.388561
-0.479033
-0.381553
-0.475392
-0.513741
-0.449368
-0.376528
-0.372224
-0.429983
-0.554110
-0.590273
-0.596553
-0.596868
-0.486507
-0.200622
-0.431008
-0.267711
-0.153743
-0.521015
-0.618685
-0.503673
-0.519391
-0.550411
-0.620897
-0.356351
-0.350783
-0.329318
-0.255793
-0.304241
-0.429750
-0.266232
-0.325338
-0.270538
-0.468317
-0.206823
-0.252023
-0.320851
-0.382591
-0.052151
-0.186356
-0.364538
-0.124221
-0.309490
-0.516950
-0.312146
-0.416367
-0.556267
-0.508855
-0.559418
-0.455791
-0.538170
-0.417368
-0.469101
-0.546460
-0.361070
-0.532292
-0.620251
-0.421924
-0.545767
-0.546247
-0.513062
-0.379467
-0.524186
-0.355336
-0.443170
-0.519295
-0.562798
-0.624214
-0.348892
-0.500325
-0.604631
-0.448483
-0.557480
-0.502652
-0.281877
-0.533132
-0.553528
-0.360717
-0.512324
-0.506767
-0.621616
-0.500478
-0.395700
-0.246392
-0.249919
-0.405195
-0.340411
-0.196126
-0.244389
-0.182778
0.402849
0.652985
-0.065821
-0.051587
0.018587
-0.201692
0.220460
-0.029167
0.079445
-0.035912
-0.110900
-0.285088
-0.120351
-0.393307
-0.247981
-0.177598
-0.330367
0.892348
0.295125
-0.143509
-0.309572
-0.331745
-0.119019
-0.027104
-0.116688
-0.064912
-0.124834
-0.057608
0.136067
0.904461
0.351730
0.475757
0.083950
0.327947
