-1.180095
-1.180095
-1.180095
-1.180095
-1.180095
-1.180095
-1.180095
-1.180095
-1.180095
-1.180095
-1.180095
-1.180095
-1.180095
-1.180095
0.848606
2.498535
1.783418
1.074799
1.117830
0.290531
0.669245
-0.162091
-0.066235
-0.290115
0.056282
-0.382638
-0.191219
-0.451898
-0.240266
-0.343744
-0.449031
-0.258018
-0.305487
-0.235828
-0.489319
-0.407239
0.015029
-0.290191
0.552270
-0.011343
-0.241345
-0.198436
-0.159093
-0.160126
0.230216
-0.046958
0.549189
0.673207
0.499769
0.615927
0.116950
0.056441
-0.239742
-0.142284
-0.138076
0.023783
0.424936
0.165935
-0.076606
0.129578
-0.103694
0.774034
0.150528
0.501577
0.288641
-0.054735
0.011356
0.180225
-0.153497
-0.057962
0.172087
0.100792
-0.083536
-0.206185
-0.030460
0.095382
0.510873
0.703438
0.320184
0.554259
0.837660
1.050007
2.183698
10.788923
3.755890
2.422189
1.668900
2.894137
6.850343
2.432903
1.219323
5.135646
3.051235
3.207806
2.379957
3.296756
3.768093
6.358493
2.557368
1.046656
0.431375
0.854815
0.441561
1.070476
0.537741
0.363787
0.538379
0.254292
1.487673
0.049070
0.268081
0.042599
0.156134
-0.040110
-0.110679
-0.083608
0.029112
-0.162359
0.284832
-0.376014
-0.440574
-0.313806
-0.505251
-0.168903
-0.385871
-0.252623
-0.354138
-0.155619
-0.413778
-0.438140
-0.209082
-0.312840
-0.507447
-0.511250
-0.440820
-0.335640
-0.542602
-0.501597
-0.410577
-0.477153
-0.506628
-0.389938
-0.383637
-0.324518
-0.368191
-0.225637
-0.255626
-0.266551
-0.299548
-0.253755
-0.294720
0.045726
-0.230720
-0.019662
-0.442011
-0.120048
-0.209834
0.027149
-0.150422
0.082272
0.114814
0.201943
-0.294267
-0.038940
0.050836
0.055627
0.031087
0.188696
0.044216
0.120695
0.101161
2.186147
0.313517
0.075009
0.183543
-0.262077
-0.257589
-0.129512
-0.340473
-0.152326
-0.149107
-0.149525
-0.162812
0.071639
0.118433
0.135034
-0.131876
0.381546
0.475758
-0.147239
0.073687
0.565922
-0.246232
0.344206
0.354992
0.325343
0.371878
0.212886
0.271362
1.148914
0.459543
-0.143739
-0.127614
-0.235924
-0.421599
-0.500611
-0.387957
-0.364030
-0.528433
-0.560558
-0.655275
-0.618847
-0.573972
-0.586488
-0.114958
-0.379473
-0.303868
-0.427776
-0.505895
-0.302289
0.065308
-0.203278
-0.213810
-0.327565
-0.189067
0.056801
-0.487684
-0.587083
-0.405776
-0.490034
-0.361072
0.024327
-0.431133
-0.238185
-0.407579
-0.460538
-0.195037
-0.188247
-0.365859
-0.493976
-0.171404
-0.299801
-0.260710
-0.181104
-0.330238
-0.358879
-0.406112
-0.332358
-0.419056
-0.579976
-0.246906
-0.043760
-0.347206
-0.387471
-0.349752
-0.443392
-0.415044
-0.392415
-0.302455
-0.103767
-0.239936
-0.220823
0.575074
0.251868
0.152478
0.258194
0.481396
-0.019244
-0.000272
0.235037
0.065077
0.245826
0.505128
0.694343
0.933810
0.607983
1.537995
1.074506
0.638477
1.174504
0.382548
3.672895
0.339100
0.328292
0.503473
0.130031
0.022435
0.446362
-0.191916
0.156584
0.108130
-0.063136
-0.111357
0.011736
-0.283762
-0.300875
-0.330386
-0.396360
-0.455551
-0.472559
-0.350094
-0.492018
-0.400658
-0.441847
-0.517148
-0.503996
-0.206403
-0.426347
-0.403927
-0.023815
-0.330987
-0.399283
-0.462859
-0.478377
-0.290915
-0.177382
-0.352611
-0.404338
-0.386503
-0.374689
-0.327027
-0.124345
-0.114958
-0.125367
-0.283658
-0.317821
-0.368327
-0.170301
-0.276325
-0.329741
-0.272940
-0.369175
-0.208008
-0.090023
-0.347635
0.026181
-0.104576
-0.300892
-0.312596
-0.343855
-0.199259
-0.347459
-0.055151
0.832597
-0.220571
-0.127919
-0.178564
-0.036933
0.135411
-0.136035
-0.216310
-0.351409
-0.304740
-0.125348
-0.441539
-0.315084
0.322292
-0.489637
-0.468430
0.278957
-0.386439
-0.450209
-0.450042
-0.295431
-0.368254
-0.302223
-0.300198
-0.265800
-0.113432
-0.130270
-0.255333
-0.050504
-0.148105
-0.031097
-0.259936
-0.219005
-0.292679
-0.080334
-0.358714
0.163432
-0.353038
0.182645
-0.378198
-0.410452
-0.469192
-0.481178
-0.489550
-0.308745
-0.499314
-0.427731
-0.033070
-0.129775
-0.307244
-0.447387
-0.305979
-0.303442
-0.076757
-0.323407
-0.268126
-0.364826
-0.531974
-0.477270
-0.371818
-0.057100
0.021305
-0.104250
-0.549373
0.011292
-0.214547
-0.196797
-0.348663
-0.378894
-0.204787
-0.339985
-0.010692
-0.193730
-0.487290
0.060478
-0.260488
-0.507980
-0.466794
-0.288217
-0.576313
-0.572132
-0.215978
-0.713338
-0.606387
-0.562610
-0.244207
-0.440514
-0.587263
-0.349215
-0.371358
-0.306425
-0.487830
-0.453947
-0.582570
-0.646137
-0.472773
-0.338619
-0.502889
-0.485866
-0.295877
-0.350294
-0.245281
-0.523631
-0.437792
-0.229363
-0.399032
-0.078526
-0.204993
0.105054
0.182221
0.583486
0.171509
-0.006518
0.531570
0.826065
0.709800
0.856891
0.697970
0.498090
0.505010
1.115190
0.206090
0.272048
0.888371
0.095644
0.569867
0.216294
-0.190584
-0.102027
-0.013914
-0.164125
-0.002875
-0.063412
-0.213313
-0.331492
-0.383864
-0.453673
-0.209490
-0.480900
-0.412839
-0.562345
-0.425939
-0.492022
-0.406644
-0.472617
-0.428003
-0.388183
-0.454493
-0.458062
-0.259933
-0.274706
-0.302284
-0.315943
-0.332886
0.327988
-0.139430
-0.243204
-0.051833
-0.094418
0.102896
0.075164
0.422683
0.082132
0.464844
0.124957
-0.009911
0.173637
-0.241547
0.200232
-0.275016
-0.366045
-0.232802
-0.073474
-0.282821
-0.174391
0.269533
-0.057588
-0.206482
-0.175831
-0.292009
0.405458
-0.402731
-0.411602
-0.129113
0.611132
-0.198920
-0.407431
-0.319097
-0.301468
-0.358562
-0.289391
0.007040
-0.437968
-0.349154
-0.459856
-0.393089
-0.466104
-0.542978
-0.534369
-0.543601
-0.202436
-0.288500
-0.345813
-0.460214
-0.466822
-0.514769
-0.284625
-0.468912
-0.460188
-0.406037
-0.060001
-0.423746
0.023137
-0.340233
-0.398897
-0.291273
-0.049737
-0.440688
-0.378939
-0.460609
-0.401159
-0.144975
-0.144058
-0.339708
-0.459780
-0.237008
-0.416819
-0.398708
-0.257224
-0.461651
-0.547325
-0.610815
-0.486165
-0.558090
-0.398614
-0.555341
-0.446949
-0.355314
-0.577739
-0.508174
-0.372564
-0.504552
-0.409979
-0.468676
-0.506299
-0.422189
0.578280
-0.459091
-0.256809
-0.518943
-0.349706
-0.511786
-0.531690
-0.551096
-0.553513
-0.498253
-0.572305
-0.447450
-0.363038
-0.537522
-0.641562
-0.362363
-0.197249
-0.521024
-0.551131
-0.399720
-0.483745
-0.620759
-0.534827
-0.533602
-0.614563
-0.501828
-0.479534
-0.590832
-0.447066
-0.151146
-0.467572
-0.425312
-0.297447
-0.425433
-0.240909
-0.427412
-0.178310
-0.200691
-0.371127
-0.208752
-0.182728
-0.300959
-0.171600
0.585426
0.241757
0.009661
0.622450
0.187538
0.222548
0.486969
0.497414
0.354850
0.435023
0.519145
0.549099
1.231049
2.005287
0.322675
0.496237
0.250522
-0.105424
0.599205
0.032980
0.403814
0.007410
0.608984
0.284289
-0.036298
-0.059475
0.024798
-0.017209
0.117277
-0.044795
-0.239966
-0.389192
1.634669
-0.286296
0.288683
-0.151994
-0.198674
-0.141911
-0.336032
-0.080390
-0.116363
0.040769
-0.073398
0.117605
0.083785
0.162329
0.024322
0.637787
0.200535
0.566434
0.340863
0.459004
0.389552
0.397116
0.404392
0.472323
0.519879
0.600217
0.547119
0.701916
0.862158
1.351235
0.748566
0.368660
0.861729
0.164149
-0.258917
0.087824
0.186520
0.647841
0.062537
-0.104938
0.129105
0.458981
-0.070967
-0.150814
-0.290135
-0.282097
-0.075322
-0.073869
-0.026902
-0.046792
-0.221542
-0.126949
0.061771
0.315970
-0.065086
-0.028875
-0.197498
-0.202989
-0.273097
-0.270190
0.047637
-0.306239
-0.020913
-0.098245
-0.207028
-0.122495
-0.115171
-0.415906
-0.079085
-0.264717
-0.270380
0.013271
-0.347888
0.111648
0.335096
0.057996
-0.070386
-0.096453
0.027084
-0.280791
0.031953
-0.054960
-0.335663
-0.249165
-0.130110
0.079645
-0.142364
-0.111007
-0.082607
-0.097705
-0.282346
-0.158647
0.855109
0.290286
0.146105
-0.146766
-0.151930
0.074642
-0.312598
-0.385598
-0.352475
0.071492
-0.341520
-0.237593
-0.460081
-0.299597
-0.476971
-0.463205
-0.458184
-0.415629
-0.308461
-0.318473
-0.574659
-0.526533
-0.557276
-0.619184
-0.532935
-0.409282
-0.439035
-0.078537
-0.156842
-0.430846
-0.267085
-0.138919
-0.486333
-0.080799
-0.182046
-0.220518
0.458714
-0.096035
-0.179342
-0.113915
-0.322155
-0.604996
-0.017997
-0.486913
-0.547055
0.021165
0.063442
0.374282
0.218756
0.492314
0.795217
0.445945
0.653778
1.873296
0.032191
1.357807
0.213699
-0.128823
0.223441
-0.236670
-0.204158
-0.207339
-0.193472
-0.249492
0.281585
0.477511
0.238787
0.886771
0.360371
0.275032
0.274447
0.717441
0.808049
0.706002
1.050903
0.661921
0.147587
1.279283
1.291619
0.036173
1.415892
0.462892
0.036442
0.120734
0.374491
1.334773
0.445388
-0.022662
-0.244618
0.073585
0.031431
-0.264818
-0.371773
-0.330641
-0.508100
-0.492914
-0.402317
-0.147367
-0.283038
-0.000661
-0.323154
-0.308131
-0.148404
-0.197515
-0.222466
0.080279
-0.094690
0.051283
0.038744
0.214853
-0.180315
0.510957
0.319899
0.082504
0.291080
0.112766
-0.025416
0.368058
0.169740
0.403968
0.321545
1.101473
1.089881
-0.029072
0.028131
0.183354
0.034474
-0.103731
-0.183575
0.365450
-0.219996
0.040467
0.707207
0.354414
2.379344
0.150630
-0.235552
0.051422
0.397521
0.138374
-0.411001
0.229069
-0.061755
-0.319891
-0.194927
-0.233457
-0.248426
-0.274862
-0.025763
-0.334013
-0.436342
-0.206945
-0.312751
-0.304517
-0.455342
-0.502285
-0.418069
-0.229262
-0.418773
-0.401851
-0.407695
-0.433507
-0.565698
-0.366611
-0.461657
-0.592978
-0.568945
-0.366029
-0.194602
-0.072902
-0.351073
-0.395837
-0.230299
-0.452184
-0.305539
-0.111158
-0.020652
-0.307536
-0.365868
-0.258887
-0.518706
-0.435776
-0.313377
-0.602085
-0.492574
-0.577912
-0.558471
-0.530323
-0.556433
-0.483544
-0.503818
-0.393153
-0.401293
-0.461997
-0.400349
-0.506638
-0.449231
-0.609502
-0.471327
-0.476273
-0.388330
-0.373500
-0.340229
-0.403517
-0.489970
-0.028832
-0.412199
0.195687
-0.333028
-0.432460
0.570951
-0.565043
-0.596541
-0.186035
-0.488588
-0.535721
-0.323960
-0.261189
-0.310682
-0.418997
0.023134
-0.354029
0.141880
-0.041753
-0.432647
-0.198006
-0.311635
0.454052
-0.158541
-0.392928
-0.271290
0.057104
0.205928
-0.243251
-0.112343
-0.384732
0.922548
-0.215096
-0.077988
-0.149091
-0.140894
-0.200705
0.493396
-0.252720
0.040080
-0.295967
-0.394041
-0.090013
-0.158309
-0.216249
0.073795
0.285512
0.854938
-0.008113
0.068984
0.449615
0.511004
0.191164
0.824675
0.945399
0.574223
2.246698
1.113253
2.236826
1.032530
0.545769
0.728479
0.215693
-0.044235
-0.014811
-0.016254
-0.092987
0.341683
1.168010
-0.159924
0.287978
-0.091071
-0.333195
0.004056
-0.165432
-0.402433
-0.224116
-0.378100
-0.434619
-0.164227
0.190193
-0.275231
-0.021188
0.020535
0.227615
0.057966
0.175584
0.105762
-0.021806
0.427114
0.448038
0.546042
-0.130079
-0.057880
0.163092
-0.034507
0.163193
-0.002234
-0.190203
0.392710
0.146710
-0.129705
-0.195242
0.640999
-0.125212
0.165387
0.245442
-0.224028
0.261780
0.314393
0.055706
0.620239
-0.096585
0.049840
0.196937
-0.350038
0.050476
-0.037352
-0.036190
0.386679
-0.247664
-0.144604
-0.384920
0.119911
-0.159104
-0.225319
0.118914
-0.078179
1.056290
0.089457
0.178175
0.063129
6.037456
-0.114946
1.004140
1.992175
2.347787
1.291651
0.893743
3.136964
1.503621
1.452208
0.443220
1.826060
5.152778
0.200887
1.319498
2.604093
1.930159
1.296745
2.592164
0.793054
0.234500
0.240709
0.447435
0.031486
-0.158844
-0.287189
-0.296642
-0.443135
-0.433404
-0.572220
-0.579183
-0.357627
-0.302387
-0.483935
-0.250396
-0.295165
-0.542896
-0.240740
-0.235102
-0.474145
-0.558244
-0.391995
-0.219178
-0.444119
-0.484219
-0.277385
-0.082887
0.534839
0.247031
0.102549
-0.246504
-0.144278
0.268673
-0.132002
-0.049538
-0.304329
-0.257122
-0.360915
-0.365520
-0.375941
-0.013981
-0.304921
-0.161066
-0.427784
-0.290095
-0.311115
-0.485924
-0.397316
-0.362899
-0.363836
-0.368582
-0.482733
-0.301538
-0.359470
-0.390903
-0.366350
-0.240455
-0.186860
-0.152820
-0.052040
1.899395
0.135552
-0.172467
0.813700
0.563694
0.992676
1.911863
1.702027
0.977102
1.286493
1.260357
1.383183
0.601530
1.106711
3.366013
2.349481
1.235739
1.590162
2.207913
2.954253
2.732940
4.010131
3.665962
0.766235
0.714536
0.621370
1.527894
0.430792
4.215069
0.413659
0.812615
0.300143
-0.052554
4.140032
-0.112240
0.200333
-0.279007
0.217703
-0.283546
0.015441
0.197258
-0.299424
-0.221447
-0.079981
-0.079162
-0.403383
-0.094011
-0.386671
-0.369541
-0.338874
-0.250458
-0.329982
-0.463014
-0.415955
-0.424389
-0.466599
-0.419897
-0.453130
-0.394600
-0.468090
-0.448316
-0.426096
-0.545032
-0.632735
-0.378523
-0.587168
-0.431711
-0.405175
-0.233787
-0.439317
-0.351828
-0.264160
-0.162633
-0.254256
-0.085689
-0.222939
-0.231218
-0.243110
-0.312857
-0.049942
-0.116230
-0.177503
-0.284739
-0.040719
-0.136759
-0.241603
-0.128067
-0.189142
0.293598
0.208453
0.056599
1.107541
-0.023448
0.112954
0.125334
0.160475
0.645328
-0.068122
0.443452
0.105592
0.161175
0.035709
0.039163
-0.233910
-0.082377
-0.220190
0.042505
0.046219
-0.074851
0.003483
-0.037187
0.045268
0.818085
-0.077969
0.022144
0.534570
0.030139
-0.084572
1.440438
0.096978
0.543319
0.296538
3.276023
-0.218128
-0.013561
-0.034930
-0.063655
-0.137516
-0.170580
-0.550224
-0.378537
0.012973
-0.664440
-0.368794
-0.524711
0.202488
-0.241856
0.072684
-0.346278
-0.593072
-0.630574
-0.643521
-0.443319
-0.538047
-0.397043
-0.279728
-0.516363
-0.190446
-0.438398
-0.236285
-0.246121
-0.383865
-0.380293
-0.327758
-0.413030
-0.381802
-0.568111
-0.507545
-0.657706
-0.466223
-0.413666
-0.325651
-0.274458
0.184175
-0.145255
-0.470356
-0.490032
-0.059027
-0.161004
-0.366596
-0.285040
-0.277367
-0.366830
-0.463294
-0.226011
-0.313191
-0.269317
-0.438419
-0.507932
-0.369368
-0.262580
-0.465585
-0.336653
-0.051928
-0.229798
-0.144354
0.039063
0.061579
0.229557
0.270724
0.535206
0.636070
0.701050
0.881705
0.574139
0.952614
0.316842
0.635228
1.021038
1.367853
0.284165
0.713109
3.064075
0.702853
0.815166
0.390967
1.921123
0.744154
0.239424
0.853062
0.520701
-0.060182
-0.079691
0.162871
-0.162847
-0.176406
-0.244613
-0.000200
-0.116802
0.743109
0.194139
-0.294570
-0.333898
-0.173312
-0.458831
-0.452322
-0.408909
-0.430038
-0.518639
-0.421564
-0.552916
-0.386561
-0.449289
-0.251666
-0.029349
-0.162562
-0.369457
-0.520414
-0.386984
-0.272639
-0.433790
-0.391939
-0.352994
-0.456407
-0.443440
-0.266277
-0.316209
-0.236740
-0.301364
-0.309440
-0.336521
-0.143656
-0.367458
-0.275512
-0.364118
-0.301988
-0.251581
-0.310133
-0.228508
-0.189058
-0.208212
-0.247316
-0.194552
-0.167749
-0.258268
-0.178172
-0.018537
-0.111502
0.798710
0.201586
-0.003043
-0.256890
0.124579
0.171156
-0.150117
-0.118271
-0.264527
0.003805
-0.035021
-0.242195
-0.335007
-0.340137
-0.467363
-0.369772
-0.475711
-0.176274
-0.414951
-0.337125
-0.372374
-0.070020
-0.289874
-0.488643
-0.177385
-0.464186
-0.375700
0.030576
0.150393
0.066506
0.185294
-0.124015
-0.219663
-0.063610
-0.026192
-0.270820
-0.090790
-0.201466
-0.358684
-0.274569
0.109153
-0.465108
-0.375178
-0.038551
-0.082619
-0.508482
-0.243019
-0.187950
-0.270493
-0.294959
-0.422943
-0.374838
-0.385163
-0.054175
-0.049999
0.024107
-0.193113
0.135033
-0.082941
-0.444725
-0.093771
-0.425764
-0.342639
-0.341147
-0.227170
0.004815
-0.301113
-0.220428
-0.021923
-0.479116
-0.251613
-0.184214
-0.279597
0.070422
-0.509080
-0.219175
-0.323028
-0.532808
-0.297217
-0.635258
-0.346846
-0.608624
-0.547517
0.077420
-0.632096
-0.499465
-0.458643
-0.441744
-0.470938
-0.273321
-0.188185
-0.491420
-0.534028
-0.335001
-0.248217
-0.371969
-0.381331
-0.068989
-0.284857
0.050274
-0.077242
0.183465
-0.074091
-0.174295
-0.074066
-0.147241
-0.168521
0.341634
-0.091011
-0.141465
0.517955
0.541365
-0.180038
0.413302
0.662570
0.961583
0.626161
0.894086
0.607660
0.440030
0.542504
0.191161
0.623600
0.196733
-0.121475
-0.159698
0.003944
0.163847
-0.129743
-0.150922
-0.048833
0.306282
-0.092548
-0.310485
-0.453750
-0.393443
-0.235421
-0.243769
-0.069991
-0.385331
-0.534502
-0.567071
-0.335114
-0.433522
-0.163208
-0.534653
-0.075418
-0.524238
-0.485529
-0.426442
-0.333124
-0.390545
-0.328988
-0.264229
0.521420
-0.122453
0.159063
0.050826
0.064945
-0.147739
-0.234186
0.092561
0.046723
0.116620
0.186394
0.152155
-0.149331
-0.038255
-0.232295
-0.275379
-0.092744
-0.223757
-0.398617
-0.298703
0.043209
0.017497
0.566794
-0.134970
-0.229345
-0.068799
0.009975
-0.207368
-0.317355
-0.173774
0.000540
-0.382400
-0.465564
-0.124520
-0.103525
-0.117644
-0.261118
-0.260675
-0.323838
-0.520992
-0.398846
-0.190609
-0.392889
0.099815
-0.454288
-0.261481
-0.309960
-0.320509
-0.525449
-0.369068
0.059529
-0.210879
-0.551481
-0.407249
-0.644277
-0.383596
-0.328396
-0.405200
-0.386371
-0.271360
-0.415241
-0.239460
-0.301131
0.448894
-0.586407
-0.578683
-0.511018
-0.312343
-0.346241
-0.263385
-0.411425
-0.470030
-0.190584
-0.415547
-0.384743
-0.322768
-0.354839
-0.501253
-0.357836
-0.277112
-0.372599
-0.377804
-0.392554
-0.252059
0.328776
0.675295
0.123094
0.158268
0.139461
0.296100
-0.013200
-0.102671
0.110472
-0.302776
-0.076994
-0.227610
-0.313671
-0.114545
-0.342449
-0.176840
-0.276285
-0.338815
-0.250508
-0.457741
-0.279115
-0.409139
0.573226
-0.024366
0.277516
-0.546584
-0.424648
-0.453589
-0.491609
-0.437838
-0.003335
-0.539685
-0.480283
-0.528354
-0.253253
-0.527279
-0.376483
-0.520878
-0.137086
-0.458054
-0.597130
-0.360166
-0.234470
-0.051376
-0.365019
-0.054465
-0.112177
-0.384003
-0.413509
-0.451375
-0.389289
-0.296987
0.471450
-0.109970
0.533442
0.365911
0.565867
0.268548
0.243710
0.423497
0.288408
0.619285
0.376157
1.485299
0.772246
0.116690
1.363622
1.539264
0.366385
0.458328
0.536170
0.038237
0.080436
0.154233
0.983104
0.825255
0.372706
0.280125
0.167906
-0.001600
0.167200
0.006645
-0.027937
-0.261414
1.712661
-0.308286
0.198743
-0.363418
-0.403100
0.103406
-0.311266
-0.218934
-0.167140
0.006164
-0.164880
-0.051501
-0.105436
0.016297
0.258202
0.546012
0.392030
0.034240
0.095268
0.237369
0.235338
0.456782
0.371520
0.059152
0.096778
0.323477
0.120402
0.562828
1.300668
0.078047
-0.034474
0.125224
-0.049351
0.167622
-0.056432
-0.105435
-0.118482
-0.141316
0.066881
0.691442
0.321790
2.309797
-0.220881
-0.166762
-0.054833
-0.163017
-0.253414
-0.033349
0.027209
-0.341176
-0.018146
-0.119159
0.184846
0.071058
0.323730
-0.177452
-0.271011
-0.311121
-0.063374
-0.175314
-0.229831
-0.095347
0.269610
-0.130954
-0.302594
-0.312767
-0.235624
0.013793
-0.082795
-0.400396
0.033101
-0.285378
-0.163263
-0.194661
-0.262113
-0.365813
-0.336842
-0.121513
0.224232
-0.393592
-0.287620
-0.559063
-0.204873
-0.313075
-0.252925
-0.453959
-0.066459
0.397269
-0.318088
-0.231460
-0.121433
-0.222494
-0.077375
-0.085585
-0.147434
-0.273936
-0.417980
-0.227056
-0.374283
-0.278502
-0.410242
-0.298018
-0.533710
-0.593828
-0.531274
-0.609107
-0.536293
-0.541787
-0.435086
-0.584802
-0.594937
-0.595111
-0.482058
-0.467883
-0.353930
0.419738
-0.559391
-0.528321
-0.276680
-0.255812
-0.372072
-0.455156
-0.070799
-0.319199
-0.328402
-0.378510
-0.444780
-0.381976
-0.244274
-0.240040
-0.308204
-0.325492
-0.184693
-0.049133
0.706636
0.255972
0.536264
1.022990
1.442311
1.930284
1.744408
0.808392
1.691770
1.055352
0.004953
0.202518
0.285157
-0.132022
0.303669
-0.142123
-0.174027
-0.325262
0.003903
-0.115905
0.335169
0.587054
0.215601
0.170151
0.027894
0.485383
0.478382
0.211736
0.872084
0.898730
0.836297
3.802704
0.504851
0.127284
0.326109
1.228171
-0.018498
-0.013630
0.106328
-0.105799
-0.171443
-0.023233
0.288758
0.163833
0.293117
-0.244014
-0.065125
-0.118853
-0.174491
-0.109663
-0.295025
-0.562707
-0.520651
-0.485967
-0.211807
-0.051783
-0.422407
-0.448116
-0.264903
-0.144348
-0.201220
-0.246479
-0.193001
0.547739
-0.349805
-0.052175
-0.038713
0.059457
0.190493
0.216502
-0.034352
0.392309
0.179602
0.019125
0.019811
0.049826
-0.137586
0.291465
0.296818
0.895711
1.372528
0.001139
0.013108
-0.159634
-0.181660
0.219577
0.584711
0.214543
-0.078775
0.533817
0.280234
0.376067
0.220432
-0.031077
-0.030308
-0.041347
-0.109754
-0.328982
-0.197758
0.201614
-0.343375
-0.500400
-0.136365
0.005678
-0.345507
-0.237904
-0.240924
-0.380348
-0.391860
-0.286484
-0.434614
-0.353996
-0.246806
-0.472002
-0.561084
-0.352914
-0.356261
-0.324741
-0.239790
-0.104240
0.215430
-0.318823
-0.459731
-0.489012
-0.481946
-0.502926
-0.444803
-0.468508
-0.393948
-0.386110
-0.475561
0.364035
-0.154963
-0.459813
-0.553114
-0.450549
-0.348041
-0.469930
-0.537975
-0.342036
-0.559525
-0.541088
-0.425193
-0.525584
-0.372955
-0.317194
-0.211192
-0.467281
-0.629284
-0.389800
-0.475618
-0.412785
-0.600482
-0.488174
-0.548253
-0.551111
-0.509846
-0.468127
-0.557002
-0.393411
-0.577650
-0.439303
-0.493630
-0.251111
-0.438938
-0.512182
-0.441990
-0.410763
-0.485091
-0.650502
-0.341041
-0.487468
-0.389179
-0.354990
-0.355652
-0.087285
-0.623220
-0.480000
-0.471922
-0.364013
0.199223
-0.336575
-0.247505
-0.391577
-0.206975
-0.100630
0.150745
-0.103339
-0.257024
-0.387351
-0.270962
-0.268889
-0.098444
-0.288945
-0.493575
-0.168703
-0.371104
-0.035573
-0.056058
-0.334754
-0.167441
0.012193
0.086311
-0.299540
-0.164410
-0.029303
-0.254402
-0.025947
-0.232969
0.559777
0.046512
-0.076045
0.329359
0.389859
0.342703
0.455159
0.475402
0.404687
0.748173
1.166350
1.755760
1.093542
0.503324
0.909941
0.615971
0.084241
0.038500
-0.095412
0.182412
-0.107709
-0.192940
-0.104854
-0.155099
0.168508
-0.290725
-0.206970
-0.233428
-0.320891
-0.401545
-0.519170
-0.516850
-0.340280
-0.479244
-0.420363
-0.437834
-0.430738
-0.422279
-0.303443
-0.534469
-0.490693
-0.479546
-0.398348
-0.354035
-0.385291
-0.314130
-0.335782
-0.065419
-0.429651
-0.476376
-0.366216
-0.379916
-0.331673
-0.195595
-0.208280
0.146624
-0.283225
-0.174206
-0.081639
-0.067251
-0.203336
-0.196295
-0.090056
0.793144
0.106048
-0.177998
0.448371
-0.071937
0.475738
-0.393389
-0.157138
-0.178059
0.194566
0.026500
-0.155365
-0.068614
-0.410044
-0.339115
-0.270240
-0.172844
-0.140367
-0.419112
0.235949
1.140294
-0.276738
0.267117
0.378838
0.301631
0.631654
0.777423
0.102977
0.087588
2.622036
-0.065696
0.821376
0.093982
0.058204
0.598520
0.387424
0.262755
0.118322
0.538951
0.931789
0.264078
1.049535
1.394219
0.319176
-0.098735
0.277356
0.720319
-0.601121
-0.494263
-0.473639
-0.428339
-0.482590
-0.066597
-0.389380
-0.460272
-0.214015
-0.373548
0.121768
0.754886
-0.037950
-0.269430
-0.306523
-0.058054
-0.366512
-0.300937
-0.482945
-0.462434
-0.306930
-0.397540
-0.452886
-0.263839
0.044299
-0.043917
-0.263310
0.230706
-0.192901
-0.226016
-0.347611
-0.305942
-0.160484
-0.298173
0.366683
-0.003100
-0.178572
-0.182080
-0.068960
-0.300820
-0.450131
-0.386678
-0.366963
-0.498019
-0.394399
-0.433443
-0.118748
-0.192387
-0.534071
-0.555581
-0.261339
-0.231010
-0.065291
-0.332612
-0.119208
0.204341
-0.301276
0.116423
-0.084767
-0.196710
0.103735
0.086966
1.452075
0.750952
0.630890
1.268991
1.439307
1.255538
1.013411
3.653277
0.759593
1.857535
1.229622
1.998862
2.351332
1.145302
1.190924
4.172748
3.464617
0.738689
0.710093
0.448159
0.732431
2.121463
0.483697
0.499317
0.259465
1.231986
0.134019
0.367296
-0.092745
-0.133960
0.253221
-0.060660
-0.215255
0.485515
-0.091956
-0.092044
0.108697
-0.127048
-0.357843
-0.312378
-0.267042
-0.381875
-0.272542
-0.367631
-0.356432
-0.352203
-0.280756
-0.523625
-0.481007
-0.313555
-0.391103
-0.304830
-0.425261
-0.254393
-0.558205
-0.315179
-0.423205
-0.442301
-0.401866
-0.518123
-0.513754
-0.471314
-0.367221
-0.141889
-0.309837
-0.188783
-0.254476
-0.323614
-0.149604
-0.042458
-0.298898
-0.298743
-0.185518
-0.390276
-0.148053
-0.196176
-0.154205
-0.151432
0.885803
0.167951
-0.211702
-0.141430
0.033153
-0.001464
0.260276
0.146290
0.171661
0.164191
0.395445
0.328577
0.006527
0.003483
0.033322
0.494538
-0.155547
0.373869
0.276571
-0.012930
0.334807
0.085721
-0.259136
-0.029774
0.161494
0.028596
0.610948
0.321827
-0.018619
0.671541
0.349191
0.255191
0.279013
0.024239
0.169500
0.257736
0.534390
0.509656
-0.035879
0.068904
0.136221
0.238282
0.361891
-0.164687
-0.283383
-0.318270
-0.308984
-0.441662
-0.476627
-0.657408
-0.526560
-0.661067
-0.455038
-0.443751
-0.541106
-0.649675
-0.464537
-0.524332
-0.213437
-0.555475
-0.379331
-0.477114
-0.073297
-0.523213
-0.573873
-0.399613
-0.470032
-0.238909
-0.454062
-0.575453
-0.598527
-0.364779
-0.506062
-0.451566
-0.674751
-0.648580
-0.514918
-0.578033
-0.516033
-0.521038
-0.313861
-0.477083
-0.419132
-0.494205
-0.130184
-0.467728
0.110017
-0.145064
-0.538611
-0.550267
-0.591955
-0.488217
-0.600040
-0.418999
-0.560979
-0.357083
-0.200745
-0.463632
-0.385200
-0.193126
-0.170066
-0.077943
0.187266
-0.264180
0.121456
0.238837
0.351704
0.215896
0.702990
0.211687
0.136480
0.135869
0.201795
0.572671
0.891837
0.859507
0.164145
0.722707
0.774429
0.555381
0.510024
0.291658
0.430317
0.491703
0.363719
0.272036
0.400860
0.002922
0.191839
0.128404
-0.259833
-0.104900
-0.271715
-0.256741
-0.171381
-0.326658
0.001126
-0.199852
-0.370817
-0.410174
-0.317716
-0.338275
-0.410550
-0.462677
-0.518245
-0.457726
-0.483108
-0.439893
-0.446525
-0.413633
-0.479264
-0.023630
-0.389283
-0.211252
-0.356001
-0.429445
-0.128337
-0.443680
-0.327826
-0.408360
-0.309312
-0.350526
-0.314178
-0.250662
-0.170314
-0.230041
-0.302586
-0.371527
-0.299267
-0.156703
-0.256806
-0.365302
-0.452287
-0.100164
-0.409640
-0.220774
0.018272
-0.141972
-0.035426
-0.192387
-0.345188
-0.182636
-0.240310
0.129137
0.102356
-0.124602
-0.200759
0.185005
-0.219717
-0.050771
-0.067592
-0.245536
1.100042
-0.456408
-0.333494
0.027423
-0.236625
0.233451
-0.040788
0.022191
-0.389905
-0.296752
-0.296247
-0.171751
-0.145470
-0.338496
-0.126961
-0.061446
-0.208406
-0.158148
0.078790
-0.342615
-0.005359
-0.225324
-0.019636
-0.071489
-0.224196
-0.129598
0.172717
-0.231907
-0.259309
-0.181273
0.071443
-0.206759
-0.132090
-0.512043
0.292846
-0.526925
-0.533757
-0.013906
-0.295969
-0.491898
-0.266280
-0.190749
-0.475594
-0.100328
0.013748
0.382299
-0.169252
-0.314808
-0.219939
-0.395626
-0.183436
-0.204832
-0.120021
-0.486872
-0.425716
-0.416497
-0.022845
-0.529125
-0.573001
-0.252546
-0.493932
-0.533209
-0.406997
-0.340742
-0.355888
-0.357491
-0.370542
-0.353163
-0.407854
-0.325036
-0.514455
-0.518242
-0.439643
-0.619359
-0.336979
-0.324530
-0.270875
-0.319744
-0.547315
-0.285506
-0.377465
-0.432583
-0.235803
-0.084137
-0.320470
-0.275470
-0.493704
-0.479238
-0.162568
0.012507
0.067844
-0.005923
-0.177812
-0.285167
-0.033668
-0.413718
-0.286678
-0.247404
-0.312192
-0.126794
-0.296655
0.224814
-0.016943
0.557419
0.865082
0.159100
0.292601
0.315852
0.407159
0.146416
0.383297
0.356375
2.214229
0.542245
-0.150401
0.232344
0.428580
-0.096609
0.101100
-0.121538
0.055696
-0.338666
-0.213389
-0.207587
-0.100979
0.257547
-0.213974
-0.251228
-0.147492
-0.148003
-0.204114
-0.369512
-0.411502
-0.420092
-0.534291
-0.455110
-0.560288
-0.530703
-0.516174
-0.433526
-0.475312
-0.475183
-0.325628
-0.413117
-0.362129
-0.402017
-0.175289
-0.195183
-0.110444
-0.086719
-0.028919
-0.229075
-0.187865
-0.099256
-0.132748
0.050885
-0.133823
-0.103420
-0.278089
0.080193
-0.265017
0.090688
-0.163820
-0.386633
-0.368103
-0.206944
-0.327350
-0.067463
0.055510
-0.307638
-0.324243
-0.098986
-0.261991
-0.285185
-0.017919
-0.099908
-0.448570
0.233966
-0.362402
-0.455248
-0.349900
-0.197195
-0.175704
-0.159495
-0.152061
-0.334122
-0.326572
-0.345557
-0.352537
-0.435881
-0.462412
-0.412550
-0.610132
-0.486494
-0.171295
-0.294598
-0.265838
-0.358979
-0.465525
-0.092228
-0.580851
-0.389398
-0.466336
-0.436953
0.068460
-0.428112
-0.521528
-0.234147
-0.442509
-0.353855
-0.231326
-0.469125
-0.435624
-0.207778
-0.345794
-0.002624
-0.436583
-0.023031
-0.410901
-0.466791
-0.498143
-0.395927
-0.665225
-0.338049
-0.549805
-0.244224
-0.319002
-0.478371
-0.355523
-0.614352
-0.648320
-0.585736
-0.530886
-0.470510
-0.466053
-0.491797
0.120487
-0.340518
-0.380597
-0.345675
-0.106490
-0.293244
-0.324678
-0.272212
-0.348440
0.044151
-0.474104
-0.579905
-0.558223
-0.310875
-0.276546
-0.482614
-0.498125
-0.490506
-0.526474
-0.533834
-0.111256
-0.544940
-0.272923
-0.450958
-0.222101
-0.531979
-0.447650
-0.512318
-0.349194
-0.508544
-0.340257
-0.520995
-0.353178
-0.227759
-0.040416
-0.240993
-0.264312
-0.377059
-0.285725
-0.478901
-0.326149
-0.215821
-0.362841
-0.459339
-0.258457
-0.393901
-0.145674
-0.088496
-0.068246
0.248122
2.252200
0.633429
1.090533
0.200222
0.338280
2.614315
0.517713
0.627072
1.328783
1.776687
0.553049
0.317961
0.134348
0.199262
-0.004480
0.217513
0.605834
0.380857
-0.074553
0.803393
0.436592
0.068625
-0.230180
-0.088723
0.294520
0.041014
-0.278485
-0.159349
-0.381233
-0.382379
0.128542
-0.477593
-0.353177
-0.215046
-0.179152
-0.009847
0.115938
0.367269
-0.259513
0.296763
0.043797
-0.147208
0.109196
0.299417
0.579554
0.129926
0.027738
0.456204
0.171440
0.142707
0.380693
0.361429
0.057561
0.334617
0.037474
0.047628
0.587687
1.263241
1.443320
0.471019
0.268617
0.028217
-0.085282
0.126399
0.426067
-0.151810
-0.131961
-0.046051
0.093859
-0.193065
-0.334708
-0.070200
-0.315251
-0.183705
-0.021057
-0.390952
0.653589
-0.134757
-0.407923
-0.151703
0.057209
0.039801
-0.120484
-0.182574
-0.075833
-0.292675
-0.351883
-0.062180
-0.303481
-0.111635
-0.126137
0.082949
-0.200731
-0.246425
-0.137942
-0.117006
0.060833
0.171028
0.759050
-0.282309
-0.289408
-0.156998
-0.125061
-0.336758
0.046881
-0.316998
0.307589
-0.089223
-0.108048
-0.093617
-0.221736
0.001169
-0.290465
-0.240664
-0.173955
-0.069263
-0.249569
-0.313525
0.501409
0.206128
-0.330004
-0.411710
-0.115521
-0.260604
-0.166328
-0.292729
-0.003701
-0.058686
0.216678
-0.304442
-0.102914
-0.172455
-0.149838
-0.255288
-0.359737
-0.342409
0.264203
-0.608474
-0.568645
-0.444732
-0.335272
-0.421364
-0.456960
-0.335659
-0.375043
-0.314535
-0.031234
-0.505281
-0.293499
-0.348386
-0.388861
-0.329617
-0.461271
-0.392487
-0.315574
-0.318094
-0.337749
-0.128340
0.047986
-0.131214
-0.352443
-0.135949
-0.374612
-0.118499
-0.010660
-0.240200
-0.105604
-0.080475
0.576884
0.037470
0.355210
0.357452
0.083543
0.798756
0.357555
0.358107
0.322334
0.414095
-0.035469
0.198492
0.095695
-0.209031
-0.028315
1.085064
0.808093
0.510427
0.133046
0.456633
0.226606
0.630161
0.796445
0.830140
0.518692
0.602663
1.046638
0.209772
0.352219
0.983592
-0.012942
1.445514
-0.057901
0.868867
-0.210881
0.381042
0.742818
1.501100
0.267817
-0.359974
0.063335
1.213802
0.134597
-0.327306
-0.388181
0.947617
-0.480595
-0.293462
-0.402370
-0.382486
-0.325224
-0.445364
-0.322233
-0.248448
-0.227475
-0.239554
-0.032050
-0.181774
0.403360
-0.040116
0.010919
0.140463
0.145371
0.239868
0.508914
0.049852
0.157563
0.189884
0.144597
0.165630
0.112689
0.124913
0.145932
0.710546
0.807146
0.033080
0.024672
0.330824
0.141344
-0.230987
0.201712
0.346839
-0.052775
-0.063562
0.003910
-0.084552
-0.176938
0.014592
-0.026877
-0.211148
0.188702
-0.209385
-0.361886
0.005708
-0.390146
-0.456778
-0.280486
-0.292634
-0.100219
-0.319858
-0.333373
-0.418343
-0.221901
-0.423707
-0.403834
-0.231334
-0.419489
-0.382775
-0.431048
-0.454961
-0.378408
-0.445283
-0.532304
-0.480813
-0.466809
-0.412445
-0.574959
-0.313185
-0.574430
-0.557836
-0.234886
-0.591860
-0.382844
-0.385174
-0.443300
-0.439304
-0.057154
-0.333634
-0.523616
-0.383763
-0.419830
-0.387718
-0.411759
-0.535576
-0.531034
-0.441319
-0.568988
-0.506073
-0.603024
-0.574035
-0.568308
-0.409210
-0.530657
-0.403519
-0.290476
0.160745
-0.339417
0.063114
-0.102047
-0.181681
-0.307519
-0.126452
-0.175265
0.668522
-0.278090
-0.010347
-0.007848
-0.246290
0.149766
-0.394863
-0.469800
-0.541521
-0.450633
-0.288651
-0.215583
-0.582325
-0.136548
-0.139264
-0.528758
-0.428220
-0.426558
-0.408450
-0.397518
-0.489001
-0.486918
-0.388467
-0.318055
-0.347678
-0.079398
0.709377
0.020122
-0.173328
-0.418074
-0.065630
-0.293369
-0.312806
-0.271343
-0.266252
-0.434515
-0.295665
-0.383272
-0.087499
-0.071468
-0.104814
-0.393736
-0.368050
-0.012577
0.138809
-0.404842
-0.307003
0.010251
-0.105901
-0.029894
-0.118336
0.595580
0.311957
1.820991
0.195918
0.408875
0.413932
0.458346
4.309041
0.580600
0.723298
0.869402
0.595841
1.000695
0.161906
0.133977
0.418924
-0.049575
-0.079282
-0.001124
0.080033
-0.161341
-0.150801
-0.202769
-0.046220
-0.212002
-0.390731
-0.349050
-0.373535
-0.507453
-0.472895
-0.605912
-0.335897
-0.382805
-0.397419
-0.545166
-0.344928
-0.463987
-0.269496
-0.305963
-0.261353
0.008092
-0.223352
-0.233698
-0.246919
-0.209225
0.279100
0.320971
0.325733
0.122693
0.128409
0.345947
-0.103092
-0.167826
-0.284152
-0.177165
-0.003124
-0.032826
0.022324
-0.029295
-0.163231
-0.049552
-0.171853
-0.225780
-0.230263
-0.153107
0.204561
-0.111901
0.018534
-0.213221
-0.264257
-0.337442
-0.024844
-0.083354
-0.125874
-0.302070
-0.219768
-0.343757
-0.150699
-0.055238
-0.100081
-0.295744
-0.160255
-0.102157
-0.446135
-0.290019
-0.169306
-0.123438
-0.264626
0.015369
0.036896
-0.009639
-0.205108
0.112868
0.063492
0.371500
0.982860
0.126816
0.653217
0.396375
0.234251
0.638133
0.158245
-0.067849
0.321068
0.205217
-0.181930
0.325411
-0.227835
0.336359
-0.100994
-0.185078
-0.171930
0.257652
-0.335553
-0.177653
-0.155599
-0.431722
0.200855
0.138486
0.129754
-0.271102
-0.354650
-0.272748
0.304994
-0.257531
0.101064
1.056320
0.726859
1.099081
-0.061277
-0.316148
-0.154851
-0.377361
-0.231374
-0.415030
-0.613353
-0.422458
-0.492769
-0.627177
-0.572947
-0.459053
-0.498400
-0.570561
-0.552177
-0.603931
-0.559066
-0.507043
-0.561726
-0.409187
-0.198344
-0.294843
-0.512459
-0.396933
-0.546450
-0.481434
-0.455735
-0.241534
-0.210496
-0.489138
-0.468699
-0.535906
-0.473075
-0.573773
-0.537486
-0.461020
-0.337586
-0.467371
-0.490853
-0.157612
-0.051871
-0.169552
0.003169
0.046660
0.144485
0.266646
0.993633
0.686318
0.886496
0.814428
0.681323
1.425747
0.659485
0.675223
0.493564
0.990309
0.803714
0.954036
0.550796
0.812715
1.287098
0.682860
0.489368
1.713158
0.568435
0.280982
0.228221
0.497632
-0.210693
0.125782
-0.147565
-0.125668
0.569598
0.075729
0.153313
-0.208555
-0.075635
-0.115631
-0.288755
-0.100831
-0.273064
-0.220287
-0.376474
0.385326
0.032870
-0.471173
-0.338992
-0.413103
-0.348473
-0.519764
-0.492737
-0.238627
-0.343073
-0.492000
-0.422984
-0.335247
-0.454825
-0.446267
-0.385954
-0.534008
-0.265170
-0.516639
-0.505500
-0.479617
-0.477859
-0.452230
-0.356602
-0.300529
-0.068373
0.050749
-0.254116
-0.213046
-0.252141
-0.265325
-0.106593
-0.438117
-0.170594
-0.186400
-0.183118
-0.314471
-0.056560
-0.059637
-0.247794
-0.220261
-0.243918
0.010514
0.182734
-0.242058
0.017522
0.007410
-0.174947
0.086610
-0.101771
0.003585
-0.149436
0.552721
-0.316242
-0.174379
-0.180897
0.023083
0.378407
0.152168
0.270133
1.011767
-0.214130
0.247998
0.209891
2.154227
0.761579
0.224089
0.123292
0.740846
0.031750
-0.245950
0.189431
0.909978
0.365039
0.745948
0.382920
-0.177385
0.179473
-0.099206
0.164150
-0.263732
-0.034099
0.044714
-0.502352
-0.282250
-0.285781
-0.309646
-0.522115
-0.484163
-0.272868
-0.475310
-0.541681
-0.492319
-0.327457
-0.179391
-0.319462
-0.311778
0.008390
-0.521194
-0.032542
-0.232011
-0.522204
0.014834
-0.503447
-0.475220
-0.112953
-0.657088
-0.283387
0.145195
-0.390138
-0.172172
-0.209712
-0.314419
-0.263721
-0.416804
-0.198488
-0.213676
-0.308835
0.281571
-0.181660
-0.410989
-0.393357
0.260009
-0.360598
-0.317352
-0.434169
-0.588363
-0.407887
-0.616029
-0.445532
-0.478939
0.042523
-0.237655
-0.171733
-0.182423
-0.341062
-0.240619
-0.268294
-0.260070
-0.257504
-0.086840
-0.238808
0.052351
0.181005
0.024456
0.308289
0.564156
0.419378
0.173133
0.403402
0.819843
0.236187
1.211117
0.553396
0.647977
0.682411
0.547336
0.644122
0.113381
0.404790
1.570442
0.611830
0.125911
0.500888
0.119029
-0.139247
-0.093391
-0.290866
-0.132937
0.030304
-0.126245
-0.233359
-0.211013
-0.215272
-0.244894
-0.179667
-0.410422
-0.313894
-0.375748
-0.288378
-0.462279
-0.512422
-0.506285
-0.572583
-0.541942
-0.532182
-0.532278
-0.458390
-0.408650
-0.561832
-0.411005
-0.511385
-0.445353
-0.323576
-0.373381
-0.310622
-0.283172
-0.344899
-0.393614
-0.294647
-0.189793
-0.041396
-0.235788
-0.304052
-0.338768
-0.314625
-0.049419
-0.336716
-0.307465
-0.293808
-0.445498
-0.268166
-0.124009
-0.122623
-0.264694
-0.390004
-0.352073
-0.295743
-0.346504
-0.023601
-0.110768
0.127438
0.575318
-0.189088
-0.057456
-0.122181
-0.044725
0.095411
-0.033180
-0.246031
-0.373464
-0.207750
-0.276084
-0.234668
-0.308972
0.536835
-0.277170
-0.327655
-0.172345
-0.350486
-0.454677
-0.129134
-0.524652
-0.430707
-0.299345
-0.284052
-0.235420
-0.297339
-0.205819
0.120739
-0.373044
-0.351273
-0.237721
-0.110339
-0.245354
-0.170996
-0.327636
-0.289819
-0.051060
0.496719
0.102774
-0.244630
-0.556942
-0.284375
-0.534814
-0.410531
-0.388746
-0.589816
-0.565832
-0.217368
-0.272769
0.100621
-0.322602
-0.328459
-0.215435
-0.253507
-0.343844
-0.391681
-0.133752
-0.300246
-0.321823
-0.065989
-0.358902
-0.293023
-0.425878
-0.217039
-0.530739
-0.056896
-0.055696
-0.555061
-0.382770
-0.410922
-0.521065
-0.435068
-0.453044
-0.143641
-0.600538
-0.632949
-0.565410
-0.408203
-0.528208
-0.699587
-0.515145
-0.194443
-0.131397
-0.320390
-0.443084
-0.239051
-0.472109
-0.481439
0.198522
-0.123569
-0.412861
-0.181707
-0.119259
-0.175395
-0.506589
-0.513600
-0.561470
-0.436053
-0.471633
-0.115811
-0.405393
0.007818
-0.194915
0.426982
-0.144902
-0.357020
-0.338541
-0.214084
-0.005589
0.005784
0.614346
0.630042
0.220659
0.223381
0.593446
0.115470
0.173370
0.376206
0.537059
1.353166
0.399979
0.213111
0.682264
1.353210
-0.050859
-0.040564
-0.141514
0.214800
-0.173357
-0.359192
-0.362366
0.408712
-0.204993
-0.374829
-0.231050
-0.319823
-0.422614
-0.396256
-0.018638
-0.497776
-0.464181
-0.526243
-0.559390
-0.537569
-0.341905
-0.440441
-0.520135
-0.256439
-0.375091
-0.357849
-0.150525
-0.260759
-0.215622
-0.185261
-0.308402
-0.247134
-0.077196
0.187392
-0.167235
-0.293393
-0.173777
-0.053503
-0.188696
0.259065
-0.216312
-0.353063
0.030776
-0.206995
-0.117172
-0.330908
-0.149535
-0.376488
-0.359277
-0.358897
-0.255478
-0.247565
-0.090060
-0.091919
-0.078451
-0.351587
-0.034479
0.038201
-0.174612
-0.315865
0.541050
-0.377897
-0.331961
-0.258221
-0.278950
-0.219023
-0.293935
-0.181422
-0.285448
-0.378770
-0.403227
-0.314410
-0.446995
-0.250847
-0.260961
-0.395913
-0.253957
-0.231703
-0.254320
-0.171290
-0.024928
-0.452475
-0.382797
-0.512117
-0.458263
-0.493142
-0.534897
-0.614617
-0.444662
-0.516276
-0.352090
-0.357050
-0.272755
-0.326312
-0.444714
-0.467154
-0.306851
-0.516664
-0.617751
-0.530845
-0.526773
-0.178657
-0.301568
-0.658728
-0.502943
-0.379134
-0.543135
-0.335285
0.305377
-0.458679
-0.062589
-0.467011
-0.290584
-0.301495
-0.360063
-0.167877
-0.393137
-0.353047
-0.444657
-0.270373
-0.398643
-0.336929
-0.382686
-0.229796
-0.474743
-0.108391
-0.006783
-0.445845
-0.504401
-0.447506
-0.404322
-0.384638
-0.468574
-0.509010
-0.129705
-0.449121
-0.465031
-0.456177
-0.300422
-0.100688
-0.230963
-0.327432
-0.472103
-0.394644
-0.053225
-0.416147
-0.362917
-0.039449
-0.304137
-0.120476
-0.231656
-0.117433
-0.508122
-0.457772
-0.526183
-0.079477
-0.212135
-0.177947
-0.251019
-0.471994
-0.188550
-0.468935
-0.261297
-0.048087
1.079455
0.540249
0.269260
1.498281
1.383632
0.769141
0.352629
0.563911
0.700657
0.216843
0.630516
0.143058
0.686386
1.228638
0.413626
0.450751
0.723876
-0.079938
0.834993
0.489336
0.032007
-0.101225
0.138615
0.567548
0.404145
-0.132461
-0.206298
-0.136915
0.088225
-0.124821
0.016111
-0.248697
-0.328881
-0.213031
-0.188566
-0.202370
-0.138959
-0.035594
-0.216739
0.099234
0.195724
-0.015185
-0.249596
-0.135057
0.006853
-0.236018
-0.155578
0.008370
0.557592
0.421112
0.268585
0.410273
0.362717
0.270257
0.212152
0.355061
0.258217
0.044398
0.185754
0.132740
0.421253
1.227458
1.148913
0.264686
0.325961
0.118960
0.252325
-0.101573
0.018659
0.382167
0.083911
-0.295241
0.547693
0.282863
-0.173618
-0.138463
-0.128161
0.005070
0.084125
-0.182388
-0.260951
-0.231788
-0.336615
-0.358331
-0.078210
0.178255
0.015063
0.170414
-0.237357
0.231634
-0.109336
-0.205469
-0.144205
-0.260963
-0.244647
-0.170931
-0.392447
-0.263443
-0.246278
-0.207956
0.026146
-0.273060
-0.360576
-0.435447
0.033798
0.370223
-0.206821
-0.365089
-0.079372
0.026504
-0.081207
0.366737
-0.087714
0.220660
-0.290235
0.486445
0.089347
-0.253276
-0.390392
-0.256217
-0.208433
-0.050616
0.251360
-0.057773
-0.263306
-0.111169
0.095732
-0.234984
-0.229541
-0.147894
-0.495953
-0.345872
-0.362146
-0.137795
0.047703
0.031380
-0.083812
0.159391
-0.070570
-0.176530
0.061282
-0.078450
-0.125040
-0.014525
-0.426132
-0.403343
-0.283963
-0.267993
-0.371626
-0.406517
-0.352769
0.040568
-0.468369
-0.051660
-0.196796
-0.354224
-0.421868
-0.232292
-0.403483
-0.488781
-0.288399
-0.266736
0.018840
-0.418640
0.203845
-0.312394
-0.276939
-0.383641
-0.237779
0.200476
-0.181706
-0.212096
0.126589
0.758886
0.775782
0.583209
0.869732
0.499268
1.348639
-0.100655
-0.050110
-0.228107
-0.309832
-0.378505
0.179778
0.106110
0.435625
0.661743
1.065640
1.430084
0.898445
0.851511
1.185267
0.443504
1.305047
1.133670
0.464190
1.195077
0.788064
0.269820
1.699189
1.066687
0.072127
0.546329
0.859488
0.081217
0.624028
0.510942
1.175658
0.591071
0.414617
1.260902
0.640487
0.245956
0.702898
0.199349
0.235175
0.737766
-0.355436
-0.338694
-0.505425
-0.197165
-0.451636
-0.467736
-0.281455
-0.117689
-0.102804
-0.134815
0.867864
-0.108430
0.086863
0.293339
0.391077
0.316102
0.056102
0.418698
0.430702
0.165486
0.383745
0.207067
0.074961
0.337025
0.274502
0.113132
0.236558
0.548278
0.810063
0.826402
0.213477
0.106051
-0.095098
0.422466
0.013620
0.197055
0.187830
0.152407
0.214638
0.656715
0.100777
2.694755
1.079349
3.458430
4.021732
5.592704
4.059767
6.488142
10.075589
8.246609
6.685774
5.956076
16.946451
18.007252
11.655341
21.756047
12.494321
16.076812
25.306751
25.931731
24.136455
13.710501
14.494534
15.372114
14.065535
13.499333
9.039409
10.427943
-0.500146
-0.296118
-0.531154
-0.202223
-0.426622
-0.349736
-0.326127
-0.518397
-0.471133
-0.388883
-0.585388
-0.422826
-0.160606
-0.569607
-0.461151
-0.324914
-0.301068
-0.314964
-0.365235
-0.314325
-0.349030
-0.441233
-0.439233
-0.449159
-0.577132
-0.374051
-0.432614
-0.560079
-0.581012
-0.620794
-0.620604
-0.351371
-0.567634
-0.515072
-0.582033
-0.580899
-0.368806
-0.508204
-0.438176
-0.251080
-0.439477
0.075965
-0.644662
-0.438928
-0.432487
-0.413897
-0.650089
-0.572566
-0.395124
-0.438721
-0.405426
-0.624466
-0.025391
-0.375551
-0.207292
-0.128015
-0.211840
-0.100071
0.052710
-0.435216
-0.021212
-0.092668
-0.240486
-0.291013
-0.489283
-0.316964
-0.082939
0.466579
0.447080
-0.042292
0.185843
0.026768
-0.041472
-0.086305
-0.113321
0.947079
-0.325576
0.051710
-0.155219
0.129287
-0.148341
0.125559
-0.198318
-0.055004
-0.133741
-0.040028
-0.363450
-0.270791
-0.256024
-0.278620
-0.263364
0.030632
0.096289
0.713341
0.162914
0.576160
0.340688
0.355208
2.245605
0.330657
0.617092
0.958676
1.533380
0.196982
0.700973
0.167625
0.017743
1.364591
-0.109960
-0.279045
0.197468
-0.136373
-0.280189
-0.120398
-0.238890
-0.075494
-0.357721
-0.514614
-0.260018
-0.431829
-0.047165
-0.348840
-0.518205
-0.437864
-0.478961
-0.315981
-0.419726
-0.394265
-0.365505
-0.425728
-0.006240
-0.189866
-0.348826
-0.188155
-0.418257
-0.280466
-0.172131
-0.083269
-0.022921
-0.033726
0.275851
0.237587
0.353873
0.282441
0.508919
-0.100877
0.010813
-0.081968
-0.118326
-0.284572
-0.152160
0.157427
-0.261526
-0.089549
-0.285352
-0.342840
0.041362
0.022988
-0.393489
0.069535
-0.236956
0.529955
-0.329075
-0.346437
-0.316709
-0.053363
0.056559
-0.256956
-0.160758
-0.392129
-0.432380
-0.476953
-0.291907
-0.263853
-0.375176
-0.262993
0.741568
0.050909
-0.082540
-0.108361
0.106455
0.216221
0.071993
0.165996
-0.083350
-0.077061
0.337885
-0.037755
0.192862
0.394392
-0.085232
-0.254107
-0.046893
-0.112881
-0.115206
-0.212525
0.116698
0.158873
0.646385
0.044824
0.120341
-0.040344
-0.233541
0.238773
0.143969
0.706913
-0.052865
0.129365
-0.083436
-0.052939
-0.349761
0.110662
-0.285253
-0.101379
-0.230775
0.280247
-0.110593
-0.190402
-0.315166
0.636113
0.314334
-0.275305
-0.126215
-0.332068
1.066567
0.229367
0.337558
-0.050682
0.003834
0.142302
-0.420382
0.032504
-0.144426
-0.355129
-0.358165
-0.318808
-0.322542
-0.058295
-0.167981
-0.064467
-0.546932
-0.388128
-0.137350
-0.163086
-0.310719
-0.134976
-0.380420
-0.200075
-0.180345
-0.254686
-0.155626
-0.039979
-0.156150
-0.474910
-0.461159
-0.361255
-0.419863
-0.212512
0.155824
0.087280
0.034557
-0.301541
0.165937
-0.143279
-0.142719
0.091209
0.221153
-0.049971
0.396419
0.614720
0.539970
0.681782
0.295744
0.169632
0.945975
0.860804
0.768703
0.278800
0.734076
1.075205
0.466779
0.339757
0.384312
0.541393
0.442959
1.187793
0.459429
0.130832
0.731732
0.018489
-0.192132
-0.046893
-0.159877
-0.046673
0.464518
0.023218
-0.079457
-0.039321
-0.009028
-0.129271
-0.271752
-0.263734
-0.131488
-0.302703
-0.240805
-0.268196
-0.431583
-0.072056
-0.441046
-0.411666
-0.493215
-0.448563
-0.398278
-0.419828
-0.409014
-0.591910
-0.204069
-0.315963
-0.075069
-0.282270
-0.538415
-0.533284
-0.172178
-0.546599
-0.459701
-0.506380
-0.278971
-0.180148
-0.309836
-0.259717
-0.277113
-0.296749
-0.035105
-0.142599
-0.059688
-0.229507
-0.235626
-0.200561
-0.151492
-0.293937
-0.158171
-0.016388
0.132926
-0.268246
-0.167790
0.081404
-0.139238
0.017502
-0.227998
-0.125307
-0.325975
0.008655
-0.086566
-0.374282
-0.103153
-0.261457
0.096033
-0.299322
-0.042463
0.309338
-0.342075
0.042491
0.011038
-0.222225
0.418954
-0.158543
-0.084972
0.123534
-0.224803
0.399446
0.236780
-0.101006
0.280885
-0.278208
-0.044887
0.104134
0.075531
0.155203
0.089343
0.370026
0.841351
0.221842
-0.192156
0.534302
-0.387757
0.093063
-0.453928
-0.391002
-0.309743
-0.457461
-0.529208
-0.488730
-0.540353
-0.549014
-0.457227
-0.420229
0.126946
-0.398829
-0.065560
-0.263414
-0.363337
-0.207004
-0.283940
-0.412481
-0.445711
-0.267045
-0.358823
-0.536606
-0.490565
-0.362444
-0.269411
0.075246
-0.407460
-0.473243
-0.415071
-0.319790
-0.673944
-0.512627
-0.425616
-0.384598
-0.161874
-0.484326
-0.407264
-0.450536
-0.430714
-0.333861
-0.469887
-0.433972
-0.611586
-0.447182
-0.519582
-0.540236
-0.372571
-0.589336
-0.468760
-0.142464
-0.314236
0.132195
-0.143386
-0.283144
-0.360093
-0.254140
-0.203016
-0.062406
-0.287075
0.175008
0.185871
-0.076293
0.191136
0.261187
0.271909
0.647957
1.040189
0.190116
0.440510
0.748044
0.586171
0.256457
0.758157
0.385555
1.760528
0.370164
0.665348
0.734135
0.783278
0.581236
0.305693
0.211903
0.430696
-0.045283
0.342009
-0.210134
-0.254292
0.258840
-0.206740
-0.061236
-0.142782
-0.198481
-0.222646
-0.376172
-0.405353
-0.259542
-0.412224
-0.041331
-0.441758
-0.423928
-0.305150
-0.487388
-0.515643
-0.432508
-0.528470
-0.444941
-0.444790
-0.075442
-0.386818
-0.443928
-0.372523
-0.287369
-0.386539
-0.475313
-0.438746
-0.387796
-0.375945
-0.271828
-0.394282
0.082937
-0.242153
-0.309768
-0.309265
-0.144369
-0.270045
-0.356065
-0.391639
-0.473592
-0.188664
-0.237495
-0.106941
-0.185019
-0.103433
-0.253833
-0.134877
-0.135632
-0.244470
0.108465
0.006532
-0.091761
0.040484
-0.301210
-0.128762
0.036353
-0.037103
-0.073324
-0.180928
-0.213668
-0.433760
-0.437523
-0.005711
-0.369878
-0.083999
-0.501722
-0.323284
-0.407083
0.135284
-0.355616
-0.461702
-0.185754
-0.506213
-0.424502
-0.180120
-0.350018
-0.017728
-0.078676
-0.055564
0.875372
-0.077817
-0.298826
-0.059804
0.115654
0.304786
-0.018180
-0.052534
-0.245476
-0.203489
-0.271759
-0.418704
-0.269015
-0.426590
-0.130812
-0.410659
-0.405185
-0.462181
-0.445609
-0.329374
-0.455431
-0.412741
-0.267940
-0.428992
-0.307957
-0.204945
0.079784
-0.223104
-0.452289
-0.484595
-0.139481
-0.296215
-0.378346
-0.216883
-0.350842
-0.434273
-0.507236
-0.248774
-0.382515
-0.442922
-0.511124
-0.286792
-0.534103
-0.433992
-0.389910
-0.448811
-0.350768
-0.259208
-0.141866
0.705830
-0.408898
-0.314216
-0.535047
-0.608048
-0.610066
-0.475195
-0.479330
-0.353010
-0.486256
-0.626272
-0.529279
-0.555348
-0.303043
-0.415865
-0.485385
-0.481012
-0.598295
-0.481373
-0.300658
-0.193207
-0.481532
-0.368072
-0.344144
-0.063337
-0.344091
-0.430547
-0.272001
-0.031174
-0.386719
-0.228125
-0.198798
-0.095708
0.245094
0.734272
0.626394
0.064348
0.443475
0.244120
0.417281
1.014696
0.541502
0.202517
0.612914
0.747272
0.049089
0.752723
-0.065852
-0.116470
0.275255
-0.019993
0.274933
0.481153
-0.038972
-0.165766
-0.195509
-0.300211
-0.256830
-0.419935
-0.288714
-0.345577
-0.327883
-0.453098
-0.483309
-0.467809
-0.563384
-0.407434
-0.368747
-0.291636
-0.411603
-0.489610
-0.404758
-0.468941
-0.383409
-0.103796
-0.158670
-0.152035
-0.219686
-0.311317
-0.192123
-0.207569
0.124131
-0.221780
-0.122181
-0.264303
0.232475
-0.010300
-0.052825
-0.259093
-0.227454
0.054646
-0.081575
-0.311785
-0.403257
-0.153384
-0.117874
-0.324384
-0.293691
-0.343703
0.268179
0.016752
-0.326619
-0.203500
-0.296738
-0.285672
-0.001828
-0.253476
-0.057797
0.053408
-0.113389
-0.137370
-0.362207
-0.110304
-0.409495
-0.300848
-0.113629
-0.390797
-0.477659
-0.098274
-0.283195
-0.392030
-0.229639
-0.252616
-0.331337
-0.347316
-0.530744
-0.531026
-0.057706
-0.253213
-0.365376
-0.366971
-0.654585
-0.434076
-0.528467
-0.483839
-0.544597
-0.560814
-0.504357
-0.407985
-0.302900
-0.478179
-0.329301
-0.298779
-0.483867
-0.484690
-0.197956
-0.424486
-0.316812
-0.391426
-0.338195
-0.350722
-0.277063
-0.118799
-0.362997
-0.425117
-0.206868
-0.305517
-0.382918
-0.178464
-0.444135
-0.165617
-0.367700
-0.355486
-0.132835
-0.499161
-0.447957
-0.293539
-0.156319
-0.086262
-0.331177
-0.522498
-0.199246
-0.307491
-0.334030
-0.527964
-0.319792
-0.322920
-0.262021
-0.360782
-0.316802
-0.538633
-0.010782
-0.234484
-0.374376
-0.448069
-0.087330
-0.348414
-0.419327
-0.445706
-0.253350
-0.269894
-0.313842
-0.610479
-0.578102
-0.540903
-0.499421
-0.284797
-0.444640
0.240180
-0.041748
-0.207062
-0.299080
-0.216734
0.220624
0.733713
-0.384688
0.452633
0.323419
1.516027
0.277515
-0.043472
0.142631
0.605191
0.129507
0.229930
1.362969
0.267542
0.523837
0.292962
1.271159
1.031636
0.510453
1.383368
0.896409
1.772584
0.892377
0.321701
0.240191
0.859853
0.085525
0.214572
-0.014832
-0.226773
0.134380
-0.020260
0.209381
0.287664
-0.270461
-0.233530
-0.041201
0.001493
0.222509
-0.196074
-0.448374
-0.394173
-0.326680
-0.348001
-0.085737
-0.392051
-0.264375
-0.251784
0.151956
-0.064467
-0.273089
-0.153111
0.124371
-0.259669
-0.182894
-0.040486
0.102336
0.198842
0.202117
0.646159
0.217677
0.186246
0.379104
0.025189
0.031618
0.002024
0.343243
-0.053329
0.390436
0.192125
0.010530
1.105297
-0.060920
0.324522
0.232511
-0.015347
-0.068150
0.138349
0.297054
0.154292
-0.035249
0.082734
-0.282609
0.046969
-0.258819
-0.310984
-0.276825
-0.554084
-0.189122
0.940974
0.182175
-0.324869
-0.287105
-0.016995
0.173347
0.081422
0.958960
-0.323576
-0.254189
-0.089785
-0.333510
-0.282175
-0.181280
-0.270783
-0.262331
-0.308339
-0.384872
-0.158531
-0.203337
-0.260429
-0.352640
-0.386967
-0.240925
-0.121928
0.275111
-0.363663
-0.217783
0.301880
-0.304963
-0.316391
-0.374061
-0.132034
-0.428249
-0.208212
-0.151049
-0.251398
0.050374
-0.111410
-0.319436
0.023875
-0.092792
-0.266086
-0.168877
0.133243
-0.037117
-0.315585
-0.348733
-0.372926
-0.358201
-0.343357
-0.440390
-0.071222
-0.531836
-0.464145
-0.166924
-0.200476
-0.396307
-0.102767
-0.464576
-0.168249
-0.406270
-0.259977
-0.408231
-0.431737
-0.587995
-0.641023
-0.454468
-0.679587
-0.492484
-0.500241
-0.513438
-0.555148
-0.544818
-0.390623
-0.480113
-0.453795
-0.604838
-0.349971
-0.465944
-0.486482
0.324576
0.216377
-0.378214
-0.281486
-0.383456
-0.070366
-0.485365
-0.434256
-0.467223
0.388871
-0.166845
0.531842
0.657477
-0.025068
0.089377
0.100819
0.596675
-0.053132
0.027580
0.248349
0.004494
-0.039254
-0.311146
-0.283503
0.233107
-0.079910
0.594467
1.203523
0.875041
0.631959
1.108355
0.469434
0.466100
0.405780
0.921808
0.944720
0.530139
0.872041
0.508453
0.964779
0.694526
0.177065
1.451491
3.338457
0.879400
0.484425
0.997436
0.842327
2.270162
0.264538
0.652393
0.320340
0.982148
0.252399
0.046154
-0.183130
1.868385
-0.069697
0.292411
-0.046395
-0.448089
-0.543966
-0.163616
-0.108961
-0.037864
0.214219
0.009181
0.002923
0.155029
0.188112
0.169270
0.170452
0.129198
0.534277
0.230068
0.330720
0.359180
0.090849
0.626643
0.523452
0.500624
0.859847
0.673355
0.501850
0.579875
0.570861
1.315752
0.136584
0.134845
0.183607
0.385251
-0.148228
0.451339
0.953983
0.218068
0.327242
0.356986
-0.053818
0.092079
0.158963
0.088948
-0.094192
-0.231389
-0.011867
0.267990
0.069123
-0.227629
-0.176261
-0.090596
-0.204421
-0.242062
-0.202709
-0.033896
-0.519239
-0.320594
-0.457774
-0.350299
0.227804
-0.376576
-0.305420
-0.372062
-0.421021
-0.301936
-0.369462
-0.411599
-0.350554
-0.501409
-0.365999
-0.335988
-0.340788
-0.290567
-0.386208
-0.345697
-0.408213
-0.229081
-0.310164
-0.374110
-0.349486
-0.100282
-0.255891
-0.364837
-0.406906
-0.308621
-0.150132
-0.230541
-0.448567
-0.527035
-0.278191
-0.440542
-0.480330
-0.616499
-0.605905
-0.473604
-0.467705
-0.537996
-0.542620
-0.570238
-0.316081
-0.495115
-0.399349
-0.252983
0.213848
-0.497988
-0.639453
-0.548534
-0.444507
-0.092889
-0.273680
-0.119383
-0.561836
-0.138781
-0.242805
-0.171052
-0.101103
-0.258203
-0.338414
-0.339355
-0.388453
-0.465274
-0.438145
-0.180447
-0.362328
-0.326207
-0.032640
-0.252715
0.774835
-0.460690
-0.242972
-0.211787
0.106830
-0.385715
-0.009329
-0.273809
0.057238
0.268326
-0.086165
-0.203711
0.397586
0.146461
0.304460
-0.166748
1.186101
0.491629
1.459091
1.141455
0.169769
0.098334
0.092938
0.089844
0.142338
0.235449
0.017893
-0.136330
0.201065
0.321962
0.212933
0.229574
1.084238
0.365874
1.334397
0.939253
0.647570
0.995397
0.653711
0.939184
0.495253
1.761418
0.541176
0.508141
0.774325
-0.020085
0.198393
-0.099345
-0.173505
-0.230300
-0.033455
-0.137682
-0.129295
0.855835
-0.194765
-0.374170
-0.373772
-0.420861
-0.290435
-0.461827
-0.365506
-0.439484
-0.536203
-0.548684
-0.481834
-0.521620
-0.376195
-0.581848
-0.372674
-0.487539
-0.497658
-0.408588
-0.347218
-0.283002
-0.282620
-0.311652
0.252662
0.406208
-0.232228
-0.079316
-0.146057
-0.249327
0.243404
-0.199349
-0.256672
-0.248156
-0.197509
-0.150317
-0.320048
-0.149854
0.038082
-0.059610
0.073252
-0.412188
-0.169074
-0.444788
-0.173880
-0.079396
-0.403450
-0.207213
-0.178208
-0.457005
-0.395403
0.028755
0.620950
-0.141841
-0.344624
-0.297148
-0.464371
-0.457733
-0.395636
0.077650
-0.464673
-0.211236
-0.456820
0.048438
-0.451626
-0.219841
-0.298965
-0.350511
0.130373
0.093010
-0.262471
-0.040059
-0.161336
0.079388
0.076207
0.232225
0.310722
0.337417
0.184715
0.094112
-0.156197
-0.052800
0.012316
-0.181907
-0.171410
-0.038443
0.053396
-0.148334
0.335536
0.008489
-0.330200
-0.333547
-0.355227
-0.315323
-0.022844
0.354670
-0.502925
0.034519
-0.323616
-0.385933
-0.023207
0.395780
-0.302214
-0.196301
0.097242
0.214399
0.713340
-0.025849
0.626013
0.431654
-0.117366
0.453682
0.330832
-0.171855
1.315556
0.423638
0.471186
0.449396
-0.400890
-0.546971
-0.170264
-0.347499
-0.550156
-0.529476
-0.378484
-0.546105
-0.416127
-0.628531
-0.421844
-0.518797
-0.242315
-0.285861
-0.264064
-0.392696
-0.413852
-0.566279
-0.553177
-0.536731
-0.330803
-0.254318
-0.332269
-0.415083
-0.326721
0.046040
-0.356447
-0.321435
1.673471
0.128588
-0.075540
-0.252641
-0.084554
-0.251474
-0.237182
-0.073918
0.079569
0.133871
-0.090863
0.207535
0.593914
0.483200
0.432917
0.618414
1.040240
0.565564
0.119131
1.064627
0.557082
0.157089
0.394479
0.516114
0.638855
0.301523
1.561432
0.343803
0.126202
0.610685
0.601598
0.273495
-0.073952
-0.142364
0.430640
-0.269987
0.340170
-0.075734
-0.281136
-0.116292
-0.176313
-0.136459
-0.312120
-0.253927
-0.472360
-0.292862
-0.432218
-0.457118
-0.192803
-0.532312
-0.421253
-0.540409
-0.522769
-0.392554
-0.467038
-0.434655
-0.558296
-0.411600
-0.272938
-0.548185
-0.442466
-0.510297
-0.487796
-0.503207
-0.546608
-0.578946
-0.450799
-0.522783
-0.355333
-0.124180
-0.253887
-0.301852
-0.271857
0.026992
-0.158346
-0.288245
-0.193412
-0.367489
-0.243761
-0.023650
-0.214703
-0.047717
-0.135993
0.284280
-0.382985
-0.133814
-0.357384
-0.094132
-0.012576
-0.259781
1.377795
-0.386191
-0.194296
-0.170654
-0.268233
-0.172115
0.438068
1.394221
0.023967
-0.115598
-0.030227
0.050739
0.036649
0.150903
-0.097758
1.194758
0.043812
0.105712
0.031798
4.833812
0.765965
0.871329
0.521748
0.331223
0.418507
-0.040002
0.834130
0.156897
1.078090
0.959569
0.153258
0.958376
-0.060632
0.006166
-0.285958
-0.174823
-0.366166
-0.433499
-0.468291
-0.426814
-0.470650
-0.402714
-0.598383
-0.382705
-0.643778
-0.200660
-0.180397
-0.185289
-0.288952
-0.196181
0.131874
-0.055189
-0.100800
0.463509
-0.300437
-0.127464
-0.365595
-0.537566
-0.609728
-0.395085
-0.385892
-0.204869
-0.366080
-0.429820
-0.498514
-0.390828
-0.514896
-0.614696
-0.480039
-0.579261
-0.525142
-0.497673
-0.510953
-0.576835
-0.429127
-0.579467
-0.314100
-0.458092
-0.557675
-0.444074
-0.465998
-0.555454
-0.550161
-0.453438
-0.566561
-0.385986
-0.409127
-0.494285
-0.173004
-0.380542
-0.135804
-0.189084
-0.244392
0.342853
-0.051764
-0.048033
-0.020066
0.018284
-0.023104
0.488781
0.474144
0.757569
0.241035
0.293204
0.586653
0.026180
0.500305
0.792670
0.261649
0.715087
0.578336
0.690203
0.966137
0.271806
0.655170
0.502944
0.768122
0.269303
0.295907
0.339363
0.217869
0.001883
-0.108233
-0.154069
0.080281
-0.373273
-0.206293
-0.274256
0.373194
-0.242608
-0.349912
-0.404434
-0.381828
-0.387233
-0.431163
-0.512526
-0.544408
-0.456868
-0.511525
-0.487809
-0.210707
-0.489522
-0.183039
-0.565139
-0.436628
-0.466970
-0.550823
-0.338369
-0.196305
-0.338513
-0.424009
-0.405592
-0.276013
-0.378613
-0.386930
-0.384219
-0.108706
-0.317690
-0.370033
-0.399831
-0.195864
-0.165663
-0.395610
-0.348729
-0.236050
-0.293986
-0.091971
-0.170877
0.003344
-0.063556
-0.342053
-0.330126
-0.434884
-0.218977
0.045733
-0.247574
0.985365
-0.248739
-0.179193
-0.284706
0.233562
0.203661
-0.094488
-0.069313
-0.310538
-0.244566
-0.337668
0.029271
-0.107981
0.035796
-0.225586
-0.401859
-0.189797
-0.264459
0.031211
-0.381500
-0.387132
-0.389580
-0.254484
-0.482653
-0.278487
-0.106934
-0.217106
-0.249584
-0.075836
-0.096811
-0.203692
-0.088817
0.090757
-0.080416
-0.293574
-0.229290
-0.223651
-0.360350
-0.443149
0.033039
-0.604159
-0.547299
-0.489315
-0.532598
-0.427792
-0.470416
-0.255921
-0.207215
-0.305760
0.359646
-0.279110
-0.081599
-0.134717
-0.293514
-0.245238
-0.297397
-0.370364
-0.159761
-0.328573
-0.438918
-0.581143
-0.560612
-0.347164
-0.510029
-0.404161
-0.264538
-0.440039
-0.312954
-0.472228
-0.505048
-0.412846
-0.552661
-0.336772
-0.164219
-0.270970
-0.337416
-0.412865
-0.515941
-0.572421
-0.076693
-0.508615
-0.494181
-0.365073
-0.353363
-0.417948
-0.428696
-0.498875
-0.227163
-0.499313
-0.046741
-0.284321
-0.287576
-0.504453
-0.359803
-0.371411
-0.300974
-0.565141
-0.485589
-0.379812
-0.485972
-0.241724
-0.176465
-0.322966
-0.391336
-0.352936
-0.314611
-0.472887
-0.167144
-0.031857
-0.106951
0.423283
0.543422
0.054489
0.300758
0.663778
1.179392
0.581170
0.730295
0.425686
1.507647
0.564048
0.200766
0.669116
0.499951
-0.018683
0.533629
-0.054540
0.124081
-0.393744
-0.236275
-0.015282
-0.092945
-0.046292
-0.263074
-0.285192
-0.352712
-0.406042
-0.217988
-0.510951
-0.477659
-0.512457
-0.500078
-0.479976
-0.493621
-0.411853
-0.148949
-0.279243
-0.473132
-0.253326
-0.449405
-0.268982
-0.271348
-0.069175
-0.300458
-0.234604
-0.077284
-0.086481
-0.236753
-0.036995
-0.218806
-0.225096
-0.274136
0.123280
0.003374
-0.275555
-0.163634
-0.230662
0.000292
-0.083820
-0.436118
-0.258407
-0.219615
-0.428334
-0.046036
-0.277325
0.150608
-0.137964
-0.368196
-0.386503
0.001689
-0.264266
-0.175186
-0.110997
-0.282381
0.713114
-0.151022
0.375804
-0.066327
-0.128869
-0.286116
-0.325196
-0.289284
-0.068297
-0.374798
-0.378982
-0.482921
0.399797
-0.325842
-0.375587
-0.285787
-0.249922
-0.308201
-0.277491
-0.406227
-0.188799
-0.445378
-0.507708
-0.517966
-0.412588
-0.604205
-0.265203
-0.392640
-0.565543
-0.353163
-0.451354
-0.308185
-0.161791
0.200939
-0.039048
-0.251720
-0.109859
-0.198933
-0.024359
-0.215146
0.104040
-0.386428
-0.341223
-0.477853
-0.588370
-0.574068
-0.504408
-0.431405
-0.593232
-0.176572
-0.312028
-0.381876
-0.289658
-0.473805
-0.393650
0.299079
-0.476490
-0.443565
-0.417380
-0.124345
-0.215936
-0.186616
0.104962
-0.160134
-0.400067
-0.327499
-0.335653
-0.311956
-0.149482
0.868092
-0.370816
-0.271941
-0.234112
-0.405430
-0.357411
-0.132645
-0.398330
-0.320984
-0.313413
-0.102334
-0.260750
-0.379014
-0.327391
-0.355902
-0.326792
-0.515215
-0.383390
-0.035730
0.058933
-0.310798
-0.484257
-0.147207
-0.375307
0.009582
0.031895
-0.169169
-0.160919
-0.299538
-0.152114
-0.176344
-0.256635
-0.188289
0.210178
0.032597
-0.085704
-0.007967
0.603451
0.546337
0.211982
0.839745
0.309589
0.492536
0.530589
0.868840
0.659858
0.576412
0.890085
1.009503
0.637198
0.613798
0.999663
-0.036801
0.214994
-0.101876
0.290230
-0.167667
0.182304
0.859467
1.128130
0.054843
-0.315990
-0.255174
-0.262485
0.309424
0.210841
-0.235388
-0.447509
-0.381056
-0.252456
-0.263826
-0.223640
-0.294335
-0.501137
-0.248401
-0.249679
-0.088436
-0.323355
-0.027637
-0.033230
-0.037156
0.249410
0.073511
0.297406
0.007586
0.052571
0.069361
0.133590
0.317868
-0.029041
0.113078
0.221350
0.299200
0.025515
0.221618
0.234235
0.480720
-0.043455
0.157536
-0.125522
0.041445
-0.217502
-0.159490
0.403321
-0.069315
-0.208721
-0.051168
0.420042
-0.212390
-0.185572
-0.243600
-0.420476
-0.164380
-0.268164
0.091008
-0.032676
-0.312340
-0.321546
-0.274059
0.021298
0.511971
0.302905
0.855406
-0.186639
-0.221597
-0.480022
-0.308443
-0.389911
0.095309
-0.026153
-0.161350
-0.459162
-0.380005
-0.529034
-0.240843
-0.517918
-0.486344
0.015605
-0.176775
0.037353
-0.246234
-0.340387
-0.253602
0.107445
-0.439060
-0.010659
-0.070642
-0.191065
-0.228870
-0.112236
-0.393382
-0.301768
-0.205817
0.204666
-0.342634
-0.377047
-0.068408
-0.321983
-0.332985
-0.472560
-0.146499
-0.404487
-0.434968
-0.022251
-0.141002
-0.406406
-0.161864
-0.426338
-0.128495
-0.113916
-0.301541
-0.537563
-0.502780
-0.429917
-0.370233
-0.464171
-0.241006
-0.505671
-0.550180
-0.348349
-0.323372
-0.284676
-0.235196
-0.268274
0.113017
-0.085664
-0.389903
-0.404670
-0.338319
-0.497859
-0.522557
-0.150513
-0.580434
-0.248837
-0.313598
-0.182845
-0.263201
-0.211549
-0.377791
-0.147703
-0.452454
-0.431393
-0.307941
-0.110240
-0.325828
-0.254942
-0.170642
0.265465
0.028894
-0.130858
-0.241237
0.074300
-0.147051
-0.089264
0.300388
-0.370954
-0.161009
-0.443808
0.081929
0.007734
0.125790
0.184993
0.941546
0.907235
1.233949
0.409204
1.102166
0.768516
0.518808
0.711824
0.869239
1.772016
1.014024
0.325569
1.038506
0.966477
-0.001274
0.623881
0.620271
0.497876
0.345939
0.758875
0.894373
1.024379
0.984083
0.256775
0.868212
0.692034
0.785221
0.682260
0.009239
1.596490
0.207339
0.035002
0.026504
-0.447949
-0.358393
-0.391978
-0.269599
0.264808
0.759577
-0.140009
-0.075059
0.196533
0.377990
0.231243
0.599103
2.092951
1.095197
0.616757
0.817019
1.339956
0.878919
2.295706
0.758972
2.567028
0.811163
1.218597
1.069850
1.039525
1.675904
2.103197
0.726580
0.783039
1.461432
0.809784
1.460012
0.147270
0.938539
4.064677
0.833531
1.044907
0.437318
0.169042
0.215771
0.361123
1.139234
-0.184496
0.136339
-0.464263
0.527925
-0.241823
-0.152008
-0.229714
-0.028420
-0.245314
-0.301754
-0.390316
-0.275547
-0.381217
-0.373466
-0.435373
-0.148457
-0.455149
-0.362792
-0.489607
-0.076622
-0.134215
-0.300047
-0.204393
-0.224308
-0.500357
-0.240388
-0.151869
-0.288220
-0.422384
-0.316052
-0.506950
-0.520925
-0.310822
-0.461604
-0.335810
-0.349729
-0.460663
-0.428104
-0.157443
-0.237508
-0.377996
-0.060187
-0.316878
-0.492995
-0.289826
-0.414614
-0.415115
-0.477950
-0.481553
-0.537325
-0.431905
-0.556084
-0.549658
-0.154382
-0.057013
-0.372148
-0.599183
-0.269034
-0.465499
-0.090643
-0.393199
-0.313625
-0.453427
-0.285648
-0.378126
-0.604528
-0.599873
-0.346340
-0.431801
-0.275968
-0.417426
-0.414441
-0.284675
0.130916
-0.099418
-0.215338
0.246724
-0.233068
-0.087343
-0.013147
0.121940
-0.142836
-0.119939
-0.169078
1.186786
0.355494
-0.228432
-0.082002
0.636915
0.078992
0.000194
0.159055
0.411914
0.129012
-0.135278
-0.057528
1.614161
-0.026823
-0.381243
-0.060252
0.580835
-0.284562
0.994914
0.117729
-0.112711
-0.225038
-0.141902
0.057144
-0.072317
0.011425
0.218965
0.040945
-0.141659
0.055476
0.308187
0.227413
-0.053547
1.735756
0.728179
-0.004048
1.042413
0.194805
0.621894
1.204270
0.205545
0.218237
0.128624
0.776594
-0.032815
0.104071
-0.041148
-0.200736
-0.006095
-0.162179
-0.298578
0.299524
0.080721
-0.326737
-0.176168
-0.313974
-0.454895
-0.380859
-0.508703
-0.445948
-0.472512
-0.533345
-0.466804
-0.298065
-0.477625
-0.507203
0.100263
-0.487372
-0.485776
-0.509178
-0.350082
-0.392129
-0.298413
-0.258350
-0.161811
-0.401590
-0.126029
-0.096097
-0.079775
-0.040232
-0.254711
-0.045411
-0.269147
-0.187952
-0.321386
-0.165860
-0.297041
-0.309605
-0.361686
-0.375771
-0.059120
-0.387115
-0.271231
-0.191077
-0.233918
-0.385027
-0.143791
-0.253552
-0.236958
-0.458086
-0.399788
-0.388528
-0.182830
-0.189537
0.272835
-0.030625
-0.439945
-0.131385
-0.300891
0.145519
-0.362472
-0.309211
-0.384215
-0.165928
-0.471220
-0.481431
0.015579
-0.368764
-0.121958
-0.337760
-0.355124
-0.182085
0.035611
0.138481
-0.257164
-0.050835
-0.302103
-0.169591
-0.224984
0.095056
-0.241175
0.689515
-0.143234
-0.221076
-0.233307
-0.183358
-0.264280
-0.081416
-0.276801
-0.224227
-0.382853
-0.174513
-0.385798
-0.374776
-0.328463
-0.339152
-0.444950
-0.417393
-0.218588
-0.302443
-0.061615
-0.252979
-0.181565
-0.453412
-0.370960
-0.420250
-0.366040
-0.396192
0.535503
0.018978
-0.210779
-0.301787
0.436287
0.024710
0.299854
-0.338316
-0.304829
-0.345956
0.173535
-0.114854
-0.054975
-0.459989
-0.198251
-0.453005
-0.408989
-0.194024
-0.263606
-0.161291
0.077331
-0.414093
-0.491383
-0.140871
-0.473441
-0.182779
0.666217
-0.065708
-0.222051
-0.089993
-0.397931
-0.106435
-0.386510
-0.264816
-0.520764
-0.556425
-0.303734
-0.296835
-0.397777
-0.109112
-0.447375
0.788358
-0.224880
0.102766
0.010514
-0.139109
-0.115239
0.071730
0.153618
0.128533
0.065671
0.374985
0.397977
0.822285
0.801249
1.291237
0.925902
0.336877
0.305361
0.386782
0.297789
0.168965
0.549771
0.408988
0.806026
0.855746
1.648619
0.707180
0.937823
0.310912
0.141653
1.227003
-0.095346
-0.106624
0.405956
-0.171319
-0.031041
-0.128530
0.230182
0.242546
-0.317089
-0.164237
-0.294443
-0.346483
-0.176057
-0.324911
-0.276975
0.108381
0.044993
-0.257895
-0.354810
-0.443872
-0.204386
-0.187508
-0.198602
-0.472212
-0.393862
-0.226953
-0.315809
-0.326389
-0.335278
-0.507670
-0.398750
-0.278495
-0.418384
-0.448783
0.100756
-0.219680
-0.077762
-0.005505
-0.081676
-0.226610
-0.148111
-0.047980
-0.237930
-0.167265
0.275691
-0.117245
0.042686
-0.138099
-0.052758
-0.051079
0.112853
-0.298702
-0.285593
-0.294051
-0.291386
0.179450
0.033697
-0.087300
1.311075
0.085013
0.264334
0.268658
2.021440
0.537089
0.898067
0.382001
-0.118236
0.332750
-0.290348
-0.040060
0.062875
-0.104357
-0.000032
0.997442
0.496544
0.192218
0.168526
0.151135
0.269687
0.662937
4.152235
0.684588
0.684455
0.026964
0.550318
1.396209
1.597060
0.420709
1.151100
0.537631
0.208231
-0.026051
-0.167492
-0.480992
0.139483
-0.406870
-0.005101
-0.081031
-0.407477
-0.308025
1.037830
-0.394225
-0.542652
-0.108605
-0.264114
-0.563636
-0.042489
-0.289227
-0.032390
-0.202736
-0.138838
-0.030481
0.604470
-0.136001
0.182964
-0.395390
-0.336470
-0.111586
-0.242439
-0.393693
-0.262144
-0.284580
-0.609359
-0.420075
-0.633559
-0.599113
-0.329446
-0.359263
-0.491675
-0.454225
-0.422905
-0.393250
-0.515047
-0.384786
-0.272598
-0.438618
-0.459964
-0.608550
-0.464238
-0.500245
-0.434997
-0.486934
-0.552187
-0.378923
-0.366645
-0.248474
-0.113317
-0.477558
-0.361239
-0.113291
-0.243731
-0.161970
0.169260
0.002289
-0.093573
0.154915
0.265225
0.651102
0.403831
0.531760
0.092912
0.840595
0.239634
0.328814
1.174108
0.846840
0.345139
1.151078
0.474439
0.695424
1.335121
0.627980
0.470034
1.384335
0.128077
0.185067
0.321481
0.354971
-0.055160
-0.147053
-0.102434
0.445506
-0.008756
-0.195485
-0.447851
-0.357697
0.175132
-0.367667
-0.183130
-0.328725
-0.432533
-0.465845
-0.465554
-0.531855
-0.416722
-0.542753
-0.470324
-0.565386
-0.453920
-0.536605
-0.451692
-0.047813
0.056433
-0.474093
-0.405179
-0.490847
-0.300760
-0.410509
-0.513894
-0.244712
-0.192868
-0.243116
-0.287997
-0.304210
-0.196248
0.013654
0.021807
-0.212449
-0.233605
-0.293666
-0.312492
-0.246518
-0.121757
-0.253547
-0.040376
-0.436710
-0.247395
-0.311777
-0.123058
-0.345225
-0.236290
-0.285318
-0.111943
-0.245099
0.824058
0.057276
-0.216070
-0.076960
0.107100
-0.211759
-0.148098
-0.193442
-0.218189
-0.227594
-0.284094
-0.227913
-0.295039
0.297634
-0.477758
0.037279
-0.363877
-0.328728
-0.346510
-0.275785
-0.329008
-0.275694
-0.046522
-0.316534
0.001024
-0.296875
0.105380
0.031876
-0.115737
-0.096253
0.094364
-0.133735
0.089586
-0.186990
-0.062857
-0.287530
-0.138669
-0.072059
-0.285253
0.344427
-0.588496
-0.461057
-0.367006
0.044376
0.171880
-0.203943
-0.343717
-0.011527
-0.265732
-0.155141
-0.163184
-0.285451
-0.141301
-0.472470
0.478267
-0.014437
0.201252
-0.142614
-0.154982
-0.062941
-0.207514
0.306512
0.598643
0.187828
-0.122035
1.145382
0.096933
-0.069714
-0.406796
-0.418975
-0.305042
-0.436153
-0.112348
-0.398262
-0.293577
-0.482636
-0.373098
-0.420773
-0.520540
0.057138
-0.088623
-0.316923
-0.478979
-0.521679
-0.271701
0.047653
-0.437569
-0.369499
-0.159718
-0.205948
-0.352007
-0.480589
-0.458594
-0.376868
-0.402717
-0.402069
-0.476443
-0.303020
-0.501605
-0.043377
-0.032711
0.135705
-0.251517
-0.369837
-0.252230
-0.197223
-0.104064
-0.220745
-0.329492
0.155106
0.084706
0.643437
0.000449
0.039238
0.292101
0.438500
0.411057
0.368137
0.237812
1.026249
0.858345
0.452662
0.255605
0.481961
0.444694
0.159218
-0.102031
0.253845
-0.072023
-0.143082
0.241633
-0.051108
-0.055700
-0.109992
-0.287983
-0.355389
-0.160590
-0.205940
-0.189282
-0.394269
-0.447020
-0.519742
-0.449446
-0.598864
-0.367035
-0.430497
-0.320044
-0.463765
-0.435345
-0.478754
0.181177
-0.099771
-0.282505
0.097860
-0.303186
-0.203584
0.143509
0.129743
-0.072955
-0.058082
0.161831
0.068679
0.005581
-0.124089
-0.091094
-0.049182
-0.009631
-0.039861
-0.178307
-0.169267
-0.374788
0.137037
-0.320070
-0.173053
-0.169095
-0.117149
-0.027793
-0.200682
-0.216102
-0.215622
-0.256071
-0.108374
-0.182208
0.197142
0.364614
-0.360380
-0.306414
-0.229602
-0.033521
0.044445
-0.318340
1.687264
-0.373112
-0.428541
-0.167680
-0.520970
-0.326248
-0.441725
-0.207449
-0.451197
-0.395641
-0.377265
-0.361106
-0.078528
-0.269265
-0.458751
-0.403049
-0.397112
-0.455289
-0.410484
-0.410548
-0.341756
-0.373799
-0.271488
-0.376461
-0.264065
-0.395406
-0.398860
-0.279372
-0.240252
-0.504200
-0.190848
-0.394212
-0.075761
-0.250113
-0.017512
-0.325894
1.444521
0.070650
-0.238328
-0.195221
0.412446
-0.020791
-0.372669
-0.021655
-0.197295
0.012569
0.001237
-0.357263
-0.408444
-0.513949
-0.445405
-0.278983
-0.452157
-0.182139
-0.237288
-0.252005
0.085857
-0.308474
-0.252720
-0.322089
-0.440470
-0.271301
-0.316196
-0.539269
-0.275266
-0.438340
-0.067810
-0.238694
0.402695
0.011459
-0.498859
-0.231945
-0.455249
-0.223104
-0.300835
0.197051
-0.137630
-0.031090
-0.191594
-0.153986
-0.299577
0.195659
0.075059
-0.171683
0.014936
-0.230014
-0.471074
0.078347
-0.013582
-0.326088
-0.173429
-0.301337
-0.235085
-0.288893
-0.332127
-0.302352
-0.153741
-0.246838
0.266966
0.521701
0.343960
0.118598
0.137910
1.422285
0.515095
0.433773
0.999106
0.733728
0.565507
0.791921
1.676672
0.158659
0.333721
0.077544
0.086057
0.037647
3.196168
0.056413
0.336871
0.328574
1.053770
0.246567
-0.294259
-0.131648
-0.137951
0.120979
0.218535
-0.274695
-0.390182
0.891651
-0.526124
-0.250633
-0.054951
-0.345451
-0.195586
-0.358713
-0.313824
-0.191945
-0.032570
-0.115323
-0.158838
-0.273810
0.058981
-0.127883
0.064783
0.124656
0.056469
0.319663
0.412485
0.053378
0.066112
-0.022561
-0.153902
-0.014709
-0.040608
0.224095
-0.021189
0.871758
1.083288
0.113641
0.163484
0.193234
0.019624
0.454135
0.169403
0.552020
-0.310858
-0.203881
0.830155
0.196156
-0.207769
-0.208126
-0.156073
-0.285722
-0.029456
-0.168289
-0.047820
0.201088
-0.266571
-0.348885
-0.270515
-0.076289
0.026148
-0.028119
-0.118037
-0.179645
-0.465003
-0.250031
-0.319404
-0.278238
-0.320540
-0.384540
-0.534697
-0.373328
-0.422398
-0.236058
-0.320030
-0.310870
-0.274234
-0.334771
-0.268726
0.125518
-0.174982
-0.037175
-0.097419
-0.300448
-0.343082
-0.312316
-0.293059
-0.322364
-0.413719
-0.139288
-0.456071
-0.417447
-0.024540
-0.301100
-0.437100
-0.362444
-0.004912
0.086116
-0.386859
-0.178148
-0.308939
-0.280745
-0.428261
-0.395641
-0.328547
-0.227609
-0.360045
-0.482331
-0.306195
-0.357691
-0.181023
-0.319038
-0.053763
-0.410136
-0.085096
-0.385847
-0.258905
-0.081116
-0.364077
-0.306445
-0.434505
-0.439793
-0.238798
-0.344752
-0.556258
-0.330839
-0.434291
-0.434731
-0.462019
-0.445130
-0.192484
-0.330325
-0.465334
-0.518939
-0.112998
-0.339801
-0.289734
-0.416413
-0.085131
-0.275867
-0.208255
-0.220922
-0.158507
-0.173218
-0.392335
0.426749
0.080298
-0.169103
0.421934
-0.232455
-0.402930
-0.296979
-0.325021
-0.424208
-0.356928
-0.235953
-0.356187
-0.190628
-0.202702
-0.247173
0.132990
0.315705
0.501801
0.631186
0.834570
0.348629
1.370965
0.350204
0.838565
0.680022
0.665310
1.216298
0.554260
0.550410
1.402043
4.435578
0.102487
0.713362
0.570705
1.270973
1.124398
1.335212
1.406609
0.665821
0.017306
0.691310
1.186217
1.190775
0.664258
0.906253
0.163699
0.161665
0.721691
0.222073
-0.266862
-0.285145
-0.221408
0.054949
0.242045
0.222762
0.314061
0.412762
0.208648
0.200344
0.601726
0.478150
2.442139
1.083735
2.025471
0.804513
3.551651
4.026022
6.055779
7.536047
3.008528
3.244727
4.908063
2.291523
1.627265
2.060068
2.099481
2.633431
2.325037
0.873741
0.996565
1.657987
0.592588
0.408745
2.475944
0.531308
0.416304
0.151794
0.233000
0.149158
-0.106006
-0.134441
0.380073
0.145525
-0.037298
-0.155382
-0.119319
-0.289379
-0.355068
-0.319905
0.223993
-0.016324
-0.379607
-0.326605
-0.152834
-0.311169
-0.386223
-0.326935
