-0.939297
-0.939297
-0.939297
-0.939297
-0.939297
-0.939297
-0.939297
-0.939297
-0.939297
-0.939297
-0.939297
-0.939297
-0.939297
-0.939297
1.257277
3.275287
0.587461
2.374971
0.732406
0.037404
0.018815
-0.227678
-0.210333
-0.225565
-0.165887
-0.195688
0.032713
-0.286835
-0.255796
0.166152
-0.275259
-0.124747
0.355602
-0.087155
-0.177844
-0.390662
-0.437661
-0.261372
-0.119026
-0.177140
0.111780
0.375582
0.324495
0.189826
0.549887
0.004698
0.158173
0.001998
0.108578
0.064407
0.078351
0.161599
-0.295827
-0.212854
-0.025931
0.043703
0.037916
-0.176565
-0.078803
-0.369652
-0.048149
0.230824
-0.194184
0.232597
-0.108348
-0.041443
0.010636
0.044105
0.069932
0.183385
1.643620
0.022720
0.052195
-0.189110
0.049509
0.049019
-0.040302
0.334387
0.403006
0.382726
0.878079
0.831497
2.699575
2.916779
4.379138
5.413450
2.307357
5.161152
2.325422
3.807107
4.043389
3.146587
2.441171
4.210537
2.364941
4.561762
5.791956
3.175195
2.603058
1.483053
0.296530
0.033180
0.092315
0.191384
0.079713
0.180384
0.086764
0.095828
0.117828
0.214141
0.076280
-0.045040
0.044824
0.057114
-0.101635
0.080184
-0.276879
-0.122821
-0.335939
-0.236773
-0.314831
-0.285490
-0.337312
-0.350006
-0.386352
-0.337489
-0.394324
-0.348331
-0.386269
-0.359433
-0.311934
-0.302969
-0.476551
-0.398501
-0.309197
-0.400520
-0.399075
-0.428069
-0.327459
-0.396225
-0.441482
-0.420883
-0.436941
-0.409990
-0.455570
-0.390915
-0.289492
-0.216422
-0.408137
-0.408074
-0.227933
-0.294234
-0.261662
-0.228736
-0.256574
-0.285494
-0.240572
-0.263340
-0.262797
-0.144407
-0.302764
-0.240357
-0.133250
-0.258972
-0.249110
0.015485
0.108839
-0.274094
0.032125
-0.237729
-0.019513
-0.110623
-0.020628
-0.082634
-0.143117
0.367186
-0.266887
-0.166333
-0.263683
-0.180597
-0.404676
-0.321109
-0.221969
-0.086736
1.200488
0.022031
-0.146421
-0.172637
0.192404
0.312215
0.144823
0.301851
0.287619
0.117669
0.406164
0.178373
0.109106
0.030960
-0.088236
-0.069947
-0.202916
-0.054766
-0.310501
-0.182549
-0.308908
-0.342505
-0.278402
-0.456732
-0.309525
-0.394885
-0.534666
-0.453112
-0.465952
-0.407980
-0.133072
-0.319495
-0.328533
-0.405888
-0.273359
-0.210966
-0.349339
-0.236872
-0.351532
-0.351457
-0.286106
-0.487925
-0.445513
-0.489070
-0.496414
-0.450444
-0.037101
-0.296542
-0.488063
-0.414407
-0.195585
-0.290495
-0.071507
-0.216643
-0.339172
-0.362223
-0.354693
0.007542
-0.154215
-0.220939
-0.243792
-0.382922
-0.456270
-0.178826
-0.522976
-0.413499
-0.474225
-0.467243
-0.181834
-0.341475
-0.404380
-0.354629
-0.346130
-0.225193
-0.286850
-0.241154
-0.173720
-0.090590
0.191604
0.024418
0.280832
0.375898
0.442572
0.265411
0.015767
0.214807
0.329463
0.197401
0.274740
0.758359
0.632645
0.320154
0.289229
0.234848
0.208611
0.104959
-0.082768
0.500723
0.124086
0.123694
3.869380
0.246557
0.064657
0.051364
-0.003233
0.109235
0.092555
0.079078
-0.042118
-0.115747
-0.024537
-0.337555
-0.361494
-0.310120
-0.453446
-0.411744
-0.379714
-0.484722
-0.477724
-0.424335
-0.396185
-0.379091
-0.366584
-0.194624
-0.319143
-0.266591
-0.458428
-0.302214
-0.379247
-0.410027
-0.316775
-0.334927
-0.217847
-0.357909
-0.281835
-0.307474
-0.289576
-0.214055
-0.285012
-0.061028
-0.328247
-0.301012
-0.259660
-0.155040
-0.124593
-0.120499
-0.340609
-0.296402
-0.348202
-0.254984
-0.245944
-0.379204
-0.372183
-0.316050
-0.287623
-0.225709
-0.020571
-0.246635
-0.431801
-0.339425
-0.191720
-0.314587
0.023152
0.230844
-0.401921
0.034204
-0.351465
-0.223569
-0.389440
-0.401377
-0.287736
-0.314258
-0.174888
-0.201731
-0.247373
-0.302072
-0.396419
-0.319051
-0.316878
-0.284568
-0.255326
-0.384365
-0.209647
-0.203744
-0.308410
0.009239
-0.287122
-0.328862
-0.071388
-0.327796
-0.190322
-0.290701
-0.216240
-0.097737
-0.185894
-0.129302
-0.133549
-0.052587
-0.237460
-0.325765
-0.460707
-0.444035
-0.395812
-0.431848
-0.455715
-0.465524
-0.052455
-0.266703
-0.181017
-0.272342
-0.359454
-0.314529
-0.383909
-0.344141
-0.198227
-0.298063
0.095682
-0.381183
-0.321943
0.308063
-0.305101
-0.265413
-0.287182
-0.324745
-0.220462
-0.381681
-0.329289
-0.180253
-0.350950
-0.309176
-0.394028
-0.370254
-0.367687
-0.147455
-0.256685
-0.234341
-0.291927
-0.412234
-0.466232
-0.422791
-0.276939
-0.452618
-0.431789
-0.456105
-0.501571
-0.413474
-0.423656
-0.414802
-0.469729
-0.353275
-0.488536
-0.372392
-0.431473
-0.347824
-0.456508
-0.463993
-0.494359
-0.309452
-0.323158
-0.424036
-0.323161
-0.437648
-0.210949
-0.264666
-0.082164
-0.263395
-0.188165
-0.172314
-0.056848
0.088044
0.600235
0.217656
0.161852
0.149831
0.374932
-0.053171
-0.134992
0.023378
0.315392
0.581023
0.211469
0.431984
0.373629
-0.052537
0.097427
0.844643
0.001235
0.055482
0.287990
-0.251943
0.078343
-0.188538
-0.202505
-0.315327
-0.410802
-0.385060
-0.363622
-0.369416
-0.395845
-0.462062
-0.427140
-0.305441
-0.405783
0.078994
-0.401828
-0.352651
-0.362792
-0.262314
-0.237650
-0.183218
-0.250455
-0.198136
-0.121014
-0.242822
-0.090815
-0.057117
-0.000078
0.269013
0.153516
0.201175
-0.004672
-0.145713
-0.182177
-0.012193
-0.170562
-0.176828
-0.113528
-0.159833
-0.046066
0.126290
-0.264010
-0.326281
-0.297710
-0.308016
-0.415385
-0.347690
-0.221734
-0.237889
-0.255209
-0.348694
-0.323208
0.183910
-0.365165
-0.422333
-0.221898
-0.327986
-0.385717
-0.337595
-0.334996
-0.277789
-0.368654
-0.302262
-0.122131
-0.218561
-0.020983
-0.401852
-0.440130
-0.352462
-0.431899
-0.290497
-0.273767
-0.376139
-0.413700
-0.296670
-0.281077
-0.329118
-0.380382
-0.367196
-0.022862
-0.338380
-0.369356
-0.347381
-0.360594
-0.284920
-0.378266
0.000209
-0.379433
-0.166704
-0.298088
-0.270668
-0.261310
-0.391799
-0.312849
-0.265847
-0.254862
-0.363735
-0.357543
-0.333616
-0.422325
-0.386061
-0.393917
-0.494598
-0.237665
-0.453176
-0.437568
-0.379047
-0.137670
-0.173766
-0.393898
-0.401497
-0.460992
-0.422951
-0.247222
-0.439022
-0.479550
-0.449874
-0.223810
-0.421274
-0.368639
-0.374977
-0.365910
-0.278238
-0.349349
-0.416155
-0.467533
-0.405597
-0.357649
-0.396547
-0.364550
-0.457809
-0.589173
-0.437237
-0.437112
-0.490013
-0.480160
-0.478446
-0.468772
-0.225323
-0.426684
-0.478346
-0.422843
-0.394159
-0.415311
-0.473366
-0.225761
-0.277585
-0.144871
0.005236
-0.276135
-0.420309
-0.312987
-0.213981
-0.200985
-0.297462
-0.163742
-0.342802
0.168640
-0.230297
0.146816
-0.214423
0.353987
0.259992
0.106342
0.083678
0.631935
0.035261
0.227002
0.127288
0.071822
-0.119472
0.595936
0.207883
0.787207
0.069454
0.421931
0.811552
0.304901
0.679938
0.359044
0.652278
1.111649
0.065901
0.301245
0.081378
-0.241807
-0.029531
-0.120290
-0.028166
-0.203332
-0.366671
-0.200124
-0.231589
0.272856
-0.239569
-0.363685
-0.049749
0.022286
0.178259
-0.133153
0.366374
0.067724
-0.023070
0.069471
0.900784
0.348814
0.413893
0.932977
0.264383
0.613379
0.808831
0.535060
0.514788
1.099606
0.657626
1.194712
0.910768
1.215024
1.683164
0.844660
0.816657
0.713784
0.547259
0.351750
0.174942
0.091527
-0.211394
-0.148516
-0.188087
-0.209130
-0.218472
-0.342088
-0.294188
-0.150996
-0.306115
-0.256188
-0.110979
-0.258532
-0.411754
-0.389573
-0.207527
0.144894
-0.051942
-0.095435
-0.200714
0.015937
-0.150036
0.102014
-0.142152
-0.230626
-0.103462
0.162521
0.616474
0.111556
0.029610
-0.367969
-0.286699
-0.159386
-0.215405
0.005954
-0.189501
-0.251672
-0.123556
0.110369
-0.240468
-0.033762
-0.281096
0.397950
0.080407
0.161398
-0.136674
-0.055998
-0.274768
-0.027962
-0.107750
-0.065776
-0.255466
0.016719
-0.148618
-0.116602
-0.145489
0.342013
0.344090
-0.193560
-0.123962
0.045342
0.359847
-0.315733
-0.009431
0.500851
-0.181244
-0.353717
-0.265778
-0.333461
-0.237477
-0.301841
-0.291106
-0.272279
-0.068854
-0.037597
-0.318862
-0.370236
-0.463902
-0.493109
-0.463238
-0.449149
-0.497350
-0.337575
-0.374889
-0.226574
-0.061039
-0.172198
-0.240809
-0.195553
-0.262193
0.004050
-0.104258
0.330694
-0.321108
0.070940
0.165214
-0.040064
-0.257965
-0.370229
-0.272526
-0.080471
-0.489541
0.195725
-0.281297
-0.146450
0.004305
0.654351
0.032591
0.191123
-0.014892
0.330208
-0.024131
0.041931
0.826668
0.820651
1.897249
-0.182344
-0.186593
-0.336471
-0.353536
-0.128483
-0.272380
0.106273
0.618020
0.274866
0.123132
0.231583
0.174184
-0.032959
0.248756
-0.178567
-0.005763
0.429932
0.027309
0.134879
0.118455
0.293696
0.711357
-0.079341
0.171969
0.113289
0.172391
0.091540
0.061580
-0.308263
-0.006403
-0.100141
-0.312271
-0.271135
-0.360461
-0.019939
-0.117086
-0.304122
-0.136442
-0.193377
-0.339871
-0.290669
-0.304406
-0.117570
-0.181945
-0.114929
-0.204782
0.201222
0.009379
-0.250730
-0.089657
-0.108776
0.213067
0.107450
0.010524
0.121769
0.080563
0.487912
0.102550
0.073781
0.078348
0.221554
0.105329
0.061433
0.054589
0.028881
0.034149
-0.022493
0.148849
0.095005
-0.191103
0.117883
-0.187522
-0.300601
-0.189180
-0.166958
-0.274230
-0.175596
-0.142597
0.367210
-0.029801
0.292410
-0.138812
-0.147656
-0.249042
0.076943
-0.375817
-0.385172
-0.362677
-0.279982
-0.379742
-0.324842
0.030038
-0.227396
-0.317581
-0.364482
-0.410610
-0.419584
-0.321903
-0.327981
0.042123
-0.277790
-0.350372
-0.469258
-0.412844
-0.447473
-0.191066
-0.453805
-0.376180
-0.422431
-0.446295
-0.388002
-0.296760
-0.494112
-0.293188
-0.311505
-0.407816
-0.328154
-0.351613
-0.339402
-0.238863
-0.458150
-0.463725
-0.452411
-0.506653
-0.446530
-0.471262
-0.418453
-0.308902
-0.302045
-0.329719
-0.220611
-0.440924
-0.422791
-0.441608
-0.330284
-0.301430
-0.473023
-0.383237
-0.351167
-0.434762
-0.185357
-0.413958
-0.431905
-0.022335
-0.341686
-0.231113
-0.357459
-0.347371
-0.252508
-0.310163
-0.214652
-0.416170
-0.271992
-0.499524
-0.071692
-0.496891
-0.388862
-0.449051
-0.393531
-0.529874
-0.387548
-0.402657
-0.141329
-0.168804
-0.275470
-0.246313
-0.205222
0.198946
-0.158983
-0.252023
-0.246725
-0.293510
0.127418
-0.037568
-0.149044
-0.135874
-0.418865
-0.066347
-0.211208
-0.283221
-0.096140
-0.216130
-0.105635
0.110266
0.049199
-0.103637
-0.288580
0.000204
0.019547
-0.130411
-0.048705
-0.029872
-0.184989
-0.108684
-0.093533
0.350452
0.035167
0.169703
0.120754
0.164624
0.018431
0.230471
3.303607
0.476138
0.136973
0.755727
0.408522
0.493949
3.624499
0.191670
0.173666
0.179599
0.043811
-0.065206
0.073264
-0.059486
-0.145018
-0.154069
-0.274922
-0.095847
-0.249517
-0.307837
-0.177736
-0.208194
0.106219
-0.286125
-0.301580
-0.144744
-0.073189
-0.352115
-0.120790
0.044172
-0.282492
-0.148910
-0.182124
0.040442
-0.145341
-0.052365
-0.057224
-0.213164
-0.188895
0.023373
-0.087136
-0.067420
-0.139279
-0.207516
-0.257609
-0.037725
-0.139074
-0.289664
0.195503
0.038124
-0.222145
0.178361
0.032306
-0.072891
-0.013346
0.108008
0.067594
-0.049276
-0.162102
0.073594
-0.075365
-0.259632
-0.252738
-0.295873
-0.335546
-0.136795
-0.350794
-0.134386
-0.177388
-0.250351
-0.251572
0.051358
-0.106593
0.145801
0.274097
0.680674
0.054573
1.177367
-0.052120
1.238216
0.448369
0.377727
0.693669
0.848116
1.474248
0.341861
0.508370
1.045496
0.585232
0.854277
1.352026
1.138698
1.451716
0.954378
0.993816
0.747749
0.337235
0.839038
0.049880
1.633942
0.455430
0.044231
-0.251134
-0.231972
-0.066350
-0.409078
-0.359229
-0.394700
-0.281794
-0.181374
-0.278978
-0.191995
-0.428505
-0.329513
-0.265450
-0.461132
-0.388686
-0.425975
-0.324220
0.113802
-0.180712
-0.171819
0.082599
0.198544
0.555957
0.124482
0.195034
-0.199753
-0.036897
-0.453019
-0.332867
-0.355398
-0.279971
0.253624
-0.184941
-0.273233
-0.189498
-0.300083
-0.146429
-0.352347
-0.306052
-0.438609
-0.126894
-0.350551
-0.501337
-0.297896
-0.460933
-0.469939
-0.377868
-0.439326
-0.248417
-0.225143
-0.276713
-0.289655
-0.216053
-0.035958
-0.092556
-0.039374
0.183612
0.235182
0.283074
0.358713
0.552452
2.216707
0.985050
0.658734
1.614063
1.157395
2.025912
3.854274
2.447673
2.378658
1.902726
2.382856
3.928738
1.928366
1.819542
2.205852
1.524842
0.593727
0.719297
0.641565
0.060137
1.130430
0.274045
0.412548
0.270091
0.585521
0.228046
-0.018753
0.298395
0.623858
-0.129327
-0.058789
1.538996
0.203573
-0.143997
-0.187031
-0.165778
-0.117427
-0.328714
-0.310553
-0.299561
-0.207102
-0.330701
-0.351437
-0.404756
-0.343326
-0.372705
-0.405770
-0.360328
-0.470836
-0.366560
-0.172048
-0.432648
-0.275090
-0.354095
-0.331691
-0.410117
-0.430201
-0.394466
-0.532708
-0.482918
-0.456325
-0.178441
-0.326483
-0.277145
-0.248155
-0.233733
-0.344298
-0.155258
-0.323758
-0.321859
-0.119470
-0.202584
-0.109345
-0.246627
-0.332464
-0.167198
-0.172767
-0.153221
-0.302273
-0.281458
-0.292279
-0.466694
-0.170108
-0.215647
-0.065122
-0.021508
-0.081284
-0.021353
-0.166239
0.083605
0.139793
0.123465
0.197093
-0.068081
0.398930
-0.209325
-0.389435
-0.347487
-0.326051
-0.300709
0.064938
0.262935
-0.289297
0.112216
-0.100244
0.691875
-0.159299
0.917099
0.323326
0.086322
0.315240
0.060183
1.368635
0.436180
0.656197
0.109027
-0.221851
0.118880
-0.214583
0.349103
0.063918
0.400026
-0.409552
-0.180538
-0.360719
-0.189505
-0.320157
-0.439013
-0.329771
-0.218083
-0.253426
-0.314216
-0.408221
-0.291660
-0.415306
0.109621
-0.363412
-0.394879
-0.339344
-0.329613
-0.382836
-0.376296
-0.383276
0.063300
-0.306539
-0.391646
-0.407475
-0.485425
-0.241619
-0.443521
-0.270177
-0.416656
-0.347642
-0.535247
-0.469599
-0.456670
-0.349029
-0.410999
-0.520524
0.117445
-0.199003
-0.095189
-0.117592
-0.202302
0.219673
-0.412640
-0.398372
-0.443752
-0.398604
-0.335808
-0.048480
-0.469397
-0.377714
-0.500677
-0.388541
-0.363364
-0.215986
-0.269951
-0.126904
-0.169030
0.188023
0.059215
0.688217
0.115713
0.424319
0.286194
0.380829
0.279122
0.367261
0.446252
0.348383
0.679507
0.513871
0.337608
0.346607
0.354780
0.492056
0.371316
0.158640
0.069582
0.289665
0.281069
0.315025
0.016452
-0.063405
0.382296
0.118764
0.039377
0.031120
-0.035135
0.118262
-0.188878
-0.157843
-0.154116
-0.288884
-0.418160
-0.322036
-0.368582
-0.404734
-0.281533
-0.419067
-0.433550
-0.404518
-0.362681
-0.418456
-0.275747
-0.250028
0.107546
-0.431365
-0.375699
-0.397556
-0.438532
-0.398416
-0.442891
-0.398575
-0.339057
-0.391042
-0.387428
-0.335862
-0.392100
-0.303527
-0.304103
-0.313108
-0.322842
-0.335653
-0.304578
-0.254813
-0.236827
-0.274278
-0.332017
-0.337719
-0.265654
-0.256318
-0.334599
-0.275312
-0.328351
-0.315529
-0.289650
-0.314692
-0.204295
0.187673
-0.178583
0.006043
-0.115647
0.292523
0.340295
0.263100
-0.336230
-0.265371
-0.328709
-0.236627
-0.054522
-0.231070
-0.387881
-0.164192
-0.223403
-0.246074
-0.163926
-0.298478
-0.361702
-0.240022
-0.344284
-0.396038
-0.223206
-0.428956
-0.341665
-0.180574
-0.424654
-0.247609
-0.257828
-0.161162
0.098077
-0.219680
-0.301428
-0.201585
-0.179784
0.203720
-0.105625
0.157023
-0.100510
0.277910
-0.192733
-0.370426
-0.285855
-0.199966
-0.404103
-0.194737
-0.174775
-0.286894
-0.106012
-0.300551
-0.322359
-0.342824
-0.277689
-0.079071
-0.381468
-0.400904
-0.384666
-0.138181
-0.051006
-0.436417
-0.399822
-0.426870
-0.290331
-0.264936
-0.369775
-0.388252
-0.296553
-0.148894
-0.357451
-0.325745
-0.169407
-0.340671
-0.091379
-0.060066
-0.308802
-0.354576
-0.195789
-0.412259
-0.404767
-0.454643
-0.472558
-0.438117
-0.397338
-0.399052
-0.356132
-0.333191
-0.368929
-0.090892
-0.429051
-0.464034
-0.367224
-0.274084
-0.398980
-0.324762
-0.277589
-0.064090
-0.284034
-0.230439
-0.244574
-0.352521
-0.036265
0.488301
-0.167881
-0.209783
-0.143521
-0.324132
0.002143
0.064818
-0.223429
-0.199940
0.355287
0.242053
0.159554
0.338771
0.277577
0.273619
0.271945
0.098109
-0.010346
-0.137147
0.529814
0.152971
0.198823
0.085044
0.021796
0.086638
-0.084427
0.216812
-0.194347
0.244078
-0.103718
0.186527
-0.060932
-0.356449
-0.149379
-0.258667
-0.395290
-0.413504
-0.380812
-0.536046
-0.389264
-0.404309
-0.419513
-0.383597
-0.371365
0.170936
-0.372384
-0.419851
-0.306841
-0.303268
-0.322228
-0.080453
-0.299943
-0.208601
-0.180156
-0.117161
-0.187450
-0.168345
-0.150361
0.013882
-0.094741
0.007338
0.682901
-0.101883
-0.250190
-0.260102
-0.151024
-0.173955
0.098410
-0.219130
-0.193927
-0.155250
-0.037364
-0.202702
-0.129736
-0.197239
-0.272917
-0.155117
-0.143979
-0.236770
-0.241946
-0.331929
-0.104971
-0.335629
-0.270915
-0.351919
-0.238381
-0.171215
-0.336630
-0.356353
-0.350016
-0.109839
-0.358368
-0.253425
-0.250901
-0.115510
-0.306408
-0.179747
-0.411174
-0.346493
-0.407467
-0.368545
-0.321289
-0.407110
-0.272242
-0.294349
-0.293630
-0.391991
0.043659
-0.395890
-0.427470
-0.478822
-0.244787
-0.443053
-0.284751
-0.255952
-0.487422
-0.426495
-0.239100
-0.487563
0.016167
-0.342381
-0.223431
-0.363255
-0.369151
-0.339590
-0.244510
-0.233725
-0.160422
-0.291233
-0.180902
-0.284460
-0.116108
0.441225
-0.136021
-0.111033
0.031969
-0.373752
-0.194380
0.250442
-0.126031
0.703509
0.014050
-0.173400
1.341772
0.164993
0.093144
-0.143995
0.129839
-0.404290
-0.202344
-0.190296
-0.442435
-0.415522
-0.266712
-0.494924
-0.343105
-0.450107
-0.471934
-0.373045
-0.450440
-0.223617
-0.293285
-0.526845
-0.486911
-0.447173
-0.441552
-0.483747
-0.465136
-0.554220
-0.357365
-0.322607
-0.398485
-0.332141
-0.273939
-0.453867
-0.461811
-0.413844
-0.352781
-0.038884
-0.324570
-0.357967
-0.358929
-0.413493
-0.390232
-0.355918
-0.407525
-0.330221
-0.404900
-0.188591
-0.121993
-0.128090
0.105318
0.912945
0.442990
0.066201
0.195476
0.157752
0.149961
0.135484
-0.105074
-0.045803
0.172716
0.173564
-0.087230
0.229182
0.123462
0.417025
0.118758
-0.146025
0.001652
-0.033048
0.286234
0.077003
-0.014600
-0.106611
-0.066835
-0.039346
-0.186477
-0.119901
-0.252245
-0.223494
-0.235622
-0.325382
0.288441
-0.364553
-0.083662
-0.343286
0.092616
0.278224
0.143244
0.703152
0.749238
0.037497
0.280720
-0.041043
0.170659
0.415776
0.077383
0.081456
0.518741
0.110404
0.509026
0.758306
0.555507
0.760278
0.124267
0.636407
1.034794
1.023645
0.429836
1.041055
0.416431
1.925393
0.313356
2.628666
0.021744
0.106140
-0.053013
-0.218431
-0.238825
-0.201229
-0.180955
-0.071171
-0.287399
-0.097578
0.393406
-0.163973
-0.303184
-0.202678
-0.303867
0.113906
-0.058662
0.011902
0.259342
-0.301999
-0.214626
-0.110903
-0.038845
-0.083151
0.057435
-0.158004
-0.049312
-0.014639
-0.061261
0.092588
-0.078984
-0.150783
-0.359193
-0.339456
-0.165806
-0.159593
-0.410103
-0.379519
-0.152022
-0.189878
-0.298315
-0.101899
-0.151174
-0.369580
-0.307427
-0.194269
-0.105213
-0.460734
-0.266889
-0.224358
-0.161753
-0.175650
-0.246191
-0.163844
-0.318725
-0.270473
-0.175106
0.003402
-0.026707
-0.168525
0.214673
-0.243184
-0.212830
-0.276812
-0.234775
-0.196509
-0.064172
0.198859
0.006987
-0.268704
-0.339621
-0.365064
-0.494421
-0.374137
-0.455070
-0.458997
-0.393353
-0.545831
-0.460071
-0.376327
-0.327148
-0.405055
-0.414643
-0.376527
-0.423376
-0.309009
-0.308204
-0.357882
-0.383032
-0.346786
-0.309871
-0.380884
-0.261325
0.186868
-0.388479
0.071281
-0.184345
-0.113623
-0.153729
0.606432
-0.174125
0.215754
0.769479
1.395664
0.193795
0.614819
1.178629
0.964165
0.687575
0.720472
0.597786
0.101527
0.282203
0.200189
-0.038934
-0.153320
-0.306425
-0.345800
-0.125079
-0.000351
0.213669
0.130917
0.150207
0.014817
0.154948
0.249666
0.253881
0.316097
0.099721
0.399022
-0.026500
0.873105
0.256527
0.214674
0.355372
0.141935
0.065224
0.305370
0.341826
0.251786
0.870873
0.106603
0.538472
-0.048282
-0.012153
-0.243118
-0.166664
-0.306105
-0.143609
0.030070
-0.223077
-0.219802
-0.268120
-0.352301
-0.207213
0.075655
-0.290598
-0.292294
-0.162945
-0.110988
-0.055900
0.681565
0.054366
0.030255
-0.166530
-0.102669
0.241094
0.100815
0.209750
0.297166
0.381137
0.291119
0.436428
0.077272
0.210621
0.225761
0.045131
0.242025
0.102830
0.158829
-0.202317
0.370956
0.212980
0.413991
0.193466
-0.094978
-0.139572
-0.337543
-0.208848
-0.158714
0.112443
-0.090960
-0.030952
0.029040
-0.202504
-0.133799
0.087441
-0.007436
-0.247471
-0.269408
-0.255739
-0.207943
-0.275795
-0.405833
-0.428711
-0.157111
-0.336887
-0.355756
-0.279350
-0.282543
-0.356235
-0.190547
-0.332067
-0.347217
-0.404184
-0.398569
-0.446531
-0.206063
-0.364437
-0.402619
-0.386381
-0.460626
-0.283015
-0.428918
-0.422459
-0.324421
-0.418144
-0.448229
-0.324132
-0.384437
-0.452874
-0.050539
-0.324815
-0.373152
-0.247030
-0.428386
-0.375280
-0.407003
-0.337950
-0.281900
-0.255781
-0.126362
-0.342337
-0.259206
1.544713
-0.266691
-0.263862
-0.069683
-0.300800
-0.391395
-0.388161
-0.134024
-0.243097
-0.463291
-0.229207
-0.150223
-0.388849
-0.518129
-0.495224
-0.462166
-0.375237
-0.373216
-0.480635
-0.465988
-0.270939
-0.342401
-0.485099
-0.272110
-0.296424
-0.460306
-0.207764
-0.460042
-0.264466
-0.402646
-0.238301
-0.238904
-0.430030
-0.452338
-0.222246
-0.293667
-0.380587
0.110635
-0.181695
-0.211908
-0.076854
-0.132547
-0.270758
-0.136163
-0.227378
-0.279475
-0.169721
-0.379039
-0.376127
-0.180716
-0.353219
-0.398028
-0.337999
-0.252478
-0.227587
-0.203507
-0.198313
-0.094865
-0.130500
0.005554
-0.087662
-0.272728
-0.130935
-0.092934
-0.209865
-0.096785
-0.169325
-0.019611
0.280893
0.132596
-0.085483
-0.190215
0.202723
0.138914
-0.011445
-0.102917
0.076007
0.342458
0.341280
0.312201
0.549064
0.119388
-0.064544
0.032442
0.481222
-0.024765
-0.077366
0.021704
0.119151
0.071242
-0.379349
-0.303268
-0.168496
-0.367573
-0.412947
-0.440523
-0.376747
-0.349277
-0.466866
-0.340772
-0.432799
-0.437413
-0.358634
-0.240096
-0.317150
-0.178357
-0.238276
-0.396253
-0.397827
-0.397752
-0.412066
-0.232179
-0.330805
-0.401165
-0.409252
-0.334483
-0.355251
-0.194769
-0.398867
-0.354623
-0.381011
-0.260589
-0.280812
-0.281097
-0.360631
-0.032047
-0.261371
-0.193887
-0.313786
-0.191854
-0.256008
-0.168499
0.099101
-0.058519
-0.202393
-0.169802
-0.038908
-0.305212
0.074588
-0.253355
-0.072405
-0.406378
-0.066536
-0.149699
-0.022432
-0.228581
-0.263287
0.097631
-0.189558
-0.069934
0.144118
0.137433
-0.059398
0.398309
-0.016332
0.295320
-0.155956
-0.192728
-0.013468
0.028236
0.052089
0.372885
0.548930
1.393955
0.320270
0.211298
0.912965
0.547968
0.565605
0.510832
0.372419
0.495621
-0.117375
0.428760
-0.085920
-0.341757
-0.362294
-0.358594
-0.436631
-0.180534
-0.238291
-0.233597
-0.263799
0.094140
-0.101693
-0.200708
-0.412201
0.229313
-0.179429
-0.150130
0.301925
-0.109161
0.057493
-0.263929
-0.203100
-0.450164
-0.269616
-0.489671
-0.322048
-0.293680
-0.381597
-0.234394
0.468579
-0.160375
0.166575
0.008059
-0.129153
0.170009
-0.021458
0.414508
0.183093
0.140895
-0.173813
0.640500
-0.167141
-0.038437
-0.327534
0.041914
-0.326477
-0.192279
-0.068976
-0.490457
-0.426546
-0.390415
-0.415646
-0.313493
-0.395929
-0.168116
-0.031251
-0.113518
0.087998
-0.087706
0.228726
-0.118395
-0.055724
0.259753
0.289401
0.257755
0.327874
0.356088
0.885650
0.539384
0.901867
1.071368
0.798647
0.998309
1.434874
1.329950
1.489752
2.396609
0.902722
2.082722
1.902755
2.187915
1.017718
0.479543
0.109333
-0.080518
0.326879
0.119497
0.525671
0.291560
0.166131
0.367277
0.579870
0.213307
1.018419
0.021200
-0.051551
-0.065092
-0.087668
-0.149332
0.029469
-0.335458
-0.017410
-0.114451
-0.317443
-0.205677
-0.372056
-0.314104
-0.228836
-0.337636
-0.170217
-0.274886
-0.295647
-0.305717
-0.229547
-0.244153
-0.265466
-0.324992
-0.141483
-0.394698
-0.348988
-0.442983
-0.374541
-0.374701
-0.489105
-0.485145
-0.481054
-0.469372
-0.369359
-0.338893
-0.324092
-0.350362
-0.352487
-0.355323
-0.291877
-0.279007
-0.249989
-0.344330
-0.175157
-0.283797
-0.233931
-0.181487
-0.210543
-0.156929
-0.134564
-0.312433
-0.000777
-0.298891
0.026975
-0.060740
-0.033413
0.370601
-0.088220
0.772076
-0.132885
0.001715
0.277996
0.038185
-0.067779
0.012017
0.441052
-0.311335
0.012360
-0.029824
-0.199039
-0.295931
0.011573
0.112988
-0.127737
0.019975
0.338026
0.054768
0.362740
0.213175
0.180411
0.393944
0.418548
0.328683
0.264166
0.037524
0.097032
-0.005306
-0.095373
0.250064
-0.308790
0.088174
0.243014
-0.370302
-0.300155
-0.138884
-0.345452
-0.265287
-0.276974
-0.341992
-0.370263
-0.599384
-0.353052
-0.517248
-0.222319
-0.474210
-0.245526
-0.388218
-0.397410
-0.331953
-0.321718
-0.367730
-0.461298
-0.403186
-0.227620
-0.497761
-0.461775
-0.469566
-0.470217
-0.422949
-0.466501
-0.208487
-0.298962
-0.422073
-0.344433
-0.397798
-0.386354
-0.420642
-0.281943
-0.405344
-0.338437
-0.424165
-0.378950
-0.450139
-0.361784
-0.301433
-0.341494
-0.459744
-0.257915
-0.440383
-0.490769
-0.430325
-0.425806
-0.380739
-0.470559
-0.277412
-0.364258
-0.057370
-0.210657
-0.124873
-0.076495
-0.148519
-0.158181
-0.039399
0.031179
0.084364
0.119149
0.446572
0.222854
0.661281
0.442831
0.251835
0.298657
0.507985
0.481995
0.441818
0.533734
0.356797
0.502454
0.201964
0.293154
0.112256
0.105151
0.053767
0.350082
-0.092091
0.155420
-0.011160
0.135176
-0.064434
0.009330
-0.058330
-0.200133
0.082948
-0.045352
0.045543
-0.344822
-0.311741
-0.310622
-0.470081
-0.418623
-0.440085
-0.471232
-0.445429
-0.354633
-0.471436
-0.403625
-0.306440
-0.024247
-0.241578
-0.440733
-0.420510
-0.341844
-0.367509
-0.375303
-0.353314
-0.346446
-0.294221
-0.438622
-0.314435
-0.342466
-0.310243
-0.315511
-0.356186
-0.281304
-0.209476
-0.317269
-0.264701
-0.373762
-0.278695
-0.205276
-0.199506
-0.294573
-0.338444
-0.255447
-0.313087
-0.265541
-0.313299
-0.248885
-0.248375
-0.219170
-0.231224
-0.107772
-0.114659
-0.185093
-0.163138
0.037851
-0.271522
0.327491
-0.252865
-0.178700
-0.325462
-0.215337
0.939139
0.017788
-0.399731
-0.235457
-0.248587
-0.091994
-0.335140
-0.331859
-0.233830
-0.279395
-0.172335
-0.175630
-0.350775
-0.262499
-0.364338
-0.296756
-0.341331
-0.184808
-0.249528
-0.214852
-0.002455
-0.166610
-0.284155
-0.270654
-0.216037
-0.205412
-0.255553
-0.083192
-0.246079
-0.183266
-0.446539
-0.268008
-0.356738
-0.112878
-0.352969
-0.235500
-0.385777
-0.251839
-0.244206
-0.391668
-0.248559
-0.361609
0.070684
-0.296506
-0.286249
-0.273125
-0.210072
-0.339669
-0.229609
-0.376331
-0.384818
-0.198767
-0.298318
-0.258445
-0.164795
-0.323436
-0.532795
-0.283604
-0.483141
-0.284888
-0.351694
-0.303697
-0.301616
-0.213857
-0.313081
-0.403638
-0.225228
-0.201964
-0.075452
-0.431713
-0.297898
-0.422272
-0.282381
-0.061352
-0.388966
-0.388190
-0.199686
-0.263065
-0.334382
-0.358723
-0.253037
0.090139
-0.050708
-0.294955
-0.406582
0.636832
-0.327818
-0.041888
-0.097666
-0.120851
0.146799
-0.157859
-0.033097
-0.174629
-0.189039
-0.341069
-0.259384
-0.330827
-0.173788
-0.177936
-0.122695
-0.215413
0.167720
0.054116
0.383330
0.310508
0.287003
0.047093
0.070955
-0.076161
3.266278
0.315395
0.237172
-0.027433
0.125804
0.105109
0.522994
0.104057
0.078554
-0.069528
0.028552
-0.132996
0.109873
-0.100915
-0.200741
-0.161098
-0.235616
-0.274366
0.086907
-0.294404
-0.389227
-0.355765
-0.418458
-0.354352
-0.326430
-0.289286
-0.289154
-0.332197
-0.414343
-0.380340
-0.322397
-0.353900
-0.144161
-0.298398
-0.171858
-0.306747
-0.163187
-0.207187
-0.095534
-0.078957
-0.047503
-0.181228
-0.241679
-0.209628
-0.209270
-0.200356
-0.093871
-0.264719
-0.041051
-0.119327
0.275060
-0.238454
-0.166057
-0.070719
-0.183154
-0.240220
-0.370109
-0.264418
-0.298475
-0.410106
-0.276060
-0.310272
-0.287905
-0.244702
-0.428292
-0.359775
-0.304328
-0.253637
-0.160734
-0.303105
-0.438386
-0.416125
-0.376330
-0.371680
-0.359505
-0.097093
-0.319380
-0.447848
-0.264604
-0.357194
-0.419344
-0.327941
-0.378447
-0.385238
-0.259525
-0.344529
-0.327401
-0.272574
-0.341368
-0.348690
-0.368036
-0.322419
-0.419991
-0.460997
0.194269
-0.199776
-0.515695
-0.312100
-0.276986
-0.334907
-0.310727
-0.295770
0.064664
-0.255742
-0.195499
-0.358459
-0.410449
-0.324848
-0.390323
-0.405268
-0.326606
-0.370600
-0.229376
-0.279552
-0.247828
-0.316053
-0.412029
-0.408372
-0.469143
-0.360202
-0.153480
-0.469534
-0.486354
-0.499552
-0.383559
-0.314975
-0.396281
-0.333247
-0.489937
-0.243025
-0.272638
-0.430144
-0.397851
-0.325097
-0.431661
-0.208209
-0.436542
-0.402345
-0.466033
-0.346601
-0.364021
-0.363302
-0.314469
-0.419639
-0.532166
-0.504318
-0.244728
-0.396453
-0.475472
-0.410841
-0.417225
-0.413508
-0.302054
-0.377178
-0.221591
-0.444918
-0.344126
-0.427497
-0.330969
-0.284971
-0.263439
-0.307615
-0.256119
-0.000555
-0.288579
-0.265475
-0.029768
-0.502218
-0.373793
0.009084
-0.109087
-0.185259
-0.142820
0.021341
0.404861
0.391965
0.090057
0.196872
0.739497
0.132778
-0.014808
-0.011175
-0.038103
-0.054729
0.362351
-0.008330
0.108521
0.262909
0.305104
0.578225
0.719778
0.373368
0.184626
1.297692
2.863689
-0.030833
0.898186
-0.053542
-0.317181
-0.293403
-0.065860
-0.174594
-0.338688
-0.210861
-0.042598
-0.322916
0.218302
-0.195374
-0.336959
-0.309418
0.208605
0.659651
0.174763
-0.051795
-0.045083
0.112637
0.142225
0.414309
0.188550
0.418448
0.791228
0.399677
0.392975
0.866985
0.182179
0.508213
0.610343
0.767956
0.418652
0.544010
0.588630
0.563677
0.695191
0.333746
0.141462
0.110144
0.074047
-0.029714
-0.201173
-0.228013
-0.317841
-0.173966
-0.244462
-0.108485
-0.255413
-0.204879
-0.204748
-0.194184
-0.274976
-0.158277
-0.323995
-0.158811
-0.289155
-0.300064
-0.140943
0.025176
-0.259996
-0.248582
-0.232483
-0.338837
-0.194727
-0.101458
-0.259432
-0.276367
-0.188495
0.237826
0.094387
-0.198489
-0.122400
-0.322285
-0.107377
-0.255633
0.050556
0.086255
-0.265047
-0.196099
-0.021578
0.346898
-0.205798
0.454515
-0.112927
-0.129286
0.188364
-0.322417
-0.139123
0.510128
-0.028538
0.036764
0.029789
0.152857
-0.085322
-0.088700
-0.293779
-0.191730
-0.064516
0.224062
-0.307688
1.154048
-0.315329
-0.153525
0.010905
0.168482
-0.207856
-0.184874
-0.149479
-0.314118
-0.154704
-0.309790
-0.188956
-0.227753
-0.371695
-0.244501
-0.430329
-0.448742
-0.367305
-0.360163
-0.428733
-0.383565
0.023108
-0.145172
-0.303138
-0.216843
-0.421624
-0.366688
-0.324819
-0.199832
-0.395535
-0.442182
-0.324978
-0.387310
-0.290199
-0.416871
-0.300555
-0.181468
-0.184403
-0.072228
-0.329817
-0.144052
-0.187984
-0.366805
-0.262265
-0.219099
-0.145795
-0.103607
-0.009956
0.098671
-0.209842
-0.059012
-0.155402
1.078080
0.492143
0.303661
0.542414
0.285848
-0.191140
-0.040877
-0.035473
0.297563
-0.001713
0.556693
0.612487
1.008181
0.405011
0.317629
0.484358
0.294923
0.072303
-0.091472
0.044416
0.197713
0.382893
0.091415
0.012677
0.591787
0.026048
0.124493
0.386813
0.127910
0.600440
0.057551
-0.011932
-0.123932
-0.053842
-0.110805
0.353655
-0.274249
0.007289
-0.287589
-0.265765
0.095244
-0.200206
-0.345282
-0.365971
-0.336746
-0.315021
-0.239921
0.046572
0.886334
0.206777
-0.137558
0.139012
-0.026868
-0.021050
0.091079
0.365700
0.318513
0.140705
0.210144
0.360537
0.386793
0.511152
0.213316
0.326868
0.091885
-0.000218
0.743273
0.017805
0.241282
0.082106
-0.027889
-0.014393
0.073733
0.033590
-0.097979
-0.056637
-0.139505
-0.200335
-0.282815
0.041692
-0.151444
-0.245190
0.008967
-0.133391
-0.150065
-0.292202
-0.364289
-0.458231
-0.271907
-0.203794
-0.067456
-0.344801
-0.376481
-0.344631
-0.153299
-0.298777
-0.319110
-0.220369
-0.124179
-0.029149
-0.216197
-0.324506
-0.472780
-0.355769
-0.375818
-0.400803
-0.428706
-0.268562
-0.328819
-0.322194
-0.372476
-0.357458
-0.411889
-0.345769
-0.465371
-0.409532
-0.329063
-0.457739
-0.336156
-0.405070
-0.392152
-0.130142
-0.267071
-0.274422
-0.259664
-0.470049
-0.338593
-0.476163
-0.399417
-0.348194
-0.393697
-0.387876
-0.356815
-0.435095
-0.445892
-0.289317
-0.233555
0.276519
-0.350846
-0.214218
-0.018171
-0.284243
-0.094254
-0.008310
-0.186288
0.029394
0.025488
-0.277699
-0.219830
-0.336085
-0.405891
-0.104970
-0.357574
-0.174977
-0.197397
-0.314286
-0.375057
-0.462424
-0.420140
-0.471324
-0.378812
-0.275948
-0.351061
-0.432429
-0.316693
-0.324678
-0.330948
-0.011047
-0.280778
-0.181888
-0.282123
-0.219907
-0.180017
-0.079420
0.001213
0.035653
-0.075385
-0.263173
-0.262770
-0.343685
-0.035571
-0.295818
-0.163864
-0.254221
-0.340026
-0.397435
-0.417393
-0.240027
-0.049325
-0.070849
-0.062809
-0.330152
-0.124015
-0.265616
-0.077737
-0.241108
-0.238400
0.086735
-0.139696
-0.159869
-0.086533
0.025267
0.075058
0.070994
-0.031739
0.053994
-0.073824
0.140069
0.080453
0.473273
0.290512
0.524115
0.339544
-0.025447
0.190483
0.362768
-0.107757
-0.092375
-0.051542
-0.092815
-0.131598
-0.382694
-0.308529
-0.314249
-0.245766
-0.456881
-0.406680
-0.375120
-0.408429
-0.429110
-0.431417
-0.403593
-0.222294
-0.416853
-0.221902
-0.467419
-0.457920
-0.223616
-0.063510
-0.175938
-0.295213
-0.113159
-0.178834
-0.086258
-0.263984
-0.260496
-0.165843
-0.099055
-0.121925
-0.032916
-0.140103
-0.192507
-0.260155
-0.187960
-0.264581
-0.300232
-0.415768
-0.052065
-0.014730
-0.217715
-0.128838
-0.184803
-0.197422
-0.167996
-0.219695
-0.292098
-0.180498
0.023127
-0.189557
-0.046247
-0.044182
-0.358331
-0.302748
-0.367162
-0.021991
-0.271905
-0.053219
-0.405866
-0.294140
0.164244
-0.104349
0.091422
-0.160257
-0.165217
-0.165399
-0.051688
-0.208006
-0.105956
-0.189245
0.144272
0.056242
0.005702
0.037908
-0.132293
-0.055997
0.256278
0.136909
0.365034
0.805940
0.171306
0.184518
0.136773
0.216329
-0.047436
-0.038954
-0.145680
-0.137098
-0.268171
-0.278646
-0.386343
-0.275371
-0.215341
-0.314373
-0.222570
-0.308139
0.072951
0.165407
-0.031245
-0.246181
-0.305096
-0.069798
-0.039168
-0.261047
0.061260
0.075896
-0.049473
0.037517
0.201295
-0.086897
-0.248686
-0.235354
-0.329674
-0.342171
-0.386810
-0.422701
-0.498415
-0.421829
-0.506118
-0.192452
-0.300664
-0.537793
-0.516550
-0.446831
-0.299568
-0.499737
-0.455255
-0.428991
-0.425091
-0.459027
-0.408329
-0.342895
-0.385878
-0.416617
-0.378931
-0.353630
-0.356830
-0.361904
-0.259825
-0.404574
-0.369525
-0.421268
-0.375513
-0.312533
-0.392968
-0.133323
-0.242119
0.147784
-0.128228
-0.222339
0.079799
-0.037716
0.291546
0.163363
0.197811
0.738258
0.572601
0.450767
0.326045
0.500027
0.534079
0.563957
0.812080
0.724873
1.380301
0.944446
1.006805
0.920334
0.445759
-0.010380
0.143649
0.047139
0.141348
0.336095
0.185091
0.248287
0.516263
0.057719
-0.061175
0.301137
-0.090320
-0.109621
0.437323
-0.108311
-0.071625
-0.076765
0.085869
-0.149584
-0.258844
-0.364861
-0.401839
-0.249406
-0.301302
-0.304502
-0.385213
-0.322074
-0.439543
-0.185506
-0.201281
-0.423220
-0.463042
-0.342070
-0.260868
-0.366765
-0.415631
-0.341333
-0.450414
-0.454000
-0.467387
-0.463115
-0.469147
-0.444795
-0.155003
-0.245676
-0.357352
-0.412354
-0.268158
-0.392021
-0.362069
-0.335452
-0.350766
-0.243414
-0.254113
-0.156244
-0.275097
-0.217702
-0.298793
-0.238568
-0.312080
-0.268896
-0.261863
-0.157903
-0.249394
0.296478
-0.409351
-0.068697
-0.148334
-0.161896
-0.181422
-0.325344
-0.089188
-0.094501
-0.157979
-0.190517
-0.212042
0.366568
0.254395
-0.032135
-0.205237
-0.138070
-0.138738
0.355105
0.189263
-0.007132
0.920294
0.035808
-0.042227
0.028532
0.195700
0.195021
-0.004893
0.660287
0.438103
0.905820
0.344411
0.365131
-0.031837
-0.040014
-0.061735
0.171664
-0.204421
-0.377800
-0.286099
-0.326266
-0.222394
-0.172995
-0.294832
-0.458896
-0.473998
-0.491806
-0.516607
-0.417324
-0.473497
-0.405030
-0.369353
-0.198625
-0.435549
-0.316085
-0.350837
-0.353068
-0.256567
-0.277281
-0.461985
-0.394613
-0.504119
-0.314196
-0.463789
-0.440418
-0.476411
-0.363917
-0.410662
-0.466333
-0.443916
-0.477629
-0.252162
-0.293980
-0.165579
-0.031346
-0.147748
-0.288086
-0.504162
-0.445253
-0.318436
-0.317891
-0.210764
-0.407322
-0.390869
-0.354548
-0.421447
-0.473793
-0.505388
-0.329406
-0.372773
-0.480158
-0.402033
-0.398450
-0.125569
-0.334526
-0.336996
-0.163618
-0.133765
-0.217948
0.297167
0.663972
0.345103
-0.022098
0.398256
-0.047809
0.021989
0.261066
0.345045
0.592170
0.417389
0.161039
0.832718
0.393682
0.145997
0.276554
0.367838
0.168319
0.026158
0.301555
0.315950
-0.008080
0.060525
0.020445
0.088551
0.021925
0.122978
-0.036721
-0.194026
-0.246199
0.108348
-0.194887
-0.236214
-0.397136
-0.365465
-0.374773
-0.453708
-0.392806
-0.456991
-0.452142
-0.441912
-0.213495
-0.362003
-0.390762
-0.281148
-0.259264
-0.461903
-0.399163
-0.455881
-0.297880
-0.372823
-0.216145
-0.367533
0.023524
-0.434479
-0.324931
-0.295844
-0.248384
-0.362392
-0.317932
-0.387970
-0.390428
-0.332137
-0.353677
-0.355925
-0.319934
-0.232060
-0.300687
-0.315369
-0.358825
-0.273486
-0.276555
-0.318833
-0.355506
-0.362487
-0.433795
-0.280302
-0.362757
0.033768
0.047503
-0.205156
-0.253744
-0.027047
-0.090613
-0.027618
-0.241502
-0.232382
-0.172488
-0.338562
1.310610
-0.183332
-0.255919
-0.080337
-0.191486
-0.235332
-0.250267
-0.235421
0.545448
-0.373970
-0.352190
-0.343446
-0.355693
-0.363005
-0.270920
-0.457845
-0.331499
-0.362846
-0.000212
-0.303034
-0.192344
0.055452
-0.167912
-0.363607
-0.212870
0.072625
-0.138749
-0.009128
-0.049254
-0.083496
-0.281235
-0.355503
-0.356017
-0.334012
-0.368344
-0.268829
-0.437589
-0.512737
-0.418462
-0.371336
-0.282945
-0.284146
-0.277617
-0.307872
-0.404812
-0.080552
-0.303195
-0.247533
-0.069493
-0.329906
-0.360563
-0.321180
-0.246738
-0.177614
-0.435568
0.892771
-0.391962
-0.475489
-0.476523
-0.541564
-0.493835
-0.387919
-0.440621
-0.447021
-0.202004
-0.362087
-0.340387
-0.295144
-0.379411
-0.403399
-0.471540
-0.310423
-0.452671
-0.136683
-0.372772
-0.311053
-0.170875
-0.335487
-0.334704
-0.261806
-0.386029
-0.392726
-0.146290
-0.267761
-0.320018
-0.194644
-0.382785
-0.046228
-0.028466
-0.336468
-0.041571
-0.117822
0.010378
-0.283826
-0.191082
-0.129393
-0.321413
-0.334354
-0.132238
-0.242917
0.576323
-0.311800
0.323295
0.130561
0.365508
-0.053988
-0.009387
0.125037
0.056888
0.141117
-0.000230
0.284418
0.282994
-0.018462
0.343569
0.292857
0.179547
0.096866
0.145317
-0.008604
0.005946
-0.054468
-0.184195
-0.113040
-0.290871
-0.226113
-0.328906
-0.417682
-0.339318
-0.414626
-0.363811
-0.346374
-0.475760
-0.281876
-0.273121
-0.024889
0.060154
-0.382192
-0.354329
-0.300923
-0.417432
-0.259952
-0.266388
-0.211249
-0.259477
-0.139914
-0.056777
-0.123227
-0.243157
-0.117879
-0.152714
-0.107385
-0.211923
-0.363770
-0.309007
-0.234105
-0.217278
-0.289688
-0.362387
-0.241919
-0.035568
-0.248955
-0.115287
-0.306040
-0.306378
-0.066873
-0.348186
-0.232438
-0.372808
-0.352308
-0.311060
-0.364915
-0.372369
-0.204456
0.229834
-0.364338
-0.240272
-0.307549
-0.220813
-0.100887
-0.344465
-0.392258
-0.303679
-0.265559
-0.370915
-0.321827
-0.306873
-0.101668
-0.209304
-0.287213
-0.390199
-0.256282
-0.280845
-0.274962
-0.326970
-0.388040
-0.341180
-0.318914
-0.340742
-0.379883
-0.424174
-0.346399
-0.356700
-0.416824
-0.436088
-0.473436
-0.467491
-0.327300
-0.432191
-0.320012
-0.225784
-0.357441
-0.352119
-0.561994
-0.417013
-0.344250
-0.397914
-0.283035
-0.286365
-0.501126
-0.402771
-0.447904
-0.400891
-0.383705
-0.323905
-0.218545
-0.338689
-0.107426
-0.069035
-0.188052
-0.441577
-0.362815
-0.286589
-0.452261
-0.350628
-0.344552
-0.408987
-0.296371
-0.332422
-0.251224
-0.259869
-0.382487
-0.218578
-0.323393
-0.350163
-0.354730
-0.293505
-0.326291
-0.439100
-0.395148
0.119667
-0.416661
-0.448937
-0.301862
-0.175246
-0.292195
-0.405346
-0.217744
-0.205271
-0.225922
-0.226303
-0.360736
-0.273414
-0.310702
-0.322084
-0.344711
-0.295014
-0.410966
-0.344708
-0.331637
-0.268063
-0.329825
-0.361003
-0.133463
-0.280138
-0.313114
-0.376375
-0.375885
-0.286613
-0.066453
0.025288
0.283655
-0.076251
1.226234
0.259989
0.231364
0.448044
-0.087465
-0.074576
0.411241
-0.033846
-0.196407
0.927540
0.171166
0.372467
0.599642
0.115606
0.134696
0.084599
0.073435
0.830282
0.184484
0.408026
0.323687
0.007363
0.036907
-0.122653
-0.161787
-0.114195
-0.162242
-0.349886
-0.151452
-0.299820
-0.263141
-0.309360
0.270458
-0.329113
-0.094957
-0.172466
0.150314
0.089974
0.569005
0.030808
-0.123737
0.099194
0.141366
0.406168
0.226102
0.248783
0.110009
0.528290
0.029583
0.552525
0.554456
0.715552
0.455331
0.701042
0.678440
0.656165
1.036505
0.647588
0.924913
0.221965
0.522463
-0.012764
2.429796
-0.082829
0.026582
-0.168203
-0.129784
-0.294857
-0.123653
-0.165738
-0.297063
-0.042894
-0.310553
0.138105
-0.363321
-0.089126
-0.323408
-0.344792
-0.278853
0.335295
-0.110906
-0.310797
-0.076236
-0.212239
-0.250348
-0.348384
-0.124240
-0.246361
-0.253940
0.181333
-0.219283
-0.276085
-0.068696
-0.333056
-0.276214
-0.288696
-0.295801
-0.283243
-0.370903
-0.062934
-0.124701
-0.053403
-0.289216
-0.141198
0.001727
0.259152
-0.000418
-0.136139
0.095049
-0.110976
-0.020879
-0.091353
0.193913
0.003235
0.081889
-0.347850
0.120034
0.027599
-0.275466
0.273431
0.265630
-0.245367
-0.063647
-0.133746
-0.334216
0.092939
0.051322
-0.180155
-0.117048
0.043854
-0.158029
0.017949
-0.221689
0.012120
-0.060442
-0.076413
0.003957
-0.128954
-0.003732
-0.194944
-0.348529
-0.264341
0.018025
-0.183592
-0.446754
-0.307954
-0.350596
-0.339116
-0.479161
-0.420088
0.314921
-0.276124
-0.367249
-0.491440
-0.352320
-0.257760
-0.034144
-0.287356
-0.307583
-0.156850
0.040653
-0.031033
-0.272774
-0.256753
-0.197757
-0.074890
-0.115857
-0.160204
0.514353
-0.190599
0.052178
0.512193
0.628071
0.236481
-0.068227
1.127202
0.180077
-0.020752
-0.279247
0.035477
-0.258288
-0.170228
-0.132952
-0.076941
0.607613
0.557809
1.927798
0.590188
2.231681
1.615002
0.999417
0.340923
0.486630
0.133775
0.171948
0.287500
0.389686
0.128035
0.111048
0.431601
0.055427
0.108405
1.520893
-0.022172
0.713093
1.325891
0.451222
0.456054
-0.036761
0.186407
-0.077841
-0.054437
-0.157221
-0.221373
-0.217788
-0.194105
-0.171327
-0.331469
-0.145379
-0.111914
-0.332479
-0.125291
-0.236126
0.780522
-0.083571
-0.010645
0.381741
0.704707
0.211813
0.287496
0.075458
0.692596
0.685116
0.270599
0.261776
0.326149
0.501425
0.641563
0.331523
0.405750
0.876990
0.875675
0.414955
1.066570
-0.028797
1.638265
0.218502
0.079556
0.027442
0.269519
-0.090696
0.020746
-0.267700
-0.079738
-0.240936
-0.046093
-0.207339
-0.220785
0.462590
0.123039
0.806610
-0.251524
-0.273127
-0.215883
0.120003
-0.364657
-0.346848
-0.405264
-0.285619
-0.106981
-0.306206
-0.236975
-0.369743
-0.045179
-0.083213
-0.196635
-0.275562
-0.303496
-0.294315
-0.306202
-0.292324
-0.264640
-0.323473
-0.277251
-0.250606
-0.363562
-0.397042
-0.361100
-0.215797
-0.396496
-0.431357
-0.426383
-0.392465
-0.284638
-0.430916
-0.426529
-0.372539
-0.337969
-0.440129
-0.334889
-0.268180
-0.364021
-0.222928
-0.374523
-0.019587
-0.314248
-0.406158
-0.351310
-0.394888
-0.469123
-0.507691
-0.412770
-0.378713
-0.399255
-0.467385
-0.390141
-0.410873
-0.489350
-0.416440
-0.427882
-0.416980
-0.351466
-0.309263
-0.433717
-0.231429
-0.258486
-0.303014
-0.378244
-0.444496
-0.467881
-0.421705
-0.469291
-0.379255
-0.394258
-0.312070
-0.444523
-0.330136
-0.352293
0.143464
-0.148580
-0.307794
-0.367707
-0.392902
-0.444864
-0.281925
-0.410626
-0.425987
-0.380136
-0.259045
-0.123924
-0.080457
0.020643
-0.041735
-0.296591
0.204656
-0.198468
-0.048512
-0.219998
-0.159785
-0.292889
-0.205608
0.001612
-0.222647
-0.332135
0.209427
-0.133848
0.069572
-0.234077
-0.260660
-0.224623
-0.089781
-0.168219
-0.135886
-0.102499
-0.150333
0.102380
0.631595
0.191734
-0.177100
0.042139
-0.088817
-0.097542
0.579647
0.404595
0.146789
0.339183
0.180005
0.460434
0.157795
-0.077336
0.035027
0.047814
-0.070227
-0.116150
-0.110207
-0.030892
-0.244618
-0.226633
-0.285121
-0.391019
-0.400354
-0.340908
-0.417658
-0.427915
-0.431556
-0.382300
-0.445111
-0.330231
-0.384200
-0.301520
-0.295720
-0.228167
-0.223524
-0.177225
-0.334463
-0.325211
-0.226404
-0.289379
-0.231029
-0.240962
-0.203774
-0.245869
-0.130335
0.376629
0.130902
-0.165146
-0.137992
0.044436
-0.345271
-0.205706
-0.083074
-0.272560
-0.286006
-0.225545
-0.253135
-0.296455
-0.273984
-0.257624
-0.264172
-0.252313
-0.087547
-0.097396
-0.212988
-0.316809
-0.307029
-0.318028
0.095332
-0.209968
-0.251529
-0.223940
-0.276759
-0.111331
-0.161913
-0.206613
-0.215792
-0.112361
-0.057398
-0.050802
-0.145927
0.076227
-0.353480
-0.015666
0.636755
-0.321595
-0.226132
-0.070389
0.189944
0.018605
0.080295
-0.021926
-0.097087
-0.229177
0.243213
-0.018194
-0.148216
0.044272
0.140725
0.035054
0.187848
0.266531
0.102906
0.095241
0.099023
-0.137031
-0.276723
-0.242347
-0.344765
-0.265854
-0.289986
-0.147767
-0.104790
-0.224762
0.042281
-0.261019
-0.302654
-0.121180
0.385533
0.235798
0.312487
0.075120
-0.044468
0.293845
0.180486
0.148071
-0.139708
0.048878
0.082197
0.579310
0.196485
0.288496
-0.092458
0.163044
-0.028670
-0.347047
-0.177209
-0.210653
-0.401894
-0.291262
0.224168
-0.346688
-0.283269
-0.160757
-0.253822
-0.192188
-0.207014
-0.215657
-0.164544
-0.251606
-0.367493
0.002356
-0.276713
-0.087342
-0.267613
-0.276389
-0.005374
-0.188445
-0.276734
-0.263021
-0.339027
-0.375098
-0.175425
0.125797
-0.181577
-0.146499
0.209874
-0.139478
-0.052340
0.133921
0.694809
0.135073
0.361995
0.413200
0.028185
0.033327
0.595266
0.597432
1.505809
2.274455
1.473130
4.793724
5.012267
5.095359
4.199773
4.463358
5.657359
8.858348
6.348346
9.271117
4.768307
7.862400
2.634073
4.440387
4.457430
4.649845
9.936702
3.100617
3.088837
6.093431
2.580287
1.859633
2.827294
3.186744
5.038562
3.910871
2.196273
2.896039
2.078888
2.722713
4.650311
2.763875
1.726599
2.287886
2.536539
2.080081
3.864328
2.739925
2.584781
4.351023
1.604636
2.638436
1.139653
1.766790
0.984410
0.709003
1.405198
0.970509
1.170760
0.744336
0.598019
1.318812
0.975069
1.970477
1.434513
2.348296
2.620804
3.360733
1.595812
2.265478
1.629702
2.421136
6.391036
3.818474
12.029137
3.350759
8.747539
6.345968
4.158973
4.453237
4.904470
4.420968
3.160264
8.010684
12.839015
8.192054
6.064541
4.699410
5.320544
13.113406
9.020471
8.332610
6.857695
8.889420
10.001459
10.133943
7.676651
8.915044
12.526069
17.549869
13.366047
14.502863
14.938167
9.321096
11.158755
12.392452
11.721289
17.206277
17.742310
16.915718
8.344928
10.558285
7.723598
11.583945
8.041006
12.951192
13.516949
4.938037
5.542303
4.565172
8.218174
4.106175
-0.346647
-0.235911
-0.385895
-0.294872
-0.145907
-0.463782
-0.317841
-0.478668
-0.395712
-0.481568
-0.234745
-0.358603
-0.352355
-0.390403
-0.303163
-0.326183
-0.282835
-0.323396
-0.333663
-0.358185
-0.344822
-0.188282
-0.209441
-0.392695
-0.436146
-0.420485
-0.322866
-0.437121
-0.390695
-0.256434
-0.378518
-0.221676
-0.466089
-0.431133
-0.467187
-0.402653
-0.393355
-0.403493
-0.405294
-0.423909
-0.313976
-0.324744
-0.462889
-0.346522
-0.483729
-0.432771
-0.352872
-0.227882
-0.188458
0.005054
0.312317
-0.077361
-0.135150
-0.226653
0.277554
0.040196
0.970834
0.240655
0.270861
0.139379
0.020949
0.476277
0.387165
0.055531
0.067394
0.145841
0.187116
0.449963
0.363847
0.513851
0.512609
0.315820
0.388284
0.168304
0.049159
-0.071062
0.042563
-0.030138
0.440355
0.154995
0.082388
0.394620
0.249467
0.050890
0.051024
0.031054
-0.015480
0.210577
-0.044457
-0.220788
-0.209700
-0.276679
-0.399576
-0.327829
-0.009702
-0.419317
-0.358972
-0.450664
-0.280015
-0.498896
-0.350725
-0.351130
-0.279940
-0.332960
-0.411762
-0.325704
-0.390666
-0.193203
-0.390284
-0.253280
-0.098649
0.007663
-0.331469
-0.228015
-0.286930
-0.388554
-0.174291
-0.378839
-0.078005
-0.279879
-0.270371
-0.298141
-0.264889
-0.318798
-0.404898
-0.308516
-0.340437
-0.210150
-0.301080
-0.233742
-0.279496
-0.376087
-0.395667
-0.311682
-0.060080
-0.155508
-0.176071
-0.333619
-0.356903
-0.031574
-0.240711
-0.012510
-0.205299
-0.197841
-0.239342
-0.234537
-0.222836
-0.239773
-0.089918
-0.393174
-0.237833
-0.202318
-0.186837
-0.353116
-0.225728
-0.325990
-0.389760
-0.303797
-0.324585
-0.415626
-0.295275
-0.392646
-0.387843
-0.303769
-0.270761
-0.220970
-0.044972
-0.013754
-0.123195
-0.175474
0.167149
0.025495
0.532548
-0.277029
0.099699
-0.193360
-0.158334
-0.158076
-0.438669
-0.403924
-0.228927
-0.353924
-0.388491
-0.253802
-0.358212
-0.248784
-0.423665
-0.402976
-0.272959
-0.221844
-0.308921
-0.307980
-0.087315
-0.243426
0.104378
-0.221359
-0.341165
-0.476000
-0.295829
-0.180111
-0.389000
-0.305844
-0.336364
-0.299823
-0.224903
-0.180848
-0.263244
-0.439027
-0.343354
-0.284182
-0.291372
-0.258918
0.105414
-0.399129
-0.235378
-0.041320
-0.169790
-0.251263
-0.362480
-0.340344
-0.479977
-0.022867
-0.360746
-0.358726
-0.455743
-0.334140
-0.444229
-0.382418
-0.331814
-0.477187
-0.423879
-0.375214
0.679067
-0.360342
-0.358444
-0.404983
0.070177
-0.247751
-0.140419
-0.253086
-0.309600
-0.144601
-0.268887
-0.176774
-0.183497
-0.129709
-0.060672
-0.143762
-0.065231
0.077796
0.388323
-0.021315
0.486335
0.149005
0.061061
0.144158
-0.085786
0.456377
0.202253
0.243514
0.060240
0.021471
0.193735
0.003747
0.100889
-0.098029
-0.056778
-0.148109
0.110819
-0.152465
-0.377321
-0.296354
-0.255134
-0.240251
-0.340199
-0.346202
-0.398991
-0.398559
-0.344320
-0.481245
-0.074050
-0.330981
-0.365565
-0.027232
-0.394337
-0.440907
-0.265261
-0.252572
-0.283457
-0.318374
-0.070896
-0.329090
-0.021212
-0.162385
-0.313067
-0.193599
-0.260936
-0.109103
-0.172749
-0.196319
-0.188247
-0.206491
-0.154422
-0.016312
-0.251813
-0.156459
-0.178510
-0.294886
-0.142709
-0.325229
-0.312016
-0.315900
-0.323149
-0.320108
-0.313686
-0.300228
-0.179526
-0.272838
-0.277459
-0.164459
-0.269465
-0.265511
-0.334130
0.187538
-0.160276
0.094021
-0.379555
-0.286113
-0.284614
-0.358257
-0.234775
-0.105698
-0.299343
-0.305739
-0.442725
-0.360670
-0.319517
-0.355556
-0.293769
-0.330097
-0.282765
-0.364819
-0.305250
-0.350121
-0.380559
-0.542336
-0.315597
-0.458803
-0.454800
-0.450766
-0.416202
-0.337715
-0.394079
-0.363093
-0.444444
-0.406783
-0.340712
-0.215812
-0.315566
-0.467289
-0.353760
-0.298871
0.012570
-0.151915
-0.278117
-0.380329
-0.225547
-0.190745
-0.382590
-0.342931
-0.248348
-0.304645
-0.167304
0.223168
-0.283375
-0.256717
-0.504348
-0.376402
-0.302883
-0.303729
-0.309674
-0.272507
-0.406006
-0.435712
-0.301264
-0.257215
-0.213092
-0.370350
-0.242344
-0.346569
-0.217850
-0.184908
-0.372761
-0.235162
-0.444655
-0.422167
-0.460498
-0.370498
-0.171728
-0.362691
-0.263544
-0.406716
-0.313735
-0.467406
-0.459617
-0.448506
-0.458375
-0.278155
-0.353326
-0.450845
-0.372059
-0.272260
-0.322573
-0.307617
-0.232477
-0.053492
0.260565
-0.266362
-0.018342
-0.266082
-0.046788
0.953101
-0.114897
0.209709
-0.207775
-0.087659
0.343824
0.186348
0.041548
-0.046566
0.444010
0.389953
0.731466
0.299121
-0.213931
-0.004696
0.384420
0.025112
0.320535
0.478123
0.599787
0.452894
0.038712
0.414513
0.137487
-0.102000
-0.053663
0.122468
0.342811
0.129225
0.044411
-0.041497
-0.070349
-0.232435
-0.120735
-0.364453
-0.307128
-0.262105
-0.398644
-0.262089
-0.241194
-0.268849
-0.159512
-0.441879
-0.174133
-0.213778
-0.330618
0.097660
0.041495
-0.011751
-0.043024
0.151497
0.035104
0.266712
0.198387
0.411570
0.478276
0.119036
0.516332
0.062968
0.169659
0.396312
0.465178
0.282480
0.100938
-0.102481
0.261749
0.156090
0.294329
-0.074052
-0.156502
0.092367
0.056166
-0.002721
-0.138496
-0.187674
-0.168495
-0.289824
-0.299790
-0.323477
-0.260600
-0.348622
-0.357382
-0.285936
-0.322281
-0.219278
-0.390788
-0.333723
-0.261707
0.013247
-0.311769
-0.231728
-0.190390
-0.305143
-0.115144
-0.344016
-0.069755
-0.221634
-0.373229
0.268183
-0.133751
-0.283514
-0.395437
-0.483617
-0.441407
-0.133360
-0.095626
-0.189177
-0.258878
-0.297562
-0.241092
-0.224234
-0.219240
-0.016225
-0.412805
-0.167526
-0.367387
-0.146358
-0.206985
-0.348326
-0.159063
-0.255751
-0.174062
-0.168019
-0.237782
-0.228193
-0.270842
-0.017835
-0.303551
-0.163888
-0.188776
-0.133086
0.022012
-0.289250
-0.254311
-0.291502
-0.103563
-0.271002
-0.295709
-0.367888
-0.363286
-0.139657
-0.190942
-0.156660
-0.334075
-0.315394
-0.232609
-0.328698
-0.454259
-0.516660
-0.408974
-0.478079
-0.371224
-0.555320
-0.495879
-0.253670
-0.416082
-0.448364
-0.370442
-0.487001
-0.384008
-0.517212
-0.509671
-0.461737
-0.495946
-0.454517
-0.287642
-0.460959
-0.139901
-0.235320
-0.387638
-0.317738
-0.246784
-0.119004
-0.404309
-0.176513
-0.313570
0.297775
-0.012227
0.044913
0.220962
-0.024821
0.321474
0.161472
0.158014
-0.192553
-0.239466
0.045922
0.282801
-0.391410
-0.155921
0.174323
-0.024580
0.402574
0.859082
0.821615
0.755133
0.172396
0.666281
0.537556
0.363802
-0.020745
-0.035086
0.496180
0.480524
0.215634
0.305365
0.501386
0.646170
0.516814
0.056516
0.046846
0.406660
1.230672
0.312454
0.769836
0.759426
-0.003430
-0.018208
0.478724
0.309274
0.371335
-0.221144
0.150647
0.038816
0.064612
-0.333606
-0.069857
-0.312518
-0.182562
-0.062100
0.134105
-0.055343
0.017126
0.229520
0.280987
0.281095
0.435093
0.597582
1.079998
0.326169
0.610767
0.689010
0.879546
0.690712
0.258873
0.872164
0.973288
1.062446
0.222955
0.971590
1.233639
0.556218
0.785441
0.287907
0.304827
0.077586
0.114189
0.163491
0.252802
-0.017835
0.065573
-0.047443
-0.072424
-0.045004
-0.091652
0.036471
0.093518
-0.132830
-0.096243
-0.217118
-0.358721
-0.255599
-0.176417
-0.267045
-0.321410
-0.440817
-0.242219
-0.311959
-0.327601
-0.304488
-0.146725
-0.182809
-0.018992
-0.129631
-0.270656
-0.283244
-0.328904
-0.272319
-0.112727
-0.379998
-0.343444
-0.163427
-0.272970
-0.483044
-0.288348
-0.321723
-0.405171
-0.351273
-0.290844
-0.351545
-0.326560
-0.470970
-0.287214
-0.232344
-0.434014
-0.268248
-0.393411
-0.322674
-0.154429
-0.292846
-0.435550
-0.316658
-0.350026
-0.347901
-0.315048
-0.349154
-0.530028
-0.383188
-0.479523
-0.495864
-0.486391
-0.532316
-0.467824
-0.432380
-0.078913
-0.313117
-0.360139
-0.289571
-0.302756
-0.402020
-0.306861
-0.402176
-0.246538
-0.125509
-0.277130
-0.324329
-0.243657
-0.210869
-0.160239
-0.254536
-0.400042
-0.304803
-0.407178
-0.332975
-0.423298
-0.338192
-0.202266
-0.365818
-0.335945
-0.402992
-0.411516
-0.223190
-0.111239
-0.428303
-0.240554
-0.293892
-0.198544
-0.030332
-0.224392
-0.056111
0.376530
-0.261988
-0.177674
-0.225917
-0.307987
-0.206714
-0.182647
-0.024940
1.230559
-0.202439
0.059186
0.074717
-0.038483
0.077242
0.098453
0.016399
-0.026930
0.081980
0.495782
-0.127301
-0.046098
-0.178109
0.184574
0.477356
1.012271
-0.137177
0.069975
0.406670
0.023795
-0.062175
0.452355
0.040545
0.470783
0.263828
0.276337
0.282965
0.062471
0.229459
1.061249
-0.251327
0.168003
-0.174031
-0.035002
-0.160785
-0.260142
-0.339311
-0.399617
-0.470437
-0.407716
-0.455104
-0.439120
-0.429881
-0.414351
-0.409184
-0.300083
-0.306471
-0.468751
-0.430147
-0.213677
-0.393026
-0.363699
-0.278220
-0.349085
0.018224
-0.208014
-0.229232
-0.162319
-0.196675
0.102392
-0.261133
-0.253177
-0.161051
-0.252670
-0.268907
0.019957
0.035314
-0.190068
-0.303120
-0.040597
-0.237558
-0.423751
-0.405147
-0.320458
-0.391418
-0.177778
-0.304107
-0.250444
-0.360084
-0.144486
-0.044452
-0.344428
-0.348314
-0.222443
-0.428084
-0.012874
-0.349450
-0.444520
-0.159337
-0.169482
-0.259049
-0.283783
-0.296680
-0.290017
-0.154297
-0.048154
-0.272222
-0.219060
-0.324151
0.583849
-0.192890
-0.056772
0.511246
-0.287632
0.063895
-0.059489
0.057617
0.027219
-0.056420
-0.034592
-0.262136
-0.217883
0.047813
-0.035086
0.186728
-0.138217
0.002554
-0.008417
-0.176240
0.156241
0.471262
-0.074224
0.019398
-0.151471
-0.131252
0.008533
-0.369397
-0.139635
-0.100238
0.347197
-0.344170
-0.171789
-0.212678
-0.343434
-0.281597
-0.280460
-0.044608
0.448823
0.499165
0.144232
-0.084418
0.148413
0.362977
0.777049
0.681264
-0.012143
-0.092480
0.239226
0.202595
0.093658
0.209130
0.222612
-0.277259
-0.280341
-0.103551
-0.373844
-0.501201
-0.492774
-0.275852
-0.436302
-0.425472
-0.371705
-0.426545
-0.347528
-0.335943
-0.346488
-0.301190
-0.363291
-0.390126
-0.401399
-0.440186
-0.478524
-0.319773
-0.133194
-0.027229
-0.361856
-0.298249
-0.325391
-0.246501
-0.170394
-0.102388
0.238942
-0.017790
-0.169468
0.052924
0.015674
-0.125481
0.032818
-0.207760
0.097552
0.039634
0.342708
0.315452
0.319056
0.322393
0.140349
0.258262
1.042334
0.352907
0.255840
0.111710
0.260566
0.133733
0.019278
-0.083363
0.130132
-0.124617
0.238764
0.298083
0.332258
0.225363
0.572473
-0.137775
0.236133
0.690483
0.128467
-0.048253
0.210855
0.001684
-0.121051
-0.323610
-0.056955
-0.264531
-0.321314
-0.375766
-0.350705
-0.253554
-0.411906
-0.434297
-0.382334
-0.435777
-0.411707
-0.340121
-0.380479
-0.465394
-0.335503
-0.244460
-0.377662
-0.386283
-0.442703
-0.512942
-0.417939
-0.514017
-0.505915
-0.501336
-0.487042
-0.341970
-0.438553
-0.352746
-0.346784
-0.152352
-0.273663
-0.400658
-0.165774
-0.291673
-0.314831
-0.204741
-0.211845
-0.140797
-0.106476
-0.282964
-0.096874
-0.341042
-0.341093
-0.135832
-0.372031
-0.297576
-0.302926
-0.298518
-0.284753
-0.175200
-0.158904
-0.100560
-0.215470
-0.245046
-0.035557
-0.068111
-0.202171
0.320714
0.658257
0.182803
-0.053948
0.010799
-0.257686
-0.090774
-0.071029
0.099977
0.201458
2.232265
-0.047543
0.282672
0.254655
0.102871
0.482934
0.356309
0.566951
0.211555
0.377370
0.903437
0.408228
0.120258
-0.065110
-0.122338
0.282618
-0.234545
-0.357432
-0.414271
-0.289192
-0.356683
-0.304208
-0.306381
-0.383209
-0.411199
-0.450295
-0.431496
-0.382376
-0.071626
-0.290037
-0.131007
-0.332890
-0.270913
-0.289785
-0.245664
0.558210
-0.036934
-0.156768
-0.114205
-0.432239
-0.511574
-0.356927
-0.295471
-0.443158
-0.426366
-0.363598
-0.278287
-0.443417
-0.323746
-0.347844
-0.368426
-0.257278
-0.398519
-0.496475
-0.406049
-0.471994
-0.514305
-0.543609
-0.415489
-0.394296
-0.417282
-0.323133
-0.459972
-0.515915
-0.473383
-0.427556
-0.524982
-0.448070
-0.376863
-0.304386
-0.282637
-0.130648
0.008391
-0.026264
-0.153572
-0.271362
0.023126
0.110112
0.135847
0.158965
0.141197
0.620867
0.418491
0.157300
0.298810
0.376712
0.336731
0.397314
0.615193
0.322240
0.462144
0.367552
-0.077262
0.348793
0.062718
-0.033657
-0.026500
0.377142
0.163526
-0.047068
0.349725
0.043970
0.029949
0.095514
0.096414
-0.087212
0.104304
-0.104107
-0.150704
-0.087180
-0.270862
-0.400212
-0.437698
-0.397223
-0.439503
-0.353078
-0.305948
-0.518462
-0.409843
-0.452635
-0.418278
-0.367744
-0.423239
-0.227556
0.092293
-0.380056
-0.433857
-0.341614
-0.469329
-0.320622
-0.133417
-0.101690
-0.390241
-0.268541
-0.125689
-0.312536
-0.391092
-0.291169
-0.348744
-0.344991
-0.229770
-0.215425
-0.244556
-0.154530
-0.378133
-0.322246
-0.338047
-0.297931
-0.308132
-0.202576
-0.317413
-0.335285
-0.354868
-0.240363
-0.221302
-0.174859
-0.270861
-0.336083
-0.259717
-0.070254
-0.217210
-0.289505
-0.045342
-0.229340
-0.195520
-0.234125
-0.292495
-0.216305
-0.365402
-0.241040
-0.199052
-0.123330
-0.215284
-0.278829
-0.247895
-0.300910
-0.314327
-0.315366
-0.248683
-0.301089
-0.362188
-0.263812
-0.139451
-0.270400
-0.362518
-0.220076
-0.371794
0.478446
-0.198061
-0.358141
-0.195895
-0.013491
-0.292742
-0.130341
-0.090286
-0.095777
-0.339315
-0.234975
-0.465707
-0.449921
-0.461116
-0.325187
-0.235071
-0.408984
-0.127205
-0.209041
-0.048033
-0.379315
-0.306965
-0.143807
-0.298133
-0.228198
-0.192201
0.004063
-0.095120
-0.422185
0.047056
-0.292745
-0.480694
-0.008142
-0.422262
-0.483198
-0.265612
-0.080457
-0.391676
-0.466689
-0.460267
-0.369894
-0.355456
-0.431557
-0.272482
-0.160692
-0.374358
-0.337577
-0.350824
-0.381134
-0.005538
-0.135029
-0.417126
-0.436542
-0.464343
-0.495976
-0.118441
-0.397574
-0.209621
-0.364152
-0.274089
-0.402915
-0.450793
-0.412558
-0.400132
-0.394024
-0.422883
-0.377033
-0.330998
-0.452538
-0.168886
-0.193931
-0.284772
-0.186847
-0.266092
-0.326182
-0.067011
-0.368379
-0.303309
-0.124164
-0.185596
-0.148454
-0.170243
-0.028194
0.234007
0.133443
0.215483
0.026590
0.469590
0.000643
-0.157512
-0.021060
0.052984
0.376681
-0.040992
-0.003392
0.019005
0.149370
0.057288
-0.097499
0.150927
-0.169316
0.080388
-0.196075
-0.278053
-0.184058
-0.308232
-0.396396
-0.298066
-0.375611
-0.423704
-0.339376
-0.399751
-0.326237
-0.293562
-0.336462
-0.206860
-0.444853
-0.319293
-0.395294
-0.308115
-0.359980
-0.162945
-0.146193
-0.245990
-0.278948
-0.182047
-0.206050
-0.088587
-0.251891
-0.107891
-0.184802
0.023128
-0.228849
-0.207314
-0.273432
-0.124637
-0.221239
-0.074183
-0.123082
-0.137333
-0.281641
-0.314306
-0.312004
-0.293956
-0.285400
-0.393262
-0.344984
-0.149944
-0.221743
-0.347687
-0.311230
-0.131499
-0.265159
-0.030364
-0.240399
-0.219144
-0.082764
-0.193216
-0.298346
-0.242703
-0.237087
-0.277239
-0.337442
-0.283867
-0.285411
-0.247982
-0.225123
-0.277576
-0.300075
-0.195966
-0.342246
-0.436201
-0.399515
-0.343548
-0.346977
-0.376222
-0.461487
-0.289025
-0.272768
-0.350509
-0.406717
-0.486143
-0.161265
-0.198241
-0.178304
-0.417163
-0.299671
-0.252745
-0.304383
-0.150198
-0.018502
-0.362352
0.014371
-0.237289
-0.164311
-0.268367
-0.266874
-0.288084
-0.361047
-0.155148
-0.305984
-0.444376
-0.364142
0.196729
-0.307764
-0.239448
-0.323716
-0.213056
-0.438997
-0.289777
-0.208458
-0.306520
-0.282612
-0.596480
-0.489381
-0.361318
-0.156765
-0.355115
-0.291772
-0.321474
0.002196
-0.341692
-0.322382
0.574811
-0.415955
-0.299492
-0.231738
-0.377967
-0.276944
-0.362732
-0.276280
-0.259326
-0.323829
-0.367598
-0.433415
-0.225565
-0.218022
-0.361170
-0.345081
-0.077795
-0.232628
-0.182668
-0.344277
-0.166955
-0.372729
-0.401951
-0.235097
-0.349148
-0.352543
-0.271236
-0.176630
-0.360885
-0.173465
-0.016903
-0.324584
-0.288015
-0.234384
0.031656
0.076259
-0.019991
0.022094
0.187975
0.254310
0.045315
0.176049
0.719029
0.110351
0.084407
0.081485
-0.001162
-0.003381
0.317658
0.335007
2.501488
-0.043202
0.265320
0.362285
0.034270
-0.027526
0.171385
0.076918
0.399557
-0.078678
-0.098942
0.517596
-0.080486
-0.365291
-0.245553
-0.403790
-0.332521
-0.150362
-0.190761
-0.365833
-0.263708
0.157701
-0.068135
-0.409527
-0.277130
-0.018174
0.076463
-0.117841
0.060071
-0.049876
0.120600
-0.047969
0.141556
0.607658
0.295951
0.262289
0.280882
0.241715
0.562170
0.135767
0.532535
-0.082233
0.427923
0.129073
0.404435
0.101958
0.017186
0.222549
0.028059
0.175093
-0.061140
-0.007213
-0.142237
-0.207497
-0.224492
-0.250746
-0.276912
-0.058925
-0.394846
-0.259419
-0.287126
-0.295053
-0.230223
-0.354656
-0.317533
-0.497273
-0.316049
-0.136637
-0.209033
0.127056
-0.056100
-0.356428
0.123572
-0.146819
-0.229617
-0.304515
-0.282809
0.305596
-0.325440
0.555669
0.351368
-0.285962
-0.398213
-0.214505
-0.091957
-0.268653
-0.239860
-0.315600
-0.249393
-0.185028
-0.221149
-0.142231
-0.282645
-0.094052
-0.275588
-0.135108
-0.105399
0.070219
-0.287484
-0.475833
0.067598
-0.201164
-0.373517
-0.189945
-0.254148
-0.289596
-0.387884
-0.262186
-0.100350
-0.206195
-0.214455
-0.399053
-0.071467
-0.317713
-0.285536
0.005996
-0.384849
-0.236980
-0.406080
-0.228891
-0.333789
-0.182636
-0.400223
-0.403839
-0.325311
-0.453321
-0.390579
-0.287731
-0.368371
-0.342960
-0.342114
-0.072176
-0.320012
-0.084751
-0.288806
-0.194536
-0.240000
-0.074668
-0.011269
-0.322690
-0.447517
-0.357243
-0.372873
-0.245652
-0.205673
-0.378891
-0.451347
0.163883
-0.171699
-0.420847
-0.413815
-0.315352
-0.154837
-0.099967
-0.213100
-0.183382
-0.179562
-0.190648
-0.060972
-0.229144
-0.133092
-0.167338
0.008283
-0.057254
-0.217216
-0.091577
0.286597
-0.283505
-0.280331
-0.317087
-0.068317
-0.047782
0.186677
0.844714
0.661237
0.748971
0.967559
0.514698
0.638284
0.292955
0.314914
-0.095044
0.420758
0.195953
0.608683
0.203660
0.176491
0.464262
0.627247
0.071533
0.179274
0.126853
0.373667
0.471427
0.684596
0.407914
-0.005426
0.197556
0.928188
0.012983
0.322752
0.591455
0.582181
0.531204
0.350171
-0.287619
-0.205208
-0.279643
0.018498
0.005104
0.111460
0.159058
0.199815
0.262600
0.989703
0.447195
0.703364
1.044501
1.387467
0.729802
2.073433
1.269954
1.826862
1.657770
0.754764
1.170304
1.581109
1.460613
1.212925
2.546876
1.591044
2.129936
1.894475
2.626762
1.884504
0.269105
0.340975
1.556876
0.208236
0.169850
-0.163460
0.011966
0.034657
0.094814
0.239215
0.029875
0.452748
0.236604
-0.126462
-0.214432
-0.240051
-0.274785
-0.203211
0.006740
-0.215545
-0.296736
-0.165512
-0.314162
-0.374886
-0.355207
-0.332407
-0.121041
-0.258178
0.034883
-0.240373
-0.207203
-0.432591
-0.351621
-0.115842
-0.352031
-0.286360
-0.253976
-0.231418
-0.353856
-0.178495
-0.221270
-0.246811
0.047844
-0.306975
-0.216229
-0.386308
-0.390951
-0.383540
-0.387656
-0.205880
-0.467009
-0.338196
-0.460723
-0.204004
-0.058276
-0.141860
-0.270304
-0.297444
-0.429240
-0.212161
-0.411473
-0.113529
-0.088590
-0.423075
-0.354338
-0.478253
-0.376700
-0.434353
-0.391771
-0.239395
-0.322875
-0.388958
-0.261498
-0.327632
-0.283011
-0.520539
-0.312018
-0.498980
-0.511076
-0.424581
-0.472049
-0.367107
-0.454665
-0.310328
-0.354739
-0.377071
-0.258256
-0.001305
0.511735
-0.347632
-0.088985
0.442759
0.176310
0.152740
-0.169205
-0.022133
-0.122867
0.344561
-0.226078
0.343644
0.418587
-0.056400
0.055636
0.212337
0.019258
0.144687
-0.054923
-0.113295
-0.193360
-0.159780
-0.171527
-0.318230
-0.186058
-0.038537
-0.072620
-0.013735
1.427891
-0.169020
0.135401
-0.064797
-0.166735
-0.212992
-0.028277
0.148268
0.260533
-0.020211
-0.008209
0.081275
0.146150
0.136659
0.148938
-0.062244
0.007011
-0.036849
-0.004656
0.181011
0.141763
0.244514
0.165364
0.092617
0.108650
-0.013505
-0.218923
0.103112
0.056431
-0.223601
-0.184450
-0.024869
0.259529
-0.244999
-0.171762
-0.328547
-0.466746
-0.413852
-0.438312
-0.415060
-0.367879
-0.420769
-0.459293
-0.390745
-0.413438
-0.216823
-0.421531
-0.354423
-0.355060
-0.189071
-0.364387
-0.268065
-0.117098
-0.344847
-0.250475
-0.265081
-0.261484
-0.199843
-0.244251
-0.240176
-0.218846
0.005984
-0.256799
-0.176518
-0.280071
-0.248362
-0.208177
-0.169024
-0.332331
-0.361256
-0.357114
-0.456099
-0.371542
-0.359037
-0.360111
-0.268368
-0.191095
-0.266086
-0.326203
-0.278506
-0.340228
-0.342703
-0.308325
-0.222891
0.009581
-0.425574
-0.469389
-0.209462
-0.368329
-0.340834
-0.202814
-0.291245
-0.531173
-0.336274
-0.226891
-0.199144
-0.283608
0.113591
-0.386657
-0.055921
-0.233286
-0.337457
-0.261182
-0.302925
-0.255077
-0.433996
0.483311
0.077201
-0.149633
-0.143919
0.092007
-0.177128
0.077796
-0.220161
-0.203618
-0.007337
-0.076756
-0.236779
-0.358974
-0.191394
0.104033
-0.357003
-0.196080
-0.285709
-0.362185
-0.245361
-0.305923
-0.344064
-0.455416
-0.302572
-0.480858
-0.326409
-0.128362
-0.374061
-0.275436
-0.339512
-0.364500
-0.236125
-0.335415
-0.240547
-0.171811
0.536014
-0.050030
0.235605
0.072424
0.283832
0.745314
0.201199
0.392371
-0.063441
0.133614
-0.130763
-0.078424
0.070482
-0.122051
-0.026610
-0.233372
-0.304677
-0.097599
-0.091395
-0.323616
-0.428477
-0.131227
0.031727
-0.031636
0.106646
-0.259707
-0.227186
-0.264681
-0.197817
-0.361590
-0.365219
-0.215189
-0.296492
-0.470243
-0.315708
-0.303721
-0.405456
-0.259573
-0.115856
0.153878
-0.158130
-0.063958
-0.173375
0.193080
0.040584
-0.094168
0.175357
-0.156026
0.107966
0.187145
0.385531
0.893532
0.585047
0.237979
0.317741
0.433003
0.506527
0.316824
1.170460
0.493791
-0.067955
-0.044764
-0.066747
0.250953
0.325542
1.279298
0.195177
0.509117
0.321835
0.224237
0.652549
0.226251
-0.012524
0.155630
0.233292
0.394063
0.034065
-0.145886
-0.366141
-0.184589
-0.209420
-0.270959
-0.265902
-0.376598
-0.198438
-0.290720
-0.303567
-0.139108
-0.436587
-0.287343
-0.265374
-0.360698
-0.220464
-0.274692
-0.327140
-0.321507
-0.185318
-0.394176
-0.339583
-0.383021
-0.296882
-0.446283
-0.495077
-0.332557
-0.280490
-0.336617
-0.431892
-0.267716
-0.327600
-0.320065
-0.330228
-0.119647
-0.296300
-0.258059
-0.092801
-0.258411
0.031114
-0.075279
-0.102989
-0.157315
-0.205327
-0.161437
-0.200116
-0.174771
-0.005686
-0.043850
-0.241481
-0.014864
0.060437
-0.103607
-0.086904
-0.133546
0.090727
0.082579
0.067482
0.029950
-0.199524
-0.006832
0.207182
0.080007
-0.187427
-0.390791
-0.252604
0.108321
0.514560
0.171870
0.234894
0.611357
0.194370
0.455908
0.870610
0.355501
0.581139
0.371061
0.311707
0.731665
0.282709
0.111055
0.039164
-0.099826
0.099761
0.030320
-0.294550
-0.107626
-0.284227
-0.222866
-0.156761
-0.238390
-0.369221
-0.363018
-0.349027
-0.106337
0.115653
-0.344323
-0.165941
-0.451140
-0.285761
-0.287574
-0.427751
-0.224109
0.038246
-0.056789
-0.036915
-0.018729
-0.253468
-0.454703
-0.305292
-0.112468
-0.087510
0.172699
0.238954
-0.035920
-0.361246
-0.355130
-0.280772
-0.282087
-0.481376
-0.449277
-0.520015
-0.512815
-0.443366
-0.483358
-0.504725
-0.394434
-0.319934
-0.207905
-0.388552
-0.424854
-0.424581
-0.451135
-0.419894
-0.392067
-0.495615
-0.407909
-0.422705
-0.278152
-0.312252
-0.319315
-0.257290
-0.178060
-0.204069
-0.202845
0.139462
0.178452
-0.090247
0.160723
0.364568
0.389853
0.531040
0.279911
0.559250
0.283901
0.488109
0.631298
0.467665
0.311501
0.817997
0.384045
0.747160
0.456190
0.332687
0.018868
-0.131032
0.200683
0.202336
0.022735
0.072098
0.129136
0.030119
-0.214631
0.056144
-0.076379
-0.139801
-0.049971
0.041824
-0.163330
-0.266766
-0.338884
-0.382649
-0.371896
-0.361560
-0.412542
-0.385747
-0.353125
-0.386024
-0.450139
-0.437778
-0.422386
-0.424055
-0.332494
-0.451921
-0.314938
-0.399131
-0.289837
-0.363892
-0.370657
-0.310114
0.021558
-0.281638
-0.372213
-0.239596
-0.078623
-0.273494
-0.314862
-0.124424
-0.261983
-0.083440
-0.273819
-0.238427
-0.254291
-0.333875
0.075192
-0.287618
-0.153567
-0.416990
-0.322081
-0.213938
-0.464763
-0.107046
-0.346110
-0.278281
-0.265249
-0.238020
-0.230831
-0.228423
-0.269034
-0.234974
-0.241536
-0.356985
-0.335179
-0.075600
-0.285645
-0.255988
0.023826
-0.322784
-0.284521
-0.229789
-0.127566
-0.209997
-0.237613
-0.246917
-0.352940
-0.342917
-0.239323
-0.261662
-0.123505
-0.147395
-0.103361
-0.248457
-0.014585
-0.194090
0.069727
-0.130143
-0.092411
-0.144360
-0.359229
-0.064233
-0.118195
0.259247
0.371609
0.015119
-0.184274
-0.079152
0.026629
-0.201421
-0.145929
-0.276088
-0.176877
-0.245152
-0.144079
0.217947
-0.374621
-0.357832
-0.013423
-0.278980
-0.357564
-0.164454
-0.267944
-0.228979
-0.236554
0.172726
0.027736
-0.203917
-0.371955
-0.139912
-0.261843
0.507304
-0.043887
-0.216964
-0.182165
-0.223077
-0.031945
-0.132659
-0.222615
-0.336620
-0.246170
-0.168413
0.168870
-0.251985
-0.296015
-0.245096
-0.327176
-0.494387
-0.286274
-0.404333
-0.440268
-0.500364
-0.379137
-0.314876
-0.390107
0.019461
-0.224409
-0.293827
-0.389282
-0.297915
-0.427459
-0.009417
-0.302531
-0.311278
-0.362967
-0.424198
-0.337897
-0.427400
-0.187558
-0.166695
-0.204853
-0.192558
-0.446042
-0.264730
-0.087189
-0.121559
-0.130844
-0.060461
-0.129498
0.138206
-0.055137
0.294902
0.724410
0.312956
-0.103796
0.180916
-0.083971
-0.119546
0.115950
0.102209
0.261542
0.042462
0.216785
0.343056
0.413805
0.245625
0.067418
-0.062266
-0.128037
0.064345
-0.072331
-0.081431
-0.192436
-0.336809
-0.361216
-0.266577
-0.393001
-0.348554
-0.343079
-0.371026
-0.426028
-0.365471
-0.304169
-0.215256
-0.004916
-0.385894
-0.359546
-0.286103
-0.324905
-0.153451
-0.223282
-0.081187
-0.150642
-0.205487
-0.122732
-0.172649
-0.203483
0.307730
0.101159
-0.085728
-0.253458
-0.261051
0.280085
-0.062119
-0.099379
0.045826
-0.090575
-0.286344
-0.187855
-0.158571
-0.302844
-0.289285
-0.299961
-0.271951
-0.064700
-0.278826
-0.264329
-0.238159
-0.150343
-0.182636
-0.101678
-0.295089
-0.224299
-0.151549
-0.047686
-0.358374
-0.204051
-0.379325
-0.206763
-0.300511
-0.304474
-0.176558
-0.265218
-0.316187
-0.326831
-0.351409
-0.282360
-0.355081
-0.364133
-0.227873
-0.339852
-0.346864
-0.303349
-0.353671
-0.409991
-0.435600
-0.323863
-0.222099
-0.433252
-0.464292
-0.227222
-0.257361
-0.447972
-0.373207
-0.156508
-0.217046
-0.415305
-0.368900
-0.333571
-0.346117
-0.323331
-0.371944
-0.276056
-0.109668
-0.379434
-0.240582
-0.203406
0.070348
-0.207511
-0.111948
-0.330902
-0.021119
-0.242184
-0.015472
-0.111454
0.986012
0.008195
-0.305957
-0.026704
-0.309050
-0.458682
-0.379707
-0.245152
-0.399281
-0.328076
-0.350750
-0.298419
-0.404314
-0.154723
-0.205540
-0.390377
-0.082802
-0.435981
-0.416789
-0.291809
-0.394202
-0.336759
-0.313936
-0.175196
-0.217037
-0.280686
-0.378032
-0.465631
-0.349480
-0.234648
-0.271161
-0.306278
-0.368176
-0.219132
-0.190747
-0.315276
-0.185539
-0.276564
-0.305254
-0.203727
-0.328712
-0.319878
-0.135873
-0.344787
-0.212505
-0.343581
0.044078
-0.299839
-0.395992
-0.132948
-0.433041
-0.308350
-0.218554
-0.126768
0.772768
0.167039
0.124105
0.057584
0.493155
0.187648
0.020097
0.056948
1.429799
-0.086453
0.350705
0.297729
-0.087239
0.144773
0.215235
0.556606
0.268612
0.122431
0.129151
0.162339
0.466110
0.072870
0.012481
-0.024551
-0.066873
-0.397430
-0.197156
-0.283753
0.083958
-0.347293
-0.402385
-0.393886
-0.174303
0.219576
-0.258472
-0.104334
-0.203583
-0.156536
0.108519
0.072687
0.054424
0.053304
0.024501
-0.160605
-0.018947
0.067140
-0.065759
0.214642
0.355816
0.157573
0.186914
0.399181
0.282091
0.142986
0.017730
0.309355
0.008155
-0.053700
0.059505
0.605500
-0.019510
0.065114
-0.014522
-0.130086
-0.069719
-0.221815
0.034300
-0.290769
-0.309890
-0.310673
-0.132926
-0.014257
-0.295960
-0.334943
-0.306924
-0.363443
-0.285964
-0.232283
0.059894
0.025962
-0.089027
-0.203285
-0.215911
-0.233870
-0.266387
-0.190069
-0.335417
-0.247414
-0.216037
-0.290980
0.167158
-0.343516
-0.257141
-0.385975
-0.332521
-0.190940
-0.301661
-0.359296
-0.354607
-0.209632
-0.313512
-0.295227
-0.144600
-0.313442
-0.030575
-0.258861
-0.132962
-0.399200
-0.189452
-0.274043
-0.383432
-0.304824
-0.357108
-0.294365
-0.158947
-0.443344
-0.279018
-0.233340
-0.115653
-0.207673
-0.400134
-0.223840
-0.260774
0.088485
-0.304238
-0.107654
-0.361350
-0.354091
-0.316840
-0.457424
-0.349106
-0.237552
0.039583
-0.448895
-0.361094
-0.370100
-0.315140
-0.286580
-0.224759
-0.038545
-0.326267
-0.298039
-0.212528
-0.319083
-0.331975
-0.160859
-0.075594
-0.359838
-0.175467
-0.269028
-0.424150
-0.349883
-0.456864
-0.341816
-0.384323
-0.427174
-0.369080
-0.331210
-0.307394
0.347240
-0.336135
-0.210254
-0.362411
-0.016835
0.066963
-0.037373
-0.049890
0.030327
-0.030601
0.310257
0.260428
-0.087767
-0.250967
-0.253504
-0.213019
-0.140572
-0.291008
-0.351024
0.083503
-0.285499
-0.436369
-0.309117
-0.254691
-0.081247
0.640697
0.263016
0.118568
0.502409
1.050926
0.203545
0.196480
0.046751
-0.055392
3.050050
0.321514
0.247702
0.426139
0.582889
0.376702
5.572379
0.877387
0.632861
0.898420
0.368089
0.389498
0.496366
0.244141
0.540409
0.864159
0.134201
0.094770
0.316010
0.347655
0.917122
1.370003
0.190890
0.344670
0.086924
0.097017
-0.031957
-0.113276
0.080792
0.206587
0.119238
0.257858
1.023406
0.453363
1.055652
0.807838
1.739606
2.227044
1.885480
3.952900
2.327467
2.049075
0.737886
2.737170
2.176341
2.666213
2.817516
4.507810
4.449079
6.073262
5.248790
2.367362
1.686770
3.675122
2.596041
0.874778
0.098900
0.269824
-0.044220
0.067760
0.192781
0.053209
-0.174608
-0.166293
-0.041304
-0.257641
-0.145495
-0.032282
-0.231826
-0.227843
-0.313154
-0.191745
-0.041040
-0.294887
-0.284582
-0.146102
0.467664
-0.208101
-0.379121
-0.164429
-0.072301
-0.214797
