-1.398037
-1.398037
-1.398037
-1.398037
-1.398037
-1.398037
-1.398037
-1.398037
-1.398037
-1.398037
-1.398037
-1.398037
-1.398037
-1.398037
3.363411
8.239199
2.053952
0.690310
0.826818
0.120195
1.522729
0.147570
-0.142751
-0.037314
-0.193577
-0.356106
-0.472508
-0.186850
-0.141864
-0.320891
-0.200349
-0.548860
-0.290438
-0.279855
-0.119074
-0.281768
-0.118841
0.549823
-0.184026
-0.366437
0.098475
-0.122851
0.008798
0.122769
0.007668
-0.031088
-0.041923
-0.185103
0.685188
-0.253385
-0.191748
-0.181174
-0.045302
1.122179
0.132725
0.140484
-0.093091
0.132926
0.055266
-0.495608
-0.118540
-0.253230
0.048063
-0.080933
0.441344
-0.171701
0.164066
-0.011076
0.136266
0.294665
0.125896
-0.052459
0.149959
-0.045405
0.102051
0.282013
0.021149
0.138220
0.162189
0.678633
2.008067
1.695844
1.164329
1.414720
1.529661
2.761170
3.991429
4.936609
5.821564
11.342053
14.839177
7.252313
15.184893
2.272630
2.846911
7.654969
5.861743
8.032016
1.328306
0.606125
0.520568
1.635610
3.212456
0.442537
0.537180
0.363277
1.222720
0.170588
0.010501
0.155227
0.084296
0.825529
0.147050
0.197620
0.085473
-0.022310
-0.387954
0.120003
-0.305086
-0.196016
-0.144515
-0.356048
-0.360264
-0.077992
-0.301468
-0.283239
-0.426000
-0.280027
0.147561
-0.293750
-0.504153
-0.400384
-0.405700
-0.505358
-0.681951
-0.591478
-0.528095
-0.666415
-0.657730
-0.737004
-0.547394
-0.666957
-0.567761
-0.497133
-0.533705
-0.427217
0.012709
-0.227341
0.123549
-0.254937
-0.375743
-0.156515
1.220574
-0.282146
-0.109216
-0.003116
-0.371056
-0.188663
-0.093759
-0.048534
-0.314228
0.548241
1.608205
-0.283775
0.252831
0.153737
0.078563
0.053655
0.770333
0.054102
0.217191
0.282472
0.157492
-0.000807
-0.008765
-0.362971
-0.012726
-0.090629
-0.500617
-0.528100
-0.035079
0.142197
-0.182361
0.277599
-0.228692
0.214803
-0.089564
0.367241
0.524082
0.543786
1.063476
1.113697
-0.159525
0.351510
0.421806
0.252325
0.030559
0.125255
0.318085
0.257019
-0.209468
0.083416
-0.235542
-0.468962
-0.557440
-0.358922
-0.566807
-0.619194
-0.566720
-0.605527
-0.130430
-0.565783
-0.408123
-0.518437
-0.372915
-0.428783
0.204087
-0.449432
-0.520978
-0.565718
-0.320132
-0.317928
-0.540191
-0.527535
-0.461643
-0.525903
-0.663915
-0.734700
-0.537234
0.244474
-0.630893
-0.426171
-0.547219
-0.118952
0.428969
0.628780
-0.533442
-0.346239
-0.488051
-0.241251
0.191858
-0.159870
0.221898
-0.331427
-0.437041
-0.205698
-0.474930
-0.494144
-0.481811
-0.102803
-0.597868
-0.517288
-0.589905
-0.529084
-0.532695
-0.476519
-0.489490
-0.414248
-0.385730
-0.225402
0.246495
0.063117
-0.286060
-0.156132
0.039095
0.115628
0.095223
0.386695
0.325206
0.367776
0.501374
0.798271
0.222517
-0.033734
0.527951
1.362699
0.905479
0.858264
1.248079
1.851275
1.507889
0.795741
0.557933
0.327793
0.224274
-0.006653
0.220552
-0.018994
-0.137087
0.157438
0.356694
-0.187113
0.021465
-0.144859
-0.463304
-0.294855
-0.329534
-0.238709
-0.413746
-0.658722
-0.644453
-0.653568
-0.671624
-0.519293
-0.468976
-0.535559
-0.527422
-0.575476
-0.535791
-0.442885
-0.427614
-0.597984
-0.552162
-0.620443
-0.499958
-0.584665
-0.728107
-0.693070
-0.476473
-0.414742
-0.593881
-0.203455
0.081390
-0.454526
-0.497065
-0.382963
-0.569907
-0.505060
-0.504113
-0.456208
-0.443203
-0.251198
-0.319630
-0.192905
-0.485806
-0.511286
-0.397253
-0.142564
-0.241522
-0.393402
-0.028357
-0.164528
-0.325327
-0.248408
-0.331208
-0.253465
0.763794
-0.283439
-0.336197
-0.239720
-0.372810
-0.341645
-0.324467
-0.269199
-0.383463
-0.132773
-0.572033
-0.485024
-0.332716
-0.225357
-0.227255
-0.206500
-0.323211
0.010637
-0.417542
-0.200660
-0.517895
-0.515487
-0.384364
-0.215826
-0.178823
0.390323
-0.308119
-0.377128
0.421553
0.250586
0.644639
0.095176
-0.173862
-0.210172
-0.234185
-0.353633
-0.389702
-0.207950
-0.363545
-0.114513
1.422524
-0.587539
-0.033425
-0.515145
-0.279011
-0.387741
-0.255903
-0.487152
0.368518
-0.319912
-0.498641
-0.375775
-0.523083
1.300731
-0.393986
-0.469991
-0.396775
-0.288444
-0.533666
-0.350638
0.086864
-0.434102
-0.334153
-0.424375
-0.317225
-0.494638
-0.380822
-0.547609
-0.352383
-0.356057
-0.438014
-0.524160
-0.399110
-0.504059
-0.476378
-0.673161
-0.538512
-0.285442
-0.558708
-0.760194
-0.680894
-0.479742
-0.566229
-0.773572
-0.504682
-0.345457
-0.441395
-0.473143
-0.364829
-0.227314
-0.580064
-0.639064
-0.392811
-0.573517
-0.765438
-0.539261
-0.407917
-0.587307
-0.472449
-0.510352
-0.389055
-0.506915
-0.458548
-0.328476
-0.336863
0.092589
0.466924
-0.167641
-0.152185
0.359695
0.316708
0.130898
0.109402
0.302175
0.632033
0.733417
0.524605
0.210300
0.170487
-0.194568
0.046956
0.084964
-0.087411
0.189922
0.285533
-0.228843
0.123705
-0.297795
-0.243634
-0.148831
-0.373642
-0.388708
-0.313016
-0.345177
-0.420347
-0.016045
-0.234594
-0.466811
-0.257820
-0.466796
-0.619895
-0.426070
-0.514899
-0.615288
-0.629460
-0.554944
-0.407790
-0.491628
-0.239300
-0.482604
-0.257105
-0.238711
0.346396
0.240274
-0.190674
-0.038352
0.128994
0.101205
-0.106527
-0.034167
0.066047
-0.201155
-0.230968
0.077960
0.124453
0.082278
-0.310526
-0.388411
-0.397428
-0.216983
-0.225996
-0.210562
-0.570347
-0.229889
-0.304237
-0.416181
0.068653
-0.130118
-0.248461
0.397219
-0.157367
-0.388440
-0.278065
-0.341541
-0.315229
-0.078128
-0.228769
-0.414207
-0.358071
-0.417031
-0.551395
-0.513381
-0.363744
-0.493146
-0.069486
-0.585682
-0.654488
-0.512638
-0.467194
-0.559789
-0.547308
-0.466317
-0.527627
-0.706123
-0.681556
-0.126827
-0.555583
-0.567593
-0.439356
-0.241082
-0.385850
-0.091554
-0.467712
-0.371296
-0.158876
-0.092831
-0.611331
-0.347710
-0.380928
-0.212843
-0.192188
-0.360539
-0.352349
-0.534124
-0.425969
-0.381020
-0.557060
-0.455907
-0.421518
-0.493233
-0.303049
-0.424815
-0.552741
-0.444243
-0.163945
0.265883
0.008422
-0.550928
-0.349633
-0.219546
-0.479606
-0.774097
-0.740230
-0.313034
-0.638121
-0.602816
-0.551143
-0.373233
-0.200741
-0.379087
-0.333665
-0.591741
-0.435324
-0.299728
-0.715983
-0.751992
-0.732364
-0.408462
-0.642240
-0.658783
-0.744029
0.106515
-0.512536
-0.674900
-0.694262
-0.683796
-0.582694
-0.559204
-0.532449
-0.620245
-0.706262
-0.540134
-0.490658
-0.437359
-0.436124
0.391910
-0.204239
-0.479235
-0.405607
-0.277955
-0.296346
-0.487014
-0.473358
-0.146521
-0.312226
-0.349454
-0.267147
-0.208118
0.159934
0.476361
0.152855
0.416840
-0.034715
0.664714
0.513610
0.734949
0.385994
0.214930
0.522998
1.184108
0.291545
1.000651
0.469475
0.088733
0.021233
2.708567
0.354192
0.758714
1.009556
0.390126
-0.357073
0.028190
0.656003
-0.224399
0.489894
0.419849
0.566242
-0.010484
-0.320692
-0.491936
-0.319503
-0.332112
-0.448939
-0.617669
-0.288371
-0.278341
0.301191
-0.055630
-0.139948
-0.100610
0.554886
0.682805
0.405738
0.839135
0.667111
0.635257
0.903245
0.706899
0.868801
0.625982
1.045311
1.285688
1.986075
1.036013
0.715089
1.680272
2.710167
2.264960
1.552855
1.335377
0.649068
0.088854
0.017008
0.532472
-0.157091
-0.128846
-0.125589
0.063990
-0.060401
-0.058351
-0.154599
-0.280571
-0.216388
-0.167572
-0.143468
-0.366194
-0.367137
-0.083710
-0.193118
-0.303595
0.846079
-0.045773
-0.295732
-0.220554
-0.366251
-0.234331
0.544130
0.085558
-0.144535
-0.304889
0.195535
-0.316589
-0.219598
0.070744
-0.079528
-0.154224
-0.336316
-0.278858
-0.360730
-0.348428
0.962445
-0.087925
0.018975
0.286398
-0.315940
-0.315234
-0.153778
-0.312638
-0.062361
-0.266060
0.227171
0.210613
-0.198839
-0.325970
0.191774
-0.218214
0.072013
0.005990
0.092065
-0.406955
0.007089
0.116989
0.235294
0.385798
-0.146534
-0.422494
0.259471
-0.202135
-0.373194
-0.566991
-0.626064
-0.349772
-0.089149
-0.507558
-0.649962
-0.507543
-0.313139
-0.469080
-0.459303
-0.487075
-0.359563
-0.654006
-0.519405
-0.580566
-0.465059
-0.423896
-0.598083
-0.123574
-0.236399
0.041949
-0.076800
0.372101
-0.178951
0.006208
0.483748
-0.289958
-0.163695
-0.185567
-0.355445
-0.413571
-0.673651
-0.613321
-0.136584
-0.512092
-0.487417
-0.055892
-0.577819
-0.240147
0.467424
0.271649
0.556915
0.707891
0.664891
0.168275
-0.016488
-0.127185
-0.037704
0.188156
-0.304405
-0.497810
-0.545270
-0.225530
-0.548172
-0.232297
0.338379
0.507448
0.700812
0.570319
0.256129
0.440940
0.428688
2.151910
0.688528
1.308823
0.408921
0.950713
0.308445
0.198552
0.528529
-0.056595
-0.179349
0.577167
0.484434
0.767444
0.364101
0.278866
0.356878
-0.064257
0.074602
-0.243578
-0.174401
-0.193389
0.188974
0.140327
-0.116376
-0.473441
-0.055146
-0.315814
-0.410266
-0.460923
0.078274
-0.323471
-0.356843
-0.320061
-0.190438
-0.061956
-0.239583
0.006595
0.281357
0.022758
0.218116
0.121327
0.358919
0.501644
0.117642
0.385246
0.251388
0.248353
0.054060
0.510105
0.306802
0.106398
0.012600
-0.028943
-0.080486
0.294337
0.040925
0.437539
-0.195123
-0.360944
-0.144698
0.131519
-0.067962
-0.054525
-0.019875
0.172012
0.153083
0.238301
-0.234184
0.258106
0.054303
-0.012634
-0.067729
-0.196012
0.134813
-0.269070
-0.327184
-0.485877
-0.355456
-0.416455
-0.456886
-0.208252
-0.373994
-0.203043
-0.116080
-0.354472
-0.503383
-0.481479
-0.543413
-0.598123
-0.452565
-0.637264
-0.423317
-0.280220
-0.591181
-0.544394
-0.209701
-0.261542
-0.328279
-0.055942
-0.345162
-0.451181
-0.512513
-0.293647
-0.269677
-0.206329
0.230476
-0.292258
-0.226905
-0.302569
-0.589249
-0.492058
-0.437543
-0.394500
-0.474320
-0.311591
-0.598142
-0.480317
-0.202029
-0.340315
-0.406262
-0.442703
-0.394745
-0.273254
-0.524682
0.481711
-0.494380
0.200456
-0.368703
-0.194317
-0.201130
-0.534844
-0.307168
-0.514081
-0.354039
-0.448976
-0.229594
-0.310781
0.296545
-0.575315
-0.479553
-0.461428
-0.579602
-0.613940
-0.548828
-0.598020
-0.597594
-0.646369
-0.533823
-0.373261
-0.379336
-0.466524
-0.353300
-0.167730
-0.667357
-0.528040
-0.156107
-0.302148
-0.045436
-0.598463
-0.544419
-0.357313
0.459073
0.525858
0.399978
-0.197061
0.302063
-0.416694
-0.253559
0.008273
0.292738
-0.346811
0.313431
-0.498012
-0.141095
-0.308149
-0.386941
-0.073611
-0.259325
0.009540
0.391876
0.317051
-0.019821
0.138170
0.638700
1.225455
1.763121
0.464547
0.422961
1.039458
1.077592
0.952405
0.473248
0.604939
0.253586
0.695502
0.264825
0.337506
0.288025
0.460805
0.285263
0.281881
0.235884
-0.080647
0.429836
0.094317
0.043345
-0.133170
-0.224925
-0.175440
0.172614
-0.325533
0.056704
-0.306436
0.086207
0.034442
-0.236777
-0.197005
-0.017732
0.103826
0.344391
-0.094634
0.334303
0.787626
-0.265485
0.209546
0.057142
0.186487
1.065878
-0.156282
-0.102729
0.969652
0.521342
0.145014
0.081498
-0.018624
-0.271843
0.396912
-0.014034
0.487298
0.372548
0.143519
0.111894
0.661949
0.272957
0.590249
0.738154
0.159424
0.111995
-0.335890
-0.199575
-0.141711
-0.380655
-0.066119
-0.269791
-0.351470
-0.244097
-0.344176
-0.044617
-0.013076
-0.084334
0.452273
-0.257635
0.289996
-0.084057
6.182868
1.185697
0.849257
0.330044
0.876707
0.996497
1.773791
2.277947
1.139486
0.980532
2.228330
1.357506
0.895975
1.736915
1.765459
2.629358
6.106422
1.809951
0.924967
1.486003
1.993271
1.277727
2.079895
1.141006
0.090830
-0.152980
-0.180857
-0.533901
1.251929
-0.360656
-0.564735
-0.624189
-0.602817
-0.563771
-0.219288
-0.212230
-0.425522
-0.229696
-0.398198
-0.491000
-0.354513
-0.535826
-0.561880
-0.102132
-0.192749
-0.080831
-0.418904
0.266192
-0.117580
0.236529
0.068436
0.315155
0.117083
0.175347
0.087241
0.055614
-0.031378
-0.114457
-0.375933
-0.204823
-0.310020
-0.392586
-0.319505
-0.581634
-0.204888
-0.481131
-0.395998
-0.398956
-0.455317
-0.596692
-0.704121
-0.500926
-0.473753
-0.580553
-0.630035
-0.461378
-0.431647
-0.330564
-0.380880
-0.476300
-0.173028
-0.124271
0.179038
0.535944
0.809556
1.305079
0.581648
1.210161
2.333751
2.185183
2.729709
0.807599
2.341009
3.865070
2.365500
2.466618
2.642972
2.843150
3.187038
2.967262
5.199502
3.746279
1.366135
1.479896
1.647736
1.282858
1.714357
2.186448
1.255313
0.424447
0.435971
0.339890
0.316048
0.032295
0.030948
0.278452
0.409546
0.506365
-0.187984
-0.033961
0.070521
0.411862
-0.166529
-0.363951
-0.019623
-0.130609
0.136979
0.242413
-0.430478
0.108521
-0.592121
-0.315915
0.037093
-0.411140
-0.389913
-0.321513
-0.566057
-0.420348
0.162043
-0.585140
-0.588156
-0.555585
-0.650678
-0.669852
-0.645559
-0.557245
-0.500575
-0.461105
-0.549121
-0.589299
-0.633578
-0.566963
-0.396900
-0.150176
-0.374431
-0.539724
-0.428562
-0.419091
-0.215870
-0.218214
-0.046922
-0.283284
-0.180147
-0.219551
0.079655
-0.278466
-0.257122
-0.350903
-0.393305
0.775381
0.622714
0.552337
0.064368
-0.319546
0.039822
0.899788
0.185468
0.826819
0.434952
0.169869
0.065490
0.181493
-0.112381
0.775048
-0.216419
-0.071588
-0.373728
0.962358
0.270176
0.592232
-0.176310
0.117485
-0.160302
0.039507
0.460528
0.452002
0.441328
0.096714
0.739763
0.262007
0.699138
1.631122
0.211472
-0.216687
0.207561
0.062261
0.439176
-0.221852
-0.446253
-0.442397
-0.495522
-0.590780
-0.622136
-0.690618
-0.541700
-0.677464
-0.647655
-0.516419
-0.414863
-0.424817
-0.341804
-0.443290
-0.485055
-0.702737
-0.788912
-0.662933
-0.657759
-0.324428
-0.182925
-0.527344
-0.685787
-0.638097
-0.606809
-0.467099
-0.382360
-0.709997
-0.499043
-0.289645
-0.593504
-0.455977
-0.418124
-0.638003
-0.659564
-0.511874
-0.387601
-0.486151
-0.318998
-0.468177
-0.375817
-0.112440
-0.320026
-0.476585
-0.335423
0.094758
-0.462585
-0.442835
-0.341630
-0.334532
-0.149363
-0.578188
-0.603658
-0.482893
-0.521606
-0.565372
-0.354801
-0.381780
-0.313395
-0.013644
-0.001984
-0.318494
0.267148
0.423673
0.404280
0.457181
0.566732
0.627392
0.805075
0.549678
0.318662
1.110872
0.547879
0.547365
1.776592
1.426748
1.333655
1.422463
0.981314
1.384574
2.066596
0.694613
0.294159
2.455053
0.282644
0.255184
-0.010028
-0.193875
0.129023
0.442259
-0.279202
-0.113862
0.017844
-0.198759
-0.395164
-0.355585
-0.357144
-0.409341
-0.604776
-0.273318
-0.486914
-0.227761
-0.265603
-0.521869
-0.467139
-0.298239
-0.609089
-0.630462
-0.482838
-0.482416
-0.455993
-0.716429
-0.460398
-0.651666
-0.639239
-0.571997
-0.646143
-0.588467
-0.482050
-0.686152
-0.577482
-0.555131
-0.514617
-0.630877
-0.603808
-0.600953
-0.579954
-0.372480
-0.586821
-0.432516
-0.383392
-0.209819
0.120902
-0.467291
-0.320964
-0.475969
-0.412465
-0.123912
0.166926
-0.422064
0.138234
-0.263101
-0.111486
-0.218489
-0.118216
0.822606
-0.333335
-0.104949
-0.560631
-0.260269
-0.476451
-0.292716
-0.044462
-0.257779
-0.357427
-0.490706
-0.288011
-0.395527
-0.410282
-0.438894
-0.321966
-0.430174
-0.520486
-0.323861
-0.423161
0.212028
-0.473983
-0.409817
-0.016104
-0.392858
0.063115
0.055539
0.235488
-0.424374
-0.384411
0.187154
-0.076565
-0.021470
-0.242709
-0.098035
0.052545
-0.241623
-0.079381
-0.024387
-0.428514
0.252807
-0.115521
-0.224053
-0.557133
-0.313564
-0.222660
-0.553810
-0.018000
-0.529464
-0.397813
-0.403096
-0.490896
-0.352687
-0.092391
-0.044756
-0.333858
-0.461961
-0.474540
-0.509790
0.300768
-0.450125
0.056704
-0.179504
1.388042
-0.218579
0.024723
-0.102398
-0.477328
-0.360698
-0.420152
-0.470536
-0.576928
-0.513111
-0.470571
-0.266501
-0.680946
-0.557208
-0.398858
-0.632952
-0.493633
-0.428984
-0.528398
-0.652348
-0.606905
-0.615390
-0.121704
-0.318976
-0.529523
-0.416433
-0.398510
-0.012456
-0.342948
-0.085443
-0.170644
-0.583925
0.000166
-0.156463
-0.441021
-0.126957
0.580721
-0.138539
-0.392464
-0.146905
-0.244728
-0.011826
0.464028
0.258036
0.000052
-0.031996
0.361036
0.519944
0.348345
0.149926
0.663847
0.529151
1.291824
0.698743
0.156774
0.521088
0.368714
-0.054747
0.129856
-0.128144
-0.256280
0.390313
-0.071318
-0.155000
-0.123068
0.150182
-0.238239
-0.303579
-0.344664
-0.222880
-0.476848
-0.467984
-0.393325
-0.541811
-0.472276
-0.430890
-0.085227
-0.509597
-0.046546
-0.520966
-0.263569
-0.582608
-0.668361
-0.444891
-0.469451
-0.518076
-0.044874
-0.509531
-0.221212
-0.419417
0.196914
-0.129112
-0.303267
-0.241197
-0.191628
-0.325560
-0.133464
-0.219678
-0.234225
0.066021
0.122908
-0.330320
0.337172
-0.202160
0.135235
-0.198299
-0.296550
-0.235513
-0.128127
-0.063523
-0.482354
-0.009674
0.940287
-0.424708
0.338532
-0.047141
0.043326
-0.207715
-0.155066
-0.583791
-0.221644
-0.454763
-0.449636
-0.400753
-0.121317
-0.422438
-0.291018
-0.599830
-0.568766
-0.471744
-0.457313
-0.408043
-0.532346
-0.364573
-0.369307
-0.517809
-0.470622
-0.595274
-0.559596
-0.290013
-0.277510
-0.558789
-0.618322
-0.695008
0.057932
-0.397144
-0.367695
-0.516824
-0.183409
-0.453123
-0.447286
-0.448370
-0.384720
-0.310020
-0.440205
-0.215748
-0.429939
-0.397859
-0.324270
-0.369192
-0.292701
-0.176252
-0.509332
-0.456429
-0.080114
-0.043286
-0.289181
-0.467804
-0.391367
-0.404513
0.119454
-0.172524
0.745261
-0.107956
0.297878
0.346815
1.560900
0.573072
0.186342
-0.062234
-0.168349
0.425305
0.584920
0.219275
-0.135547
-0.006386
-0.381641
-0.104613
-0.295868
-0.589373
0.116165
-0.600752
-0.403618
-0.602193
-0.665739
-0.116466
-0.404677
-0.595189
-0.614164
-0.689910
-0.638518
-0.440895
-0.663183
-0.729288
-0.639807
-0.720371
-0.705546
-0.479007
-0.686132
-0.349453
-0.633056
-0.606435
-0.705307
0.279812
-0.491825
0.501306
-0.155050
-0.314257
-0.491517
-0.103458
-0.554372
-0.234494
-0.592283
-0.370048
-0.193120
-0.074230
0.607512
0.083277
0.407286
0.453849
0.072460
0.702019
0.376717
2.261298
0.498336
1.171338
0.538330
0.395183
0.337413
0.679773
0.156994
-0.015527
0.907723
0.527961
1.099154
1.566367
-0.154460
-0.002563
1.005814
-0.078937
-0.081079
0.752757
-0.025644
0.130683
-0.235069
0.115917
-0.191910
-0.028855
-0.363010
-0.517197
-0.358042
0.210478
0.086284
-0.082077
-0.273987
0.395544
-0.097118
-0.010717
0.168076
0.044034
0.092504
0.552788
0.705879
0.629313
0.517716
0.945706
0.560054
0.392869
0.365367
0.354544
1.358136
0.931895
0.607925
0.734721
1.019564
1.287754
-0.362708
-0.019037
0.309207
0.104194
0.629548
-0.309741
-0.192864
-0.119929
-0.206821
-0.318435
0.501241
-0.032282
-0.188480
-0.090490
-0.340805
-0.254206
0.353894
-0.362380
-0.130423
0.109307
-0.124160
0.126152
-0.327905
-0.152441
-0.166582
-0.277677
-0.288022
0.151718
0.313439
-0.350128
0.085166
0.336644
-0.001718
-0.492170
5.147507
0.029149
-0.218132
-0.337385
-0.292876
-0.446893
-0.041467
-0.565118
-0.469963
-0.105656
-0.193432
-0.477987
-0.394634
-0.303577
-0.533770
-0.182670
-0.213158
0.133806
-0.196681
-0.620322
-0.375477
-0.561895
1.372343
-0.340273
-0.288033
-0.472124
0.841821
-0.400765
0.270002
-0.291629
-0.424377
-0.189881
-0.471436
-0.219832
-0.449179
-0.334593
-0.216851
-0.579756
-0.636764
-0.595649
-0.571806
-0.455738
-0.338985
-0.480882
-0.454654
-0.484203
-0.602750
-0.469049
-0.343824
-0.114514
-0.449439
-0.354106
-0.009788
-0.480438
-0.536913
-0.436406
-0.371391
-0.398644
-0.433019
-0.228426
-0.299584
-0.088479
0.023523
0.021370
-0.496611
-0.396489
-0.212485
-0.503740
-0.474233
0.173281
-0.212888
0.882506
0.884256
1.075692
2.219141
5.537077
1.308782
1.086965
1.947028
1.033268
2.864656
0.183824
0.059609
-0.383467
-0.082269
-0.175881
-0.041702
-0.010204
0.083334
0.112994
0.730516
-0.117075
0.487373
0.349215
0.246371
0.509874
1.641687
0.417408
0.993048
0.469264
0.752250
0.758233
0.913838
0.221096
0.629221
0.267059
0.352008
0.019553
0.258096
1.012711
1.180934
0.741557
0.008419
-0.049310
0.492250
0.640053
0.066679
-0.285664
0.353953
0.300566
-0.298735
-0.043815
-0.462175
-0.465075
-0.547397
-0.531843
-0.421507
-0.603691
-0.349950
-0.189586
-0.401540
-0.209766
-0.285201
-0.007056
-0.172415
-0.201275
0.341512
0.345493
0.164477
0.148653
0.057044
0.296672
0.641825
-0.046829
0.278272
0.046511
0.514857
0.308665
0.164774
0.157215
0.060497
0.488196
-0.281387
0.007352
-0.216234
0.348963
-0.314522
-0.161120
0.097380
-0.158075
-0.016136
-0.084245
1.420339
-0.078089
0.038710
0.369086
-0.219358
-0.262110
-0.191403
-0.555188
-0.105317
-0.501645
0.450799
-0.052453
-0.261652
-0.384282
-0.232580
-0.184075
-0.436601
-0.513392
-0.583265
-0.473239
-0.200961
-0.474146
-0.414629
-0.647761
-0.526011
-0.567815
-0.352495
-0.601647
-0.420673
-0.548672
-0.511763
-0.356475
-0.555606
-0.204714
-0.191952
-0.345564
-0.282298
-0.575863
-0.584443
-0.434100
-0.427665
-0.644833
-0.323821
-0.580638
-0.441921
-0.267716
-0.248089
-0.567262
-0.416811
-0.229150
-0.442861
-0.307236
-0.417618
-0.241343
-0.004776
0.187641
0.527695
-0.292925
-0.444412
-0.265908
-0.248405
-0.514040
-0.661571
-0.617139
-0.400897
-0.514700
-0.402713
-0.624703
-0.513385
-0.451418
-0.692298
-0.521943
-0.114226
-0.332699
-0.397242
-0.464258
-0.529276
-0.613949
-0.429046
-0.509417
-0.297098
-0.142304
-0.457234
-0.463324
-0.555659
-0.651451
-0.337140
-0.429570
-0.018497
-0.124980
-0.329033
-0.115743
0.136311
0.026910
-0.228415
-0.060570
-0.399321
-0.555756
-0.006706
-0.517118
-0.122822
-0.455859
-0.294619
-0.319798
-0.580227
0.052141
-0.166567
2.645168
-0.034084
-0.483248
-0.274083
-0.570849
-0.183620
-0.111034
-0.229233
-0.215642
0.140889
-0.097712
-0.120735
0.007007
2.329523
0.869605
0.249330
0.435604
1.152297
0.373497
0.799401
1.297265
0.508643
0.270383
5.145281
0.437825
0.262088
0.178742
0.232811
0.251674
0.520130
0.181771
-0.237622
-0.087502
-0.138169
-0.405113
-0.175231
-0.366853
-0.232603
-0.308854
-0.248071
-0.211304
-0.491424
-0.264312
-0.351863
-0.395779
-0.181778
-0.341061
-0.381447
-0.538628
-0.523147
-0.571132
-0.492704
-0.569162
-0.479134
-0.635857
-0.192200
-0.411261
-0.432812
-0.343778
-0.428826
-0.523683
-0.251848
-0.403455
-0.427099
-0.352022
-0.394753
-0.397009
-0.215808
0.052830
-0.071272
-0.050920
-0.262382
-0.192585
0.233366
-0.156972
0.489205
0.321149
0.191012
0.274995
-0.174802
0.275516
-0.237605
-0.089463
-0.308348
-0.167095
-0.498465
-0.186534
-0.253377
-0.083157
-0.239624
-0.135222
0.156794
0.134701
-0.078571
0.129539
1.757965
0.379548
0.330350
0.106258
0.371298
0.293762
0.820442
1.536536
0.160608
1.006902
1.440167
0.619557
0.459352
1.744681
1.171247
1.361002
0.286225
0.703607
1.129138
1.504809
2.114661
0.115544
0.505774
-0.333603
-0.135026
-0.658478
-0.580746
-0.597882
-0.407390
-0.326508
-0.116998
-0.148879
-0.393127
-0.263884
-0.523731
-0.078252
0.059982
0.000095
-0.497781
-0.146194
-0.460117
-0.494900
-0.318548
-0.225154
-0.410089
-0.402177
-0.415102
-0.219417
-0.503613
-0.289293
-0.348258
0.126567
0.832311
0.361580
0.065648
-0.106057
0.156781
0.211353
0.338118
-0.055870
-0.185675
0.026155
2.542383
0.035378
-0.193677
-0.443996
-0.413783
-0.322656
-0.332027
-0.527837
-0.383693
-0.225154
-0.284402
-0.437278
-0.605452
-0.454476
-0.360128
0.364727
-0.212625
0.049997
0.841421
0.041601
-0.093720
0.124289
0.375302
0.745294
0.375755
0.917743
1.531664
1.910620
2.013263
1.464926
0.817805
0.546620
1.011680
2.494627
2.373280
2.689167
1.118305
1.239649
3.601562
1.472228
1.939032
1.346113
1.649873
1.871162
0.849197
1.507655
0.541816
0.124565
0.496468
0.123480
0.143473
0.086760
-0.036734
0.066981
0.288318
0.610550
0.361244
0.571422
0.089070
0.027102
-0.261008
-0.176779
0.221309
-0.184239
-0.339959
-0.108631
-0.241428
-0.046747
-0.222492
0.189169
-0.310784
0.289330
0.086610
-0.471261
-0.027378
-0.145677
-0.168539
-0.200168
-0.588303
-0.330398
-0.586047
-0.616343
-0.617103
-0.567005
-0.444091
-0.650841
-0.424164
-0.283090
-0.579014
-0.470977
-0.299411
-0.130185
-0.032727
-0.239793
-0.322364
-0.283418
-0.068895
-0.233229
-0.297919
0.079921
-0.286700
-0.287615
0.001374
-0.029884
-0.260393
0.400105
0.740205
0.172035
-0.147196
0.387279
0.351356
0.264262
0.624049
0.435392
0.138391
0.070607
0.307271
-0.020980
0.391572
-0.190748
6.531316
1.297933
-0.198302
-0.292179
-0.193518
-0.241788
-0.232274
0.098555
-0.143249
-0.013201
0.307145
0.455000
0.412966
1.348097
0.510753
0.754384
1.364672
0.538992
0.081241
0.218949
-0.102288
-0.227035
0.079782
-0.093379
-0.139592
-0.344663
-0.068518
-0.481791
-0.590382
-0.679900
-0.571228
-0.562061
-0.220540
-0.454071
-0.634849
-0.540310
-0.517046
-0.567840
-0.651710
-0.761492
-0.816492
-0.610876
-0.824986
-0.632898
-0.367737
-0.278529
-0.378383
-0.586219
-0.579001
-0.473607
-0.674791
-0.531450
-0.646998
-0.600102
-0.599355
-0.580192
-0.561388
-0.549080
-0.548177
-0.679903
-0.697176
-0.553828
-0.391145
-0.240729
-0.271317
-0.268018
-0.412055
-0.596382
-0.586730
-0.730012
-0.542383
-0.353115
-0.485617
-0.415428
-0.417711
-0.644374
-0.646754
-0.547854
-0.528954
-0.523889
-0.446126
-0.118257
-0.319255
0.086235
-0.086356
0.066299
0.161142
-0.048174
0.523930
0.331083
0.276606
0.253532
0.461101
0.590448
0.336484
0.432267
0.484473
0.714632
0.717078
0.976768
1.090042
0.662038
1.258881
2.005726
1.160379
0.955823
0.976312
0.691732
0.187055
0.381203
0.288517
-0.134568
-0.101397
0.184096
-0.064201
-0.018441
0.728493
-0.372756
-0.394979
-0.407608
-0.350760
-0.343650
-0.389828
-0.344073
-0.493101
-0.418536
-0.339864
-0.265474
-0.568433
-0.368704
-0.619183
-0.590715
-0.529583
-0.375309
-0.525964
-0.305577
-0.680881
-0.429510
-0.257377
-0.081709
-0.531295
-0.639455
-0.203791
-0.592014
-0.497414
-0.682629
-0.654184
-0.466219
-0.540777
-0.490072
-0.398262
-0.433476
-0.639900
-0.455873
-0.558736
-0.424644
-0.325994
0.425099
0.000896
-0.298680
-0.352523
-0.447712
-0.502752
0.181473
-0.291532
-0.237458
0.041083
0.368402
-0.228883
0.253518
0.291876
0.054510
-0.349261
-0.260264
-0.134919
-0.261465
-0.076731
-0.359610
0.076059
-0.233785
-0.238157
-0.515452
-0.405971
-0.448578
-0.516168
-0.414884
-0.361440
-0.440980
-0.551356
0.118085
-0.329365
-0.388057
-0.144209
0.580005
-0.300860
-0.541088
-0.088809
0.049231
0.195274
-0.065045
-0.243665
0.116539
0.107430
-0.267534
-0.096369
-0.016926
-0.089425
-0.411355
-0.219520
-0.364863
-0.367069
0.129037
-0.529474
-0.062349
-0.435199
-0.499078
-0.612100
-0.346690
-0.431759
-0.179017
-0.316973
-0.476675
-0.129441
-0.364434
-0.164829
-0.331812
-0.459721
-0.425868
-0.690799
-0.424668
-0.190710
0.061138
-0.695152
-0.369262
-0.341261
-0.448178
-0.657056
-0.661417
-0.558883
-0.468717
-0.253995
0.175167
-0.492156
-0.316172
-0.385719
-0.368669
-0.290998
-0.499322
-0.547707
-0.642847
-0.319315
-0.529680
-0.390854
-0.509275
-0.369212
-0.574739
-0.541116
-0.548363
-0.311708
-0.404704
-0.440992
-0.100918
-0.248427
-0.313571
-0.178696
-0.165083
1.252031
0.116341
-0.371069
0.045572
-0.086944
-0.327832
-0.488795
-0.434168
-0.373353
-0.380129
0.030622
-0.181753
0.535581
0.119326
0.155172
1.977079
0.434412
0.527619
0.600332
0.130508
0.799199
0.711887
0.721282
-0.005996
1.159451
1.090765
-0.189633
-0.238944
0.005707
0.339676
0.398483
0.047747
-0.180988
-0.105818
-0.308674
-0.109607
0.053160
-0.468897
-0.254006
-0.332272
-0.442410
-0.422585
-0.323714
-0.305526
-0.558461
-0.584874
-0.526465
-0.646005
-0.509697
-0.636157
-0.445802
-0.172849
-0.514636
-0.432852
-0.050629
-0.515333
-0.431088
-0.518989
-0.363974
-0.377568
-0.385769
-0.252171
-0.442672
-0.307035
-0.092738
-0.286942
-0.038203
-0.186327
-0.227423
0.094007
0.093909
0.135758
-0.136974
-0.414538
-0.045280
-0.165062
-0.017441
-0.421144
-0.237928
-0.478818
-0.177574
-0.077007
-0.255976
0.014027
-0.215392
-0.196284
-0.161244
-0.476497
0.033937
-0.461434
-0.379243
-0.290589
-0.315619
-0.266634
-0.412150
-0.461235
-0.172696
-0.440248
-0.428325
-0.538295
-0.257310
-0.449484
-0.692130
-0.593255
-0.554322
-0.590385
-0.579182
-0.353589
-0.301109
-0.653860
-0.414144
-0.566210
-0.590863
-0.393808
-0.370166
-0.469980
-0.079107
-0.386246
-0.581093
-0.093275
-0.540881
-0.215362
0.154316
-0.545039
-0.219095
-0.325923
-0.381146
0.207219
-0.497414
-0.524977
-0.066238
-0.342441
-0.338383
-0.283680
-0.444093
-0.450509
-0.496566
-0.196643
-0.198979
-0.526728
-0.226362
-0.405911
-0.470379
-0.172485
-0.210488
-0.314387
-0.648702
-0.400569
-0.546129
-0.260135
-0.656032
-0.603663
-0.483660
-0.417382
-0.547982
-0.353452
-0.600438
-0.545508
-0.654085
-0.214715
-0.389520
-0.288927
-0.452088
-0.598309
-0.588914
-0.656697
-0.503286
-0.594775
-0.598151
-0.684162
-0.672905
-0.707936
-0.688989
-0.707083
-0.638426
-0.475585
-0.531768
-0.532220
-0.331434
-0.435642
0.691442
0.182106
-0.273812
-0.546937
-0.059461
1.180567
-0.110028
-0.428859
-0.364934
-0.375665
-0.360447
-0.423021
-0.307780
0.192003
-0.048140
0.241455
0.884262
0.592943
0.603242
0.176267
0.249548
0.520369
0.326899
0.233636
1.062082
0.257621
-0.015080
0.240296
0.130157
-0.009231
2.597201
0.136369
1.380507
0.675358
0.317156
0.407605
-0.256262
0.345037
-0.209590
-0.091606
-0.039205
0.926046
-0.217445
-0.087906
-0.353833
-0.563860
-0.208781
-0.321504
0.319484
-0.097974
-0.044175
0.053334
0.113530
0.171241
-0.228742
0.359743
0.427884
0.438984
0.224791
0.530785
0.995167
0.132926
1.094120
0.621150
0.699353
0.703428
0.326465
1.391808
0.966669
0.314243
1.436416
1.212529
0.979754
0.738128
0.642220
0.377513
-0.255565
-0.350831
-0.304814
0.095563
-0.033150
0.067830
-0.236253
0.189531
-0.156974
1.139822
-0.392475
0.291227
-0.147349
-0.315869
-0.325146
0.014085
-0.436917
-0.001823
-0.206615
0.944372
-0.309470
-0.140547
-0.397519
-0.125239
-0.091224
-0.250184
-0.248651
-0.292453
-0.332861
-0.152594
-0.306867
-0.376688
-0.377261
0.207563
0.079724
-0.381024
-0.043596
-0.406461
-0.358860
-0.305388
0.278820
0.542751
0.567838
-0.163303
-0.152993
-0.122248
-0.342297
-0.346437
0.579361
0.432758
-0.047445
0.382791
0.842555
-0.262401
0.108919
0.418112
0.724026
-0.409984
-0.257757
-0.402423
-0.135367
-0.458623
-0.380962
-0.248699
0.017826
-0.227663
-0.179821
-0.328410
-0.524833
-0.208609
-0.398438
-0.457881
-0.407469
0.017714
-0.548817
-0.439301
-0.357445
-0.548638
-0.515126
-0.587512
-0.476814
0.664191
-0.473745
-0.473354
-0.090200
-0.437117
-0.455297
-0.427608
-0.295852
-0.380658
-0.391075
-0.484697
-0.503839
-0.420459
-0.307882
-0.607241
-0.333863
-0.167766
-0.277290
-0.478118
-0.277827
-0.308047
-0.023591
-0.186053
-0.183627
-0.624870
-0.163148
-0.366677
0.325867
0.567498
0.247692
-0.076054
0.543125
0.878053
0.346536
1.285315
-0.027611
0.422579
0.158272
0.340159
0.296279
0.431651
0.295171
0.660228
0.134756
0.796086
1.507734
2.153754
0.575085
0.905430
0.727800
5.210142
0.247976
0.421535
0.275498
0.090448
0.373025
0.371675
0.173565
0.319848
0.526971
0.038633
0.821939
0.562230
0.387437
0.366782
0.221899
-0.139184
-0.208317
-0.147727
-0.286999
-0.167621
-0.188164
-0.537724
-0.270110
-0.358123
-0.509427
-0.257099
-0.518499
-0.202019
-0.348749
-0.322283
-0.300850
-0.146469
-0.096631
1.722921
0.215164
0.257640
0.255566
0.185206
0.345267
0.378003
0.266423
0.189291
0.396671
0.541625
0.354863
0.360225
-0.054771
-0.053065
-0.116250
0.022078
0.160468
0.560224
0.232596
-0.266123
0.049908
-0.268113
-0.020079
0.327636
2.701027
0.362008
0.077419
-0.134011
0.998285
-0.139261
-0.032592
0.856971
0.073756
-0.196023
-0.124817
-0.201304
-0.072819
-0.435502
-0.211143
-0.275495
-0.333537
-0.459478
-0.349392
-0.491566
-0.323812
-0.459008
-0.614557
-0.447317
-0.400151
-0.533305
-0.418156
-0.292412
-0.575284
-0.493404
-0.547714
-0.682569
-0.354976
-0.606289
-0.553555
-0.423592
-0.601603
-0.625777
-0.447308
-0.431256
-0.336975
-0.578183
-0.433444
-0.625408
-0.544035
-0.679716
-0.369749
-0.461949
-0.191852
-0.283249
-0.521541
-0.435090
-0.505846
-0.262618
-0.525442
-0.212534
-0.475143
-0.563112
-0.258184
-0.170938
-0.452687
-0.469612
-0.379694
-0.121700
-0.369535
-0.135778
-0.252015
-0.457794
-0.436922
0.024080
-0.375806
-0.098953
-0.264669
-0.080560
-0.178895
-0.554064
-0.658529
-0.599527
-0.526548
-0.299429
-0.163822
-0.418445
-0.610884
-0.416422
-0.215680
-0.549307
-0.615914
-0.164642
-0.675649
-0.558191
-0.533152
-0.552491
-0.523136
-0.293065
-0.289816
-0.404298
-0.253808
-0.333982
0.444523
-0.212861
-0.304214
-0.496864
-0.457964
-0.124852
-0.473474
-0.093156
-0.236436
-0.579220
-0.448883
-0.398425
-0.254004
-0.425940
-0.282226
-0.267620
-0.364120
-0.362309
-0.375418
-0.507136
-0.103012
0.065870
1.091718
0.186488
-0.002969
0.911769
0.354905
0.191764
0.240495
1.059733
0.722756
0.453252
0.825375
0.411755
0.783765
0.346705
0.301211
0.229498
0.126897
-0.207304
0.408611
0.848029
-0.095162
0.131899
-0.292423
-0.153912
-0.543193
-0.363105
-0.438675
-0.393331
-0.279261
-0.458300
-0.167122
-0.407077
-0.341217
-0.328574
-0.549143
-0.405882
-0.468155
-0.450758
-0.334491
-0.239481
-0.377231
-0.471650
-0.446416
-0.219132
0.044109
-0.401260
-0.091584
-0.253881
-0.213777
-0.026907
-0.247993
0.387281
-0.208124
0.024760
0.043858
-0.309430
-0.307596
-0.440790
0.339112
-0.376381
0.033975
0.441751
1.263197
-0.132737
-0.257416
0.062409
-0.214191
0.363172
-0.009032
-0.104427
-0.155157
0.371056
-0.441800
0.489596
-0.317001
-0.365021
-0.344361
-0.457249
-0.425031
-0.112166
0.028088
-0.466822
0.070333
-0.190602
-0.235226
-0.078663
-0.413514
-0.302344
-0.147860
0.052664
-0.072040
1.283103
0.798458
0.470244
0.677124
0.157950
1.098950
0.515311
0.555427
1.007960
0.744057
0.281715
0.247461
1.443925
0.313570
-0.063260
0.063203
0.352937
0.138036
-0.147869
0.039339
-0.333275
0.398795
-0.201033
-0.320699
-0.128262
-0.453332
0.109727
0.514288
0.107327
0.067074
-0.031297
0.703867
-0.193136
-0.018282
-0.424348
-0.108401
-0.090661
-0.199969
-0.175469
-0.228574
0.263200
-0.383531
-0.541639
-0.379498
-0.584835
-0.701513
-0.576012
-0.456574
-0.615982
-0.555088
-0.605616
-0.638638
-0.437977
-0.698323
-0.534176
-0.604121
-0.673285
-0.619282
-0.716126
-0.584634
-0.444944
-0.564413
-0.490037
-0.256149
-0.156005
-0.347183
-0.569058
-0.598470
-0.460760
-0.264855
-0.457048
-0.163597
-0.572489
-0.485981
-0.607972
-0.576999
-0.290087
-0.284030
-0.198891
-0.129327
0.192821
0.222652
-0.145322
0.530852
0.302843
0.948894
2.049890
1.065617
0.462644
0.627965
0.775212
0.725156
0.911289
0.289859
0.862877
0.772060
1.633111
0.841709
1.395892
1.747589
1.036933
1.001033
1.093884
0.295636
0.629213
0.250349
-0.093131
0.406133
-0.046913
0.085858
0.185509
0.310403
-0.104333
-0.084427
-0.202728
0.251258
-0.267117
-0.023454
-0.222521
-0.293614
-0.202730
0.053294
-0.003861
0.026158
-0.264269
-0.281216
-0.064603
-0.248503
-0.324251
-0.331603
-0.468347
-0.530442
0.001779
-0.487503
-0.584954
-0.676806
-0.612037
-0.611451
-0.561666
-0.615707
-0.286870
-0.475295
-0.439602
-0.303910
-0.373061
-0.555784
-0.528648
-0.474647
-0.369813
-0.059282
-0.368405
-0.334735
-0.152182
-0.321273
0.030696
-0.410508
0.241447
-0.304003
0.152333
-0.015320
-0.034763
-0.280365
-0.041957
0.239803
-0.067779
-0.146422
-0.542837
-0.386756
0.065625
-0.086946
0.067147
-0.356312
-0.233804
-0.095535
-0.440186
-0.283561
-0.252181
-0.252672
-0.158348
-0.207640
-0.082215
2.386050
1.304002
0.579619
0.227291
-0.093214
-0.042233
-0.139945
0.078147
1.491800
0.692753
0.627481
0.418870
0.253389
0.301002
-0.333110
0.277119
0.102749
-0.052390
-0.131728
-0.011945
0.006156
-0.166547
-0.593419
-0.414282
-0.351189
-0.618311
-0.503927
-0.458624
-0.667394
-0.645166
-0.697147
-0.608998
-0.606013
-0.516968
0.102756
-0.222636
-0.253759
-0.344242
-0.550853
-0.678517
-0.447162
-0.523315
-0.669115
-0.411472
-0.668118
-0.473157
-0.676188
-0.241769
0.226616
-0.452222
-0.447246
-0.414922
-0.431392
-0.458649
-0.296216
-0.501601
-0.365110
0.216012
-0.099881
-0.497447
-0.245566
0.031263
-0.068053
-0.370333
-0.426529
0.094448
-0.396921
-0.642682
-0.542959
-0.414509
-0.282562
-0.584097
-0.474892
-0.373942
-0.394283
-0.606280
-0.392486
-0.103925
-0.129612
-0.116978
0.139253
-0.344317
0.057676
0.142242
0.220355
0.442289
0.543194
0.205781
0.288887
0.414417
0.578704
0.673965
0.266018
0.662230
0.993106
0.683603
0.753632
1.381234
1.503250
0.957324
0.812268
0.669416
0.485986
0.353668
0.305352
0.235774
0.215179
0.093864
0.447006
0.303333
0.234832
0.274959
-0.020693
-0.487935
-0.309479
-0.561145
-0.283797
-0.178682
-0.574320
-0.162737
-0.556855
-0.517588
-0.467750
-0.626298
-0.659803
-0.664517
-0.190210
-0.723392
-0.447749
-0.558769
-0.452076
-0.502768
-0.482706
-0.602988
-0.676664
-0.557227
-0.705885
-0.504143
-0.655136
-0.471306
-0.709922
-0.640034
-0.567417
-0.549784
-0.098152
-0.578069
-0.512305
-0.553482
-0.326247
-0.520939
-0.491121
-0.279366
0.264959
-0.431044
-0.432036
-0.438184
-0.238225
-0.198365
-0.255399
0.046051
-0.101702
0.278873
-0.212172
-0.210622
0.395211
0.340485
-0.376487
-0.206892
0.259372
-0.122326
-0.398149
-0.181553
-0.455334
-0.257891
-0.210897
-0.049505
-0.445628
-0.392276
-0.335749
0.061594
-0.440126
-0.312626
-0.448398
-0.257831
-0.336526
-0.169150
-0.054213
-0.179134
0.285717
0.024787
-0.314175
-0.230962
-0.231934
0.120658
-0.241351
-0.076152
0.419310
0.399869
-0.150264
-0.329824
-0.396922
0.026936
-0.298658
-0.426866
-0.196424
-0.605311
-0.591866
-0.542289
-0.364749
-0.548897
-0.534849
1.162913
0.378181
-0.454477
-0.323782
-0.159893
-0.391827
-0.157201
-0.346240
-0.265993
-0.493117
-0.263126
-0.259665
0.049888
-0.435804
-0.541880
-0.291503
-0.379886
-0.601462
-0.648362
-0.548424
-0.366378
-0.716423
-0.693217
-0.461364
-0.579201
-0.771143
-0.607025
-0.550632
-0.648411
-0.497415
-0.563283
-0.503528
-0.560606
-0.421306
-0.588960
-0.307984
-0.459173
-0.402899
-0.420060
-0.282079
0.486412
-0.460636
-0.422948
0.185239
-0.147383
-0.131056
-0.478840
-0.543503
-0.196908
-0.526862
0.142038
0.072280
-0.264529
-0.108086
0.232629
-0.321582
-0.447551
-0.381358
-0.495620
-0.437789
-0.165917
0.106515
0.304634
0.077521
0.506696
0.250397
0.325706
0.250477
0.387803
1.205522
1.094037
0.367189
0.608374
-0.007531
0.121740
0.259357
-0.266819
-0.082506
-0.090851
0.123703
0.184553
0.619051
0.135102
-0.288431
-0.248385
-0.371667
0.147144
-0.354659
-0.450177
-0.296316
-0.327853
-0.332482
-0.384773
-0.470509
-0.186859
-0.463358
-0.563550
-0.590568
-0.295001
-0.517655
-0.564867
-0.251436
-0.412017
-0.386486
-0.559308
-0.265251
-0.389903
-0.429627
-0.401231
-0.395006
-0.481367
-0.522826
-0.487712
-0.243087
-0.452049
-0.447553
-0.267858
-0.515690
-0.423289
0.534574
-0.209083
-0.208883
-0.582267
-0.385369
-0.170393
0.456547
1.363913
-0.426288
-0.421406
-0.353705
-0.065796
-0.078263
0.032990
-0.436551
-0.397468
-0.193571
-0.536158
-0.309332
0.109420
-0.296193
-0.388520
-0.152461
-0.480715
-0.408572
-0.283309
-0.442073
-0.414008
-0.385285
-0.562319
-0.216048
-0.172210
-0.455461
-0.427954
-0.424302
-0.497852
-0.251227
-0.234084
-0.523778
-0.421129
-0.535167
-0.640177
-0.598772
-0.286031
-0.392704
-0.656319
-0.572725
-0.327611
-0.600697
-0.282458
-0.493961
-0.549979
-0.588690
-0.505839
-0.428766
-0.567060
-0.383855
-0.427417
-0.459700
-0.268860
-0.315014
-0.605852
-0.596225
-0.585623
-0.249950
-0.401873
-0.357000
-0.122693
-0.166291
-0.339476
0.552445
0.248999
-0.348925
0.005418
-0.185371
0.289404
-0.434173
-0.757735
-0.327998
-0.389965
-0.333108
-0.339063
-0.424700
-0.287003
-0.266550
-0.184502
-0.675681
-0.143017
0.355762
-0.656101
-0.596298
-0.232423
0.238402
-0.653730
-0.672775
-0.466376
-0.443025
-0.401673
-0.451942
-0.493615
-0.347314
-0.652748
-0.506349
-0.685441
-0.606088
-0.600168
-0.392601
-0.423546
-0.296115
-0.584242
-0.341546
-0.502625
0.297996
-0.608709
-0.434615
0.186605
-0.453806
-0.523796
0.426497
-0.389783
-0.219429
-0.175740
0.648453
0.150951
0.401811
0.673977
0.044857
0.394071
0.307305
0.307819
1.094681
1.274135
0.665142
1.767200
0.745819
0.894683
0.091081
0.167837
0.573140
0.140680
0.489345
0.522986
0.300640
0.529843
0.517826
-0.195998
0.085116
-0.309668
-0.197094
-0.272810
0.269801
0.400511
0.491498
-0.014121
-0.228931
-0.528792
-0.185634
-0.457493
-0.284517
-0.298551
0.524087
-0.348408
-0.207329
-0.247975
-0.225752
-0.182108
0.744934
0.602136
-0.283420
0.397872
0.358935
0.988223
0.676948
0.576782
0.738102
0.733228
0.684814
1.034018
1.278466
0.576217
0.781909
0.375723
0.366048
-0.115546
-0.093808
0.625548
0.572997
0.241585
0.936937
-0.186707
-0.045958
0.204899
0.096836
-0.064146
0.215959
-0.099582
-0.120233
-0.382164
0.015321
-0.470457
-0.228683
-0.300335
-0.297789
-0.391998
-0.186407
0.469543
-0.532239
-0.410813
-0.073824
0.041937
-0.345321
-0.237061
-0.317119
-0.275457
-0.314264
0.000474
-0.373335
-0.237765
-0.455925
-0.164830
-0.169625
-0.340804
-0.214374
-0.475499
-0.185824
-0.428021
-0.395362
0.406988
0.346184
-0.421544
-0.332455
0.678374
-0.110794
-0.284914
-0.085916
0.164850
0.544497
0.310051
-0.206703
-0.268002
-0.347023
1.000099
0.606243
-0.140162
-0.457976
-0.153801
0.113751
0.166808
-0.162079
0.739545
-0.282353
-0.362597
0.001322
-0.083975
0.027930
1.144488
-0.044251
-0.236292
0.396769
-0.392606
0.734814
-0.163587
-0.306298
-0.101584
-0.202031
-0.560659
-0.411028
-0.317102
-0.427866
-0.599816
-0.283223
-0.610583
-0.631375
-0.379681
-0.360019
-0.144079
-0.547469
-0.252926
-0.324051
-0.300862
-0.447625
-0.408855
0.054632
-0.197781
-0.423456
-0.332076
-0.156865
-0.373346
-0.004648
0.021438
1.000878
0.138169
-0.116606
0.375610
0.344994
-0.073455
-0.375434
0.401446
0.179511
-0.392485
-0.312077
-0.274287
0.508153
-0.061652
0.165028
-0.266501
0.604910
0.025027
0.593590
0.902376
0.311224
0.673085
2.334891
1.873706
1.041556
1.286083
1.029458
2.101965
1.430272
0.704956
1.225843
0.018159
0.444419
0.290139
0.357515
1.193000
0.600531
1.047744
0.621661
0.694043
0.566723
0.405770
1.639165
0.381275
-0.135541
0.072030
0.117926
0.671523
-0.138789
-0.433439
-0.233265
-0.333024
-0.467917
-0.291460
-0.358570
-0.227710
-0.350980
0.647343
-0.191635
-0.101269
-0.120552
0.063950
0.225501
0.254877
0.390598
0.492501
-0.044972
0.717077
0.965547
0.300754
0.596937
0.538962
0.995645
1.274778
0.623175
1.066342
0.842266
0.119531
-0.025810
0.456295
-0.120042
-0.062205
-0.172466
-0.200460
-0.326273
-0.091400
-0.066749
0.115876
-0.258370
0.473006
1.081504
2.948573
5.638667
6.172161
7.778527
8.882482
10.035622
14.074805
11.629140
9.796858
13.264244
15.220018
14.175754
13.788020
13.107891
10.199193
11.306678
16.580402
16.768610
16.869818
9.736086
8.495754
3.500335
1.505807
-0.101210
-0.553611
-0.545395
-0.557216
-0.706231
-0.636562
-0.730491
-0.522085
-0.531141
-0.596835
-0.524714
-0.490782
-0.220928
-0.475455
-0.518324
-0.550534
-0.356280
-0.189479
-0.589869
-0.597924
-0.448535
-0.398826
-0.476790
-0.071778
-0.300957
-0.565222
-0.603559
-0.447496
-0.565782
-0.527982
-0.429425
-0.534381
-0.653220
-0.572288
-0.577412
-0.452200
-0.598053
-0.640110
-0.602211
-0.334795
-0.589336
-0.468602
-0.671840
-0.443173
-0.124487
-0.495460
-0.708627
-0.366068
-0.289763
-0.240114
-0.474960
-0.588658
-0.551232
-0.575740
-0.419371
-0.527978
-0.503781
-0.298127
-0.221768
-0.568924
-0.640381
-0.601794
0.005315
-0.462726
-0.144823
-0.630113
-0.307067
-0.154901
-0.401435
0.007950
0.087857
1.745205
0.126083
-0.125964
0.026355
0.681368
0.255331
-0.169826
-0.057281
-0.334181
-0.379499
0.049447
0.278715
1.057379
0.008315
0.461761
-0.289171
-0.389310
0.037168
-0.413941
-0.189085
0.149099
0.170855
0.322341
-0.120798
0.270255
0.069673
0.390391
0.149980
0.328445
0.528722
0.412637
1.042222
0.940342
0.684544
0.683379
0.572778
0.372427
0.302374
-0.082984
-0.127287
0.189935
-0.081635
0.082010
-0.343054
-0.276308
-0.376954
-0.533650
-0.342515
-0.093426
-0.089741
-0.189211
-0.155618
-0.459275
-0.463691
-0.521219
-0.502575
-0.189870
-0.540304
-0.585913
-0.512923
-0.246821
-0.350574
-0.258194
-0.277064
-0.310275
-0.453678
-0.026290
-0.107879
-0.310980
-0.412586
-0.243864
-0.331878
0.466451
0.011709
-0.123781
0.269917
-0.221363
0.031133
-0.185269
-0.297785
-0.171427
-0.236148
0.039476
-0.379552
-0.182950
-0.258352
-0.391325
0.014012
-0.085723
0.387786
-0.158262
-0.473396
-0.273607
-0.307841
-0.315099
-0.202925
-0.453683
-0.067135
-0.424490
-0.529204
-0.377671
-0.099840
-0.122141
0.051158
-0.026675
0.128315
-0.340565
0.307216
-0.064922
-0.060598
-0.391164
-0.037648
-0.156827
-0.288557
0.327010
-0.039560
0.322519
-0.255216
-0.213594
0.399105
-0.024357
0.161272
0.894758
0.272309
0.079390
0.117115
0.011320
0.510965
0.236060
0.364806
0.311702
0.030354
-0.162020
-0.309851
0.044262
0.155032
-0.059150
-0.212975
-0.416465
-0.329863
-0.141254
-0.299980
-0.039412
-0.010118
-0.312496
0.840546
-0.296731
0.245092
0.224687
0.010963
-0.024758
0.735116
0.605826
-0.076713
-0.116257
0.494282
0.505522
0.442638
-0.245042
0.553748
0.360994
-0.181603
-0.199811
-0.577473
-0.503351
-0.336482
-0.397898
-0.234669
-0.200820
-0.394202
-0.458656
-0.268353
-0.448053
-0.561624
-0.096677
-0.179508
-0.126116
-0.519201
-0.254075
0.343470
-0.364892
-0.300220
-0.650780
-0.566180
-0.177034
-0.328017
-0.224938
-0.165177
0.403529
-0.325291
-0.209127
-0.199847
0.866236
-0.091195
-0.016563
-0.035139
0.111251
0.451687
-0.083682
-0.010885
0.186626
0.669928
0.212976
0.660203
0.439910
0.665634
0.626930
0.547133
0.803453
0.961010
0.441344
0.901395
0.920116
1.333852
1.116031
0.403697
2.454899
0.283321
0.359617
-0.104821
0.143098
0.329779
-0.019879
0.196192
0.420495
-0.041226
0.218674
-0.021315
-0.108291
-0.316576
-0.340539
0.169119
0.327531
-0.057429
-0.300734
-0.299100
-0.130869
-0.084358
-0.231138
-0.318504
-0.350082
-0.364128
-0.135959
-0.280084
-0.148895
-0.428732
-0.383139
-0.328093
-0.548120
-0.607429
-0.617169
-0.716119
-0.596640
-0.514384
-0.308925
-0.557988
-0.545926
-0.340666
-0.526542
-0.353424
-0.473306
-0.244115
-0.399743
-0.157744
-0.463306
-0.092750
-0.554408
0.078807
0.247871
-0.325056
-0.299240
0.307048
-0.069543
-0.249109
-0.103877
0.375249
0.520315
0.032164
-0.351662
-0.235059
-0.135675
-0.289760
0.120119
0.024901
0.127509
-0.022546
0.100422
-0.430690
-0.049299
0.484755
0.085112
1.490185
0.323847
-0.403129
0.056586
0.199010
-0.217854
1.260958
0.029762
0.403496
0.011782
0.595774
0.779427
1.361276
0.278761
1.162994
-0.120152
0.200809
-0.016227
-0.048259
0.047505
0.166800
0.181797
-0.190010
-0.031861
0.448582
0.339526
-0.446119
-0.570247
-0.588254
-0.534862
-0.524230
-0.140966
-0.521476
-0.639456
0.047606
-0.462141
-0.380234
-0.400694
-0.524629
-0.496500
-0.412669
-0.444010
-0.658040
-0.350688
-0.478509
-0.541692
-0.531514
-0.511042
-0.200719
-0.522032
-0.380331
-0.465746
-0.404189
-0.294561
-0.658157
-0.457124
-0.695457
-0.345130
-0.281308
-0.411176
-0.476089
-0.311835
-0.610974
-0.438864
-0.126484
-0.505275
-0.454089
-0.488265
-0.684046
-0.683690
-0.574385
-0.275014
-0.052889
-0.593638
-0.665606
-0.556037
-0.185825
-0.249203
-0.114640
-0.377771
0.415588
0.111045
-0.162930
0.266970
1.222334
0.202348
0.586749
0.244230
0.112214
0.321472
0.319102
0.296918
0.244185
0.564068
0.422217
0.081359
0.687594
0.382904
0.623051
3.179011
0.741511
0.773467
1.507085
1.046247
0.707089
0.826216
0.415195
0.119509
-0.025957
0.320989
0.185398
-0.014783
-0.091627
0.633505
-0.076332
-0.237663
-0.315125
-0.315814
-0.150830
-0.360145
-0.274412
-0.353282
-0.285348
-0.315346
-0.459338
-0.117422
-0.343387
-0.525309
-0.341454
-0.448081
-0.637200
-0.560581
-0.573982
-0.670056
-0.595019
-0.655334
-0.508911
-0.631736
-0.416422
-0.452377
-0.642784
-0.254940
-0.469948
-0.537185
-0.535142
-0.640418
-0.570602
-0.605362
-0.546052
-0.625781
-0.592848
-0.454432
-0.536647
-0.588984
-0.235272
-0.153955
-0.507669
-0.596779
-0.354513
-0.389840
-0.231635
-0.373328
-0.177233
-0.284033
-0.232013
-0.003433
-0.215590
-0.093689
0.169813
-0.238370
-0.276697
-0.242755
-0.553863
-0.267832
-0.235803
-0.304865
0.352218
-0.166571
-0.365006
-0.370230
-0.636918
-0.257935
-0.269762
0.068501
-0.509535
-0.494570
-0.348220
-0.341724
-0.023615
-0.421648
-0.221244
0.333223
-0.142848
0.184352
-0.104310
0.022572
0.226917
0.293587
0.003429
-0.098372
0.531927
-0.150646
-0.213989
-0.163088
-0.336684
-0.288896
-0.363614
-0.290087
-0.636227
-0.471344
-0.311635
-0.331126
-0.435109
-0.446567
-0.514702
-0.396733
-0.067086
-0.132914
-0.212821
-0.441524
-0.115185
-0.387874
-0.596327
-0.196349
-0.654846
-0.416966
-0.386208
-0.436022
-0.256374
-0.462532
-0.289023
0.099812
-0.197833
-0.157904
-0.476645
-0.510748
-0.433343
-0.502971
-0.646011
-0.603912
-0.021702
-0.506281
-0.407232
-0.259686
-0.395841
-0.271407
0.307454
-0.445418
-0.651040
-0.374681
-0.635185
-0.506113
-0.648989
-0.656462
-0.424534
-0.534812
-0.497892
-0.672751
-0.539971
-0.666391
-0.440205
-0.555186
-0.267221
-0.041658
-0.518601
-0.578471
-0.311759
-0.428199
-0.112318
-0.440218
-0.486881
-0.333137
-0.423721
-0.275931
0.279964
-0.132928
-0.014734
0.045227
0.166441
2.143243
0.177822
0.330109
0.356965
0.367973
0.636676
0.714782
0.469494
0.350986
0.074472
-0.065919
-0.228341
-0.037409
0.098215
-0.138790
-0.117850
0.015635
-0.148467
-0.239058
-0.335859
0.063795
-0.291136
-0.276511
-0.168258
-0.368167
-0.415970
-0.555048
-0.095658
-0.333336
-0.451220
-0.415274
-0.284594
-0.555155
-0.468451
-0.642466
-0.519062
-0.449527
-0.226192
-0.512212
-0.504680
-0.445811
-0.540775
-0.504967
-0.286166
-0.347218
-0.258737
-0.613021
-0.452645
-0.272740
-0.273547
-0.401857
0.132716
-0.387585
-0.514063
-0.309458
-0.160021
-0.274179
-0.520824
-0.454909
-0.296773
-0.415540
-0.379824
-0.342790
-0.384401
-0.461113
-0.280739
0.212592
-0.280396
0.064580
-0.035472
-0.204216
-0.256103
-0.517457
0.042759
-0.589834
-0.508564
-0.186225
-0.081288
-0.375563
-0.354574
-0.449315
0.026216
-0.445318
-0.530325
-0.503936
-0.313010
-0.551186
-0.438978
-0.547934
-0.258231
-0.519645
-0.685684
-0.684517
-0.633740
-0.629281
-0.470963
-0.424509
-0.602107
-0.552164
-0.636537
-0.643980
-0.367349
-0.490099
-0.640397
-0.464556
-0.454522
-0.373497
-0.422773
-0.440400
-0.342569
-0.219129
-0.318681
-0.275565
-0.310510
-0.457212
-0.431258
-0.227208
-0.490803
0.447493
-0.392976
-0.338693
-0.293805
-0.376804
-0.214290
-0.291715
0.035207
-0.293639
-0.487511
0.064937
0.114974
-0.139340
-0.287349
-0.429399
-0.344867
0.094665
-0.549829
0.043746
-0.138393
-0.058946
0.290704
-0.374402
-0.247168
0.108301
-0.571889
-0.449256
-0.491368
-0.450398
-0.461999
-0.290260
-0.454561
-0.406310
-0.470994
-0.369260
-0.604942
-0.549853
-0.614466
-0.590444
-0.677205
-0.558490
-0.671469
-0.582092
-0.385249
-0.483878
-0.412760
-0.495064
1.566412
-0.298990
0.126696
0.746663
0.121239
-0.252671
0.127953
-0.070109
0.012356
-0.215705
-0.022993
-0.257438
0.331261
-0.154316
1.022468
0.539474
0.328013
0.413355
0.302929
0.904138
0.598483
0.290838
0.918833
0.889027
2.197822
0.583316
0.412032
0.278949
0.046553
0.410067
0.689465
-0.283878
0.940877
0.505448
0.015644
0.280828
0.878008
0.040250
-0.421286
-0.462327
0.203558
-0.120002
0.001340
-0.472382
-0.419555
-0.502177
-0.343001
-0.430191
-0.354480
-0.246726
-0.308386
0.093940
-0.144153
0.149243
0.230641
0.009324
-0.171000
0.428230
0.479804
0.067884
0.122513
0.360067
0.090198
0.099835
0.634016
0.100323
-0.121810
0.174550
0.451020
0.123170
0.129507
-0.222865
-0.023185
0.292636
-0.034241
0.292910
0.122718
-0.272739
0.134979
0.316656
-0.290416
-0.283632
-0.019057
-0.133877
-0.439622
-0.148793
-0.509915
-0.115911
0.114994
-0.230823
-0.356447
-0.269783
0.009940
-0.075981
-0.323609
-0.421166
-0.277362
-0.019236
-0.491022
-0.425291
-0.236237
-0.178297
-0.369132
-0.368265
-0.307234
-0.404164
-0.341182
-0.482060
-0.053289
-0.624905
-0.270416
-0.492297
-0.220349
0.912811
-0.297134
-0.212719
-0.491147
-0.509413
-0.350376
-0.212055
-0.281383
-0.398077
-0.121896
-0.362360
-0.246192
-0.520083
-0.236605
-0.475753
0.067557
-0.317742
-0.276600
-0.500598
-0.397142
-0.045303
-0.157621
-0.367396
-0.211631
-0.364881
-0.215615
-0.412880
-0.366872
-0.402549
-0.233280
-0.496782
-0.033624
-0.063405
0.070278
-0.004773
-0.314346
-0.460631
-0.401944
-0.328287
-0.487663
-0.460726
-0.716814
-0.342879
-0.347571
0.167960
-0.455980
-0.569678
-0.607366
-0.590545
-0.432088
-0.428364
-0.470816
-0.534287
-0.671338
-0.668954
-0.492613
-0.613074
-0.138730
-0.350867
-0.531205
-0.568921
-0.419560
-0.552144
-0.309746
-0.598938
-0.536062
-0.517864
-0.117672
-0.129155
-0.140186
0.246275
0.307242
0.268863
0.033134
0.567591
0.118358
0.842084
0.888621
-0.214262
-0.095339
0.291065
-0.468765
0.202326
-0.124917
0.657625
0.989475
1.472533
0.696909
2.926636
2.273285
4.342675
1.533341
0.631235
1.733635
0.911107
1.451730
0.410171
0.106373
0.741641
0.229524
0.267252
0.437726
1.075557
0.770164
0.911517
0.321551
2.189293
0.861372
1.185843
0.275724
1.012955
0.653561
0.359119
0.131832
0.314564
-0.168140
-0.419813
-0.309625
-0.448764
-0.053972
-0.100643
-0.265966
0.153121
0.173910
0.927666
-0.259960
0.073542
0.531579
0.986561
0.976315
1.103386
0.774906
1.039111
1.216899
2.074515
2.515426
1.769077
0.661519
1.451750
1.784591
2.510289
1.956985
2.803142
1.614027
2.131757
1.398956
1.511262
0.653633
-0.099612
0.315590
0.093571
0.358549
-0.133856
0.709588
0.388607
0.254371
-0.031520
-0.035299
0.226732
0.351644
-0.048037
-0.095020
0.143107
-0.435397
0.293840
-0.413428
-0.365603
-0.339378
-0.219652
-0.496498
-0.405565
-0.542539
-0.233545
-0.384116
-0.222520
-0.236904
-0.411835
-0.383823
-0.256794
0.000595
0.040468
-0.695523
-0.537726
-0.661226
-0.526456
-0.673260
-0.520950
-0.537932
-0.546889
-0.554179
-0.500700
-0.324459
-0.378438
-0.416897
-0.454130
-0.291889
-0.385464
0.022157
-0.350182
-0.427329
-0.499561
-0.584348
-0.505926
-0.438539
-0.613836
-0.389799
-0.384885
-0.620151
-0.598707
-0.501373
-0.537780
-0.452199
-0.447579
-0.631084
-0.504976
-0.588437
-0.359623
-0.315740
-0.460167
-0.374142
-0.014884
-0.153095
0.151142
-0.119160
-0.129630
0.187043
-0.490786
-0.227140
0.471622
0.176269
-0.390370
-0.314461
-0.293662
-0.219376
-0.644925
-0.546084
-0.299304
-0.316915
-0.098512
-0.474448
-0.577585
-0.446748
-0.303603
-0.602938
-0.522689
-0.464806
-0.585239
-0.567659
-0.528350
-0.435978
-0.211131
-0.281731
0.011936
-0.185703
-0.324944
-0.565639
0.296525
0.016155
-0.354047
0.386748
0.277592
0.493083
0.793320
0.063672
0.786103
1.086085
0.232677
-0.201151
0.303355
1.186894
-0.071391
0.269688
0.085969
0.208383
0.420935
0.705954
0.302909
0.209992
0.191317
0.368110
0.865325
1.686248
1.265230
0.525593
0.358986
0.276644
0.598759
0.802009
0.026369
0.054418
0.194013
0.360278
-0.299217
0.514234
-0.322310
-0.461118
0.195594
-0.300254
-0.232717
-0.502443
-0.372179
-0.396128
-0.589944
-0.533087
-0.537860
-0.295307
-0.515959
-0.567278
-0.710224
-0.591585
-0.339303
-0.503055
-0.310345
-0.577145
-0.528355
-0.555936
-0.537265
0.086925
-0.375486
-0.390289
-0.214403
-0.338720
-0.171209
-0.511494
-0.397287
-0.377106
-0.189973
-0.175525
-0.042728
-0.457574
-0.230153
-0.085830
-0.420617
-0.447844
-0.373023
-0.239361
-0.519436
-0.295225
-0.357608
-0.140931
-0.287168
-0.216593
-0.204487
-0.196100
-0.618111
-0.153458
-0.365975
-0.473516
-0.377604
-0.186443
-0.442181
-0.476599
-0.337914
-0.293901
-0.150545
-0.557402
-0.514774
-0.459905
-0.101120
-0.369128
-0.424744
-0.223536
1.297099
-0.164260
-0.425990
-0.177699
-0.163737
-0.068687
0.382957
0.497175
-0.172579
-0.179539
-0.245848
0.105987
0.209725
0.774110
0.285157
0.127144
-0.112788
0.039999
-0.148796
0.330310
0.017028
0.488402
0.186527
0.108523
-0.316796
-0.561690
-0.474896
-0.470362
-0.375308
-0.310061
-0.511428
-0.509902
-0.458064
-0.173577
-0.006251
-0.304854
-0.291888
-0.185698
0.439087
0.063915
0.264647
0.253678
1.353733
0.231000
1.148801
1.082780
0.023724
0.720653
0.176488
0.056728
0.116924
-0.168142
-0.420895
-0.410436
-0.365732
-0.579140
-0.582534
-0.617814
-0.570192
-0.676580
-0.397908
-0.578105
-0.411194
-0.559439
-0.610480
-0.385839
-0.504201
-0.505920
-0.498100
-0.512660
-0.305262
-0.244512
-0.408960
-0.334455
-0.095294
-0.243549
-0.211337
-0.204363
-0.405072
-0.466747
-0.134084
-0.035875
0.123850
-0.070292
-0.049509
-0.098967
0.165299
-0.335155
0.431443
0.425406
0.969907
0.543660
0.338600
0.378070
0.614930
0.462369
0.277674
1.012235
0.644577
0.741048
0.778697
0.462496
0.359717
0.752021
0.719544
2.368425
0.517631
0.162786
0.192494
0.174365
0.150914
0.314538
0.452799
0.355318
0.494641
-0.126917
-0.139747
0.279287
-0.015645
-0.089146
-0.232570
-0.106937
-0.331809
-0.064039
-0.121374
-0.013343
-0.335837
-0.197606
-0.389584
-0.465425
-0.573933
-0.383389
-0.445534
-0.247673
0.169718
-0.468073
-0.597757
-0.245144
-0.602506
-0.610868
-0.670323
-0.590976
-0.325512
-0.408530
-0.560927
-0.590194
-0.440736
-0.513852
-0.522513
-0.411418
-0.444961
-0.514884
-0.203914
-0.238542
-0.323947
-0.299297
-0.174007
0.073816
0.524960
-0.188999
-0.087355
0.081759
-0.219849
-0.217263
-0.064643
0.695550
-0.353138
-0.422876
-0.374266
-0.098304
-0.334473
-0.047757
-0.003695
-0.245579
0.007849
-0.108817
-0.121289
0.762737
0.060541
0.207014
-0.134685
-0.253260
0.580954
1.239138
0.440576
0.271553
1.151205
0.053735
0.191073
0.421295
1.056461
1.018867
0.922067
0.327241
0.531174
2.936202
1.324844
0.379212
-0.045623
2.111163
0.252769
0.216011
0.304832
-0.274872
-0.431888
-0.093864
-0.173186
-0.604493
-0.578197
-0.504393
-0.562428
-0.241498
-0.388142
-0.608821
-0.534289
-0.472631
-0.545262
0.166951
-0.137455
-0.532857
-0.504588
-0.275829
-0.268341
-0.271728
-0.430070
-0.374808
-0.613014
-0.482977
-0.548529
-0.633773
-0.351526
-0.158982
-0.552668
-0.431164
-0.346838
-0.305337
-0.543656
-0.430304
-0.433585
-0.405461
-0.587811
-0.640156
-0.074339
-0.568247
-0.487692
-0.477919
-0.705422
-0.121440
-0.647268
-0.655480
-0.601949
-0.572951
-0.486061
-0.399708
-0.413514
-0.493308
-0.153000
-0.368882
-0.491653
-0.167149
-0.091533
-0.195279
-0.097039
0.480542
-0.002441
0.095585
0.107934
0.026182
0.258136
-0.067966
0.463399
0.572358
0.432245
0.486417
0.269881
0.523061
0.832260
1.137317
0.722316
1.045214
1.140632
1.010919
0.550889
0.728230
1.054477
0.464546
0.293577
0.502037
0.723660
-0.079738
-0.046792
0.256357
0.067704
0.170564
-0.257033
-0.430390
-0.398476
-0.478050
-0.576974
-0.294575
-0.328241
-0.316514
-0.454177
-0.529157
-0.528396
-0.700041
-0.484940
-0.414811
-0.207667
-0.455927
-0.157404
-0.452578
-0.534185
-0.392854
-0.649600
-0.592096
-0.663946
-0.737419
-0.545014
-0.685287
-0.372457
-0.531825
-0.427855
-0.470762
-0.508602
-0.497906
-0.568683
-0.507466
-0.502086
-0.613057
-0.481341
-0.272397
-0.607532
-0.339566
-0.474506
-0.544710
-0.223014
-0.191359
-0.446971
-0.219754
-0.251213
-0.071937
-0.140107
-0.200556
-0.348978
-0.313346
-0.380331
-0.342899
0.192235
-0.163141
-0.352082
-0.170623
-0.560924
-0.060048
0.028080
-0.135330
-0.227892
0.534456
0.268409
-0.398546
-0.290036
-0.282893
-0.515921
-0.371473
0.069290
-0.282270
-0.397128
-0.398799
-0.067662
-0.165523
-0.106210
-0.037270
-0.198528
-0.239740
-0.465071
-0.421723
-0.355032
-0.172852
0.011089
0.048380
-0.183729
-0.165433
-0.333250
-0.285369
-0.276506
-0.256552
-0.174415
-0.383955
-0.103667
-0.245331
-0.370604
1.008663
-0.318581
-0.559740
0.006249
-0.372457
-0.303300
0.213947
-0.197231
-0.205070
-0.346843
-0.451203
-0.343177
-0.381790
-0.655428
-0.423992
-0.414767
-0.416974
-0.614635
-0.550365
-0.483681
-0.609065
-0.372364
-0.250362
-0.379389
-0.262958
-0.593915
-0.426539
-0.576161
-0.503641
-0.672909
-0.470628
-0.537288
-0.688730
-0.342976
-0.568585
-0.406639
-0.541243
-0.487637
-0.499281
-0.446785
-0.564780
0.038825
-0.703444
-0.322329
-0.358858
-0.192113
-0.538084
-0.164645
-0.560874
-0.581925
-0.545884
-0.503107
-0.310469
-0.296117
-0.703679
-0.235119
-0.406893
-0.596735
-0.423712
-0.457428
-0.507066
-0.248312
-0.291212
-0.067255
0.501153
0.073315
-0.001744
0.457889
0.513395
0.091307
-0.050979
0.348764
1.431706
0.891567
0.574114
0.360008
-0.105302
-0.119681
0.421293
-0.151715
0.223560
0.243637
0.412392
-0.331409
0.145132
-0.058084
-0.239492
-0.394939
-0.414928
-0.405514
-0.386363
-0.486739
-0.308722
-0.281058
-0.405945
-0.504914
-0.009700
-0.584988
-0.335517
-0.411760
-0.331918
-0.491171
-0.551348
-0.513189
-0.427201
-0.533047
-0.477712
0.011516
-0.388402
-0.305697
-0.364973
-0.319057
-0.062437
-0.507667
-0.365859
-0.201333
-0.492186
-0.449255
-0.413844
-0.446632
-0.268378
-0.362698
0.038326
-0.169412
-0.442601
-0.457057
-0.202913
-0.266633
-0.383654
-0.359002
-0.282926
0.997099
-0.152946
-0.410981
-0.222190
-0.425411
0.290916
-0.196131
-0.196066
0.301857
0.086699
0.075707
-0.173041
-0.103922
-0.415794
-0.456621
-0.419318
-0.464732
-0.394343
-0.541244
-0.399394
0.135656
-0.444727
-0.476838
-0.430668
-0.489164
-0.297242
-0.263280
-0.581075
-0.453063
-0.563857
-0.118674
-0.271616
-0.554093
-0.537347
-0.487717
-0.371850
-0.230256
0.250289
-0.231630
-0.155615
-0.525248
0.194843
0.114127
-0.132456
-0.389072
-0.245014
-0.004084
-0.251765
-0.169766
-0.216843
-0.488312
-0.440411
-0.575044
0.089672
-0.610357
-0.476399
-0.509991
-0.212695
-0.123211
-0.347962
-0.515188
1.158332
-0.549701
0.207369
-0.563398
-0.514218
-0.600985
-0.616721
-0.127034
-0.211344
-0.474187
-0.428964
-0.561805
0.126794
-0.441988
-0.226433
-0.188488
-0.374290
-0.344741
-0.166648
-0.316475
-0.576593
-0.427791
-0.513573
-0.195076
-0.516556
-0.434590
-0.597368
-0.517003
-0.268858
-0.202390
-0.488812
0.059568
-0.575416
-0.652662
-0.147392
-0.538746
-0.424089
-0.516175
-0.718390
-0.426145
-0.238367
-0.138343
0.090218
-0.135567
-0.209571
-0.150655
0.000160
-0.401953
0.229678
0.097170
0.025049
0.050458
0.205771
0.169511
0.305192
0.658093
0.545160
0.240008
0.223554
0.617713
0.406544
0.491816
0.262946
0.913375
0.443043
0.288979
0.662694
0.112388
-0.150632
-0.167699
0.131276
-0.078181
1.856188
-0.073464
0.301423
-0.197274
0.391983
-0.162836
-0.321122
0.209257
0.179856
-0.297517
-0.440255
-0.550290
-0.058474
-0.214194
-0.139918
-0.538076
-0.274235
0.008330
0.066748
-0.262097
0.264493
0.069705
0.089807
0.262310
0.634292
0.083803
0.525880
0.359447
0.265320
0.224846
0.094838
0.330147
0.709523
0.552436
0.198056
0.413049
0.307987
0.153397
-0.310926
0.018876
0.012899
-0.235933
0.336113
-0.260121
0.270114
0.070772
-0.128766
0.346310
1.841938
-0.170100
-0.098433
-0.220099
-0.115929
-0.368307
-0.519912
-0.232445
-0.317102
-0.279415
0.135357
-0.293467
-0.044444
-0.055804
0.357486
-0.180424
0.233411
-0.422897
-0.292815
-0.306182
0.328601
-0.382479
-0.276876
-0.355751
-0.442371
-0.384801
-0.290010
-0.307119
-0.398369
-0.421691
-0.277902
-0.613117
-0.576215
-0.513710
-0.466957
-0.450069
-0.406907
-0.533459
-0.060756
-0.251160
-0.153944
-0.225901
-0.388836
-0.142049
-0.394472
-0.238232
-0.365506
-0.016074
-0.362900
-0.363207
-0.260757
-0.503244
-0.381997
-0.399150
-0.355687
-0.398481
-0.401346
-0.428529
-0.361819
-0.382002
-0.478319
-0.505372
-0.540296
-0.441250
-0.391620
-0.300791
-0.209508
-0.590506
-0.510663
-0.231258
-0.593357
-0.206570
-0.236134
0.107514
-0.454862
-0.470026
-0.137675
0.497165
0.090551
-0.372861
-0.422435
-0.423193
-0.341070
-0.015387
-0.413162
-0.160667
-0.468173
-0.293192
-0.182024
-0.560817
-0.091440
-0.475672
-0.413992
-0.506548
-0.234522
-0.318268
-0.034423
-0.207416
-0.407508
-0.453751
-0.106011
-0.455072
-0.265356
-0.349977
0.034199
-0.038521
-0.403658
0.414849
-0.166855
0.520046
-0.111595
-0.101955
0.006329
0.136104
0.019786
0.301942
0.642628
0.327220
-0.108251
1.720446
0.576574
2.184162
0.191945
0.788237
1.015993
2.402956
5.027327
0.559483
2.121824
0.493383
0.174949
0.118906
0.416064
0.538157
0.938866
1.661283
1.821981
0.726402
1.843175
1.235423
1.377412
0.422156
1.885961
1.109840
0.834791
0.871023
0.129721
0.229286
1.073182
-0.471676
-0.240147
-0.387965
-0.055108
-0.363307
1.145842
-0.130459
-0.055753
1.948726
2.366018
0.182329
1.027863
3.524638
3.095199
4.122558
2.039522
1.208925
3.317140
2.673526
3.583878
3.723216
2.614814
2.175316
4.671683
4.252196
4.036333
4.537354
3.018753
1.898860
1.831117
2.455201
0.979293
2.676413
1.065767
0.339564
1.350240
0.225550
0.741827
0.121985
0.693710
0.741279
0.403252
-0.156086
-0.136218
0.119650
-0.070480
-0.401963
-0.166989
-0.329974
-0.450212
-0.172695
-0.328929
-0.494920
-0.356311
-0.252156
-0.394311
-0.427190
-0.273899
-0.312647
0.069355
-0.443859
-0.361667
-0.371119
-0.085353
-0.408870
-0.354929
-0.461891
-0.639157
-0.574309
-0.435899
-0.536192
-0.309583
-0.417461
-0.340070
-0.483400
-0.378983
-0.242265
-0.505186
-0.496271
-0.296767
-0.562567
0.092685
-0.315874
-0.545667
-0.330131
-0.538169
-0.624662
-0.598059
-0.517279
-0.460435
-0.443636
-0.391640
-0.561085
-0.596838
-0.369720
-0.418065
-0.364737
-0.361921
-0.409962
0.020590
-0.393621
-0.147716
0.436756
-0.008142
-0.357814
-0.306029
-0.390689
-0.516158
-0.464112
-0.317455
-0.496970
-0.524884
-0.527021
-0.253464
-0.562697
-0.286421
-0.026472
-0.161869
0.158592
-0.051116
-0.226797
0.231639
-0.039151
0.080174
-0.111467
-0.435304
-0.070232
0.284452
0.265598
0.186563
0.173084
-0.100776
0.689399
0.221407
0.259175
0.235575
1.122615
-0.228923
-0.169568
-0.066267
0.107865
-0.051451
-0.098431
-0.037961
0.761906
0.186793
-0.042108
0.080009
0.209161
0.057181
0.118268
-0.002657
0.171569
0.318354
0.545050
1.037240
0.220188
0.660078
0.542529
0.626894
0.669946
0.107404
0.458438
0.265340
0.631397
0.514700
1.233331
0.851675
0.501490
0.357576
0.154462
0.113082
0.162187
-0.297467
-0.058852
0.026466
-0.224286
-0.441186
-0.375706
-0.355780
-0.304767
-0.526231
-0.379493
-0.536530
-0.586306
-0.433591
-0.496255
-0.466612
-0.420465
-0.416650
-0.417717
-0.342722
-0.498904
-0.367701
-0.577049
-0.632048
-0.564567
-0.255187
-0.602250
-0.510830
-0.590409
-0.494230
-0.258848
-0.456010
-0.613549
-0.322851
-0.500838
0.138847
-0.450949
-0.095681
-0.317369
-0.194958
-0.490192
-0.351016
-0.471013
-0.340120
0.110820
-0.230071
-0.178024
-0.402104
-0.514049
-0.534772
-0.563306
-0.168533
-0.312868
0.100770
-0.273908
-0.474385
-0.414275
0.025118
-0.171766
-0.421575
-0.325725
-0.262569
-0.279568
-0.504847
-0.410021
-0.097948
-0.183913
-0.061803
-0.082209
-0.541408
-0.489402
-0.533755
-0.470344
0.065957
-0.306739
-0.339968
-0.328373
-0.293632
-0.270576
0.171797
-0.201703
-0.118316
0.322089
-0.247194
-0.407746
0.220821
0.284168
0.131117
0.071149
-0.189878
0.093702
0.034723
0.262088
-0.315772
0.097253
-0.004832
-0.140184
-0.345645
-0.320617
-0.335917
-0.299877
-0.444044
-0.486259
-0.562107
-0.567111
-0.515686
-0.432238
-0.489603
-0.536639
-0.513220
-0.329273
-0.479256
0.227578
0.248704
0.082597
0.231300
0.571936
0.237718
0.269087
0.403645
0.376994
-0.051328
0.397758
0.513627
-0.142335
-0.065467
-0.560021
-0.100607
0.566880
-0.314686
-0.256110
-0.312510
-0.283201
-0.280624
-0.476533
-0.277741
-0.219105
-0.181880
-0.093810
-0.211843
0.271462
-0.394018
-0.103379
-0.112209
-0.239258
-0.514916
-0.399554
-0.295644
-0.492997
-0.375391
-0.282265
-0.127708
-0.514594
-0.370121
-0.336120
-0.225024
-0.430606
-0.091392
-0.201917
0.465416
-0.095108
0.414798
0.454908
0.338438
0.355345
0.476254
0.230666
0.499964
0.719310
0.580751
0.688446
1.169752
0.748463
0.542510
0.592309
0.667607
0.654272
1.406521
0.380794
1.101237
0.481270
0.032901
0.758083
0.533777
0.088507
0.401451
0.104919
0.305417
0.057342
-0.047614
0.194882
-0.268349
-0.263723
0.039256
-0.213418
-0.181222
0.015330
-0.247963
-0.185527
0.053557
-0.076468
0.235876
-0.246475
-0.025143
-0.165497
-0.639020
-0.368947
-0.392519
-0.488385
-0.267055
-0.463626
-0.544462
-0.509420
-0.519388
-0.500955
-0.547765
-0.304968
-0.225866
-0.286175
-0.171137
-0.267262
-0.322110
-0.025620
-0.290209
0.212693
0.165745
0.033276
-0.175214
-0.265603
0.027751
0.111445
0.411175
-0.088777
-0.107322
-0.180284
0.066307
-0.359756
0.215588
-0.204815
-0.160210
-0.189890
-0.018271
-0.112719
-0.305304
0.319052
0.199045
0.214453
0.759145
-0.132924
-0.164479
-0.041259
-0.058010
0.084252
-0.037095
0.053261
0.085389
0.017055
0.001558
-0.004722
0.413008
0.903937
0.385760
0.027741
0.334476
0.975506
1.829957
1.282023
0.860812
1.072319
0.275720
0.681600
1.338172
1.241364
0.775309
1.220780
0.164912
-0.214626
0.313308
-0.263371
-0.048833
0.055636
-0.419955
0.191533
-0.608511
-0.312868
-0.218745
-0.354014
-0.488780
-0.244615
-0.347921
-0.483652
-0.155523
-0.127015
-0.498701
-0.352197
0.255289
-0.251413
0.085147
0.326942
-0.311406
-0.528353
0.165368
-0.374922
-0.314471
-0.230989
0.186846
-0.122791
-0.624855
-0.696711
-0.571524
-0.543987
-0.626521
-0.618744
-0.429517
-0.280629
-0.621182
-0.132433
-0.525484
-0.557981
-0.602973
-0.632148
-0.437219
-0.599189
-0.345075
-0.308716
-0.268738
-0.605607
-0.597046
-0.616225
-0.347430
-0.493933
-0.550052
-0.509810
-0.455831
-0.353030
0.030431
-0.335999
0.155054
0.200838
0.270512
0.455884
0.285074
0.475737
1.292101
0.214891
1.080619
0.441779
0.817871
0.472217
0.659334
0.340846
1.214447
1.092300
0.850548
1.031873
1.226614
1.138744
0.539520
6.071010
0.508978
0.018526
0.233143
0.520395
-0.062028
-0.199456
0.047758
0.015556
0.239777
0.081625
-0.156137
-0.440803
-0.489098
-0.357621
0.222117
-0.417741
-0.570296
-0.332627
-0.399809
-0.459909
-0.504226
-0.505716
-0.677564
-0.433781
-0.485652
-0.578399
-0.615003
-0.552615
-0.702082
-0.492703
-0.346305
-0.618351
-0.551958
-0.628114
-0.462945
-0.327913
-0.078480
-0.379409
-0.482817
-0.276314
-0.422283
-0.150636
-0.047556
0.011038
-0.578789
-0.293484
-0.532400
-0.401890
-0.366399
-0.510201
-0.458996
-0.508529
-0.383569
-0.189378
-0.376916
-0.157345
0.012760
-0.028827
0.242964
-0.291415
-0.273910
-0.383403
0.214854
-0.235846
0.884468
-0.535858
0.127878
-0.301246
-0.262257
-0.267865
-0.277160
-0.167914
-0.313141
-0.169807
-0.322146
-0.188707
-0.012238
-0.436420
-0.258245
-0.151677
-0.465475
-0.355078
-0.316590
-0.413627
-0.499731
0.473880
-0.289970
0.102181
0.031122
-0.090179
-0.050689
-0.061084
-0.062752
0.136444
-0.283582
-0.245994
0.136003
-0.193144
-0.302384
-0.467392
0.218045
0.139811
-0.329749
-0.099728
-0.314467
0.058637
-0.026541
-0.322120
-0.307072
0.169528
-0.070957
-0.156575
-0.501447
-0.543735
-0.310101
-0.037563
-0.218993
-0.334249
0.712068
-0.300905
-0.244566
0.044316
0.781888
-0.165079
0.261496
-0.188389
-0.336116
-0.340065
-0.662489
-0.425190
-0.456865
-0.044347
-0.397394
-0.386962
-0.010148
0.475567
-0.571603
-0.494253
-0.609067
-0.561668
-0.643988
-0.528689
-0.191673
-0.428689
-0.650614
-0.443349
-0.356814
-0.563603
-0.337396
-0.301697
-0.559029
-0.146053
-0.291281
-0.017939
-0.259407
-0.480593
-0.312329
-0.523289
-0.393792
-0.517346
-0.722734
-0.418887
-0.017481
0.016947
-0.559260
-0.473066
-0.155337
0.136941
0.256323
-0.103146
0.055162
-0.097589
-0.024656
0.202552
0.319195
0.131589
0.214443
0.439671
0.633482
1.269366
0.911584
0.852741
0.020820
0.117991
0.179976
0.142738
-0.180558
0.386743
0.259002
-0.111202
0.657345
-0.259626
-0.392204
-0.234742
0.119016
-0.259149
-0.422762
-0.176336
-0.488851
-0.357692
-0.497871
-0.462583
-0.175389
-0.525426
-0.702111
-0.553923
-0.584156
-0.422706
-0.573336
-0.494022
-0.440531
-0.142928
-0.424835
-0.471686
-0.365213
-0.367289
-0.293478
-0.344656
-0.348737
0.198800
-0.366156
-0.162088
-0.133497
-0.285901
-0.201959
-0.267753
-0.086827
-0.239419
-0.101044
0.380603
-0.323547
-0.486385
-0.307057
0.375921
-0.283421
-0.265994
-0.241740
-0.267430
-0.339154
-0.269090
0.070704
-0.193363
-0.183475
-0.021893
-0.067446
-0.169628
-0.292687
-0.186286
-0.182826
-0.342874
-0.502939
-0.520882
-0.248843
-0.406142
-0.383962
-0.400989
-0.043765
-0.416490
-0.559412
-0.571804
-0.415636
-0.574929
-0.582040
-0.546087
-0.587468
-0.618234
-0.572171
-0.547133
-0.553406
-0.166081
-0.452862
-0.413466
-0.320293
-0.266888
-0.403700
-0.269593
-0.434336
-0.327833
-0.416246
-0.633667
0.419660
-0.268975
-0.485659
0.056624
-0.291750
-0.565246
-0.375047
-0.295156
0.142930
0.107342
0.409362
-0.108138
0.006700
-0.486542
0.825628
0.521260
0.120900
0.056472
-0.305441
-0.459917
0.295390
-0.089652
-0.350419
-0.412885
-0.210651
0.028347
-0.381367
-0.486881
-0.211297
-0.342601
-0.293608
-0.190070
-0.371244
-0.267846
-0.452176
-0.400258
-0.529644
-0.454369
-0.598672
-0.356357
-0.446207
-0.419635
-0.416276
-0.647470
-0.423981
-0.450004
-0.563100
-0.365566
-0.330589
-0.625132
-0.491093
-0.467693
-0.100328
-0.263995
0.038904
0.213455
-0.227432
-0.355411
0.155750
0.224848
-0.226733
-0.286190
-0.257787
-0.480678
0.028391
-0.329595
0.319342
-0.237757
-0.394375
-0.005171
0.425636
0.033235
0.234173
-0.059672
0.321078
0.657086
0.153600
0.900011
0.414164
0.328117
0.773657
0.722391
0.216623
0.156708
0.612515
0.051276
0.013718
2.180609
0.224907
0.701238
0.784811
0.232214
-0.168925
-0.205185
0.415260
-0.249192
-0.053666
-0.305583
-0.219077
-0.184790
-0.176901
-0.471260
-0.445316
-0.369392
-0.481371
-0.459256
-0.621648
-0.203043
-0.227061
-0.468927
-0.243092
0.037505
-0.043610
-0.092161
0.383457
0.074367
0.143361
0.752996
0.276881
0.675542
0.142450
0.393304
0.578482
-0.038739
0.205350
0.455039
0.068053
0.404464
0.013085
0.058281
-0.200703
-0.140071
-0.253828
-0.226081
-0.291661
-0.361926
-0.180788
-0.295139
-0.288377
-0.389609
-0.263787
0.877756
-0.176264
0.056895
-0.428674
-0.289771
-0.254146
-0.127490
-0.240298
-0.247644
0.306147
-0.292762
-0.488932
-0.181668
-0.245774
-0.053039
-0.392613
-0.298976
-0.348153
-0.494929
-0.474893
-0.254857
-0.473040
-0.292435
-0.290425
-0.266266
-0.352653
-0.518751
-0.577557
-0.535540
-0.490403
-0.124606
-0.135854
-0.429181
-0.477978
-0.000072
-0.391338
0.003191
-0.477941
-0.157315
-0.148139
-0.400323
-0.486455
-0.584318
0.152042
-0.405763
-0.209750
-0.563437
-0.166450
-0.214303
-0.362913
-0.391420
-0.530151
-0.423077
-0.213120
-0.341661
-0.550098
-0.703185
-0.524432
-0.381068
-0.466209
-0.407173
-0.222463
-0.367003
-0.517038
-0.412357
-0.480151
0.198723
0.112220
-0.041251
0.635976
0.517968
0.758630
-0.211631
0.211836
-0.495677
-0.245098
-0.511117
-0.279894
-0.580827
-0.696325
-0.606515
-0.301101
-0.546168
-0.532675
-0.376566
-0.464861
-0.413388
-0.323658
-0.580519
-0.413836
0.339570
-0.319483
-0.308095
-0.064045
-0.178164
-0.339743
-0.351467
-0.310007
-0.017945
0.136004
-0.172036
0.594682
-0.110948
1.878090
-0.415412
0.560487
-0.114716
-0.191450
0.130998
-0.321822
-0.265857
-0.055280
0.012164
0.271729
0.798975
0.969871
0.406856
2.477997
1.632811
1.253500
0.360821
3.002923
1.007736
1.102844
1.138876
0.504803
-0.032970
7.300933
0.753368
0.250143
0.494895
0.570438
0.549260
1.755191
0.857178
0.564680
4.952244
0.939604
3.913728
1.604249
0.380205
0.527342
0.462188
0.187738
0.231642
-0.226956
0.158753
0.522687
-0.172827
-0.223100
0.002908
-0.121439
0.674715
0.197806
0.742078
2.421207
1.005640
2.964272
1.061873
2.557220
2.760100
8.423973
2.052783
3.734781
3.980552
4.984735
2.722758
6.524874
6.853862
14.215552
14.602619
10.759572
3.880083
3.702001
1.879488
2.213641
1.893096
0.541759
-0.085545
0.382387
0.838626
0.733800
-0.091732
0.114356
0.264844
0.403785
-0.284696
-0.290154
0.475361
0.265610
-0.206429
-0.125424
-0.236152
-0.201514
0.287721
-0.230564
0.414016
-0.364084
-0.101232
-0.494205
-0.461575
-0.510017
-0.437698
-0.407223
