-1.702025
-1.702025
-1.702025
-1.702025
-1.702025
-1.702025
-1.702025
-1.702025
-1.702025
-1.702025
-1.702025
-1.702025
-1.702025
-1.702025
0.029293
0.464107
0.242059
0.098433
0.338683
0.096007
0.654145
0.148558
0.491456
0.681580
-0.077775
0.220331
0.392388
0.125037
0.155781
0.825692
0.840396
1.120359
1.271720
0.546539
0.154282
0.566988
0.938342
0.110301
2.867255
0.432773
1.123368
0.083347
0.051330
0.117610
-0.421791
-0.261976
-0.519196
0.252662
1.188106
-0.367608
-0.608950
-0.486443
-0.689682
-0.778316
-0.757210
-0.674440
-0.744336
-0.826764
-0.737572
-0.680942
-0.650827
-0.855531
-0.788166
-0.532530
-0.622577
0.276026
3.808439
-0.089585
-0.188292
-0.480701
0.873921
-0.393514
-0.144330
-0.318720
-0.154712
-0.626956
-0.349165
-0.586461
-0.423269
-0.656266
-0.839338
-0.378795
-0.632354
0.163666
-0.338319
-0.293471
-0.569271
-0.254766
-0.518104
-0.502025
-0.495885
-0.517096
-0.644997
-0.762060
-0.790122
-0.708106
-0.512298
-0.469621
-0.594932
-0.891904
-0.783303
-0.637441
0.018545
-0.853538
-0.206481
-0.394607
-0.279903
-0.180257
-0.625619
-0.597710
-0.667722
0.206804
-0.758636
-0.470277
-0.752338
-0.632743
-0.925608
-0.107865
-0.366724
0.126453
0.523565
1.652596
3.048811
3.121875
2.583064
1.146755
1.048796
3.679895
4.224057
3.357208
0.766158
0.560365
0.209765
0.343294
0.631931
1.210992
0.742471
1.711609
4.064584
1.998435
3.050182
1.392675
2.854768
1.896646
1.643637
2.047742
0.717745
-0.512507
-0.266693
-0.556816
-0.501483
-0.580139
-0.603407
0.038147
-0.341738
-0.258040
-0.228435
-0.473558
-0.252446
-0.219536
-0.445716
-0.566906
-0.378588
0.063706
-0.038733
2.510832
1.580201
3.634408
1.768770
2.462496
2.631788
2.432073
2.530220
2.305099
2.826918
1.411636
1.718951
0.415869
0.751343
0.428891
2.340533
3.195562
1.556864
1.569660
2.063163
2.544681
1.724702
2.262760
0.882035
-0.123326
2.354454
0.288515
0.502007
0.034564
0.354871
0.151954
1.554165
0.174898
-0.070307
0.544173
0.115916
0.206302
1.413667
0.042409
2.922468
0.986407
-0.166914
0.024950
-0.059236
0.349088
0.463582
0.027730
-0.116949
0.135016
-0.079667
-0.281996
-0.183190
-0.202470
-0.131232
0.269528
-0.025163
1.140418
1.477193
1.120875
0.910838
-0.420624
0.504178
0.358575
-0.558313
-0.040784
0.630529
-0.092547
-0.386494
-0.446365
0.001308
-0.408058
-0.355670
-0.410329
0.189632
-0.241128
-0.438402
-0.618430
-0.444159
-0.678223
-0.595429
-0.462155
-0.387672
-0.859619
-0.821033
-0.756671
-0.670483
-0.667220
-0.792554
-0.933217
-0.787722
-0.796653
-0.899125
-0.123593
0.925900
-0.067889
-0.498256
-0.067777
0.354411
0.404132
0.179769
-0.608836
-0.059782
0.230307
-0.357129
0.013666
0.019830
-0.219343
-0.320129
-0.482975
-0.260894
0.668462
1.253574
0.098909
1.019955
0.287043
0.973609
0.637805
0.271113
0.330663
0.290699
0.627940
0.249726
0.292264
-0.024254
0.126499
0.661306
0.046465
0.567330
0.487674
0.305911
3.442715
0.395214
0.717795
-0.343242
-0.299877
-0.329323
-0.398149
-0.522796
-0.691854
-0.782699
-0.536716
-0.262898
-0.812050
-0.286116
-0.669984
-0.440192
-0.669652
-0.747150
-0.809474
-0.773200
-0.442805
-0.026520
-0.600616
-0.642492
-0.440683
-0.061405
-0.582245
-0.546594
-0.516659
-0.444579
-0.465369
-0.417991
-0.720821
-0.452886
-0.437081
-0.330869
-0.307079
-0.526925
-0.009429
-0.277561
-0.459806
-0.096070
-0.162875
-0.533687
-0.046345
-0.155412
-0.587768
-0.325785
0.051030
0.067397
0.208019
-0.356158
-0.128971
-0.359147
0.388153
-0.338534
-0.558182
-0.638572
-0.587665
-0.518054
-0.795969
-0.689548
-0.685074
-0.480507
-0.769526
-0.617329
-0.538942
-0.629270
-0.652240
-0.770219
-0.564668
-0.382686
-0.744725
-0.855366
-0.771547
-0.518659
-0.715647
-0.662630
-0.825375
-0.500328
-0.314497
-0.685724
-0.866819
-0.545217
-0.681906
-0.612273
-0.165053
-0.292148
0.177643
1.125152
-0.601729
-0.509155
-0.061022
-0.100018
-0.708567
-0.320463
-0.448800
-0.772651
-0.049771
-0.613756
0.198896
-0.362288
-0.448218
-0.071311
0.123740
-0.076744
-0.199733
-0.626876
0.181511
0.563951
-0.019791
0.280487
-0.275105
0.317218
1.287632
1.166423
-0.007135
-0.360845
-0.103088
-0.711309
-0.151372
0.070898
-0.092487
-0.452191
-0.541304
-0.320413
-0.569156
-0.468039
-0.594633
-0.704852
-0.326196
-0.072247
0.018908
0.924920
0.711173
0.560929
0.459049
1.175177
-0.135082
0.076625
0.120019
0.431933
0.508322
0.517546
0.080878
2.545787
0.340752
-0.004706
0.341931
1.947428
0.882058
0.018532
0.004707
-0.126380
-0.193825
-0.342903
-0.065928
-0.146151
-0.042655
-0.423725
-0.601913
-0.442983
-0.498143
-0.557052
-0.633030
-0.728866
-0.671655
-0.763517
-0.776671
-0.791595
-0.766064
-0.750122
-0.516436
-0.475085
-0.863525
-0.422905
-0.711695
-0.612273
-0.448522
-0.855392
-0.821566
-0.781150
-0.747853
-0.708478
-0.500628
-0.733211
-0.652693
-0.465794
-0.335310
-0.140627
-0.237087
0.424401
-0.227739
0.051082
0.179593
-0.110988
0.308583
0.399316
0.873724
0.378635
0.817217
1.182235
0.075141
1.314083
1.095975
-0.019198
-0.568327
-0.704280
-0.844290
-0.912537
-0.585864
-0.866754
-0.517782
-0.450216
-0.478999
-0.674878
-0.656203
-0.882209
-0.852256
-0.683948
-0.721152
-0.177085
-0.568520
-0.777660
-0.387560
-0.720457
-0.183180
0.390565
-0.555873
0.847123
-0.120715
0.021040
0.257781
0.963179
1.113592
0.356447
0.366574
1.586732
0.015322
0.421000
1.084640
1.207869
0.427301
0.385198
0.369066
0.433422
0.728061
-0.385610
-0.034157
-0.130226
-0.210390
-0.334171
-0.063971
0.638508
-0.658966
-0.296158
-0.354322
-0.549424
-0.309684
-0.568806
-0.801574
-0.569644
-0.471287
-0.465441
-0.442529
-0.337048
-0.464398
-0.101225
-0.089545
-0.443624
0.176514
0.279327
0.097948
-0.167780
0.638004
0.788553
-0.036767
0.573077
0.958792
0.377388
0.988403
0.567868
2.008317
1.743043
2.525277
3.038035
1.247213
2.809974
2.767421
1.371790
1.301846
1.051644
1.107133
1.964767
0.165894
0.536049
0.521455
-0.081464
0.036469
0.634792
1.280489
0.053584
0.306647
-0.103391
-0.159779
-0.453424
0.023561
0.313925
0.182307
-0.422517
-0.833618
-0.827698
-0.857351
-0.617347
-0.879083
-0.861982
-0.928074
-0.771575
-0.830450
-0.844132
-0.305875
-0.580343
-0.260510
-0.436964
-0.728597
-0.420955
-0.371913
-0.582550
-0.320623
-0.519018
-0.298347
-0.639057
-0.852538
-0.716240
-0.961544
0.073870
-0.869800
-0.153681
-0.165091
-0.490457
-0.259304
-0.289366
-0.389202
-0.121634
-0.173896
0.037196
-0.552849
-0.222336
0.327989
-0.255993
0.323080
0.377861
0.638646
1.766419
0.915369
0.975229
-0.132706
-0.124630
-0.231545
-0.617144
-0.578454
-0.645887
-0.248599
-0.079049
-0.567478
-0.531261
0.425204
-0.584481
-0.286758
1.299055
-0.597890
-0.630919
-0.172068
-0.762004
-0.638035
-0.601010
-0.622283
-0.465053
-0.416226
-0.117917
4.244422
-0.547653
0.854667
-0.137352
0.416823
0.471493
1.944356
-0.124984
0.336312
0.084871
-0.346259
-0.058882
-0.237028
0.156320
0.789615
0.181708
-0.513742
-0.460467
-0.340381
-0.502655
-0.904403
-0.610615
-0.197179
-0.632415
-0.604612
-0.405936
-0.567886
-0.159053
-0.757611
-0.853154
-0.682147
-0.889893
-0.854623
-0.854130
-0.735332
-0.908907
-0.654248
-0.332326
-0.558374
-0.634085
-0.331233
-0.057386
-0.495757
-0.421268
-0.361381
-0.103644
0.492984
2.047411
0.232924
0.273732
3.052790
0.283662
0.559116
0.489627
0.065081
0.193265
1.126774
1.686858
3.404877
0.770604
0.713530
0.605101
1.221709
0.563648
0.373742
0.515670
0.626631
0.262664
0.101468
0.445873
0.301408
-0.200853
0.109786
0.330310
0.050775
-0.185605
0.073306
-0.008358
-0.529097
0.022317
-0.333135
-0.761316
-0.487572
-0.768652
-0.722127
-0.566048
-0.796215
-0.705118
-0.134816
-0.577425
0.123510
-0.565067
-0.642762
-0.532560
-0.289679
-0.741160
0.233308
-0.420103
0.472595
0.225290
-0.254742
-0.372847
-0.130373
-0.462018
-0.187272
-0.347821
-0.248462
-0.158590
1.540262
0.429827
0.440983
-0.144363
-0.180191
-0.109819
0.621779
-0.358311
0.005206
-0.382392
0.520910
0.145817
-0.127909
-0.111409
-0.290277
-0.008203
1.886012
-0.041162
0.103096
0.230588
0.637837
-0.153881
0.654391
-0.546305
-0.227954
-0.327825
-0.797764
-0.578107
-0.614760
-0.736394
-0.541761
-0.654070
-0.449499
-0.557044
0.561718
-0.589396
-0.546741
-0.696603
-0.641576
-0.670861
-0.384907
-0.005620
-0.484067
-0.731825
-0.597357
-0.486021
1.325097
-0.761875
-0.622225
-0.504537
0.477915
-0.210400
-0.706735
0.011524
-0.520554
-0.374195
-0.542862
-0.661520
-0.648466
-0.345082
-0.613638
-0.517617
-0.119707
-0.934116
-0.774485
-0.852149
-0.563567
-0.815395
1.152005
-0.472453
-0.004984
-0.325011
-0.469559
-0.347491
-0.493448
-0.765864
-0.498553
0.657907
-0.640670
-0.647397
-0.604411
-0.184789
-0.187994
-0.536757
-0.753927
-0.749056
-0.892618
-0.807897
-0.312536
-0.395160
-0.303694
-0.363365
-0.591771
-0.384724
-0.309331
-0.244732
-0.166625
0.198750
0.041419
0.175524
0.526190
1.030482
0.281882
0.268065
0.270955
0.167731
0.243663
0.018509
0.238081
0.466607
-0.320820
-0.064460
0.290761
-0.056089
1.462547
0.723335
0.109413
0.143877
0.531018
0.630805
0.665781
-0.085047
-0.192027
-0.257381
-0.510723
-0.667557
-0.676290
-0.730720
-0.258756
-0.722704
0.031267
-0.643446
-0.715709
-0.728331
-0.801066
-0.552147
-0.511296
-0.706883
-0.416044
-0.432589
-0.440279
-0.072470
-0.214596
-0.474959
1.897121
-0.604607
-0.394496
-0.433406
-0.206488
-0.133707
-0.250261
-0.535499
-0.067694
-0.068772
-0.219318
-0.179147
0.008965
-0.201407
-0.444434
-0.107172
-0.082566
0.061936
0.168392
-0.322220
-0.019626
-0.290608
-0.204289
-0.575113
0.177107
-0.261954
-0.308203
-0.510706
0.157687
-0.532231
-0.275053
-0.039230
-0.705976
-0.260114
-0.341810
-0.379873
-0.801878
-0.748927
0.047720
-0.422027
-0.582978
-0.466939
0.471563
-0.635015
-0.559880
-0.650251
-0.111922
-0.664869
-0.286308
-0.240464
0.112591
-0.547784
-0.150746
-0.526412
-0.524817
-0.618420
-0.430744
-0.807213
-0.552462
-0.682567
-0.515338
-0.385265
-0.722045
-0.730880
-0.382258
-0.423135
-0.497530
-0.416034
-0.486169
-0.616020
-0.546212
-0.515184
-0.375050
-0.885824
-0.617321
-0.736973
-0.274362
-0.389128
-0.325198
-0.496781
-0.628495
-0.482540
0.017928
-0.440517
-0.277887
-0.588855
-0.742667
-0.902262
-0.783137
-0.495635
-0.682087
-0.335622
-0.045522
-0.609462
-0.366623
-0.848522
-0.907427
-0.459604
-0.392098
-0.498168
-0.683479
-0.550145
-0.226094
-0.645381
-0.276295
-0.300807
-0.032614
0.009937
-0.122711
0.036071
0.249721
-0.190949
0.079673
1.069949
0.180273
-0.084939
0.796772
0.235091
0.386552
1.649065
-0.061811
0.852409
0.266241
0.851190
0.760037
0.294562
0.123512
0.993694
0.398166
-0.438254
0.646459
0.387263
-0.750269
-0.874266
-0.817319
-0.796037
-0.556452
-0.685849
-0.415626
-0.869887
-0.817456
-0.774816
-0.721872
0.280807
-0.771820
-0.234592
-0.356029
-0.670210
-0.230184
-0.315882
-0.482736
-0.653093
-0.619526
-0.308919
-0.104114
0.110873
0.133197
0.125920
-0.115063
-0.113252
-0.225783
0.261243
-0.080810
0.557691
0.155008
0.036441
-0.124829
0.726944
-0.232781
0.870873
-0.073392
0.537174
-0.200478
-0.264083
2.704000
0.009177
-0.419712
-0.619299
-0.383574
0.016884
0.655818
0.132523
-0.535880
-0.563570
-0.025835
-0.442591
-0.602731
-0.650699
-0.644002
-0.412879
-0.750435
-0.876271
-0.532254
-0.663412
-0.799367
-0.827726
-0.155848
-0.241466
-0.660358
-0.156550
-0.654752
-0.789219
-0.693374
-0.817880
-0.380700
-0.590302
-0.303266
0.920471
-0.506268
-0.332925
-0.489319
-0.586329
-0.332720
-0.150192
-0.191193
1.473308
-0.387943
-0.302769
-0.236311
-0.027388
-0.158974
-0.320233
-0.468668
-0.102601
-0.516433
-0.688171
-0.726746
-0.809553
-0.687274
-0.746889
-0.922062
-0.939723
-0.728579
-0.748207
-0.675273
-0.596773
-0.642352
-0.708362
-0.833325
-0.776365
-0.782246
-0.639135
-0.460230
-0.652085
-0.425626
-0.766092
-0.595953
0.085526
-0.601487
-0.534502
-0.236639
-0.590206
-0.616499
-0.727602
-0.850594
-0.335772
-0.128303
-0.080608
2.124203
0.738162
1.346821
0.967107
0.250457
1.767729
0.811039
1.215309
0.408441
1.456677
1.287945
0.887114
2.394514
0.666615
1.324455
1.856907
0.971769
4.501265
1.286928
1.043800
2.123730
1.220459
0.750499
1.760597
0.179894
-0.534370
-0.312281
-0.703211
-0.477828
-0.712319
-0.350966
-0.509519
-0.702512
-0.741121
-0.734465
-0.643783
-0.634750
-0.638339
-0.504731
1.280530
-0.226758
-0.512336
0.296255
0.301255
0.430032
1.113475
4.475897
6.303808
4.517539
5.707232
1.695504
4.509360
1.922311
2.226485
1.136575
2.245108
2.149046
0.862060
3.058770
0.872719
1.662680
1.761998
4.141469
2.638576
0.748752
1.849963
1.465765
1.252471
0.417156
2.931279
1.144547
0.356515
2.408767
0.424624
0.580820
0.660162
0.410465
0.201891
-0.325102
-0.142914
-0.167387
-0.136986
-0.181171
-0.275401
-0.412591
-0.176180
-0.482200
-0.612570
-0.531577
0.371373
-0.263696
-0.137065
0.710010
-0.541779
-0.285058
-0.493940
-0.411580
0.252762
-0.091173
-0.224229
-0.388630
0.739161
0.887428
0.887453
-0.417175
0.470565
-0.367183
-0.521434
-0.465324
-0.261140
0.093520
0.187043
-0.171392
-0.066569
-0.059048
0.132332
-0.019542
-0.341635
0.034627
-0.180156
-0.078571
-0.487651
0.034076
-0.276340
-0.285401
-0.059992
-0.313341
-0.524972
-0.715482
-0.914635
-0.914148
-0.790201
-0.792283
-0.671770
-0.931104
-0.726929
-0.791987
-0.729150
-0.426974
-0.547701
-0.484701
-0.665865
-0.129112
-0.520553
-0.558988
-0.449410
-0.723193
-0.056772
-0.515876
-0.559298
-0.327533
-0.056510
2.038210
5.437453
5.045901
4.434710
3.859886
4.265960
2.684740
2.888613
1.482911
5.730210
1.669069
0.471280
0.454401
0.316283
0.638149
2.052594
1.083867
1.464406
1.761282
2.141622
2.473761
1.764707
0.837718
0.673508
0.367912
-0.210356
0.104097
-0.335312
-0.521985
-0.598631
-0.454565
-0.424180
-0.488958
-0.650075
-0.791117
-0.673372
-0.646244
-0.165493
-0.607077
-0.660437
-0.588979
0.060860
-0.502902
-0.230499
-0.420579
-0.366078
-0.260099
-0.069921
-0.093078
-0.115689
0.139393
0.141026
0.189289
-0.007266
0.156432
0.386979
0.271841
0.254508
0.241226
0.332754
0.865370
0.123182
0.706976
0.684969
1.022115
0.472938
0.528043
0.233640
2.474897
-0.150972
0.235941
0.170351
0.101570
0.317015
-0.390159
-0.478100
-0.464590
-0.249335
0.015801
-0.449608
-0.353552
-0.608313
-0.392296
0.147616
-0.606565
-0.706021
-0.525467
-0.304921
-0.791978
-0.769598
-0.115022
-0.962641
-0.623518
-0.875375
-0.658968
-0.376743
-0.695265
-0.303674
-0.469077
-0.170674
-0.518228
1.034236
0.728381
0.521366
-0.152105
-0.406843
-0.446531
0.527248
-0.718067
-0.608283
-0.051206
-0.454907
-0.684217
0.178107
-0.615613
-0.286981
-0.429706
-0.530300
-0.149625
-0.478386
-0.222718
-0.781509
-0.702999
-0.800001
-0.758997
-0.700444
-0.474546
-0.834712
-0.420843
-0.362910
-0.575419
-0.757184
-0.886566
-0.644344
-0.487642
-0.685418
-0.806352
-0.696483
0.303600
-0.717763
-0.353047
-0.314673
-0.612324
-0.401858
0.310685
0.774633
1.246218
-0.064696
-0.568552
-0.259874
-0.269180
-0.207902
-0.021804
0.066753
0.410198
1.094135
0.873788
1.547284
0.549339
0.409577
1.200487
0.290841
0.208772
1.634756
0.296661
-0.263670
0.064185
0.092419
0.566595
-0.296921
-0.003078
0.261725
0.175112
0.099093
-0.203148
-0.006860
-0.238116
-0.241038
0.017567
-0.304364
-0.394760
-0.448045
-0.916503
-0.921951
-0.850924
-0.531954
-0.753361
-0.327417
-0.586630
-0.523141
-0.708691
-0.667670
-0.702892
-0.078372
-0.700327
-0.521043
-0.597485
-0.805559
-0.559417
-0.700010
-0.660433
-0.592546
-0.755772
-0.721563
-0.913347
-0.628746
-0.748360
-0.173208
0.092677
0.285883
1.423296
0.565080
0.660990
0.628131
-0.252897
0.229748
0.249575
-0.312021
0.095758
-0.467862
0.234649
-0.344679
-0.049874
0.467324
0.089433
0.845581
0.076446
-0.277649
0.176329
-0.262842
-0.515416
-0.359374
-0.445351
-0.455129
-0.118578
-0.441972
-0.235847
0.268063
-0.630867
-0.632784
-0.740008
-0.759747
-0.812845
-0.755007
-0.839075
-0.665087
-0.681631
-0.400022
-0.530317
1.393842
-0.320647
-0.032955
0.761945
-0.149224
0.035342
-0.494059
0.183847
-0.468503
0.676004
1.255610
0.644554
4.397851
-0.243913
0.482333
-0.603367
0.281766
-0.312266
0.004336
-0.133152
-0.021564
-0.853225
-0.872359
-0.869630
-0.731021
-0.737148
-0.937664
-0.822031
-0.882026
-0.687351
-0.832959
-0.543987
-0.433940
-0.624594
-0.671094
-0.242446
-0.421093
-0.707047
-0.361158
-0.334572
-0.389327
-0.590925
0.099779
-0.695113
-0.676061
0.176796
0.110860
-0.504237
0.046539
-0.137255
0.131448
-0.057252
-0.188661
-0.052684
0.384347
-0.036096
0.452244
0.246016
0.731416
1.317942
1.277957
0.654511
2.628879
1.531674
-0.058417
0.450954
1.222814
0.903643
0.121739
5.217495
0.355000
0.081030
0.306805
0.705439
0.848029
0.148111
0.207393
0.089176
0.457548
0.161980
0.153304
-0.018619
0.081809
-0.091775
-0.647172
-0.514718
-0.837623
-0.966030
-0.842926
-0.838962
-0.964309
-0.653868
-0.842622
-0.757777
-0.032380
-0.739791
-0.811036
-0.106417
-0.640185
-0.493354
-0.574500
-0.658048
-0.597540
-0.802784
-0.853130
-0.775118
-0.748345
-0.684286
-0.824002
-0.821591
-0.483846
-0.639073
-0.545638
-0.385459
-0.331714
-0.357925
-0.168709
-0.463444
-0.151143
0.121343
0.071434
0.114199
0.147080
0.355593
0.332145
0.357422
0.124775
1.062013
-0.064142
0.055605
-0.014971
-0.677740
-0.769025
-0.613312
-0.527627
-0.521622
-0.722558
-0.565015
-0.522885
-0.620498
-0.782774
-0.842235
-0.647634
-0.663279
-0.942199
-0.861417
-0.653563
-0.506879
-0.311708
-0.467541
-0.579102
-0.102392
0.358523
-0.196576
0.535195
-0.205079
0.465519
-0.180733
0.083788
0.796294
0.184074
0.741228
0.092101
1.432571
1.839914
0.310569
0.630747
0.153651
0.407130
-0.253260
0.098364
-0.578477
-0.539940
-0.376441
-0.461611
0.250008
0.130177
0.306845
-0.210031
-0.104469
-0.615165
-0.419518
-0.489126
-0.164788
-0.528980
-0.092219
-0.496831
-0.572798
-0.416950
-0.647953
-0.459243
0.011176
-0.427610
-0.138586
-0.047695
-0.034424
-0.106567
0.512153
0.252141
2.284782
0.871957
0.648037
0.318439
0.896679
1.689887
0.805572
0.888997
2.063507
2.571069
1.351102
2.866068
2.106418
0.937160
0.378143
0.822455
0.855583
1.524352
0.478604
0.390530
0.712605
0.275839
0.685736
0.231044
0.068945
0.731617
-0.116473
-0.075873
-0.135535
-0.369312
-0.171551
0.051782
0.148548
-0.079011
-0.476022
0.009138
0.574605
-0.298060
-0.203504
-0.416012
-0.379427
-0.805301
-0.554920
-0.604672
-0.611260
-0.878521
-0.693799
-0.703380
-0.503187
-0.631615
0.228507
-0.524263
-0.584429
0.113723
-0.496519
-0.637202
-0.452328
-0.494496
-0.601814
-0.715296
-0.678113
-0.393649
-0.533882
-0.140646
0.625353
0.298932
2.151626
0.393411
0.175395
1.071958
-0.163185
-0.424854
0.206260
-0.235843
0.089920
-0.218620
0.436321
0.021351
0.320840
0.554914
0.147310
0.812832
-0.299158
-0.180147
-0.425984
-0.656521
0.281265
-0.532697
-0.390034
-0.518477
-0.699469
-0.459564
0.504466
-0.518723
-0.463812
-0.403521
-0.363164
-0.872638
-0.632247
-0.976910
-0.943536
-0.842708
-0.772674
-0.577879
-0.455021
-0.315596
-0.613750
-0.578175
-0.218255
-0.382634
0.255279
-0.500814
-0.265518
-0.449375
-0.094358
-0.024895
-0.232294
-0.149349
-0.083451
-0.419066
-0.417562
-0.557115
-0.568812
-0.548579
-0.473666
-0.825278
-0.600736
-0.746699
-0.923784
-0.816129
-0.770333
-0.638413
-0.708716
-1.039722
-0.886160
-0.665927
-0.561095
-0.721740
-0.351089
-0.721277
-0.654828
-0.556761
-0.275894
-0.246060
-0.876675
-0.760959
-0.693461
-0.614096
-0.519156
-0.653121
-0.708737
-0.242420
0.022368
-0.392612
-0.197175
-0.242095
0.012581
-0.696069
-0.337801
-0.000219
1.255679
0.531102
2.457946
0.940750
0.535094
-0.041034
-0.079081
-0.091577
0.405873
0.023604
0.102610
0.330015
0.012948
0.788382
0.025340
0.346912
0.775703
0.530708
0.867927
-0.259047
-0.025968
0.080490
0.904072
0.302175
0.154736
-0.338018
-0.671890
-0.581902
-0.336751
-0.257580
-0.328993
-0.036529
-0.243598
-0.663210
-0.745644
-0.798818
-0.718794
-0.697335
-0.768227
-0.028219
-0.773840
-0.213555
-0.733477
-0.601944
-0.466247
0.455382
-0.216492
-0.573358
-0.385866
-0.131927
-0.474489
-0.453733
-0.258419
-0.072408
-0.378672
-0.304084
-0.532137
-0.358907
-0.250815
-0.093230
0.052303
-0.472973
-0.113154
-0.314007
-0.352573
0.169107
0.096408
-0.247604
2.421913
-0.113147
-0.149897
-0.420979
-0.304788
-0.379547
0.189012
0.252069
-0.357121
-0.314742
-0.528341
-0.085701
-0.329151
-0.635182
-0.549282
-0.593051
-0.519274
-0.571945
-0.558478
-0.713378
-0.713142
-0.854260
-0.780797
-0.736237
-0.784477
-0.727713
-0.993136
-0.898579
-0.029575
-0.834074
-0.724363
-0.876355
-0.533379
-0.124642
-0.417934
0.100087
-0.556429
-0.420504
-0.664422
-0.484589
-0.330264
-0.102869
0.396884
-0.472079
-0.505214
-0.574863
-0.816018
-0.443107
-0.464271
-0.183492
-0.264578
-0.648725
-0.751442
-0.385683
-0.665078
-0.444997
-0.187156
-0.724508
-0.489949
-0.555521
-0.270015
0.026025
-0.465784
-0.228150
-0.452929
-0.756081
-0.657017
-0.571552
-0.785864
-0.498808
-0.797371
-0.716982
-0.369120
-0.605538
-0.149872
0.010345
0.016366
-0.541660
-0.476641
0.033359
-0.427394
0.173823
-0.213126
0.262747
0.426553
0.455878
-0.039053
0.657886
0.012611
0.552553
0.469357
0.245520
0.998112
0.187753
-0.187213
-0.046080
-0.002235
-0.079165
-0.118845
1.615983
0.270558
0.508817
0.320782
-0.076041
0.438404
0.245410
1.188543
0.002490
-0.369225
-0.420690
-0.719450
-0.899959
-0.775573
-0.733459
-0.864081
-0.400667
-0.560121
-0.734984
-0.762969
-0.475001
0.192201
0.407621
1.176980
0.655422
1.867046
0.822289
0.915509
1.278479
0.535474
0.013248
2.680561
0.565994
-0.392106
-0.396513
0.135392
-0.250439
-0.126719
-0.025851
0.049847
0.000398
0.068191
0.197850
-0.022822
0.210774
0.008700
0.439632
2.015091
0.160188
-0.003914
0.015994
-0.376494
0.274898
-0.016234
-0.231155
0.282113
-0.353799
0.170413
-0.067813
0.091949
0.105854
-0.541617
-0.302592
0.188683
-0.708849
-0.894205
-0.726367
-0.581177
-0.531844
-0.834598
-0.720734
-0.847731
0.617231
-0.750023
-0.639213
-0.671582
-0.889492
-0.823745
-0.628163
-0.761681
-0.760875
-0.255352
-0.528099
-0.740220
-0.467172
-0.677868
-0.675966
-0.609009
-0.731302
-0.647990
-0.656503
-0.531275
-0.691182
-0.694531
-0.432567
-0.290604
-0.655634
-0.460586
-0.556772
-0.415397
-0.704702
-0.603223
-0.323351
-0.595762
-0.538487
-0.351942
-0.586982
-0.428704
-0.762070
-0.336024
-0.652516
-0.581382
-0.428250
-0.125366
0.454210
-0.555080
-0.042716
-0.544444
-0.663926
-0.720364
-0.736542
-0.771792
-0.634519
-0.680656
-0.546132
-0.631883
-0.942251
-0.545694
-0.679181
-0.687255
-0.671094
-0.578158
-0.461148
-0.062394
0.119585
0.015224
0.001674
0.132634
0.415742
0.868289
0.191471
0.340990
1.097902
0.288458
0.130402
-0.163323
0.281450
1.027063
0.041617
0.020542
0.189290
0.073530
1.704349
1.247486
0.714677
1.749143
1.125684
0.666828
0.578208
0.428509
-0.114412
-0.195729
0.032929
-0.793258
-0.055255
-0.545803
-0.791520
-0.547463
-0.856514
-0.746633
-0.363396
-0.208983
-0.650319
-0.400840
-0.499902
-0.605282
-0.552953
-0.375034
-0.328434
-0.417553
-0.149002
-0.352237
-0.174187
-0.301121
0.119270
0.004976
0.043433
0.355719
0.378298
0.346688
0.337216
0.450332
0.278411
0.340530
0.086947
0.274534
0.590468
0.831730
-0.206537
0.381822
2.025089
1.027693
0.262478
0.495033
-0.016351
0.416457
0.013670
0.090741
0.012030
2.003175
0.005079
-0.296703
-0.316827
-0.109343
-0.343747
0.060322
-0.372824
-0.194987
-0.586594
-0.277245
-0.571067
-0.508575
-0.315818
-0.880893
-0.184749
-0.724392
-0.658410
-0.285893
-0.704946
-0.576269
-0.780974
-0.402030
-0.860336
0.604663
-0.557892
0.124404
-0.355119
-0.366323
0.385561
0.078787
-0.156120
0.856769
-0.120177
-0.570748
-0.224452
-0.416733
-0.335527
-0.176899
-0.317820
-0.757094
-0.350835
-0.223241
-0.325357
-0.444736
-0.515579
-0.309583
1.024961
-0.271613
-0.752256
-0.438732
-0.347855
-0.080532
-0.483211
-0.513213
-0.424396
-0.414909
-0.363591
-0.502365
-0.852991
-0.707920
-0.765886
0.029240
-0.667170
-0.540831
-0.540184
-0.346692
-0.454411
-0.905822
-0.687618
-0.718671
-0.068475
-0.674869
-0.478923
-0.358362
-0.861540
-0.997406
-0.673591
0.329553
-0.610712
0.625933
1.726757
3.082308
3.738007
2.973923
1.183961
0.732748
0.541393
5.127042
4.780568
1.018581
3.749308
1.011392
2.280901
0.817913
0.813522
1.744639
3.200666
2.379276
1.600302
1.647888
0.658367
2.364607
1.814444
1.995357
0.192842
0.004218
0.419579
-0.475498
-0.492203
-0.464158
-0.778828
-0.509829
-0.631935
-0.582096
-0.448192
-0.497676
-0.499953
-0.281724
1.387946
-0.134900
-0.512693
-0.458195
-0.261159
-0.064385
0.470337
0.634703
1.739902
2.007078
0.952058
2.350619
1.098213
2.419431
0.609563
0.426815
0.750436
0.861260
0.536471
0.580378
1.084194
0.716495
0.573603
1.403083
1.777668
1.162226
0.869427
0.682030
1.597648
3.498153
0.692095
3.260711
1.098006
0.116519
-0.187025
0.116543
0.640791
-0.140816
-0.274194
1.389425
0.472540
-0.437943
-0.266472
-0.157072
0.326654
-0.160305
-0.124410
-0.193847
-0.663114
-0.656696
-0.239360
-0.364716
0.089685
0.844403
-0.376293
-0.125458
-0.464116
0.239457
-0.036069
-0.217289
0.227252
0.742706
0.499914
-0.087395
2.812098
1.194781
0.565478
0.904318
-0.143129
-0.084198
-0.582872
-0.227908
-0.209447
-0.623055
0.293414
-0.557618
-0.643398
-0.616589
-0.580424
-0.652788
-0.486033
-0.622726
-0.776253
-0.425532
-0.182266
-0.768006
-0.967050
-0.539833
-0.396102
-0.857087
-0.892990
-0.945578
-0.948897
-1.028224
-0.817066
-0.864108
-0.631959
-0.670158
0.252967
-0.617641
-0.622236
-0.711268
-0.566485
-0.412867
-0.746944
-0.528657
-0.147180
-0.277689
0.255823
-0.517460
0.068007
-0.293279
0.444964
-0.322525
0.015521
-0.089189
0.076380
-0.082155
0.699716
0.015773
0.326284
0.178171
0.796089
0.320186
-0.051434
0.871065
0.150250
0.208692
0.084622
0.227381
-0.033583
-0.042474
0.849354
-0.067621
0.040664
1.323107
0.502476
0.068476
0.397225
1.065075
-0.209147
-0.509330
-0.356756
-0.742080
-0.736071
-0.644251
-0.747510
-0.569967
-0.878635
-0.503419
-0.916648
-0.813407
-0.682297
-0.506989
-0.869268
-0.809028
-0.855821
-0.838955
-0.630851
-0.658853
-0.688550
-0.783989
-0.593761
-0.245739
-0.635960
-0.704717
-0.603904
-0.572835
-0.444617
-0.507690
-0.466416
-0.634728
-0.107158
-0.189177
-0.560063
-0.319894
-0.062298
0.364323
-0.065922
-0.226858
-0.380451
0.368991
-0.260387
-0.248717
1.890565
0.003883
0.784147
0.589939
0.306708
-0.174787
-0.271419
0.324465
-0.384861
-0.449760
-0.625826
-0.723138
-0.510951
-0.637454
-0.920167
-0.667544
-0.684691
-0.496207
0.446088
-0.571283
-0.658798
-0.731755
-0.568366
-0.683346
-0.396798
-0.572377
-0.743599
-0.269832
-0.322016
-0.241597
-0.635698
-0.704173
-0.068916
-0.172809
-0.798827
0.365886
-0.185179
-0.514274
-0.768549
-0.259141
-0.254436
-0.607575
-0.608328
-0.525100
-0.465555
-0.754215
-0.549733
-0.719088
-0.399780
-0.843563
-0.559578
-0.376604
-0.898309
-0.711802
-0.682234
-0.512020
-0.698214
-0.450938
-0.622522
-0.395420
-0.521269
-0.260515
-0.338644
-0.366553
-0.506809
-0.158087
0.122742
-0.441931
-0.663116
-0.648179
-0.135036
-0.305350
-0.699347
-0.771939
0.300185
-0.159256
0.279930
-0.101468
-0.370037
-0.277747
-0.021057
-0.011686
-0.139106
-0.317501
-0.492105
-0.253683
0.200214
0.237468
0.643973
0.702105
1.367901
1.419157
0.104123
1.073005
0.071098
0.376975
0.322459
0.679037
0.261807
0.533115
0.170854
0.547711
1.840331
1.152316
0.615073
0.616485
-0.029698
-0.305735
0.147719
-0.404092
-0.267675
-0.570194
-0.350814
-0.681503
-0.698423
-0.733261
-0.667533
-0.872761
-0.763453
-0.823228
-0.893045
-0.987395
-0.736970
-0.842274
-0.344886
-0.756443
-0.643679
-0.758099
-0.723377
-0.380927
-0.472207
-0.730544
-0.481664
-0.533535
-0.934327
-0.611041
-0.659475
-0.576844
-0.581648
-0.576372
-0.588285
-0.222261
0.073162
0.642399
0.600008
0.676498
1.344512
0.352048
1.460366
0.512741
0.479208
0.185320
0.462430
0.592289
0.241141
0.750849
0.692417
-0.035843
0.014639
-0.369955
-0.463622
-0.675095
-0.668409
-0.972700
-0.959154
-0.711858
-0.706867
0.003083
-0.588286
-0.584040
-0.715627
-0.440162
-0.544240
0.534271
-0.586529
-0.444587
-0.582078
-0.109630
-0.555106
-0.292882
-0.640599
-0.265987
-0.541038
1.713234
-0.157166
0.495851
-0.405638
0.185102
-0.420714
1.960688
1.820128
0.498475
0.479943
1.621013
0.378845
0.885255
0.410371
0.244916
1.154174
0.550830
-0.381424
-0.765477
-0.791611
-0.628815
-0.766701
-0.954626
-0.820257
-1.031847
-0.915910
-0.921221
-0.673706
0.737816
-0.199600
0.267791
-0.746299
-0.760029
0.037869
-0.472224
-0.636085
-0.469546
-0.454079
-0.070861
0.044132
0.048886
0.055354
-0.396243
-0.160873
-0.112260
0.486243
0.273641
0.863442
0.187822
0.557832
0.757256
0.566401
1.014722
0.596081
1.021961
1.118142
2.246517
1.721859
2.565803
3.593594
3.145707
1.578426
1.481910
0.913235
1.525619
1.803416
0.489539
0.452537
0.892813
0.234659
0.491985
0.185499
0.058471
-0.153630
1.632063
0.360788
1.209397
0.131017
-0.070360
-0.411001
-0.048083
-0.191280
-0.470610
-0.811098
-0.825467
-0.656272
-0.737908
-0.828177
-0.883774
-0.832931
-0.889867
-0.380687
-0.791451
-0.812839
-0.366566
-0.471680
-0.583729
-0.268966
-0.278025
-0.187894
-0.462447
-0.839141
-0.578246
-0.523835
-0.434734
-0.605592
-0.789172
-0.758178
-0.775185
-0.736146
-0.412231
-0.284274
-0.296757
-0.232157
-0.316102
-0.346489
-0.264014
-0.512371
0.068447
-0.361639
-0.580196
-0.169408
-0.469123
-0.158702
0.541969
0.595286
0.166734
0.445002
0.802373
-0.287563
-0.355330
-0.129296
-0.527809
-0.706709
-0.730428
-0.603746
-0.634334
-0.501240
-0.569837
-0.555503
0.068045
-0.604763
-0.445186
-0.743758
-0.761049
-0.771895
-0.651340
-0.641428
-0.341799
-0.573787
-0.777955
-0.391172
-0.451985
-0.563690
-0.732616
-0.385775
-0.465029
-0.303743
-0.063313
-0.306887
-0.183549
-0.217717
0.040203
0.508371
-0.061527
1.724081
1.291187
-0.158106
-0.071575
0.087448
0.213125
-0.377245
1.059988
0.089130
0.146156
-0.064375
-0.700167
-0.390570
-0.754988
-0.541946
0.472171
-0.628299
-0.592555
0.204714
0.299087
-0.536536
-0.336176
-0.190863
-0.252493
-0.419337
-0.480565
-0.518672
-0.598020
-0.430364
-0.333948
-0.697030
-0.384055
-0.560695
-0.412440
0.022704
0.163718
0.269510
0.724964
-0.141465
0.260230
0.044448
0.448765
0.243324
0.464494
0.830282
1.261093
1.564760
1.867343
1.159609
4.815022
1.092368
2.302948
0.348985
0.774450
0.186787
0.572746
2.946180
0.046261
0.017595
-0.078868
0.356487
0.356723
0.078860
0.053913
0.503340
0.006308
0.178702
0.216835
0.210901
-0.433448
-0.297476
-0.640593
-0.112391
-0.340516
-0.135505
-0.310180
0.051008
-0.205599
-0.455881
-0.415197
-0.562986
-0.386218
-0.291833
-0.204383
0.057477
-0.481879
-0.434362
-0.038875
0.162035
0.041296
-0.234250
-0.253466
-0.107719
-0.378512
-0.391255
-0.397892
-0.423239
0.554875
0.121981
-0.091866
-0.203224
-0.135253
0.125431
-0.128837
0.128918
0.045522
-0.317067
-0.363942
-0.486617
-0.055552
-0.234755
-0.266852
0.019120
-0.379090
0.094423
-0.269558
0.204103
-0.206889
-0.140688
-0.289482
-0.406664
-0.449180
0.080254
-0.618511
-0.759852
-0.534237
-0.541722
-0.594706
-0.640242
-0.618668
-0.234590
-0.565204
-0.502265
-0.284941
-0.271830
-0.517324
-0.298624
-0.111659
-0.633657
-0.625751
-0.690349
-0.677430
0.107057
-0.038704
-0.462236
-0.355089
-0.112283
0.223364
-0.404637
-0.771420
-0.462249
-0.490539
-0.583919
-0.329455
-0.341861
-0.421659
-0.558177
-0.555456
0.086596
-0.689188
3.064053
-0.670887
-0.637371
-0.214724
0.004698
0.949950
0.040001
-0.249530
1.754892
-0.022459
-0.262832
0.390941
-0.386511
-0.703677
-0.774836
-0.550968
-0.798296
-0.824233
-0.730716
-0.551509
-0.661069
-0.700119
-0.764357
-0.824383
-0.724927
-0.763398
0.108768
-0.467849
0.048782
-0.405267
0.096745
0.247212
-0.381277
-0.002212
-0.001138
-0.378699
0.145596
0.046672
1.658787
0.641136
0.440729
0.294174
0.453996
0.153640
0.947039
0.446076
0.536539
0.117752
0.109366
0.169775
0.328220
0.273970
-0.100952
0.239256
0.013846
0.356951
0.227169
0.153908
-0.095985
0.201529
0.930315
-0.009931
-0.189104
-0.321343
-0.617017
-1.005962
-0.729827
-0.930903
-0.653115
-0.934774
-0.759880
-0.603084
-0.630369
-0.763982
-0.855641
-0.844302
-0.671890
-0.331630
-0.631283
-0.756137
-0.498633
-0.581758
-0.521254
-0.687580
-0.572392
-0.516503
-0.103127
-0.401121
-0.547894
-0.345794
-0.248608
-0.293055
0.190301
-0.077434
-0.240075
-0.153564
0.009385
-0.160909
-0.240678
0.036902
0.355543
-0.209184
-0.055804
-0.009483
-0.269414
-0.206296
-0.327176
-0.339232
-0.571745
-0.231256
-0.188894
-0.420719
-0.201237
-0.110753
-0.211920
-0.324186
-0.404263
-0.545268
-0.627225
-0.390274
-0.453297
-0.498987
-0.327232
-0.542005
-0.576239
-0.491934
-0.504313
-0.308858
-0.587038
-0.888143
-0.801319
-0.946817
-0.596097
-0.716310
-0.786537
-0.799377
-0.762982
-0.708049
-0.809554
-0.620587
-0.721162
-0.489712
-0.472954
-0.242102
-0.552107
-0.673398
-0.684891
-0.596579
-0.732735
-0.612246
1.299124
-0.481358
-0.579196
-0.418238
0.390698
-0.734404
-0.280515
-0.842160
0.119362
-0.640151
-0.469286
-0.498638
-0.295367
-0.395634
-0.115309
0.383417
-0.575822
-0.292292
-0.471937
-0.877284
-0.727887
-0.582912
-0.507360
-0.829994
-0.692937
-0.703951
-0.598535
-0.655985
-0.755598
-0.434881
-0.656804
-0.033662
-0.531953
-0.321628
-0.328160
-0.562900
-0.684149
-0.165865
1.328174
0.189997
-0.467412
-0.122692
0.624182
0.139460
0.575405
0.025722
0.280231
0.266504
0.444696
-0.203355
0.691722
0.153041
0.180137
0.346855
0.440552
0.544430
0.464899
0.635734
0.157105
1.201575
0.426419
1.292706
1.250090
0.715923
1.325986
0.757484
-0.402169
-0.234438
-0.632441
-0.786123
-1.009503
-0.759986
-0.716244
-0.136548
-0.733331
-0.901447
-0.853998
-0.829427
-0.718235
-0.618541
-0.536879
-0.127445
-0.294784
-0.453073
-0.225425
-0.295888
-0.404217
0.384597
-0.405814
0.352164
0.015000
-0.117792
0.187407
0.393180
0.353653
0.517028
0.168455
0.356188
0.278478
0.160200
0.369758
0.087780
0.290259
0.511221
1.256726
0.271770
0.533727
1.190723
2.065061
0.087747
-0.058273
-0.134036
0.396229
-0.484531
-0.054667
0.152011
0.044922
-0.402228
0.058755
-0.574349
-0.175899
-0.056122
-0.619649
-0.422999
-0.320219
-0.490344
-0.453963
-0.530565
-0.653996
-0.763488
-0.637299
-0.246869
-0.846340
-0.489221
-0.784676
-0.765030
-0.804586
-0.631954
-0.536993
-0.551963
-0.570062
-0.629027
-0.098374
0.819448
-0.054647
-0.405054
-0.476117
-0.426040
-0.595070
-0.595071
-0.433760
-0.702767
-0.769054
-0.774105
-0.516236
-0.758466
-0.698436
-0.421630
-0.328721
-0.662546
-0.731296
-0.460300
-0.646872
-0.683968
-0.562560
-0.663717
-0.780543
-0.754891
-0.872736
-0.867359
-0.462685
-0.147333
-0.235135
-0.649109
-0.759762
-0.598751
-0.867977
-0.312612
-0.733991
-0.786372
-0.819182
-0.329583
-0.706762
-0.810170
-0.978479
-0.809009
-0.495300
-0.512387
-0.660325
-0.357625
-0.723344
-0.460096
-0.635859
-0.317481
-0.642773
-0.729682
-0.666934
0.300021
-0.006084
-0.153267
0.087479
1.147961
2.228941
1.761491
0.982124
3.022903
2.908508
1.483940
2.422014
4.314912
7.250149
7.845238
5.748677
9.689976
7.624132
7.819475
5.047503
5.641523
6.970897
7.525223
7.628554
3.635843
2.730243
4.464363
3.149274
1.543496
1.160788
0.658752
0.553063
0.380428
1.564543
1.500859
0.473278
0.947354
0.492969
0.079819
-0.003356
-0.317272
-0.607453
-0.712003
-0.649174
-0.905757
-0.859108
-0.638873
-0.670050
-0.920685
-0.810059
-0.908124
-0.659461
-0.991059
-0.928529
-0.962254
-0.777544
-0.718662
-0.952073
-0.852327
-1.005984
-1.055011
-0.796504
-0.772191
-0.780409
-0.464636
-0.475489
-0.414059
-0.497631
-0.991211
-0.925147
-0.909850
-0.829346
-0.875002
-0.630400
-0.777185
-0.729657
-0.606804
-0.625680
-0.411139
-0.564792
-0.348340
-0.298249
-0.070869
0.119520
-0.191006
-0.169163
-0.252837
-0.033400
0.293933
0.223359
0.557910
0.879842
1.128764
2.720599
3.325263
1.142685
6.068506
5.914608
3.860392
4.581124
4.590455
6.160622
4.163814
6.548929
6.431896
4.204027
2.731716
7.645279
3.522732
2.962353
3.725064
2.720450
2.627956
2.954881
1.654759
3.398839
0.887762
1.611530
0.887250
0.766270
1.141709
0.405999
0.394640
0.649172
1.028575
0.555772
0.252615
1.277341
0.717911
3.187002
0.795048
2.519555
0.284992
0.022099
0.126029
0.924548
0.418300
1.563645
-0.059888
-0.302347
0.283913
0.950739
0.254044
0.326743
1.624045
1.426759
1.363590
2.594941
1.207277
3.180797
4.022858
3.529194
2.968161
2.903915
0.686390
1.590564
1.446830
0.124552
0.244754
0.076698
-0.238355
-0.245015
-0.335774
-0.785662
-0.588794
-0.278472
-0.554784
-0.556249
-0.725054
-0.681950
-0.849811
-0.412492
0.250870
0.355645
-0.623717
-0.616896
0.550409
-0.267600
-0.374376
-0.571984
-0.697981
-0.715882
-0.732761
-0.119303
-0.608506
-0.906630
-0.848163
-0.807193
-0.128486
-0.859816
-0.711389
-0.952835
-0.990806
-0.767980
-0.495335
-0.726869
-0.819800
-0.956160
-0.896063
-0.923172
-0.881994
-0.835893
-0.799691
-0.784682
-0.647413
-0.459285
-0.283549
-0.420161
-0.048277
0.083729
0.168886
0.625308
0.390150
1.211726
1.164815
0.901840
1.406586
3.424312
2.289186
2.200006
4.022378
2.977520
4.805469
1.862393
1.829091
1.271403
1.564228
2.623912
2.798205
0.864086
2.725781
1.465282
0.719448
0.746834
1.039784
-0.135883
0.784405
0.000446
0.379333
0.225151
1.535954
0.354707
0.169825
0.344123
0.482544
0.609496
0.515339
-0.291199
-0.287565
0.055629
-0.414152
0.303362
0.152447
1.018152
1.418650
0.532005
0.046661
-0.342194
-0.029942
-0.052223
0.024809
0.134118
-0.068120
-0.023477
-0.419807
0.009529
0.524717
0.701231
-0.443359
-0.686727
-0.643193
-0.408049
-0.620715
-0.757410
0.123411
-0.501188
-0.455575
-0.468400
-0.168548
-0.277061
0.383679
-0.480254
-0.428256
-0.144161
-0.404018
-0.053180
-0.049631
0.025152
-0.209118
0.497766
-0.054462
0.232578
0.487284
0.575840
-0.233588
-0.062284
0.124878
0.259778
-0.085387
-0.073993
0.289880
-0.023496
-0.778561
-0.587865
-0.546890
-0.474240
-0.697161
-0.548512
0.061150
-0.090223
1.055132
0.619602
1.876252
0.671563
0.678143
0.497742
0.123004
2.887683
2.382647
0.213855
0.337231
-0.162421
0.266985
2.277144
0.383488
0.822203
1.129224
0.304190
0.380444
1.083800
0.487784
0.396302
0.502128
-0.510122
-0.448704
0.212082
0.196924
-0.543486
-0.794594
-0.485294
-0.793035
-0.714987
-0.799467
-0.965361
-0.768406
-0.527224
-0.366962
-0.802140
-0.619090
-0.230721
-0.768757
-0.289790
-0.579779
-0.030190
-0.250282
-0.271471
-0.213763
-0.515234
-0.134855
-0.068647
0.266219
0.215303
0.155998
0.162664
0.149468
0.141959
0.002126
0.277459
-0.176785
-0.036855
0.270495
0.146201
0.179836
1.004184
0.136548
0.490265
-0.040754
0.313086
-0.219635
0.057313
-0.252749
0.058092
0.072327
1.619483
-0.483604
-0.396340
-0.369607
0.232317
-0.252799
-0.433332
-0.478608
-0.317538
-0.478251
-0.637705
-0.798246
-0.738001
-0.601727
-0.594305
-0.583684
-0.416974
-0.597191
-0.743243
-0.692022
-0.667882
-0.676145
-0.061116
-0.783045
-0.440972
-0.497961
-0.323619
0.537142
-0.045356
1.679535
0.116716
-0.476592
-0.259382
0.112994
0.298592
-0.008401
0.468260
-0.471445
-0.472543
-0.594515
-0.717181
-0.305248
-0.630443
-0.821416
-0.732496
-0.512961
-0.912075
-0.593608
-0.867696
-0.604868
-0.529665
-0.387907
-0.553398
-0.111119
0.124768
-0.456640
-0.279435
-0.260785
-0.211318
-0.672461
-0.525070
-0.164052
-0.023806
-0.183834
-0.401623
-0.413911
-0.610728
-0.693820
-0.614890
-0.864088
-0.645229
-0.635427
-0.497842
-0.653063
-0.317156
0.289792
-0.155713
0.045846
-0.336678
-0.182941
-0.157928
-0.331074
0.066111
0.210600
0.256921
1.266190
1.460954
0.082348
3.015622
0.121431
0.616056
0.056364
0.625638
0.582851
0.113109
-0.070933
0.135776
-0.075975
0.606401
0.081550
0.113276
0.607308
0.270138
-0.036212
-0.070359
-0.051726
-0.211368
0.231911
0.156369
-0.105851
-0.267705
-0.674583
-0.536231
-0.727547
-0.729439
-0.376468
-0.720462
-0.888954
-0.425967
-0.277766
-0.345967
-0.526540
-0.334642
-0.246467
-0.403945
-0.448766
-0.657645
-0.699675
-0.517530
-0.523665
-0.552125
-0.817949
-0.794399
-0.625921
-0.019533
-0.886804
-0.059948
-0.477122
0.395245
-0.504404
-0.152244
-0.173170
-0.223579
-0.157564
-0.184440
0.507470
-0.389876
-0.370973
0.052315
-0.243956
0.474743
1.040717
0.548384
-0.162201
-0.009643
1.078975
-0.613415
-0.667148
-0.883532
-0.504540
1.268806
-0.408559
-0.597029
0.378853
-0.477055
-0.010044
-0.681329
0.306962
0.593172
-0.604942
-0.568614
-0.856269
-0.310457
-0.771486
-0.594583
-0.695008
-0.619040
-0.726882
0.391749
-0.282408
-0.488290
-0.121294
-0.089868
-0.174757
-0.078105
0.224987
-0.596752
-0.270093
0.139301
0.026270
-0.173864
0.587444
-0.283690
0.033552
-0.155157
-0.089172
-0.498923
-0.419654
-0.498561
-0.795961
-0.691815
-0.561497
-0.574921
-0.839301
-0.741178
-0.540773
-0.551996
-0.437949
-0.639232
0.309877
-0.264720
-0.432700
1.429427
-0.331688
-0.233909
-0.421241
-0.094880
-0.621261
-0.596963
-0.509581
-0.308634
0.260973
-0.359161
0.102996
-0.219910
-0.361229
-0.058510
0.172323
0.777382
0.941525
0.492297
0.114477
0.727638
0.786815
1.193592
1.530654
1.615598
1.611105
1.231437
2.028546
4.228624
2.231662
5.823050
1.804516
1.254667
1.587876
0.841538
1.485943
1.216286
0.942808
0.963763
0.329772
0.252068
1.130311
0.130038
0.868757
0.249385
0.062405
0.012672
0.090958
0.510037
0.360935
-0.122655
0.669708
0.285272
-0.156845
-0.630144
-0.479887
-0.747362
-0.618468
-0.710613
-0.459296
-0.604827
-0.649518
-0.655529
-0.368253
-0.519202
-0.003564
-0.639843
-0.594300
-0.453012
-0.559377
-0.742472
-0.526583
-0.603959
-0.788917
-0.700734
-0.679232
-0.537810
-0.786937
-0.630000
-0.338054
-0.640239
-0.193660
-0.213451
-0.254969
-0.050902
-0.042832
0.634263
-0.440391
-0.164431
-0.138864
0.663469
0.330129
0.852402
1.362896
1.238240
0.768330
1.543189
0.410943
0.332616
2.939070
0.472791
-0.468756
-0.694239
-0.877344
-0.868073
-0.884529
-0.802109
-0.354146
-0.761410
-0.608231
-0.770056
-0.773832
-0.669422
-0.882247
-0.789470
-0.754697
-0.666530
-0.490232
-0.380132
-0.671775
-0.564249
-0.415532
-0.266703
-0.526597
0.288363
-0.037666
-0.149454
-0.108471
3.187633
0.098525
-0.140171
-0.268917
0.689787
0.345791
1.359183
1.607286
-0.060556
0.089339
0.333179
0.663294
0.112516
-0.181895
-0.047126
-0.391009
-0.380335
-0.716562
-0.232412
-0.626487
0.034380
-0.642226
-0.260870
-0.571391
-0.643081
-0.708383
-0.299996
-0.332747
-0.230027
0.036135
-0.432655
0.204430
0.046550
-0.519936
0.202038
-0.209654
-0.163203
-0.353211
-0.131109
-0.326785
-0.237907
-0.028961
0.283520
0.022389
0.264191
0.629151
0.544334
0.681406
0.321624
0.361664
0.884868
0.704047
0.695411
2.275796
2.140749
1.185316
1.379057
1.842046
1.546081
0.376502
0.720091
1.316340
1.081472
0.898884
0.485101
0.084235
0.484290
-0.174776
0.193013
0.036894
0.199112
0.137073
-0.223878
-0.385920
5.304559
0.150799
0.560295
-0.192010
-0.145321
-0.554285
-0.292523
-0.472813
-0.339568
-0.727322
-0.329722
0.646914
-0.584549
-0.319095
-0.574849
-0.337008
-0.624624
-0.447333
0.065214
-0.362385
-0.458608
0.616099
-0.529442
-0.225956
-0.396369
-0.333600
-0.569076
-0.305388
-0.335026
-0.323418
-0.055663
-0.371994
0.147242
-0.040867
0.050712
0.721505
0.794007
0.498159
0.056147
-0.142998
3.847976
-0.274383
0.603737
-0.211188
-0.241807
0.698133
-0.103820
-0.242314
-0.235905
-0.106175
0.563218
0.239822
-0.005490
-0.274101
-0.247508
-0.385904
-0.381906
-0.371729
-0.319149
-0.566173
-0.252037
-0.060375
0.403851
-0.290059
0.206466
-0.275924
-0.583714
-0.564511
-0.488135
-0.821075
-0.475831
-0.601547
-0.558156
-0.624326
-0.753806
-0.365383
-0.691637
-0.482416
-0.650766
-0.216430
-0.198172
-0.426537
0.157460
-0.578352
-0.511801
-0.302010
-0.523466
-0.376343
-0.415449
0.069809
-0.094098
-0.452452
-0.032662
-0.160630
-0.289782
0.192806
-0.775738
-0.540208
-0.744184
-0.267010
-0.225567
-0.174982
-0.455621
-0.296965
-0.240767
-0.450563
1.883978
0.084186
-0.415642
0.403603
-0.251724
0.202662
0.088927
0.595959
-0.645069
-0.058985
0.050963
-0.582895
-0.873749
0.244994
-0.284691
-0.384932
-0.277801
-0.615639
-0.552735
-0.426636
-0.250778
-0.052431
-0.272530
0.359388
-0.195901
-0.346787
0.040425
0.353999
0.243467
1.740072
0.674546
0.677344
0.228150
0.106890
0.229605
0.834977
0.037211
0.318733
0.311951
0.169595
0.550765
-0.055562
0.187839
0.318713
0.206857
-0.047739
0.284772
0.737063
-0.175296
0.178200
0.255545
-0.054720
-0.118680
-0.027250
-0.466515
-0.777926
-0.554463
-0.220586
-0.768744
-0.114355
-0.462393
-0.405226
-0.337608
0.039111
-0.305619
-0.425667
-0.300486
-0.379268
-0.553488
-0.457735
0.109493
-0.461712
-0.338974
-0.313957
-0.579198
-0.590591
-0.449274
-0.583106
-0.690422
-0.171405
-0.020489
-0.263157
-0.088300
-0.332100
-0.213714
-0.683742
-0.161539
-0.372873
-0.179787
-0.153009
0.051005
-0.635977
-0.304653
-0.117178
-0.230719
-0.482042
-0.092284
-0.263893
0.066691
-0.275787
0.062491
0.091298
0.381978
-0.051806
-0.563115
-0.290329
-0.651907
-0.714827
-0.565726
-0.637178
-0.670079
-0.675688
-0.735004
-0.574665
-0.561196
-0.560030
-0.808326
-0.770163
-0.699950
-0.716537
-0.533781
-0.724144
-0.413425
-0.671252
-0.788916
-0.780826
-0.228572
-0.518292
-0.754927
-0.338555
-0.423899
-0.661797
-0.315479
-0.450804
0.354411
-0.564222
-0.650031
-0.475184
-0.461419
-0.715362
-0.449224
-0.591385
-0.798749
-0.303801
0.054863
-0.316814
-0.023830
-0.555047
-0.201308
-0.344109
-0.611973
-0.812214
-0.864644
-0.784930
-0.791041
-0.378365
-0.741374
-0.819600
-0.636755
-0.863193
-0.831773
-0.548113
-0.657729
-0.900130
-0.510235
-0.727583
-0.754519
-0.780664
-0.875663
-0.772857
-0.734829
-0.086392
-0.167039
-0.486843
0.522902
-0.085030
-0.698693
0.307233
-0.087001
-0.369508
0.388354
1.080932
0.208217
0.348911
0.749483
0.124314
0.567553
-0.134480
0.964142
0.151443
0.560468
0.066851
0.200464
0.005960
0.470847
-0.147966
0.758021
1.081151
0.881823
0.623118
0.021582
0.475772
0.351186
1.311145
0.889143
1.807227
-0.399929
0.464587
-0.744478
-0.731016
-0.527632
-0.798539
-0.265175
-0.723542
-0.719048
-0.584408
-0.454094
-0.580458
-0.353367
-0.715450
-0.365680
0.182508
0.164620
-0.352926
2.398676
1.665507
-0.495297
-0.279252
2.065583
0.078307
-0.062419
0.064442
0.268832
0.047804
0.027688
0.218903
0.022981
0.067316
-0.351006
0.164022
-0.228356
0.430607
0.136762
-0.183966
0.741239
1.380054
-0.057886
0.165552
0.453438
-0.382757
-0.114860
-0.285450
0.203929
-0.210250
-0.089890
2.138318
0.310660
-0.214987
-0.472531
0.072364
-0.620804
-0.239678
-0.364667
-0.540720
-0.647596
-0.653448
-0.632959
-0.886641
-0.928611
-0.887083
-0.792703
-0.828016
-0.850614
-0.808257
-0.759686
-0.739152
-0.824693
-0.941298
-0.725347
-0.572621
-0.506514
-0.711623
-0.241101
-0.313360
-0.544387
0.008380
-0.592363
-0.759699
-0.460664
-0.652900
-0.255206
-0.501444
0.000804
-0.555934
-0.724422
-0.656036
-0.542460
-0.665694
-0.462240
-0.597295
-0.497628
-0.699700
-0.625302
-0.649716
-0.749419
-0.746774
-0.850868
-0.538097
-0.579001
-0.459242
-0.677098
-0.453390
-0.407695
-0.502279
-0.675754
-0.489370
-0.347280
-0.062792
-0.601443
0.164681
-0.545122
-0.509551
0.186534
0.598609
-0.203353
-0.626713
-0.329264
-0.475939
-0.554549
-0.259943
-0.624958
-0.732579
-0.364899
-0.594656
-0.840066
0.232814
-0.734019
0.372905
-0.091308
0.450083
-0.131833
0.631051
-0.290264
0.550303
0.426738
0.836481
0.144611
-0.011081
-0.036554
0.259941
0.543690
0.231293
0.148759
1.051728
0.740855
0.777205
1.870577
0.969440
0.425231
1.623540
0.437818
-0.181998
-0.066434
0.242442
-0.376148
-0.527107
-0.095700
-0.657556
-0.304245
-0.728676
-0.508712
-0.755470
-0.597666
-0.655420
-0.138922
-0.543407
3.798782
-0.448835
3.063784
-0.061874
0.217846
0.136757
0.378505
0.698128
0.229464
0.462927
1.015980
0.261967
0.395291
0.625750
0.646027
0.300430
0.709957
0.697036
0.730807
0.478334
0.559901
0.554079
0.116749
0.632901
0.333889
0.814868
2.052737
1.336762
2.023907
3.291153
0.373224
0.282429
-0.130017
-0.186547
-0.553702
0.078355
-0.077829
-0.446962
0.604082
-0.206774
-0.249520
-0.073892
-0.091011
-0.299480
-0.513779
-0.344818
-0.501457
-0.533714
-0.461529
-0.399638
-0.602991
-0.750226
-0.251327
-0.210494
-0.090140
-0.411475
-0.506494
-0.628808
0.273711
-0.235342
-0.239842
-0.381012
-0.482002
0.161333
0.074861
-0.432416
-0.008288
-0.552670
-0.587022
-0.568747
-0.605042
-0.349927
-0.619402
-0.514640
-0.590283
0.021013
-0.484962
-0.433702
-0.332663
-0.562522
-0.681884
-0.361657
-0.612597
-0.055584
-0.317825
-0.262112
-0.616533
-0.345945
-0.578794
-0.242688
-0.581223
-0.649850
-0.271422
-0.026656
-0.541381
-0.661744
-0.569000
-0.282955
-0.583308
-0.060098
-0.225380
0.616059
-0.543928
-0.493656
-0.495774
-0.238465
-0.372126
0.270214
0.061598
0.375826
-0.017810
-0.245144
0.553804
1.011429
0.062082
1.021247
0.082105
1.168639
0.779271
0.819628
0.168846
0.767235
0.192956
1.028169
0.566735
0.541155
0.505574
0.203623
1.503158
0.755808
2.456181
0.579512
1.338287
0.806536
1.267123
1.186919
0.680164
1.163795
0.458192
1.315315
0.930551
0.235827
0.240364
0.419067
-0.388129
-0.572547
-0.326943
-0.500543
-0.633763
-0.524258
-0.688685
-0.299643
-0.258995
-0.835203
-0.169213
-0.592453
-0.215592
-0.369971
-0.433262
-0.593772
1.387260
-0.380042
-0.420815
-0.115944
-0.312656
-0.282050
-0.079779
0.164465
-0.068386
-0.156070
-0.039333
0.592640
0.048096
0.299260
0.192397
-0.251109
0.188148
0.034065
0.108559
-0.246823
0.614062
0.805678
0.140631
0.426944
0.060587
-0.035099
-0.013824
0.068706
0.043254
-0.136825
-0.016459
0.080006
0.352614
0.051812
-0.222674
-0.502750
0.324500
-0.376799
-0.479112
0.014581
-0.575243
-0.771148
-0.632670
-0.733599
-0.009554
0.405507
-0.434563
0.489983
-0.758297
-0.628762
-0.306401
-0.783285
-0.575083
-0.498632
-0.635245
-0.323358
-0.559599
-0.523299
-0.125719
-0.396325
0.418964
-0.309703
0.019821
-0.323909
-0.331344
-0.337448
-0.527972
-0.751431
-0.699604
-0.633321
-0.741255
0.078072
-0.569624
-0.457756
-0.512718
-0.661170
-0.393856
-0.520675
-0.979771
-0.755202
-0.694977
-0.693354
-0.281432
-0.464639
-0.344010
-0.168212
-0.002174
-0.385270
-0.230864
0.212261
-0.491678
0.385408
0.806687
-0.127934
-0.119224
-0.515992
1.092836
-0.856280
-0.563707
-0.603626
-0.358228
-0.446342
-0.810590
-0.233332
-0.778263
-0.657370
-0.453726
-0.633348
-0.259666
-0.073307
-0.640347
-0.752872
-0.473247
-0.528247
-0.276704
-0.024149
0.113457
0.716817
1.068267
0.350244
0.354950
1.275149
-0.174779
0.661481
0.554448
2.909031
-0.004627
0.210404
0.104108
0.093668
-0.251975
-0.158571
0.812986
0.803137
-0.000636
-0.053972
-0.330176
-0.129477
0.062221
-0.198141
-0.371947
-0.326585
-0.233465
-0.845487
-0.909112
-0.708647
-0.819387
-0.732584
-0.799543
-0.838614
-0.826556
-0.360804
-0.609139
-0.102835
-0.576965
-0.564418
-0.031747
-0.588783
-0.849189
-0.593520
-0.258412
-0.702500
-0.598990
-0.608052
-0.428098
-0.779477
-0.837214
-0.796596
-0.659768
-0.142481
0.439527
0.262977
1.041764
-0.066874
0.196223
0.028457
-0.143089
0.247311
0.465371
-0.117507
-0.018549
-0.272237
-0.112323
0.159523
-0.115743
-0.139938
0.583999
-0.007518
-0.322781
0.271644
-0.187222
-0.465727
-0.511914
-0.554569
-0.566573
-0.677500
-0.662346
-0.455200
-0.503854
-0.395736
-0.250801
-0.623886
-0.517799
-0.800468
-0.463425
-0.714993
-0.258488
-0.821816
-0.113617
-0.900446
-0.787299
-0.084511
-0.401694
-0.428597
1.583752
-0.388213
-0.759499
-0.219411
-0.196351
-0.165375
3.108426
0.655836
0.945035
0.452022
0.039246
0.936989
0.572527
0.505141
0.017784
0.146626
0.063619
-0.165450
0.807703
-0.346050
0.222028
-0.337845
-0.320548
1.036133
-0.660205
-0.328942
-0.587435
-0.624205
-0.689361
-0.783355
-0.871031
-0.497002
-0.439386
-0.738697
-0.702497
-0.353393
-0.610272
-0.629573
-0.462854
-0.489963
-0.682752
-0.510875
-0.417401
-0.737028
0.417593
-0.384515
-0.325442
-0.126117
0.017006
0.205431
0.220717
0.442107
0.159962
0.099249
0.002051
0.702781
0.086520
1.143767
2.074640
2.768933
0.978467
0.761245
0.865890
1.020677
1.003277
1.788632
0.448328
0.426575
0.161102
0.373475
0.021659
1.176540
0.128449
1.107660
0.186787
0.135928
0.543887
0.158030
-0.186101
-0.002084
0.601561
-0.447099
-0.239677
-0.003092
-0.484977
-0.566522
-0.509409
-0.533278
-0.480646
-0.527593
-0.535696
-0.600197
-0.571740
-0.214520
-0.194789
-0.383972
-0.493722
-0.263300
-0.410974
-0.389679
-0.527215
-0.793140
-0.482141
-0.626394
-0.897748
-0.804079
-0.523320
-0.822933
-0.703390
-0.869496
-0.580553
-0.393709
-0.273011
-0.009140
-0.564732
-0.458427
0.164139
-0.441192
0.109949
-0.142846
0.353759
0.084789
1.573083
0.308850
0.965544
1.335158
1.494461
1.126766
1.526614
0.737800
-0.376707
-0.410554
-0.601890
-0.618178
-0.284811
-0.107598
-0.283657
-0.484736
-0.314006
-0.256446
-0.289952
-0.086486
-0.508690
-0.288934
-0.192130
0.007495
-0.163709
-0.381575
-0.224880
-0.062244
0.308907
-0.392589
-0.297950
-0.357138
0.291173
0.332030
0.260112
-0.027018
-0.477100
0.000819
0.855860
1.326666
1.015805
0.923333
0.665497
0.601175
0.330988
0.987614
0.299333
0.939069
0.980019
0.304537
0.766208
-0.855973
-0.041877
0.031050
-0.009771
0.086459
0.015055
-0.362841
-0.387920
0.284236
-0.022304
-0.139818
0.780957
-0.018434
0.156405
-0.351794
-0.543339
0.292715
-0.390300
-0.487147
-0.211786
0.108415
-0.378240
0.214417
0.422962
0.620436
0.027677
0.326785
0.151509
0.344725
3.507004
2.994046
2.128682
1.209786
1.045897
1.704230
2.293801
3.702841
5.186440
7.672495
2.785182
2.392988
3.225615
2.421585
3.102481
1.562107
0.954792
0.932292
0.973006
2.023871
0.290262
0.385850
0.916013
0.543887
0.410159
-0.235325
0.276594
-0.072131
0.002513
-0.298510
-0.039961
0.132718
0.161784
-0.238510
-0.291865
-0.456407
-0.263090
-0.809550
-0.717304
-0.742709
-0.504468
-0.293130
-0.766242
-0.593332
-0.476870
-0.372899
-0.372838
-0.387851
-0.537282
-0.811622
0.257137
-0.353657
-0.674416
-0.193790
-0.300162
-0.798682
-0.837735
-0.676705
-0.416418
-0.730096
-0.496071
-0.091045
-0.010300
0.632598
0.146052
-0.255318
-0.066156
0.251577
-0.120751
0.046306
0.423843
-0.094177
-0.255118
-0.532741
0.247486
-0.174238
0.036751
0.067728
0.622097
-0.087249
-0.013195
-0.109386
-0.187516
-0.517593
-0.459538
-0.650215
-0.485997
-0.509065
-0.305541
0.324270
-0.824078
-0.406203
-0.413484
-0.310086
-0.324910
-0.832459
0.020122
-0.614945
-0.564817
0.450217
0.171432
0.267366
-0.268981
-0.343454
-0.153193
-0.218276
-0.602145
-0.151501
-0.224236
-0.260999
1.971638
-0.350327
-0.035157
-0.378597
-0.495722
-0.137916
-0.102963
1.032543
-0.492528
-0.200894
0.181720
0.245623
0.024645
0.531906
-0.326986
-0.527778
1.646908
0.482470
-0.040599
0.139898
0.126072
1.680609
0.511514
0.079055
-0.060216
0.134767
-0.515816
-0.118198
-0.290910
-0.201757
0.891557
0.574874
-0.042613
-0.411599
-0.188348
-0.550122
-0.466816
-0.666755
-0.375897
-0.161366
0.134565
-0.155261
-0.126274
-0.196688
0.293121
0.571328
0.188892
0.496862
0.385096
0.662803
0.463396
0.475715
0.622274
1.246665
0.919357
1.070463
5.322439
3.409475
0.447449
0.760489
1.954061
0.355932
0.265719
-0.212015
0.158058
0.132099
1.452182
0.125192
0.357273
0.222233
0.096194
0.096845
0.071303
0.489686
-0.245158
-0.024251
0.064973
-0.357586
-0.478330
-0.129702
-0.520218
-0.585480
-0.390620
-0.230380
-0.319925
-0.501234
-0.336688
-0.748940
-0.223639
-0.432285
0.289668
-0.370122
-0.151710
0.233705
-0.554804
-0.064900
0.412965
-0.485268
-0.589942
-0.470334
-0.555640
0.090334
-0.020364
-0.227103
-0.430347
-0.295781
-0.429190
-0.349617
-0.161119
-0.467938
-0.123527
-0.060312
-0.270388
-0.184577
-0.265307
-0.084880
-0.419960
0.376371
-0.101329
0.005547
-0.018012
-0.032229
-0.537654
-0.141997
-0.010082
-0.185477
-0.152095
-0.335247
0.017082
-0.202870
0.736435
-0.564372
-0.450517
-0.017443
-0.613449
-0.316505
-0.202363
-0.860642
-0.436158
0.457856
-0.488115
0.448388
-0.167327
-0.723641
-0.380364
-0.489535
-0.749189
-0.745000
-0.773867
-0.802810
-0.390252
-0.486340
-0.231418
-0.813521
-0.780923
-0.589448
-0.472301
-0.566374
-0.724579
-0.767963
-0.625729
-0.702349
-0.480660
-0.604734
-0.411070
-0.477631
-0.779610
0.029732
-0.462465
-0.750525
-0.699220
-0.783392
-0.858670
-0.822617
-0.671764
-0.381683
-0.815648
-0.623817
-0.741213
-0.580058
-0.742983
-0.488714
-0.814734
-0.544780
-0.757769
-0.860365
-0.681130
-0.563322
-0.719171
-0.552723
-0.655120
-0.645227
-0.769521
-0.756677
0.329500
1.584659
0.282379
0.377282
1.000233
-0.102364
-0.009759
-0.232326
-0.083939
0.054635
0.076801
1.144079
0.157780
0.729158
0.634863
0.194844
1.141845
2.974384
0.986027
0.804312
-0.107362
-0.035940
0.197795
0.126400
-0.011093
0.190646
0.712117
0.661740
0.319483
0.030357
-0.215612
0.207021
0.100169
0.382472
-0.006992
-0.509105
-0.342703
-0.766469
-0.875719
-1.026116
-0.930541
-0.945874
-0.771333
-0.548609
-0.897355
-0.461634
-0.677934
-0.540500
-0.485701
-0.431834
-0.178122
-0.052308
1.011819
-0.302953
-0.429928
-0.205682
-0.295069
-0.321214
-0.484162
-0.605681
-0.051867
-0.104562
-0.430960
0.055604
-0.059226
0.447409
0.169794
0.699671
0.129353
0.219363
0.727135
-0.318430
-0.056843
-0.222308
-0.115924
-0.025878
1.004242
-0.414537
-0.086172
-0.126735
-0.223750
-0.485947
-0.084002
-0.011361
0.353846
-0.186590
-0.362015
-0.440320
-0.374546
-0.324683
-0.576866
-0.522172
-0.317661
-0.347993
-0.355312
-0.780200
-0.479657
-0.569830
-0.313416
-0.509682
-0.040516
-0.660587
-0.624044
0.273472
-0.332790
-0.529078
-0.269403
-0.498513
-0.755847
-0.402121
-0.689081
0.039104
-0.116872
-0.662012
-0.736597
-0.415814
-0.725077
-0.620976
-0.871193
-0.621719
-0.688957
1.072694
-0.696621
-0.724741
-0.724825
-0.311638
-0.210414
0.123910
-0.691486
-0.352993
-0.863714
-0.548937
-0.797992
-0.568315
-0.788861
-0.523536
-0.385026
-0.301832
-0.400456
-0.534327
-0.759035
-0.404544
-0.705222
-0.858854
-0.605388
-0.860721
-0.934681
-0.310032
-0.804870
-0.728356
-0.671016
-0.573361
-0.815797
-0.352991
-0.588871
-0.532219
-0.315250
0.286653
0.188200
-0.411798
0.277944
-0.024133
-0.102297
-0.061018
0.987306
1.227095
1.031842
-0.097077
0.040165
0.765215
0.857745
0.232306
0.341072
0.298154
-0.063339
0.098807
0.164390
0.645267
0.451692
0.935247
0.824814
-0.021760
1.463142
-0.139107
0.945109
0.530132
-0.089554
0.001200
-0.331812
0.236633
-0.568585
-0.655538
-0.823403
-0.547151
-0.841527
-0.719602
-0.461427
-0.610913
-0.359177
-0.655696
-0.112045
-0.430288
-0.672184
-0.298990
-0.466349
1.623257
-0.343716
-0.549565
0.116985
-0.269178
-0.238341
-0.056721
-0.029705
-0.051109
0.123301
0.073201
0.647253
0.044807
0.418999
0.317398
0.569792
0.635379
0.030168
0.324267
0.473232
0.997407
1.522471
1.403431
0.026195
2.304715
0.497879
1.418722
0.029720
0.011922
-0.202919
-0.179746
-0.249423
0.316068
0.068069
-0.133622
-0.134194
-0.578166
-0.403444
-0.063920
-0.250212
-0.436441
-0.486662
-0.410072
-0.584159
-0.462910
-0.734240
-0.758421
-0.468120
-0.678879
-0.473908
-0.934234
-0.528490
-0.755233
-0.804175
-0.787976
-0.892024
-0.605202
-0.167667
-0.790253
-0.725498
-0.248484
-0.209377
-0.421039
-0.642180
-0.598728
-0.097494
-0.526400
-0.512421
-0.802951
-0.495924
-0.649100
1.300324
-0.455091
-0.069944
-0.093074
-0.129135
-0.517085
-0.112794
-0.528345
-0.037592
-0.250589
-0.227963
-0.320324
-0.494043
-0.655696
-0.174348
-0.161645
-0.423805
-0.252619
1.136962
1.434273
-0.268917
-0.194082
0.200901
-0.492306
0.026095
-0.452569
-0.522381
-0.452972
-0.729171
-0.309825
-0.215862
-0.449196
0.132202
0.262202
-0.089168
-0.543615
-0.219715
-0.616211
0.112704
0.205927
-0.367972
0.339726
0.622703
0.902138
0.391271
1.405065
0.264953
0.218102
0.626283
0.646165
1.867573
0.281574
0.473601
0.570260
1.060472
0.259514
0.487868
0.789500
1.456239
1.520327
0.887829
2.405082
0.957591
2.138834
0.051342
1.664964
1.676592
-0.082357
-0.108140
-0.572039
-0.250455
-0.406391
-0.550333
-0.574381
-0.675250
-0.678579
-0.395519
-0.257440
-0.572407
-0.730600
-0.500472
-0.356709
-0.423365
-0.468108
0.710333
-0.323232
-0.384852
0.156973
0.050555
0.680646
1.203439
0.510634
1.426097
0.436193
0.224788
1.274072
0.782947
0.630259
0.198767
0.494091
0.396451
0.819536
1.379358
1.591654
1.056616
1.878724
1.179672
0.449988
1.474581
0.672246
-0.188406
0.242865
0.024315
0.291090
-0.129127
0.056023
0.448944
-0.032504
0.027729
-0.194640
-0.417906
-0.521262
0.246614
0.116558
-0.283302
-0.139179
-0.153287
-0.345629
-0.250530
-0.281155
-0.225585
0.168649
-0.017636
-0.044148
-0.383356
-0.698078
-0.758926
-0.612864
-0.353546
-0.431629
0.047320
-0.255923
-0.537724
0.571558
0.070625
0.065167
0.721420
-0.545404
-0.115548
-0.135621
0.214591
-0.348629
-0.422237
-0.514131
-0.642401
-0.556908
-0.628431
-0.237019
-0.620753
-0.594079
-0.665028
-0.653286
-0.739652
-0.422068
-0.859880
-0.841057
-0.864885
-0.971887
-0.837896
-0.655600
-0.406469
-0.807627
-0.675141
0.378777
-0.629360
-0.652738
-0.633625
-0.500993
-0.676655
-0.721489
-0.856288
-0.730519
-0.743704
0.116564
-0.764730
-0.785863
-0.546498
-0.454916
-0.445807
-0.736920
-0.665014
0.202692
0.153772
0.929529
-0.479939
0.115090
-0.104925
-0.325958
-0.178547
0.334879
0.964807
1.021193
0.443514
-0.160950
0.529684
0.243090
0.476207
-0.291069
0.076546
0.123109
-0.136397
-0.256503
0.159833
0.512752
0.121928
0.437578
0.095057
0.161512
0.358878
0.692935
0.198300
-0.022630
-0.387640
-0.582892
-0.682082
-0.487684
-0.888199
-0.934551
-0.729117
-0.930169
-0.878534
-0.697031
-0.899182
-0.810714
-0.431645
-0.727959
-0.725265
-0.746199
-0.691789
-0.619394
-0.503994
-0.451336
-0.383672
-0.293633
-0.492897
-0.585633
-0.401651
-0.369388
-0.439263
-0.501126
-0.581642
-0.383727
-0.645992
-0.075403
-0.620804
-0.322559
-0.073362
0.135415
-0.298318
-0.004061
-0.269408
-0.388293
-0.300762
-0.367830
-0.400450
-0.347737
-0.298024
-0.279334
-0.275233
0.177274
-0.311236
-0.212466
-0.609151
-0.560146
-0.492950
-0.697007
-0.765480
-0.753134
-0.692376
-0.749614
-0.212852
-0.378029
-0.498022
-0.920093
-0.751650
-0.495290
-0.771303
-0.445907
-0.736986
-0.855541
-0.718392
-0.770338
-0.751079
-0.315455
-0.312142
-0.308943
-0.465132
-0.776100
-0.357814
-0.327457
-0.675156
-0.236883
-0.362168
-0.605186
-0.604052
0.147562
-0.193845
-0.224961
0.100601
1.024943
-0.528301
0.239221
-0.246054
-0.452993
-0.357975
-0.062868
-0.286765
-0.529960
-0.748534
-0.694166
-0.906264
-0.716383
-0.496677
-0.584698
-0.614210
-0.700423
-0.371856
-0.157454
-0.361714
-0.454414
-0.704849
-0.855324
-0.642072
-0.722810
-0.773300
2.193656
-0.285306
-0.709176
-0.172938
-0.565763
-0.466802
-0.470291
-0.095791
-0.477274
-0.554246
-0.515361
0.129117
-0.399194
-0.345225
-0.212608
-0.167592
0.053197
1.036881
0.195218
0.797751
1.810282
0.954157
0.084052
0.153587
1.137990
0.160962
1.198220
0.895793
0.587816
0.474821
0.757640
0.479335
-0.030585
0.511727
2.077829
1.086380
1.815992
0.433732
0.214027
0.658080
0.029413
0.120221
0.086017
-0.195844
-0.306926
-0.711037
-0.930782
-0.474616
-0.819916
-0.315079
-0.844867
-0.951873
-0.888282
-0.837404
-0.706619
-0.707679
-0.806378
-0.785690
-0.630631
-0.569707
-0.596239
-0.747714
-0.535339
-0.850541
-0.801222
-0.689750
-0.732354
-0.671017
-0.553270
-0.428623
-0.155362
-0.212722
-0.306629
0.643516
0.458380
1.225324
1.325624
1.032809
0.495726
1.198050
0.978837
1.603774
0.554699
0.892414
1.331104
0.875668
0.876810
1.366214
1.255672
0.333320
-0.451604
-0.633848
-0.463171
-0.802398
-0.313457
0.575535
-0.190261
-0.321225
1.481233
0.591887
0.321816
0.085052
0.341932
-0.226808
0.424704
-0.456112
-0.617080
-0.573683
-0.668462
-0.255802
-0.208267
-0.442812
-0.379049
-0.497733
-0.224126
-0.310081
0.417542
0.399599
3.734342
0.273575
2.973966
2.941420
1.669123
2.177738
4.945149
0.701229
5.827775
3.013503
1.013726
1.219000
-0.692476
0.172367
-0.341117
-0.434364
-0.622047
0.141666
-0.409830
-0.582745
-0.727557
-0.593068
-0.899231
-0.503606
-0.355147
-0.346090
-0.320423
-0.442746
-0.432062
-0.717980
-0.869909
-0.479615
-0.209993
-0.356823
-0.493549
-0.444280
-0.091095
-0.304945
0.623654
0.262466
-0.330749
0.214343
0.052879
1.813441
4.735483
2.754527
5.648741
23.656146
3.015153
3.595810
14.118466
20.383286
8.529579
4.784791
11.424736
8.165796
5.219810
3.804917
9.467208
2.889193
1.658053
1.637226
1.322453
1.485854
2.386835
0.619459
0.031557
0.251194
0.113922
1.125238
0.107220
0.208718
0.114315
0.499754
-0.157087
-0.027560
-0.036057
0.008192
0.104768
-0.482562
-0.648134
-0.619173
-0.706996
-0.617860
-0.793061
-0.915686
-0.793138
-0.912075
-0.448160
-0.768920
-0.509288
-0.614012
-0.054506
-0.390470
-0.297211
-0.362335
0.350149
0.454596
-0.325862
-0.650554
-0.565005
-0.792213
-0.557837
-0.860658
-0.897570
-0.587770
0.164995
-0.380525
-0.153821
0.403662
-0.044580
-0.340768
-0.186354
-0.416605
0.433323
-0.122412
-0.086806
0.046792
-0.344396
0.177443
0.674943
0.545499
0.162877
0.304361
0.800704
0.842478
0.072106
-0.386964
-0.419816
-0.687109
-0.929726
-0.713646
-0.625622
-0.736338
-0.606848
-0.484753
-0.680121
-0.053003
-0.368979
-0.536354
-0.337935
-0.433309
-0.370796
-0.767088
-0.644620
-0.471613
-0.625327
-0.320407
-0.179699
0.133713
-0.136745
-0.248223
-0.243160
0.640115
-0.406105
0.006360
0.549862
-0.151317
-0.317724
0.187878
0.891752
1.115601
0.120491
1.181876
0.879588
0.413081
0.285765
0.694226
0.014878
0.300961
0.444056
-0.225500
-0.948048
-0.005852
-0.225252
-0.515738
-0.291999
-0.553467
-0.409207
-0.695400
-0.689709
-0.482998
-0.386922
-0.695148
-0.439440
-0.337520
-0.314976
-0.385528
-0.006291
-0.571344
-0.702300
-0.310439
-0.528032
-0.312892
-0.659836
-0.461920
0.699927
0.323891
0.500231
0.658112
0.511940
0.532046
-0.042249
0.147073
0.320067
-0.060730
0.650175
0.577692
1.786166
1.811761
1.232969
0.440090
1.554280
0.522876
1.277756
1.159374
0.412302
0.776814
0.438712
-0.142147
0.021187
-0.243655
0.261549
0.127781
0.232930
-0.043655
0.125352
-0.350988
0.791689
0.693309
0.086333
-0.446013
-0.549608
-0.330299
-0.611328
-0.292141
-0.700713
-0.639455
-0.216422
-0.413432
-0.598022
-0.846559
-0.751351
-0.806443
-0.096513
-0.205709
-0.216521
0.085392
-0.183848
0.510311
-0.088167
0.756603
-0.056789
0.008402
-0.018388
0.167295
-0.090857
-0.483570
-0.543405
0.038752
-0.173633
-0.089721
-0.103584
-0.354194
0.437808
0.302341
-0.105366
-0.251990
-0.381006
0.465676
0.202533
-0.395375
0.269110
-0.071403
0.204731
0.040392
-0.414647
0.021316
0.912404
0.097172
-0.145593
0.108855
-0.089455
-0.563384
-0.782961
-0.242480
-0.942915
-0.576482
-0.680277
-0.919756
-0.630966
-0.284472
-0.600173
-0.336699
-0.183437
-0.511639
-0.189178
-0.817121
-0.508109
-0.187545
-0.548222
-0.255007
0.394638
-0.635111
-0.688747
-0.729564
-0.517075
-0.297509
-0.784172
-0.590984
-0.575177
-0.555031
0.124092
-0.577002
-0.201527
-0.067515
-0.583236
-0.242058
-0.594045
-0.323369
-0.587483
-0.609454
-0.527031
-0.747814
-0.902235
-0.729525
-0.877311
-0.597765
-0.558564
-0.661589
-0.760659
-0.569420
-0.567918
-0.456684
-0.768864
-0.716505
-0.153968
-0.642021
-0.454098
-0.071368
-0.216377
-0.563273
-0.563032
-0.719076
-0.619620
-0.142950
-0.765783
-0.421839
-0.060277
-0.545889
-0.610269
-0.517117
-0.527480
-0.322326
-0.786740
-0.325738
0.218420
-0.454013
-0.216585
-0.160739
0.082466
1.294712
0.716266
1.779393
1.359280
0.076031
0.422828
0.011482
-0.218615
0.383864
-0.016520
-0.059736
0.335552
0.277383
0.152579
0.079041
0.204822
0.419803
0.269668
-0.070411
0.423529
0.192400
0.558059
0.216250
-0.002025
-0.027462
0.105999
-0.330145
-0.643308
-0.509786
-0.521163
-0.646089
-0.276958
-0.387425
-0.393882
-0.160189
-0.629663
-0.733742
-0.621001
-0.655361
-0.551199
-0.406639
-0.607997
-0.035862
0.069051
0.095778
-0.583127
-0.558193
-0.606232
-0.416742
-0.351939
-0.347267
-0.064029
-0.584625
-0.222620
-0.166904
-0.460225
-0.243848
-0.062773
0.072580
-0.548962
-0.185311
-0.175420
-0.098918
-0.292124
-0.208887
-0.466174
-0.218296
0.330506
-0.287943
-0.329238
-0.202864
-0.422146
0.154893
-0.027700
-0.087655
0.326830
-0.040381
-0.147933
-0.217707
-0.692447
-0.597673
-0.650181
-0.977647
-0.462895
-0.732056
-0.392525
-0.438936
-0.151993
-0.404535
0.049187
-0.131964
0.422977
-0.552696
-0.354337
-0.319193
-0.722243
-0.621000
-0.576900
-0.716820
-0.432312
-0.684846
-0.639076
-0.560433
-0.453807
-0.687035
-0.464321
-0.635621
-0.394134
-0.376993
-0.629138
0.131760
-0.436768
-0.640795
-0.858618
-0.633256
-0.747917
-0.804052
-0.771104
-0.604026
-0.841778
-0.514018
-0.473802
-0.743669
-0.243363
-0.813980
-0.796041
-0.776786
-0.309770
-0.070854
-0.656571
-0.603777
-0.894381
-0.597887
-0.615676
-0.471354
0.251593
-0.668899
-0.628725
-0.301792
-0.529579
0.009239
-0.620244
-0.694998
-0.628861
0.072587
-0.606661
-0.555683
-0.535024
0.144285
-0.698471
-0.467122
0.048988
-0.127874
0.486608
0.408799
0.653212
0.587362
0.403869
-0.006124
0.063647
1.038456
0.502032
0.599427
0.281725
0.165344
1.559330
0.222800
0.318149
0.288420
0.162604
0.936703
0.131118
2.813629
0.773787
0.181225
1.058811
0.400494
0.232200
-0.323945
-0.377656
-0.378097
0.034469
-0.592902
-0.511836
-0.425040
-0.486943
-0.426934
-0.303652
-0.751097
-0.647088
0.103680
-0.723674
-0.527916
0.169696
-0.582315
-0.541293
-0.509240
0.400199
-0.410343
-0.485358
-0.034866
-0.009352
-0.197062
0.240639
0.188933
0.208222
-0.120059
0.081070
0.505584
0.193325
0.067587
-0.048642
0.142653
-0.263622
0.226553
-0.335027
-0.058123
0.256371
0.220328
0.402771
0.008846
0.987255
-0.146109
0.341636
2.574096
-0.264438
-0.286870
0.052073
-0.295697
-0.105054
-0.105681
-0.111216
-0.401444
-0.215745
0.167439
-0.514931
-0.575563
-0.445673
-0.560790
-0.498136
-0.786383
-0.645598
-0.372951
-0.711493
-0.474089
-0.641719
-0.682622
-0.885215
-0.946708
-0.618554
-0.836972
-0.679107
-0.803207
-0.784731
-0.648648
-0.718610
-0.585846
-0.576696
-0.485123
-0.760431
-0.367470
-0.494169
-0.534954
-0.317512
-0.556018
-0.690640
-0.063665
-0.596325
-0.730698
-0.613337
-0.620773
-0.406993
-0.325433
-0.391443
-0.472637
-0.658517
-0.062957
-0.624631
-0.836264
-0.506527
-0.700429
0.111912
-0.446481
-0.207543
-0.482807
-0.420184
-0.532791
-0.633436
-0.360249
-0.629069
-0.614752
-0.870530
-0.780837
-0.472357
-0.637507
-0.259505
-0.487079
-0.392876
-0.722871
-0.869721
-0.667295
-0.721044
-0.755549
-0.740405
-0.763881
-0.585365
-0.703181
-0.299485
-0.645821
-0.741658
-0.355989
0.949728
-0.074438
2.292837
0.059147
0.046566
0.354480
0.338839
0.737937
0.549260
0.288183
0.373292
0.506808
0.804340
0.336193
1.506770
1.624280
1.446478
1.910337
1.113848
1.583855
1.209697
1.217681
0.923600
-0.003128
1.438141
-0.155326
-0.265926
-0.446259
-0.779234
-0.645331
-0.700142
-0.581303
-0.473638
-0.757285
0.833836
-0.562886
-0.248518
-0.412515
-0.474947
-0.458048
-0.491580
-0.644588
-0.380602
-0.269173
0.582063
0.607220
1.213633
1.143120
1.926776
1.194568
1.942464
1.108426
1.841037
0.373829
0.761430
0.449606
0.489922
0.471517
0.787539
0.495245
1.809368
1.504224
2.750524
1.243934
3.061764
2.508059
1.724633
3.675197
0.965369
0.719801
0.406914
0.125081
-0.046579
1.671720
0.825746
-0.239298
-0.408318
-0.080422
-0.198136
-0.045927
-0.207619
-0.406558
-0.264898
-0.402650
-0.563744
-0.567743
-0.551648
0.377103
-0.363089
-0.285472
-0.244718
-0.633740
-0.135425
-0.765953
-0.258970
-0.450450
-0.340407
0.133231
0.350499
-0.411062
0.215083
0.822549
2.372383
0.574913
-0.073609
-0.544185
-0.034961
-0.538784
-0.373630
0.008723
-0.558813
-0.295809
-0.195600
-0.057609
-0.310501
-0.453666
-0.385326
-0.009046
0.428339
-0.355325
-0.311558
-0.795758
0.227084
-0.596288
-0.670430
-0.179277
-0.692907
-0.922919
-0.929104
-0.682386
-0.786087
-0.912020
-0.776706
-0.337889
-0.737683
-0.815458
-0.755057
-0.797718
-0.338595
-0.645975
-0.823596
-0.800753
-0.677956
-0.223898
-0.276825
-0.426733
-0.365249
-0.419980
-0.020411
0.010287
-0.208336
0.134873
-0.533009
-0.223365
0.312102
0.245898
0.172725
0.846596
0.510308
0.149298
0.182365
0.864178
0.031439
0.311883
2.099253
0.115450
0.115308
0.339123
4.531166
0.449981
6.167907
1.639177
2.428574
1.332107
1.492579
1.047177
0.655826
0.735193
0.098729
-0.548294
0.435850
-0.379923
0.305652
-0.671500
-0.100789
-0.625241
-0.545198
-0.366471
-0.566743
-0.555510
-0.592860
-0.457039
-0.463658
-0.643824
-0.771228
-0.404259
-0.475921
-0.482258
-0.603277
-0.582502
-0.496056
-0.505142
-0.653961
-0.494493
-0.075488
-0.255897
-0.261341
0.069053
-0.163779
-0.019830
0.252203
0.185576
0.143809
0.161293
0.176033
0.470686
0.129666
0.200506
0.216973
0.081755
1.210650
-0.169636
0.540761
-0.099628
-0.232257
-0.280984
-0.219434
0.083151
0.442353
-0.193890
-0.279604
-0.301656
0.002429
-0.338451
-0.332894
-0.718274
-0.782175
-0.626287
-0.815721
-0.654880
-0.713654
-0.639107
-0.857267
0.144488
-0.786333
-0.823158
-0.192363
-0.628678
-0.435318
-0.294927
1.041020
-0.059093
-0.493859
-0.506338
-0.461336
0.137267
1.103060
-0.033804
0.159325
-0.575437
0.043257
-0.482982
-0.584719
-0.728699
-0.553370
-0.694320
-0.590531
-0.002796
-0.519921
-0.510551
-0.162378
-0.486525
-0.645404
1.176365
0.137846
-0.562302
-0.109529
0.064244
-0.636897
0.258387
-0.411150
0.006164
-0.462338
-0.676014
-0.548477
-0.318307
0.262408
1.057407
0.861924
-0.465456
-0.233380
-0.026712
-0.038085
1.960674
0.518855
0.726244
-0.624986
-0.399791
-0.375673
-0.577733
-0.716578
-0.470692
-0.667080
-0.436660
-0.379863
-0.196008
-0.342806
-0.528437
-0.184965
-0.237303
-0.233962
1.218815
0.229525
-0.050209
-0.177471
0.696645
4.088116
0.333639
0.095546
0.206230
0.132274
1.408956
0.519910
0.316691
0.407335
0.616573
0.061969
0.019788
-0.052145
1.144264
0.703534
0.422014
0.447840
-0.133103
-0.272690
-0.036801
-0.270343
0.497461
-0.334505
-0.486049
0.164828
-0.615460
-0.611759
-0.820710
-0.592179
-0.512814
-0.599925
-0.788538
-0.322579
-0.883595
-0.750785
-0.231934
-0.272722
-0.277765
-0.526056
-0.380677
-0.284862
-0.592996
-0.775051
-0.799154
-0.842713
-0.737529
-0.635824
-1.091034
-0.852969
-1.037152
-0.403540
-0.455299
-0.133749
-0.428141
-0.473520
-0.433827
0.009303
-0.073829
-0.526988
-0.626839
-0.264901
0.284191
-0.194545
-0.056916
0.295356
0.494027
0.784484
2.010086
0.100649
0.636558
0.102067
-0.054497
-0.683498
-0.311771
-0.441655
-0.644929
-0.489115
-0.327926
-0.830547
-0.284262
-0.594592
-0.767803
-0.692805
-0.454336
-0.404983
-0.706348
-0.654877
-0.353835
-0.422940
-0.498280
-0.356717
-0.789113
-0.290511
0.394371
-0.403437
0.410345
-0.244858
-0.131647
0.030992
0.130073
0.861874
0.169318
0.650369
0.728259
0.541803
0.856583
0.459617
1.187009
0.648856
0.487956
-0.156078
-0.204710
-0.146183
-0.412602
-0.677349
-0.049153
-0.801602
-0.050031
-0.510576
-0.437827
-0.743617
-0.545651
-0.617050
-0.410144
-0.396589
-0.467119
0.021862
0.472142
-0.514969
-0.437881
-0.309067
-0.018604
-0.399690
-0.143581
0.058196
-0.246484
-0.482642
0.647643
-0.156991
-0.256030
0.222703
0.986708
0.639639
0.549031
0.146415
2.730944
1.625315
1.424058
0.993417
0.556712
1.303770
1.119639
4.160300
3.503508
4.853158
4.034662
1.938258
1.792399
1.290896
2.181762
1.175687
1.033353
0.304571
2.000640
2.478076
0.042885
0.432187
0.430919
0.492356
0.385288
0.563993
0.425308
0.166924
0.522750
0.241792
0.885979
0.059282
0.689957
-0.147825
-0.256999
0.218111
0.624769
1.344133
0.590013
1.905792
1.409770
3.159453
-0.291418
0.049659
0.033056
-0.302782
0.026045
-0.004514
0.145995
-0.340723
-0.532519
-0.687678
-0.370264
-0.526848
-0.494348
-0.735163
-0.735127
-0.184765
-0.639765
-0.515473
-0.551454
-0.085422
-0.385441
-0.081696
-0.224152
0.931293
-0.178726
-0.191289
-0.276682
-0.050448
0.043019
0.715271
1.426593
1.213002
0.540775
0.575928
1.276989
0.072469
1.316385
0.430473
0.161914
-0.607626
-0.450805
-0.785945
-0.591373
-0.161507
-0.467677
0.636082
0.184118
-0.851446
-0.277171
-0.558613
-0.504585
-0.767106
-0.232624
1.357957
-0.494165
0.276437
0.433383
-0.158585
0.347267
1.174753
-0.317488
0.309164
0.058809
0.027948
0.318057
0.461340
1.430889
0.337792
0.145958
0.270609
0.661578
1.003349
0.847502
2.551153
0.971865
0.167338
0.800751
-0.093853
0.535507
-0.467066
-0.435370
-0.513050
-0.478677
-0.281358
-0.441650
-0.679461
-0.763648
0.021683
-0.484915
-0.665617
0.282313
-0.710477
-0.326557
-0.616291
-0.623108
-0.498931
-0.153837
0.073982
-0.152010
1.043734
-0.089825
0.804618
0.404235
-0.245249
-0.066098
0.141607
0.386647
0.157623
0.527166
0.451389
0.391909
2.095233
