-0.772064
-0.772064
-0.772064
-0.772064
-0.772064
-0.772064
-0.772064
-0.772064
-0.772064
-0.772064
-0.772064
-0.772064
-0.772064
-0.772064
-0.772064
-0.772064
-0.772064
-0.772064
-0.009472
-0.143274
-0.207602
-0.141632
-0.048785
-0.294205
-0.115160
-0.386731
-0.332582
-0.240198
-0.360839
-0.316387
-0.182308
-0.345550
0.208379
-0.356112
-0.308328
-0.316532
-0.296443
-0.209436
-0.104794
-0.078458
-0.197370
-0.285031
-0.247523
-0.318358
-0.122563
-0.325238
-0.279862
-0.273451
0.026055
-0.161898
-0.090033
-0.076017
-0.261198
0.064073
-0.213310
0.345808
-0.246109
-0.101148
-0.271517
-0.147605
-0.363574
-0.322476
-0.390290
-0.306724
-0.122380
0.299447
-0.202095
-0.340444
-0.193823
-0.307004
-0.427576
-0.264031
-0.308859
-0.233212
-0.389981
-0.402239
-0.412278
-0.363529
-0.386929
-0.319988
-0.392172
-0.380943
-0.344226
-0.402598
-0.376226
-0.360607
-0.423225
-0.433785
-0.411723
-0.411192
-0.252220
-0.361887
-0.377820
-0.388681
-0.324174
-0.394885
-0.343899
-0.341016
-0.372312
-0.338720
-0.354454
-0.362742
-0.430021
-0.346594
-0.323771
-0.341907
-0.347652
-0.411294
-0.433807
-0.423869
-0.200961
-0.310717
-0.228256
-0.192907
-0.325573
-0.231386
-0.374561
-0.294403
-0.285158
-0.390163
-0.352503
-0.298212
-0.290815
-0.339911
-0.332236
-0.335870
-0.378597
-0.318337
-0.225628
-0.231074
-0.196343
0.043901
0.777531
-0.189050
-0.153497
-0.304727
-0.389798
-0.334666
-0.319664
-0.270211
-0.263084
-0.232657
-0.059573
-0.283220
-0.384478
-0.436598
-0.336361
-0.198936
-0.407784
-0.038190
-0.306080
-0.413306
-0.390600
-0.412526
-0.361680
-0.218238
-0.425438
-0.187258
-0.351100
-0.131326
-0.332903
-0.405109
-0.453059
-0.436409
-0.279005
-0.302155
-0.298565
-0.447601
-0.470491
-0.425689
-0.374793
-0.502065
-0.404187
-0.138557
-0.426539
-0.378041
-0.275244
-0.230341
-0.436386
-0.392324
-0.344714
-0.340894
-0.455180
-0.034639
-0.422229
-0.248205
-0.381189
-0.210360
-0.291498
-0.272934
-0.337769
-0.344846
-0.221589
-0.344405
-0.441575
-0.404323
-0.361542
-0.375202
-0.423137
-0.489253
-0.260558
-0.343312
-0.350671
-0.385935
-0.362535
-0.441399
-0.356756
-0.095571
-0.427926
-0.430407
-0.410694
-0.282214
-0.303559
-0.275129
-0.404464
-0.399550
-0.261425
-0.236826
-0.178986
-0.290287
-0.159269
-0.167431
-0.013752
-0.180003
-0.308067
-0.151551
-0.047130
-0.183790
-0.225728
-0.279186
-0.256943
-0.175868
-0.260293
-0.156509
0.572390
-0.095895
-0.147741
-0.061379
0.160174
-0.315617
-0.185143
-0.382934
-0.347624
-0.296207
-0.383008
-0.140592
-0.401105
-0.377330
-0.383566
-0.356669
-0.307092
-0.378989
0.038511
-0.276335
-0.211693
0.615409
0.184558
0.011751
-0.088481
0.171144
-0.032352
-0.089445
0.062015
-0.013959
0.249768
0.644134
-0.122382
0.115845
0.294895
-0.312763
-0.213294
-0.342870
-0.302192
-0.423292
-0.489662
-0.352481
-0.415263
-0.412251
-0.291009
-0.196480
0.109193
-0.410652
-0.321411
-0.330404
-0.270424
-0.404669
-0.386922
-0.234596
-0.046491
-0.274265
-0.196545
-0.280766
-0.053258
-0.171161
-0.048310
-0.232561
-0.211781
-0.183927
-0.382239
-0.209455
-0.344497
-0.290752
-0.270262
-0.222190
-0.416506
-0.195518
0.022744
-0.216729
-0.354856
-0.269855
-0.120939
-0.263493
-0.278132
-0.120004
-0.026423
-0.113330
0.690531
-0.083960
0.552261
0.497826
0.092614
0.527690
0.211547
0.404605
0.573709
0.608287
1.637464
1.288000
1.053452
0.167288
0.332156
0.131681
0.381374
0.012549
0.197210
0.202807
0.305812
0.006286
-0.078112
-0.047806
-0.050040
-0.047864
-0.257310
-0.253783
-0.222822
0.048593
-0.199944
0.019166
-0.200728
-0.093171
-0.183390
-0.222959
-0.042065
-0.312032
-0.341843
-0.455135
-0.374242
-0.373355
-0.456688
-0.398914
-0.404533
-0.357465
-0.296448
-0.322896
-0.246987
-0.285381
-0.125690
-0.074959
0.121300
-0.204624
-0.124951
0.236059
-0.194869
0.049482
-0.027149
-0.025832
-0.214858
0.136328
-0.130886
-0.201035
-0.261020
-0.343066
-0.273725
-0.281779
-0.159511
-0.116426
-0.320658
-0.255191
-0.363005
-0.275321
-0.387686
-0.440562
-0.273881
-0.438338
-0.425554
-0.355272
-0.457927
-0.324011
-0.429939
-0.345756
-0.459625
-0.366864
-0.380234
-0.286899
-0.176559
-0.242182
-0.294716
-0.365676
-0.435505
-0.449672
-0.280370
-0.440287
-0.400721
-0.359696
-0.413031
-0.428681
-0.397884
-0.382618
-0.413176
-0.273145
-0.284285
-0.357290
0.177735
-0.393201
-0.407670
-0.247720
-0.270951
-0.284090
-0.287441
-0.344081
-0.255595
-0.342783
-0.307813
-0.384140
-0.335153
-0.396004
-0.418651
-0.374749
-0.442312
-0.246462
-0.331401
-0.278685
-0.364007
-0.385542
-0.284237
-0.309206
-0.317516
-0.437986
-0.420242
-0.372316
-0.411705
-0.401508
-0.398910
-0.383456
-0.410534
-0.449925
-0.458664
-0.367091
-0.357423
-0.402632
-0.218839
-0.300400
-0.450867
-0.366704
-0.469708
-0.502044
-0.384434
-0.325873
-0.124209
-0.387485
-0.320460
-0.302236
-0.263284
-0.332743
-0.357543
-0.422507
-0.370343
-0.434580
-0.030572
-0.435000
-0.396229
-0.436786
-0.339516
-0.353831
-0.252938
-0.258949
0.468287
0.462967
1.669897
0.596816
0.382135
0.526398
0.822785
0.776872
0.553777
1.139714
0.988607
1.738655
1.798706
1.470031
1.064202
0.888884
0.677819
1.919895
1.503474
0.766915
3.818769
1.493063
0.942150
4.008620
1.147794
1.699241
0.766751
2.823866
2.082640
1.159161
0.471950
-0.119524
-0.142701
-0.049747
-0.116771
-0.313416
-0.257602
-0.290993
-0.381539
-0.295235
-0.353069
-0.376630
-0.437553
-0.123099
-0.387979
-0.210892
-0.007627
-0.128445
0.141394
0.021802
-0.086233
0.019245
0.032787
0.022697
0.294753
-0.125040
-0.094153
-0.085546
0.291370
0.785940
0.292121
0.166708
0.636079
0.768984
0.638737
0.817271
0.070769
0.194911
0.147796
0.048903
0.476239
-0.283430
0.242101
0.081610
0.079521
0.371335
0.441482
0.074069
0.179374
0.193471
0.291342
-0.011932
0.113752
-0.249033
-0.055432
0.610283
0.081403
-0.239752
-0.129804
-0.299660
0.647966
-0.126173
-0.285899
-0.449044
-0.440209
-0.419265
-0.362903
-0.350263
-0.267620
-0.237607
-0.385879
-0.225760
-0.380488
-0.433162
-0.458923
-0.404885
-0.430795
-0.124881
-0.344655
-0.310268
-0.344608
-0.246635
-0.234909
-0.392581
-0.377173
-0.375758
-0.360665
-0.322391
-0.346392
-0.365673
-0.455779
-0.383201
-0.380185
-0.433851
-0.473760
-0.430002
-0.459405
-0.307859
-0.370123
-0.367091
-0.417258
-0.375630
-0.182801
-0.214186
-0.117553
-0.280429
-0.179153
-0.304664
-0.287644
-0.399763
-0.352205
-0.206757
-0.438481
-0.349794
-0.083945
-0.304103
-0.162161
-0.282979
-0.253757
-0.258231
0.035908
-0.170846
-0.119325
-0.165179
-0.168517
-0.193164
-0.146805
-0.204606
-0.281157
-0.093390
-0.314107
-0.328592
-0.264890
-0.293923
-0.302424
-0.029771
-0.405500
-0.346380
-0.305863
-0.272696
-0.243426
-0.336828
-0.351729
-0.225451
-0.365805
-0.216876
-0.268963
-0.261546
0.144992
0.540008
0.953706
0.725630
0.598167
0.567327
-0.192037
0.067799
0.146311
0.362666
0.252089
0.200096
0.090748
0.309053
1.455625
0.165609
-0.023496
0.040749
0.029376
-0.081619
1.160901
-0.037046
-0.158055
-0.343752
-0.234656
-0.317963
-0.333186
-0.144734
-0.338046
-0.270201
-0.333001
-0.322003
-0.326870
-0.279759
-0.453516
-0.448587
-0.365641
-0.395966
-0.385881
-0.304000
-0.118555
-0.338439
-0.355688
-0.369230
-0.277159
-0.295433
-0.297040
-0.466314
-0.411494
-0.481826
-0.411148
-0.398464
-0.304566
-0.287760
-0.253031
-0.372109
-0.223894
-0.134378
-0.216207
-0.197749
-0.340562
-0.285385
-0.184881
-0.175461
-0.352874
-0.078161
-0.318053
-0.374254
-0.365248
-0.180112
-0.225926
-0.460870
-0.448443
-0.461411
-0.399121
-0.360511
-0.244692
-0.410153
-0.371005
-0.394681
-0.412149
-0.428542
-0.410749
-0.397557
-0.489061
-0.395707
-0.407882
-0.324299
-0.436363
-0.407220
-0.390560
-0.394626
-0.446047
-0.340901
-0.427608
-0.216944
-0.315918
-0.329680
-0.298840
-0.445818
-0.459879
-0.363881
-0.344034
-0.335673
-0.414691
-0.335353
-0.395851
-0.461148
-0.449713
-0.312315
-0.424453
-0.357125
-0.379524
-0.459849
-0.473762
-0.335438
0.163231
-0.218731
-0.255516
-0.240396
0.083081
-0.167498
-0.103308
-0.194049
-0.326098
-0.390719
-0.382260
0.005878
-0.386978
-0.380251
-0.478525
-0.514429
-0.254692
-0.413304
0.227285
-0.381130
-0.381383
-0.454832
-0.430307
-0.360558
-0.448577
-0.437201
-0.297059
-0.379705
-0.295616
-0.216466
-0.334806
-0.426791
-0.324019
-0.125196
-0.282735
-0.186668
-0.107223
-0.269081
-0.227431
-0.109395
-0.295958
-0.155013
-0.076811
-0.067112
-0.365761
-0.082898
-0.190251
-0.207309
-0.328357
-0.093139
-0.376167
-0.490371
-0.386322
-0.344936
-0.278652
-0.347305
-0.430149
-0.241330
-0.372526
-0.396605
-0.348374
-0.372573
-0.406395
-0.363062
-0.407102
-0.400226
-0.318518
-0.493565
-0.351018
-0.385970
-0.153392
-0.106677
-0.220319
-0.147460
-0.298923
-0.447306
-0.300876
-0.401060
-0.302386
-0.355085
-0.336968
-0.377337
-0.413791
-0.457810
-0.431642
-0.436641
-0.401374
-0.474336
-0.329223
-0.472438
-0.425970
-0.451117
-0.358201
-0.416717
-0.477246
-0.365670
-0.111091
-0.458137
-0.339669
-0.471239
-0.383877
-0.430106
-0.303561
-0.453430
-0.447703
-0.454015
-0.103966
-0.189261
0.047709
0.113556
-0.025033
-0.159265
0.206761
-0.081255
-0.351269
-0.210209
-0.354161
0.026736
-0.347723
-0.329681
-0.404237
-0.450202
-0.317226
-0.457418
-0.426614
-0.378220
-0.444029
-0.501107
-0.457545
-0.411376
-0.390777
-0.430735
-0.433423
-0.374539
-0.315848
-0.422307
-0.451183
-0.439002
-0.402542
-0.340244
-0.385032
-0.402146
-0.338097
-0.394899
-0.366221
-0.337923
-0.385460
-0.289488
-0.354119
-0.223651
0.069309
-0.141673
-0.266021
-0.196602
-0.133950
-0.156347
-0.149526
-0.331815
-0.297525
-0.287219
-0.386683
-0.196300
-0.247637
-0.368920
-0.365710
-0.374204
-0.420313
-0.418795
-0.409542
-0.429147
-0.423568
-0.195996
-0.402600
-0.448213
-0.329038
-0.218634
0.200057
-0.209920
-0.307456
-0.000850
-0.367671
0.048313
-0.139005
-0.325366
-0.267267
-0.360618
-0.417302
-0.361224
-0.393292
-0.378936
-0.471043
-0.364536
-0.418214
-0.470234
-0.473158
-0.470722
-0.424383
-0.461202
-0.263048
-0.460472
-0.343857
-0.293894
-0.346257
-0.429685
-0.203348
-0.269050
-0.455266
-0.350266
-0.248004
-0.290898
-0.126892
-0.368407
-0.428080
-0.326684
-0.193020
-0.383885
-0.379306
-0.049437
-0.156129
0.353828
0.080614
-0.041832
0.107252
0.304048
0.319754
0.623268
0.263328
0.504091
1.376198
0.766001
0.243425
0.735249
0.377588
0.051617
0.171322
0.047593
0.028081
0.246526
0.253782
0.185495
-0.021380
-0.245363
-0.118663
0.384233
-0.351545
-0.317847
-0.406081
-0.414967
-0.287537
-0.367199
-0.129373
-0.273871
-0.320855
-0.251499
-0.337905
-0.109039
0.033636
-0.369200
-0.292348
-0.286051
-0.289234
-0.320967
-0.299298
-0.357790
-0.345875
-0.435043
-0.434810
-0.451926
-0.367171
-0.430772
-0.329801
-0.365033
-0.413481
-0.399962
-0.418355
-0.282064
-0.342445
-0.391105
-0.193702
-0.216018
-0.183473
-0.228874
-0.242103
-0.353400
-0.314809
-0.381833
-0.288260
-0.312450
-0.134313
0.072888
-0.208593
-0.231479
-0.095302
-0.419596
-0.253294
-0.236633
-0.013285
-0.382640
-0.304897
-0.444056
-0.413517
-0.427028
-0.383142
-0.258031
-0.172150
-0.133383
-0.202008
-0.125049
-0.277289
-0.267611
-0.376878
-0.276989
-0.433212
-0.397941
-0.463814
-0.371652
-0.345151
-0.350820
-0.460894
-0.222958
-0.217915
-0.382299
-0.093776
-0.463513
-0.379127
-0.334474
-0.508031
-0.462514
-0.457945
-0.364775
-0.200482
-0.125546
0.205632
-0.132936
-0.286958
-0.284031
-0.083063
-0.264966
-0.234949
-0.402855
-0.340515
-0.061164
0.925548
0.082653
0.219241
0.027635
0.026272
0.373863
0.004646
-0.274907
-0.350344
-0.352012
-0.320237
-0.404501
-0.435796
-0.399405
-0.382765
-0.415147
-0.238364
-0.365462
-0.425369
-0.443650
-0.399365
-0.224111
-0.323052
-0.349471
-0.321159
-0.345410
-0.391891
-0.238744
-0.021374
-0.242818
-0.394997
-0.209437
-0.075147
-0.144502
-0.400941
-0.256266
-0.102163
-0.301527
-0.186048
-0.325911
-0.302570
-0.176278
-0.284603
0.140347
-0.087219
-0.218720
-0.092699
-0.173896
-0.207693
-0.299024
-0.325886
-0.272033
-0.291218
-0.157582
-0.270466
-0.129243
-0.166366
-0.094693
-0.177572
0.036390
-0.237212
-0.195221
-0.262389
-0.132594
-0.087393
-0.283380
-0.371331
-0.286939
0.203458
1.698192
0.523691
0.932610
0.464337
0.674453
0.495920
1.536941
0.486571
2.285355
2.387242
0.538969
1.644407
0.550804
0.558689
0.371773
0.449315
1.156228
0.998309
1.259851
0.314260
-0.209323
0.023330
-0.177444
-0.111513
0.292458
-0.058573
0.156094
0.143279
0.261757
0.050887
0.114356
0.023362
0.022297
0.027484
-0.097811
-0.100115
0.341795
-0.160995
-0.079313
-0.361734
-0.324429
-0.267863
-0.220864
-0.355532
-0.411117
-0.463188
-0.462510
-0.390303
-0.356533
-0.366329
-0.372382
-0.398681
-0.410340
-0.323388
-0.242208
-0.310579
-0.397107
-0.238080
-0.212768
-0.345804
-0.332399
-0.293461
-0.301450
-0.149080
-0.361609
-0.198537
-0.331146
-0.108334
-0.096973
-0.026007
-0.293429
-0.269632
-0.421259
-0.427655
-0.317779
-0.291632
-0.306199
-0.357072
-0.311771
-0.371817
-0.395297
-0.442216
-0.456019
-0.358334
-0.182515
-0.493839
-0.455324
-0.482175
-0.353450
-0.471308
-0.382441
-0.442701
-0.451850
-0.433748
-0.038110
-0.397022
-0.262544
-0.100660
-0.223678
-0.276322
-0.258143
-0.220500
-0.159930
-0.260519
-0.208996
-0.153907
-0.155505
-0.268254
-0.370197
-0.306960
-0.235690
-0.360967
-0.314147
-0.228087
-0.161056
-0.202127
-0.342829
0.182810
-0.251921
-0.399775
0.059204
-0.287198
-0.021774
0.077624
0.064469
-0.257792
-0.207216
-0.168606
-0.255660
-0.171631
-0.329741
-0.339218
-0.300632
-0.336020
-0.304494
-0.298770
-0.248351
-0.293586
-0.260498
-0.409563
-0.239666
-0.424288
-0.293999
-0.183195
-0.349604
-0.351396
-0.353743
-0.425776
-0.314051
-0.220904
-0.424031
-0.293880
-0.343444
-0.194843
-0.325771
-0.325267
-0.387534
-0.173735
0.690597
-0.274210
-0.435030
-0.139954
-0.194803
-0.093269
-0.171373
-0.321204
-0.265993
-0.259438
-0.289696
-0.303062
-0.359712
-0.280853
-0.336292
-0.172022
-0.143651
-0.395010
-0.362653
-0.252531
-0.358127
-0.409682
-0.264431
-0.352188
-0.432293
-0.275799
-0.191019
-0.263005
0.086631
-0.298274
-0.254749
-0.224371
-0.288159
-0.135276
-0.116666
0.105492
-0.321427
0.017122
-0.066406
-0.084094
-0.077874
-0.286118
-0.114774
-0.000552
-0.291133
-0.358213
-0.322968
-0.319805
-0.373120
-0.170103
-0.409033
-0.361913
-0.317750
-0.231741
-0.119535
-0.236543
-0.147857
-0.402948
-0.311657
-0.133687
-0.208139
-0.377826
-0.210236
-0.354332
-0.152759
-0.288332
-0.433758
0.244352
-0.243427
-0.367105
-0.316089
-0.298998
-0.321758
-0.268495
-0.253688
-0.174705
-0.351972
-0.472761
-0.335582
-0.338808
-0.265582
-0.486403
-0.477058
-0.487011
-0.498639
-0.490300
-0.449077
-0.351362
-0.318443
-0.382794
-0.202278
-0.237825
-0.378524
-0.176997
-0.328988
-0.251228
-0.329699
-0.313679
-0.207811
-0.397005
-0.211668
-0.415419
-0.006866
-0.417691
-0.260465
-0.244058
-0.281686
-0.068060
-0.384826
-0.357762
-0.351797
-0.339800
-0.200210
-0.303012
-0.024169
-0.327819
0.129194
0.361397
0.065609
-0.141480
0.004569
-0.000197
-0.265987
-0.269663
-0.186212
-0.267192
-0.251293
-0.292719
-0.251409
-0.164214
-0.138628
-0.061112
0.601339
2.008357
3.638880
2.546999
2.144750
2.311353
2.496023
1.321871
1.334030
2.336636
7.360134
2.891416
1.583237
1.398126
0.668360
1.359784
2.242341
1.270918
1.835385
2.269029
1.229179
0.154181
-0.005965
-0.026016
0.124543
-0.007788
0.112432
-0.089754
0.172488
-0.044644
0.134195
0.121679
0.201118
0.047676
0.148295
0.093013
-0.124375
-0.102125
-0.142287
-0.236161
-0.188399
-0.365400
-0.330180
-0.264061
-0.453372
-0.304973
-0.153260
-0.421587
-0.159350
-0.369297
-0.365003
-0.431893
-0.302081
-0.383274
-0.398344
-0.307406
-0.362747
-0.407563
-0.384579
-0.411514
-0.409545
-0.471736
-0.330966
-0.409015
-0.315362
-0.375242
-0.458882
-0.429471
-0.309750
-0.333166
-0.427941
-0.431336
-0.417240
-0.432446
-0.512945
-0.349047
-0.413211
-0.384087
-0.483660
-0.414889
-0.339050
-0.370796
-0.434468
-0.480253
-0.483926
-0.431440
-0.435691
-0.504500
-0.525315
-0.303290
-0.467073
-0.350529
-0.414711
-0.487127
-0.480196
-0.455358
-0.262014
-0.347366
-0.391602
-0.405798
-0.425858
-0.333031
-0.353957
-0.378253
-0.330677
-0.407364
-0.106380
-0.367973
-0.447119
-0.430893
-0.382393
-0.387112
-0.459595
-0.452782
-0.367443
-0.275715
-0.347426
-0.430180
-0.348369
-0.436203
-0.357206
-0.211008
0.162364
-0.099600
0.195985
0.405451
0.197451
0.274251
0.650557
0.400326
0.110102
1.163498
1.081764
0.546352
0.358621
2.634765
0.353013
1.546056
0.356298
0.187626
-0.174952
0.170733
0.175884
0.033560
-0.076487
-0.166112
-0.218574
-0.319461
-0.292500
-0.444751
-0.219120
-0.276276
-0.329344
-0.446580
-0.406265
-0.444164
-0.085236
-0.293216
-0.357056
-0.347299
-0.196759
-0.449133
-0.348291
-0.339729
-0.337747
-0.339846
-0.334402
-0.342299
-0.362924
-0.404182
-0.259986
-0.423939
-0.180769
-0.327634
-0.359064
-0.388332
-0.439738
-0.298286
-0.388497
-0.417289
-0.364853
-0.341219
-0.275973
-0.295149
-0.236081
-0.307338
-0.411900
-0.326214
-0.277479
-0.521065
-0.447987
-0.391568
-0.352133
-0.255473
-0.216974
-0.127611
-0.278570
-0.332721
-0.232900
-0.315264
-0.378631
-0.277790
-0.408248
-0.447853
-0.211134
-0.468372
-0.452484
-0.272628
-0.439089
-0.280354
-0.321979
-0.409928
-0.376674
-0.334836
-0.294240
-0.369253
-0.302658
-0.229520
-0.239172
-0.280071
-0.307868
-0.373112
-0.430555
-0.475212
-0.476171
-0.254035
-0.278234
-0.393687
-0.310121
-0.296795
-0.400547
-0.303512
-0.356070
-0.346069
-0.245050
-0.292205
-0.304154
-0.325378
-0.412680
-0.444512
-0.481350
-0.412367
-0.095035
0.954621
0.337729
0.219696
0.591701
0.889805
0.231364
0.172935
0.466390
0.251214
0.054174
0.422753
0.098298
0.297916
-0.080189
-0.095238
-0.005478
-0.113850
0.134014
0.215742
-0.168334
0.046453
0.303086
-0.110737
0.111456
-0.093547
-0.081877
0.007851
-0.279170
1.797115
0.672625
0.221253
0.824300
0.413506
0.342888
0.758311
0.734135
-0.019282
0.209822
-0.342357
-0.146081
-0.184291
-0.376451
-0.324753
-0.071108
-0.295116
-0.143735
-0.289347
-0.231956
-0.228519
-0.453350
-0.185522
-0.372220
-0.230094
-0.282774
-0.325291
-0.219799
-0.302128
-0.296357
-0.458102
-0.367419
-0.430356
-0.423227
-0.414929
-0.400256
-0.459808
-0.396686
-0.222480
-0.258440
-0.358418
0.355524
-0.185653
0.205323
-0.174146
-0.233388
-0.401733
-0.353890
-0.340797
-0.426730
-0.336418
-0.306146
0.470540
2.017363
-0.013506
0.359236
1.863835
0.675028
1.365192
0.252617
1.021602
0.469674
0.745505
0.436702
0.859928
0.526485
0.597508
0.892387
0.754484
3.875101
1.168114
1.802885
0.734027
0.492096
0.421631
0.216445
0.973845
0.593396
0.380484
2.272462
0.079306
0.003184
-0.011735
0.361152
-0.387721
-0.288231
-0.398328
-0.463298
-0.429290
-0.439240
-0.422353
-0.294036
-0.292875
-0.355237
-0.016282
-0.047570
-0.362064
-0.348957
-0.336922
-0.351525
-0.234922
-0.354743
0.001052
-0.174915
0.023821
-0.076621
-0.012079
-0.284446
-0.073085
0.100559
-0.261564
-0.310319
-0.336211
-0.358862
-0.388004
-0.357597
-0.360598
-0.325884
-0.257924
-0.167678
-0.209280
-0.159936
-0.331759
-0.236764
-0.379292
-0.250328
-0.265747
0.015852
-0.266363
-0.263856
-0.373727
-0.343755
-0.430765
-0.398873
-0.461570
-0.319864
-0.385347
-0.182792
-0.346794
-0.395380
-0.325430
-0.365657
-0.316413
-0.290784
-0.301819
-0.293243
-0.309841
-0.197136
-0.393650
-0.281822
-0.389080
-0.273798
-0.248472
-0.434578
-0.416420
-0.345828
-0.461666
-0.452066
-0.334674
-0.385484
-0.432238
-0.297834
-0.361062
-0.267278
-0.456501
-0.426164
-0.416260
-0.273622
-0.243729
-0.386907
-0.362989
-0.429410
-0.282291
-0.368097
-0.389550
-0.399228
-0.363776
-0.142291
-0.320945
-0.238515
-0.355228
-0.322809
-0.478851
-0.277162
-0.260122
-0.450469
-0.311078
-0.419157
-0.444029
-0.385475
-0.323748
-0.383224
-0.256895
-0.467945
-0.407693
-0.402014
-0.402872
-0.320670
-0.380212
-0.351052
-0.357541
-0.431482
-0.437174
-0.320946
-0.282789
-0.481237
-0.407042
-0.373598
-0.378882
-0.459811
-0.374480
-0.468236
-0.430650
-0.301048
-0.453577
-0.424495
-0.467610
-0.437078
-0.412402
-0.332688
-0.302511
-0.449488
-0.231446
-0.372485
-0.354124
-0.409318
-0.373426
-0.451804
-0.384777
-0.416334
-0.391954
-0.367759
-0.461012
-0.425006
-0.451352
-0.364833
-0.407094
-0.247768
-0.422592
-0.487404
-0.242871
-0.469567
-0.443010
-0.436805
-0.473430
-0.414751
-0.520157
-0.437119
-0.460071
-0.450377
-0.392750
-0.322214
-0.284988
-0.380637
-0.485309
-0.326009
-0.317470
-0.259353
-0.033435
-0.146682
-0.119191
-0.072990
0.152287
-0.208574
-0.222388
-0.064304
-0.141663
-0.191613
-0.180814
0.219111
0.035941
-0.083428
-0.058423
-0.231703
-0.086185
-0.091673
-0.110466
-0.072497
0.202776
-0.033277
-0.199124
-0.076120
-0.159382
-0.273940
-0.196541
-0.116823
-0.189047
-0.266405
-0.229817
-0.268792
-0.286070
-0.276095
-0.307556
-0.325958
-0.296298
-0.241734
-0.206292
-0.222972
-0.323717
-0.146813
-0.338621
-0.183663
-0.320220
-0.270654
-0.309026
-0.319765
-0.330394
-0.403453
-0.191572
-0.444818
-0.475414
-0.463431
-0.360187
0.682029
0.344394
0.322832
0.172798
0.142762
0.164270
0.140187
0.372142
-0.212886
-0.311824
-0.195428
-0.129734
-0.438398
-0.449970
-0.444221
-0.400601
-0.377934
-0.424251
-0.377669
-0.300666
-0.423798
-0.137605
-0.354077
-0.298232
-0.316930
-0.380821
-0.301124
-0.269981
-0.291150
-0.375298
-0.257240
-0.415147
-0.192854
-0.242418
-0.029665
-0.290896
-0.197022
-0.421836
-0.463138
-0.432558
-0.424704
-0.256336
-0.329269
-0.351628
-0.351942
-0.096037
0.177562
-0.262840
-0.239966
-0.284073
-0.460066
-0.253956
-0.336249
-0.322389
-0.366191
-0.428893
-0.176211
-0.260135
-0.105127
-0.203647
-0.131818
-0.280467
-0.272663
-0.335051
-0.198840
-0.307846
-0.352898
-0.224223
-0.318070
0.103183
-0.349699
-0.257476
-0.397784
-0.128349
-0.333475
-0.341046
-0.249576
-0.306796
-0.336335
-0.313718
-0.458035
-0.423119
-0.407127
-0.428938
-0.290242
-0.364745
-0.274920
-0.142275
-0.415553
-0.452703
-0.440730
-0.384519
-0.417291
-0.331917
-0.363815
-0.250511
-0.244549
-0.313617
-0.304485
-0.248836
-0.147269
-0.272886
-0.394143
-0.356621
-0.397380
-0.298124
-0.327514
-0.302537
-0.420754
-0.259935
-0.129924
-0.236048
0.041414
-0.423105
-0.414647
-0.346885
-0.328871
-0.286299
-0.413563
-0.306033
-0.248802
-0.386726
-0.319523
-0.362498
-0.442299
-0.499694
-0.424063
-0.373459
-0.431295
-0.463099
-0.274910
-0.318002
-0.268015
-0.344351
0.039745
-0.287092
-0.296768
-0.064856
0.103242
-0.358019
-0.304566
-0.127200
0.028922
-0.072177
0.063991
0.251035
0.264280
0.107610
0.019412
0.177373
0.202085
0.649258
0.171764
0.077127
1.000894
0.003586
0.643033
0.516323
0.366824
0.195829
0.009083
0.015885
0.160863
-0.229728
-0.082334
0.181983
-0.482145
-0.444189
-0.508901
-0.532976
-0.357380
2.882260
0.629863
0.387057
-0.119286
0.369470
-0.249825
-0.149536
-0.270171
0.189156
-0.385069
-0.370457
-0.147165
-0.368888
-0.354437
-0.319427
-0.200733
-0.156578
-0.259671
-0.147528
-0.261558
-0.231718
-0.190161
-0.218519
-0.096791
-0.093890
-0.321186
-0.024371
-0.105954
-0.026964
-0.152943
-0.100989
-0.203330
-0.256133
-0.268790
-0.090474
-0.286803
-0.150885
0.070327
-0.071197
-0.202543
-0.362480
-0.264970
-0.213938
-0.395731
-0.323768
-0.463553
-0.256062
-0.218417
-0.365405
-0.415232
-0.266544
-0.367227
-0.172530
-0.332252
-0.315215
-0.369043
-0.452879
-0.289881
-0.465288
-0.293473
-0.456798
-0.284659
-0.132409
-0.463117
-0.300805
-0.401602
-0.307257
-0.445350
-0.381756
-0.461168
-0.431842
-0.362095
-0.145009
-0.189220
-0.352686
-0.433911
0.117622
-0.307271
0.047054
-0.113291
-0.263379
-0.224070
-0.192056
-0.067308
-0.186543
-0.246769
-0.009065
-0.083098
-0.205074
-0.116030
0.804021
-0.219009
0.000603
0.154859
-0.196149
0.135346
-0.013868
0.020305
-0.188604
-0.095300
-0.111653
-0.224041
0.212501
-0.060901
-0.168928
-0.246005
-0.387050
-0.199519
-0.365346
-0.357338
-0.293011
-0.390570
-0.349134
-0.132479
0.151843
0.013237
0.367495
0.084808
0.126468
0.256663
0.085020
-0.187659
0.213803
0.417163
0.431131
0.384783
0.127089
0.255460
0.166302
0.070302
0.058999
0.053304
0.030839
0.023231
-0.194743
0.130345
0.037562
-0.023355
0.122191
0.273693
0.021114
-0.195779
0.053081
0.003507
-0.019289
-0.256206
-0.279069
-0.318884
-0.343762
-0.156425
0.586774
0.705859
0.715520
0.157729
1.075099
0.676203
2.309416
1.292364
1.122571
0.125634
0.585424
0.203863
1.625236
0.439345
0.717036
0.635868
2.250918
0.472490
0.208155
0.686968
0.288209
-0.192558
-0.174518
-0.127962
-0.099361
-0.064006
-0.108965
-0.167060
-0.103781
-0.194775
-0.026009
-0.368331
-0.083987
1.035348
1.462910
0.180514
0.078322
0.227361
0.095978
-0.129942
-0.225503
-0.321601
0.098511
-0.268988
0.262040
0.246165
0.006018
-0.095095
-0.166176
-0.224816
-0.264290
0.187797
1.114306
-0.437188
-0.381937
-0.342796
-0.379085
-0.394449
-0.263059
-0.053961
-0.103835
-0.269669
-0.288661
-0.216071
-0.367228
-0.276868
-0.380742
-0.231487
-0.351184
-0.292809
-0.235812
0.209187
-0.313383
-0.166616
-0.338394
-0.074571
-0.355020
-0.356127
-0.447416
-0.186473
-0.247449
-0.267995
-0.148537
-0.380630
-0.232933
-0.060603
-0.100936
0.483539
0.130069
0.101142
-0.356660
-0.266274
-0.389549
-0.392566
-0.202926
-0.330878
-0.393458
-0.439940
-0.329672
-0.464981
-0.429238
-0.464998
-0.408453
-0.365644
-0.427614
-0.441313
-0.473632
-0.456516
-0.486574
-0.375492
-0.459903
-0.359883
-0.498956
-0.418263
-0.451391
-0.443483
-0.429895
-0.450982
-0.515878
-0.433882
-0.495839
-0.469560
-0.425885
-0.437320
-0.314767
-0.377086
-0.348936
-0.492000
-0.420083
-0.344323
-0.372227
-0.452081
-0.272158
-0.382783
-0.396120
-0.250478
-0.394397
-0.434080
-0.402797
-0.389639
-0.149969
-0.438788
-0.447761
-0.367538
-0.290010
-0.362416
-0.374979
-0.450359
-0.445179
-0.398109
-0.036723
-0.284735
-0.335760
-0.330133
-0.142631
-0.190188
-0.119369
-0.259898
-0.336864
-0.264243
-0.335917
-0.154841
0.313205
0.571105
0.131244
0.847919
0.173482
0.368596
3.371955
0.891823
0.230772
0.109748
0.668093
0.432178
1.105477
0.300335
0.170862
0.263292
0.350818
0.183461
0.911521
0.305465
0.325834
0.169871
0.099973
0.209573
-0.059132
-0.175672
1.088750
0.136371
0.052448
0.129105
0.093130
3.283531
0.274455
-0.176775
0.370830
0.564519
-0.157410
-0.332521
-0.377405
-0.391361
-0.302217
-0.398218
-0.222863
-0.386291
-0.449299
-0.298766
-0.337054
-0.403683
-0.364845
-0.448764
-0.407210
-0.406009
-0.365553
-0.365994
-0.395117
-0.180027
-0.430170
-0.412992
-0.441999
-0.441462
-0.423370
-0.412198
-0.223345
-0.367264
-0.383344
-0.349353
-0.297653
-0.246957
-0.248144
-0.275835
-0.397686
-0.297860
-0.238878
-0.106833
-0.464912
-0.141370
-0.447194
-0.439124
-0.393694
-0.369875
-0.442009
-0.298347
-0.219237
-0.234091
-0.347316
-0.324775
-0.378116
-0.345881
-0.395246
-0.322480
-0.098185
-0.431866
-0.404169
-0.406725
-0.438235
-0.453577
-0.457246
-0.483541
-0.463302
-0.413689
-0.360820
-0.373169
-0.385854
-0.331751
-0.181471
-0.307693
-0.435472
-0.228770
-0.352460
-0.395931
-0.376135
-0.356336
-0.271764
-0.229498
-0.394577
-0.239122
-0.292062
-0.379318
-0.306729
-0.323658
-0.478835
-0.314401
-0.371857
-0.435795
-0.374483
-0.316834
-0.209137
-0.401793
-0.210904
-0.355151
-0.267182
-0.410155
-0.317102
-0.224078
-0.340898
-0.385242
-0.301001
0.043949
-0.388468
-0.382812
-0.350987
-0.390182
-0.448523
-0.386767
-0.457141
-0.370225
-0.379502
-0.416827
-0.408764
-0.316023
-0.373166
-0.327037
-0.395190
-0.321390
-0.325420
-0.220495
-0.267288
-0.091721
-0.240862
-0.180052
0.042772
-0.405036
-0.348277
-0.230822
-0.088078
-0.166765
-0.225309
0.008096
0.217935
-0.164122
-0.110485
-0.245491
-0.189526
-0.187099
-0.282366
-0.353791
-0.366774
-0.287135
-0.209128
-0.031937
-0.233138
-0.160524
-0.128436
-0.354292
-0.009150
-0.265895
-0.243747
-0.152979
-0.240781
-0.152548
-0.281338
-0.255957
-0.207043
-0.203868
-0.189579
-0.035322
-0.075729
-0.076427
-0.218992
-0.347642
-0.240678
-0.348266
-0.388412
-0.264507
-0.258881
-0.306845
-0.307133
-0.356954
-0.252958
-0.126949
-0.151982
-0.102228
0.001219
-0.221873
-0.267765
-0.248830
-0.263093
-0.115892
-0.256023
-0.165303
0.057814
-0.189118
0.635086
-0.227660
-0.309645
-0.008282
-0.213664
-0.224325
-0.246923
-0.324591
-0.431638
-0.116416
-0.439869
-0.300788
-0.308953
-0.229155
-0.459786
-0.316674
-0.326082
-0.391743
-0.378071
-0.421983
-0.380134
-0.478405
-0.387972
-0.445356
-0.415419
-0.513374
-0.434493
-0.377144
-0.348992
-0.364069
-0.459342
-0.386134
-0.415026
-0.419355
-0.379149
-0.162254
-0.054827
-0.184487
-0.176264
-0.299701
0.313160
0.445461
0.422398
0.697391
1.082946
0.909036
1.147406
0.701849
0.430713
1.274300
0.583504
1.116639
0.472806
0.386046
0.173689
0.223112
0.435131
0.035962
0.012364
-0.034942
0.020510
-0.288882
-0.191957
-0.128071
-0.290536
-0.275897
-0.232029
-0.016920
-0.205336
-0.090179
-0.124582
-0.207621
-0.067033
-0.280103
-0.122527
-0.181420
-0.335887
-0.228118
-0.157916
-0.351695
-0.277953
-0.146823
-0.159995
-0.320611
-0.368456
-0.399199
-0.453422
-0.310405
-0.497570
-0.315166
-0.406619
-0.447294
-0.395516
-0.382351
-0.362644
-0.089924
-0.394957
-0.262018
-0.301919
-0.412456
-0.371423
-0.374738
-0.383106
-0.361646
-0.489553
-0.411824
-0.386653
-0.464036
-0.402033
-0.155085
-0.360439
-0.381558
-0.406135
-0.290386
-0.399216
-0.465791
-0.341763
-0.362974
-0.352313
-0.320546
-0.403858
-0.367139
-0.351935
-0.283708
-0.285254
-0.417973
-0.388862
-0.414535
-0.398320
-0.453244
-0.489474
-0.559988
-0.485631
-0.370206
-0.372857
-0.395438
0.054667
-0.300353
-0.309033
-0.100176
-0.086551
0.149145
-0.199000
0.027749
0.009193
0.362481
0.261201
0.484673
0.054017
0.159483
0.279242
0.580399
0.587395
0.251335
0.044012
0.069113
0.300079
-0.263996
0.031066
0.139357
-0.120246
0.047168
-0.209872
-0.103000
0.589276
0.609836
-0.105258
0.035233
-0.179303
-0.147387
1.188286
0.056553
0.450506
0.065383
0.302078
0.094085
0.068042
0.364089
0.120435
0.659464
-0.253935
0.064975
-0.062398
-0.375613
-0.134924
-0.097988
-0.176011
-0.244728
0.102100
-0.302696
0.001740
0.013630
-0.014748
-0.381934
-0.351560
-0.208296
-0.328547
-0.346709
-0.311227
-0.380187
-0.406699
-0.371592
-0.276200
-0.416867
-0.360376
-0.476184
-0.400340
-0.393309
-0.428372
-0.394137
-0.253594
-0.221664
-0.372422
-0.299678
-0.325910
-0.444417
-0.446772
-0.426427
-0.476493
-0.451319
-0.487180
-0.503598
-0.357177
-0.492169
-0.507771
-0.424840
-0.393435
-0.142754
0.073557
0.198924
1.365815
0.272468
0.435653
0.375472
0.715322
0.968225
0.914087
1.191141
0.716035
0.674478
0.823293
0.183523
0.711084
0.298404
0.343230
0.416934
0.787965
0.308418
0.130272
0.118949
-0.027901
-0.072934
0.067459
0.047901
0.092200
-0.140726
0.004701
0.128895
0.011289
-0.164494
-0.019739
-0.140671
-0.029703
-0.133731
-0.067032
-0.031585
-0.063786
-0.165764
-0.248715
-0.219588
-0.250417
-0.399206
-0.242058
-0.452869
-0.274938
-0.355137
-0.288829
-0.192762
2.127690
-0.204525
-0.312835
-0.111074
-0.180746
-0.373799
-0.084591
-0.248855
-0.138550
-0.192387
-0.184779
-0.167846
-0.216998
-0.366038
-0.341359
-0.366183
-0.287741
-0.321973
-0.234856
-0.333966
-0.183149
-0.290999
-0.247072
-0.344758
-0.297069
-0.207231
-0.172184
-0.142027
-0.252672
-0.115465
-0.208947
-0.375146
-0.448542
-0.300576
-0.417186
-0.364994
-0.334745
0.029266
-0.232510
-0.430457
-0.265623
-0.438229
-0.146588
-0.228699
-0.369411
-0.424861
-0.368423
-0.400531
-0.468923
-0.481638
-0.445472
0.021926
0.136686
-0.153199
0.069521
-0.100165
-0.343696
-0.281728
0.033736
-0.120729
-0.260510
-0.194427
-0.341920
-0.263688
-0.287087
-0.444133
-0.418966
-0.266257
-0.400088
-0.491796
-0.231977
-0.212000
-0.065862
-0.181286
-0.297114
-0.261105
-0.338671
-0.163727
-0.209271
-0.152948
-0.265433
0.077916
0.147537
-0.221855
0.109356
-0.129528
0.006434
0.034332
-0.164196
0.051906
-0.400844
-0.416961
-0.104775
-0.330991
-0.366038
-0.210308
-0.259662
-0.338557
-0.379751
-0.360545
-0.288998
-0.392314
-0.300610
-0.381915
-0.182733
0.362910
-0.154295
0.122319
0.274938
-0.062386
0.038511
-0.132422
-0.259085
-0.189419
-0.226041
-0.270098
-0.356844
-0.388672
-0.202285
-0.417297
-0.258583
-0.122342
-0.226641
-0.353019
-0.216468
-0.325922
-0.317759
-0.315849
-0.384845
-0.261105
-0.274586
-0.219197
0.069582
-0.330342
-0.307910
-0.422108
-0.412494
-0.360652
-0.419915
-0.393908
-0.364800
-0.487946
-0.349744
-0.475006
-0.462508
-0.527045
-0.403879
-0.268819
-0.252731
-0.397750
-0.466279
-0.301121
-0.325457
-0.184592
-0.000302
-0.273204
-0.137951
-0.100872
-0.181674
-0.222664
-0.002084
-0.037802
-0.278883
-0.191337
-0.083667
-0.334536
-0.197006
-0.235991
-0.232340
-0.215284
-0.288611
-0.424784
-0.298305
-0.287592
-0.416940
-0.430400
-0.314618
-0.258513
-0.209743
-0.294832
-0.204475
-0.291957
-0.343423
-0.374359
-0.363203
-0.372132
-0.374631
-0.453448
-0.398749
-0.406568
-0.280188
-0.296191
-0.426725
-0.435500
-0.354663
-0.463195
0.054871
-0.286838
-0.412353
-0.319973
-0.306452
-0.266531
-0.260252
0.193864
-0.232123
-0.072561
-0.203021
-0.319062
-0.065625
0.004238
-0.135529
-0.146657
-0.034537
-0.003656
0.030394
0.436029
0.218910
0.123894
-0.011390
-0.187145
-0.222123
-0.037082
-0.189458
-0.171366
-0.232762
-0.254946
-0.098930
0.463253
0.076682
0.663567
0.120824
0.414260
0.852417
0.798831
0.657585
1.157801
1.215176
0.619720
1.024656
1.815023
1.769586
0.607922
0.793294
1.138038
0.820809
0.188716
0.239187
0.447258
0.406745
0.148994
0.083662
0.009980
-0.355481
-0.343235
-0.302275
-0.488064
-0.398559
-0.240215
-0.365612
-0.348021
-0.362563
0.033777
-0.271203
-0.353948
-0.267361
-0.407316
-0.390627
-0.434800
-0.148152
-0.467449
-0.448348
-0.407277
-0.351191
-0.347226
-0.322016
-0.338906
-0.420530
-0.417936
-0.360700
-0.403270
-0.427032
-0.417756
-0.439299
-0.386676
-0.405024
-0.424473
-0.430676
-0.389920
-0.384327
-0.299141
-0.372387
-0.369231
-0.405356
-0.391375
-0.232450
-0.405318
-0.453317
-0.339980
-0.400800
-0.201035
-0.347903
-0.324761
-0.460241
-0.128494
-0.487735
-0.380937
-0.309349
-0.473126
-0.420274
-0.471520
-0.441109
-0.421644
-0.440471
-0.405043
-0.285088
-0.223806
-0.407857
-0.323191
-0.379359
-0.405785
-0.397080
-0.320259
-0.364028
-0.446257
-0.190519
-0.231630
-0.119063
-0.131560
-0.253292
-0.401910
-0.349940
-0.240007
-0.269170
-0.431872
-0.349078
-0.393354
-0.089580
-0.215224
-0.395067
-0.348849
-0.436850
-0.149878
-0.316432
-0.371001
-0.478809
-0.453274
-0.441466
-0.428308
-0.477888
-0.433823
-0.293051
-0.357890
-0.354260
-0.404178
-0.325665
-0.299541
-0.426157
-0.278466
-0.367960
-0.271658
-0.219450
-0.184787
-0.248983
-0.050178
-0.265712
-0.108306
-0.197144
-0.180686
-0.283145
-0.193221
-0.103471
0.218836
-0.073092
0.650532
0.191261
0.254688
-0.088558
-0.160579
-0.127271
-0.299118
-0.309803
-0.376356
-0.432357
-0.360978
-0.407351
-0.347721
-0.505495
-0.437106
-0.405472
-0.491171
-0.437185
-0.409686
-0.412347
-0.408464
-0.379363
-0.347777
-0.404400
-0.334941
-0.269068
-0.392159
-0.282017
-0.361849
-0.353164
-0.408300
-0.484226
-0.207880
-0.357468
-0.277539
-0.382898
-0.283458
-0.429891
-0.460477
-0.389109
-0.458360
-0.383410
-0.449791
-0.309736
-0.451089
-0.347081
-0.419588
-0.450656
-0.428482
-0.382257
-0.477123
-0.314782
-0.445226
-0.402860
-0.447771
-0.334687
-0.288791
-0.230463
-0.334610
-0.235678
-0.219030
0.098537
0.628265
0.079207
1.077747
0.865258
0.330988
0.845543
0.239086
0.515093
0.715263
0.701827
0.793424
1.066605
1.103312
0.897294
1.044788
0.359765
0.467057
0.014921
0.109516
0.590223
0.473696
0.941357
0.812942
0.030366
-0.039384
-0.125495
0.148011
1.065721
-0.069480
-0.389002
-0.383760
-0.456229
-0.456845
-0.348445
-0.277531
-0.280634
-0.350522
-0.320402
-0.347246
-0.336576
-0.240546
-0.351220
-0.266400
-0.316814
-0.295152
-0.376178
-0.082973
0.101085
0.228283
0.201300
-0.131220
0.131685
-0.123570
-0.017244
-0.301236
-0.069480
-0.201721
-0.269293
-0.321400
-0.292193
-0.348273
-0.315103
-0.126213
-0.314522
-0.265539
-0.333966
-0.423905
-0.382058
-0.486901
-0.399298
-0.455938
0.077366
-0.279647
-0.344212
-0.278209
-0.347671
-0.429705
-0.439953
-0.382710
-0.329352
-0.512853
-0.403314
-0.333116
-0.146386
-0.293445
-0.290576
-0.354118
-0.361351
-0.388301
-0.404919
-0.270694
-0.423130
-0.206360
-0.425499
-0.439924
-0.296932
-0.366208
-0.453918
-0.296063
-0.006534
-0.291133
-0.362721
-0.388177
-0.375535
-0.352506
-0.336333
-0.379007
-0.460406
-0.371120
-0.472493
-0.429201
-0.306916
-0.432487
-0.435822
-0.324990
-0.205582
-0.234249
-0.315118
-0.310143
-0.452023
-0.349026
-0.283664
-0.417721
-0.422596
-0.330445
-0.408628
-0.308655
-0.467852
-0.432279
-0.470331
-0.416504
-0.390353
-0.413289
-0.437805
-0.402326
-0.440764
-0.413172
-0.387376
-0.434869
-0.415787
-0.427177
-0.255365
-0.433945
-0.369745
-0.070340
-0.417587
-0.491116
-0.472780
-0.426431
-0.412830
-0.277588
-0.410625
-0.482555
-0.382190
-0.326032
-0.405037
-0.390143
-0.345004
-0.392844
-0.435305
-0.472343
-0.446501
-0.511151
-0.414970
-0.416926
-0.278754
-0.126294
-0.074031
-0.127314
-0.105173
-0.378678
-0.321763
-0.092663
-0.298266
-0.137635
-0.420300
-0.308285
-0.386396
-0.463475
-0.434986
-0.346285
-0.369725
-0.395040
-0.394224
-0.406730
-0.441018
-0.473851
-0.418860
-0.359157
-0.496890
-0.433376
-0.246179
-0.369217
-0.325516
-0.409629
-0.460158
-0.445593
-0.413787
-0.470493
-0.455920
-0.466816
-0.344782
-0.315917
-0.483002
-0.375962
-0.436546
-0.428863
-0.356491
-0.462838
-0.233525
-0.284426
-0.478599
-0.461940
-0.477457
-0.326568
-0.441151
-0.391228
-0.413858
-0.310676
-0.328302
-0.324021
-0.397038
-0.420860
-0.363156
-0.458382
-0.408257
-0.477851
-0.435110
-0.368832
-0.327750
-0.415075
-0.308357
-0.365460
-0.347948
-0.381246
-0.421448
-0.372742
-0.064003
0.262640
0.385545
0.806648
-0.048316
0.861139
0.396478
0.481820
2.831001
1.273348
0.659641
0.467008
0.289239
0.463101
0.575501
0.573652
0.174105
0.413542
0.246524
-0.001986
-0.124893
-0.208327
-0.080383
0.383363
0.053257
-0.110195
-0.083239
-0.069564
-0.018878
-0.096994
-0.269643
0.012471
-0.173688
-0.092605
0.005448
-0.158388
0.052241
-0.134825
-0.295203
-0.318900
0.122095
-0.357041
-0.312941
-0.364721
-0.329796
-0.241360
-0.278543
-0.328965
-0.135553
-0.379442
-0.378366
-0.280476
-0.399409
-0.250768
-0.326794
-0.149473
-0.326510
-0.244271
-0.223714
-0.427580
-0.289993
-0.290501
-0.426403
-0.394168
-0.373116
-0.374815
-0.405231
-0.410879
-0.334826
-0.319437
-0.284274
-0.210182
-0.419776
-0.450892
-0.316300
-0.367253
-0.447587
-0.410362
-0.481245
-0.424520
-0.455139
-0.519802
-0.485076
-0.447167
-0.294959
-0.368986
-0.426259
-0.482367
-0.399691
-0.493529
-0.476380
-0.437242
-0.338676
-0.440054
-0.421596
-0.246596
-0.295846
-0.225831
-0.360928
-0.469227
-0.364804
-0.241221
-0.269050
-0.411844
-0.274671
-0.392218
-0.488596
-0.467991
-0.417975
-0.478668
-0.371317
-0.439786
-0.368453
-0.368823
-0.339954
-0.392057
-0.461707
-0.470940
-0.400559
-0.469298
-0.457811
-0.359393
-0.362635
-0.296481
-0.324188
-0.347688
-0.379851
-0.294125
-0.308861
-0.326761
-0.400468
-0.464386
-0.437784
-0.400425
-0.376732
-0.440096
-0.460444
-0.428708
-0.301176
-0.392965
-0.324039
-0.441033
-0.408564
-0.435467
-0.454256
-0.380123
-0.511608
-0.481307
-0.325169
-0.341992
-0.398726
-0.443386
-0.407769
-0.493494
-0.445139
-0.400380
-0.437602
-0.441840
-0.477412
-0.437583
-0.487623
-0.479969
-0.442914
-0.351865
-0.358560
-0.251976
-0.205245
-0.244150
-0.353944
-0.296465
-0.369846
-0.355859
-0.380189
-0.444960
-0.356137
-0.346464
-0.315783
-0.409721
-0.449510
-0.363041
-0.281195
-0.450754
-0.381924
-0.459526
-0.450627
-0.396417
-0.487988
-0.455149
-0.439372
-0.355464
-0.319661
-0.012205
-0.120637
-0.011302
-0.165076
-0.409704
-0.299861
-0.392012
-0.287048
-0.441907
-0.338029
-0.404098
-0.429458
-0.370895
-0.470198
-0.440687
-0.466091
-0.252685
-0.452086
-0.379506
-0.491579
-0.338573
-0.319450
-0.292205
-0.363474
-0.446751
-0.425187
-0.344876
-0.007644
-0.287026
-0.343500
-0.362426
-0.443754
-0.435970
-0.408221
-0.467959
-0.515436
-0.428329
-0.430131
-0.410092
-0.366758
-0.399685
-0.407509
-0.366558
-0.413205
-0.476155
-0.381597
-0.387751
-0.260733
-0.264154
-0.192292
-0.160773
-0.117205
-0.119743
-0.224296
0.212129
-0.218984
0.128957
0.218029
-0.161576
-0.124691
-0.123774
-0.204959
0.075393
0.286864
-0.074865
0.457347
0.037974
0.189020
0.503576
0.243088
-0.221533
0.337247
-0.179756
-0.389298
-0.151727
-0.164243
0.004299
0.138149
0.138360
-0.049335
0.161437
0.082600
-0.003155
0.512769
-0.206771
-0.159767
-0.315149
-0.125929
0.197249
0.043663
-0.290140
-0.189639
-0.148985
0.127313
-0.084485
-0.244281
-0.264959
-0.300527
-0.295802
0.424121
-0.164718
-0.230943
0.550425
0.182714
0.108418
0.009408
-0.268920
-0.058329
0.065660
-0.050978
-0.125589
-0.281416
-0.428254
-0.350827
-0.236811
-0.279391
-0.264265
-0.414691
-0.432179
-0.251507
-0.382591
-0.424931
-0.415092
-0.443446
-0.426763
-0.452230
-0.416890
-0.403201
-0.416582
-0.372640
-0.230974
-0.214959
-0.327493
-0.438776
-0.466269
-0.411646
-0.449089
-0.421843
-0.351736
-0.317143
-0.330301
-0.438221
-0.300422
-0.401979
-0.431165
-0.262689
-0.299341
-0.443598
-0.422107
-0.395937
-0.410433
-0.372589
-0.480493
-0.438667
-0.373206
-0.469590
-0.441514
-0.388269
-0.346934
-0.408270
-0.455684
-0.330068
-0.380732
-0.392050
-0.412000
-0.488823
-0.391190
-0.461150
-0.379582
-0.420470
-0.438217
-0.338108
-0.458706
0.032618
-0.432603
-0.432026
-0.450389
-0.441663
-0.343085
-0.509200
-0.347392
-0.434161
-0.433909
-0.311873
-0.468670
-0.450879
-0.434016
-0.470519
-0.480023
-0.522664
-0.511009
-0.520851
-0.442312
-0.390932
-0.393334
-0.414531
-0.537358
-0.481179
-0.370558
-0.463815
-0.456074
-0.426127
-0.496667
-0.356441
-0.460709
-0.464312
-0.465817
-0.362876
-0.273057
-0.155693
-0.202508
-0.203663
-0.293511
-0.195552
-0.404268
-0.308554
-0.302451
-0.455892
-0.400695
-0.396560
-0.291139
-0.436219
-0.355099
-0.335856
-0.435645
-0.410010
-0.435655
-0.398391
-0.371732
-0.351224
-0.378601
-0.274650
-0.455493
-0.341066
-0.421923
-0.378813
-0.340664
-0.371149
-0.401624
-0.305548
-0.373579
-0.385308
-0.469076
-0.280506
-0.485101
-0.378917
-0.454359
-0.472891
-0.388125
-0.398719
-0.397283
-0.332080
-0.440269
-0.460217
-0.455123
-0.416600
-0.456425
-0.440095
-0.174114
-0.446458
-0.395806
-0.205875
-0.264794
-0.300072
-0.289337
-0.382994
-0.437782
-0.429762
-0.367634
-0.389065
-0.392159
-0.416070
-0.395350
-0.346309
-0.174719
-0.439749
-0.393380
-0.406530
-0.361718
-0.407000
-0.355642
-0.340795
-0.082308
-0.272407
-0.351235
-0.440926
-0.468529
-0.305914
-0.395037
-0.496544
-0.337687
-0.470260
-0.480642
-0.474389
-0.474770
-0.295209
-0.460661
-0.074884
-0.004871
-0.116032
0.017296
-0.225406
-0.265282
-0.006180
0.315914
-0.164344
-0.315660
-0.433430
-0.466988
-0.353731
-0.307843
-0.513168
-0.462311
-0.253349
-0.325153
-0.379980
-0.294327
-0.383261
-0.464164
-0.435620
-0.468848
-0.294051
-0.432240
-0.307914
-0.352248
-0.355167
-0.343492
-0.478617
-0.486338
-0.360023
-0.259248
-0.311375
-0.266136
-0.453017
-0.456758
0.048998
-0.458616
-0.488225
-0.372067
-0.427755
-0.369796
-0.444377
-0.401622
-0.317698
-0.281833
-0.501637
-0.423353
-0.425306
-0.234453
-0.067743
0.357371
-0.212145
-0.214439
0.242454
0.179404
0.087242
0.709171
0.979958
1.246629
0.851035
1.749020
0.799783
1.888381
0.748524
0.583305
1.808929
1.587767
0.948530
0.515127
1.352327
1.219964
0.470738
0.469247
0.896161
0.553822
1.044131
0.774753
0.223165
0.350460
0.252347
-0.099568
0.084238
0.472214
0.718078
0.506015
0.240972
0.025242
0.093779
0.346979
1.316340
1.332955
0.746045
1.309278
1.204868
0.439372
0.402615
0.168870
0.519583
0.410923
-0.026835
0.023684
0.178515
-0.217335
-0.144437
-0.102509
-0.276213
-0.261747
-0.241404
-0.224144
-0.199457
0.129998
-0.255119
-0.111751
0.119270
-0.165632
-0.155016
-0.107786
0.200369
-0.231474
-0.192441
-0.032624
0.131240
0.408523
-0.185048
-0.179151
-0.236538
-0.274908
-0.072929
-0.284022
-0.293457
-0.154021
-0.305755
-0.417693
-0.377240
-0.397602
-0.313631
-0.446547
-0.458884
-0.332894
-0.395945
-0.427080
-0.328504
-0.345333
-0.228513
-0.189009
-0.313220
-0.326227
-0.323485
-0.359284
-0.434451
-0.449126
-0.486711
-0.430699
-0.351141
-0.133074
-0.388161
-0.429203
-0.354996
-0.102015
-0.317141
-0.379828
-0.433583
-0.454644
-0.374530
-0.420089
-0.290553
-0.428363
-0.455488
-0.406254
-0.409414
-0.289907
-0.337775
-0.425189
-0.448288
-0.466102
-0.397333
-0.305713
-0.381817
-0.503383
-0.458005
-0.371948
-0.463673
-0.276350
-0.355560
-0.430469
-0.483534
-0.319236
-0.394105
-0.364017
-0.330522
-0.355400
-0.384563
-0.359248
-0.352560
-0.398733
-0.253117
-0.303021
-0.417886
-0.263246
-0.391181
0.013982
-0.395824
-0.335886
-0.357017
-0.193910
-0.179751
-0.219717
-0.348763
-0.169572
-0.177923
-0.204323
0.052513
-0.249016
0.170682
-0.345725
-0.302639
-0.388825
-0.374973
-0.188759
-0.394479
-0.414940
-0.286123
-0.336370
-0.326596
-0.281130
-0.323559
-0.442288
-0.467810
-0.403220
-0.460027
-0.495283
-0.395381
-0.386201
-0.384078
-0.250314
-0.346307
-0.400787
-0.407053
-0.501238
-0.405332
-0.406322
-0.231599
-0.418832
-0.303163
-0.420860
-0.380363
-0.395670
-0.434026
-0.400188
-0.290713
0.352336
-0.217771
-0.233959
-0.257130
-0.348848
-0.397411
-0.397336
-0.284562
-0.299540
-0.005092
-0.275394
-0.300080
-0.289058
-0.299854
-0.439794
-0.289918
-0.357848
-0.390558
-0.328755
-0.484381
-0.426548
-0.463578
-0.413544
-0.492859
-0.304904
-0.302586
-0.391603
-0.372447
-0.333065
0.203370
-0.342426
-0.427849
-0.392679
-0.436218
-0.369386
-0.162603
-0.426310
-0.250893
-0.372997
-0.346717
-0.462476
-0.444747
-0.400901
-0.304797
-0.361855
-0.387978
-0.442017
-0.380059
-0.367757
-0.401186
-0.435291
-0.238180
-0.336550
0.346512
-0.246783
-0.300116
-0.409688
-0.359629
-0.348029
-0.383525
-0.246507
-0.322438
-0.142603
-0.358662
-0.278960
-0.416273
-0.447692
-0.362883
-0.288156
-0.301808
-0.277553
-0.329400
-0.341323
-0.445008
-0.399408
-0.408833
-0.405423
-0.236588
-0.259244
-0.373112
-0.351629
-0.035855
-0.417128
-0.389201
-0.308128
-0.432126
-0.290912
-0.369161
-0.370738
-0.386846
-0.285800
-0.318776
-0.450998
-0.135601
-0.247802
-0.004986
-0.203834
-0.289125
-0.363201
-0.237393
-0.321297
-0.099087
-0.378600
-0.350803
-0.322850
-0.241186
-0.161982
-0.379060
-0.268978
-0.407430
-0.318985
-0.410965
-0.355086
-0.447289
-0.146661
-0.156594
-0.254735
-0.255892
-0.326252
-0.236791
-0.354724
-0.026283
0.193331
-0.172695
-0.077567
0.228836
0.087176
0.487421
0.530851
0.533209
0.960845
0.768831
-0.013046
0.245416
0.169110
0.244301
0.050448
0.175421
0.199210
0.009355
0.401306
0.132784
0.070924
-0.032158
-0.179871
0.467263
-0.038763
-0.071675
-0.026306
-0.094714
-0.011301
0.179074
-0.308276
0.189668
-0.067663
0.262945
-0.162482
0.198369
-0.151595
0.074684
-0.098713
-0.174009
-0.339592
-0.274085
-0.368317
-0.109400
-0.352706
-0.277184
-0.354737
-0.267180
-0.307480
-0.417863
-0.238827
-0.346215
-0.417829
-0.357868
-0.408811
-0.384400
-0.386875
-0.346378
-0.261403
-0.272773
-0.411833
-0.248649
-0.320171
-0.285793
-0.343309
-0.304326
-0.458122
-0.318702
-0.301943
1.665542
1.439458
0.374411
3.324471
1.769848
2.216620
1.341230
1.308882
1.358829
1.714533
1.518438
1.504682
1.417359
1.489815
1.046314
1.270904
1.606403
1.308527
2.144752
1.994384
1.777769
1.200076
0.585689
0.964868
0.570954
1.272292
0.570172
0.805238
0.833143
0.429085
0.533638
0.476773
0.579713
1.597773
0.860900
0.940226
0.825217
0.533678
1.121848
0.676465
0.549807
0.923494
1.319738
0.302539
0.265339
0.213042
0.120818
0.604355
0.447774
0.038464
-0.119672
0.032734
0.721862
-0.074092
-0.019897
0.527847
-0.065581
-0.182839
-0.059569
-0.119636
0.341171
-0.039733
0.427631
-0.078202
0.127682
0.187189
-0.078351
0.156186
0.578327
0.746814
0.208532
0.474995
-0.152950
-0.438135
-0.262682
-0.017681
-0.333344
0.022931
0.572827
1.060476
0.585470
0.241210
0.207729
0.429744
0.911837
0.047328
0.481878
-0.276424
-0.398048
-0.321518
-0.261555
-0.447577
-0.346441
-0.381821
-0.348752
-0.461961
-0.338843
-0.362764
-0.485794
-0.368861
-0.408221
-0.306413
-0.276952
-0.341769
-0.237039
-0.275244
-0.472157
-0.374586
-0.472809
-0.431646
-0.369324
-0.416535
-0.434418
-0.463585
-0.418871
-0.405702
-0.386015
-0.493612
-0.428464
-0.444552
-0.408683
-0.384873
-0.420066
-0.426320
-0.437360
-0.348495
-0.394507
-0.330923
-0.381702
-0.405756
-0.472749
-0.457843
-0.341495
-0.362787
-0.384562
-0.433090
-0.425750
-0.379209
-0.442402
-0.406315
-0.474360
-0.463207
-0.453140
-0.365569
-0.454751
-0.357110
-0.422759
-0.261469
-0.107258
-0.265827
-0.395251
-0.392462
-0.319652
0.084154
-0.388687
-0.443015
-0.413936
-0.456735
-0.083308
-0.352815
-0.341580
-0.388516
-0.101260
-0.380806
-0.273646
-0.324857
-0.353861
-0.378827
-0.343130
-0.124862
-0.367093
-0.122237
-0.075563
-0.108533
-0.101902
0.007275
-0.158459
-0.153877
0.143458
0.117912
-0.004436
-0.159863
-0.139873
-0.240394
-0.322795
-0.282971
-0.246947
-0.262761
-0.424654
-0.132977
-0.200373
-0.310689
-0.493366
-0.457927
-0.373302
-0.510013
-0.348780
-0.466643
-0.352602
-0.401296
-0.302219
-0.247802
-0.262686
-0.315293
-0.254220
-0.113125
-0.195188
-0.234124
-0.182992
-0.213070
-0.308123
-0.417908
-0.399305
-0.409570
-0.447246
-0.266276
-0.400680
-0.063372
-0.437509
-0.440128
-0.486504
-0.486056
-0.448880
0.145957
-0.351223
-0.344328
-0.362529
-0.289427
-0.381623
-0.394196
-0.348940
-0.439045
-0.462747
-0.361842
-0.490449
0.142492
-0.404604
-0.262300
-0.269647
-0.163646
-0.399710
-0.283584
-0.066174
-0.165351
-0.372369
-0.342626
-0.266997
-0.369197
-0.388714
-0.440172
-0.277367
-0.177440
-0.183970
0.092912
0.132717
-0.279623
-0.204932
0.093756
0.113407
-0.321800
-0.279933
-0.225875
-0.334596
-0.143543
-0.339745
-0.177555
-0.248737
-0.045017
0.110742
-0.250030
-0.274203
-0.223502
-0.095177
0.330535
0.180274
-0.240452
-0.089949
0.133187
-0.029599
-0.117271
0.055148
0.251011
0.147189
0.184258
0.266663
0.082073
-0.004963
-0.259818
-0.222795
-0.320406
-0.144072
-0.060997
0.437520
1.111831
0.811993
1.104318
1.252668
0.833438
1.300069
1.480318
0.880590
1.891758
1.585541
1.247156
0.709387
2.840250
1.370044
1.723399
2.753132
1.612947
2.387412
1.246327
1.413748
2.093795
0.956312
1.217686
0.171477
0.517059
1.052067
0.475170
0.283332
0.786308
0.009826
-0.150064
-0.032171
0.008977
0.035021
0.353270
0.163984
0.166924
0.019023
0.366073
0.260170
0.632069
-0.157439
1.028801
0.097281
0.038302
0.183123
0.151877
0.330350
-0.090029
0.062306
0.258184
0.239915
0.347081
-0.104781
-0.245117
-0.123300
-0.144424
-0.173367
-0.357619
0.651479
-0.105362
-0.074448
0.113130
-0.061920
-0.032505
0.114906
-0.272549
0.015738
-0.223733
-0.369661
-0.377570
-0.458893
-0.501432
-0.348595
-0.388796
-0.360942
-0.369544
-0.412929
-0.372588
-0.455734
-0.362006
-0.348288
-0.320019
-0.451570
-0.467616
-0.362224
-0.282747
-0.449470
-0.351309
-0.356547
-0.362937
-0.297237
-0.422384
-0.358508
-0.467118
-0.259315
-0.351861
-0.380032
-0.438959
-0.327713
-0.348912
-0.422045
-0.360250
-0.331118
-0.429067
-0.430190
-0.323462
-0.425548
-0.424864
-0.393008
-0.371605
-0.399393
-0.378494
-0.467988
-0.439297
-0.198625
-0.260534
-0.274124
-0.113906
-0.391094
-0.308007
-0.432036
-0.292249
-0.361738
-0.358355
-0.488989
-0.329627
-0.404010
-0.400264
-0.292445
-0.398332
-0.444601
-0.462441
-0.340341
-0.394886
-0.387051
-0.371854
-0.456149
-0.477473
-0.391557
-0.378891
-0.372162
-0.401621
-0.330967
-0.351694
-0.460879
-0.408459
-0.372064
-0.446370
-0.386776
-0.447947
-0.477482
-0.450182
-0.416669
-0.483846
-0.320224
-0.393768
-0.336143
-0.333453
-0.124758
-0.226707
0.205488
0.044702
-0.106891
0.337524
0.200473
0.251674
0.084105
0.090853
1.527809
0.539659
1.099032
0.769765
0.786281
0.274977
0.403044
0.114382
0.048012
0.083591
0.445748
0.019006
0.043770
-0.131606
-0.305754
-0.144511
0.025545
-0.243837
-0.262092
-0.400858
-0.446928
-0.274511
-0.427648
-0.480748
-0.371454
-0.405900
-0.360616
-0.406282
-0.366933
-0.459769
-0.471050
-0.456315
-0.487591
-0.415974
-0.511786
-0.493025
-0.306350
-0.363540
-0.419674
-0.377700
-0.272501
-0.343718
-0.435439
-0.245707
-0.140852
-0.409738
-0.272635
-0.430066
-0.257166
-0.038951
-0.431757
-0.350712
-0.421614
-0.299367
-0.262215
-0.452394
-0.419189
-0.415444
-0.314247
-0.383301
-0.363808
-0.524429
-0.314659
-0.036221
0.703273
0.182505
0.266593
0.197358
-0.015820
0.527614
0.297886
-0.234897
-0.220442
-0.278243
-0.248400
-0.141476
-0.372644
-0.161011
-0.324255
-0.302369
-0.155994
-0.158993
-0.274233
-0.425266
-0.487575
-0.459426
-0.316101
-0.402470
-0.477119
-0.444559
-0.331642
-0.379690
-0.407397
-0.335583
-0.472833
-0.476082
-0.378906
-0.380199
-0.424920
-0.410288
-0.387730
-0.458359
-0.455354
-0.427321
-0.433268
-0.406579
-0.457179
-0.320729
-0.341892
-0.383325
-0.492535
-0.418593
-0.437606
-0.462308
-0.424686
-0.367859
-0.375466
-0.342659
-0.454448
-0.415554
-0.249583
-0.236659
-0.258530
-0.136624
-0.343533
-0.416510
-0.431456
-0.257562
-0.316171
-0.295510
-0.358989
-0.390765
-0.305272
-0.170664
-0.170987
-0.327478
-0.403078
-0.412390
-0.382547
-0.347117
-0.472302
-0.369562
-0.406123
-0.206942
-0.409321
-0.346346
-0.495144
-0.415416
-0.455873
-0.288615
-0.408565
-0.426846
-0.223070
-0.342197
-0.318709
-0.208267
-0.216811
-0.204294
-0.202765
0.010064
-0.040918
0.239899
-0.008753
-0.083361
0.086278
0.042485
0.155245
-0.173435
-0.127933
-0.030947
-0.235438
-0.180505
-0.056150
-0.149112
0.155952
0.106744
0.225445
-0.399728
-0.357720
-0.353292
-0.228081
-0.165233
-0.266953
-0.162746
-0.062178
0.225799
0.486948
0.003745
0.067750
0.043972
0.119978
0.274827
-0.192415
-0.255767
0.062912
-0.237446
-0.226061
-0.078002
-0.043165
-0.029458
-0.106902
-0.402820
0.135078
-0.221682
-0.214100
-0.184832
-0.289096
0.125522
-0.302240
-0.065704
-0.250079
-0.089692
0.234436
-0.122094
-0.221619
-0.178953
-0.229757
-0.051010
0.195165
0.355496
0.008454
-0.025774
-0.233938
-0.269429
-0.165446
-0.333516
-0.392193
0.006614
-0.276275
-0.278155
-0.432232
-0.210501
-0.368834
-0.227794
-0.282476
-0.134710
-0.272712
-0.306860
-0.067457
-0.104647
-0.185151
-0.339882
-0.062418
-0.035736
-0.081734
0.022052
-0.203894
0.055729
-0.010714
-0.113750
-0.345995
-0.098163
0.079877
-0.044655
0.258015
0.316681
-0.300264
-0.290845
-0.028867
-0.328428
-0.180427
-0.300722
-0.073639
0.153424
-0.194344
-0.075105
-0.223485
-0.288136
-0.429861
-0.390150
-0.472540
-0.418283
-0.391641
-0.384681
-0.408358
-0.422677
-0.174052
-0.270526
-0.272789
-0.222060
-0.143331
-0.104764
0.142532
0.051094
0.036080
0.035673
0.031395
1.019353
0.874431
0.513575
1.171619
1.219458
0.614947
0.551380
0.413710
0.221068
0.264134
0.037544
-0.002911
0.262396
0.059601
0.211360
0.065635
-0.152706
-0.125957
-0.109114
-0.305799
-0.389416
-0.247440
-0.336237
-0.392019
-0.336728
-0.284807
-0.400551
-0.331398
-0.339093
-0.271311
-0.227257
-0.261016
-0.314267
-0.418378
-0.256322
-0.315573
-0.245965
-0.248006
-0.223533
-0.211713
-0.095454
-0.326309
-0.328273
-0.204162
-0.301819
-0.219633
-0.329098
-0.200636
-0.220302
-0.416433
-0.367803
-0.401448
-0.394686
-0.259033
-0.347308
-0.378907
-0.149023
-0.443721
-0.363630
-0.287874
-0.323146
-0.474196
-0.404982
-0.525216
-0.271650
-0.196530
0.168941
-0.405425
-0.366929
-0.308122
-0.403273
-0.299857
-0.340701
-0.439209
-0.404747
-0.447276
-0.271250
-0.441278
-0.360727
0.044761
-0.136816
-0.158132
-0.200392
-0.138826
-0.276495
-0.163600
0.014799
0.417733
0.027121
0.024782
0.220208
0.275564
0.107582
0.079905
-0.039650
0.427862
0.144917
0.438723
1.344865
0.246127
0.702053
0.358500
0.526560
0.327773
0.653155
0.462185
0.695223
0.538928
0.560886
0.458883
1.677329
0.333378
1.006507
0.071045
0.805912
0.729597
0.531918
0.007365
0.245760
0.154298
0.012185
0.508297
0.310653
0.005635
0.194413
0.320087
0.804171
0.591041
0.784613
0.489694
0.325783
0.131708
0.325579
0.211164
0.117808
0.515832
0.370949
0.070532
-0.002791
0.245107
-0.051414
0.078328
-0.091682
0.003061
-0.208740
-0.107375
-0.245219
-0.190370
-0.152232
-0.179969
-0.186011
-0.207009
-0.200936
-0.258066
-0.293879
-0.151331
0.032634
-0.082512
-0.108804
-0.302328
-0.164657
-0.279118
-0.312497
-0.330631
-0.245839
-0.228771
-0.339754
-0.348227
-0.397444
-0.353587
-0.384726
-0.437706
-0.393128
-0.397337
-0.319487
0.258922
2.044124
0.759726
0.647390
0.708212
0.585797
0.688476
1.266109
1.241282
1.880581
1.442041
0.783121
0.386312
0.999578
2.607971
3.442725
0.932096
1.120636
2.233077
2.465941
1.334754
1.169737
3.599818
4.960229
3.351950
0.893282
0.430943
-0.092155
0.240711
-0.310183
-0.211375
-0.138778
-0.227285
-0.072597
-0.110195
-0.125749
0.033878
-0.121251
-0.193764
-0.414227
-0.309891
-0.433551
-0.126790
-0.307263
-0.299362
-0.130864
-0.207929
-0.221723
-0.061042
-0.121582
-0.395930
-0.367265
0.026882
-0.437185
-0.272867
-0.430828
-0.251113
-0.331384
-0.383282
-0.314492
-0.213714
-0.335063
-0.364121
-0.493399
-0.457247
-0.416738
-0.386504
-0.510314
-0.423923
-0.400564
-0.236551
-0.320722
-0.355662
-0.457069
-0.434822
-0.456159
-0.436711
-0.241988
-0.378050
-0.420281
-0.416986
-0.424599
-0.444618
-0.358680
-0.415121
-0.332107
-0.283798
-0.284216
-0.459138
-0.424242
-0.396775
-0.468750
-0.402182
-0.454358
-0.298640
-0.213352
-0.167040
-0.386906
-0.301121
0.085277
-0.141503
-0.119929
-0.155224
-0.443833
-0.410885
-0.431464
-0.342747
-0.335225
-0.208163
-0.396884
-0.354006
-0.005317
-0.386559
-0.302182
-0.371333
-0.416995
-0.377435
-0.510166
-0.357190
-0.341240
-0.312588
0.010828
0.211640
0.180846
0.434920
0.335609
-0.069042
1.098964
0.703146
-0.148258
-0.341595
-0.430462
-0.259585
-0.307056
-0.240608
-0.425644
-0.424228
-0.415161
-0.333089
-0.427550
-0.240421
-0.348821
-0.315984
-0.431356
-0.353018
-0.222168
-0.320208
-0.418369
-0.366109
-0.338205
-0.181893
-0.206387
-0.037869
-0.341433
-0.199635
-0.336652
-0.301482
-0.190911
-0.293345
-0.361216
-0.363208
-0.350202
-0.335629
-0.142601
0.186188
0.584130
0.309341
0.198577
-0.095018
-0.085497
-0.265112
-0.183413
-0.020703
-0.359451
-0.302398
-0.287575
-0.184824
-0.277757
-0.421724
-0.160318
-0.369046
-0.338579
-0.396375
-0.287753
-0.410491
-0.333618
-0.195976
-0.253198
-0.400612
-0.350783
-0.269754
-0.149134
-0.217196
-0.311726
-0.396059
-0.392465
-0.348845
-0.400208
-0.395822
-0.478037
-0.458519
-0.407746
-0.330215
-0.412495
-0.413301
-0.492349
-0.298645
-0.340551
-0.386476
-0.471580
-0.476193
-0.462574
-0.365453
-0.435344
-0.480198
-0.398045
-0.351466
-0.483815
-0.328975
-0.305242
-0.457523
-0.500409
-0.523756
-0.458133
-0.425611
-0.469223
-0.498266
-0.440608
-0.508592
-0.429806
-0.410348
-0.431892
-0.460426
-0.250474
-0.471708
-0.377274
-0.431494
-0.452770
-0.369469
-0.504816
-0.403793
-0.528591
-0.502704
-0.370099
-0.272163
-0.364126
-0.431008
-0.434490
-0.348420
-0.382301
-0.394581
-0.373618
-0.384964
-0.498070
-0.283030
-0.279673
-0.049467
-0.299328
-0.215044
-0.249397
-0.258580
0.029370
-0.236465
-0.324963
-0.335095
-0.296333
-0.312644
-0.400218
-0.396782
-0.364046
-0.311170
-0.388379
-0.365360
-0.456918
-0.459360
-0.439985
-0.334029
-0.388967
-0.456674
-0.472545
-0.458337
-0.326321
-0.327506
-0.088767
-0.309450
-0.142744
-0.253557
-0.231047
-0.241918
-0.281781
-0.312255
0.219614
-0.335166
-0.346291
-0.285729
-0.455508
-0.374785
-0.209033
-0.362549
-0.312635
-0.442136
-0.449595
-0.540817
-0.320536
-0.368240
-0.514173
-0.479159
-0.470277
-0.438767
-0.467517
-0.436751
-0.447639
-0.482545
0.004159
-0.161501
-0.136788
-0.295959
-0.185954
-0.268927
-0.056518
-0.183283
-0.089071
-0.148400
-0.165298
-0.037160
0.217793
0.090957
-0.102715
0.126730
0.053596
0.188394
0.712650
-0.066216
0.048580
0.442928
0.003859
0.429894
0.113933
-0.132487
-0.191123
0.174115
-0.025748
-0.242860
-0.184816
-0.248266
-0.255678
-0.265713
-0.032224
0.067321
-0.116142
-0.346132
-0.199703
-0.255114
-0.241392
-0.262410
-0.435729
-0.418159
-0.428384
-0.475399
-0.270200
-0.096297
0.379406
-0.068681
-0.175483
-0.274894
0.376709
0.087019
0.005552
-0.130168
-0.359210
-0.362022
-0.388102
-0.311828
-0.476531
-0.435461
-0.216413
-0.236991
-0.006601
-0.071442
0.237990
-0.330843
-0.387098
-0.425728
-0.163159
-0.327918
-0.458005
-0.079951
0.788179
0.052297
0.412393
0.322193
0.978042
0.832369
0.348862
-0.117535
-0.137992
-0.038211
-0.306409
-0.364323
-0.173482
-0.126198
-0.125451
-0.239067
-0.033993
-0.188083
-0.255507
-0.271384
-0.088990
-0.426251
-0.441353
-0.339057
-0.435839
-0.373500
-0.381562
-0.342400
-0.193336
-0.283659
-0.234586
-0.271028
-0.091344
-0.403416
-0.395934
-0.349893
-0.368918
-0.377997
-0.236041
-0.340922
-0.115522
-0.195318
-0.376245
-0.148289
-0.184558
-0.321544
-0.095656
-0.359803
-0.386033
-0.445972
-0.364802
0.139972
-0.035693
-0.054588
-0.006196
-0.149047
-0.105398
-0.031564
-0.159690
-0.350473
-0.400250
-0.358767
-0.502549
-0.384866
-0.391978
-0.402796
-0.383231
-0.406863
-0.338977
-0.514329
-0.406356
-0.454768
-0.382787
-0.372354
-0.368700
-0.464577
-0.425390
-0.387917
-0.422303
-0.265524
-0.279561
-0.368484
-0.483147
-0.416868
-0.335284
-0.427584
-0.451407
-0.374270
-0.451341
-0.447947
-0.446429
-0.312472
-0.385823
-0.366900
-0.331593
-0.278677
-0.344713
-0.362390
-0.368880
-0.412032
-0.413333
-0.407388
-0.404869
-0.453805
-0.388877
-0.363528
-0.448855
-0.470422
-0.395789
-0.448826
-0.374297
-0.442993
-0.421577
-0.223126
-0.444813
-0.437499
-0.495838
-0.371874
-0.333025
-0.331266
-0.211470
-0.342540
-0.386523
-0.372303
-0.318761
-0.399366
-0.268888
-0.289910
-0.352126
-0.384992
-0.361006
-0.466337
-0.081318
-0.480580
-0.410203
-0.460325
-0.337924
-0.343517
-0.351824
-0.310429
0.395162
1.569448
4.725303
3.673507
4.453779
1.978776
1.670724
3.560508
3.860059
4.236955
3.862561
3.629775
3.219171
3.062479
3.298412
2.729082
4.521988
3.337501
6.272203
1.905826
2.056866
0.906873
1.248537
0.032768
0.468558
-0.139479
-0.129515
-0.086830
1.241999
0.120724
-0.126690
0.167788
0.091171
-0.057014
-0.170678
-0.074534
-0.260257
-0.204297
-0.304227
-0.440029
-0.322322
-0.463789
-0.359479
-0.107779
0.222758
-0.265164
-0.200073
-0.253467
-0.194119
-0.190663
-0.109335
-0.388156
-0.410948
-0.445342
-0.355752
-0.422586
-0.267784
-0.319996
-0.370641
-0.334744
-0.371285
-0.349813
-0.433348
-0.438136
-0.435091
-0.389627
-0.403360
-0.446333
-0.413455
-0.202456
-0.396818
-0.279466
-0.431358
-0.371404
-0.359358
-0.348768
-0.250500
-0.398664
-0.343863
-0.420495
-0.294617
-0.358705
-0.440694
-0.458547
-0.393409
-0.446342
-0.373125
-0.473473
-0.419704
-0.281030
-0.407174
-0.245405
-0.495708
-0.489590
-0.446613
-0.312150
1.524534
0.108718
-0.122012
-0.119350
-0.115659
-0.197216
-0.135939
-0.305446
-0.481508
-0.168307
-0.351550
-0.354039
-0.397839
-0.481613
-0.404599
-0.393343
-0.201442
-0.417328
-0.442157
-0.420986
-0.475600
-0.449932
-0.407454
-0.497412
-0.477562
-0.331460
-0.158986
-0.069695
-0.312202
-0.389421
-0.378507
0.234308
0.319224
-0.144915
-0.352185
-0.314963
-0.276052
-0.294113
-0.062616
-0.244978
-0.190250
-0.289877
-0.286227
-0.192092
-0.248136
-0.041657
-0.287735
-0.160235
-0.239872
-0.296681
-0.397842
-0.403154
-0.385507
-0.395013
-0.290769
-0.154711
-0.324223
-0.455313
-0.370749
-0.340332
-0.354277
-0.318409
-0.151146
-0.331500
-0.250770
-0.276903
-0.138475
-0.042158
-0.319371
-0.373240
0.281513
-0.337423
-0.305808
0.066105
-0.102192
-0.176242
-0.386872
-0.404351
-0.363967
-0.366428
-0.448019
-0.432913
-0.351867
-0.525065
-0.189595
-0.433389
-0.374864
-0.431069
-0.219423
-0.365407
-0.356418
-0.313326
-0.425119
-0.388615
-0.361294
-0.373437
-0.323899
-0.146723
-0.327362
-0.430570
-0.364046
-0.298083
-0.415553
-0.266722
-0.120622
-0.389341
-0.214277
-0.372164
-0.306986
0.209253
-0.245849
0.312615
1.002083
2.787874
2.635081
2.416689
3.442932
2.710301
2.326562
3.175279
2.608364
3.563727
5.418230
5.159756
4.022619
2.486864
6.023150
4.307247
5.689310
3.585092
4.861180
4.320225
8.237131
3.068328
10.266987
12.351503
5.774581
9.588836
15.304584
7.275444
11.602549
5.013276
5.359557
6.835943
9.851206
8.687428
8.243368
4.688404
9.606462
17.353416
15.547686
12.685362
12.055611
6.287837
6.931770
3.855364
1.871620
1.607723
2.836972
1.816558
2.848660
2.305057
4.799060
1.890375
4.155570
5.830125
7.122576
5.138968
4.348165
5.400119
4.820073
5.245009
6.334133
7.476562
8.009577
8.700608
7.453938
3.144177
7.090100
4.667906
2.033999
0.866078
1.755420
1.567555
1.480344
2.160520
2.498642
0.976654
1.105627
1.185944
0.107670
0.046232
-0.219761
-0.275366
-0.314530
-0.274135
-0.352969
-0.346923
-0.289116
-0.427719
-0.445720
-0.466034
-0.376091
-0.438940
-0.442634
-0.342325
-0.319226
-0.493267
-0.264792
-0.390139
-0.406413
-0.374969
-0.427885
-0.322369
-0.428804
-0.428489
-0.355000
-0.168209
-0.232495
-0.179734
-0.257172
-0.465264
-0.300861
-0.445003
-0.354086
-0.294639
-0.261336
-0.122144
0.042387
0.111132
0.667009
1.761358
0.629945
0.996776
0.724572
0.906992
2.367878
1.402463
2.518278
2.700578
2.630769
2.283398
1.839897
1.166825
1.540973
2.086031
1.857185
1.277728
0.665037
0.857429
1.051842
0.650693
0.488003
0.308047
0.253595
0.453645
0.472283
0.290440
0.147530
-0.007240
0.363986
-0.169980
-0.212451
-0.192408
-0.308911
-0.152797
-0.178223
-0.258736
-0.019062
-0.247094
-0.297284
-0.334734
-0.390570
-0.143425
-0.358739
-0.240235
-0.183114
-0.163401
0.033308
-0.104812
-0.099341
-0.214483
-0.276057
-0.035745
-0.262980
-0.335977
-0.209944
-0.154599
-0.288691
0.278448
-0.340547
-0.340102
-0.401369
-0.288121
-0.358045
-0.395301
-0.348830
-0.401364
-0.451041
-0.256486
-0.423572
-0.270572
-0.323958
-0.297586
-0.119907
-0.353215
-0.185017
-0.196735
-0.371715
-0.262551
-0.249543
1.619685
2.149994
4.241422
4.668280
5.507557
3.862170
4.572187
4.753972
3.838699
4.949925
5.686578
5.328384
3.695323
4.847840
5.180544
7.733604
4.615763
4.918499
9.166351
6.389167
5.843545
10.069068
6.686672
5.367933
2.747290
6.302725
5.707512
6.189220
7.358121
5.475185
5.447952
7.519116
4.770217
6.477763
3.599111
3.887230
2.745424
4.282556
4.693899
2.607660
2.854380
5.018383
3.539592
4.285936
3.920746
3.416324
4.353268
6.544123
2.998933
3.105869
1.206170
0.974988
0.539880
1.728923
0.614065
2.876456
5.576944
6.700418
10.437758
7.989275
4.695743
7.607098
4.117731
7.226929
9.926476
6.680218
-0.359043
-0.352863
-0.419517
-0.474599
-0.324134
-0.190418
0.140184
-0.319272
-0.305959
-0.398709
-0.418357
-0.426829
-0.388835
-0.456428
-0.411980
-0.398297
-0.399827
-0.399406
-0.411360
-0.364582
-0.452330
-0.370993
-0.362977
-0.338988
-0.168164
-0.394415
-0.435063
-0.342195
-0.425342
-0.452421
-0.135213
-0.183772
0.947075
0.102489
0.983544
-0.043445
0.103104
0.058073
-0.257081
-0.052563
-0.072041
-0.183472
0.127290
0.445773
0.023613
0.069272
-0.156166
0.098154
-0.292703
0.253968
0.555875
-0.344930
-0.334167
-0.337370
-0.370149
-0.467070
-0.403619
-0.347014
-0.158372
-0.295961
-0.273497
-0.283511
-0.359638
-0.382323
-0.081816
-0.450954
-0.451415
-0.340128
-0.338974
-0.497870
-0.282552
-0.228388
-0.453707
-0.467882
-0.400058
-0.330266
-0.376795
-0.335823
-0.393979
-0.445644
-0.434846
-0.475531
-0.477587
-0.362129
-0.217177
-0.174733
-0.292035
-0.028227
-0.374296
-0.411676
-0.419881
-0.396547
-0.462877
-0.393999
-0.117762
-0.279456
-0.191970
-0.197286
-0.324302
-0.213422
-0.008856
-0.331400
-0.260778
-0.337193
-0.376413
-0.465652
-0.422235
-0.361424
-0.390428
-0.431431
-0.401044
-0.381115
-0.424786
-0.363812
-0.295408
-0.462374
-0.377830
-0.412526
-0.444549
-0.453880
-0.323217
-0.406772
-0.415036
-0.411240
-0.296954
-0.107316
-0.447073
-0.366245
-0.349840
-0.403227
-0.355039
-0.273393
0.635891
0.925777
4.826042
2.668228
3.152440
1.578888
1.593241
3.134405
7.055698
5.356226
1.960735
1.448879
2.367672
1.252898
2.314345
0.899830
3.357529
2.534788
2.117957
0.546740
1.693039
0.735548
0.199455
1.063134
1.954080
0.552051
1.480680
1.487576
0.521928
0.378431
0.434162
0.364536
0.285102
0.482980
0.289918
0.207863
0.109867
-0.056292
-0.337758
-0.267069
-0.193161
-0.063662
-0.247788
-0.133480
-0.171601
-0.243951
-0.032822
-0.211439
-0.099313
-0.335236
-0.202922
-0.215219
-0.235352
-0.002360
-0.349339
-0.337067
-0.341508
-0.203863
-0.116351
-0.293479
-0.079197
-0.439014
-0.313753
-0.443078
-0.395018
-0.012332
-0.284685
-0.152228
-0.364834
-0.318193
-0.395933
-0.195524
-0.135517
-0.366038
-0.284025
-0.366433
-0.394417
-0.412746
-0.405325
-0.363461
-0.417748
-0.321806
-0.384658
-0.353251
-0.421986
-0.418647
-0.442918
-0.360777
-0.416831
-0.304882
-0.308076
-0.349375
-0.440870
-0.375494
-0.437508
-0.383915
-0.313686
-0.353699
-0.370334
-0.480715
-0.060158
-0.454497
-0.359406
-0.442878
-0.324773
-0.426097
-0.427265
-0.369319
-0.387858
-0.195670
-0.317790
-0.061699
0.305969
1.070997
0.477072
0.627234
1.888037
1.031631
1.018944
0.691334
1.212449
1.272173
3.323488
3.161691
2.371484
2.318825
2.067241
1.172073
1.070390
1.677126
0.887673
1.023641
1.201953
0.542334
0.461192
1.023673
0.133047
0.319707
0.347065
0.393527
0.138385
-0.148343
0.329435
0.503313
0.271345
-0.126024
-0.014502
-0.013498
-0.173164
-0.101948
0.284453
-0.073513
-0.062271
-0.284316
-0.039629
-0.264165
0.101777
-0.219032
-0.136751
-0.106952
-0.298472
-0.266158
-0.264642
-0.168342
-0.183892
-0.373404
-0.351812
-0.434669
-0.320615
-0.256232
-0.190788
-0.356569
-0.419055
-0.241489
-0.278543
-0.129170
-0.253994
-0.414098
-0.204969
-0.126619
0.943696
1.520299
1.774942
0.500507
3.510457
1.869071
1.215475
2.345713
0.985248
0.625396
0.555441
1.829294
1.123555
1.782678
0.233129
2.979471
2.720057
1.400303
1.634487
0.207738
0.446666
0.385877
0.441231
-0.030537
0.473529
0.366726
1.710089
1.504112
0.896574
0.172757
0.878416
0.467581
1.151783
0.949566
1.038437
1.223588
0.241878
-0.222359
-0.302530
-0.302395
-0.347196
-0.154340
-0.243211
-0.285786
-0.236736
-0.114907
-0.146800
-0.156573
-0.278813
-0.275154
-0.152584
-0.294078
-0.283604
-0.346677
-0.318606
-0.137279
-0.166998
-0.119915
-0.058044
-0.189703
-0.116186
-0.232885
-0.274977
-0.290758
-0.343838
-0.137529
-0.293882
-0.225706
-0.311700
-0.305571
-0.347575
-0.325255
-0.405738
-0.328131
-0.290351
-0.448312
-0.351389
-0.443850
-0.402856
-0.319958
-0.281334
-0.003489
-0.349102
-0.295414
-0.277430
-0.358073
-0.307959
-0.364417
-0.379497
-0.414334
-0.384830
-0.269082
-0.411297
-0.272618
-0.155746
-0.371576
-0.355164
-0.365794
-0.294083
-0.127917
-0.358344
-0.282571
-0.275350
-0.301839
-0.251893
-0.297603
-0.395862
-0.126697
-0.216547
-0.043399
-0.259327
-0.194525
-0.413212
-0.408284
-0.438745
-0.472679
-0.377995
-0.468670
-0.328352
-0.366486
-0.296017
-0.185255
-0.102755
-0.295486
-0.190683
-0.269024
-0.202839
-0.155118
-0.249939
-0.205622
-0.314630
-0.351924
-0.329999
-0.153974
-0.272330
0.274072
-0.279755
-0.059227
-0.243419
0.034954
-0.212113
-0.233278
0.221846
0.570995
0.639784
0.281602
0.149512
0.496705
0.333533
0.475084
0.941234
0.785156
0.805338
1.188473
0.765408
0.520082
0.995792
0.076837
0.836442
0.769351
0.309911
0.065642
0.182603
-0.129308
-0.018762
-0.018641
0.113187
0.006441
-0.228563
0.079643
-0.228273
0.452646
-0.135072
-0.237574
-0.160968
-0.024964
-0.143423
0.132650
-0.061269
-0.242020
-0.125775
-0.009996
-0.254644
-0.291110
-0.156833
-0.342308
-0.321800
-0.352529
-0.233255
-0.428947
-0.482067
-0.374867
-0.471023
-0.300385
-0.374674
-0.424950
-0.431023
-0.437911
-0.320256
-0.438865
-0.280743
-0.444320
-0.367196
-0.375889
-0.403193
-0.351264
-0.391004
-0.368032
-0.376258
-0.382863
-0.470940
-0.476406
-0.320932
-0.441261
-0.399282
-0.299744
-0.359863
-0.468617
-0.400007
-0.432538
-0.465663
-0.441875
-0.428097
-0.333123
-0.229171
-0.308695
-0.410363
-0.434238
-0.478883
-0.450900
-0.399886
-0.448535
-0.350865
-0.448007
-0.445637
-0.477409
-0.426332
-0.395904
-0.334804
-0.291645
-0.190159
-0.206659
-0.406314
-0.426084
-0.433723
-0.428388
-0.383736
-0.366497
-0.447625
-0.311032
-0.339732
-0.191965
-0.299840
-0.246423
-0.412926
-0.222393
0.185119
-0.212642
-0.362399
-0.424042
-0.313724
-0.394789
-0.416184
-0.364862
-0.306704
-0.248399
-0.330595
-0.235186
-0.302382
-0.326081
-0.154945
-0.246444
-0.166886
-0.314216
-0.305269
-0.352794
-0.196291
-0.343980
-0.356548
-0.194595
-0.140250
-0.287191
0.007604
1.630810
0.687606
3.343016
2.461790
0.589604
2.292560
0.562950
1.519583
1.144641
2.019662
0.919579
0.886716
1.535731
1.751617
1.213533
0.925759
2.583841
0.288565
0.331377
0.454879
0.029476
0.115376
0.073201
-0.126466
-0.129161
-0.214654
-0.223779
-0.132689
-0.111017
-0.232638
-0.340882
-0.136955
-0.181541
-0.092211
0.134222
-0.082952
0.249186
-0.161642
-0.097248
-0.023600
-0.137324
0.016387
-0.220526
-0.347964
-0.267617
-0.368031
-0.194505
-0.219638
-0.280491
-0.222986
-0.326863
-0.220130
-0.178255
-0.389716
-0.289304
-0.346582
-0.290518
-0.269863
-0.321428
-0.317928
-0.028470
-0.330931
0.211584
-0.112189
-0.256766
-0.003666
-0.297261
-0.324654
-0.300309
-0.382561
-0.294593
-0.113131
-0.108002
-0.193629
-0.268357
-0.144410
-0.201403
-0.126018
-0.097516
-0.017891
-0.099061
-0.185958
-0.272378
-0.219667
-0.096760
0.020513
-0.005164
-0.244107
0.165649
-0.114560
-0.113712
-0.066940
-0.220692
-0.166658
-0.218295
-0.346519
-0.391408
-0.028514
0.440169
0.035473
-0.259069
-0.244463
-0.303624
-0.318784
-0.273679
-0.128174
-0.406619
-0.392833
-0.354389
-0.456553
-0.372771
-0.367684
-0.072714
0.041416
0.629957
0.877658
0.789958
1.835892
2.777055
2.435022
3.438543
2.306382
1.913177
2.140587
4.935079
4.237513
2.976872
2.705974
5.404765
1.917932
2.253677
1.670326
2.993298
1.907741
2.521042
0.594058
0.157422
0.247719
-0.104814
0.030260
0.262862
0.258544
0.206456
-0.048250
-0.033824
0.177618
0.766041
-0.004883
-0.233314
-0.198690
-0.263968
-0.206447
0.138078
-0.066012
-0.181683
0.000333
0.022977
0.240298
0.234167
-0.099098
-0.244562
-0.014918
-0.162493
-0.190408
-0.041943
0.047051
-0.101680
-0.120803
-0.036576
-0.195748
-0.072153
-0.165000
0.040076
0.028803
-0.241554
-0.393284
-0.338631
-0.339481
-0.287784
-0.172276
-0.392273
-0.400357
-0.326095
0.089812
0.092433
-0.147802
-0.234876
-0.344792
-0.193172
-0.355009
-0.314377
-0.270529
-0.324600
-0.223287
-0.212851
-0.237651
-0.307283
-0.413125
-0.304549
-0.353007
-0.413602
-0.439877
-0.385137
-0.375673
-0.183481
-0.417573
-0.237400
-0.433014
-0.153104
-0.301828
-0.422231
-0.371691
-0.220972
-0.427454
-0.332750
-0.356394
-0.454566
-0.306742
-0.173250
-0.082744
-0.352792
-0.058517
-0.232976
-0.305028
-0.390718
-0.439130
-0.268591
-0.309502
-0.404073
-0.332626
-0.245377
-0.193727
-0.304355
-0.423237
-0.369608
-0.382302
-0.364782
-0.414888
-0.387710
-0.447354
-0.254765
-0.459628
-0.389270
-0.386071
-0.375078
-0.272545
3.766364
10.342546
4.135702
3.284604
5.147871
11.470176
3.378241
2.193224
11.487351
1.329581
13.289985
2.368852
2.385298
8.870461
2.184585
4.945081
4.922073
2.627873
7.953740
3.686318
1.160362
0.834958
3.600724
2.063047
0.655849
0.967943
0.856839
0.565951
1.636672
1.201449
1.095637
0.803774
0.274862
0.009279
-0.129893
0.043072
-0.067777
-0.033085
0.023817
-0.247506
-0.225166
-0.188124
-0.146643
-0.271151
-0.044031
-0.296710
0.006199
0.730317
0.476085
0.996381
0.348725
0.406568
0.903283
1.007530
0.479134
0.399691
0.606435
1.055472
0.839255
1.345845
0.611401
0.724806
0.358147
0.686367
1.473725
0.090241
0.437912
-0.129870
1.682932
0.334983
0.966328
0.006875
-0.123557
-0.127895
-0.017405
-0.264857
0.070427
-0.127517
0.101712
-0.056363
-0.206780
0.127607
-0.025434
-0.265729
-0.274528
-0.357559
-0.177438
-0.299789
-0.385448
-0.188880
-0.394865
-0.175914
-0.205817
-0.381446
-0.377056
-0.290048
-0.335509
-0.291221
-0.304609
-0.189854
-0.322707
-0.365147
-0.317598
-0.255599
-0.357407
0.015830
-0.388817
-0.302963
-0.396776
-0.370120
-0.422409
-0.418082
-0.377166
-0.347095
-0.376302
-0.368861
-0.461112
-0.295243
-0.384319
-0.422176
-0.343706
-0.339386
-0.398987
-0.365188
-0.336320
-0.381046
-0.363387
-0.324660
-0.333943
-0.230320
-0.257400
-0.167929
-0.369356
-0.414419
-0.251058
-0.306300
-0.367660
-0.148217
-0.293417
-0.044238
-0.423818
-0.232334
-0.369052
-0.427385
-0.459902
-0.210781
-0.348659
-0.398217
-0.515762
-0.366915
-0.213623
0.049064
-0.163340
-0.104516
-0.023452
0.123495
0.269683
0.772349
0.623256
-0.013841
0.221737
0.387502
1.270408
0.041706
0.466869
0.434152
0.379963
1.510310
0.367108
0.137484
0.214198
0.030542
0.112185
0.149889
-0.012943
-0.084640
0.242886
0.060291
-0.011969
0.737275
-0.144186
-0.098393
0.022403
0.348066
0.559959
0.038822
0.039746
0.187291
-0.159839
-0.230314
-0.208117
-0.266436
-0.048556
-0.292475
-0.258863
-0.295756
-0.299625
-0.230190
-0.343047
-0.407040
-0.444230
-0.381723
-0.188268
-0.295853
-0.283631
-0.314839
-0.363185
-0.053946
-0.317265
-0.234910
-0.322474
-0.437144
-0.350917
-0.409156
-0.402612
-0.415479
-0.426296
-0.162524
-0.245494
-0.200951
-0.283177
-0.388433
-0.358089
-0.236387
-0.355623
-0.328049
-0.329507
-0.374808
-0.397276
-0.392312
-0.424471
-0.426624
0.147329
-0.387238
-0.176882
-0.368181
-0.278403
-0.444353
-0.423364
-0.367177
-0.445544
-0.420833
-0.320989
-0.213725
-0.397615
-0.046879
-0.410002
-0.371718
-0.394173
-0.343277
-0.326162
-0.353290
-0.253190
-0.396014
-0.453149
-0.395080
-0.465538
-0.287711
-0.396438
-0.409762
-0.317117
-0.386096
-0.441601
-0.340299
-0.304499
-0.439058
-0.326033
-0.444200
-0.123556
-0.326259
-0.295813
-0.220458
-0.201063
-0.304722
-0.416670
-0.232784
-0.402439
-0.254956
-0.281862
-0.413489
-0.465977
-0.494799
-0.483760
-0.487384
-0.373100
-0.366562
0.277025
0.155918
0.075723
0.161747
0.885433
0.600794
0.339301
0.292589
1.460022
1.036051
0.598157
0.530652
1.211166
0.932523
0.654420
0.089304
0.473132
0.923720
0.966538
2.589114
1.092112
0.155744
0.722036
-0.076989
0.228959
0.038922
0.364118
0.106118
-0.086214
-0.186807
-0.016999
-0.170988
-0.228240
-0.430873
-0.379323
-0.455799
-0.315835
-0.317823
-0.236978
-0.353352
-0.208141
-0.294408
-0.334286
-0.308462
-0.391132
-0.346726
-0.265808
-0.345983
-0.347277
-0.333380
-0.225224
-0.252718
-0.310119
-0.149632
-0.395206
-0.392809
-0.404221
-0.431313
-0.467285
-0.415784
-0.404670
-0.488215
-0.460730
-0.440260
-0.420999
-0.477229
-0.312866
-0.332204
-0.409960
-0.264428
-0.381168
-0.356044
0.247634
-0.330769
-0.315076
-0.326838
-0.426315
-0.379729
-0.229841
-0.281678
0.137210
-0.301795
-0.327774
-0.380527
-0.382087
-0.330518
-0.217305
-0.459891
-0.202190
-0.291013
-0.054769
0.005546
-0.290045
-0.247645
-0.073581
0.623808
0.993568
2.313098
2.664465
2.868835
2.312598
3.394820
2.075012
2.843248
2.701514
3.478654
1.987587
2.549737
2.334377
3.021957
3.720339
2.465009
1.754268
5.239175
3.018849
1.596951
1.281605
1.885336
1.121833
1.815052
0.544655
0.584344
0.023930
0.325116
0.030936
0.213485
-0.169939
0.160687
-0.063352
0.217186
-0.170498
-0.291794
-0.221208
-0.121497
-0.216355
-0.109741
-0.306021
-0.389974
-0.318151
-0.231043
-0.361668
-0.370020
-0.269825
-0.280074
-0.108240
-0.317913
0.131618
0.099493
0.485566
0.808943
1.921934
2.026960
2.231331
2.787182
3.710495
1.500722
3.306959
5.303341
3.687453
4.436243
3.738630
3.182950
2.408312
3.279958
1.766133
2.114622
0.906675
1.983964
1.691903
3.949151
3.158423
2.267175
2.132359
0.909582
0.851028
-0.293489
-0.422259
-0.327319
-0.361622
-0.362039
-0.249965
-0.227157
-0.402057
-0.262106
-0.256977
-0.177525
-0.340054
-0.319365
-0.267853
0.020446
-0.347890
-0.404148
-0.275855
-0.178327
-0.266451
-0.330612
-0.238501
-0.239202
-0.257448
-0.340158
-0.332038
-0.257003
-0.288467
-0.096215
-0.340439
-0.436708
-0.305514
-0.402444
-0.415261
-0.338366
-0.358649
-0.372582
-0.100681
-0.375152
-0.334970
-0.438202
-0.421624
-0.334341
-0.342823
-0.462470
-0.305742
-0.443499
-0.299670
-0.361469
-0.461778
-0.438755
-0.176822
-0.389742
-0.330854
-0.390931
-0.415768
-0.377156
-0.497650
-0.490610
-0.511168
-0.451098
-0.424588
-0.358581
-0.389260
-0.385809
-0.305110
-0.355988
-0.316363
-0.299045
-0.300117
-0.370424
-0.292085
-0.351667
-0.322448
-0.191434
-0.126499
-0.368018
-0.290478
-0.320416
-0.248938
-0.395157
-0.349163
-0.314712
-0.340697
-0.356914
-0.381206
-0.351267
-0.410385
-0.394864
-0.380907
-0.331965
-0.379361
-0.267549
-0.443549
-0.465545
-0.450340
-0.373384
-0.383735
-0.316617
-0.146017
0.126543
-0.252315
-0.194742
-0.004919
-0.262057
-0.202573
-0.318902
-0.284725
-0.411868
-0.419508
-0.458635
-0.405378
-0.328848
-0.384367
-0.228358
-0.350605
-0.143405
-0.316282
-0.344146
-0.313579
-0.359211
-0.406958
-0.296802
-0.307223
-0.349074
-0.230057
-0.272835
-0.350137
-0.431077
-0.362457
-0.471427
-0.402157
-0.385438
-0.182249
-0.418096
-0.372011
-0.426899
-0.445534
-0.285794
-0.413693
-0.466069
-0.440961
-0.455957
-0.349167
-0.356375
-0.246464
-0.355625
-0.373052
-0.337757
-0.371081
-0.378197
-0.455269
-0.343388
-0.356271
-0.393978
-0.278413
-0.311841
-0.349591
-0.409890
-0.396798
0.013428
-0.267881
-0.377001
-0.349996
-0.373825
-0.338119
-0.335854
-0.377679
-0.396196
1.990789
0.987964
1.998171
4.536595
1.934981
3.622217
1.476504
3.081696
1.883280
6.093967
4.248079
4.879964
2.363496
1.350117
2.066707
2.380839
1.761571
2.056269
2.523013
2.025644
1.345895
-0.061789
0.285938
0.087995
-0.044553
-0.033842
-0.055508
0.009472
-0.111277
-0.024371
-0.125199
-0.279586
-0.028818
1.400970
-0.326765
-0.374157
-0.324639
-0.211219
-0.162760
-0.222104
-0.121766
-0.249060
-0.300133
-0.364877
-0.237013
-0.338145
-0.446496
-0.374372
-0.384505
-0.248457
-0.276695
-0.228024
-0.294636
-0.292929
-0.199500
-0.177005
-0.196564
-0.080891
-0.326569
-0.346788
-0.471179
-0.365611
-0.379257
-0.301424
-0.030924
-0.155257
0.092800
-0.162654
-0.181162
-0.120840
-0.095280
-0.302909
-0.476785
-0.385161
-0.486659
-0.492741
-0.442185
-0.413307
-0.435219
0.097409
-0.046076
0.101715
-0.234260
-0.372266
-0.259314
-0.445910
-0.419761
-0.421094
-0.389162
-0.484478
-0.357874
-0.384744
-0.190701
-0.179320
-0.276802
-0.408758
-0.334354
-0.292270
-0.343559
0.117375
-0.226519
-0.380162
-0.390958
-0.403185
-0.271938
-0.247873
-0.097347
-0.221107
-0.311364
-0.325146
-0.297994
-0.274297
-0.201390
-0.203602
-0.284437
-0.192776
-0.197273
-0.218952
-0.444015
-0.328120
-0.335239
-0.416208
-0.366617
-0.304629
-0.426342
-0.403791
-0.272831
-0.242126
-0.434095
-0.468508
-0.502098
-0.443902
-0.364051
-0.338617
-0.348900
-0.394270
-0.342235
-0.401123
-0.341347
-0.334182
-0.437714
-0.290553
-0.412360
-0.426674
-0.420416
-0.374231
-0.335108
-0.330473
-0.326860
-0.286483
-0.335096
0.080971
0.183355
-0.005722
-0.253874
0.211495
-0.174911
-0.051696
0.168030
0.190038
0.221619
0.426113
-0.085212
-0.323596
-0.318287
-0.116088
-0.349757
-0.342007
-0.237033
-0.306346
-0.301152
-0.028715
-0.148578
-0.206086
-0.258428
-0.212904
-0.169263
0.123454
-0.438854
-0.404843
-0.088724
1.152459
0.634267
0.446972
1.050818
1.160615
0.883441
0.687249
0.322827
0.569004
0.390578
0.897047
0.712458
2.925714
1.863004
0.641495
2.238115
0.606776
1.097590
0.646133
-0.210739
-0.224784
-0.343997
-0.337674
-0.408443
-0.432052
-0.394569
-0.452816
-0.336038
-0.382381
-0.390705
-0.426563
-0.258133
-0.220575
-0.316240
-0.278231
-0.447792
-0.377544
-0.476518
-0.312144
-0.424515
-0.281062
-0.448175
-0.376484
-0.291167
-0.276251
-0.260126
-0.381529
-0.433843
-0.404060
-0.325009
-0.482196
-0.339889
-0.498303
-0.130422
-0.345989
-0.312494
-0.268357
-0.310369
0.287756
0.609041
2.044310
2.993594
2.849666
1.609952
2.035055
2.232946
2.049657
2.806516
2.164786
2.670795
1.992471
0.776143
1.543446
1.436811
1.288378
1.303231
1.999380
3.064488
1.353479
0.695648
0.212984
0.053072
0.165085
0.110292
-0.073338
-0.231919
-0.366445
-0.192232
-0.270181
-0.347867
-0.434939
-0.277591
-0.491700
-0.383262
-0.349756
-0.267622
-0.431096
-0.296572
-0.343007
-0.117750
-0.228450
-0.350952
-0.376083
-0.361389
-0.305123
-0.353486
-0.096029
-0.338499
-0.407315
-0.416431
-0.280065
-0.276497
-0.316547
-0.235279
-0.367633
-0.134726
-0.371798
-0.305494
-0.453365
-0.423480
-0.333149
-0.169442
-0.047193
-0.270128
-0.367756
-0.279277
0.087172
-0.329175
-0.209674
-0.229217
-0.097882
-0.339808
-0.335080
-0.058989
-0.215309
-0.095219
-0.091623
0.371812
0.206759
0.096557
-0.143914
-0.229485
-0.289670
-0.021326
-0.346156
-0.106450
-0.319398
-0.355468
-0.371642
-0.412510
-0.247614
-0.420270
-0.272889
-0.340670
-0.133835
-0.444434
-0.396093
-0.236223
-0.363980
-0.470580
-0.270492
-0.288774
-0.104373
-0.037417
-0.161224
-0.219714
-0.367912
-0.362242
-0.340728
-0.384459
-0.305866
-0.456240
-0.018535
0.073279
0.193588
0.792501
0.084191
-0.119254
0.407531
1.161419
0.473854
0.752449
1.387876
0.420736
1.013868
1.008423
1.445390
0.225041
0.407440
0.961237
0.618612
0.951763
1.140301
0.907256
1.736929
1.080902
0.579011
0.558963
0.255317
0.184848
0.121054
0.218127
0.049871
-0.274662
-0.256261
-0.251970
-0.403895
-0.368043
-0.417562
-0.415966
0.243273
-0.228403
-0.345764
-0.382505
-0.140951
-0.235889
-0.371198
-0.374986
-0.346187
-0.452132
-0.489777
-0.460860
-0.382262
-0.385129
-0.405957
-0.402557
-0.329552
-0.440769
-0.396626
-0.441532
-0.157258
-0.400777
-0.322739
-0.343959
-0.306637
-0.452448
-0.296040
-0.103340
-0.087668
-0.198922
-0.198394
-0.307430
-0.278226
0.061733
0.521095
-0.205986
-0.426415
-0.407253
-0.392811
-0.435273
-0.479461
-0.430906
-0.400833
-0.312726
-0.361026
-0.448758
-0.412934
-0.485426
-0.426718
-0.385938
-0.436692
-0.445355
-0.486207
-0.487625
-0.343138
-0.380102
-0.380592
-0.133674
-0.402233
-0.102182
-0.286147
-0.387631
-0.417334
-0.362224
-0.227118
-0.342336
-0.441201
-0.397341
-0.422811
-0.256298
-0.212358
-0.198377
-0.399832
-0.354812
-0.337289
-0.456971
-0.448794
-0.412683
-0.448616
-0.428910
-0.464778
-0.429125
-0.246219
-0.345650
-0.097158
-0.176946
-0.161999
-0.357968
0.091888
-0.414461
-0.370716
-0.376204
-0.351992
-0.360643
-0.393843
-0.342810
-0.374912
-0.141665
-0.425475
-0.302854
-0.333214
-0.221568
-0.183951
-0.403417
-0.328418
-0.298040
-0.373288
-0.399232
-0.419542
-0.441847
-0.298463
-0.368412
-0.263895
-0.385762
-0.378644
-0.363181
-0.465015
-0.450408
-0.320504
-0.311442
-0.301923
-0.297118
-0.179183
-0.425263
-0.394142
-0.435744
-0.487891
-0.311595
-0.387593
-0.385850
-0.430290
-0.448195
-0.327376
-0.266481
-0.125898
-0.393674
-0.364770
-0.402537
-0.322186
-0.384345
-0.468986
-0.503077
-0.523463
-0.468269
-0.452775
-0.397565
-0.460723
-0.398203
-0.227727
-0.319036
-0.164800
-0.343133
-0.223135
0.447590
0.244087
0.602264
1.446046
0.560043
0.398274
0.931613
0.462297
1.252289
0.423035
1.045638
0.426648
0.816482
0.599815
0.398384
1.171203
0.657539
0.535377
0.796724
0.450756
0.079604
0.266759
0.090041
0.104787
0.045314
-0.117495
-0.138516
-0.107590
-0.079310
-0.088571
-0.203067
-0.200034
-0.168590
-0.234215
-0.186889
-0.338643
-0.333866
-0.125858
-0.337884
-0.248764
-0.256512
-0.431065
-0.486873
-0.351259
-0.341779
-0.472440
-0.312149
-0.415761
-0.397402
-0.228685
-0.342009
-0.270687
-0.204831
-0.291662
-0.186487
-0.246795
-0.172376
-0.345079
-0.215874
-0.248074
-0.152472
-0.312401
-0.078548
-0.171947
-0.001543
-0.179540
-0.165239
-0.173222
-0.060473
-0.372067
-0.320820
-0.388118
-0.231769
-0.346456
-0.411290
-0.264101
-0.235206
-0.313490
-0.462242
-0.396372
-0.324102
-0.410844
-0.381653
-0.446778
-0.407623
-0.302685
-0.177522
-0.287176
-0.266082
-0.136975
-0.271209
-0.179356
-0.291170
-0.270781
-0.392264
-0.335171
-0.397617
-0.295748
-0.300314
-0.296138
-0.272315
-0.303287
-0.193700
-0.325598
-0.311771
-0.216885
-0.360319
-0.246774
-0.387862
-0.460539
-0.377627
-0.189966
-0.445799
-0.351806
-0.387393
-0.431462
-0.419362
-0.302511
-0.461081
-0.299484
-0.439161
-0.391128
-0.390604
-0.323060
-0.419190
-0.341960
-0.472763
-0.423904
-0.388268
-0.300474
-0.434737
-0.380765
-0.441129
-0.364568
-0.377908
-0.203737
-0.142581
-0.358084
-0.303019
-0.358854
-0.175826
-0.428894
-0.216501
-0.371692
-0.352494
-0.396039
-0.308866
-0.217767
-0.322662
-0.322865
-0.332525
-0.410335
-0.380017
-0.383862
-0.387609
-0.300199
-0.322830
-0.417060
-0.327462
-0.401138
-0.311723
-0.414430
-0.407602
-0.431105
-0.329269
-0.482668
-0.504048
-0.357579
-0.359740
-0.310465
-0.328988
-0.459658
-0.394638
-0.387635
-0.383392
-0.393565
-0.338676
-0.481300
-0.329927
-0.260601
-0.329799
-0.265085
-0.397836
-0.466446
-0.248008
-0.405120
-0.373779
-0.332573
-0.433553
-0.424481
-0.419220
-0.425437
-0.469246
-0.403250
-0.394309
-0.225249
-0.269359
-0.253953
-0.214717
-0.268347
-0.271287
-0.403465
-0.276306
-0.042042
-0.245847
-0.268923
-0.184002
-0.227836
-0.259401
-0.133529
0.064662
-0.147616
-0.272328
-0.136348
-0.276017
-0.103001
-0.507802
-0.483662
-0.381055
-0.473994
-0.431771
-0.381803
-0.383526
-0.164229
-0.350928
-0.157091
-0.434225
-0.456166
-0.327876
0.152803
0.394996
1.565746
1.319206
0.579466
0.769535
1.293775
2.869801
3.661058
2.273122
2.081899
1.252533
6.810107
3.191508
3.613001
1.582113
1.445514
4.331231
3.382178
3.780840
12.220482
5.544046
2.532694
5.126347
1.763675
1.860067
0.970448
0.933946
1.933905
1.057461
1.703127
2.376621
0.744410
1.236642
2.943146
3.023393
2.896718
4.303826
3.055316
1.891153
2.049374
1.519048
2.819522
2.616894
2.885260
1.371512
1.746623
1.013472
2.520086
0.633746
0.734878
4.041582
0.638380
0.705632
-0.109128
0.311252
0.294997
0.183391
0.414656
0.013581
0.111431
-0.169159
0.517397
0.208899
0.223409
-0.028109
0.027238
0.077219
0.201588
0.785246
0.515344
-0.002599
0.074242
-0.138070
-0.072205
-0.100459
0.013883
-0.093183
-0.444626
-0.493765
-0.383963
-0.464404
-0.392724
-0.441237
-0.306441
-0.247332
-0.319077
-0.325798
-0.421207
-0.434106
-0.403902
-0.191736
-0.275094
-0.063284
-0.017355
-0.010830
-0.056376
-0.253021
0.651147
-0.079754
0.171307
0.592242
0.085580
0.167619
-0.141521
0.037880
0.003028
0.051244
0.037628
0.271996
-0.224513
-0.202304
-0.390771
-0.295710
-0.352018
-0.388728
-0.469283
-0.290702
-0.358604
-0.382516
-0.064975
-0.137800
-0.265118
-0.239055
-0.274749
-0.291419
-0.386861
-0.315869
-0.313204
-0.184331
-0.234912
-0.284976
-0.239923
-0.213791
-0.323405
-0.152025
-0.242385
-0.271821
-0.283167
-0.142491
-0.305094
0.341798
-0.286738
-0.434169
-0.431918
-0.471677
-0.394287
-0.464050
-0.346916
-0.413045
-0.411150
-0.335635
-0.427357
-0.267998
-0.496141
-0.455219
-0.307612
-0.430265
-0.440395
-0.437116
-0.316428
-0.384293
-0.321762
-0.241261
-0.353683
-0.341508
-0.406262
-0.294239
-0.374170
-0.381137
-0.455739
-0.201123
-0.266665
-0.415214
-0.243029
0.124750
0.139456
0.388510
0.964734
0.494385
0.319367
0.004957
0.154836
-0.004154
0.048438
-0.091873
-0.347258
-0.386733
-0.354357
-0.364809
-0.064764
-0.338537
-0.240481
0.023506
-0.196367
-0.330860
-0.331172
-0.313637
-0.175418
-0.248615
-0.028896
-0.309181
-0.221793
-0.141119
-0.257144
-0.150783
-0.343277
-0.289724
-0.365487
-0.355218
-0.290248
-0.423859
-0.429396
-0.302770
-0.387572
-0.300861
-0.368123
-0.402521
-0.471976
-0.349039
-0.326083
-0.333952
-0.297836
-0.420245
-0.258523
-0.357550
-0.152327
-0.300724
-0.276556
-0.295817
-0.177947
0.621119
0.717595
1.338035
2.137240
1.623954
1.138580
2.352360
2.623673
2.636648
2.883469
1.188086
1.880870
1.314332
2.456491
0.722378
0.659724
2.285462
1.311556
2.109807
0.323269
-0.038398
-0.028047
0.231292
0.192873
0.381337
0.284186
0.706649
0.269868
-0.090315
0.060064
0.010887
-0.118389
-0.060065
0.061867
-0.378152
-0.299903
-0.229667
-0.131437
-0.202178
-0.166906
-0.301389
-0.294701
-0.167441
-0.241926
-0.185371
-0.191633
-0.271677
-0.228884
-0.217454
-0.273240
-0.260150
-0.166886
-0.217865
-0.089756
-0.039648
-0.333269
-0.420373
-0.374975
-0.418062
-0.419710
-0.434478
-0.495321
-0.391656
-0.339028
-0.296505
-0.346576
-0.380098
-0.344802
-0.331862
-0.315822
-0.414603
-0.283774
-0.370871
-0.367444
-0.298255
-0.165850
-0.217698
-0.344919
-0.281231
-0.265822
-0.352320
-0.358943
-0.119859
-0.417809
-0.416121
-0.370419
-0.308414
-0.338878
-0.311604
-0.355157
-0.365745
-0.447273
-0.382313
-0.391207
-0.357260
-0.313579
-0.261567
-0.390613
-0.319571
-0.146120
-0.441017
-0.416238
-0.247229
-0.345060
-0.363197
-0.386115
-0.357049
-0.085018
-0.330423
-0.305573
-0.377077
-0.347946
-0.307239
-0.274213
-0.229600
-0.263573
-0.414165
-0.398371
-0.296911
-0.292892
-0.418257
-0.316324
-0.296924
-0.355703
-0.320417
-0.223197
-0.281373
-0.206960
-0.237379
-0.213600
-0.212023
-0.315321
-0.111932
-0.201627
-0.352595
-0.304509
-0.392969
-0.367549
-0.419341
-0.422789
-0.353972
-0.384363
-0.187123
-0.329149
-0.416742
-0.189415
-0.381271
-0.227900
-0.360813
-0.334627
-0.292960
-0.320325
-0.131338
-0.103804
-0.282540
-0.349151
-0.297217
-0.288748
-0.187632
-0.208573
-0.255065
-0.322753
-0.159222
-0.174299
-0.366885
-0.192943
-0.268046
-0.250772
0.083892
0.054265
0.128304
-0.294738
0.793048
0.251067
-0.012758
0.108175
-0.286877
-0.234578
-0.336879
-0.365298
-0.430203
-0.465202
-0.351277
-0.319048
-0.241599
-0.378010
-0.306792
-0.408805
-0.464290
-0.498554
-0.391721
-0.286502
-0.185215
0.268393
0.027287
0.623317
0.297273
0.252805
-0.030092
1.418416
0.424784
0.051645
-0.224735
-0.273694
-0.279710
-0.258178
-0.322055
-0.209296
-0.394099
-0.359700
-0.379818
-0.190575
-0.319890
-0.427041
-0.484356
-0.469978
-0.491947
-0.425704
-0.454681
-0.394157
-0.203038
-0.233291
-0.350543
-0.347860
-0.192529
-0.141900
-0.011546
-0.098092
-0.289417
-0.446971
-0.482607
-0.364364
-0.310843
-0.435779
-0.436893
-0.478087
-0.345794
-0.390359
-0.318180
-0.330774
-0.263288
-0.414262
-0.464432
-0.165939
0.377198
0.462140
0.103310
0.044561
0.071032
0.045342
0.522451
0.954955
0.393335
0.667497
-0.116216
0.516876
0.490612
0.549289
0.121497
0.671742
0.730103
0.321323
1.184709
0.000046
0.082781
-0.226287
-0.008720
-0.355877
-0.236713
-0.218453
-0.188384
-0.415150
-0.320944
-0.103911
-0.073468
-0.238298
-0.247211
0.655832
-0.171193
-0.103503
-0.254230
-0.296242
0.055914
-0.264915
-0.127875
-0.306483
-0.094770
-0.299385
-0.271124
-0.108568
-0.229960
-0.330793
-0.134878
-0.311511
-0.333643
-0.332377
-0.421873
-0.450589
-0.305303
-0.212158
-0.391828
-0.344026
-0.301740
-0.376254
-0.313950
-0.382841
-0.471681
-0.407426
-0.345952
-0.420300
-0.357796
-0.392508
-0.456342
-0.421430
-0.376751
-0.283517
-0.197346
-0.216171
-0.317514
-0.455323
-0.426204
-0.284111
-0.427597
-0.452843
-0.398481
-0.339701
-0.286700
-0.151542
-0.151981
-0.330867
-0.190871
-0.368814
-0.154156
-0.327645
-0.385939
-0.292297
-0.392567
-0.198133
-0.292723
-0.363220
-0.259408
-0.227025
-0.058507
-0.223951
-0.355102
-0.201036
-0.441753
-0.290118
-0.350836
-0.421776
-0.404589
-0.052016
0.133463
0.167269
0.331182
-0.081377
-0.173408
-0.097544
0.371019
-0.113774
-0.289748
-0.250746
-0.343730
-0.161762
-0.312444
-0.245712
-0.287574
-0.252546
-0.343669
-0.273997
-0.197551
-0.311462
-0.191002
-0.355718
-0.319104
-0.331656
-0.421663
-0.482714
-0.249548
-0.349328
-0.385087
-0.355225
-0.324889
-0.469491
-0.385973
-0.232890
-0.389917
-0.326203
-0.239705
-0.287560
-0.448997
-0.330764
-0.413964
-0.339797
-0.396109
-0.346746
-0.227612
-0.258513
-0.184132
-0.231064
-0.419412
-0.300754
-0.205338
-0.362682
-0.329421
-0.331450
-0.387408
-0.269463
-0.356283
-0.431589
-0.438919
-0.216054
-0.397855
-0.304049
-0.444969
-0.417355
-0.477546
-0.468366
-0.449518
-0.482648
-0.342729
-0.429811
-0.291732
-0.173029
-0.361019
-0.403275
-0.354419
-0.353158
-0.378466
-0.465014
-0.146090
-0.305303
-0.319447
-0.348301
-0.368021
-0.238544
-0.364585
-0.298217
-0.341474
-0.368793
-0.353562
-0.169318
-0.308992
-0.422644
-0.400752
-0.415549
-0.373959
-0.406885
-0.298487
-0.277107
-0.436510
-0.438925
-0.414028
-0.471095
-0.455226
-0.522141
-0.485838
-0.383500
-0.311772
-0.429712
-0.383288
-0.214512
-0.267242
-0.183297
-0.060006
0.282440
0.580445
1.136943
0.863579
1.005525
0.934572
1.641865
2.410229
2.350470
1.414293
2.498754
1.172446
0.948607
0.422404
1.847126
0.230184
0.845242
0.382498
0.798205
0.446277
0.263004
0.229476
0.125124
0.041731
-0.301664
-0.287444
-0.094249
-0.271153
-0.270884
-0.286743
-0.313810
-0.287962
-0.277131
-0.204047
-0.304026
-0.260110
-0.363022
-0.188607
-0.307432
-0.375803
-0.453803
-0.387733
0.078200
-0.330737
-0.188094
-0.299561
-0.349206
-0.421536
-0.356140
-0.158400
-0.275887
-0.327320
-0.129487
-0.405575
-0.335619
-0.357619
-0.392268
-0.312307
-0.412073
-0.110125
-0.371865
-0.269394
-0.313497
-0.283378
-0.391746
-0.448611
-0.403016
-0.395915
-0.471408
-0.417177
-0.328489
-0.380339
-0.481413
-0.328058
-0.453859
-0.426838
-0.375104
-0.340824
-0.345329
-0.410896
-0.459967
-0.545259
-0.412653
-0.485928
-0.432709
-0.036579
-0.436981
-0.311969
-0.406576
-0.353263
-0.410991
-0.423721
-0.238995
-0.321217
-0.420545
-0.340117
-0.368403
-0.337539
-0.267589
-0.353421
-0.316237
-0.421196
-0.302144
-0.175927
-0.406215
-0.206621
0.667431
0.489239
0.708280
0.199064
1.141522
0.709408
0.079245
1.692441
2.052974
1.156836
1.616530
0.243305
0.553493
1.142305
0.419967
0.646772
1.575865
0.291271
0.808240
0.282326
0.070514
0.111546
0.404114
2.267717
0.113039
0.173553
0.321119
0.292648
0.885422
-0.154805
1.448218
0.311463
0.662791
0.547548
0.649920
0.494716
0.494899
0.320942
0.240350
-0.339076
0.040030
-0.246659
-0.363148
-0.226258
-0.211054
-0.185640
-0.133165
-0.193180
-0.032055
0.161753
0.003323
-0.081941
0.056330
0.186986
0.307435
-0.065702
0.061774
0.212588
0.710411
-0.105570
0.167318
0.010920
-0.179048
0.152923
-0.352777
-0.388321
-0.341695
-0.341967
-0.418064
-0.332328
-0.177766
-0.287776
-0.155709
-0.415652
-0.358212
-0.225682
-0.226574
-0.352021
-0.347255
-0.302310
-0.391567
-0.449634
-0.225802
-0.240222
-0.452952
-0.276719
0.024639
-0.272957
-0.324064
-0.356658
-0.311455
-0.305438
-0.325301
-0.375789
-0.384016
-0.120649
0.375877
-0.147031
-0.105543
0.071058
0.790069
0.261763
0.374439
-0.105382
-0.310389
-0.163236
-0.277865
0.358826
-0.000269
-0.103222
-0.290249
-0.248644
0.017361
-0.219819
-0.265007
-0.131267
-0.045243
-0.240325
-0.302487
-0.326551
-0.425067
-0.358108
-0.374266
-0.182953
-0.360320
-0.373274
-0.385115
-0.239288
-0.384981
-0.320682
-0.428575
-0.355571
-0.394215
-0.371587
-0.452619
-0.258163
-0.382687
-0.221597
0.074298
-0.053259
-0.263635
-0.288832
-0.461846
-0.477464
-0.400886
-0.372775
-0.399939
-0.427312
-0.441898
-0.277744
-0.365996
-0.469762
-0.390377
-0.385325
-0.406689
-0.423542
-0.434303
-0.393583
-0.438741
-0.449121
-0.415119
-0.516752
-0.462648
-0.383922
-0.342570
-0.291873
-0.406077
-0.442701
-0.429418
-0.442636
-0.433034
-0.446083
-0.436941
-0.419223
-0.302659
-0.177812
-0.377929
0.021364
-0.338341
-0.266589
-0.288917
-0.349558
-0.152223
-0.438076
-0.380858
-0.363963
-0.446421
-0.354368
-0.476362
-0.466719
-0.390579
-0.399325
-0.373255
-0.410353
-0.342103
-0.290603
-0.275646
-0.138717
-0.102365
-0.017023
-0.006904
-0.075647
-0.149931
0.099100
-0.038322
0.430853
0.259578
0.575223
0.915952
0.600516
0.499764
0.316525
0.313163
1.091250
0.980519
0.437063
0.334132
0.400498
0.442582
0.569054
0.211125
-0.084861
0.127172
0.125329
-0.059972
-0.193012
-0.004470
0.048027
0.034608
0.274760
0.275648
0.440235
0.167489
0.090843
0.932136
0.012801
-0.235957
0.049145
-0.089148
-0.069186
-0.275529
0.178121
0.196840
-0.022002
0.667718
0.400979
-0.071212
-0.041967
0.916186
-0.041324
-0.070294
-0.222692
0.229948
0.123180
0.462279
0.191846
-0.223962
-0.110228
0.374741
-0.069424
-0.056842
-0.160363
0.887824
0.312057
0.047367
0.461149
0.158975
0.219221
0.213833
0.329337
0.416414
0.507618
0.136837
0.187803
0.491432
0.917496
0.692538
0.488807
0.247209
0.147347
0.081743
-0.105413
-0.192829
0.102048
0.082861
0.018204
-0.162004
0.100103
-0.188684
-0.087592
0.099189
-0.267612
-0.274048
-0.047293
-0.218905
-0.223635
-0.081123
-0.273269
-0.062945
-0.311533
-0.255313
-0.269772
-0.347725
-0.395754
-0.211422
-0.054286
-0.339415
-0.168107
-0.302184
0.043493
0.111162
-0.201672
-0.287924
-0.182225
-0.235274
-0.208508
-0.259448
-0.225708
-0.187560
-0.325777
-0.251511
-0.314633
-0.249872
-0.344339
-0.181428
-0.317400
-0.244803
-0.284073
-0.444466
-0.459314
-0.403033
-0.397523
-0.299696
-0.203371
-0.382561
-0.363369
-0.451241
-0.319111
-0.509811
-0.432312
-0.478943
-0.490497
-0.450937
-0.470282
-0.370873
-0.402397
-0.430526
-0.201964
-0.363680
-0.398546
-0.361915
-0.306418
-0.339302
-0.292456
-0.295940
-0.191266
-0.004724
-0.340339
-0.365308
-0.277926
-0.259543
-0.375197
-0.378306
-0.335513
-0.394325
-0.153443
-0.313370
-0.259118
-0.259650
-0.271328
-0.455835
-0.417964
-0.295245
-0.372966
-0.367056
-0.327636
