-0.856490
-0.856490
-0.856490
-0.856490
-0.856490
-0.856490
-0.856490
-0.856490
-0.856490
-0.856490
-0.856490
-0.856490
-0.856490
-0.856490
-0.856490
-0.856490
-0.856490
-0.856490
-0.856490
0.135758
-0.049320
-0.014303
-0.202125
0.226153
-0.305114
-0.249227
-0.223776
-0.286227
-0.349120
-0.246718
-0.209969
-0.391171
-0.234568
-0.329514
-0.280111
-0.048454
-0.235985
-0.288793
-0.293982
-0.117468
0.119161
-0.300419
-0.379430
0.136264
-0.350196
-0.175938
-0.335401
-0.238110
-0.123661
-0.238638
-0.222188
-0.183465
-0.204808
0.190059
-0.102227
-0.212320
-0.314413
-0.133060
0.270772
-0.255165
-0.204646
-0.276897
-0.362741
-0.293643
-0.225039
-0.280503
-0.270887
-0.166554
-0.250560
-0.383590
-0.240279
-0.343325
-0.279811
-0.207897
-0.510298
-0.490898
-0.374968
-0.421709
-0.380652
-0.409733
-0.368435
-0.487553
-0.377008
-0.419260
-0.468063
-0.426986
-0.380667
-0.502300
-0.404464
-0.341425
-0.232894
-0.434018
-0.394936
-0.355060
-0.298010
-0.337553
-0.442843
-0.266923
-0.439411
-0.463027
-0.426705
-0.413450
-0.471388
-0.330902
-0.404425
-0.485101
-0.320852
-0.467411
-0.438691
-0.456960
-0.095215
-0.458292
-0.212277
-0.024825
-0.250249
-0.289289
-0.308159
-0.377912
-0.404632
-0.287381
-0.412361
-0.432309
-0.394728
-0.350160
-0.219543
-0.077203
-0.192796
-0.403933
-0.196649
-0.324174
-0.335989
-0.163303
-0.248435
-0.205744
-0.209816
-0.010013
-0.419395
-0.246084
-0.454282
-0.313448
-0.139908
-0.215156
-0.345370
-0.181035
-0.186771
-0.352226
-0.437818
-0.514900
-0.350560
-0.061240
-0.365908
-0.295000
-0.464926
-0.405679
-0.396332
-0.412942
-0.302560
-0.304012
-0.417922
-0.445396
-0.409736
-0.362860
-0.344597
-0.380943
-0.422823
-0.363623
-0.289162
-0.368529
-0.402208
-0.510143
-0.532781
-0.384597
-0.332432
-0.415926
-0.424000
-0.466420
-0.351173
-0.058935
-0.505101
-0.410245
-0.367788
-0.165926
-0.118387
-0.381883
-0.415488
-0.290406
-0.089647
-0.311447
-0.290678
-0.367983
-0.111780
-0.424221
-0.210252
-0.440393
-0.409701
-0.337472
-0.424446
-0.459774
-0.399033
-0.326470
-0.162504
-0.455641
-0.522626
-0.422880
-0.423589
-0.437358
-0.522982
-0.366391
-0.504682
-0.468248
-0.428112
-0.429979
-0.149362
-0.371663
-0.297985
-0.246119
-0.340544
-0.372490
-0.292060
-0.193757
-0.457615
-0.369046
-0.139658
-0.367384
-0.142835
-0.439452
-0.248701
-0.205671
-0.254810
-0.257344
-0.124485
-0.303176
-0.236178
0.483398
-0.095126
-0.264716
-0.133712
-0.210972
-0.152617
0.060883
-0.276276
-0.026663
-0.326955
-0.319450
-0.431348
-0.067112
-0.327505
-0.260035
-0.346265
-0.107594
-0.436932
-0.095264
-0.429925
-0.520811
0.152801
-0.029374
-0.167984
1.021103
-0.313991
0.078621
1.467532
0.438524
-0.041496
-0.111933
0.244113
0.143356
1.279638
-0.162674
0.047060
-0.221604
-0.369838
-0.455595
-0.422199
-0.481983
-0.492750
-0.520514
-0.515302
-0.263940
-0.294071
-0.418731
-0.365066
-0.245565
-0.447984
-0.364722
-0.084763
-0.083456
-0.222351
-0.153658
-0.335472
-0.182210
-0.370011
-0.199602
-0.160570
0.323350
0.039415
-0.066634
-0.268615
0.150062
-0.370618
-0.323145
-0.345780
-0.373803
-0.445523
-0.276543
-0.215294
-0.235837
-0.395191
-0.254180
-0.411487
-0.341748
0.133593
0.104625
-0.268215
0.089106
0.034387
-0.314019
0.052957
0.574985
0.538375
0.384877
0.392077
0.955331
0.321331
1.095658
0.783335
1.361458
0.280046
0.584449
0.602427
0.289686
0.857135
1.071718
0.763596
0.354704
-0.003917
0.171761
0.374621
0.216245
0.092739
0.119042
-0.106277
-0.275572
-0.268775
-0.180708
-0.127821
-0.385796
-0.384003
-0.131808
-0.237120
-0.201385
-0.316758
-0.398675
-0.402919
-0.081326
-0.181596
-0.378428
-0.472270
-0.438979
-0.482370
-0.460009
-0.443938
-0.408571
-0.422592
-0.341375
-0.363134
-0.365930
-0.221046
0.189062
-0.249886
-0.010240
-0.172770
-0.033320
0.025308
0.079469
-0.112756
-0.166937
0.022128
-0.261837
-0.206197
-0.096478
0.009840
-0.139832
-0.360757
-0.142866
-0.328445
-0.232335
-0.410933
-0.412454
-0.395305
-0.219956
-0.348839
-0.487712
-0.239713
-0.535860
-0.218152
-0.425109
-0.445967
-0.449070
-0.437671
-0.350231
-0.288912
-0.331774
0.577017
-0.218364
0.552763
-0.004003
-0.084292
-0.234415
-0.149820
-0.352724
-0.355905
-0.516049
-0.458242
-0.441254
-0.463405
-0.401946
-0.458452
-0.467918
-0.345929
-0.463737
-0.504589
-0.419945
-0.287683
-0.325558
-0.280196
-0.393984
-0.315929
-0.223947
-0.178285
-0.144652
-0.369825
-0.437496
-0.470643
-0.441228
-0.305332
-0.344002
-0.347044
-0.435944
-0.302213
-0.302575
-0.352391
-0.340478
-0.293979
-0.264317
-0.040668
-0.474767
-0.316343
-0.240487
-0.350638
-0.406519
-0.443775
-0.421592
-0.507472
-0.476721
-0.502011
-0.461211
-0.148945
-0.456393
-0.442047
-0.545103
-0.350600
-0.330244
-0.560915
-0.510061
-0.382541
-0.485580
-0.182884
-0.422576
-0.275585
-0.129135
-0.379286
-0.242417
-0.154665
-0.450512
-0.473527
-0.436398
-0.443411
-0.494356
-0.445750
-0.450967
-0.421304
-0.521598
-0.410654
-0.385187
-0.391189
0.194864
0.077093
1.713312
1.292845
2.184967
1.353017
0.757745
0.914950
1.350912
0.670480
0.417753
1.385379
4.030626
2.237383
2.918259
2.142363
1.414582
2.144643
2.291247
2.531065
1.399302
1.122429
2.541147
8.475738
1.846092
1.663024
2.300660
1.236241
1.538465
1.491304
0.763334
1.276706
1.012188
-0.011241
0.076933
-0.005547
-0.017374
-0.282621
-0.142605
-0.245288
-0.087230
-0.458517
-0.349395
-0.393401
-0.497052
-0.333607
-0.346197
0.674822
0.083747
0.044374
-0.040966
0.537922
-0.039506
-0.019076
-0.187400
0.030020
-0.151564
0.109977
-0.105257
-0.197563
0.459810
0.569878
0.174566
0.599636
0.243919
0.465292
1.605147
0.778473
0.991286
0.032483
0.035345
-0.041893
0.543246
-0.225430
-0.100312
0.591989
0.940867
0.089516
-0.038580
0.178731
0.086260
-0.052808
-0.195875
0.034711
0.249296
-0.102109
0.117301
-0.098350
-0.092163
-0.291652
0.054939
-0.234995
-0.369732
0.271746
-0.261510
-0.482479
-0.417977
-0.426964
-0.036254
-0.402088
-0.388023
-0.326213
-0.443272
-0.302911
-0.477559
-0.384189
-0.448075
-0.526723
-0.456268
-0.430427
-0.489851
-0.423134
-0.380169
-0.377593
-0.291441
-0.413760
-0.314605
-0.342958
-0.485443
-0.501429
-0.396097
-0.515301
-0.495499
-0.482351
-0.486029
-0.341084
-0.294211
-0.466394
-0.331932
-0.432767
-0.362128
-0.388152
-0.353464
-0.339199
-0.307062
-0.337427
-0.045365
-0.054769
-0.155984
-0.272980
-0.225612
-0.256271
-0.397452
-0.422054
-0.449855
-0.293735
0.828230
-0.243652
-0.296073
-0.378400
-0.359946
-0.304923
-0.048187
-0.332176
-0.147176
-0.038432
-0.128996
-0.338989
-0.095032
-0.103368
-0.181167
0.051303
-0.108418
-0.178485
-0.336669
-0.223792
-0.336442
-0.363001
-0.244035
-0.333945
-0.377145
-0.320287
-0.389527
-0.348858
-0.106216
-0.230728
-0.243905
-0.427270
-0.133342
-0.213540
0.343686
0.315413
0.434545
0.242066
1.842379
0.347750
0.460233
0.054400
0.032101
0.256870
0.209299
-0.000118
0.725186
-0.213377
-0.116586
0.040885
0.146431
0.133750
-0.185760
-0.139347
0.062861
-0.330247
-0.323751
-0.366854
-0.455907
-0.296902
-0.052479
-0.385864
-0.329116
-0.416967
-0.264085
-0.501178
-0.390478
-0.474088
-0.519546
-0.438043
-0.445914
-0.194662
-0.404724
-0.217397
-0.385389
-0.385158
-0.356989
-0.353645
0.143410
-0.260965
-0.255638
-0.450193
-0.493026
-0.424792
-0.453875
-0.482528
-0.431560
-0.448234
-0.294583
-0.390413
-0.340527
-0.362862
-0.427170
-0.159480
-0.068808
-0.345441
-0.320640
-0.324119
-0.353346
-0.358284
-0.431443
-0.372883
-0.332976
-0.422031
-0.355198
-0.491590
-0.423749
-0.496490
-0.510797
-0.450583
-0.550356
-0.470287
-0.560540
-0.363639
-0.424142
-0.390408
-0.435485
-0.477472
-0.524083
-0.517813
-0.408599
-0.451663
-0.292329
-0.455387
-0.471899
-0.398446
-0.512421
-0.481111
-0.483072
-0.306741
-0.435125
-0.442459
-0.446998
-0.456565
-0.430202
-0.385201
-0.354398
-0.435705
-0.315932
-0.405790
-0.411796
-0.365868
-0.431613
-0.474479
-0.514591
-0.511723
-0.348192
-0.446911
-0.379709
-0.133780
-0.246849
-0.343281
-0.123932
-0.396256
-0.346790
-0.067400
-0.300094
-0.466554
-0.268291
-0.373332
-0.480642
-0.335488
-0.407487
-0.402652
0.215772
-0.314266
-0.420156
-0.398160
-0.445233
-0.408041
-0.461851
-0.432604
-0.376381
-0.401320
-0.444447
-0.407240
-0.415828
-0.329021
-0.363907
-0.287683
-0.339265
-0.459296
-0.210726
-0.333088
-0.093642
-0.348384
-0.342511
-0.372812
-0.142403
-0.163932
-0.190418
-0.289314
-0.067265
-0.105073
-0.154616
-0.206570
-0.320674
-0.332433
-0.331823
-0.098225
-0.406972
-0.232493
-0.466135
-0.449514
-0.444468
-0.261960
-0.412763
-0.360149
-0.470388
-0.452678
-0.466886
-0.396888
-0.529523
-0.446897
-0.464366
-0.408530
-0.487719
-0.396394
-0.428097
-0.330359
-0.275562
-0.324356
-0.374412
-0.379273
-0.477799
-0.433332
-0.422886
0.070681
-0.469874
-0.468285
-0.494723
-0.423848
-0.518328
-0.467016
-0.525211
-0.313284
-0.455130
-0.437086
-0.465509
-0.393182
-0.459686
-0.545194
-0.395851
-0.409736
-0.395098
-0.477514
-0.408663
-0.424786
-0.351098
-0.409407
-0.496394
-0.395888
-0.387895
-0.517770
-0.204503
-0.118641
-0.174581
-0.121985
-0.017809
0.260880
0.082749
0.269553
-0.199452
-0.191326
-0.114162
-0.009106
-0.326625
-0.099146
-0.434480
-0.445612
-0.434882
-0.412129
-0.466913
-0.421647
-0.325912
-0.533656
-0.512734
-0.484748
-0.505552
-0.386372
-0.409313
-0.410764
-0.467458
-0.386314
-0.398796
-0.424422
-0.456271
-0.383763
-0.375198
-0.474091
-0.412282
-0.420798
-0.440439
-0.294464
-0.332398
-0.253236
-0.422331
-0.307973
0.022974
-0.253817
-0.273402
-0.424201
-0.324223
-0.342243
-0.173731
-0.371839
-0.377118
-0.310225
0.057428
-0.314355
-0.219558
-0.368611
-0.313965
-0.427723
-0.462199
-0.486393
-0.482156
-0.434051
-0.445156
-0.479772
-0.475932
-0.426712
-0.311693
-0.349357
-0.432756
-0.042645
-0.089565
0.214646
-0.438661
-0.237255
-0.349011
-0.207911
-0.179890
-0.389831
-0.183606
-0.187311
-0.302263
-0.370234
-0.480526
-0.493876
-0.473893
-0.256387
-0.503083
-0.487245
-0.519396
-0.512409
-0.373312
-0.451108
-0.234512
-0.331039
-0.325314
-0.381082
-0.269960
-0.480105
-0.360139
-0.360802
-0.417319
-0.397876
-0.374917
-0.396706
-0.338885
-0.391228
-0.387019
-0.339895
-0.386257
-0.152802
-0.403891
-0.452137
-0.139786
0.294369
-0.119196
-0.143939
0.335101
-0.045409
0.229692
0.749163
0.151683
0.348380
0.192185
0.514325
0.191157
0.404435
0.136390
0.243401
0.480742
0.153237
0.305922
0.207047
0.039233
-0.117345
0.408466
0.062154
-0.315494
0.273559
-0.272390
-0.194878
-0.346187
-0.202331
-0.421478
-0.216390
-0.371966
-0.364043
-0.377180
-0.304543
-0.223408
-0.367020
-0.406919
-0.341502
-0.436317
-0.242662
-0.278497
-0.417650
-0.385195
-0.466084
-0.446758
-0.411781
-0.420541
-0.457647
-0.439340
-0.560568
-0.345269
-0.296732
-0.455690
-0.404242
-0.405512
-0.379750
-0.366084
-0.291604
-0.386838
-0.331166
-0.386709
-0.402931
-0.429805
-0.284071
-0.334075
-0.436235
-0.432524
-0.214525
-0.184488
0.041565
-0.211596
-0.114405
-0.280219
-0.352040
-0.286817
-0.140916
0.039122
-0.351736
-0.492141
-0.453115
-0.312462
-0.419952
-0.421688
0.597619
-0.152969
0.167379
-0.170416
-0.117432
0.129121
-0.462332
-0.289763
-0.440844
-0.286658
-0.137997
-0.425744
-0.548704
-0.293606
-0.518013
-0.549500
-0.466748
-0.477695
-0.479633
-0.441103
-0.341696
-0.499807
-0.477137
-0.501182
-0.453616
-0.481699
-0.315961
-0.491606
-0.394644
-0.398217
-0.327235
-0.350253
-0.305332
-0.291576
-0.342289
-0.400879
-0.441340
-0.158359
0.581861
-0.119519
0.105291
0.128418
0.019713
0.311735
-0.255436
-0.006870
-0.346076
-0.368856
-0.135476
-0.351789
-0.402440
-0.213072
-0.460113
-0.367965
-0.365184
-0.454116
-0.440694
-0.317993
-0.248207
-0.334685
-0.429249
-0.271756
-0.366117
-0.290525
-0.434155
-0.327277
-0.398529
-0.174587
-0.079873
-0.384251
-0.310425
-0.444183
0.058617
-0.208241
-0.063070
-0.228569
0.460150
-0.340785
-0.249187
-0.176068
-0.197758
-0.309054
-0.179712
-0.092966
-0.176025
-0.385034
-0.382727
-0.332080
-0.150150
-0.146371
-0.300332
-0.016468
-0.230310
0.153411
-0.026695
-0.203927
-0.287884
-0.072400
-0.144925
-0.384152
0.044592
-0.457955
-0.018138
-0.295116
-0.155067
-0.145401
0.007929
1.475198
0.130282
2.209398
1.461143
0.994060
2.161200
1.305838
3.393127
0.463719
1.207400
4.425449
1.309778
1.376806
1.220229
0.805189
1.196091
0.763794
0.233388
0.085400
0.068057
0.497588
0.066079
0.321636
0.217451
0.459629
0.036438
-0.155336
0.255545
-0.168965
0.275308
0.007386
0.045382
0.155590
0.026332
0.121817
-0.048262
0.018669
-0.005722
-0.033890
-0.043386
-0.179494
-0.171682
-0.371782
-0.391468
-0.360648
-0.524707
-0.493263
-0.356202
-0.477485
-0.458830
-0.367239
-0.436044
-0.402865
-0.284610
-0.331183
0.134343
-0.259005
-0.231640
-0.360240
-0.349135
-0.314368
-0.042026
-0.167039
-0.351762
0.234181
-0.179266
-0.086520
0.020794
-0.272287
-0.429452
-0.322443
-0.395577
-0.371931
-0.433919
-0.510377
-0.289508
-0.407562
-0.429104
-0.342238
-0.435508
-0.439119
-0.370845
-0.325812
-0.421946
-0.458563
-0.466320
-0.471262
-0.423051
-0.308201
-0.460395
-0.402216
-0.477555
-0.384972
-0.524290
-0.412862
-0.274567
-0.287073
-0.027998
-0.436006
-0.423055
-0.218253
-0.274208
-0.077475
-0.165273
-0.281934
-0.157076
-0.053353
-0.181897
-0.400255
-0.163936
0.095885
0.479848
0.462472
0.014402
-0.048321
-0.396296
-0.286218
-0.270310
-0.359290
-0.361979
0.797249
0.249122
-0.113153
-0.305922
-0.255035
-0.067597
0.262466
-0.257591
-0.078378
-0.178498
-0.351647
0.031202
-0.401363
-0.344540
-0.380117
-0.456709
-0.165944
-0.325928
-0.168673
-0.368698
-0.361286
-0.326977
-0.367431
-0.241457
-0.415964
-0.441041
-0.518160
-0.281124
-0.383131
-0.318089
-0.467371
-0.393198
-0.342290
-0.360648
-0.392185
-0.324561
-0.013091
-0.234190
0.049682
-0.158274
-0.438394
-0.095669
-0.284025
-0.264822
-0.075498
-0.193666
-0.230316
-0.087190
-0.278556
-0.506145
0.011566
-0.430561
-0.466070
-0.324766
-0.262649
-0.112131
-0.339218
-0.388288
-0.406896
-0.131232
-0.392802
-0.254119
-0.384562
-0.365173
0.359766
-0.121265
-0.228211
-0.140480
-0.334033
0.026421
-0.357816
-0.117287
0.054580
-0.129663
-0.233658
-0.295770
-0.164894
-0.185458
-0.317504
-0.171681
-0.077450
-0.350250
-0.243267
0.007732
-0.338117
-0.415898
-0.227389
-0.311440
-0.298217
-0.404032
-0.365712
-0.209771
-0.094003
-0.066297
-0.175711
-0.326884
-0.424828
-0.154029
-0.084404
-0.377282
0.093669
-0.106268
-0.234700
-0.356542
-0.462923
-0.284119
-0.347481
-0.359637
-0.305609
-0.139055
-0.304850
-0.047107
-0.406645
-0.226970
-0.209556
-0.296566
-0.406115
-0.445436
-0.436877
-0.498560
-0.544644
-0.513521
-0.567196
-0.478891
-0.536030
-0.101127
-0.245059
-0.382228
-0.331769
-0.436459
-0.374336
-0.408393
-0.304879
-0.443419
-0.396924
-0.372435
-0.372539
-0.375320
0.395074
-0.172945
-0.193702
-0.204495
-0.291647
-0.028575
-0.195914
-0.290110
-0.369704
-0.423538
-0.512921
-0.358918
-0.439970
-0.485165
-0.457057
-0.353565
-0.223374
-0.393346
-0.062287
0.061406
-0.049706
-0.054342
0.273893
0.220245
-0.103165
-0.355390
-0.041357
-0.171514
-0.230946
-0.229010
0.068820
-0.216879
0.343774
0.629393
5.654895
1.994974
9.798971
2.815221
2.424963
1.955877
1.746783
1.203722
1.724133
1.629554
4.061470
1.275530
0.819199
1.336754
1.200853
1.176894
2.714228
6.895072
2.432638
1.219048
0.240765
-0.086752
0.245866
0.619881
0.404144
0.264514
0.234002
0.342462
-0.130680
-0.041987
0.463595
0.201978
0.100370
0.236160
0.332424
0.542527
0.010188
-0.112361
-0.125734
0.251592
-0.461964
-0.410542
-0.317788
-0.504925
-0.385768
-0.287925
-0.478779
-0.501209
-0.405214
-0.298563
-0.413294
-0.396937
-0.427873
-0.413812
-0.426722
-0.419118
-0.536270
-0.493855
-0.470101
-0.359453
-0.484814
-0.476972
-0.453409
-0.413885
-0.343086
-0.453276
-0.516928
-0.488795
-0.482078
-0.519970
-0.512004
-0.404297
-0.430285
-0.516550
-0.495648
-0.450095
-0.440897
-0.489974
-0.419193
-0.507623
-0.399753
-0.515233
-0.540939
-0.528538
-0.564988
-0.528079
-0.580923
-0.495898
-0.451536
-0.432161
-0.440421
-0.442755
-0.396771
-0.422771
-0.477137
-0.340498
-0.458280
-0.422946
-0.410530
-0.449191
-0.399272
-0.389644
-0.477927
-0.425853
-0.364137
-0.469817
-0.492770
-0.448166
-0.435263
-0.284936
-0.486467
-0.182978
-0.339786
-0.453528
-0.467307
-0.408655
-0.361132
-0.475138
-0.415358
-0.266291
-0.214551
-0.234740
0.222014
0.165871
0.328108
0.476879
0.401972
0.562540
0.786691
0.646569
0.359719
0.711278
0.096402
0.273570
0.520356
0.455823
0.390447
0.462932
0.627005
0.177104
0.133222
0.060484
-0.093343
-0.162321
-0.228851
0.194655
-0.471721
-0.216371
-0.330712
-0.364657
0.066579
-0.318005
-0.294429
-0.282809
-0.197934
-0.309849
-0.355211
-0.451346
-0.420412
-0.449896
-0.476613
-0.501695
-0.118170
-0.356594
-0.173371
-0.313324
-0.499993
0.140475
-0.452361
-0.414190
-0.512172
-0.428622
-0.450830
-0.336802
-0.439694
-0.449876
-0.394416
-0.393466
-0.494876
-0.393889
-0.380646
-0.396993
-0.379820
-0.476834
-0.388509
-0.343183
-0.429747
-0.308442
-0.341120
-0.304124
-0.134720
-0.259059
-0.340414
-0.314870
-0.298196
-0.186188
-0.312344
-0.321331
-0.453949
-0.293098
-0.353301
-0.440936
-0.337358
-0.534449
-0.388708
-0.206853
-0.222776
-0.524285
-0.466257
-0.392243
-0.344300
-0.319700
-0.150873
-0.467689
-0.273580
-0.445131
-0.120631
-0.383768
-0.240819
-0.333124
-0.378826
-0.435851
-0.413258
-0.369773
-0.520932
-0.450422
-0.300118
-0.410720
-0.348393
-0.287789
-0.242519
-0.410479
-0.230108
-0.385389
-0.237609
-0.191380
-0.481737
-0.427738
-0.280711
-0.396925
-0.350951
-0.110061
0.462150
0.201724
0.490258
0.128282
0.122912
-0.125459
0.175852
0.293487
0.368519
0.584417
0.876133
0.581825
0.152114
0.554355
0.487335
0.018744
-0.089998
0.523632
0.345226
-0.120630
-0.089818
-0.217867
0.240271
-0.085859
-0.154687
-0.117685
-0.278870
0.698988
0.643106
1.424770
0.254776
0.767688
0.003185
2.140333
1.252392
0.874113
3.079208
0.001527
-0.024156
-0.249195
-0.102802
-0.270757
-0.187306
-0.163755
-0.258940
-0.317093
-0.373827
-0.289302
-0.289118
-0.218841
-0.257355
-0.345769
0.099004
-0.049078
-0.423616
-0.335754
-0.425981
-0.522971
-0.485163
-0.488198
-0.408763
-0.435308
-0.465556
-0.439451
-0.468929
-0.436770
-0.387521
-0.417934
-0.114415
-0.117725
-0.064107
-0.333173
-0.245254
-0.418363
-0.360719
-0.315230
-0.479109
-0.516072
-0.152267
0.200611
0.485556
-0.218377
0.142628
0.412057
1.459864
1.811312
0.903082
0.451174
0.541006
0.909327
0.000645
0.402134
0.544979
1.327388
2.071097
0.780014
1.405124
1.232671
0.678291
1.647536
0.453921
0.312561
0.367019
0.313864
0.395957
0.589014
0.142253
0.519826
0.458511
-0.172729
0.697575
-0.021676
-0.365142
-0.270158
-0.338979
-0.413616
-0.324044
-0.357496
-0.320559
-0.442114
-0.337013
-0.307636
-0.447149
-0.427915
-0.445816
-0.369958
-0.302054
-0.317031
-0.427749
-0.059221
-0.202437
-0.192907
-0.106359
-0.154124
-0.200889
-0.121361
-0.294529
-0.341037
-0.192325
-0.317661
-0.444740
-0.240708
-0.281713
-0.462532
-0.237713
-0.300844
-0.198735
-0.182628
-0.334574
-0.153949
-0.259273
-0.372267
-0.429443
-0.304913
-0.222395
-0.236879
-0.463580
-0.313468
-0.262162
-0.542170
-0.416514
-0.376660
-0.496803
-0.421077
-0.435409
-0.280393
-0.102177
-0.248744
-0.322715
-0.352348
-0.365725
-0.350576
-0.096378
-0.292762
-0.310962
-0.371924
-0.347001
-0.176439
-0.318454
-0.291240
-0.491216
-0.354051
-0.363031
-0.495787
-0.444771
-0.402442
-0.489523
-0.407028
-0.429867
-0.480647
-0.405348
-0.361391
-0.515149
-0.462155
-0.447274
-0.395729
-0.451696
-0.478656
-0.388075
-0.411019
-0.478493
-0.457309
-0.152154
-0.507180
-0.335460
-0.384838
-0.391247
-0.306208
-0.366761
-0.509473
-0.338330
-0.121009
-0.422002
-0.425884
-0.332134
-0.149908
-0.493039
-0.450188
-0.439624
-0.458556
-0.509506
-0.410724
-0.407420
-0.327672
-0.424767
-0.271826
-0.355871
-0.203047
-0.511041
-0.477963
-0.476013
-0.343866
-0.370437
-0.415462
-0.443067
-0.424718
-0.434085
-0.465715
-0.514913
-0.548224
-0.515821
-0.526378
-0.467458
-0.436491
-0.234069
-0.436174
-0.535087
-0.408005
-0.356803
-0.395078
-0.434662
-0.417490
-0.394882
-0.399767
-0.026038
-0.457649
-0.440408
-0.449425
-0.430981
-0.467381
-0.395453
-0.270252
-0.446281
-0.377367
-0.493264
-0.518309
-0.427083
-0.515424
-0.525009
-0.501018
-0.431054
-0.522032
-0.266778
-0.317854
-0.479229
-0.495173
-0.331979
-0.407086
-0.418159
-0.376770
-0.483779
-0.329654
-0.328258
-0.372768
-0.388451
-0.309347
-0.002330
-0.074931
0.149378
-0.175602
-0.000923
-0.097744
-0.057171
-0.212365
-0.199033
-0.073561
0.143863
-0.020316
0.030590
0.469395
0.102811
-0.116282
-0.145669
0.342637
0.219973
-0.150976
-0.116120
-0.116176
-0.158983
-0.009018
-0.226069
-0.199546
0.099748
-0.162930
-0.307514
-0.063451
-0.066175
-0.237301
-0.080290
-0.177684
-0.368722
-0.320813
-0.332002
-0.200508
-0.366028
0.061741
-0.183106
-0.065643
-0.069537
-0.194228
-0.173233
-0.352290
-0.312219
-0.316264
-0.390438
-0.387854
-0.493818
-0.454811
-0.460629
-0.316059
0.462740
0.899907
0.134292
0.192743
0.394301
0.627408
0.774193
0.509981
0.199842
-0.323521
-0.306595
-0.405308
-0.440189
-0.475160
-0.515187
-0.470626
-0.429481
-0.468296
-0.365861
-0.468070
-0.535214
-0.402221
-0.497967
-0.332883
-0.353949
-0.325282
-0.371667
-0.417557
-0.429930
-0.413814
-0.371845
-0.496735
-0.465087
-0.372683
-0.412040
-0.356085
-0.264381
-0.384948
-0.517361
-0.312139
-0.449912
-0.471322
-0.372646
-0.431126
-0.387325
-0.211051
-0.282616
-0.470402
-0.336052
-0.185800
-0.350450
-0.394194
-0.465038
-0.396940
-0.416675
-0.103007
-0.507517
-0.397011
-0.363068
-0.318720
-0.258017
-0.274429
-0.316368
-0.262735
-0.396681
-0.206448
-0.301551
-0.317838
-0.348934
-0.311233
-0.321252
-0.225277
-0.317107
-0.443238
-0.373473
-0.198284
-0.404620
-0.462941
-0.423892
-0.346952
-0.355782
-0.171324
-0.445405
-0.434259
-0.349703
-0.360941
-0.364473
-0.186570
-0.390055
-0.420771
-0.376377
-0.441514
-0.430020
-0.450610
-0.428936
-0.415353
-0.381356
-0.269019
-0.379986
-0.337230
-0.431678
-0.255373
-0.268035
-0.044563
-0.430522
-0.323320
-0.339898
-0.394833
-0.288362
-0.355793
-0.393811
-0.292863
-0.391896
-0.232266
-0.280449
-0.445259
-0.420948
-0.300277
-0.246243
-0.419154
-0.261013
-0.467194
-0.442463
-0.302458
-0.394222
-0.199485
-0.510389
-0.464293
-0.429881
-0.436384
-0.032623
-0.279352
-0.256669
-0.136094
-0.108406
-0.226777
-0.190958
-0.414717
-0.380598
-0.004438
-0.271429
-0.199896
-0.150267
-0.030937
0.117708
0.020356
0.181368
0.255106
0.450623
0.289876
0.565194
0.290196
0.270799
0.953858
0.507989
0.207392
1.062766
0.370221
0.362763
1.160836
0.234101
0.011394
0.100075
0.679928
0.179547
-0.119531
0.608575
-0.425247
-0.474130
-0.530001
-0.413788
0.443569
0.168519
0.471198
0.528688
0.363531
0.030881
-0.387564
-0.021008
-0.147063
-0.045205
-0.375209
-0.247787
-0.148812
-0.276442
-0.384999
-0.280602
-0.218765
-0.204229
-0.186897
-0.276814
-0.079201
-0.153934
-0.007964
-0.251145
0.120951
-0.223619
-0.171585
-0.276361
-0.064449
-0.267747
0.108886
-0.039383
-0.254674
-0.027321
-0.203663
0.027987
-0.163833
-0.142574
-0.147308
0.684648
0.133573
-0.334630
-0.424567
0.761223
-0.268931
-0.351077
-0.292203
-0.267252
-0.260833
-0.290256
-0.202353
-0.314392
-0.409002
-0.445846
-0.363143
-0.402518
-0.454701
-0.373697
-0.492843
-0.466328
-0.340415
-0.154980
-0.406728
-0.516246
-0.435011
-0.338407
-0.475142
-0.377387
-0.301510
-0.366544
-0.361408
-0.270044
-0.403975
-0.295579
-0.347782
-0.312298
-0.369931
-0.065706
-0.214458
-0.279454
-0.249280
-0.255709
-0.311431
-0.258850
-0.221940
-0.084613
0.023617
-0.088876
-0.141150
-0.306210
-0.136886
-0.163591
0.084851
-0.237072
-0.264919
0.161787
-0.060737
-0.443140
-0.057764
-0.336321
0.064665
0.256895
-0.012856
-0.293700
-0.372817
-0.175750
-0.221132
-0.266039
-0.274995
-0.380007
-0.324581
-0.436658
-0.408441
0.511035
-0.150112
0.200800
0.501980
0.246948
-0.093194
-0.066973
0.069331
0.409523
0.218380
0.874193
0.296716
0.175671
0.660744
0.651091
0.622309
0.556138
1.413722
0.920203
0.188125
0.220257
0.364048
-0.048492
0.046928
0.096344
-0.099194
0.001068
-0.132519
0.044372
0.705344
0.198338
-0.164146
-0.300451
-0.191032
-0.242209
-0.376333
-0.160804
0.276768
0.816667
0.179186
0.577925
3.113826
1.451978
1.538031
0.775336
1.841810
0.440755
1.243083
0.879202
0.688503
1.031477
0.797303
1.100962
0.523736
0.519654
0.345040
1.159261
0.681979
0.145459
-0.166739
-0.175237
-0.015203
0.072935
-0.164333
0.002256
-0.001637
-0.048369
-0.271267
-0.108767
-0.157230
-0.044646
0.003594
0.692074
0.310031
-0.018032
0.316798
0.191523
-0.286277
-0.293991
-0.132296
-0.109024
-0.018165
0.014347
-0.034275
-0.299119
-0.225946
-0.040468
0.023075
-0.110524
-0.032776
-0.093337
-0.434136
-0.538556
-0.418093
-0.411944
-0.399476
-0.201932
-0.407853
-0.258745
-0.434485
-0.281844
-0.006010
-0.390423
-0.385285
0.183956
-0.348099
-0.300485
-0.385422
-0.511000
-0.267283
-0.435044
-0.479292
-0.167432
-0.390444
-0.437410
-0.316197
-0.490414
-0.319079
0.009790
-0.340154
-0.262890
-0.324274
-0.300840
-0.097633
1.301466
0.290798
1.567195
-0.195959
-0.317479
-0.247398
-0.420100
-0.126136
-0.387097
-0.263682
-0.230455
-0.369222
-0.449638
-0.356018
-0.527378
-0.518359
-0.510399
-0.393385
-0.463598
-0.427437
-0.511733
-0.414442
-0.509719
-0.474988
-0.382832
-0.420056
-0.414687
-0.505509
-0.522223
-0.505539
-0.349967
-0.533677
-0.466961
-0.498435
-0.470898
-0.431628
-0.448133
-0.494882
-0.356186
-0.416165
-0.479558
-0.487685
-0.435721
-0.514361
-0.306105
-0.377303
-0.385941
-0.460920
-0.467966
-0.384347
-0.343852
-0.245133
-0.452686
-0.371639
-0.421297
-0.458534
-0.428505
-0.418587
-0.458737
-0.423513
-0.475104
-0.485026
-0.327564
-0.284271
-0.341956
-0.313097
-0.312541
-0.514258
-0.385357
-0.275314
-0.255923
-0.209133
-0.314950
-0.404072
-0.194375
0.410631
0.407645
0.382830
0.029767
0.832362
0.061288
0.254404
1.444604
0.278281
0.548076
0.727900
-0.032297
0.725139
0.891895
0.619641
1.119668
1.364949
0.506378
0.345122
0.089046
0.152495
0.211963
0.132186
0.336891
0.574359
-0.110794
0.189434
-0.067253
0.011271
-0.114482
-0.034897
0.334371
-0.380209
0.529158
0.235109
-0.030279
0.828165
-0.193552
-0.319133
0.233036
-0.373557
-0.410438
-0.273099
-0.389837
-0.492680
-0.362725
-0.352487
-0.190434
-0.347965
-0.383675
-0.523764
-0.403786
-0.329055
-0.464492
-0.440389
-0.304283
-0.460254
-0.424662
-0.460473
-0.517185
-0.501795
-0.472574
-0.339815
-0.415319
-0.427060
-0.483725
-0.202768
-0.307191
-0.319949
-0.391911
-0.195629
-0.445613
-0.254887
-0.342876
-0.386641
-0.449249
-0.393678
-0.450506
-0.412710
-0.364700
-0.370673
-0.302390
-0.330499
-0.247975
-0.342595
-0.434181
-0.473603
-0.438655
-0.323204
-0.494550
-0.373297
-0.495092
-0.444060
-0.501619
-0.409521
-0.530537
-0.519468
-0.544903
-0.533514
-0.537691
-0.461808
-0.506960
-0.441472
-0.419872
-0.399143
-0.276655
-0.360395
-0.372568
-0.483232
-0.198105
-0.353175
-0.447992
-0.525873
-0.449829
-0.318651
-0.402050
-0.411643
-0.397475
-0.401909
-0.379382
-0.334149
-0.410301
-0.270657
-0.386164
-0.356385
-0.374819
-0.436912
-0.424818
-0.270250
-0.183464
-0.154624
-0.294072
0.076628
-0.401840
-0.291406
-0.416233
-0.391602
-0.234402
-0.389943
-0.371596
-0.434566
-0.059181
-0.412370
-0.423877
-0.565554
-0.418641
-0.339358
-0.397577
-0.478766
-0.538976
-0.491545
-0.399324
-0.412661
-0.376372
-0.196801
0.043262
-0.267953
-0.207198
-0.098565
-0.401295
-0.211321
-0.082117
0.199268
-0.069483
-0.173778
-0.270433
-0.214808
-0.091984
0.218436
-0.016131
-0.181595
-0.084162
-0.269640
-0.238422
-0.125694
-0.251956
-0.235545
-0.083648
-0.327929
-0.432556
-0.394062
-0.314147
-0.271586
0.056832
-0.039394
-0.374925
-0.114169
-0.113365
-0.327575
-0.007070
-0.168617
-0.300952
-0.204470
-0.152629
-0.192606
-0.203985
-0.280451
-0.192204
-0.287237
-0.304175
-0.295861
-0.334804
-0.304197
-0.426559
-0.212560
-0.466395
-0.397189
-0.272506
-0.366851
-0.251708
-0.332846
-0.169008
-0.319236
-0.254096
-0.150294
0.389977
-0.367911
-0.322570
-0.117762
-0.287190
0.042102
-0.281520
-0.205729
0.073104
0.013650
-0.241346
-0.164281
-0.206649
-0.260893
-0.225412
-0.219270
-0.068211
-0.150710
-0.323378
-0.325841
-0.345372
-0.009858
-0.255140
-0.122247
-0.211099
-0.274428
-0.457415
-0.504752
-0.509900
-0.487659
-0.449427
-0.501583
-0.470217
-0.441123
-0.359907
-0.414989
-0.435502
-0.387571
-0.445167
-0.539622
-0.492432
-0.443488
-0.236002
-0.122533
-0.099841
-0.216778
-0.185782
0.411160
0.430442
0.524628
0.715881
0.313361
0.859228
0.251193
0.367230
0.961282
0.558854
1.410673
1.609125
0.682206
1.027079
0.552621
0.317547
0.423772
0.139895
0.191851
1.151387
0.037552
-0.217107
-0.083779
-0.107707
-0.419291
-0.112409
0.211880
-0.402108
-0.287874
-0.225735
-0.163320
0.127120
-0.162027
0.069230
-0.074656
0.134390
-0.385204
-0.368594
-0.403460
-0.251422
-0.306697
-0.338980
-0.262449
-0.134682
-0.300586
-0.156738
-0.494680
-0.388398
-0.459472
-0.334915
-0.471335
-0.463954
-0.370084
-0.295633
-0.440385
-0.131059
-0.455769
-0.277563
-0.287098
-0.253123
-0.411039
-0.351147
-0.455203
-0.476536
-0.458812
-0.329471
-0.334674
-0.512604
-0.357864
-0.209384
-0.404095
-0.463353
-0.390307
-0.479402
-0.384964
-0.460152
-0.463544
-0.509680
-0.517272
-0.432713
-0.527649
-0.438089
-0.233848
-0.158812
-0.438406
-0.391123
-0.418797
-0.504216
-0.379817
-0.503115
-0.516964
-0.458421
-0.401254
-0.455244
-0.281403
-0.272429
-0.213992
-0.287963
-0.356594
-0.412619
0.159321
0.086979
-0.070872
-0.231320
-0.151661
0.263533
0.265964
0.172472
0.230786
0.557352
0.384976
0.804819
0.203305
0.071575
0.242913
0.130055
0.642512
-0.032592
0.321939
0.931368
0.221523
-0.163819
0.220083
-0.100333
0.131386
0.129344
-0.065529
0.298732
0.252837
0.191182
0.157847
1.082356
0.000944
-0.109793
1.914398
1.383383
-0.203864
-0.007213
0.101942
0.208498
0.442920
0.447973
-0.141397
-0.326300
-0.059904
0.091982
-0.280442
-0.225567
-0.224444
-0.401796
-0.146314
-0.291934
0.057361
-0.086776
-0.211455
-0.493654
-0.488536
-0.436676
-0.316265
-0.465485
-0.205716
-0.358009
-0.308617
-0.404206
-0.385963
-0.304796
-0.456074
-0.442376
-0.493522
-0.450704
-0.495814
-0.430652
-0.346884
-0.386099
-0.382278
-0.561264
-0.532831
-0.502246
-0.503138
-0.432553
-0.436196
-0.480499
-0.466291
-0.494065
-0.450628
-0.459138
-0.544672
-0.331363
1.105784
1.232534
0.485717
0.675413
1.069495
1.059986
0.762303
1.782739
0.809212
0.759886
0.650975
0.326227
0.149530
0.382008
0.720090
1.025789
0.997034
0.207362
0.454996
0.871049
0.140796
-0.020042
0.348317
-0.112164
0.117777
0.126675
-0.096934
0.068310
0.252705
0.003170
0.078769
0.011714
-0.141948
-0.238033
-0.160462
-0.015302
-0.142798
-0.256035
-0.110666
-0.315589
-0.272847
-0.171800
-0.270853
-0.446475
-0.381736
-0.303080
-0.334475
-0.157501
-0.106267
-0.209806
-0.229675
0.022607
-0.207172
-0.086422
-0.254610
-0.192761
-0.225862
-0.295901
-0.193729
-0.163529
-0.171652
-0.229779
-0.288077
-0.291709
-0.312096
-0.246032
-0.147747
-0.343380
-0.126872
-0.411217
-0.395184
-0.242249
-0.126653
-0.285636
-0.296654
-0.313034
0.555205
-0.334335
0.013148
-0.228340
-0.409924
-0.422939
-0.244750
-0.431277
-0.250042
-0.396687
-0.371855
-0.297418
-0.231452
-0.228477
-0.389868
-0.273484
-0.383547
-0.402192
-0.515086
-0.433455
-0.342852
-0.510441
-0.442287
-0.427995
-0.523234
0.089474
-0.160487
-0.148784
-0.146927
0.080908
-0.377959
-0.168335
-0.215204
-0.207382
-0.226971
-0.079472
-0.352574
-0.443629
-0.399857
-0.420518
-0.498646
-0.498757
-0.457704
-0.488423
-0.366100
-0.022907
-0.269154
-0.140159
-0.221813
-0.012802
-0.154861
-0.269957
-0.229374
0.649942
-0.058285
-0.054441
-0.106230
-0.172214
0.037438
0.566489
-0.354264
-0.251821
0.227819
-0.133249
0.001816
-0.346234
-0.541757
-0.333595
-0.388543
-0.442584
-0.345103
-0.394678
-0.473056
-0.411888
-0.457147
-0.323820
-0.315784
-0.358312
-0.144092
-0.215066
0.265975
-0.277864
-0.201527
0.018152
-0.205001
-0.044289
0.104809
0.342918
-0.054452
-0.389623
-0.171977
0.118157
-0.221632
-0.379773
-0.287424
-0.271155
0.013505
-0.184725
-0.415181
-0.197082
0.024911
-0.351378
-0.443654
-0.414545
-0.364377
-0.166734
-0.412768
-0.416895
-0.367544
-0.404100
-0.512672
-0.278554
-0.294170
-0.454950
-0.517680
-0.422715
-0.459938
-0.283436
-0.343063
-0.550148
-0.541960
-0.546185
-0.461298
-0.375733
-0.435397
-0.417485
-0.252648
-0.197521
-0.283199
-0.202502
-0.219277
-0.173021
-0.080601
-0.064068
-0.387633
-0.370279
-0.367874
-0.183507
-0.330739
-0.215132
-0.236455
-0.211482
-0.148657
-0.213077
-0.083513
-0.255210
-0.360908
-0.463088
-0.213809
-0.442035
-0.464270
-0.250880
-0.505121
-0.396039
-0.382870
-0.437531
-0.366626
-0.133165
-0.381271
-0.404590
-0.232714
-0.287129
-0.357278
-0.380914
-0.292013
-0.493743
-0.467410
-0.252493
-0.376111
-0.227185
-0.348378
-0.179799
-0.454342
-0.272662
0.120202
-0.368430
-0.256094
-0.260450
-0.108147
0.004683
-0.148966
-0.071396
-0.114161
0.467158
0.138068
-0.241429
-0.221633
0.082102
0.066914
0.153067
0.429085
1.009370
-0.159158
0.135590
-0.125490
-0.232875
0.015272
-0.258349
0.058669
0.007240
-0.144264
-0.159614
0.285211
0.180221
0.477803
1.003340
0.170097
0.722933
0.870609
0.816511
0.501885
0.828733
0.789863
2.792058
1.534106
0.673735
0.188851
1.069037
0.653919
0.204457
0.347698
0.197148
0.811476
0.011672
0.544028
-0.156266
-0.297535
-0.328606
-0.467292
-0.337662
-0.335629
-0.374931
-0.463242
-0.308606
-0.347858
-0.434812
-0.485616
-0.420866
-0.370723
-0.396691
-0.326532
-0.378847
-0.428774
-0.200725
-0.420974
-0.465215
-0.463233
-0.503888
-0.434271
-0.383839
-0.436177
-0.554970
-0.482151
-0.511103
-0.435503
-0.286140
-0.479365
-0.536754
-0.397523
-0.416298
-0.445074
-0.479873
-0.439467
-0.350951
-0.453695
-0.407932
-0.520101
-0.470850
-0.422256
-0.420273
-0.480221
-0.067601
-0.411379
-0.541774
-0.498195
-0.451430
-0.537981
-0.515123
-0.443247
-0.502709
-0.452723
-0.452249
-0.424790
-0.236071
-0.469331
-0.374921
-0.320801
-0.300824
-0.332654
-0.284255
-0.329026
-0.171294
-0.485716
-0.348514
-0.438484
-0.486938
-0.428294
-0.288305
-0.396061
-0.410615
-0.244833
-0.179634
-0.233566
0.038624
-0.225468
0.376333
-0.349194
0.218832
-0.188209
-0.275170
-0.376054
-0.429260
-0.476145
-0.314483
-0.352753
-0.305140
-0.430473
-0.351493
-0.399254
-0.466961
-0.536100
-0.381730
-0.531792
-0.477380
-0.462951
-0.515636
-0.270478
-0.491921
-0.441983
-0.441759
-0.531877
-0.513167
-0.300954
-0.145945
-0.385207
-0.195583
-0.319029
0.088090
-0.119299
-0.299012
0.036956
-0.244465
-0.272126
-0.259076
-0.000753
-0.271262
-0.260009
0.313416
-0.229070
0.130945
-0.075827
0.028831
0.246983
-0.276432
-0.279198
-0.437343
-0.422894
-0.249959
-0.216104
-0.161498
-0.426193
-0.478036
-0.403273
-0.510663
-0.503079
-0.424798
-0.462176
-0.486557
-0.459728
-0.381303
-0.501683
-0.227300
-0.507600
-0.488034
-0.420310
-0.383812
-0.148540
-0.363225
-0.513947
1.094940
-0.352337
-0.525498
-0.460079
-0.511903
-0.471413
-0.388665
-0.514095
-0.343629
-0.455756
-0.439744
-0.507280
-0.483592
-0.470646
-0.486977
-0.424111
-0.457646
-0.453513
-0.447245
-0.454965
-0.454906
-0.414182
-0.431869
-0.501320
-0.127050
-0.441820
-0.244450
-0.233099
-0.013826
0.152790
0.558019
0.056989
0.986231
0.846251
0.247632
-0.002753
-0.000480
0.833712
0.715754
1.132333
0.880606
1.134463
1.823288
0.616138
0.736200
0.712815
0.711512
0.552194
0.576392
0.729274
0.635426
0.204380
0.585678
-0.039167
0.310831
0.511680
0.241841
0.623987
0.110518
-0.381914
-0.455286
-0.338452
-0.277915
-0.370013
-0.290183
-0.203298
0.152415
-0.291494
-0.235532
-0.294220
-0.530692
-0.212922
-0.502491
-0.478355
-0.487213
-0.408866
-0.230576
-0.272145
-0.256541
-0.248593
-0.364429
-0.108710
0.124553
-0.116470
-0.104320
-0.015178
-0.130519
-0.366476
-0.183324
-0.235069
-0.394165
-0.181228
-0.458383
-0.398457
-0.435906
-0.300954
-0.151314
-0.461289
-0.353575
-0.461800
-0.358491
-0.249434
-0.298575
-0.472737
-0.325446
-0.511532
-0.380594
-0.445193
-0.447002
-0.548286
-0.498051
-0.426479
-0.481877
-0.376770
-0.056792
-0.469759
-0.515035
-0.458885
-0.435170
-0.432555
-0.468567
-0.309682
-0.337979
-0.334449
-0.348128
-0.333853
-0.435982
-0.407863
-0.391559
-0.372448
-0.267898
-0.252131
-0.427497
-0.291082
-0.330600
-0.494834
-0.335268
-0.471392
-0.544481
-0.527571
-0.459580
-0.492835
-0.449931
-0.250568
-0.457604
-0.259829
-0.281620
-0.074674
-0.462298
-0.361525
-0.466405
-0.494668
-0.464694
-0.464748
-0.459362
-0.348720
-0.501535
-0.392611
-0.381987
-0.358582
-0.436494
-0.508788
-0.387903
-0.472958
-0.395186
-0.506644
-0.447285
-0.380273
-0.439355
-0.399645
-0.405375
-0.416439
-0.321377
-0.283915
-0.509488
-0.458302
-0.517557
-0.565675
-0.499403
-0.485521
-0.528131
-0.429641
-0.549893
-0.489594
-0.488676
-0.476736
-0.409828
-0.391775
-0.482799
-0.364192
-0.412801
-0.517712
-0.493761
-0.435337
-0.370117
0.167449
-0.087282
0.063481
-0.153530
-0.141046
-0.019284
-0.023017
-0.215370
-0.383290
-0.243689
-0.285557
-0.517592
-0.485389
-0.479828
-0.466276
-0.443406
-0.525109
-0.425641
-0.541903
-0.325470
-0.484073
-0.457658
-0.437115
-0.509101
-0.454833
-0.442302
-0.132505
-0.483241
-0.431538
-0.352727
-0.440025
-0.450637
-0.400761
-0.557011
-0.427003
-0.469338
-0.346704
-0.466263
-0.478923
-0.463343
-0.493429
-0.544731
-0.546029
-0.258952
-0.435578
-0.386928
-0.554123
-0.505010
-0.399747
-0.510740
-0.592101
-0.440548
-0.464440
-0.393276
-0.411403
-0.394246
-0.426105
-0.366297
-0.427596
-0.559954
-0.508344
-0.475407
-0.433374
-0.435091
-0.388638
-0.349269
-0.403535
-0.263491
-0.411209
-0.411104
-0.471242
-0.398248
-0.321660
-0.034984
0.363383
0.337823
0.327515
0.753075
1.178850
0.700721
2.748748
0.284540
0.411859
0.714321
0.545636
0.689146
0.267735
0.408007
0.716096
0.170709
0.213120
1.254569
0.100591
-0.005017
-0.208671
-0.255014
0.019064
0.094107
0.258323
0.051589
-0.012563
0.242722
-0.033052
-0.098359
0.042701
-0.095708
-0.224108
-0.110372
0.179768
0.273617
-0.141635
-0.267673
-0.193515
-0.312812
-0.374731
-0.278853
-0.304728
0.417543
-0.414899
-0.355922
-0.367293
-0.263005
-0.348602
-0.117496
-0.231237
-0.352605
-0.459142
-0.147876
-0.287435
-0.403795
-0.378801
-0.149776
-0.295569
-0.284592
-0.448803
-0.420614
-0.413625
-0.433686
-0.195966
-0.378636
-0.440811
-0.385428
-0.408679
-0.442167
-0.460644
-0.270496
-0.413764
-0.463958
-0.471354
-0.523137
-0.497569
-0.476718
-0.337365
-0.487721
-0.425515
-0.537945
-0.505946
-0.460141
-0.440406
-0.419559
-0.262649
-0.454649
-0.549568
-0.505980
-0.507904
-0.474485
-0.481758
-0.453155
-0.234877
-0.437091
-0.314793
-0.392477
-0.287479
-0.311667
-0.368523
-0.459843
-0.298033
-0.412157
-0.514107
-0.509542
-0.573738
-0.483327
-0.427991
-0.491660
-0.467543
-0.480995
-0.501904
-0.513588
-0.469372
-0.527231
-0.559988
-0.452655
-0.488776
-0.266962
-0.351848
-0.390946
-0.360257
-0.405182
-0.468581
-0.390376
-0.421719
-0.479485
-0.276761
-0.374998
-0.516286
-0.520788
-0.429006
-0.373041
-0.478437
-0.420329
-0.474113
-0.349606
-0.499765
-0.537999
-0.571997
-0.440329
-0.546436
-0.385371
-0.497879
-0.141198
-0.538362
-0.391599
-0.346870
-0.394569
-0.535603
-0.378674
-0.358953
-0.379494
-0.377573
-0.485314
-0.386969
-0.472988
-0.544096
-0.449635
-0.524598
-0.449336
-0.386375
0.039891
-0.245158
-0.384294
0.125641
-0.291073
-0.401388
-0.341576
-0.180171
-0.404728
-0.385607
-0.407607
-0.421737
-0.266226
-0.395150
-0.518643
-0.283116
-0.410370
-0.504687
-0.577452
-0.428369
-0.467002
-0.482278
-0.521707
-0.568605
-0.493588
0.054352
-0.223716
-0.268719
-0.152876
0.031503
-0.278611
-0.380146
-0.412013
-0.477595
-0.412028
-0.319616
-0.475108
-0.483196
-0.331340
-0.518511
-0.551929
-0.495019
-0.336673
-0.531835
-0.414686
-0.456916
-0.478955
-0.389415
-0.346938
-0.432356
-0.479963
-0.250843
-0.468175
-0.236843
-0.488171
-0.482863
-0.486587
-0.549191
-0.532074
-0.525763
-0.611441
-0.533984
-0.488675
-0.485237
-0.419698
-0.430279
-0.376290
-0.422223
-0.337076
-0.435380
-0.489254
-0.332530
-0.389305
-0.439814
-0.080576
-0.324781
0.286317
-0.097068
0.070250
-0.279235
-0.174471
-0.157084
-0.150260
-0.193949
-0.250373
-0.287064
-0.233455
-0.174224
0.142744
-0.096153
-0.211426
-0.156742
0.006361
0.521571
0.124069
-0.036642
0.280690
-0.011511
-0.221283
-0.063120
0.081319
0.114306
-0.229869
0.418013
0.317449
1.204585
0.722071
-0.005834
0.001879
0.184251
0.033726
0.090567
-0.067463
-0.095122
-0.079396
-0.206434
-0.116945
-0.254524
-0.055718
-0.251688
-0.104510
-0.111037
0.005711
-0.142622
-0.262291
-0.164170
-0.192800
-0.202498
0.230781
-0.128747
0.164067
-0.203276
-0.114548
-0.153317
-0.101594
-0.130189
-0.284139
-0.277829
-0.231108
-0.189041
-0.414642
-0.020944
-0.245440
-0.455974
-0.272166
-0.282106
-0.307156
-0.120029
-0.416708
-0.368398
-0.512537
-0.390432
-0.399005
-0.517125
-0.457345
-0.358864
-0.436586
-0.433340
-0.478039
-0.432661
-0.410094
-0.558692
-0.532672
-0.406364
-0.403353
-0.409355
-0.368469
-0.481183
-0.304363
-0.537369
-0.499277
-0.509110
-0.447442
-0.493438
-0.418533
-0.481796
-0.514091
-0.465969
-0.499689
-0.469038
-0.481637
-0.419887
-0.486234
-0.322820
-0.470988
-0.319498
-0.346232
-0.544845
-0.364035
-0.441356
-0.477300
-0.518674
-0.255783
-0.469731
-0.412254
-0.490573
-0.516142
-0.448484
-0.423373
-0.534141
-0.432782
-0.428918
-0.549386
-0.506689
-0.546389
-0.507433
-0.445028
-0.513426
-0.507064
-0.392207
-0.465111
-0.512057
-0.472686
-0.419428
-0.542618
-0.544306
-0.577025
-0.490141
-0.525548
-0.561734
-0.387322
-0.511436
-0.500302
-0.442309
-0.484813
-0.504208
-0.409221
-0.448578
-0.536477
-0.467743
-0.421889
-0.485954
-0.473467
-0.382794
-0.082114
-0.097320
-0.263472
-0.329860
-0.192001
-0.406682
-0.354622
-0.330562
-0.324051
-0.239706
-0.402007
-0.273480
-0.368829
-0.262584
-0.225431
-0.260116
-0.391884
-0.347671
-0.425556
-0.434172
-0.436816
-0.315276
-0.437642
-0.425965
-0.285136
-0.348231
-0.426434
-0.430103
-0.435121
-0.457781
-0.310262
-0.467851
-0.407093
-0.413937
-0.523483
-0.465441
-0.435092
-0.511493
-0.554956
-0.408009
-0.482081
-0.538894
-0.472781
-0.558534
-0.450298
-0.431011
-0.496216
-0.510319
-0.398374
-0.485057
-0.406808
-0.465344
-0.421240
-0.307322
-0.364358
-0.324228
-0.214092
-0.289458
-0.266102
-0.448589
-0.472052
-0.356434
-0.454371
-0.406655
-0.456728
-0.381258
-0.311212
-0.466824
-0.509530
-0.482417
-0.307155
-0.450722
-0.319283
-0.432796
-0.367440
-0.295771
-0.331790
-0.412849
-0.363559
-0.425651
-0.470851
-0.465448
-0.490807
-0.453384
-0.122303
-0.331341
-0.372927
-0.399298
-0.511614
0.032802
-0.318099
-0.043180
0.408862
-0.104591
-0.115556
-0.131644
-0.241096
-0.242585
0.086318
-0.418985
-0.434152
-0.395783
-0.335179
-0.446280
-0.451622
-0.345948
-0.286805
-0.461095
-0.406725
-0.451225
-0.395908
-0.478849
-0.444979
-0.439016
-0.492617
-0.350003
-0.456753
-0.470059
-0.414734
-0.488769
-0.437175
-0.474978
-0.256889
-0.438096
-0.415045
-0.455146
-0.539370
-0.503387
-0.475559
-0.551252
-0.541863
-0.454575
-0.419540
-0.504507
-0.258163
-0.401555
-0.428826
-0.507918
-0.488125
-0.401494
0.081297
0.250200
-0.088560
-0.215505
-0.146250
-0.295095
0.267260
0.624970
0.318718
0.388797
0.801116
1.295983
1.561578
0.887910
1.143599
1.285168
1.310192
2.042683
1.658107
0.784111
0.724216
1.633420
0.702930
1.428876
1.919497
0.885019
1.107233
0.453643
2.285131
0.596935
-0.036055
0.711154
0.474250
0.113835
1.106133
0.315634
0.555116
0.045389
0.306995
0.394096
0.449824
1.279023
0.569688
1.117076
1.731477
0.919869
1.134630
1.333204
0.475598
0.269742
0.387057
0.258747
0.285182
0.370831
-0.083208
-0.086390
0.066229
-0.015194
0.418683
-0.126773
-0.096392
-0.129861
-0.361389
-0.025433
0.205428
0.007816
-0.076376
-0.171442
-0.184358
0.030090
0.087905
-0.221558
-0.078457
-0.227919
-0.129881
-0.012844
-0.251722
-0.272048
-0.300709
-0.244219
-0.472669
-0.362618
-0.327717
-0.266776
-0.305622
-0.414142
-0.359274
-0.437874
-0.380798
-0.410747
-0.352394
-0.435602
-0.453395
-0.402581
-0.379916
-0.199583
-0.281627
-0.307797
-0.299144
-0.363839
-0.451389
-0.113031
-0.435746
-0.378371
-0.346226
-0.483556
-0.446699
-0.421977
-0.471146
-0.533626
-0.433334
-0.339553
-0.436607
-0.338671
-0.393240
-0.512615
-0.533561
-0.449707
-0.320097
-0.504727
-0.516705
-0.404009
-0.367818
-0.501829
-0.481359
-0.414159
-0.524590
-0.548380
-0.428724
-0.473204
-0.497923
-0.450665
-0.518505
-0.374106
-0.447085
-0.445450
-0.188301
-0.397402
-0.175333
-0.323162
-0.438995
-0.480537
-0.486698
-0.488462
-0.489343
-0.465607
-0.294366
-0.320721
-0.266074
-0.436096
-0.457358
-0.451902
-0.312788
-0.334564
-0.272146
-0.304524
-0.337706
-0.390189
-0.228622
-0.042636
-0.175433
-0.274628
-0.296431
-0.156291
-0.273236
-0.224489
-0.181068
-0.310776
-0.290373
-0.447834
-0.420488
-0.191563
-0.344515
-0.349365
-0.263501
-0.280892
0.025718
-0.399892
-0.158564
-0.457166
-0.446816
-0.384043
-0.335831
-0.373479
-0.474653
-0.458479
-0.374729
-0.283064
-0.512166
-0.471490
-0.429918
-0.232956
-0.501774
-0.502846
-0.522110
-0.504049
-0.297693
-0.453759
-0.546611
-0.334699
-0.246183
-0.039867
-0.266360
-0.131368
-0.135869
-0.158781
-0.067241
-0.502800
-0.293881
-0.344209
-0.435407
-0.377579
-0.305911
-0.249576
-0.333532
-0.150635
-0.426389
-0.475948
-0.307723
-0.485573
-0.350573
-0.384187
-0.450298
-0.326791
-0.420174
-0.492566
-0.348685
-0.401126
-0.391791
-0.357855
-0.462819
-0.430527
-0.373665
-0.463472
-0.512916
-0.349278
-0.552244
-0.243361
-0.354710
-0.291836
-0.414206
-0.502559
-0.471071
-0.363963
-0.342510
-0.531971
-0.413616
-0.337349
-0.451499
-0.429314
-0.448876
-0.361567
-0.423780
-0.327431
-0.284734
-0.320003
-0.290875
-0.402295
-0.438324
-0.515798
-0.449918
-0.076996
-0.426139
-0.448510
-0.144593
-0.363258
-0.272994
-0.453954
-0.447363
-0.371760
-0.324436
-0.331400
-0.377138
-0.228842
-0.458308
-0.431152
-0.541459
-0.401024
0.363338
-0.180340
-0.396038
-0.361464
-0.447431
-0.379359
-0.390023
-0.404630
-0.486999
-0.407096
-0.436283
-0.418377
-0.421451
-0.370239
-0.386025
-0.360739
-0.512229
-0.410669
-0.294099
-0.296910
0.063418
-0.355065
-0.387926
-0.220412
-0.361080
-0.291929
-0.412533
-0.191622
-0.199687
-0.051654
-0.206821
-0.159618
-0.296390
-0.386460
-0.491148
-0.412308
-0.352966
-0.460945
-0.266209
-0.267795
-0.373608
-0.239461
-0.177100
-0.196217
-0.259640
-0.172499
-0.012998
0.508616
0.349927
0.218436
0.446665
0.259434
0.305345
0.481600
0.280793
0.499169
0.310075
0.111777
0.601145
0.000748
0.028213
0.044904
1.082297
-0.016888
0.049279
0.103105
0.861776
0.180084
0.139920
-0.163717
-0.045225
0.085517
-0.139417
-0.130873
-0.301784
2.624014
-0.116159
-0.182472
-0.149715
0.186959
-0.267718
-0.006344
-0.216051
-0.072618
0.019177
-0.188071
-0.096698
0.160225
-0.325479
-0.352672
-0.317557
-0.437898
-0.386083
-0.272246
-0.445715
-0.314160
-0.268512
-0.474698
-0.367384
-0.250451
-0.371764
-0.512772
-0.395372
-0.413190
-0.379053
-0.418938
-0.316298
-0.301650
-0.275592
-0.332576
-0.478796
-0.374621
-0.554180
-0.511125
-0.396208
1.051504
1.806055
0.755894
1.617139
2.492657
1.076902
0.635465
2.330101
2.857850
0.908479
1.160253
1.577411
1.333096
1.212632
2.546307
2.284560
2.148042
0.778390
1.285173
1.514307
1.265699
0.832638
0.927764
1.214313
0.776473
0.531230
1.091651
0.751320
0.686430
0.811967
0.576741
0.683540
0.074809
0.841403
0.416054
0.759708
0.516286
0.410223
0.629250
0.766990
0.992292
1.429018
0.739582
0.648534
0.661053
0.624143
0.355701
0.018971
0.027810
0.482811
0.432784
0.533401
0.252016
0.211052
-0.014414
-0.013305
0.151446
0.378947
0.366524
0.204835
0.080683
0.379340
-0.259478
0.553900
0.257308
0.171269
0.149924
0.173495
0.195669
0.461229
0.352994
0.984667
0.409107
0.218504
-0.318483
-0.326443
-0.358423
0.151196
0.181362
-0.159433
0.597389
0.347358
-0.101479
0.333821
-0.045913
0.409417
0.197624
0.275943
-0.397072
-0.373996
-0.441043
-0.345772
-0.302747
-0.364861
-0.415463
-0.236380
-0.052494
-0.427465
-0.502233
-0.151448
-0.429623
-0.264550
-0.276780
-0.458957
-0.499528
-0.490736
-0.456327
-0.348175
-0.562722
-0.512442
-0.526388
-0.406066
-0.310631
-0.520695
-0.427878
-0.479883
-0.537605
-0.472958
-0.370894
-0.352210
-0.543029
-0.417158
-0.386760
-0.536981
-0.492896
-0.542131
-0.476638
-0.519894
-0.511700
-0.480587
-0.341314
-0.509832
-0.421576
-0.512086
-0.495109
-0.473494
-0.368538
-0.446678
-0.362463
-0.543225
-0.354114
-0.405070
-0.490501
-0.462498
-0.481900
-0.365072
-0.432124
-0.355240
-0.396742
-0.391659
-0.416550
-0.219487
-0.383251
-0.426587
-0.453073
-0.397762
-0.328897
-0.410483
-0.425939
-0.485656
-0.446252
-0.394001
-0.390730
-0.413255
-0.432260
-0.307070
-0.334697
-0.325514
-0.164804
-0.276262
-0.422452
-0.359091
-0.047094
0.074829
0.339911
-0.065736
-0.081107
0.029364
-0.279636
0.045686
0.215707
0.205654
-0.291491
-0.119431
-0.404503
-0.431802
-0.217479
-0.491359
-0.390032
-0.440483
-0.351164
-0.460179
-0.212813
-0.345300
-0.530430
-0.326555
-0.440580
-0.222857
-0.424159
-0.293319
-0.376961
-0.208701
-0.310556
-0.156282
-0.283381
-0.438297
-0.266312
-0.236744
-0.404966
-0.398055
-0.231548
-0.388561
-0.406352
-0.425048
-0.547134
-0.425279
-0.384024
-0.371840
-0.332045
-0.333443
-0.434100
-0.328005
-0.516472
-0.505794
-0.539866
-0.330125
-0.480741
-0.370749
-0.304953
-0.476646
-0.461823
-0.480605
-0.527638
-0.441531
-0.403266
-0.340985
-0.333366
-0.229358
0.368788
-0.212314
-0.258688
-0.099166
-0.343194
-0.332214
-0.007169
-0.216689
-0.211342
-0.353057
-0.343027
-0.518742
-0.094514
-0.145459
-0.028919
-0.140318
0.006962
-0.180914
-0.299855
-0.265207
-0.190584
0.168485
0.301408
-0.066456
-0.373275
-0.446179
-0.249123
-0.360567
-0.320391
0.071731
-0.207997
0.044358
-0.134580
0.239523
-0.109204
-0.278485
-0.009944
0.045486
-0.147375
-0.159719
0.091993
1.435852
0.013433
0.360168
0.917169
0.083665
0.784289
1.047269
0.104352
0.036337
-0.289229
-0.054221
-0.189115
-0.081709
0.906171
0.954534
0.710482
1.918687
0.807345
1.544608
1.119776
0.787107
2.397484
1.829793
2.456017
2.988719
2.204769
1.389145
1.011984
1.601290
2.050911
1.288690
1.828247
2.301839
1.838454
1.177928
1.675970
2.480200
1.003656
0.607622
0.937843
0.662980
0.939746
0.066310
1.229026
0.351044
-0.093369
0.089980
0.440302
0.247742
0.487317
0.315460
0.543846
0.570799
1.034111
0.108056
0.358327
0.071761
0.691081
0.356876
0.110607
0.408580
0.095929
0.595720
0.245181
0.517887
0.162039
0.073549
0.177542
-0.200415
0.375787
-0.002002
0.018220
-0.446395
-0.202323
-0.347928
-0.306274
-0.078454
-0.008222
-0.339900
0.472015
-0.195893
0.045547
0.023171
-0.224521
-0.330812
-0.468607
-0.484329
-0.383866
-0.439142
-0.444539
-0.407615
-0.368285
-0.450747
-0.455531
-0.383427
-0.486357
-0.476343
-0.514773
-0.494338
-0.364177
-0.419970
-0.324429
-0.353678
-0.410280
-0.293300
-0.350616
-0.295865
-0.394751
-0.482066
-0.444904
-0.441342
-0.304618
-0.441101
-0.288196
-0.426374
-0.482419
-0.460986
-0.448483
-0.413853
-0.504889
-0.421671
-0.425881
-0.467172
-0.340109
-0.354102
-0.452909
-0.468368
-0.495850
-0.353264
-0.225720
-0.352907
-0.029990
-0.025151
-0.281934
-0.215445
-0.413048
-0.434496
-0.497375
-0.370233
-0.523100
-0.341844
-0.452402
-0.417586
-0.323928
-0.386051
-0.475233
-0.381115
-0.377557
-0.430941
-0.432111
-0.503873
-0.283358
-0.404791
-0.503432
-0.520849
-0.399887
-0.348172
-0.377212
-0.421532
-0.347542
-0.421306
-0.459271
-0.558310
-0.410756
-0.500691
-0.329184
-0.411323
-0.341078
-0.525022
-0.391502
-0.497935
-0.227645
-0.115414
-0.250496
0.043106
-0.337597
0.099657
-0.155379
0.103160
0.219034
-0.188896
0.441888
0.984163
0.461476
0.573266
0.472051
0.420412
0.749159
0.763229
0.051451
0.751077
0.726503
-0.023027
1.551774
0.980477
-0.027943
0.136201
-0.120975
-0.052582
-0.232732
-0.321500
-0.239201
0.089160
-0.360501
-0.310219
-0.394242
-0.494770
-0.514151
-0.325593
-0.417152
-0.442591
-0.382168
-0.326386
-0.442475
-0.539265
-0.530016
-0.544216
-0.420204
-0.531867
-0.516265
-0.517580
-0.090074
-0.234018
-0.409563
-0.421632
-0.481256
-0.435485
-0.297623
-0.154398
-0.313567
-0.322532
-0.318435
-0.360517
-0.419669
-0.377350
-0.313036
-0.171578
-0.426189
-0.468486
-0.446502
-0.554278
-0.426546
-0.388078
-0.479834
-0.444070
-0.303050
-0.163111
0.110854
-0.210676
-0.062290
0.001326
0.150180
-0.022136
0.267661
0.152180
-0.308340
0.026982
-0.261342
-0.229072
0.090861
-0.004760
-0.046169
-0.362203
-0.202189
-0.304902
-0.162590
-0.368685
-0.349685
-0.529752
-0.423763
-0.499375
-0.480821
-0.494214
-0.467930
-0.411545
-0.469817
-0.398999
-0.460880
-0.573604
-0.449206
-0.438579
-0.418524
-0.513131
-0.475195
-0.473649
-0.393044
-0.359364
-0.534846
-0.460323
-0.373265
-0.366426
-0.326118
-0.506122
-0.530573
-0.490974
-0.438610
-0.547409
-0.500239
-0.415356
-0.025422
-0.401404
-0.116137
-0.359494
-0.422962
-0.278988
-0.350208
-0.348630
-0.313735
-0.218329
-0.435371
-0.341964
-0.339223
-0.456985
-0.451394
-0.352510
-0.434611
-0.428141
-0.419152
-0.300469
-0.358767
-0.528809
-0.470075
-0.359532
-0.384689
-0.515673
-0.449104
-0.451635
-0.405887
-0.517816
-0.547852
-0.592147
-0.456865
-0.512318
-0.421752
-0.452754
-0.465547
-0.307023
-0.304458
-0.293033
-0.307897
-0.156542
-0.195163
0.373183
0.258216
-0.295485
-0.202535
-0.347129
-0.023395
0.034806
0.018146
-0.067036
0.661195
-0.224036
-0.150773
-0.023942
-0.178094
-0.319641
-0.119283
-0.211526
-0.155363
0.061737
-0.423520
-0.427041
-0.446979
-0.005845
-0.147549
0.114216
0.341380
0.052461
0.069038
-0.109540
0.311422
-0.182554
-0.018142
0.150038
0.477541
-0.011165
-0.258659
-0.244693
-0.246683
-0.081595
0.095516
-0.311197
-0.368399
-0.418217
-0.315108
-0.233148
-0.440363
-0.006897
0.060223
-0.181862
-0.188075
0.129807
-0.214550
0.106226
-0.197734
0.730231
-0.021146
0.367882
-0.429681
-0.038341
0.302295
-0.358600
0.296949
0.355828
-0.174352
-0.153001
-0.117470
-0.255713
-0.335079
-0.446878
-0.405579
-0.423263
-0.287039
-0.212413
-0.385688
-0.250439
-0.294393
-0.354921
-0.272919
-0.383995
-0.039886
-0.063915
-0.105028
0.648880
-0.124659
-0.045701
-0.195665
-0.138808
-0.280815
-0.219247
-0.039453
-0.307949
-0.102169
-0.175492
-0.344116
0.143255
-0.126491
-0.093581
-0.131725
-0.070912
-0.398389
-0.122144
-0.321702
-0.321525
-0.198390
-0.255155
-0.033811
-0.153624
-0.266577
0.227901
-0.377847
-0.502464
-0.445062
-0.433632
-0.443616
-0.586712
-0.520025
-0.377183
-0.134510
-0.305864
0.034944
-0.121977
-0.421088
-0.128910
-0.092730
0.179229
0.282474
-0.116572
0.402766
1.233147
1.785507
0.551794
2.318555
0.781294
0.954688
0.544763
0.162689
0.396121
0.326561
0.172728
0.542954
0.099472
0.049220
0.322755
-0.217608
0.161066
0.449105
-0.121803
-0.337733
-0.269385
-0.223803
-0.368839
-0.289995
-0.456856
-0.237003
-0.328957
0.037704
-0.181233
-0.347557
-0.255773
-0.332845
-0.420937
-0.469206
-0.484989
-0.384171
-0.424025
-0.454758
-0.289385
-0.142541
-0.391416
-0.375749
-0.320737
-0.444913
-0.139288
-0.458598
-0.227248
-0.324739
-0.420567
-0.462163
-0.425438
-0.323932
-0.277306
-0.163758
-0.298305
-0.209674
-0.076143
-0.403116
-0.471132
-0.416830
-0.479345
-0.398839
-0.370293
-0.488577
-0.251703
-0.226903
-0.341044
-0.286119
-0.425821
-0.484907
-0.462404
-0.413570
-0.427954
-0.446473
-0.379633
-0.348979
-0.286221
-0.395866
-0.331873
-0.101291
-0.275693
-0.203316
-0.281175
0.061089
0.247038
-0.010748
0.358683
0.164648
0.076595
0.165580
0.397929
-0.087324
0.265423
-0.005932
0.308072
0.177308
0.112608
-0.003297
0.422925
0.302294
0.697102
0.143533
0.411359
0.302669
0.438469
0.886931
0.491567
0.894345
0.436274
0.220620
0.500219
0.207922
0.447522
0.611523
1.206249
0.585753
0.851689
0.927217
0.348515
0.464893
0.006122
0.474243
0.084616
0.175126
0.543747
0.350871
0.423443
0.562752
0.399983
0.726225
0.187920
0.096756
-0.024496
0.018166
0.039881
0.305858
0.381469
-0.055525
0.306588
0.192287
0.012408
0.179831
4.258904
0.127319
-0.156245
-0.251988
0.080834
-0.337448
-0.301937
-0.204898
-0.278867
-0.294421
-0.412392
-0.284665
-0.224492
-0.296468
-0.197450
-0.411789
-0.184925
-0.243152
-0.336796
-0.405275
-0.249069
-0.401162
-0.254065
-0.401553
-0.285366
-0.325443
-0.376331
-0.179311
-0.516362
-0.313870
-0.332170
-0.539453
-0.411836
0.252801
2.113214
0.468523
0.836087
1.408137
1.755183
2.423010
1.075014
0.847517
1.380629
1.433759
0.768308
2.710417
1.904643
1.497132
2.686742
3.831322
4.626003
5.447419
4.400462
1.779937
6.200897
2.406286
2.672978
2.055466
1.706426
2.241442
0.022170
-0.348814
-0.215716
-0.049904
-0.285873
-0.021181
0.024708
-0.175027
-0.309813
-0.027931
-0.147815
-0.069654
-0.183685
-0.427861
-0.319559
-0.358136
-0.396942
-0.310753
-0.239165
-0.267638
-0.231729
-0.425279
-0.137925
-0.229631
-0.133047
-0.366706
-0.413306
-0.430516
-0.268118
-0.432404
-0.354959
-0.371365
-0.451608
-0.299214
-0.133490
-0.431415
-0.276492
-0.515427
-0.425157
-0.186131
-0.503440
-0.258906
-0.476141
-0.406125
-0.420533
-0.459411
-0.478029
-0.425445
-0.435373
-0.464263
-0.468244
-0.434239
-0.418646
-0.448593
-0.428115
-0.412702
-0.369087
-0.363357
-0.399321
-0.045525
-0.444133
-0.301782
-0.454688
-0.348756
-0.338433
-0.515642
-0.497830
-0.063061
0.157264
-0.309852
-0.366570
-0.312390
0.007943
-0.139870
-0.256113
-0.331792
0.024658
-0.243875
-0.385034
-0.348416
-0.386432
-0.374974
-0.399304
-0.423439
-0.424165
-0.384083
-0.514272
-0.408224
-0.475655
-0.380577
-0.514628
-0.378994
-0.447255
-0.329472
0.050540
-0.120528
-0.137149
0.096122
-0.050893
0.736071
0.194863
0.820469
0.217965
-0.242095
-0.331828
-0.439304
-0.342700
-0.415760
-0.409666
-0.291492
-0.259829
-0.369338
-0.355511
-0.099675
-0.533188
-0.168463
-0.334876
-0.217549
-0.420413
-0.140776
-0.371860
-0.037711
-0.034869
-0.311173
-0.298474
-0.420117
-0.301373
-0.232056
-0.351508
-0.335837
-0.418696
-0.415133
-0.343660
-0.371082
-0.316902
-0.313360
-0.068350
-0.167397
-0.061393
0.730943
0.346006
0.283955
0.080655
-0.111179
0.084175
0.179314
-0.226770
-0.465124
-0.217365
-0.499350
-0.378389
-0.381297
-0.334852
-0.131263
-0.303825
-0.384882
-0.277018
-0.388473
-0.364563
-0.417717
-0.377309
-0.314911
-0.466290
-0.393315
-0.376011
-0.321136
-0.299390
-0.376185
-0.196511
-0.369196
-0.450399
-0.514620
-0.537199
-0.496952
-0.445497
-0.547907
-0.390219
-0.515893
-0.387452
-0.466896
-0.479861
-0.537542
-0.380840
-0.492770
-0.498613
-0.503945
-0.516754
-0.505651
-0.521703
-0.484803
-0.169174
-0.335466
-0.533511
-0.517615
-0.435612
-0.445492
-0.561942
-0.478787
-0.510010
-0.477462
-0.526529
-0.559988
-0.439276
-0.468449
-0.470155
-0.518244
-0.352406
-0.587675
-0.268838
-0.565188
-0.329816
-0.322594
-0.407069
-0.550719
-0.536777
-0.478984
-0.405820
-0.370197
-0.410404
-0.426182
-0.532386
-0.460851
-0.424562
-0.299704
-0.403673
-0.488326
-0.438852
-0.397717
-0.382574
-0.205511
-0.174311
-0.261996
-0.028374
0.247899
-0.241444
-0.232185
-0.459033
-0.534150
-0.516726
-0.396061
-0.394344
-0.381859
-0.441255
-0.350306
-0.519156
-0.433696
-0.345426
-0.511921
-0.524861
-0.434101
-0.464179
-0.407037
-0.483616
-0.404905
-0.382642
-0.153273
-0.253027
-0.262695
-0.436251
-0.215985
0.079316
-0.423312
-0.141681
-0.428748
-0.138151
-0.480931
-0.357254
-0.173644
-0.140531
-0.394641
-0.456471
-0.317519
-0.397435
-0.391654
-0.509567
-0.378782
-0.544069
-0.512966
-0.564529
-0.361396
-0.489609
-0.509741
-0.482952
-0.473407
-0.533122
-0.474625
-0.343622
-0.267504
-0.350429
-0.361744
-0.289133
-0.019715
-0.347399
-0.072108
0.063452
-0.314479
-0.064655
-0.028054
0.532942
0.403577
0.573472
0.371216
0.122174
-0.031579
0.349647
-0.179385
0.119582
0.432824
-0.120958
-0.148466
-0.078512
-0.005470
-0.216128
-0.151197
0.320493
0.241555
-0.093052
-0.231560
-0.227425
-0.026048
-0.356557
-0.117779
-0.289498
0.104316
-0.218950
-0.033625
-0.366343
-0.283079
-0.363076
-0.389103
-0.446167
-0.479686
-0.233681
-0.127396
-0.312120
-0.142654
-0.326653
-0.039512
0.001093
-0.298346
-0.210937
-0.171986
-0.306510
-0.400008
-0.435517
-0.358453
-0.395631
-0.330059
-0.303122
-0.154173
-0.010948
0.176489
-0.316386
-0.284363
-0.437252
-0.417706
-0.364537
-0.287253
-0.429792
0.058689
2.103124
0.305740
-0.195375
0.616009
0.046478
0.684887
0.313282
0.348061
0.451343
0.147091
0.471909
-0.210356
-0.198710
-0.256731
-0.164926
-0.018427
-0.165548
-0.197291
-0.048168
-0.127149
-0.286514
-0.365620
-0.299301
-0.453422
0.074765
-0.368999
-0.421497
-0.387661
-0.376183
-0.276613
-0.331908
-0.335589
-0.375248
-0.347770
-0.240712
-0.348781
-0.322188
-0.381338
-0.370929
-0.256083
-0.195050
-0.283968
-0.416058
-0.298454
-0.396665
-0.331679
0.013118
-0.285092
-0.263040
-0.381641
-0.346632
-0.168917
-0.006207
0.071884
-0.249868
-0.233453
-0.078825
0.068896
-0.372551
-0.265619
-0.430980
-0.400332
-0.480896
-0.402258
-0.611532
-0.426620
-0.475692
-0.387538
-0.412586
-0.449104
-0.052677
-0.484454
-0.432065
-0.422810
-0.584873
-0.335381
-0.440963
-0.477243
-0.376084
-0.348037
-0.373934
-0.428686
-0.498027
-0.483436
-0.400166
-0.432638
-0.471469
-0.478419
-0.415110
-0.485020
-0.473312
-0.469047
-0.449654
-0.408243
-0.389520
-0.312499
-0.418189
-0.390529
-0.317110
-0.464207
-0.468352
-0.441477
-0.556953
-0.327621
-0.383710
-0.428546
-0.379877
-0.346308
-0.307761
-0.422220
-0.286557
-0.419301
-0.445331
-0.376949
-0.327550
-0.526757
-0.471119
-0.432935
-0.383126
-0.443263
-0.391475
-0.436403
-0.451561
-0.382443
-0.427063
-0.312468
-0.381237
-0.469597
-0.480123
-0.380512
-0.445921
-0.325031
-0.463948
-0.389383
-0.509374
-0.564369
-0.540630
-0.424694
-0.507503
-0.362894
0.676114
2.988712
3.979855
4.378148
3.902474
5.082508
2.065464
4.128575
3.860911
3.097540
3.859877
4.073486
3.295749
5.104795
3.753516
4.127278
4.374853
2.979722
4.059167
1.809720
3.932977
6.024720
1.251174
0.979896
-0.168950
0.079287
0.116350
0.201378
0.221505
0.080941
0.260006
0.259328
0.255602
-0.169898
0.010599
-0.283188
-0.215574
-0.342259
-0.268080
-0.067891
0.075650
-0.195645
-0.298379
0.836027
-0.177217
-0.216438
-0.224122
-0.053159
-0.233889
-0.276766
-0.412148
0.045768
-0.379936
-0.397331
-0.475815
-0.310536
-0.506053
-0.421471
-0.156839
-0.432163
-0.201865
-0.377541
-0.531151
-0.403835
-0.530194
-0.375583
-0.458323
-0.559522
-0.375762
-0.438567
-0.375274
-0.260081
-0.391149
-0.417212
-0.396616
-0.464232
-0.449855
-0.431794
-0.411598
-0.358523
-0.043129
-0.314967
-0.429693
-0.524161
-0.153547
-0.387787
-0.467950
-0.431185
-0.454165
-0.367079
-0.489615
-0.416984
-0.533489
-0.481887
-0.410199
0.225017
0.007951
-0.138201
-0.106107
0.453717
-0.173041
-0.130313
-0.249188
-0.315129
-0.368040
-0.482738
-0.304295
-0.489739
-0.435935
-0.439831
-0.370311
-0.479901
-0.431876
-0.410330
-0.410219
-0.461850
-0.464457
-0.448693
-0.442649
-0.459472
-0.522967
-0.345475
-0.270509
-0.148317
-0.280603
-0.167268
-0.241545
-0.297269
-0.287434
-0.346814
-0.186571
-0.335886
-0.368042
-0.280097
-0.257169
-0.107103
-0.341987
-0.367877
-0.408171
-0.321018
-0.265176
-0.313925
-0.264512
-0.301560
-0.394462
-0.193292
-0.419473
-0.209098
-0.108540
-0.293461
-0.238604
-0.159045
-0.348286
-0.325025
-0.374682
-0.446607
-0.515451
-0.323991
-0.259095
-0.256843
-0.394126
-0.228851
-0.112397
-0.068472
-0.159738
-0.299105
-0.356670
-0.402698
0.814868
-0.397606
-0.419312
-0.342813
-0.213083
-0.389586
-0.273426
-0.405440
-0.425292
-0.438488
-0.506528
-0.583509
-0.519330
-0.389111
-0.494593
-0.515924
-0.451931
-0.384945
-0.399487
-0.508840
-0.035673
-0.317648
-0.191689
-0.279450
-0.366772
-0.241051
-0.396098
-0.387240
-0.484068
-0.418140
-0.270651
-0.409152
-0.266024
-0.213081
-0.276133
-0.251111
-0.261341
-0.156842
-0.102703
0.008564
1.298755
3.381415
3.472904
3.128152
2.572825
5.371769
3.476042
3.224856
7.241407
5.242775
4.467150
3.979877
2.671256
3.209460
2.623913
4.547766
5.496349
8.575774
6.176107
4.101350
6.999684
6.342830
4.552859
4.902239
8.414003
16.411227
9.080725
11.026000
7.772651
4.536680
7.784746
4.222701
4.874263
4.961008
4.737153
4.497202
8.416954
3.831870
7.518136
10.427481
9.704244
5.221433
3.013455
3.242486
2.371780
2.678784
3.122591
2.241523
2.561494
5.507384
3.799352
4.960804
4.073211
6.371288
12.237183
8.048868
5.324394
5.389724
4.198965
6.638789
3.811498
5.772736
6.024541
5.043377
5.736934
6.418816
3.466359
6.173059
3.481177
4.187801
2.656662
3.289428
1.410661
1.269239
3.809107
1.286441
1.403391
1.825186
0.524109
-0.115284
0.370249
-0.117992
-0.338298
-0.364483
-0.244964
-0.337308
-0.206842
-0.366945
-0.355470
-0.267432
-0.420314
-0.374240
-0.462611
-0.462859
-0.389709
-0.439568
-0.268460
-0.431312
-0.447425
-0.335699
-0.394812
-0.381727
-0.419347
-0.272451
-0.393987
-0.344693
-0.375592
-0.173072
-0.332724
-0.370749
-0.320010
-0.350646
-0.431062
-0.087052
-0.311320
-0.220767
0.001326
0.648947
0.739194
1.564377
1.460243
1.159319
1.381675
2.941142
1.996048
1.691892
4.435557
3.014107
1.688518
1.850650
1.549419
1.291015
1.306575
2.600758
2.507522
0.798789
1.494518
0.987853
0.599518
0.939127
1.375824
0.715983
0.476093
0.854247
1.243459
0.985944
0.396088
0.007782
-0.014523
0.336098
-0.005114
-0.230475
-0.218078
-0.280805
-0.131074
-0.305516
-0.291334
-0.223349
-0.292555
-0.354416
-0.388593
-0.323417
-0.270013
-0.268792
-0.188188
0.162221
-0.098740
-0.219923
-0.232889
-0.140149
-0.357340
-0.296403
-0.168968
-0.332889
-0.348453
-0.238479
-0.242218
-0.342617
-0.384160
-0.344574
-0.406672
-0.315832
-0.412947
-0.358499
-0.259660
-0.459289
-0.392179
-0.448961
-0.415769
-0.340773
-0.082138
0.513663
0.062595
0.065836
0.019363
-0.225993
-0.253882
-0.412257
-0.457495
-0.365609
-0.465895
-0.385376
-0.390716
-0.456892
-0.476883
-0.522516
-0.516022
-0.466465
-0.413708
-0.490986
-0.377987
-0.415846
-0.472624
-0.301699
-0.401010
-0.120442
-0.352188
-0.278804
-0.475484
-0.371597
-0.389612
-0.415359
-0.444574
-0.480691
-0.450913
-0.487135
-0.475031
-0.519664
-0.462126
-0.497529
-0.344649
-0.520587
-0.480084
-0.510835
-0.471301
-0.508517
-0.509628
-0.439149
-0.299559
-0.389802
-0.307003
-0.321307
-0.446698
-0.034108
-0.270406
-0.273138
-0.167865
-0.281325
-0.272668
-0.394454
-0.351740
-0.409377
-0.250474
-0.315104
-0.307263
-0.417352
-0.266494
-0.315890
-0.378415
-0.402145
-0.436238
-0.372265
-0.345827
-0.542268
-0.466955
-0.354453
-0.523751
-0.349132
-0.521970
-0.281553
-0.228078
-0.168626
-0.301652
-0.381268
-0.369775
-0.467731
-0.500560
-0.375831
-0.430540
-0.350869
-0.485734
-0.454321
-0.354331
-0.261662
-0.336837
-0.433780
-0.362288
-0.461757
-0.197377
-0.506643
-0.492661
-0.463732
-0.379621
-0.403656
-0.495785
-0.428241
0.145765
-0.000221
1.372679
1.377443
0.289177
1.179133
0.019063
0.073394
-0.067179
0.152529
-0.012434
0.083525
-0.145004
0.445548
0.130427
0.157668
0.100697
0.013261
0.314065
0.159041
1.100155
-0.351854
-0.425685
-0.403205
-0.435653
-0.352675
-0.276732
-0.138854
-0.396160
-0.423311
-0.004588
-0.437142
-0.332058
-0.445468
-0.449751
-0.454571
-0.517723
-0.469575
-0.489738
-0.432875
-0.252185
-0.455119
-0.403582
-0.463684
-0.473942
-0.445919
-0.436029
-0.489384
-0.471260
-0.469576
-0.351231
-0.443105
-0.420479
-0.235951
-0.419049
-0.265905
-0.149181
-0.330758
-0.444180
-0.397091
-0.445395
-0.472818
-0.216910
-0.318171
-0.410052
-0.284344
-0.320369
-0.269302
-0.340163
0.044357
-0.357539
-0.221238
-0.271039
-0.183073
-0.358604
-0.325032
-0.302470
-0.492510
-0.407470
-0.336801
-0.462074
-0.428251
-0.530190
-0.341992
-0.405691
-0.487108
-0.454277
-0.466993
-0.164505
-0.496004
-0.454734
-0.348759
-0.405937
-0.316758
-0.486963
-0.266054
-0.523282
-0.338845
-0.222262
-0.368714
-0.307768
0.197009
4.205723
5.842083
3.443452
4.970152
3.420540
1.389020
6.004951
2.580690
4.193877
4.444770
4.983721
2.957817
1.618936
2.706029
0.896731
3.622943
1.354789
0.772477
0.797515
0.770855
1.616235
0.793002
0.717357
0.437363
1.123942
0.336054
2.223310
0.643799
1.597226
0.957876
0.115640
0.146672
0.907093
0.255081
0.086791
1.749016
-0.020015
-0.109767
-0.199589
-0.140520
-0.266562
0.031536
-0.267375
-0.113074
0.107567
-0.204402
-0.302098
-0.213907
-0.220106
-0.332667
-0.379292
-0.360216
-0.300930
-0.247453
-0.233921
-0.277366
-0.256077
-0.391645
-0.178209
-0.147339
-0.255020
-0.399217
-0.498971
-0.328952
-0.162980
0.106798
-0.248651
0.135659
-0.422453
-0.412798
-0.269883
-0.120292
-0.382546
-0.413985
-0.466079
-0.319113
-0.447546
-0.325353
-0.414604
-0.364539
-0.441337
-0.436066
-0.276325
-0.238037
-0.452441
-0.394424
-0.490020
-0.179457
-0.398000
-0.505823
-0.417022
-0.405726
-0.395670
-0.392686
-0.464817
-0.463080
-0.397918
-0.358884
-0.446945
-0.403385
-0.415315
-0.407233
-0.439727
-0.452561
-0.329217
-0.397903
-0.405240
-0.169400
-0.263441
-0.394149
0.302490
0.896327
0.905010
0.703343
0.839443
0.880290
1.432636
3.802905
2.060646
2.416076
1.148117
2.456220
3.093719
1.714455
0.577035
1.899175
2.459836
2.466495
0.946503
0.885804
1.025193
1.197695
3.078335
0.598043
1.072427
1.052681
1.546216
0.593666
0.950000
0.572948
0.603034
0.521480
0.174719
0.042129
0.107822
-0.032294
0.057087
-0.076819
-0.316468
-0.194966
-0.014792
0.038562
-0.008001
-0.035077
-0.251880
-0.292369
-0.205841
-0.115657
-0.122630
0.041880
-0.240735
-0.163713
-0.076866
-0.345577
-0.372356
-0.222801
-0.294077
-0.221242
-0.345963
-0.400876
-0.209562
-0.256996
0.133968
-0.416124
-0.408665
-0.212477
-0.400901
-0.227524
-0.096028
0.923625
2.131237
2.370994
1.621113
0.694810
1.456326
1.424611
1.227477
1.180698
1.643592
2.512397
1.131307
2.456215
2.265797
3.160537
1.983314
0.479518
1.107197
2.056801
1.067835
0.976788
1.026768
0.785446
1.356329
0.386048
1.456413
1.410518
0.640767
1.877509
0.601372
0.900222
0.760513
0.441285
0.376898
0.528093
0.453680
1.943371
0.104906
-0.068552
-0.445475
-0.259303
-0.170495
-0.038357
-0.374907
-0.210478
-0.148757
-0.242139
-0.390291
-0.236818
-0.086541
-0.229862
-0.258578
-0.300859
-0.088962
0.767032
-0.110836
0.069504
-0.146526
-0.110871
-0.266422
-0.246764
-0.146835
-0.403559
-0.356603
-0.364395
-0.004014
-0.406648
-0.087061
0.133754
-0.368571
-0.452732
-0.401560
-0.430925
-0.520326
-0.390689
-0.366827
-0.363092
-0.468259
-0.234254
-0.352371
-0.455178
-0.195517
-0.356730
-0.368465
-0.208396
-0.336516
-0.392761
-0.361826
-0.272422
-0.414099
-0.319467
-0.489246
-0.368060
-0.410163
-0.463330
-0.360531
-0.355087
-0.316112
-0.266541
-0.499881
-0.393123
-0.306865
-0.425587
-0.359956
-0.336359
-0.029473
-0.344720
-0.351226
-0.011388
-0.240436
-0.119946
0.392427
-0.359733
-0.289434
-0.433601
-0.366575
-0.450959
-0.433982
-0.280317
-0.358611
-0.253809
0.079795
-0.167366
-0.333932
-0.143220
-0.418555
-0.284996
-0.249425
-0.214493
-0.328089
-0.008289
-0.150648
-0.304203
-0.031726
-0.394769
-0.106054
-0.339784
-0.159709
-0.167615
-0.083506
0.227510
1.067648
1.776040
0.461999
0.521151
0.488943
2.743843
0.656582
1.262159
0.578180
0.674900
1.125033
0.809124
0.800351
2.045340
1.247964
0.696346
0.826396
0.814315
1.066379
1.242030
0.720781
0.267253
0.426959
0.145287
0.095520
-0.191562
-0.222510
-0.150909
0.448149
0.439184
0.225041
0.066283
-0.191676
-0.160978
0.269517
0.203589
-0.171305
0.638799
0.006503
-0.187409
-0.255509
-0.462603
-0.344671
-0.161905
-0.085822
-0.341334
-0.260133
-0.432511
-0.463066
-0.374514
-0.428839
-0.483549
-0.507642
-0.481440
-0.464969
-0.324903
-0.470902
-0.485049
-0.282213
-0.465801
-0.516363
-0.461301
-0.484043
-0.467579
-0.506169
-0.460608
-0.427390
-0.443513
-0.413140
-0.478916
-0.362485
-0.524477
-0.427295
-0.411020
-0.397660
-0.429733
-0.434115
-0.461391
-0.507611
-0.543883
-0.424438
-0.458836
-0.483342
-0.425429
-0.276801
-0.291432
-0.295646
-0.548066
-0.308103
-0.507558
-0.432880
-0.417972
-0.333633
-0.494739
-0.301852
-0.514232
-0.489424
-0.447828
-0.329799
-0.334905
-0.321622
-0.356849
-0.400250
-0.377714
-0.420680
-0.478687
-0.372646
-0.483886
-0.263995
-0.266559
-0.294820
-0.255431
-0.329351
-0.397908
-0.220897
-0.432408
-0.211798
-0.390410
-0.293129
-0.400204
-0.352431
-0.287037
-0.463990
-0.245896
-0.339050
-0.326893
-0.232603
-0.312442
-0.410280
-0.245237
-0.204350
-0.112866
-0.287898
-0.330608
-0.107712
-0.304149
-0.337033
-0.382234
-0.218303
-0.160866
-0.357450
-0.144282
0.572038
0.805153
0.429524
0.547930
1.030340
0.855301
1.405430
0.652817
0.969560
1.255029
0.900863
1.612051
0.878459
0.804932
0.767177
0.291729
1.651754
1.064306
0.561949
0.347117
1.010025
-0.005164
0.107482
-0.226866
-0.184354
0.138197
-0.340596
-0.156986
-0.136244
-0.261872
-0.284388
-0.189306
-0.103905
-0.062021
0.316868
-0.078324
-0.159063
-0.365619
-0.177478
-0.349170
-0.320449
-0.214460
-0.225286
-0.062795
-0.274821
-0.318176
-0.299224
-0.287082
-0.376756
-0.457235
-0.346545
-0.307891
-0.439853
-0.273574
-0.167563
-0.363332
-0.416634
-0.255136
-0.176336
-0.241999
-0.086020
-0.141899
-0.265519
-0.245260
-0.138541
-0.163512
-0.325969
-0.383649
-0.434422
-0.324125
-0.450003
-0.072023
0.068133
-0.103113
0.039032
-0.167073
0.063298
-0.377772
0.226385
-0.262772
0.206667
-0.145436
-0.248834
0.232489
0.091219
-0.052691
-0.140014
-0.155960
-0.186035
-0.179741
-0.007254
-0.213888
-0.242723
-0.296453
-0.209290
-0.201918
-0.346705
-0.233510
-0.312424
-0.108368
-0.200663
-0.388545
-0.245114
-0.334675
-0.318339
-0.350698
-0.235930
-0.316204
-0.529418
-0.361489
-0.204745
-0.156388
0.039384
-0.022483
0.360159
1.268541
3.557720
3.595344
6.598961
5.493933
7.208703
8.002439
3.205948
1.378649
7.535485
2.578707
7.594552
1.940073
2.126562
2.069836
3.181823
1.263099
3.041427
2.558241
1.577155
0.447901
0.937217
0.132842
0.084673
0.373880
-0.209386
0.422609
-0.076735
0.826471
1.135966
0.645591
-0.211512
0.180042
-0.325442
-0.355837
0.173742
0.365399
-0.214246
-0.005307
-0.038177
0.028359
0.334468
-0.095976
-0.059409
0.230644
0.195339
-0.064481
-0.208042
0.712409
-0.307692
-0.066063
-0.216585
-0.120541
-0.157383
0.005945
0.051558
-0.118303
0.164168
-0.332572
-0.273252
-0.362463
-0.290037
-0.349174
-0.266952
-0.368055
-0.171091
-0.392627
-0.179370
-0.256854
-0.008798
-0.342087
-0.196196
-0.317788
-0.266358
-0.218223
-0.173514
-0.285261
-0.399751
-0.287821
-0.190623
-0.392037
0.041971
-0.157659
-0.319075
-0.377999
-0.430224
-0.460820
-0.212962
-0.309367
-0.239321
-0.274466
-0.450759
-0.326692
-0.381053
-0.330096
-0.364258
-0.476825
-0.317908
-0.421582
-0.401153
-0.471395
-0.379943
-0.175287
-0.046517
-0.350224
-0.117317
-0.239383
-0.387700
-0.306168
-0.240882
-0.402863
-0.472364
-0.426154
-0.276054
-0.287466
-0.422126
-0.344733
-0.466702
-0.384406
-0.247344
-0.393985
-0.356907
-0.256188
-0.461687
-0.514342
-0.505403
-0.529162
-0.454422
-0.434290
-0.436871
-0.112824
3.463285
1.879791
4.464195
3.917603
5.430077
3.358951
3.453561
5.043288
13.007045
5.619996
16.724199
5.546718
2.751226
6.206871
2.805793
3.130939
1.448521
3.117750
8.272464
6.400699
3.640330
2.071127
4.423413
1.575922
2.393557
0.827295
1.329544
2.297325
0.570187
2.945741
0.985218
1.100502
0.876165
0.328852
0.488863
0.702394
0.563435
0.142575
-0.148695
-0.027064
0.444825
-0.388288
-0.113792
-0.228174
-0.086833
-0.089552
0.416346
0.833113
0.669853
1.009241
1.401437
0.808909
0.936305
0.816050
2.338917
2.081759
1.733563
0.530428
2.468752
1.542686
1.478775
3.713185
0.939169
0.400161
0.224549
0.141038
0.624498
0.440917
0.379624
-0.066375
0.144361
0.185945
0.220868
0.238959
0.437441
0.078765
-0.162607
1.607402
-0.039801
-0.306751
0.149998
-0.148825
-0.019315
-0.335144
-0.389184
-0.111760
-0.288742
-0.276730
-0.151357
-0.193079
-0.189612
-0.239799
-0.397732
-0.246824
-0.288023
-0.322000
-0.406796
-0.351398
-0.413510
-0.224383
-0.226442
-0.301271
-0.181471
-0.197334
-0.430713
-0.181525
-0.358829
-0.484873
-0.394096
-0.449186
-0.508607
-0.522093
-0.374170
-0.491715
-0.279412
-0.430618
-0.472721
-0.472446
-0.386414
-0.390230
-0.423859
-0.390691
-0.294384
-0.445478
0.060375
-0.317936
-0.430802
-0.350972
-0.093075
-0.413441
-0.258061
-0.396385
-0.229725
-0.450015
-0.226583
-0.102404
-0.402694
-0.330508
-0.273305
-0.342684
-0.319049
-0.466172
-0.472912
-0.467430
-0.361791
-0.490249
-0.387026
-0.361896
-0.368678
-0.300256
-0.391714
0.087732
0.145558
0.206740
-0.037608
-0.036531
0.380472
0.158276
0.128163
0.708426
1.126414
1.142607
0.177629
0.547750
0.689773
0.666542
0.523908
0.202145
0.427950
0.367907
0.619610
0.432758
-0.038943
0.060060
0.138233
0.441128
0.097591
0.042793
-0.100806
0.160890
0.216146
0.129373
0.044188
0.308913
0.029321
-0.083243
0.331263
0.263746
-0.274504
-0.199634
-0.162126
-0.222913
-0.208432
-0.294274
-0.369533
-0.098597
-0.238941
-0.365938
-0.310834
-0.436939
-0.190459
-0.373728
-0.444383
-0.390875
-0.406099
-0.394764
-0.385219
-0.223016
-0.362457
-0.438836
-0.201690
-0.384514
-0.431017
-0.440536
-0.486804
-0.502076
-0.320461
-0.272993
-0.268646
0.040407
-0.403250
-0.277964
-0.341445
-0.157610
-0.372288
-0.225694
-0.236055
-0.411768
-0.398457
-0.417095
-0.469604
-0.433743
-0.406864
-0.363744
-0.359033
-0.097566
-0.258678
-0.307397
-0.434679
-0.422760
-0.399801
-0.394188
-0.261027
-0.386508
-0.423072
-0.327658
-0.489452
-0.416369
-0.425485
-0.399504
-0.447044
-0.296665
-0.261114
-0.365301
-0.396659
-0.473464
-0.470283
-0.445403
-0.360220
-0.357669
-0.396806
-0.463867
-0.291508
-0.227291
-0.287924
-0.365748
-0.299137
-0.211749
-0.424507
-0.309490
-0.430096
-0.255634
-0.342001
-0.131155
-0.435923
-0.343028
-0.501235
-0.210691
-0.317650
-0.282330
-0.496878
-0.288225
-0.410042
-0.439409
-0.231322
-0.318536
0.801014
2.564446
0.912338
1.094820
1.215372
1.346393
0.178874
2.080136
0.755548
1.092735
0.386678
0.794485
0.404042
0.412247
0.356834
0.184918
0.309958
-0.007166
0.230356
0.634149
0.218499
0.499280
0.419764
0.474579
-0.000278
0.751732
0.136721
0.407157
0.189251
0.755336
0.280832
0.199905
-0.097211
-0.468866
-0.421507
-0.397366
-0.337221
-0.432960
-0.328531
-0.482232
-0.417490
-0.443623
-0.234259
-0.416510
-0.251080
-0.235062
-0.001111
-0.099663
-0.379305
-0.020073
-0.406619
-0.383212
-0.162041
-0.384455
-0.538927
-0.414193
-0.558129
-0.450683
-0.550856
-0.339785
-0.508366
-0.538616
-0.487081
-0.544738
-0.360001
-0.343691
-0.400434
-0.291164
-0.417000
-0.348418
-0.439361
-0.445333
-0.322395
-0.340181
-0.149944
-0.252637
-0.221804
-0.223101
-0.216870
-0.340429
-0.422862
-0.389661
-0.292889
-0.435035
-0.459836
-0.410639
-0.415201
-0.503264
-0.404906
-0.227550
-0.331890
-0.361218
-0.391531
-0.315699
0.246987
0.672562
1.487943
1.458704
1.526727
3.161378
2.867845
3.095207
3.139845
3.438812
4.043940
3.791593
3.081750
3.268165
3.268597
4.676338
1.232611
3.656086
2.121402
2.172175
3.935058
4.182729
2.436066
2.065830
1.341973
1.550898
1.981320
1.518637
0.401835
-0.195246
0.253997
0.189551
-0.196702
-0.007403
0.126462
0.237186
0.059416
0.004427
-0.172514
-0.389860
-0.269948
-0.271953
-0.410498
-0.334477
-0.230322
-0.400365
-0.334171
-0.321273
-0.289900
-0.322597
-0.168295
-0.346254
-0.200853
0.912432
0.943822
1.638878
1.418924
2.535645
2.395743
2.206982
2.986026
2.033671
3.574163
4.486563
2.690137
3.138665
3.415063
3.214029
4.084123
4.439546
1.844717
2.140914
3.358791
1.416267
1.125433
2.331691
1.936587
3.291957
1.930011
1.810653
1.476694
0.707887
0.373175
-0.349840
-0.431495
-0.345972
-0.233343
-0.278844
-0.234911
-0.351220
-0.238670
-0.169284
-0.203028
-0.258058
-0.383446
-0.411774
-0.464674
-0.288492
0.040243
-0.209357
-0.372674
-0.154179
-0.195000
-0.362490
-0.135674
-0.353200
-0.474184
-0.337540
-0.454978
-0.347606
-0.425763
-0.277826
-0.362285
-0.369110
-0.024704
-0.395814
-0.367292
-0.456317
-0.455872
-0.312463
-0.328905
-0.405783
-0.414485
-0.427925
-0.506191
-0.422313
-0.424948
-0.440917
-0.475146
-0.325227
-0.503914
-0.369638
-0.481605
-0.430811
-0.531843
-0.326793
-0.286416
-0.484241
-0.443893
-0.537073
-0.466686
-0.491776
-0.419953
-0.436095
-0.375500
-0.414547
-0.325851
-0.377211
-0.324106
-0.413954
-0.323322
-0.249173
-0.320645
-0.166651
-0.464151
-0.347248
-0.216556
-0.154586
-0.360542
-0.303675
-0.390934
-0.296157
-0.457842
-0.415293
-0.383306
-0.402422
-0.426589
-0.506829
-0.450366
-0.523361
-0.420392
-0.465104
-0.392665
-0.490668
-0.525934
-0.534784
-0.449455
-0.455737
-0.414316
-0.418881
-0.175378
-0.239424
-0.174144
-0.349776
-0.278292
-0.321307
-0.266272
-0.262475
-0.203898
-0.423738
-0.212493
-0.278080
-0.356681
-0.442095
-0.368111
-0.364761
-0.284924
-0.299265
-0.338124
-0.362271
-0.406268
-0.253924
-0.420679
-0.118645
-0.370569
-0.274598
-0.438384
-0.288734
-0.359007
-0.357908
-0.405941
-0.388101
-0.429262
-0.359991
-0.488163
-0.452641
-0.381671
-0.349511
-0.242512
-0.428761
-0.413100
-0.474879
-0.431500
-0.497954
-0.362787
-0.429869
-0.396160
-0.474146
-0.368542
-0.432316
-0.421517
-0.419138
-0.300205
-0.404395
-0.440183
-0.316092
-0.190217
-0.451712
-0.315627
-0.505320
-0.284098
-0.244030
-0.143551
-0.271965
-0.317876
-0.079740
-0.417855
-0.404408
-0.284642
-0.344000
0.498689
2.195361
4.007598
5.454897
3.410439
3.448724
1.539815
3.146189
1.974085
2.346357
5.525976
3.461772
1.863873
2.895995
1.281584
2.381218
1.181769
0.920364
3.722397
2.277291
0.657014
-0.087228
0.203072
-0.135754
-0.247130
-0.099537
0.026276
0.364711
-0.176919
-0.343371
-0.142638
-0.288700
-0.341121
-0.355027
-0.451107
-0.275966
-0.309513
-0.145329
-0.155395
-0.189661
-0.063780
-0.282112
-0.341836
-0.374978
-0.137381
-0.084314
-0.155165
-0.272613
-0.321449
-0.310694
-0.158465
-0.128386
-0.292936
0.004221
-0.145486
-0.290161
-0.182125
-0.324064
-0.243813
-0.301059
-0.522530
-0.423570
-0.153179
-0.129289
0.095696
-0.229862
-0.194505
-0.367799
-0.245680
-0.247117
-0.348550
-0.315528
-0.301494
-0.462080
-0.321194
-0.521112
-0.407742
-0.479723
-0.435747
-0.224389
-0.303522
-0.037802
0.266348
-0.199093
-0.434567
-0.370343
-0.450717
-0.446935
-0.463486
-0.369896
-0.186367
-0.363842
-0.135530
-0.271914
-0.324075
-0.472608
0.140975
-0.354539
-0.257938
-0.182812
0.012910
-0.300184
-0.242716
-0.246443
-0.197780
-0.289565
-0.378301
0.212205
-0.115269
-0.239731
-0.310991
-0.278361
-0.400188
-0.264528
-0.313452
-0.208642
-0.118819
-0.319586
-0.391782
-0.397853
-0.381275
-0.508471
-0.398965
-0.214485
-0.450042
-0.410756
-0.351142
-0.255399
-0.416814
-0.300568
-0.331562
-0.445737
-0.402693
-0.153314
-0.297756
-0.377951
-0.533399
-0.420613
-0.351100
-0.501062
-0.469054
-0.382825
-0.392130
-0.375222
-0.444529
-0.454461
-0.475132
-0.388667
-0.382995
-0.516124
-0.416055
0.163341
-0.349331
-0.364705
-0.013265
-0.210117
-0.098365
0.012315
0.069624
0.060590
0.537067
0.639225
0.021520
-0.178034
-0.176704
-0.446348
-0.321280
-0.213012
-0.425631
-0.196276
-0.173423
-0.113144
0.120352
-0.305442
-0.188177
-0.032419
-0.313836
-0.301992
-0.391976
-0.344962
0.043302
0.606722
3.672299
0.602541
1.101125
0.975846
0.273770
1.101992
1.422192
1.243340
0.780647
0.923728
1.362596
1.030240
2.399733
2.534616
1.124549
0.996704
1.230701
0.522544
0.496762
-0.277699
-0.372100
-0.433336
-0.427531
-0.366611
-0.470240
-0.289773
-0.350163
-0.014918
-0.370007
-0.255180
-0.316407
-0.393166
-0.328003
-0.419509
-0.434188
-0.369011
-0.315204
-0.461800
-0.435629
-0.382011
-0.410021
-0.364001
-0.305951
-0.421141
-0.473858
-0.507647
-0.451684
-0.490314
-0.510198
-0.414393
-0.490794
-0.476310
-0.427646
-0.248093
-0.325534
-0.418454
-0.321210
-0.094427
3.245080
2.317355
3.276261
4.639009
2.275118
3.665393
8.641681
1.991773
3.706043
4.862311
3.513410
0.948281
1.449062
0.676448
1.465462
1.162671
1.404279
3.184114
0.801042
0.855225
0.754650
-0.001088
0.120229
0.068716
-0.130784
0.258980
-0.357769
-0.328536
-0.354346
-0.394818
-0.388447
-0.421784
-0.456454
-0.434662
-0.264050
-0.121554
-0.339466
-0.327215
-0.384078
-0.274723
-0.324429
-0.401848
-0.431869
-0.348171
-0.142144
-0.310665
-0.419255
-0.382544
-0.347905
-0.272998
-0.413436
-0.449506
-0.254632
-0.311330
-0.367968
-0.410453
-0.465832
-0.506188
-0.478051
-0.484257
-0.222675
-0.435051
-0.363230
-0.387108
-0.425942
-0.455758
-0.181782
-0.307146
-0.397336
-0.160164
-0.192025
-0.129414
-0.157951
-0.225780
-0.005478
-0.302161
-0.308955
0.248129
-0.228444
-0.173768
-0.265130
-0.155041
-0.237118
-0.332771
-0.027279
-0.290223
-0.274129
-0.109824
-0.348657
-0.374153
-0.367406
-0.502983
-0.386462
-0.511049
-0.424551
-0.261524
-0.268912
-0.438829
-0.186421
-0.452688
-0.252907
-0.344100
-0.225969
-0.318275
-0.342861
-0.042628
-0.167076
-0.137322
-0.260827
-0.264104
-0.142537
-0.176953
-0.353354
0.058026
0.006300
0.420718
0.622976
0.064853
0.057187
0.553179
0.179070
0.053443
1.436240
0.557749
0.755810
0.803845
0.398526
0.656707
2.687208
1.199887
0.741765
1.164931
1.215427
0.976228
1.782515
0.527526
0.853608
1.204999
0.265672
0.169388
0.400943
0.346249
-0.167679
-0.081647
-0.056039
-0.018465
-0.232911
-0.210823
-0.337628
-0.287365
-0.295565
-0.402711
-0.343658
-0.384758
-0.387802
-0.372569
-0.303234
-0.354001
-0.400921
-0.361315
-0.182198
-0.322314
-0.460039
-0.386575
-0.428664
-0.427039
-0.365564
-0.498869
-0.263059
-0.395502
-0.354696
-0.416762
-0.365261
-0.460991
-0.376938
-0.344617
-0.360991
-0.384970
-0.247145
-0.317795
-0.301245
0.040240
-0.119674
-0.180350
0.205322
-0.172209
0.012735
-0.410200
-0.394060
-0.391735
-0.514697
-0.382669
-0.450700
-0.429261
-0.342208
-0.386399
-0.469591
-0.490095
-0.456634
-0.404795
-0.450474
-0.129811
-0.417729
-0.443825
-0.488240
-0.347805
-0.198859
-0.362318
-0.409928
-0.271907
-0.275364
-0.496007
-0.466707
-0.467037
-0.078987
-0.445764
-0.335691
-0.023419
-0.027080
-0.050967
0.738821
4.003660
8.021042
6.743744
10.032326
16.495028
5.817111
8.239061
4.450624
4.128902
4.275703
3.380905
3.323731
4.245717
3.664790
3.114874
2.749060
4.173254
3.570460
3.074995
3.083007
3.980384
3.387188
3.507152
3.735611
4.303171
3.087684
3.454364
3.522819
3.541903
4.471760
5.553693
6.026242
6.351786
7.145171
6.882719
5.043715
1.117683
-0.001254
-0.178883
-0.159212
-0.447763
-0.443724
-0.146828
-0.423280
-0.414440
-0.335535
-0.285092
-0.298092
-0.322896
-0.222430
-0.256277
-0.322756
-0.305179
-0.330309
-0.339538
-0.106845
-0.405264
-0.421138
-0.263690
-0.348963
-0.248392
-0.129913
-0.460193
-0.201674
-0.078175
-0.405210
-0.424994
-0.372304
-0.261692
-0.415436
-0.388253
-0.360608
-0.104125
-0.395629
-0.386098
-0.467302
-0.512146
-0.344550
-0.382182
-0.380717
-0.461780
-0.320649
-0.401722
-0.421785
-0.406957
-0.381464
-0.351450
-0.327379
-0.484394
-0.304764
-0.497622
-0.466652
-0.382594
-0.129411
-0.462216
-0.441884
-0.407162
-0.467437
-0.416545
-0.355434
-0.466905
-0.529174
-0.420003
-0.495605
-0.552986
-0.333533
-0.500502
-0.390325
-0.356184
-0.309741
-0.369805
-0.339007
-0.118489
0.519649
0.846788
0.344371
1.221674
0.194097
1.241873
0.326420
0.902338
0.427970
1.399230
1.202876
1.392879
0.672643
1.051701
0.775417
0.248483
0.834143
0.335958
0.499384
0.880822
1.181390
-0.047848
0.456877
0.027853
0.551508
0.043150
-0.005981
0.176396
0.046161
-0.110634
-0.087347
-0.200649
-0.348893
-0.027109
-0.296194
-0.049574
-0.095568
-0.232607
-0.492942
-0.290568
-0.270360
-0.302676
-0.343286
-0.466974
-0.414887
-0.226199
-0.308762
-0.349198
-0.346011
-0.282809
-0.416519
-0.368895
-0.300941
-0.322992
-0.445015
-0.034349
-0.257883
-0.296464
0.058068
-0.339809
-0.144872
-0.350905
-0.248776
-0.142864
-0.129158
-0.221180
-0.150168
-0.191508
-0.046590
-0.306911
-0.449637
-0.438484
-0.274420
-0.294445
-0.366005
-0.374690
-0.295245
-0.391362
-0.437613
-0.283254
-0.369824
-0.378920
-0.378040
-0.406620
-0.415073
-0.410216
-0.405899
-0.297081
-0.374904
-0.152580
-0.031603
-0.117250
-0.243327
-0.397532
-0.299811
-0.450910
-0.472719
-0.397221
-0.342851
-0.365268
-0.374470
-0.326997
-0.294031
-0.269234
-0.344915
-0.483338
-0.456864
-0.429093
-0.501615
-0.380342
-0.452320
-0.333361
-0.515687
-0.395113
-0.480851
-0.417496
-0.388512
-0.407002
-0.441489
-0.524996
-0.340945
-0.375434
-0.450270
-0.420109
-0.437343
-0.441057
-0.033756
-0.396012
-0.394217
-0.486970
-0.461759
-0.359962
-0.541523
-0.444962
-0.352184
-0.388050
-0.449253
-0.282509
-0.355398
-0.326850
-0.377540
-0.310919
-0.339550
-0.369860
-0.394126
-0.336689
-0.422207
-0.405188
-0.220563
-0.260733
-0.421185
-0.175836
-0.373724
-0.432138
-0.253303
-0.433250
-0.425082
-0.413117
-0.248137
-0.479755
-0.446380
-0.499691
-0.461438
-0.460613
-0.415238
-0.416643
-0.469816
-0.542937
-0.422144
-0.427876
-0.394476
-0.488457
-0.325611
-0.448180
-0.466826
-0.408350
-0.490365
-0.423673
-0.450633
-0.306629
-0.401219
-0.410927
-0.543054
-0.400312
-0.518598
-0.400000
-0.451409
-0.444375
-0.444041
-0.518647
-0.430867
-0.334273
-0.119421
-0.453300
-0.413979
-0.239494
-0.058979
-0.250677
-0.242715
-0.179633
-0.208220
-0.341546
0.061316
-0.322079
0.051944
-0.082868
-0.123771
-0.144234
-0.412449
-0.362870
-0.414818
-0.172898
-0.157326
-0.237837
-0.260167
-0.114171
-0.443378
-0.448257
-0.384762
-0.426903
-0.445151
-0.411459
-0.380356
-0.355718
-0.356575
-0.442302
-0.327068
-0.440852
0.262020
0.389057
0.541700
1.842282
1.321272
0.705057
1.003381
2.090514
4.420013
2.035817
2.415750
2.685953
2.798021
3.650647
1.849330
2.345935
12.599574
4.447063
6.770639
9.346364
5.779657
5.270619
4.917511
6.447101
5.591625
4.974603
1.737082
2.591440
1.330912
1.083787
2.046084
1.764791
2.175948
1.244227
2.689260
1.981377
2.553504
1.870728
2.277482
1.133735
3.038727
1.720427
1.779709
2.823902
3.542843
1.394235
4.055783
3.155128
1.394602
1.562584
1.769029
0.689029
0.603252
0.555601
0.639937
0.594066
0.633600
0.230902
0.388158
0.361617
0.196014
0.183494
0.336927
0.035898
0.059754
0.435743
0.359400
0.410187
0.274962
0.185050
0.129209
0.251064
0.628678
0.135130
-0.158812
0.284461
0.047216
-0.006053
-0.050400
-0.182972
-0.437671
-0.409025
-0.472054
-0.507225
-0.221911
-0.441532
-0.530298
-0.542540
-0.444567
-0.432170
-0.457687
-0.484005
-0.387958
0.028425
-0.196068
-0.056170
-0.293185
0.330673
0.175428
-0.059070
-0.124967
-0.158526
0.448562
-0.061013
-0.044954
0.199959
0.419976
0.450210
0.666429
0.059402
-0.046854
0.085939
0.054490
-0.375306
-0.330546
-0.409554
-0.348092
-0.418811
-0.334743
-0.330476
-0.272795
-0.388586
-0.312629
-0.416312
-0.354999
-0.161526
-0.288927
-0.448228
-0.277601
-0.347212
-0.299957
-0.080331
-0.311726
-0.415043
-0.156317
-0.097433
-0.315330
-0.061673
-0.260984
-0.156593
-0.221789
-0.184349
-0.289560
-0.377390
-0.463132
-0.435155
-0.453505
-0.553819
-0.507679
-0.460384
-0.513080
-0.440122
-0.451192
-0.501956
-0.494235
-0.459255
-0.449769
-0.559812
-0.379757
-0.274325
-0.352361
-0.479979
-0.450604
-0.423654
-0.339930
-0.397981
-0.485704
-0.324785
-0.454144
-0.482521
-0.390706
-0.444410
-0.359759
-0.316286
-0.253234
-0.079646
0.053547
0.063230
0.669206
1.665242
-0.005737
0.056361
0.430056
-0.045030
-0.330234
0.019441
-0.243907
-0.210681
-0.323285
-0.460493
0.013290
-0.259250
-0.195923
-0.428082
-0.207517
-0.229436
-0.104572
-0.050454
-0.165167
0.056956
-0.079942
-0.232361
-0.317647
-0.267676
-0.324840
-0.229173
-0.307713
-0.231007
-0.211784
-0.387216
-0.143329
-0.431510
-0.451894
-0.239683
-0.251518
-0.418113
-0.199447
-0.459208
-0.466817
-0.497030
-0.361131
-0.392151
-0.450823
-0.409156
-0.358650
-0.436537
-0.262957
-0.399834
-0.258915
-0.140865
-0.274132
-0.130600
1.035905
2.360045
3.701984
2.433545
2.944582
2.971060
1.671174
1.018702
1.916422
1.611568
5.063223
0.617372
1.484634
1.885348
0.730483
1.754685
0.963633
2.573686
1.959448
2.136837
0.806874
0.564186
0.463452
-0.033561
0.582176
0.196877
0.408120
0.304430
0.886079
-0.135647
-0.116315
-0.133518
-0.020713
-0.173768
-0.337005
-0.123683
-0.285278
-0.121769
-0.334899
-0.150967
0.035738
-0.308935
-0.291992
-0.286587
-0.208511
-0.238177
-0.088137
-0.178877
-0.308837
-0.387263
-0.371239
-0.256492
-0.337467
-0.286736
-0.357417
-0.183766
-0.456193
-0.316164
-0.445610
-0.474553
-0.460400
-0.518529
-0.437201
-0.446592
-0.441824
-0.392804
-0.444449
-0.262169
-0.182684
-0.410382
-0.255374
-0.264693
-0.408349
-0.347777
-0.343925
0.306040
-0.403228
-0.109139
-0.441503
-0.282276
-0.342009
-0.453664
-0.282252
-0.333794
-0.383989
-0.441832
-0.322483
-0.433527
-0.253336
-0.273011
-0.382811
-0.442127
-0.404350
-0.434538
-0.498025
-0.375179
-0.316891
-0.268174
-0.393854
-0.408101
-0.447757
-0.457087
-0.342207
-0.460418
-0.391998
-0.228297
-0.233701
-0.421942
-0.107168
-0.398641
-0.364818
-0.451926
-0.352679
-0.311715
-0.358869
-0.383114
-0.420367
-0.277921
-0.294779
-0.392808
-0.485657
-0.416436
-0.325794
-0.291064
-0.203870
-0.286488
-0.153878
-0.154550
-0.253159
-0.121291
-0.255544
-0.141547
0.068101
-0.138328
-0.428257
-0.323301
-0.409429
-0.364605
-0.423281
-0.452008
-0.371255
-0.419545
-0.396655
-0.442881
-0.335142
-0.410672
-0.381693
-0.409850
-0.464499
-0.230112
-0.342799
-0.366565
-0.309686
-0.299984
-0.280368
-0.478515
-0.244213
0.227169
-0.174713
-0.249307
0.046453
-0.328569
-0.310141
-0.202832
-0.261780
-0.347309
-0.342818
-0.028423
-0.105926
0.259363
-0.071113
0.007505
0.010827
-0.025824
0.288829
-0.315853
0.271982
-0.389275
-0.321418
-0.440578
0.079165
-0.306433
-0.186232
-0.329707
-0.346124
-0.374123
-0.288856
-0.349581
-0.356834
-0.501480
-0.491864
-0.232790
-0.274936
-0.022182
0.371374
0.323563
0.077831
0.311427
0.464704
0.333795
0.371340
1.063421
0.229902
-0.159362
-0.105140
-0.413097
-0.361177
-0.139433
-0.344648
-0.500591
-0.372077
-0.434851
-0.253523
-0.471101
-0.457006
-0.510172
-0.486690
-0.449977
-0.466458
-0.475473
-0.329132
-0.238057
0.770666
-0.363477
-0.296331
-0.370354
-0.143338
-0.345408
-0.412498
-0.309836
-0.415287
-0.369883
-0.507875
-0.438357
-0.343287
-0.318274
-0.425781
0.149666
-0.390795
-0.462984
-0.489408
-0.368280
-0.462289
-0.272516
0.220036
0.450328
0.192019
0.011380
0.441615
0.908853
0.703069
0.428675
0.528624
1.283824
0.786895
0.368987
1.906311
1.996444
0.996863
0.225982
0.246707
0.452633
0.857659
0.175685
0.317603
0.247018
-0.039384
-0.374998
-0.249218
-0.242852
-0.241701
-0.242489
-0.312774
-0.372397
-0.332815
-0.227070
-0.253914
-0.226035
0.014627
-0.124066
-0.237891
-0.051716
-0.232470
-0.252156
-0.387323
-0.143137
-0.109358
-0.296694
-0.085872
-0.101918
-0.298499
-0.156457
-0.047826
-0.360048
-0.190209
-0.446844
-0.379886
-0.373847
-0.143357
-0.395523
-0.425212
-0.367901
-0.413800
-0.446436
-0.464068
-0.489573
-0.491590
-0.467994
-0.503210
-0.472687
-0.402793
-0.447682
-0.384860
-0.407981
-0.363457
-0.203297
-0.033295
-0.205409
-0.121783
-0.426964
-0.463273
-0.471530
-0.319357
-0.456681
-0.440665
-0.451401
-0.353766
-0.240725
-0.404135
-0.301134
-0.313059
-0.287607
-0.451717
-0.398724
-0.269745
-0.402091
-0.462813
-0.381942
-0.277645
-0.306801
-0.376088
-0.374006
-0.393524
-0.194281
-0.095249
-0.358440
-0.461669
-0.347573
-0.192103
-0.226739
-0.447368
-0.196825
0.268980
-0.074677
0.013101
-0.083448
-0.281867
-0.360248
-0.177313
0.014672
-0.046724
-0.294949
-0.190340
-0.224470
-0.283686
-0.142788
-0.221246
-0.333964
-0.434249
-0.269363
-0.138480
-0.372219
-0.196698
-0.173531
-0.178423
0.130649
-0.440990
-0.356036
-0.382005
-0.292604
-0.403935
-0.317527
-0.269891
-0.385409
-0.433237
-0.522849
-0.305383
-0.239164
-0.302310
-0.386740
-0.345785
-0.478674
-0.420792
-0.373092
-0.476802
-0.445218
-0.381331
-0.313350
-0.369963
-0.313858
-0.504609
-0.416039
-0.322540
-0.326138
-0.309354
-0.154805
-0.453031
-0.358445
-0.487986
-0.312282
-0.406269
-0.428510
-0.452939
-0.414632
-0.394054
-0.404825
-0.476534
-0.473195
-0.559802
-0.462390
-0.173762
-0.096525
-0.380103
-0.321095
-0.348906
-0.452315
-0.489469
-0.419323
-0.414557
-0.273635
-0.285955
-0.376131
-0.463512
-0.366593
-0.318744
-0.107734
-0.296859
-0.396790
-0.461158
-0.372672
-0.354867
-0.498343
-0.381146
-0.413975
-0.367062
-0.441689
-0.485013
-0.511431
-0.442257
-0.414544
-0.498218
-0.366691
-0.424209
-0.537182
-0.504082
-0.500329
-0.449232
-0.547363
-0.379058
-0.506976
-0.388489
-0.176947
-0.205250
-0.235677
-0.005578
-0.137507
0.346292
0.660770
0.820649
0.948626
1.647104
1.996424
2.000480
1.657097
2.654677
2.875301
3.101405
1.038828
2.240010
1.165642
1.456369
1.200596
0.923445
1.216642
0.685340
0.300307
0.518301
0.110050
0.693629
0.046218
-0.190557
0.014047
-0.055462
-0.345109
-0.281077
-0.339343
-0.272972
-0.211125
-0.361672
-0.262954
-0.348268
-0.281902
-0.374576
-0.336665
-0.388159
-0.517812
-0.459088
-0.122655
-0.190992
-0.376477
-0.465423
-0.427974
-0.411593
-0.457153
-0.453109
-0.215745
-0.380627
-0.438215
-0.274144
-0.363334
-0.298510
-0.212510
-0.470169
-0.251189
-0.379136
-0.332408
-0.325996
-0.345188
-0.374210
-0.346532
-0.374175
-0.399205
-0.460094
-0.451939
-0.419205
-0.417523
-0.392243
-0.369549
-0.512087
-0.443599
-0.506167
-0.448572
-0.479434
-0.356753
-0.452828
-0.417101
-0.487116
-0.435658
-0.418554
-0.338597
-0.474429
-0.198614
-0.410310
-0.472107
-0.446455
-0.328828
-0.446705
-0.546915
-0.455585
-0.336511
-0.334574
-0.462194
-0.273388
-0.462865
-0.420486
-0.457560
-0.432992
-0.364043
-0.447212
-0.325492
-0.119031
0.139071
0.847633
0.970344
0.847957
1.559732
1.389276
1.406886
1.671570
1.599016
0.737800
0.989741
1.373114
0.192593
0.528743
0.310374
0.851728
1.197052
1.522030
1.148820
1.056290
0.565071
0.513935
0.113520
-0.070447
0.713865
-0.042666
0.112212
0.444510
0.313362
-0.167875
-0.114104
0.829612
1.970925
1.321240
1.683447
1.025979
0.571924
0.830853
0.922422
0.163899
-0.140839
-0.151492
-0.471766
-0.099338
-0.073298
0.103417
0.092188
0.273539
-0.264029
0.228275
0.268410
0.251181
0.143310
-0.077807
0.307303
0.291782
0.029533
0.235411
0.102549
0.656126
0.181081
-0.193532
0.252100
0.150895
-0.155450
-0.278090
-0.415251
-0.307135
-0.337584
-0.302051
-0.326297
-0.339990
-0.067948
-0.401881
-0.178232
-0.401428
-0.467275
0.292519
-0.289137
-0.337871
-0.486390
-0.381817
-0.381291
-0.324645
-0.476190
-0.191397
-0.426803
-0.295535
-0.298405
-0.329412
-0.429831
-0.199425
-0.372615
-0.329340
-0.417377
-0.131003
-0.130413
0.697121
0.788408
0.000635
-0.201068
0.096911
0.020032
1.626645
0.431161
-0.148227
-0.324654
-0.228959
-0.258496
-0.232402
-0.153041
-0.233949
-0.293304
-0.383455
-0.338854
-0.085673
-0.221608
-0.275737
-0.072837
-0.299755
-0.279524
-0.437468
-0.239654
-0.385986
-0.363844
-0.400729
-0.344998
-0.364743
-0.460262
-0.446230
-0.466225
-0.320965
-0.379585
-0.439576
-0.364175
-0.435659
-0.216205
-0.105052
-0.378357
-0.011193
-0.280199
-0.203219
-0.383526
-0.315976
-0.475240
-0.426473
-0.472990
-0.470358
-0.403241
-0.375533
-0.464819
-0.377047
-0.386470
-0.497385
-0.445336
-0.494389
-0.369995
-0.549765
-0.505298
-0.406056
-0.526220
-0.496365
-0.423869
-0.391386
-0.392307
-0.457156
-0.550199
-0.414612
-0.496417
-0.425683
-0.501698
-0.516555
-0.517640
-0.450913
-0.283642
-0.125771
-0.390993
0.134579
-0.374253
-0.351364
-0.437321
-0.416025
-0.336407
-0.303897
-0.424742
-0.482061
-0.445260
-0.484222
-0.452207
-0.451710
-0.391903
-0.425665
-0.420124
-0.444557
-0.398427
-0.188562
-0.135890
-0.144503
0.016263
-0.046355
0.351179
0.178990
0.129386
0.415938
-0.047287
0.357059
0.198671
0.554445
0.426318
1.103370
0.186597
0.182006
0.772505
0.796834
0.544161
0.782679
0.387354
0.362734
0.505537
0.365789
0.276404
0.362841
0.384405
-0.006754
0.408883
-0.191819
0.005191
0.039885
0.814194
0.448757
-0.044088
0.234320
0.316640
0.415111
-0.064579
0.512145
2.080709
-0.013292
0.467622
0.013988
-0.155341
-0.101646
0.181758
0.497350
0.204176
-0.059410
-0.080947
-0.087263
-0.171700
0.192670
0.000743
0.887499
-0.104146
0.243204
0.461898
-0.075905
-0.032981
0.225415
0.052245
-0.059825
-0.247772
0.431615
0.035764
0.742002
0.678834
0.530389
2.448628
1.242375
0.656198
0.199124
0.577034
0.705499
0.254606
0.170797
0.531326
1.754246
1.385025
0.399422
0.219214
-0.037048
-0.019900
1.450002
0.016707
0.458058
-0.235765
0.322702
0.154332
-0.199780
0.033549
-0.110580
-0.014268
-0.216302
0.071852
-0.247019
0.496526
-0.244633
-0.241522
-0.172234
0.012914
-0.222005
-0.340080
-0.272862
-0.180963
-0.143647
-0.326037
-0.423206
-0.093946
0.502113
-0.284764
0.096372
-0.289781
-0.262250
-0.178090
-0.287778
-0.108923
-0.021659
-0.113827
-0.101963
-0.332937
0.013638
-0.274368
-0.092733
-0.267158
-0.233632
-0.246053
-0.219495
-0.479873
-0.431427
-0.486925
-0.316537
-0.465098
-0.465302
-0.109813
-0.349532
-0.425959
-0.440000
-0.477077
-0.343799
-0.399487
-0.452667
-0.456774
-0.519166
-0.414611
-0.471275
-0.461618
-0.413686
-0.434933
-0.360536
-0.387260
-0.382981
-0.330044
-0.365970
-0.407303
-0.011694
-0.201959
-0.373886
-0.402266
-0.242367
-0.326305
-0.418140
-0.421221
-0.343393
-0.444388
-0.450273
-0.339639
-0.299818
-0.386506
-0.286850
-0.348440
-0.209064
-0.406308
-0.454718
-0.472259
-0.116514
-0.385990
-0.297542
