-0.892791
-0.892791
-0.892791
-0.892791
-0.892791
-0.892791
-0.892791
-0.892791
-0.892791
-0.892791
-0.892791
-0.892791
-0.892791
-0.892791
-0.892791
-0.587308
-0.538402
-0.573855
-0.642147
-0.453928
-0.561310
-0.556062
-0.550414
-0.525039
-0.646167
-0.629879
-0.599451
-0.632185
-0.634506
-0.615622
-0.607102
-0.619586
-0.612760
-0.691077
-0.672200
-0.651183
-0.596985
-0.655366
-0.610556
-0.585896
-0.632296
-0.527128
-0.540219
-0.546686
-0.047091
-0.164463
-0.332144
-0.377905
-0.095450
-0.231469
0.038295
-0.179211
-0.333630
-0.268328
-0.148104
-0.169568
-0.209039
-0.346530
-0.314951
-0.410878
-0.515937
-0.552448
-0.598706
-0.590519
-0.507760
-0.457090
-0.383473
-0.452337
-0.297888
-0.259119
-0.418406
-0.544323
-0.387072
-0.424312
-0.346992
-0.451283
-0.437010
-0.517285
-0.215236
-0.378528
-0.407851
-0.455650
-0.513379
-0.281411
-0.388726
-0.338798
0.175903
0.605173
0.809966
0.524955
0.911856
1.265449
1.021263
0.461476
1.173160
0.303236
0.146183
-0.014136
0.340470
-0.027515
-0.068441
-0.381061
0.136442
1.758011
0.064675
-0.091654
-0.339062
-0.338322
-0.371162
2.881274
7.512829
5.292039
4.132822
3.205348
2.493087
4.560607
3.008979
1.893275
2.972052
2.647355
0.536709
9.640330
7.375946
3.230614
5.340435
-0.386423
0.475266
-0.395191
-0.117572
0.163587
-0.349014
-0.391409
-0.118898
0.536097
0.386467
0.214843
0.086092
0.005124
-0.053326
0.045299
0.202028
0.123086
0.387492
0.123828
0.405310
0.054233
0.549775
0.480524
0.197699
0.573173
-0.128158
-0.312309
0.204830
0.137492
0.567927
1.175043
-0.281011
-0.427557
-0.439399
-0.447559
-0.020345
1.701847
0.052639
0.281454
-0.039861
0.437380
0.387447
0.872489
-0.132251
0.628039
0.216099
1.205911
0.286044
0.178983
1.304732
0.684028
1.528715
1.089752
1.062122
0.494782
0.914814
0.283551
0.350612
1.262467
-0.212965
-0.216406
0.119399
0.382079
0.861042
0.610101
1.162564
0.556122
1.177565
1.119963
1.392374
0.697962
0.515173
0.968629
1.472505
1.189376
1.686552
1.005137
2.262985
0.806200
2.473804
0.439243
0.293877
1.110432
2.648338
3.489318
5.328391
0.644798
1.397539
0.951897
-0.364737
0.062269
1.172444
3.574467
0.491939
0.848431
1.224885
1.804567
0.046581
1.227545
1.018944
0.498404
1.421562
0.197197
3.806847
3.178633
0.544894
1.908363
-0.169394
-0.483872
-0.309249
-0.387661
-0.129339
-0.048222
0.274989
-0.322031
-0.256669
-0.166697
-0.399678
1.080402
0.333546
-0.197354
0.030075
-0.126454
-0.111221
1.150231
0.686980
2.208633
1.196607
0.219492
0.277951
1.248833
0.806473
0.246290
0.797990
0.086084
1.053886
0.043385
0.770554
0.161645
1.757381
3.811984
2.049983
0.867612
0.030448
-0.284223
-0.550816
-0.171781
-0.073244
12.209172
28.584709
7.289934
16.302343
10.884784
15.521525
12.380662
11.293520
9.461379
10.803813
4.347785
7.515545
9.767829
11.979429
8.193373
25.852423
0.254228
1.510472
0.405361
0.044628
1.101370
0.523268
1.752798
2.519319
3.810300
0.856995
0.800282
1.255226
0.028003
0.917643
0.881979
0.506309
0.183781
0.483145
0.329211
-0.036107
-0.099949
-0.435457
-0.451122
-0.421769
-0.459660
-0.013429
1.067851
-0.303195
0.013785
-0.232324
0.060497
0.123809
-0.334151
0.264949
-0.138295
-0.088880
0.206691
-0.220983
-0.251563
-0.169000
-0.252684
-0.221747
-0.423297
-0.234446
-0.431433
-0.555104
-0.442258
-0.442961
-0.455875
-0.653007
-0.616751
-0.657055
-0.587194
-0.584822
-0.573446
-0.548533
-0.593245
-0.587147
-0.544245
-0.570521
-0.566313
-0.591848
-0.545986
-0.531093
-0.558288
-0.522242
-0.398294
-0.432683
-0.576600
-0.538062
-0.605702
-0.398489
-0.516310
-0.575924
-0.551136
-0.549833
-0.568750
-0.603693
-0.443000
-0.294955
-0.358515
0.208526
0.158033
-0.195256
1.558634
0.023347
0.494954
-0.034235
1.211107
1.103389
0.870518
1.337188
2.126350
0.412225
1.255966
0.261508
0.390173
0.524671
0.340957
0.441386
0.634755
0.906826
0.738968
0.103616
0.067572
-0.280713
-0.240425
-0.349734
-0.278790
-0.168540
-0.073634
0.251212
1.369678
0.413267
0.597504
-0.175363
0.581355
0.049030
-0.406461
-0.446483
-0.186443
0.145752
0.006836
-0.213830
-0.187226
0.292828
-0.106966
0.869832
-0.098594
0.034406
-0.164972
-0.017839
0.054874
0.030064
0.219622
-0.186702
0.500155
0.059194
0.240472
-0.093992
-0.191794
-0.055733
1.013487
0.056512
-0.060076
-0.005498
-0.375853
1.691146
0.653784
0.023759
0.680215
1.582534
0.741780
1.140923
0.535686
0.926092
1.407607
1.032376
3.154565
1.128662
0.699588
0.371800
1.057053
0.473337
1.018533
-0.026364
0.055614
-0.137076
-0.343263
0.317679
-0.392680
0.008059
0.047749
-0.174544
0.410242
-0.018498
-0.017047
-0.203729
-0.238769
-0.257854
-0.190011
0.013357
-0.033775
-0.024949
0.334067
0.073231
0.469685
-0.150379
-0.090657
0.147967
-0.059113
0.296629
1.860396
0.054738
0.230469
0.590076
3.977994
1.729285
0.210960
1.159422
1.140476
0.703705
0.899038
2.116798
0.205571
0.317419
0.386136
-0.007696
0.127975
0.999489
0.635068
-0.133063
-0.255666
-0.206236
-0.131952
-0.048797
0.534467
1.156125
0.718377
0.394856
-0.445335
-0.485544
0.720378
0.894676
0.481927
1.143805
0.089461
0.225524
0.089816
0.284884
0.164536
0.166539
1.024040
0.220551
-0.201181
0.349858
0.485228
0.885071
-0.363861
0.066546
-0.278980
-0.355738
-0.340231
-0.355619
0.316087
-0.401887
-0.080999
-0.073690
-0.012995
0.711900
0.103673
-0.205985
-0.265138
-0.172739
-0.301634
0.168188
-0.000360
0.186885
-0.103684
0.186716
-0.014029
0.139635
0.099657
0.058838
0.017215
1.860170
-0.226950
0.351433
0.321123
0.236934
0.140028
1.246073
2.371439
0.560349
0.056093
0.380021
0.307634
0.632667
0.803884
0.305442
0.148827
-0.045368
-0.006419
0.167859
1.137984
0.272772
0.541517
-0.302022
-0.357492
-0.155430
-0.239702
-0.332500
-0.040307
0.731216
1.159827
0.862374
0.057781
0.215876
-0.009562
-0.321459
1.236741
0.019281
0.105969
0.875746
0.778443
0.208476
0.261280
-0.046580
-0.043477
0.617874
0.016525
0.543134
0.556068
0.097801
0.743101
-0.001175
0.073407
0.246958
0.293626
-0.099407
-0.099848
-0.155482
1.498522
2.770972
3.812942
1.940511
2.560974
0.812811
1.557744
1.517425
0.397258
-0.065707
0.485669
0.276463
0.400576
0.090626
0.049023
-0.171143
-0.351094
-0.230192
11.022436
6.306612
11.765158
8.934939
3.554448
6.196968
13.969495
6.817235
2.954205
5.416349
3.865497
2.669774
5.620004
6.817940
4.550563
7.138440
0.334276
-0.124792
-0.276485
-0.156612
0.349936
0.676147
0.866514
1.083944
1.615963
1.653573
1.759003
1.001917
1.146730
0.162054
0.018832
-0.139959
-0.426055
-0.543723
-0.349053
-0.513201
-0.455967
-0.463716
-0.498318
-0.398049
-0.502352
-0.370819
-0.296700
-0.447046
-0.226375
0.025984
0.523419
3.125890
3.713946
2.489837
3.325088
3.315976
1.973168
2.530334
2.881327
2.945987
4.264187
1.125704
1.856453
0.532251
0.426651
0.130172
0.041974
1.123939
0.754345
0.573689
1.998252
1.400809
1.309391
0.874705
0.792494
0.833642
1.356358
0.523964
0.427438
1.141018
0.563081
2.021760
2.415531
0.421076
2.102508
1.215758
0.998304
1.691758
0.405255
1.067680
1.262379
1.140543
0.350551
0.088801
0.229234
-0.023383
-0.010455
0.267968
0.165431
0.340976
-0.170449
-0.365835
-0.364030
-0.265671
-0.407482
-0.464213
-0.477646
-0.393313
-0.424288
-0.461316
-0.611933
-0.599207
-0.537833
-0.501703
-0.296024
1.110618
0.249546
1.187138
1.270022
0.766858
0.137369
1.958022
2.016072
3.455715
2.118224
2.360288
4.053609
2.041132
0.642070
1.391180
1.375891
2.512682
1.767421
3.530146
1.443119
3.277570
2.272866
0.404226
1.527967
0.942489
1.396907
1.284987
0.620980
2.982486
1.585890
0.656381
2.010115
2.171940
2.818520
0.769817
0.249149
-0.223059
-0.142747
0.262250
-0.365088
-0.134981
-0.065870
-0.143625
-0.403812
-0.468734
-0.387522
-0.416635
-0.507423
-0.332045
-0.227286
0.022558
0.085185
-0.121981
-0.009656
0.836466
1.632272
0.599628
0.189553
0.136233
0.642019
0.337141
1.031122
0.033960
0.053668
0.477939
0.378414
1.008351
0.085848
0.353711
0.180732
0.767358
0.821335
0.705655
0.456919
0.439509
0.575491
1.191619
0.976095
1.049974
1.747085
2.704601
2.250576
2.983581
1.678684
0.146828
0.543397
0.278218
0.149073
-0.193895
-0.299149
-0.384820
-0.443922
-0.441229
-0.269618
-0.614282
-0.456263
-0.590679
-0.327241
0.264080
2.368994
0.074308
0.088853
-0.477583
0.955898
-0.076333
-0.173456
0.609514
0.619762
0.513029
0.575086
1.555279
0.831120
0.052005
0.618959
0.573207
0.368559
0.426950
0.171534
0.432413
-0.062863
-0.050623
-0.248430
-0.311825
-0.146774
-0.178516
-0.156066
0.200025
0.561786
0.032552
0.213204
-0.074893
-0.119356
-0.479058
-0.030578
-0.096676
-0.242491
0.112716
-0.108742
-0.115950
-0.430330
-0.250024
-0.323316
-0.135309
-0.157506
-0.190259
0.092325
-0.257483
0.206169
0.001372
0.078109
-0.004684
0.421752
0.292588
0.520281
0.532852
1.173418
2.150065
-0.255596
-0.174555
-0.452955
-0.223932
1.252820
0.092312
0.052005
0.287197
1.856895
0.280087
0.578454
-0.101458
-0.280903
0.232521
0.549667
0.220738
0.613066
1.194122
0.658068
1.012612
0.019488
-0.102749
-0.168403
-0.146393
-0.181350
0.602382
0.027128
0.226369
-0.306320
0.019497
-0.125499
1.508609
0.344565
0.929181
0.220582
2.566111
0.216501
0.634534
-0.163605
-0.004393
0.391852
2.720142
0.466044
0.685504
0.539584
0.754006
0.730776
0.134508
-0.336196
-0.282517
0.309084
0.087303
-0.241353
-0.124425
-0.334837
1.632782
1.045970
0.709214
1.097026
0.386696
0.400831
1.395906
-0.102023
0.687726
0.387181
0.239384
-0.066737
2.007027
0.770042
0.364671
1.237837
-0.040266
-0.225647
-0.416769
-0.269056
-0.077361
-0.105632
-0.356295
-0.438025
-0.247002
1.127757
2.230915
0.405581
0.691127
0.221783
0.204509
0.629890
0.579288
0.278244
-0.062586
0.667212
0.311231
0.864006
0.521481
0.403270
1.061700
-0.103641
-0.083515
-0.371864
-0.367161
-0.277293
0.079923
-0.451319
-0.484885
3.568879
2.375040
0.871300
1.487233
1.562425
1.196861
4.784200
2.980983
3.453381
0.370667
2.293561
0.300933
0.441566
0.404061
1.460780
2.535890
-0.301276
-0.169413
-0.188023
0.436811
-0.162232
-0.003707
-0.117368
0.559747
0.241458
-0.088000
0.231035
0.316074
0.436174
-0.194140
-0.257831
0.086303
0.365335
-0.109180
-0.046828
0.157202
-0.128993
-0.107117
0.067103
0.544035
-0.026062
-0.150995
-0.038267
-0.194082
-0.042010
0.280256
-0.103951
-0.014873
1.015130
0.207332
-0.259051
0.992968
-0.015732
0.071411
0.675735
0.494798
1.142254
0.692147
0.047272
1.452472
0.182261
0.814888
0.286857
3.268811
1.192062
0.711806
0.430319
-0.135752
0.008821
0.407879
-0.368148
-0.057314
0.207385
0.147333
0.804500
0.045682
0.176829
-0.056471
0.690172
0.412564
2.297772
0.569569
0.460649
0.111024
0.579180
0.449563
2.133257
0.413919
0.974491
0.654151
-0.321357
-0.045328
-0.181257
-0.335754
-0.172345
0.283232
-0.038396
-0.116213
0.205357
0.417910
0.069131
-0.066813
0.609209
0.041864
0.809979
0.514845
0.710711
0.724207
1.468130
0.652334
1.174673
2.212677
0.925050
-0.116313
-0.024809
0.325168
0.084294
0.909183
0.327391
-0.032096
0.519238
0.495148
-0.330879
0.412768
0.205011
-0.133393
0.134486
0.092450
-0.076381
0.035046
0.423851
0.571200
0.329532
0.060864
0.455672
-0.077262
0.197178
-0.059070
-0.235948
0.381673
0.751383
0.397179
-0.166801
0.433638
-0.108689
-0.290401
0.025459
-0.079174
-0.217065
-0.100038
0.220731
0.244558
0.452631
0.598778
0.097106
0.227297
0.815884
0.289956
-0.097003
0.222659
0.656538
0.027452
0.327047
0.872644
0.594452
0.092774
-0.174757
0.221043
0.066231
-0.099873
0.136674
0.304489
0.118538
0.385590
2.104380
0.030368
0.801709
0.280880
-0.022785
0.053618
-0.187534
0.559970
0.042267
0.052947
0.302826
0.206171
0.308307
0.181803
0.743821
0.049984
-0.052560
-0.025071
0.006702
-0.031578
-0.141304
-0.065080
-0.220598
0.042214
-0.062453
-0.106971
0.267504
-0.327621
0.006341
1.719687
-0.150055
-0.148051
0.089173
0.104686
0.174230
-0.189231
-0.270500
1.714073
0.775253
0.173726
0.499152
0.173492
0.589724
0.587986
1.612245
0.362535
0.060708
-0.058483
0.430012
0.271962
0.215743
-0.111144
-0.201092
0.215076
0.200319
-0.184208
0.081355
-0.256781
-0.028361
-0.132220
-0.155264
-0.290763
-0.179309
0.101403
0.485703
0.176199
0.336510
-0.035191
0.544653
0.023977
0.284928
0.042895
0.130161
-0.088676
-0.091499
-0.034039
0.198848
-0.248061
-0.212417
-0.099898
-0.112467
-0.314442
-0.312324
-0.141949
-0.298771
-0.287733
-0.029170
-0.004224
0.418975
0.251955
0.848898
-0.094745
0.600509
0.095958
0.245828
0.533287
0.207215
0.427660
0.714369
0.388604
0.836028
0.255635
0.541654
-0.030474
0.552342
-0.229841
-0.298152
0.119354
-0.050217
0.324801
-0.126126
-0.216548
-0.129385
-0.083929
-0.299274
0.777163
0.073573
0.361005
0.433162
0.702844
0.195987
0.296583
1.384779
2.214449
0.443266
-0.031107
0.956974
0.283498
-0.118626
-0.237777
-0.216677
-0.117906
0.238363
-0.179865
-0.272944
-0.020736
0.059317
-0.355482
-0.177533
-0.259676
-0.041519
0.040688
-0.003963
0.618099
0.124697
0.235838
1.670826
-0.212762
0.988768
0.152159
0.019062
0.688623
1.513321
-0.059820
0.088935
0.604260
1.149242
-0.013387
-0.111415
-0.030803
0.025967
-0.297746
0.092651
-0.182351
-0.250200
0.254726
0.232821
0.168118
0.056186
0.283634
1.703851
0.546788
-0.149202
0.311122
1.081016
-0.262876
-0.035148
0.194621
0.092047
-0.092162
1.489946
0.669416
0.195121
1.074405
0.238716
0.046555
0.487006
0.091712
0.447715
0.439170
0.136267
0.482825
0.179915
0.569868
0.282893
0.428693
-0.143104
0.158374
-0.291228
0.068606
-0.097242
-0.064505
0.284845
-0.203847
0.801732
0.761168
0.113569
0.049569
0.059113
0.287538
0.204147
-0.342386
0.025374
0.721490
0.092811
-0.264288
0.166440
0.687150
0.568922
0.155580
-0.384186
-0.064476
-0.104225
-0.257271
-0.439432
-0.059310
-0.012042
-0.169651
0.967707
-0.044612
-0.073940
0.557141
0.261137
-0.316730
-0.103593
-0.175229
-0.258106
0.362185
-0.020330
0.182162
0.106269
-0.051241
-0.118714
0.541490
-0.268339
0.018857
-0.248280
-0.011893
-0.421953
-0.141804
0.044861
0.418019
1.345902
1.042686
0.105694
0.126259
0.095807
0.747869
0.624898
1.084612
0.892278
0.034803
1.251377
0.365951
0.533255
1.073812
0.546803
0.415172
0.609180
0.166884
-0.073138
0.042011
0.780005
0.047615
0.971128
1.781198
1.275476
0.340942
0.388203
0.082344
0.713233
0.460490
0.886373
-0.315791
0.131313
-0.056161
0.695565
-0.038123
-0.101057
0.047747
-0.112049
-0.240579
-0.313927
-0.130222
-0.047828
-0.133231
-0.231155
-0.200259
-0.168082
0.431112
0.088951
0.411623
0.332011
0.196233
0.400838
1.410946
0.603492
1.309910
0.633636
1.075511
2.009283
0.210676
0.245738
1.599020
0.580876
0.305960
-0.179603
0.137647
-0.244449
-0.231142
-0.225889
-0.270075
-0.061702
-0.138286
-0.234992
-0.145586
-0.160231
-0.291430
-0.267607
1.238746
0.540595
-0.051853
0.662479
0.345637
0.267254
1.297594
0.089035
-0.008601
0.870605
0.634377
0.102666
0.678365
0.579919
0.495011
0.482111
0.310521
0.217788
0.015009
0.089403
0.127021
0.573929
0.221980
0.121671
-0.220002
-0.281518
0.057008
-0.154003
0.147952
0.006482
0.237251
-0.032770
0.329550
-0.119401
0.056276
-0.341300
-0.281018
0.172459
-0.264125
-0.402978
-0.197191
-0.117988
-0.194368
-0.136892
-0.177257
-0.143534
-0.135156
-0.028474
-0.278556
0.168062
0.040541
-0.013324
-0.058944
-0.023454
-0.125526
0.052206
0.046588
0.080441
-0.041016
0.324789
0.489080
-0.005224
-0.084323
1.226299
0.715106
-0.172221
0.374513
-0.184473
-0.268690
-0.023957
-0.134846
-0.361652
-0.022421
-0.130016
0.037356
0.402070
-0.083630
0.469831
-0.125226
0.692138
0.171343
0.467116
1.082959
0.195974
1.082131
0.727893
1.599941
1.916817
0.047293
0.204905
-0.166302
0.103729
0.417607
-0.164034
0.499314
0.340023
0.230175
0.383257
0.144370
0.077244
0.519588
-0.058733
0.916489
0.181876
0.396420
1.040088
0.344211
0.662175
1.328336
2.078908
0.327636
0.577994
0.184154
0.057092
0.227502
1.962580
-0.158383
-0.096520
0.607478
-0.206404
0.593193
0.399552
0.286374
0.024459
-0.118282
-0.205526
-0.244474
0.164997
-0.146181
-0.255782
-0.302041
-0.321335
0.429522
0.808979
0.102036
0.173681
0.157308
0.160929
0.066698
0.249366
-0.079091
-0.101779
0.142982
0.485241
0.131136
0.142773
0.092754
0.141695
-0.164848
-0.206624
-0.308960
-0.255020
-0.226553
-0.322108
-0.149478
1.464711
2.293545
0.567980
0.863206
0.731459
0.220869
1.743665
1.250544
0.649371
0.469560
0.729566
0.833731
0.637171
0.308069
2.476161
1.212214
2.377038
1.643167
2.200104
0.328108
0.242032
0.749972
2.898697
1.023295
-0.019065
-0.345462
-0.242400
-0.133378
-0.294732
0.444364
0.644887
0.376404
0.318199
0.413549
0.488057
0.719827
0.465154
0.135997
0.456715
2.455405
3.695587
1.745422
1.271698
1.781704
4.107346
3.106096
0.742648
0.272936
0.079413
-0.203873
0.288381
0.086718
-0.140301
0.060909
-0.043304
-0.127999
-0.076774
-0.111223
0.034516
-0.103836
0.457836
-0.024788
-0.022027
0.398124
0.020396
-0.295845
-0.059425
-0.037515
-0.402791
-0.444512
-0.038144
0.397128
-0.006075
0.219765
0.399166
-0.291830
-0.232885
0.007053
-0.097037
-0.168831
0.028092
0.269734
0.168862
0.361170
0.285361
0.124833
-0.066547
0.176368
-0.014052
-0.320703
0.787191
-0.192902
0.658458
0.003616
-0.092986
0.179046
0.212628
-0.173228
-0.213715
-0.264850
0.292129
-0.133631
-0.054044
0.075023
-0.164706
0.138878
0.134658
-0.033205
0.492568
-0.319987
-0.244333
0.110409
-0.159439
0.090260
-0.199353
0.097778
0.072160
0.118003
-0.000469
-0.392137
-0.103349
-0.179514
-0.208184
-0.215695
-0.135291
-0.168016
-0.105013
0.016624
-0.070277
0.019217
-0.114587
-0.093486
0.372065
1.121662
0.118032
-0.010356
0.379314
0.641923
0.311482
0.449229
-0.235496
0.032866
-0.140604
-0.098712
-0.256801
-0.271570
-0.264355
0.116785
0.770468
-0.230992
0.513375
-0.075535
0.187113
0.790570
0.493837
1.312280
0.000792
0.878815
1.662956
0.652585
2.504326
0.231596
1.856938
2.981425
0.743376
1.347005
2.258552
1.454619
0.538889
1.200583
1.453061
1.824070
0.859924
7.018395
2.299516
2.291840
0.541860
0.959977
1.455020
1.068619
1.344175
2.563734
0.926736
1.051021
0.731528
1.321012
1.135136
3.006812
4.459116
6.805516
7.614179
0.769646
0.198438
-0.144072
-0.300674
-0.434412
0.053559
1.431110
-0.114963
0.349583
0.020581
0.216092
-0.253242
-0.004111
0.265542
-0.110081
-0.024034
0.483988
-0.045805
0.578534
3.584288
0.885788
2.167563
2.229062
2.185659
1.179309
1.984682
2.741389
1.594183
3.539824
2.860132
1.307178
2.742663
1.723834
1.459219
3.986540
1.587212
0.940087
0.040690
-0.323112
-0.238912
-0.346638
-0.026154
1.063223
1.338360
-0.323203
-0.266295
-0.497632
-0.470806
0.176024
-0.059076
0.304574
0.128994
0.313309
-0.270404
0.417775
-0.158716
-0.029785
0.021654
0.542519
0.372862
0.280382
0.405539
0.292347
0.220287
1.349631
0.175385
-0.056975
0.284012
-0.053647
0.741094
1.295335
0.394959
-0.306790
-0.046678
-0.078781
1.193799
0.110727
0.813973
0.856835
0.124742
0.156571
0.665158
0.108629
0.317378
0.392882
1.001303
1.054860
1.349533
0.602925
0.898613
0.468439
0.251491
-0.332562
-0.078319
-0.276565
-0.035758
0.428500
-0.389754
-0.284042
-0.250900
0.180218
-0.096294
0.061837
0.553826
-0.035568
0.152015
0.258349
0.873393
0.023936
0.293234
0.207182
0.045344
0.220351
-0.075874
0.216325
1.110028
0.285273
-0.012977
0.544977
2.810700
3.284495
5.817686
3.321284
3.531829
-0.266367
-0.382394
-0.392237
0.713615
0.076048
-0.069113
0.391418
-0.064109
-0.124518
0.860047
0.179964
0.113524
0.783571
0.515966
0.202964
0.869334
1.213693
0.446910
2.074603
0.845423
0.550609
0.976984
2.170512
1.803516
3.277005
2.490143
3.537445
1.904653
1.038650
0.578743
-0.143702
-0.256837
-0.494798
0.960379
0.215963
0.543279
0.938497
1.222966
0.222203
0.157431
0.644787
0.606909
-0.269962
0.380994
0.726910
1.024103
-0.039408
0.412076
0.474755
0.795456
-0.232053
-0.233788
-0.241445
-0.295857
-0.182089
0.044415
-0.073250
-0.381226
-0.435454
2.363987
2.835739
0.767133
0.734312
-0.013804
0.873093
0.507915
0.990630
0.979574
1.594293
3.347696
1.752056
2.378766
1.056294
0.532935
2.660864
0.711701
1.626818
1.122196
0.593817
5.127151
2.857544
6.368236
4.219014
4.300460
2.723525
5.014988
2.833367
2.442150
0.307739
0.078066
-0.083671
-0.047831
-0.227923
-0.202951
-0.164814
-0.175925
-0.255151
-0.386946
-0.375819
-0.518107
-0.573254
-0.323799
-0.422960
-0.574774
-0.567849
-0.641446
-0.643607
-0.644340
-0.560698
-0.350937
-0.398022
-0.456105
-0.223026
-0.306239
-0.054896
0.069704
0.124615
-0.103543
0.150502
-0.273142
-0.175242
-0.290921
-0.371804
-0.201308
-0.265187
-0.166382
-0.252335
-0.101904
-0.325376
-0.159945
-0.334160
-0.240896
0.037665
-0.313428
-0.072079
0.111637
0.031892
-0.184838
-0.175002
-0.370993
-0.165625
-0.280117
-0.316731
-0.149280
-0.235638
-0.079938
0.306116
-0.143632
-0.204533
-0.408390
-0.442691
-0.466377
-0.455223
-0.507021
-0.599593
-0.591997
-0.700408
-0.745034
-0.747966
-0.757026
-0.754811
-0.769522
-0.767645
-0.760017
-0.708718
-0.686836
-0.721642
-0.651627
-0.658764
-0.674716
-0.709532
-0.679107
-0.659052
-0.682438
-0.617530
-0.666646
-0.580991
-0.637839
-0.662736
-0.612772
-0.628444
-0.652218
-0.639860
-0.640184
-0.646401
-0.701562
-0.661069
-0.671443
-0.708996
-0.705255
-0.712028
-0.670432
-0.687395
-0.661607
-0.645070
-0.472402
-0.423266
-0.473864
-0.512682
-0.377412
-0.505797
-0.482849
-0.460001
-0.472541
-0.544198
-0.403529
-0.435300
-0.433566
-0.432707
-0.537637
-0.541344
-0.521549
-0.442606
-0.473296
-0.437427
-0.445903
0.143716
0.324228
0.172914
-0.315850
-0.243270
-0.189063
-0.206691
-0.334598
-0.277461
-0.334594
-0.347122
-0.204084
-0.274975
-0.307407
-0.341927
0.444917
0.930177
0.094686
-0.486053
-0.361595
-0.536758
-0.249508
-0.364807
-0.317186
-0.466595
-0.236633
-0.309416
-0.492709
-0.345588
-0.506683
-0.086351
-0.497094
-0.368985
-0.339150
-0.158617
-0.365318
-0.329508
-0.357363
-0.290364
-0.512273
-0.451692
-0.550344
-0.506076
-0.401312
-0.479192
-0.549351
-0.168119
-0.523783
-0.389825
-0.350144
-0.394376
-0.112732
-0.453497
-0.423762
-0.369008
-0.488617
-0.423501
-0.501204
-0.410240
-0.468879
-0.230846
-0.342258
-0.179127
-0.335439
-0.476464
-0.243878
-0.404461
-0.349626
-0.427593
0.264736
-0.325994
-0.408954
-0.538385
-0.493360
-0.389368
-0.264717
-0.380513
-0.445024
-0.390799
-0.470432
-0.295351
-0.306705
-0.371376
-0.338028
-0.213485
-0.466395
-0.320762
-0.391620
-0.182592
-0.316394
-0.140869
-0.243060
-0.139439
-0.289981
-0.544012
-0.109599
-0.307820
-0.150086
-0.228483
-0.459617
-0.324425
-0.269130
1.224578
-0.409478
-0.122813
-0.281521
0.596000
-0.068405
0.117642
0.253989
1.279821
0.067386
-0.095933
-0.050329
0.722699
0.084778
0.177223
0.182827
0.287845
-0.291392
-0.092191
-0.302634
-0.433269
-0.266609
-0.008004
-0.068140
0.081139
-0.192321
-0.287542
-0.480642
-0.476053
-0.561943
-0.510981
-0.396241
-0.336141
-0.303902
-0.062401
-0.324887
-0.378646
-0.230157
-0.362430
-0.247617
-0.492726
-0.367064
-0.291058
-0.266539
-0.372150
-0.320666
-0.268326
-0.411191
-0.443057
-0.545720
-0.522471
-0.478591
-0.168568
-0.182851
-0.561177
-0.574106
-0.143143
-0.017740
-0.114868
-0.213110
-0.039827
0.196922
0.053631
-0.155571
-0.256590
-0.136058
0.102064
-0.158687
-0.087226
-0.193006
-0.266665
0.998918
0.099196
0.069948
0.024634
0.870825
-0.220291
0.030237
0.246953
0.723913
0.022758
-0.458537
-0.493338
-0.509692
-0.319750
-0.422469
-0.315145
-0.377886
-0.257855
-0.256884
-0.318788
-0.268380
-0.328221
-0.107523
0.018783
-0.022819
0.181246
0.211502
1.651562
-0.007769
1.176715
0.159231
1.040540
0.599753
-0.100078
0.190940
1.530962
1.733042
1.066162
0.857827
0.670034
0.280658
0.235275
0.016987
-0.421086
-0.390071
-0.384140
-0.348322
-0.357751
-0.475795
-0.510027
-0.584932
-0.376343
-0.605011
-0.507388
-0.493290
-0.427084
-0.523417
-0.523114
-0.472582
-0.489132
-0.591098
-0.492093
-0.599186
-0.550159
-0.485900
-0.522396
-0.607580
-0.669719
-0.672485
-0.704988
-0.684262
-0.697335
-0.682023
-0.667036
-0.716656
-0.737212
-0.739430
-0.752040
-0.702811
-0.683017
-0.684346
-0.708319
-0.707951
-0.726534
-0.692229
-0.701551
-0.637091
-0.630686
-0.652779
-0.696730
-0.655099
-0.675701
-0.633533
-0.523327
-0.513481
-0.657187
-0.525387
-0.698680
-0.658982
-0.670664
-0.667655
-0.680288
-0.723294
-0.713528
-0.681025
-0.427456
-0.406042
-0.292252
0.179789
-0.110048
0.485666
0.460216
0.035974
-0.511585
0.459798
0.316699
0.646764
0.985304
-0.081204
0.936752
0.545456
0.652402
0.686028
-0.224731
-0.032417
-0.071561
0.066419
0.143048
0.191269
0.214406
0.787189
-0.079004
-0.344441
-0.279329
-0.275211
-0.485632
-0.280291
-0.442568
-0.013224
-0.102252
1.022047
0.232101
-0.104579
-0.307791
-0.294279
-0.429898
-0.531416
-0.569402
-0.422645
-0.358499
-0.366280
-0.276646
-0.214630
0.006192
-0.308699
-0.373065
-0.219302
-0.509471
-0.282974
-0.314522
-0.294522
0.771476
-0.358358
-0.360325
-0.408542
-0.398364
-0.461639
-0.415364
-0.269307
-0.171584
-0.320919
-0.389218
-0.336243
0.123069
-0.312180
0.509937
0.019198
-0.167411
0.038383
-0.186118
0.658361
-0.087611
-0.009092
0.638934
-0.182957
0.555072
-0.137201
-0.184016
0.692139
-0.131476
-0.175723
-0.499054
-0.249548
-0.280899
-0.443316
-0.409523
-0.241347
-0.346515
0.367820
-0.359719
-0.299917
-0.131778
-0.259964
-0.344913
0.124501
-0.448160
-0.408470
-0.439006
-0.463964
-0.360012
-0.451888
-0.292711
-0.361071
-0.529634
-0.413014
-0.447364
-0.521745
-0.528805
-0.447141
-0.449791
-0.527394
-0.479745
-0.210437
0.293895
-0.350665
-0.455536
-0.182515
0.423253
0.330233
-0.419294
0.237322
-0.499112
-0.368661
-0.463456
-0.410706
-0.365600
-0.302015
-0.224110
-0.385826
-0.297545
-0.357986
-0.524115
-0.402782
-0.427042
-0.406078
-0.403790
-0.423410
-0.567953
-0.588364
-0.433492
-0.506295
-0.485494
-0.489686
-0.385167
-0.347275
-0.045115
0.080682
-0.049767
-0.081688
0.324322
0.305612
0.876237
0.977868
1.036540
-0.059509
1.365345
1.155038
1.264693
0.009879
-0.405877
-0.464499
-0.496983
-0.288152
-0.353386
-0.343716
-0.197154
-0.528591
-0.414593
-0.400293
-0.294188
-0.414564
-0.311233
-0.311574
-0.066460
-0.136344
-0.202113
-0.276808
-0.435947
-0.240945
-0.130795
0.188341
-0.237759
-0.329810
-0.316816
-0.293185
0.701123
-0.378734
-0.342893
-0.378832
-0.294497
-0.303406
-0.292750
0.081046
-0.468376
-0.390047
-0.353883
-0.372883
-0.306110
-0.413479
-0.262255
-0.021116
-0.451178
-0.410306
-0.473495
-0.497566
-0.505738
-0.383533
-0.102599
1.030082
-0.094233
0.001659
0.150500
-0.500224
-0.442814
-0.167325
0.080785
-0.256827
-0.110113
0.276486
-0.005052
-0.004091
1.648624
-0.229343
0.038453
-0.230246
-0.290103
-0.363962
0.053554
-0.079574
-0.045294
-0.337267
-0.430181
-0.354506
0.208867
-0.119701
-0.380941
0.281083
0.652311
2.586007
1.416715
1.365827
0.965248
0.497323
0.967821
0.590234
0.008234
-0.051437
0.668789
0.019131
0.110482
0.417220
-0.184626
0.106943
-0.267213
-0.291946
0.029485
0.136189
0.633912
0.429831
0.238637
0.298484
-0.200726
0.172982
0.397334
0.384119
0.632367
2.191431
0.249995
-0.071929
0.663300
0.325032
-0.138399
0.214117
-0.252619
-0.200911
0.085699
-0.233914
-0.255336
0.323695
1.337657
1.393671
0.947488
1.224223
0.874752
0.346271
0.288117
-0.305925
-0.539726
-0.617843
-0.660874
-0.596915
-0.676267
-0.646961
-0.631251
-0.654476
-0.652171
-0.652920
-0.582253
-0.610425
-0.407195
-0.294013
-0.025951
0.806214
1.781553
1.962247
3.147037
2.052536
1.281372
1.667508
2.656666
1.270014
1.796643
1.510218
0.941308
0.853788
0.144515
0.624610
0.258086
0.273589
0.308281
0.482550
0.279903
0.779835
1.769007
0.831299
0.912375
1.159624
0.273801
0.523766
1.927155
0.115853
0.596313
0.180621
0.562818
0.937676
0.715618
0.982823
1.112825
1.057616
0.516481
0.417511
0.208427
0.436863
0.484595
1.368648
0.247945
0.311174
0.347049
-0.276620
-0.216438
-0.496497
-0.500698
-0.448253
-0.432315
-0.443696
-0.610731
-0.612685
-0.607796
-0.552823
-0.638077
-0.663461
-0.638949
-0.720475
-0.717294
-0.661711
-0.692744
-0.664681
-0.677601
-0.528667
-0.060410
-0.024909
0.160664
0.335493
0.226673
-0.118853
0.219954
2.288098
1.836129
2.901279
2.144928
2.172701
2.274642
1.059112
0.858769
1.406366
3.783864
2.117693
2.200901
1.544617
1.097449
0.644329
0.526766
0.244052
0.541384
1.037554
1.234588
2.139828
0.985077
2.604884
4.025384
2.291872
1.497493
0.822574
0.819782
0.534459
-0.317468
-0.345191
-0.603792
-0.612539
-0.638556
-0.637393
-0.646144
-0.490337
-0.537848
-0.571614
-0.665360
-0.674667
-0.678721
-0.633289
-0.449012
-0.085750
-0.036447
0.088216
0.158975
-0.228855
0.488308
0.098871
0.055957
0.227669
0.049716
0.986409
1.295741
0.422282
0.526522
0.377250
2.866999
0.178430
0.030364
0.718033
0.848566
0.879909
0.433517
-0.154960
-0.104089
0.771757
0.061402
0.037884
-0.131121
-0.303227
0.715358
2.058954
1.071888
1.861623
2.758924
1.824747
0.164601
-0.246103
-0.039644
-0.408592
-0.447851
-0.570587
-0.536281
-0.486156
-0.649745
-0.622383
-0.646218
-0.668504
-0.618659
-0.285707
0.468923
0.521107
-0.373963
-0.384049
-0.156770
-0.215809
-0.232148
-0.334320
-0.367688
-0.242780
-0.123465
-0.371283
-0.172915
-0.206719
-0.199600
-0.063229
0.520999
-0.082928
-0.108409
-0.229037
0.080103
0.142380
-0.241768
-0.161413
-0.353955
-0.397704
-0.518746
-0.114699
-0.101979
0.431204
0.192312
-0.059894
-0.289862
-0.353091
-0.517689
-0.584057
-0.382982
-0.432714
-0.490414
-0.289723
-0.460139
-0.305538
-0.540438
-0.468263
-0.525500
-0.428008
-0.467857
-0.507133
-0.413765
-0.414265
-0.191168
-0.426096
-0.332442
-0.343470
-0.490593
-0.378496
0.117253
-0.081810
0.202723
-0.185415
-0.352157
-0.487145
-0.482678
-0.578681
-0.511322
-0.331062
-0.410727
-0.461800
-0.095457
-0.442286
-0.352413
-0.150538
-0.307267
0.030166
-0.267199
-0.400532
-0.306981
-0.237607
-0.251917
-0.026601
-0.365660
0.070946
-0.452462
-0.373298
-0.512104
-0.507606
-0.350614
-0.400327
-0.571373
-0.492656
-0.574631
-0.382175
-0.255224
-0.444718
-0.246832
-0.287983
-0.425607
-0.462940
-0.387346
-0.465528
-0.482612
-0.449353
-0.481822
-0.410934
-0.262978
-0.423049
-0.353074
-0.402914
-0.491599
-0.452675
-0.532828
-0.463277
-0.408313
-0.422948
-0.477518
-0.482093
-0.535203
-0.501871
-0.426635
-0.528582
-0.381494
-0.339472
-0.473462
-0.466722
-0.473308
-0.435938
-0.513297
-0.521112
-0.463958
-0.501767
-0.308259
-0.345361
-0.443448
-0.443267
-0.469848
-0.589288
-0.466864
-0.529695
-0.192130
-0.392853
-0.452613
-0.549868
-0.477694
-0.455511
-0.400700
-0.436413
-0.398529
-0.058408
-0.439418
-0.452488
-0.561211
-0.534809
-0.555195
-0.385972
-0.385823
-0.371622
-0.401553
-0.265669
-0.452388
-0.278957
-0.497833
-0.468177
-0.465662
-0.437106
-0.420840
-0.476045
-0.569156
-0.549702
-0.483115
-0.271931
-0.308401
-0.269221
0.539007
0.052177
-0.190801
-0.123728
-0.150333
-0.256648
-0.403421
-0.330663
-0.257848
-0.124435
-0.369299
-0.290534
-0.405560
-0.493495
-0.506791
-0.559870
-0.503121
-0.545290
-0.408822
-0.457860
0.447402
-0.299125
-0.282601
-0.257317
-0.363117
-0.205505
-0.503071
-0.405101
-0.451732
-0.375173
-0.389325
-0.320244
-0.505919
-0.352689
-0.438640
-0.526988
-0.510207
-0.528999
-0.527465
-0.452374
-0.387321
-0.384795
2.612469
-0.401336
-0.435590
0.275215
-0.088162
-0.429479
-0.179968
0.137845
-0.268468
-0.449562
-0.348942
3.337266
0.070940
-0.186489
-0.289159
-0.200395
-0.265755
-0.155111
-0.566142
-0.575048
-0.533424
-0.478400
-0.516806
-0.480228
-0.416010
-0.519260
-0.513675
-0.441030
-0.402292
-0.362961
-0.390255
-0.381453
-0.271054
-0.398778
-0.243421
-0.323271
-0.177655
0.026232
-0.180644
-0.099057
-0.337157
0.117279
-0.440666
-0.527229
-0.566333
-0.566042
-0.532080
-0.586688
-0.457541
-0.443188
-0.455419
-0.446488
-0.213858
-0.258057
-0.411653
-0.500308
-0.488828
-0.313184
-0.298678
-0.344760
-0.329305
0.074575
0.323454
-0.319276
0.300533
0.412229
0.010797
-0.142363
-0.215036
-0.300930
-0.429428
-0.293989
-0.298566
-0.464342
-0.395125
-0.145371
-0.512090
-0.462174
-0.429847
-0.467936
-0.441969
-0.368022
-0.228321
-0.167305
-0.311994
-0.139115
-0.282287
-0.147065
-0.055912
-0.329905
-0.415194
-0.340323
-0.467448
-0.419459
-0.427888
-0.425761
-0.507287
-0.581658
-0.488740
-0.491115
-0.495459
-0.482424
-0.543716
-0.396710
-0.450629
-0.432005
-0.492374
-0.450944
-0.436336
-0.343979
-0.338562
-0.408195
-0.277360
-0.199967
-0.309477
-0.292053
-0.293513
-0.297615
-0.288765
-0.337725
-0.421259
-0.578665
-0.521053
-0.536738
-0.491603
-0.544273
-0.469349
-0.348589
-0.388242
-0.347930
-0.455084
-0.412733
-0.396780
-0.470147
-0.454916
-0.493916
-0.100324
-0.412397
-0.510139
-0.457999
-0.259993
-0.110994
-0.402755
-0.189220
-0.503777
-0.417675
-0.409450
-0.431714
-0.512493
-0.523518
-0.489718
-0.367865
-0.463714
-0.431644
-0.363938
-0.448160
-0.451234
-0.295473
-0.504450
-0.478361
-0.484536
-0.463818
-0.549014
-0.185973
-0.050888
-0.315036
-0.109983
-0.306003
-0.416805
-0.249025
-0.428223
-0.421690
-0.490951
-0.348025
-0.186713
-0.307178
-0.498805
-0.470589
-0.397029
-0.387770
-0.445659
-0.457865
-0.502596
-0.564781
-0.557020
-0.497138
-0.596127
-0.572852
-0.476318
-0.397345
-0.204723
-0.256335
-0.320882
-0.258485
-0.343719
-0.462514
-0.490367
-0.310724
-0.454403
-0.262495
-0.358959
-0.362578
-0.343228
-0.394113
-0.342006
-0.523139
-0.535515
-0.540793
-0.481630
-0.558133
-0.624139
-0.507253
-0.505378
-0.447982
-0.527609
-0.321372
-0.452154
-0.489838
-0.451951
-0.467998
-0.540239
-0.454913
-0.511499
-0.430290
-0.458170
-0.369245
-0.503728
-0.427320
-0.485162
-0.399027
-0.380582
-0.478593
-0.542172
-0.460382
-0.594155
-0.552486
-0.499354
-0.461895
-0.280633
0.144823
-0.324297
-0.383187
-0.286620
-0.306660
0.026707
-0.412931
-0.136944
-0.270910
-0.440597
-0.045352
-0.255474
-0.247069
-0.300917
-0.387388
-0.473583
-0.465775
-0.376650
-0.508629
-0.508777
-0.433134
-0.435120
-0.519952
-0.407050
-0.433444
-0.323013
-0.530402
-0.454871
-0.508624
-0.472471
-0.518282
-0.419660
-0.409382
-0.365539
-0.434360
-0.405414
-0.071865
-0.303643
-0.393333
-0.274956
-0.440415
-0.379205
-0.371642
-0.255367
-0.212016
-0.313784
-0.425498
-0.445185
-0.351159
-0.459388
-0.448406
-0.449196
-0.346727
-0.506482
-0.367216
-0.439853
-0.378829
-0.346897
-0.447213
-0.245750
-0.383378
-0.364961
-0.296793
-0.473308
-0.361747
-0.277163
0.509786
0.748306
0.304648
1.568870
0.238830
2.538566
0.013714
-0.152059
0.319561
0.093884
-0.342219
-0.168078
-0.318993
-0.387854
-0.227341
-0.377292
-0.234605
-0.440048
-0.386353
-0.444469
-0.398059
-0.528237
-0.547217
-0.488994
-0.475438
-0.444707
-0.458349
-0.509479
-0.357230
-0.390333
-0.499375
-0.466315
-0.423992
-0.292017
-0.486677
-0.471726
-0.474064
-0.444863
-0.406402
-0.396871
-0.402875
-0.459977
-0.443359
-0.584074
-0.554595
-0.599805
-0.520205
-0.539782
-0.588541
-0.580593
-0.458869
-0.461875
-0.539727
-0.249428
-0.387008
-0.330210
-0.359603
-0.329152
-0.479932
-0.353787
-0.426134
-0.304814
-0.413468
-0.442079
-0.347428
-0.355731
-0.247649
-0.357095
-0.212169
-0.491362
-0.395551
-0.352489
0.341092
0.160067
0.761880
-0.033021
0.506306
0.476377
1.545921
2.078309
1.949143
1.306856
0.375107
2.844014
1.281056
1.845418
0.904661
2.129335
1.561796
0.946226
0.690917
-0.091249
-0.360659
-0.469081
-0.333804
-0.294968
-0.288797
-0.356622
-0.360830
-0.357777
-0.474473
-0.432703
-0.374162
-0.504365
-0.492171
-0.438027
-0.473193
-0.380224
-0.470269
-0.405116
-0.428636
-0.548564
-0.559389
-0.469151
-0.244954
-0.271765
-0.565193
-0.327569
-0.365392
-0.221911
-0.357525
-0.319830
0.071119
-0.153835
-0.252280
-0.479725
-0.325789
-0.346283
-0.358884
-0.365363
-0.403155
-0.419776
-0.167238
-0.199855
-0.411836
-0.419469
-0.401836
-0.368092
-0.490896
-0.344584
-0.234266
-0.300639
-0.114757
-0.384361
-0.043605
-0.207109
-0.345097
-0.038790
-0.182355
-0.115330
-0.117208
-0.202884
-0.147181
0.021297
0.063418
-0.301384
-0.315558
-0.431919
-0.386604
-0.242033
-0.551716
-0.471358
-0.383228
-0.430183
-0.455991
-0.515863
-0.446454
-0.386264
-0.415799
-0.493576
-0.565555
-0.333008
-0.481154
-0.430403
-0.269966
-0.337396
-0.407898
-0.346332
-0.281103
-0.167641
-0.222169
-0.021935
-0.254743
-0.519107
-0.375598
-0.409708
-0.409000
-0.444868
-0.449777
-0.476851
-0.463308
-0.410400
-0.358722
-0.492195
-0.427217
-0.339660
-0.427965
-0.396376
-0.365433
-0.496127
-0.284281
-0.393318
-0.494415
-0.209026
-0.482183
-0.339587
-0.341309
-0.384774
-0.287333
-0.371438
-0.438250
-0.273749
-0.400244
-0.390608
-0.436201
-0.552435
-0.539918
-0.483663
-0.470682
-0.472081
-0.381730
-0.263465
-0.417605
-0.513647
-0.394356
-0.341022
-0.332881
-0.353011
-0.314569
-0.318655
-0.287061
-0.354603
-0.140377
-0.264494
-0.254654
-0.251039
-0.368308
0.533403
-0.368372
-0.363322
-0.403720
-0.474568
-0.225799
-0.379715
-0.287016
-0.387424
-0.422804
-0.438259
-0.441210
-0.456582
-0.524649
-0.403659
-0.386923
-0.490299
-0.398995
-0.138387
0.039760
0.054721
-0.280658
-0.107934
-0.137089
-0.314207
-0.164196
-0.148403
-0.261114
-0.466085
-0.359174
-0.307574
-0.233630
-0.477011
-0.447867
-0.519496
-0.481901
-0.566401
-0.405893
-0.532412
-0.423876
-0.363294
-0.097196
-0.365039
-0.127832
-0.356200
-0.280458
-0.048673
-0.315380
-0.193574
-0.444098
-0.218385
-0.156971
-0.288341
-0.466051
-0.345012
-0.550667
-0.458875
-0.436307
-0.479583
-0.455937
-0.421351
-0.385915
-0.437381
-0.371293
-0.385261
-0.242238
-0.284623
-0.368985
-0.264540
-0.335924
-0.387519
-0.389269
-0.418002
-0.215368
-0.118802
-0.312601
-0.192758
-0.253333
-0.255711
-0.221045
-0.312310
-0.460940
-0.180611
-0.152618
-0.173856
-0.096851
-0.231638
-0.167556
-0.399737
-0.200826
-0.339485
-0.394794
-0.116675
-0.357213
-0.286214
-0.116824
-0.257820
0.029236
-0.221918
-0.030015
0.215995
0.816157
0.050230
-0.361652
-0.229250
-0.111208
-0.433855
-0.433795
-0.355794
-0.363875
-0.422842
-0.493884
-0.276679
-0.418194
-0.481680
-0.306359
-0.480442
-0.514628
-0.346627
-0.379390
-0.432248
-0.498708
-0.363822
-0.481380
-0.468487
-0.381025
-0.412936
-0.340299
-0.393378
-0.423619
-0.432620
-0.543460
-0.555155
-0.441334
-0.499529
-0.485672
-0.401577
-0.417719
-0.527512
-0.468325
-0.383552
-0.519818
-0.290017
-0.531456
-0.493797
-0.523529
-0.432924
-0.452939
-0.442921
-0.464354
-0.424504
-0.550180
-0.481162
-0.526338
-0.329034
-0.225854
-0.082361
-0.136834
0.041419
-0.172317
-0.504203
-0.470065
-0.482150
-0.406012
-0.500147
-0.045958
-0.443292
-0.315044
-0.454023
-0.487886
-0.471309
-0.507332
-0.400258
-0.487015
-0.382088
-0.526303
-0.479204
-0.405781
-0.413490
-0.500742
-0.497516
-0.433296
-0.505017
-0.404017
-0.440153
-0.500129
-0.512676
-0.463322
-0.516376
-0.489182
-0.327547
-0.488963
0.034083
-0.314709
-0.295190
-0.419968
-0.400423
-0.392494
-0.441381
-0.512924
-0.314175
-0.355984
-0.128067
-0.343337
-0.220791
-0.366188
0.038849
-0.139668
-0.343546
-0.386427
-0.414146
-0.437469
-0.357814
-0.292203
-0.274230
-0.142963
-0.122779
-0.281591
-0.290574
-0.380165
-0.300424
-0.461875
-0.126506
-0.194058
-0.205073
0.490134
-0.160111
-0.268270
-0.436322
-0.433035
0.032979
-0.005111
-0.075176
-0.033396
-0.351542
-0.281843
-0.211814
-0.245023
-0.101658
0.007384
-0.137306
0.371259
0.005169
0.376308
-0.074521
-0.247020
-0.097988
-0.263821
0.052929
-0.189870
-0.232482
0.649626
1.222071
1.220683
3.076173
1.765843
-0.558577
-0.584022
-0.469407
0.171293
0.050959
-0.266350
0.120688
-0.022541
-0.283683
-0.433443
-0.498095
-0.333434
0.059398
0.092091
0.660020
-0.188973
-0.356808
0.311962
-0.083876
0.247519
0.471034
0.369236
-0.221595
0.295654
0.449043
0.264454
1.282973
0.986646
1.258847
1.300396
0.184947
1.118932
0.961407
0.724091
0.699655
-0.161363
-0.412315
-0.477859
-0.436738
0.009169
0.481817
0.144527
0.629172
0.354316
-0.477438
-0.577533
-0.561219
-0.415086
-0.297693
-0.495490
-0.364378
-0.395181
-0.478421
-0.443779
-0.495619
-0.545932
-0.454373
-0.437592
-0.438188
-0.421353
-0.246266
-0.254614
-0.280486
-0.479690
-0.348268
-0.413931
-0.513258
-0.208470
0.675480
-0.158213
-0.287535
-0.422338
-0.566891
-0.573916
-0.485084
-0.428190
-0.413782
-0.053324
-0.025500
-0.159519
-0.490067
-0.500284
-0.482568
-0.375220
-0.475268
0.005956
-0.447129
0.148596
-0.438140
-0.418532
-0.192512
-0.253531
-0.587610
-0.496974
-0.360416
-0.309591
-0.327883
-0.486867
-0.428436
-0.310260
-0.343416
-0.357391
-0.430341
-0.277852
-0.380174
-0.481121
-0.433030
-0.385814
-0.226002
-0.394466
-0.531417
-0.380703
-0.190207
0.109215
-0.288713
-0.375553
-0.354927
-0.394273
-0.454873
-0.471313
-0.242139
0.286344
0.576530
-0.048794
-0.306246
-0.426099
-0.505275
-0.194701
-0.387537
-0.539163
-0.433377
-0.470007
0.459573
-0.525746
-0.432201
-0.298070
-0.405072
-0.347641
-0.426512
-0.171836
-0.219405
0.231848
-0.226084
0.355457
-0.012886
0.086123
-0.006254
0.165752
0.015315
1.098008
1.288222
1.195169
1.444020
0.985009
0.224894
-0.027340
-0.123904
-0.388988
-0.088627
-0.279889
-0.134454
-0.175089
-0.060381
0.386345
-0.362801
-0.474541
-0.150035
-0.298193
-0.268824
-0.320567
-0.223369
0.237367
-0.039399
-0.180851
-0.377067
-0.188957
-0.278219
-0.470351
-0.483962
-0.245144
-0.394163
-0.295020
-0.512116
-0.419520
-0.598450
-0.009434
0.079323
0.980109
-0.452115
-0.112010
-0.014373
-0.289982
-0.352317
-0.293603
-0.328814
-0.412668
-0.148120
0.196653
-0.288983
-0.156674
0.107821
-0.104929
0.105673
0.067782
0.162554
-0.124720
-0.057460
0.433180
1.534163
4.156524
1.712110
1.301142
0.675177
1.262548
0.897272
-0.180798
0.155930
-0.503760
-0.468350
-0.431683
-0.568180
-0.651765
-0.684840
-0.725069
-0.690968
-0.717483
-0.632963
-0.672368
-0.667162
-0.722753
-0.705855
-0.758143
-0.744996
-0.676083
-0.731591
-0.711210
-0.618752
-0.428622
-0.576353
-0.529337
-0.415957
-0.437918
-0.450748
-0.561255
-0.518695
-0.559406
-0.616899
-0.564315
-0.489555
-0.491550
-0.475548
-0.436170
-0.305716
-0.316924
-0.307470
-0.404122
-0.388351
-0.430046
-0.221216
-0.481065
-0.495983
-0.243824
-0.194934
-0.100251
-0.288155
-0.145920
-0.109248
-0.257364
-0.028624
-0.191112
-0.267632
-0.217112
-0.355365
-0.329400
0.267388
-0.223254
-0.062972
-0.324946
-0.362367
-0.350851
-0.532948
-0.487317
-0.599933
-0.561029
-0.631689
-0.746646
-0.774229
-0.742438
-0.760495
-0.765975
-0.764787
-0.747992
-0.749637
-0.755316
-0.735208
-0.709646
-0.642369
-0.606653
-0.668280
-0.565976
-0.665161
-0.543284
-0.664202
-0.659997
-0.672673
-0.626395
-0.606511
-0.590482
-0.542889
-0.575825
-0.636173
-0.686177
-0.655743
-0.674825
-0.656649
-0.581865
-0.652628
-0.631113
-0.668596
-0.636738
-0.569706
-0.607359
-0.650353
-0.666184
-0.707276
-0.714168
-0.718604
-0.583892
-0.551733
-0.453006
-0.504151
-0.550009
-0.545498
-0.590882
-0.528836
-0.573180
-0.474763
-0.577099
-0.526952
-0.369664
-0.469208
-0.510209
-0.442057
-0.478519
-0.495272
-0.549136
-0.411024
-0.553243
-0.478082
-0.335120
0.038097
0.150201
0.062396
-0.125975
-0.228638
-0.123535
-0.126996
-0.224716
-0.318335
-0.342398
-0.340985
-0.338049
-0.395962
-0.417262
-0.511621
-0.417283
0.292645
1.066162
-0.007229
-0.315536
-0.549629
-0.504620
-0.314051
-0.313414
-0.493349
-0.469377
-0.288004
-0.394334
-0.432418
-0.369442
-0.359283
-0.238851
-0.482101
-0.466809
-0.153425
-0.321424
-0.363376
-0.119848
-0.421288
-0.120129
-0.529229
-0.463317
-0.414859
-0.490257
-0.214287
-0.524128
-0.405408
-0.336334
-0.362807
-0.242464
-0.342512
-0.393454
-0.467134
-0.437111
-0.401678
-0.377225
-0.376842
-0.498529
-0.408285
-0.224228
-0.317112
-0.407806
-0.394457
-0.278343
-0.160496
-0.325617
-0.396187
-0.448553
-0.270089
-0.077566
-0.089224
-0.361297
-0.543301
-0.560414
-0.564673
-0.505459
-0.440834
-0.406498
-0.335290
-0.121501
-0.352920
-0.059778
-0.417786
-0.264391
0.052531
-0.529986
-0.202064
-0.094483
0.317410
0.107988
0.128565
-0.202748
-0.265420
-0.366824
-0.439056
-0.306950
-0.464010
-0.239173
-0.257535
-0.469232
-0.233964
-0.507201
-0.471514
0.081876
0.279994
0.097273
-0.083560
-0.035789
0.320220
-0.334506
0.129988
0.995319
-0.068083
-0.275404
0.331410
0.054634
-0.004159
-0.164034
0.481057
0.173522
-0.182458
-0.318016
-0.202795
-0.315460
1.065963
0.184128
-0.362905
-0.547346
-0.527977
-0.471878
-0.428337
-0.253030
-0.298553
-0.255327
-0.247479
-0.360769
-0.225221
-0.156430
-0.401645
-0.445646
-0.160314
-0.272669
-0.345971
-0.145467
-0.424632
-0.474206
-0.410469
-0.493312
-0.535834
-0.548033
-0.389176
-0.456922
-0.442222
-0.486753
-0.489984
-0.353827
-0.414724
-0.383942
-0.092352
-0.436060
-0.410789
-0.207064
-0.276012
-0.397567
-0.286154
-0.391376
-0.398553
-0.251124
-0.068636
0.062067
-0.290148
-0.104264
-0.075652
0.052809
-0.195306
0.395593
-0.108069
1.165754
0.973424
0.188826
0.816762
-0.425463
-0.426151
-0.565422
-0.397742
-0.348932
-0.290091
0.015040
0.882556
0.220342
0.271116
0.561813
0.230699
0.536494
0.325581
0.461927
-0.030038
0.202732
1.596409
0.488879
2.077145
1.076849
0.426872
0.796624
0.056558
-0.088054
-0.143594
0.270704
0.568737
1.333467
0.845305
1.367517
0.113683
0.450244
0.354149
-0.055334
-0.433540
-0.273612
-0.480217
-0.492281
-0.460769
-0.466034
-0.511544
-0.583471
-0.584324
-0.659381
-0.649935
-0.455144
-0.481527
-0.530298
-0.454615
-0.328919
-0.496505
-0.533773
-0.569642
-0.570744
-0.559964
-0.584654
-0.597107
-0.560170
-0.579798
-0.471259
-0.549354
-0.638479
-0.689112
-0.704667
-0.677574
-0.701702
-0.720935
-0.687144
-0.681805
-0.734626
-0.731061
-0.750787
-0.753708
-0.697446
-0.700766
-0.661957
-0.685672
-0.647463
-0.663646
-0.553493
-0.659403
-0.594800
-0.635876
-0.637297
-0.683561
-0.692376
-0.664348
-0.633083
-0.627249
-0.613664
-0.661748
-0.679520
-0.665251
-0.672212
-0.640988
-0.652153
-0.643261
-0.678319
-0.645663
-0.690366
-0.588525
-0.560172
-0.366164
-0.095268
-0.247407
0.151009
0.486626
-0.212070
-0.241076
-0.125500
0.343510
0.997785
1.572001
0.236391
0.986916
0.294567
-0.256779
0.466282
-0.036626
-0.060201
0.193793
-0.209142
-0.047479
0.338550
0.072567
0.179278
-0.053471
-0.299777
-0.289373
0.297772
-0.326698
-0.381230
-0.413855
-0.267389
0.382847
0.976497
0.102824
0.106605
0.024101
-0.073984
-0.250983
-0.563994
-0.507455
-0.220500
-0.431898
-0.444796
-0.318668
-0.280912
-0.283367
-0.302336
-0.271058
-0.351910
-0.409748
-0.409927
-0.425554
-0.117654
-0.493550
-0.427157
-0.134591
0.767483
-0.452953
-0.441432
-0.432028
-0.418971
-0.356210
-0.402627
-0.351861
-0.425163
0.063135
-0.183524
-0.335954
-0.307624
-0.346852
-0.232764
-0.291969
-0.266634
-0.118793
-0.022135
-0.353159
-0.348831
-0.170176
-0.368841
-0.038240
-0.271674
-0.281461
-0.127545
-0.076378
-0.468335
-0.403862
-0.267527
-0.503249
-0.526661
-0.517379
-0.516737
-0.400560
-0.523078
-0.401114
-0.419788
-0.489246
-0.179024
-0.436802
-0.464278
-0.509207
-0.429523
-0.408610
-0.478708
-0.533451
-0.245252
-0.204737
-0.402901
-0.409735
-0.522065
-0.490364
-0.481982
0.292580
-0.100717
0.684429
4.093132
2.382448
1.131099
1.488682
1.426824
0.617248
1.383385
1.064591
1.963821
0.615348
1.937575
0.483108
1.989737
1.102421
1.118648
0.800922
0.379215
-0.326132
-0.572304
-0.481992
-0.179846
-0.361748
-0.424959
-0.535651
-0.608112
-0.537818
-0.505709
-0.315755
-0.470243
-0.363734
-0.233316
-0.163130
-0.425660
-0.309859
-0.398802
-0.370410
-0.152061
-0.399409
-0.311943
-0.232745
-0.321994
-0.136379
0.267566
0.608897
0.199681
-0.127394
0.522123
-0.136297
0.204307
0.191003
0.171252
-0.192228
-0.390580
-0.402265
-0.418924
-0.430720
-0.406874
-0.449388
-0.235776
-0.384937
-0.377595
-0.158857
-0.193855
-0.395576
-0.284528
-0.137628
-0.208667
0.268763
-0.027487
-0.129293
0.087464
-0.376029
-0.429424
-0.180127
-0.279675
-0.398004
-0.380063
-0.459357
-0.415323
-0.518071
-0.557245
-0.437294
-0.238455
-0.440229
-0.331531
-0.435506
-0.439196
0.161659
0.486328
-0.465234
-0.429585
-0.264702
0.154941
0.897272
0.224196
0.338769
-0.328501
-0.363991
-0.438587
-0.078777
-0.155245
-0.075234
0.183109
0.015836
-0.098259
-0.050707
-0.187529
-0.231403
0.043804
-0.292078
-0.261907
-0.148220
-0.207592
0.369530
0.237948
-0.051218
-0.372223
-0.231876
-0.334150
-0.305644
-0.272603
-0.329607
0.373140
2.057374
0.988057
0.514284
0.719907
0.782024
0.884557
0.259889
0.202953
0.046805
0.365940
0.244826
0.018657
-0.051787
-0.065623
-0.232875
-0.187253
-0.351178
0.148945
0.454720
0.246922
0.601429
0.333915
-0.051719
0.004979
0.849587
0.537833
0.404288
0.588197
0.029100
0.655504
0.150600
0.123445
0.141254
0.405664
0.246391
-0.235780
-0.132490
-0.218304
-0.162930
0.556785
0.259635
0.598894
1.552197
0.436604
0.763621
1.070001
0.370146
0.121121
-0.190998
-0.452211
-0.509505
-0.615812
-0.610478
-0.643503
-0.628292
-0.626738
-0.637981
-0.581427
-0.631712
-0.528511
-0.595474
-0.264404
-0.421021
-0.263107
0.146475
0.752328
1.782814
2.117324
1.417212
2.741804
1.793686
2.109337
1.779156
2.202915
1.300445
1.747861
0.888246
0.886642
0.725339
0.531339
0.457913
0.813644
0.437923
0.383523
0.771221
2.518140
1.055777
0.806924
1.252413
0.554211
0.430259
0.906261
0.588463
0.644735
0.244996
0.340315
0.280590
0.553745
0.772410
0.921252
0.919382
0.885520
0.374341
0.620560
0.209930
0.290084
0.293964
0.420944
0.282151
-0.370684
-0.372604
-0.459797
-0.420228
-0.367121
-0.476209
-0.622305
-0.429219
-0.542976
-0.628107
-0.590433
-0.653453
-0.614740
-0.714737
-0.685548
-0.685397
-0.704792
-0.714868
-0.644770
-0.681870
-0.619202
-0.473230
0.294775
0.289752
-0.051292
0.342108
1.827394
2.522580
1.923241
0.827152
1.513693
1.491365
1.906463
1.898385
1.149905
0.907169
1.192579
2.487720
0.720952
3.187885
1.404540
0.538401
0.034037
0.298143
0.601603
1.229143
2.422535
0.712159
4.192028
4.721660
2.633438
1.475157
1.375627
1.918334
0.669880
-0.306279
-0.298863
-0.567505
-0.602608
-0.632554
-0.649516
-0.684973
-0.534195
-0.667865
-0.623189
-0.653139
-0.676970
-0.623420
-0.450941
-0.268691
0.232856
-0.141861
-0.005495
0.367387
0.225148
0.466162
-0.065893
-0.299617
-0.120978
-0.063936
0.233552
0.300697
-0.003232
0.461351
0.078481
0.211591
1.589286
1.691561
-0.185224
0.042996
-0.127283
-0.132860
0.201630
-0.239239
0.143855
-0.041075
0.057846
-0.219833
-0.368878
0.057336
0.945222
0.732527
1.021217
2.182172
0.238991
-0.237497
0.222106
-0.298692
-0.200211
-0.531349
-0.525097
-0.622214
-0.538590
-0.569141
-0.647560
-0.689995
-0.610194
-0.238964
0.398231
0.460959
-0.436932
-0.348411
-0.369282
-0.097224
-0.428108
-0.215655
0.359165
-0.186220
-0.043735
-0.418446
-0.084237
-0.273150
0.117632
-0.157644
0.198863
-0.143796
0.157301
-0.121441
-0.019134
-0.083662
-0.188272
-0.240579
-0.498402
-0.431995
-0.373807
-0.029817
0.194543
0.868247
0.053799
-0.267032
-0.315446
-0.396359
-0.510430
-0.468059
-0.414359
-0.375078
-0.430855
-0.427939
-0.437041
-0.495211
-0.384708
-0.404630
-0.393893
-0.443449
-0.468621
-0.471518
-0.241792
-0.232097
-0.370260
-0.449297
-0.284897
-0.187616
-0.470880
-0.119089
-0.138812
-0.261831
-0.398353
-0.429208
-0.458735
-0.615945
-0.523390
-0.556842
-0.372821
-0.481622
-0.273358
-0.299631
-0.389870
-0.223480
-0.323984
0.023638
-0.193240
-0.329109
-0.198183
-0.199030
-0.289745
-0.117129
-0.412478
-0.352251
-0.354451
-0.407894
-0.516670
-0.518377
-0.269519
-0.385643
-0.515931
-0.518248
-0.593486
-0.494553
-0.442252
-0.422961
-0.584424
-0.398103
-0.402039
-0.416887
-0.411068
-0.337502
-0.446880
-0.428790
-0.463646
-0.348148
-0.443432
-0.382606
-0.428894
-0.463755
-0.325726
-0.413227
-0.524216
-0.505502
-0.502735
-0.506721
-0.384404
-0.534746
-0.525810
-0.549890
-0.354893
-0.283837
-0.171910
-0.424654
-0.471268
-0.443820
-0.487130
-0.551906
-0.293105
-0.553663
-0.455397
-0.537500
-0.397634
-0.404601
-0.444322
-0.454502
-0.427909
-0.413822
-0.540513
-0.525398
-0.129978
-0.554932
-0.518103
-0.505103
-0.423382
-0.327286
-0.275166
-0.485722
-0.325699
-0.167854
-0.494353
-0.399094
-0.432496
-0.487161
0.317102
-0.442452
-0.201920
-0.427565
-0.306905
0.123793
-0.467247
-0.216624
-0.481768
-0.523980
-0.555401
-0.385088
-0.459155
-0.424183
-0.591197
-0.467222
-0.476101
0.196054
-0.177528
0.420601
0.559432
0.088582
0.166776
-0.230252
-0.212013
-0.342644
-0.044494
-0.382782
-0.007320
-0.297289
-0.313028
-0.449422
-0.226418
-0.490001
-0.392360
-0.257868
-0.082726
-0.265542
-0.359542
-0.192502
0.140215
-0.006367
-0.193214
-0.112315
-0.243832
0.248726
-0.157975
-0.271148
-0.317749
0.253818
-0.376081
0.110393
-0.256965
-0.354824
-0.360083
-0.408053
-0.417765
-0.179259
-0.210384
0.251384
0.310660
1.706217
-0.201730
0.148804
0.072976
0.747145
0.546289
-0.203277
-0.191209
0.331339
-0.321485
-0.270954
-0.238955
-0.422889
-0.316947
-0.339540
-0.386298
-0.533438
-0.481932
-0.481106
-0.526582
-0.544880
-0.549203
-0.455527
-0.471268
-0.450255
-0.004489
-0.350538
-0.261378
-0.403516
-0.212524
-0.235542
-0.366940
-0.145722
-0.263888
-0.380935
-0.127939
-0.136902
-0.283078
-0.126306
0.043456
-0.406097
-0.528275
-0.506690
-0.593005
-0.566718
-0.541222
-0.549718
-0.541267
-0.465721
-0.421676
-0.521708
-0.262408
-0.437819
-0.490184
-0.268261
-0.365503
-0.283621
-0.409459
-0.341158
0.968285
-0.200662
-0.161933
0.087495
-0.275780
-0.291481
-0.344937
-0.335837
-0.347948
-0.366381
-0.359949
-0.464787
-0.343028
-0.371665
-0.488836
-0.452791
-0.437684
-0.512714
-0.388756
-0.432400
-0.384813
-0.341761
-0.196193
-0.416372
-0.245940
-0.403740
-0.542734
-0.394171
-0.385969
0.043690
-0.224491
-0.182352
-0.363775
-0.317242
-0.208125
-0.232371
-0.459186
-0.425073
-0.395705
-0.539086
-0.520834
-0.496080
-0.589420
-0.351558
-0.468384
-0.429395
-0.465139
-0.479773
-0.475396
-0.453417
-0.449430
-0.325554
-0.350668
-0.392941
-0.373885
-0.365177
-0.284418
-0.346456
-0.398604
-0.469631
-0.420639
-0.393880
-0.454285
-0.488458
-0.428016
-0.528401
-0.476209
-0.498070
-0.413182
-0.384835
-0.406389
-0.403733
-0.355645
-0.462375
-0.395918
-0.234539
-0.369606
-0.297051
-0.393973
-0.306636
-0.183060
-0.302400
-0.212101
-0.325362
-0.150839
-0.444416
-0.506072
-0.464442
-0.460970
-0.456481
-0.411674
-0.351675
-0.445249
-0.473205
-0.492880
-0.519446
-0.458088
-0.451455
-0.269534
-0.335951
-0.451228
-0.285827
-0.298784
0.135939
-0.255896
-0.343679
-0.311591
0.025153
-0.373986
0.114734
-0.393728
-0.368708
-0.480899
-0.275046
-0.244358
-0.306578
-0.225289
-0.340172
-0.407419
-0.463107
-0.565129
-0.551051
-0.532038
-0.350355
-0.493719
-0.529381
-0.357094
-0.436979
-0.529083
-0.466102
-0.247319
-0.174907
-0.280655
-0.380337
-0.339883
-0.460291
-0.442338
-0.349448
-0.436703
-0.311399
-0.415742
-0.166103
-0.394726
-0.434254
-0.415133
-0.541172
-0.536825
-0.526490
-0.411726
-0.532921
-0.587195
-0.582508
-0.576216
-0.433991
-0.526955
-0.386835
-0.484106
-0.514621
-0.323947
-0.451247
-0.512629
-0.419886
-0.545013
-0.434360
-0.496598
-0.335191
-0.451695
-0.112457
-0.398119
-0.438470
-0.447354
-0.379723
-0.519351
-0.543740
-0.501871
-0.511322
-0.331711
-0.381480
-0.368413
-0.338903
0.100800
0.052349
-0.355507
-0.316266
-0.363096
-0.154071
-0.255637
-0.202344
-0.272009
-0.389870
-0.203510
-0.197442
-0.332656
-0.231330
-0.474060
-0.469054
-0.330588
-0.268652
-0.546903
-0.491850
-0.540040
-0.458311
-0.513500
-0.488604
-0.399938
-0.476579
-0.474879
-0.452165
-0.533450
-0.521141
-0.471806
-0.446037
-0.489599
-0.303545
-0.330165
-0.447831
-0.413458
-0.408516
-0.528035
-0.230774
-0.527151
-0.478339
-0.311976
-0.507420
-0.439673
-0.449323
-0.351050
-0.387168
-0.410194
-0.439624
-0.329708
-0.448681
-0.431982
-0.422826
-0.507721
-0.379714
-0.350969
-0.266369
-0.211060
-0.347428
-0.254131
-0.171061
-0.435649
-0.293235
-0.445279
-0.542252
-0.307857
-0.372716
-0.362842
-0.318500
-0.247856
-0.366984
-0.332670
-0.354015
-0.214963
-0.336502
-0.156934
-0.371754
-0.345684
-0.394010
-0.413835
-0.350565
-0.303054
-0.413824
-0.350905
-0.426581
-0.451639
-0.515437
-0.400936
-0.462016
-0.465339
-0.576827
-0.482454
-0.481196
-0.419039
-0.570545
-0.395011
-0.409658
-0.516821
-0.362681
-0.448942
-0.505736
-0.506024
-0.492300
-0.410209
-0.441120
-0.433076
-0.443445
-0.469948
-0.467922
-0.408168
-0.530838
-0.433271
-0.580859
-0.490897
-0.588322
-0.421461
-0.343060
-0.328127
-0.419220
-0.329776
-0.439003
-0.035397
-0.372781
-0.435443
-0.407129
-0.305371
-0.343053
-0.415960
-0.272006
-0.478015
-0.377950
-0.425352
-0.504288
-0.541510
-0.537664
-0.538734
-0.461907
-0.228294
-0.350285
0.080303
-0.250820
-0.312644
-0.112076
-0.469934
-0.468517
-0.316429
-0.427322
-0.412879
-0.285829
-0.469953
-0.422681
-0.502808
-0.389163
-0.333727
-0.440416
-0.475782
-0.242856
-0.466393
-0.492282
-0.438986
-0.487958
-0.208956
-0.232119
-0.387537
0.011938
-0.218043
-0.307233
-0.475172
-0.231680
-0.411845
-0.477990
-0.428943
-0.524324
-0.379256
-0.270616
-0.310830
-0.300768
-0.248105
-0.110875
-0.416603
-0.462221
-0.443709
-0.456680
-0.496947
-0.363906
0.109550
0.162877
0.866259
1.453310
-0.096174
0.918772
-0.229059
-0.107818
0.366015
-0.199924
-0.348702
-0.128579
-0.333058
-0.390895
-0.439914
-0.373328
-0.439410
-0.404348
-0.518631
-0.355683
-0.461534
-0.515607
-0.481656
-0.550440
-0.554877
-0.493171
-0.530023
-0.500506
-0.374606
-0.449540
-0.094633
0.228192
0.233710
0.348955
0.121153
1.185586
0.110383
0.556640
0.002802
0.126283
0.167934
1.550155
0.469039
0.494742
-0.352206
-0.266080
-0.487660
-0.327583
-0.425663
-0.459002
-0.405211
-0.351623
-0.544934
-0.566776
-0.483032
-0.529526
-0.487601
-0.487312
-0.447098
-0.530044
-0.358494
-0.282517
-0.395316
-0.524705
-0.180898
-0.397143
-0.573745
-0.440222
-0.324500
-0.334414
-0.378638
-0.350545
-0.476351
0.401513
-0.373078
-0.355701
-0.451151
-0.453415
-0.116309
0.234203
-0.567184
-0.431222
0.350571
-0.487371
-0.424933
-0.292908
-0.362867
-0.431888
-0.425640
-0.521078
-0.482364
-0.445090
-0.424859
-0.445820
-0.389362
-0.432610
-0.387224
-0.419711
-0.377514
-0.408325
-0.471912
-0.481049
-0.532380
-0.380945
-0.491147
-0.387362
-0.408768
-0.315947
-0.432042
-0.379561
-0.297057
-0.302700
0.015045
0.868860
-0.347239
0.091004
-0.262277
-0.172721
0.079710
-0.362470
-0.289745
-0.157287
0.002048
0.000970
-0.390863
-0.450341
0.240819
-0.454921
-0.379118
-0.320014
-0.406322
-0.316906
-0.379238
-0.404480
-0.471143
-0.446155
-0.551531
-0.631328
-0.477859
-0.570807
-0.559335
-0.280733
-0.345522
-0.427970
-0.219016
-0.283324
-0.443502
-0.463460
-0.430350
-0.538718
-0.427971
-0.502005
-0.312453
-0.553572
-0.470122
-0.418460
-0.451054
-0.453943
-0.546395
-0.566129
-0.489093
-0.546244
-0.530132
-0.504107
-0.492139
-0.363656
-0.307221
-0.483866
-0.207520
-0.390965
-0.259986
-0.480835
-0.400869
-0.518420
-0.457706
-0.504140
-0.305022
-0.258120
-0.350506
-0.335346
-0.444312
-0.307078
-0.376348
-0.519341
-0.543654
-0.390185
-0.492836
-0.473921
-0.410000
-0.339043
0.009643
-0.279977
-0.398136
-0.283532
-0.154811
-0.345331
-0.140052
1.044514
-0.315350
-0.075316
0.229093
-0.338153
-0.058313
-0.366008
0.255112
-0.228523
0.195199
-0.369492
-0.457180
-0.395065
-0.459649
-0.525499
-0.375905
-0.335817
-0.103334
-0.482354
-0.358264
-0.194665
-0.515939
-0.346935
-0.425231
-0.360411
-0.224532
-0.327796
-0.147492
0.246991
0.402054
-0.250314
0.149881
0.140150
-0.263034
-0.288964
-0.325898
0.098976
-0.262002
-0.296402
-0.370366
-0.467256
-0.470264
-0.498361
-0.351233
-0.455542
-0.473852
-0.462612
-0.477241
-0.442480
-0.460676
-0.478679
-0.285224
-0.299744
-0.363886
-0.299668
-0.397688
0.018654
0.286943
0.238566
0.281203
0.935952
0.888100
-0.144126
-0.343272
-0.420970
-0.115283
-0.364430
-0.362044
0.198178
-0.256194
1.176194
-0.435743
-0.375985
-0.405544
-0.513973
-0.317117
-0.495155
-0.492625
-0.253390
-0.456579
-0.500726
-0.434258
-0.343955
-0.456025
-0.494575
-0.371805
-0.370907
-0.393289
-0.438699
-0.381679
-0.422337
-0.390971
-0.356614
-0.423095
-0.336334
-0.215903
-0.329470
0.199674
-0.397377
0.531883
-0.231550
-0.185915
-0.134651
-0.295274
-0.446279
-0.370946
-0.385071
-0.130773
-0.337259
-0.364116
-0.444697
-0.354266
-0.436267
-0.182599
0.734621
-0.446510
-0.486962
-0.507562
-0.493264
-0.355972
-0.389126
-0.294676
-0.189057
-0.477123
-0.402908
-0.378460
-0.468326
-0.478437
-0.381079
-0.486769
-0.208560
-0.435031
-0.452939
-0.341373
-0.539586
-0.478880
-0.055334
-0.222572
-0.414446
-0.430434
-0.545790
-0.199772
-0.392620
-0.066320
-0.240477
-0.100463
-0.045550
-0.339560
-0.316608
-0.306551
-0.218384
-0.330627
-0.237441
-0.248536
-0.040894
-0.256494
-0.075737
-0.279254
-0.324105
-0.167752
0.049374
-0.128013
-0.209517
-0.326109
-0.284995
-0.283978
-0.053900
-0.261120
-0.255886
-0.140821
-0.136328
0.140228
-0.143587
-0.312795
-0.285856
-0.281220
-0.002013
-0.093211
-0.312062
0.722110
1.416452
1.422174
2.086731
1.874011
-0.535798
-0.334746
-0.509084
-0.618411
0.081708
-0.107929
0.235372
-0.091806
-0.021322
-0.302993
-0.347899
-0.498985
-0.234049
-0.256776
-0.063732
-0.317760
-0.234154
-0.389374
0.118865
0.177427
0.103876
-0.148405
1.032180
0.077594
0.299914
0.544870
0.082762
0.924394
0.796632
0.902878
1.094509
0.994200
0.195016
0.895705
2.213442
1.879166
-0.309644
-0.462378
-0.440507
-0.495876
-0.445644
-0.421826
0.088879
0.937341
-0.107726
-0.407222
-0.587864
-0.610104
-0.490431
-0.467936
-0.538745
-0.472486
-0.386062
-0.314861
-0.535499
-0.444992
-0.423338
-0.463232
-0.474859
-0.416461
-0.149200
-0.371917
-0.285019
-0.267521
-0.386961
-0.469379
-0.406459
-0.550073
-0.510909
-0.347015
-0.479799
-0.431310
-0.426345
-0.539147
-0.596118
-0.459825
-0.480041
-0.516309
-0.323650
-0.323708
-0.344228
-0.372058
-0.497152
-0.440966
-0.505423
-0.434923
-0.448650
-0.360076
-0.439850
-0.495314
-0.400248
-0.505696
-0.472616
-0.470318
-0.405829
-0.129108
-0.414624
-0.513464
-0.474605
-0.230914
0.042871
0.359310
-0.358041
-0.407598
-0.377720
-0.035184
-0.467019
-0.030340
-0.507919
-0.419078
-0.315708
0.400457
-0.246149
-0.466932
-0.478217
-0.382125
-0.508606
-0.417972
-0.518099
-0.395461
-0.335483
0.144280
0.346039
-0.072205
0.226181
-0.409463
-0.573698
-0.549716
-0.461316
-0.356336
-0.343999
-0.086074
-0.188050
-0.222757
0.731500
-0.216034
0.069215
-0.152575
0.013861
0.150287
0.025093
0.556286
1.208943
0.607383
-0.007760
-0.114853
-0.251315
-0.072517
0.801608
0.905923
0.556098
0.231273
0.129259
-0.446737
0.223363
2.178414
0.996844
0.317909
0.973526
1.511038
-0.104361
0.048913
-0.325606
-0.018912
0.642154
0.616467
0.655718
-0.184658
-0.203321
-0.214660
-0.344693
0.540243
-0.335826
-0.269530
-0.496218
-0.480591
-0.500639
-0.403429
-0.270235
-0.490212
0.405449
-0.225262
-0.357880
-0.347820
-0.322040
0.105860
-0.171251
-0.197848
-0.139088
-0.399310
-0.420013
-0.231075
-0.367731
-0.193109
-0.183376
-0.316997
-0.169953
0.191756
-0.196531
-0.216868
0.266961
0.149888
0.036844
-0.036967
1.681732
1.176751
0.797849
0.056918
0.746270
0.372586
-0.373055
-0.332607
-0.431415
-0.593237
-0.676703
-0.687539
-0.729855
-0.645204
-0.690247
-0.743674
-0.670949
-0.750757
-0.724015
-0.740044
-0.734065
-0.770512
-0.713980
-0.738401
-0.737847
-0.613082
-0.639321
-0.616059
-0.608884
-0.436862
-0.331374
-0.415046
-0.474536
-0.526757
-0.585201
-0.593867
-0.402501
-0.416384
-0.492924
-0.429430
-0.371440
-0.430987
-0.308086
-0.467931
-0.302587
-0.494118
-0.351475
-0.396743
-0.357308
-0.344389
-0.050278
-0.158105
-0.153883
-0.209429
-0.410691
-0.099740
-0.425064
-0.324202
-0.089277
-0.116713
-0.123141
-0.226557
0.065344
-0.302892
-0.189871
-0.437329
-0.365941
-0.460391
-0.407910
-0.606517
-0.612477
-0.645986
-0.705851
-0.740610
-0.764742
-0.746930
-0.761073
-0.760328
-0.766826
-0.770611
-0.758238
-0.725542
-0.690901
-0.693380
-0.674466
-0.659736
-0.604550
-0.645334
-0.584192
-0.654735
-0.685847
-0.617609
-0.641822
-0.608068
-0.631190
-0.607976
-0.687896
-0.675818
-0.689019
-0.642441
-0.660494
-0.573645
-0.662259
-0.640050
-0.633401
-0.630628
-0.674367
-0.654670
-0.663418
-0.644196
-0.686657
-0.667462
-0.707429
-0.633387
-0.627166
-0.490502
-0.515516
-0.523611
-0.526414
-0.528293
-0.545196
-0.564921
-0.591168
-0.534878
-0.571786
-0.470043
-0.552039
-0.483353
-0.541553
-0.524067
-0.483852
-0.452284
-0.449255
-0.457153
-0.463177
-0.203439
-0.348658
0.124203
0.154166
-0.015862
0.100828
0.005340
-0.330858
-0.318712
-0.345512
-0.424716
-0.236133
-0.362432
-0.361566
-0.180053
-0.449480
-0.082593
0.198733
0.972544
-0.101045
-0.381749
-0.535747
-0.501432
-0.542987
-0.284569
-0.430226
-0.480569
-0.193596
-0.492277
-0.422000
-0.309936
-0.401350
-0.393550
-0.472211
-0.463158
-0.208950
-0.345291
-0.358211
-0.359856
-0.490529
-0.251967
-0.284332
-0.436269
-0.243862
-0.497406
-0.392479
-0.539653
-0.512785
-0.437265
-0.365480
-0.214256
-0.306652
-0.347086
-0.343099
-0.466948
-0.504141
-0.430217
-0.465102
-0.401730
-0.442261
-0.303550
-0.227135
-0.251180
-0.232229
-0.332664
-0.453389
-0.473097
-0.444641
-0.418996
-0.114488
0.562414
-0.084832
-0.218938
-0.523670
-0.556358
-0.473392
-0.428361
-0.343992
-0.157756
-0.316602
-0.323409
-0.484907
-0.044388
-0.536974
-0.494111
-0.271295
-0.489087
-0.277272
-0.449483
-0.284641
-0.130516
-0.223299
-0.228703
-0.415814
-0.471162
-0.517029
-0.484794
-0.533716
-0.309042
-0.545019
2.681810
-0.262761
-0.259621
-0.189669
1.061034
-0.152343
-0.357523
0.382259
0.492856
0.704759
4.611689
1.255463
-0.019790
-0.272084
0.282045
-0.195925
0.580829
-0.131430
0.614452
-0.245941
-0.111096
-0.148930
-0.295322
-0.467365
-0.492113
-0.549640
-0.574413
-0.555896
-0.355235
-0.432553
-0.269015
-0.221217
-0.452765
-0.300650
-0.153099
-0.418326
0.086670
-0.463696
-0.343913
-0.303941
0.040279
0.020963
-0.303006
-0.348112
-0.420751
-0.517745
-0.538864
-0.434629
-0.514339
-0.299586
-0.478862
-0.563140
-0.592283
-0.544377
-0.556809
-0.375411
-0.394462
-0.493115
-0.308423
-0.379483
-0.418559
-0.149799
-0.355930
-0.401736
0.047157
-0.330838
-0.239137
-0.210702
-0.275480
0.112792
-0.361737
0.081293
-0.281333
0.041452
-0.280877
0.453681
-0.066493
1.043338
0.906844
0.431314
-0.095957
-0.332860
-0.474207
-0.544375
-0.539569
-0.287938
-0.441927
-0.004718
0.763753
0.391984
-0.108099
-0.044086
0.370256
0.517757
0.817239
0.346517
0.819907
0.596133
0.474340
0.824674
0.587920
0.064225
1.158995
0.438828
1.104938
0.240443
0.002252
0.067749
0.951123
0.833591
1.396480
1.223645
1.136138
0.297043
0.546920
-0.053486
-0.363237
-0.283925
-0.310432
-0.302938
-0.456787
-0.481541
-0.594428
-0.562370
-0.681933
-0.383675
-0.466548
-0.498677
-0.427663
-0.558144
-0.639154
-0.422287
-0.421462
-0.552503
-0.550319
-0.515096
-0.534386
-0.581329
-0.606341
-0.570090
-0.535866
-0.637497
-0.697089
-0.693080
-0.695506
-0.695893
-0.680416
-0.695222
-0.739429
-0.740717
-0.723661
-0.751415
-0.748663
-0.688527
-0.723829
-0.707466
-0.707397
-0.700275
-0.680811
-0.636886
-0.664332
-0.682135
-0.662473
-0.680097
-0.596815
-0.615281
-0.661567
-0.659173
-0.617775
-0.618395
-0.632947
-0.581271
-0.652901
-0.700195
-0.695504
-0.703297
-0.615665
-0.709125
-0.679745
-0.708804
-0.565263
-0.617802
-0.403539
0.689927
0.085225
-0.181612
-0.103139
-0.217622
-0.348377
0.400380
1.103792
1.131395
0.418864
0.822030
0.230101
0.544795
0.311336
-0.001895
0.004603
0.137588
0.353088
0.040740
0.043063
0.228612
0.108053
0.263163
0.250936
-0.363889
-0.098624
-0.275557
-0.439074
-0.346434
-0.488405
-0.436977
-0.073575
0.511183
-0.037713
0.116566
-0.294960
-0.475700
-0.474553
-0.421944
-0.266878
-0.302296
-0.349027
-0.303385
0.302102
-0.330892
-0.151836
-0.181137
-0.501726
-0.325361
-0.288419
-0.477374
-0.135904
-0.391159
-0.481490
-0.211261
-0.500169
-0.380349
-0.486148
-0.015420
-0.379089
-0.120031
0.167549
-0.243791
-0.470968
-0.517942
-0.484412
-0.584039
-0.500409
-0.421187
-0.301601
-0.369447
-0.399971
-0.279960
-0.200051
-0.440819
-0.331657
-0.137928
-0.291315
-0.245927
-0.152742
0.183869
0.083694
0.173040
-0.144259
-0.124418
-0.314710
-0.292286
-0.453393
-0.641089
-0.496859
-0.484118
-0.248273
-0.421915
-0.387526
-0.384947
-0.422241
-0.484543
-0.419819
-0.516966
-0.493756
-0.426230
-0.465411
-0.463666
-0.450261
-0.234017
-0.440827
-0.376738
-0.546585
-0.317358
-0.547785
0.019605
-0.470029
-0.460761
-0.475469
0.236658
-0.249519
0.791078
-0.083698
-0.228529
0.547176
-0.080856
1.901892
-0.353418
0.594314
0.526665
0.445839
0.636934
-0.369689
0.052722
-0.210744
-0.252329
-0.304597
-0.375114
-0.274256
0.455555
-0.162731
-0.232208
-0.087099
-0.330048
-0.509285
-0.045264
-0.375950
-0.503008
-0.448549
-0.406831
-0.416114
-0.468788
-0.360379
-0.275457
-0.477944
-0.446125
-0.384006
-0.489905
-0.410630
-0.424451
-0.445688
-0.504457
-0.517064
-0.494282
-0.522995
-0.496468
-0.475669
-0.545431
-0.583484
-0.568740
-0.504629
-0.419626
-0.353082
-0.370739
-0.395349
-0.481241
-0.478996
-0.435108
-0.486346
-0.444764
-0.515929
-0.452318
-0.380235
-0.428194
-0.246613
-0.467259
-0.449944
-0.432557
-0.519352
-0.493620
-0.516569
-0.420843
-0.458877
-0.460292
-0.239809
-0.416899
-0.385505
-0.300762
-0.392330
-0.175133
-0.055169
-0.465548
0.421622
-0.408990
-0.404523
0.352603
0.849540
-0.311611
-0.356708
0.581220
0.245724
0.303169
-0.158824
0.468985
-0.352603
-0.260012
-0.085729
0.521506
0.261539
0.111925
0.377703
-0.262969
-0.430070
-0.360042
1.014080
-0.237523
-0.173738
-0.365337
0.238780
-0.202886
0.004569
-0.179873
-0.036327
0.190436
-0.163643
0.206716
0.023687
0.443710
0.087944
0.187510
-0.246488
-0.329278
-0.401439
-0.135327
-0.424424
-0.382113
-0.211617
0.348725
1.657788
0.700636
0.770568
0.714571
1.795669
0.418607
0.465051
0.426137
0.537455
1.021010
-0.046498
0.037992
-0.054368
-0.161521
-0.279236
-0.319510
1.364095
0.505111
1.739027
1.260394
1.045825
0.256614
0.152223
0.061887
0.185936
0.303887
0.139416
0.966117
0.961804
0.286135
0.802526
-0.094874
-0.104438
0.293872
-0.133517
0.743062
-0.031884
0.213844
0.859611
1.782926
0.768244
1.079668
0.813625
0.408661
0.290119
-0.128490
-0.401044
-0.521633
-0.540296
-0.687809
-0.634853
-0.613775
-0.636152
-0.618292
-0.617271
-0.575132
-0.593560
-0.612562
-0.588224
-0.483447
-0.439445
-0.162958
0.356602
0.320064
1.677788
4.282953
2.251016
1.970901
1.761364
1.254972
2.099966
2.196160
0.817584
1.810581
1.554763
0.220094
0.683753
0.163979
0.649100
0.537086
0.334975
1.034095
1.317477
1.718318
0.817100
0.666284
0.346427
1.174870
0.502272
0.210231
0.306995
0.562114
0.753144
1.011314
0.146357
1.324253
0.974310
1.738828
0.493764
0.286560
0.336352
0.740869
1.138613
0.258379
0.188031
-0.286302
-0.406919
-0.654170
-0.564668
-0.478873
-0.437002
-0.453285
-0.537647
-0.512751
-0.606193
-0.645552
-0.625522
-0.671476
-0.697343
-0.738898
-0.685044
-0.715514
-0.682372
-0.715884
-0.699052
-0.416781
-0.041998
-0.245629
0.152985
1.028264
0.294470
0.259790
0.253282
1.138516
2.145564
1.172072
3.210722
1.901144
2.463145
1.116045
1.592657
1.404191
3.555994
1.027584
0.749213
0.819658
1.748309
0.777998
1.296871
0.464782
0.267802
1.066222
2.042548
2.128093
0.751609
2.864906
2.676183
2.427302
2.243771
0.855764
1.529908
1.321585
-0.079792
-0.464019
-0.594743
-0.590082
-0.612857
-0.572238
-0.636905
-0.536399
-0.540108
-0.657571
-0.623262
-0.658835
-0.570125
-0.445870
0.086658
0.176726
0.325489
-0.238265
0.283365
0.113842
-0.030289
-0.013507
0.394849
-0.057929
0.074514
-0.056333
0.150839
0.284894
0.082004
0.405543
1.125910
1.245309
0.908479
1.093433
1.063167
1.516914
2.196257
0.679551
2.344248
3.199231
0.442929
1.867648
0.902165
1.042483
1.387763
2.689617
1.291727
1.719528
0.951179
0.353127
-0.249011
0.043087
-0.198659
-0.211592
-0.425410
-0.491478
-0.600806
-0.489621
-0.579738
-0.607519
-0.441132
-0.289030
1.081091
-0.027220
-0.464535
-0.577679
-0.177037
-0.498980
-0.258905
-0.311250
-0.333804
-0.301304
-0.286699
-0.324580
-0.403826
-0.569058
-0.456782
-0.407560
-0.317091
-0.200953
-0.234432
-0.170104
-0.277965
-0.264846
-0.135224
0.873630
-0.349629
-0.375936
-0.038995
-0.157354
0.217110
0.133704
0.167401
-0.254176
-0.292483
-0.603159
-0.486020
-0.560062
-0.261462
0.039654
-0.234232
-0.217993
0.003351
-0.224433
0.569284
0.001467
0.134422
0.569238
0.043319
-0.020180
0.015746
0.722612
0.297608
-0.169844
0.147567
-0.348784
-0.226738
-0.165820
-0.228563
-0.387835
-0.469739
-0.600803
-0.581671
-0.485777
-0.520598
-0.450869
-0.461613
-0.103625
-0.316649
-0.357048
-0.323723
-0.362366
0.131992
-0.077089
-0.365985
-0.144283
-0.176462
-0.302420
-0.103012
-0.346659
-0.360181
-0.230916
-0.349009
-0.499615
-0.275334
-0.527876
-0.432896
-0.448650
-0.510885
-0.616617
-0.521037
-0.360892
-0.361741
-0.481825
-0.344565
-0.372547
-0.460677
-0.411173
-0.553714
-0.581723
-0.471255
-0.494205
-0.377321
-0.356447
-0.292631
-0.318526
-0.362495
-0.267305
-0.451776
-0.514295
-0.447253
-0.434170
-0.380170
-0.533407
-0.482275
-0.398184
-0.538120
-0.365899
-0.322481
-0.230307
-0.455476
-0.470165
-0.460956
-0.467664
-0.548331
-0.471411
-0.457387
-0.408127
-0.491792
-0.384506
-0.371068
-0.454806
-0.460975
-0.430159
-0.429316
-0.375919
-0.494717
-0.386708
-0.386864
-0.454502
-0.404481
-0.451473
-0.339573
-0.383638
-0.430997
-0.313739
-0.415740
-0.480603
-0.442238
-0.545794
-0.535399
-0.397179
-0.405625
-0.511215
-0.368733
-0.398070
-0.337513
-0.425229
-0.070608
-0.495970
-0.562823
-0.541371
-0.389470
-0.389714
-0.398384
-0.596731
-0.338539
-0.393122
-0.228859
-0.286315
-0.159629
-0.058712
-0.053774
0.161716
-0.229962
-0.287097
-0.201283
-0.296455
-0.090488
-0.271276
-0.377683
-0.267945
-0.222218
-0.480433
-0.416195
-0.562885
-0.489639
-0.488744
-0.525900
-0.492474
-0.310585
-0.433624
0.000944
-0.226533
-0.306009
-0.321625
-0.140327
-0.266416
-0.494676
-0.514089
-0.509575
-0.418769
-0.475121
-0.385156
-0.409742
-0.538995
-0.420746
-0.483708
-0.538413
-0.442672
-0.512553
-0.527477
-0.426313
0.196623
-0.478570
-0.356120
-0.366029
-0.353293
0.574140
1.517792
-0.314456
-0.258029
-0.381554
0.367165
-0.325618
1.791199
-0.164162
-0.165915
-0.244867
-0.224702
-0.262815
-0.371773
-0.377928
-0.457742
-0.437264
-0.458299
-0.515430
-0.543760
-0.500861
-0.518043
-0.452423
-0.529494
-0.388223
-0.255755
-0.324091
-0.342709
-0.378340
-0.342136
-0.290360
-0.338883
-0.417224
-0.113493
-0.165012
-0.267716
-0.122655
-0.088943
0.242349
-0.398588
-0.537568
-0.562038
-0.542296
-0.595449
-0.534709
-0.281315
-0.499111
-0.455978
-0.442677
-0.236011
-0.256405
-0.416073
-0.398729
-0.428699
-0.420548
-0.195367
-0.313233
1.099168
0.293052
-0.374457
-0.142278
0.044552
0.204194
0.040796
-0.287863
-0.288146
-0.408549
-0.342209
-0.489505
-0.299731
-0.356889
-0.449363
-0.536676
-0.462308
-0.478187
-0.367268
-0.434273
-0.470130
-0.446846
-0.194295
-0.504675
-0.434700
-0.429148
-0.455997
-0.463894
-0.457103
-0.540009
-0.444230
-0.429065
-0.416666
-0.419693
-0.275632
-0.395909
-0.385100
-0.474305
-0.480121
-0.491178
-0.417169
-0.469630
-0.477242
-0.565699
-0.328003
-0.429166
-0.493921
-0.329878
-0.497193
-0.429004
-0.461884
-0.550008
-0.485358
-0.489379
-0.358202
-0.510238
-0.559296
-0.526362
-0.499954
-0.472912
-0.316504
-0.449742
-0.489460
-0.389105
-0.474891
-0.479447
-0.425926
-0.325530
-0.358357
-0.228192
-0.181577
-0.285423
-0.251760
-0.172001
-0.109918
-0.303599
-0.405225
-0.350965
-0.258298
-0.298493
-0.032144
-0.076390
0.212010
0.273452
-0.219230
-0.158899
-0.222126
-0.176040
-0.445517
-0.211046
-0.488642
-0.352918
-0.538069
-0.466738
-0.338137
-0.446663
-0.463709
-0.454495
-0.448999
-0.403839
-0.524439
-0.480061
-0.113907
-0.380660
-0.128363
-0.249904
-0.216257
-0.264818
-0.318644
-0.368478
-0.323690
-0.151234
-0.299398
-0.467820
-0.128693
-0.336925
-0.318471
-0.319650
-0.477648
-0.363190
-0.509957
-0.461128
-0.495178
-0.571257
-0.487862
-0.425671
-0.472318
-0.550090
-0.529247
-0.291171
-0.382242
-0.412527
-0.355599
-0.257279
-0.404247
-0.501277
-0.389487
-0.436975
-0.342932
-0.351613
-0.399822
-0.412284
-0.418535
-0.256279
-0.193833
-0.492277
-0.513129
-0.543294
-0.564392
-0.466428
-0.588528
-0.597266
-0.526173
-0.567213
-0.519648
-0.560038
-0.392824
-0.442519
-0.452020
-0.504591
-0.519029
-0.482844
-0.511378
-0.601833
-0.450139
-0.441871
-0.362547
-0.424331
-0.425164
-0.466299
-0.329005
-0.364740
-0.471820
-0.548488
-0.526148
-0.431963
-0.544820
-0.412363
-0.365946
-0.473650
-0.291472
-0.265289
-0.054256
-0.105126
-0.435006
-0.275745
-0.300135
-0.228162
-0.337633
-0.265034
-0.305022
0.131531
0.221548
-0.055737
-0.387702
-0.328331
-0.521721
-0.350907
-0.050696
-0.426490
-0.377740
-0.432137
-0.466606
-0.482897
-0.273053
-0.289607
-0.427052
-0.467178
-0.548773
-0.382477
-0.422418
-0.438218
-0.386083
-0.335207
-0.262617
-0.414246
-0.468345
-0.192829
-0.477835
-0.276862
-0.449434
-0.328372
-0.366155
-0.456785
-0.385015
-0.360634
-0.475353
-0.428990
-0.373917
-0.447378
-0.209190
-0.485097
-0.315814
-0.587301
-0.512582
-0.331318
-0.488962
-0.414903
-0.419810
-0.456357
-0.355484
-0.422175
-0.208118
-0.086729
-0.358430
-0.336443
-0.177490
-0.404781
-0.496286
-0.388337
-0.304505
-0.208538
-0.287929
-0.482016
-0.343325
-0.412820
-0.501688
-0.393478
-0.409752
-0.409443
-0.287865
-0.306247
-0.361125
-0.470684
-0.341648
-0.384343
-0.450903
-0.377052
-0.343048
-0.256593
-0.349535
-0.240910
-0.275809
-0.380626
-0.257485
-0.473671
-0.475327
-0.568239
-0.528240
-0.533779
-0.447539
-0.547710
-0.482698
-0.413942
-0.393474
-0.401118
-0.450447
-0.416453
-0.467354
-0.514830
-0.570814
-0.612946
-0.563578
-0.529205
-0.589558
-0.433965
-0.444771
-0.447109
-0.487179
-0.314143
-0.368322
-0.502027
-0.380477
-0.458474
-0.491963
-0.435245
-0.427583
-0.455911
-0.300915
-0.442076
-0.430347
-0.475353
-0.400942
-0.462661
-0.485881
-0.538916
-0.457419
-0.502285
-0.539366
-0.299224
-0.470483
-0.360673
-0.214870
-0.443316
-0.315714
-0.234230
-0.478121
-0.431375
-0.386544
-0.493662
-0.475339
-0.398573
-0.427316
-0.433559
-0.504945
-0.427570
-0.457349
-0.513448
-0.368388
-0.588717
-0.496039
-0.536984
-0.467324
-0.417367
-0.416182
-0.318189
-0.356641
-0.491491
-0.352053
-0.163941
-0.449187
-0.346500
-0.280457
-0.510811
-0.501923
-0.461913
-0.304038
-0.374966
-0.232254
-0.315837
-0.051950
-0.427721
-0.522190
-0.375389
-0.489209
-0.475764
-0.505525
-0.503827
-0.180699
-0.255895
-0.371935
-0.288973
-0.239912
-0.307879
-0.323594
-0.250577
-0.463082
-0.435869
-0.321575
-0.200643
-0.444538
-0.315280
-0.323819
-0.400849
0.256417
-0.360497
-0.223958
-0.461828
-0.251215
-0.330524
-0.344932
-0.331438
-0.301904
-0.217208
-0.386843
-0.182420
-0.192775
-0.216402
-0.169650
-0.301859
-0.209905
-0.061544
0.109479
-0.314906
0.045013
-0.082310
-0.029623
0.170265
-0.469184
-0.394834
-0.401853
-0.488805
-0.463864
-0.467242
-0.494372
-0.468520
-0.450866
-0.567280
-0.542258
-0.551143
-0.574553
-0.543487
-0.404489
-0.371718
-0.283404
-0.427889
-0.339796
-0.472102
-0.329415
-0.261237
-0.500956
-0.431810
-0.498791
-0.381335
-0.442122
-0.202654
-0.471564
-0.362027
-0.408347
-0.462580
-0.343534
-0.400424
-0.496961
-0.041739
0.283230
-0.566792
-0.376672
0.460584
-0.285861
-0.379383
-0.456124
-0.340040
-0.314052
-0.458842
-0.418415
-0.462079
-0.480059
-0.493452
-0.383690
-0.414654
-0.476755
-0.395464
-0.420136
-0.381090
-0.277710
-0.435654
-0.426243
-0.441922
-0.417677
-0.385661
-0.499909
-0.502437
-0.374638
-0.481461
-0.303907
-0.456472
-0.508677
-0.337567
-0.470040
-0.262681
0.291541
-0.183066
-0.074519
-0.182303
-0.269280
-0.321457
-0.220405
-0.431130
-0.132581
-0.418782
-0.396150
-0.418713
0.234660
-0.394553
-0.372507
-0.387884
-0.314813
-0.400091
-0.467943
-0.413356
-0.463607
-0.520320
-0.435156
-0.415138
-0.440570
-0.494994
-0.409478
-0.328940
-0.360569
-0.427400
-0.280307
-0.444942
-0.382362
-0.412895
-0.440954
-0.485555
-0.497052
-0.411474
-0.506359
-0.412100
-0.449071
-0.467686
-0.445769
-0.541871
-0.541827
-0.508585
-0.486661
-0.441053
-0.506404
-0.391754
-0.342492
-0.356311
-0.521239
-0.342663
-0.281598
-0.177491
-0.365778
0.126839
-0.094679
0.013184
-0.257573
0.013830
1.696957
0.387625
-0.097170
-0.082758
0.659568
0.186821
-0.159571
0.351616
-0.455812
-0.380090
-0.288436
-0.235565
-0.343630
-0.324431
-0.184788
-0.093539
-0.269773
-0.147902
-0.331419
-0.432078
-0.066624
0.079251
-0.326332
-0.083414
-0.272369
-0.209525
-0.325416
0.005864
-0.417040
-0.440778
-0.367291
-0.302129
-0.440980
-0.384933
-0.417336
-0.446353
-0.468765
-0.446740
-0.107601
-0.456662
-0.038613
-0.326487
-0.301321
-0.207710
-0.117884
-0.163818
0.645545
-0.204952
0.467474
0.155735
0.209938
-0.277233
-0.404115
-0.268659
-0.369768
-0.400717
-0.384537
-0.438444
-0.480210
-0.371768
-0.514302
-0.435355
-0.556621
-0.499207
-0.556749
-0.299473
-0.482078
-0.395654
-0.306099
-0.370384
-0.296390
-0.499639
-0.226271
0.247307
-0.266520
-0.056368
-0.350902
-0.342764
-0.330023
-0.449083
-0.428784
-0.460535
-0.483238
-0.382332
-0.464532
-0.317260
-0.449800
-0.452014
-0.537699
-0.445578
-0.500685
-0.534732
-0.553999
-0.232898
-0.484573
-0.473255
-0.363738
-0.401737
-0.310047
-0.503689
-0.288282
-0.360816
-0.445562
-0.356813
-0.286469
-0.347330
-0.080866
-0.406191
-0.455282
-0.403301
-0.492390
-0.471597
-0.394334
-0.456785
-0.323126
-0.144889
-0.423447
-0.249220
-0.233183
-0.447823
-0.281564
-0.383234
-0.537116
-0.428579
-0.486234
-0.422398
-0.490398
-0.473277
-0.429238
-0.389102
-0.295447
-0.376665
-0.512714
-0.502583
-0.479665
-0.387716
-0.507340
-0.352658
-0.457191
-0.294617
-0.157808
-0.228121
-0.474374
-0.384255
-0.432406
-0.346609
-0.386634
-0.363469
-0.180893
0.005727
-0.274180
-0.242166
-0.199371
-0.321113
-0.286651
-0.381352
-0.468703
-0.491604
-0.149545
-0.362971
-0.424621
-0.367599
-0.090536
-0.157706
-0.354410
-0.382896
-0.368084
-0.304009
-0.048446
-0.328313
0.033297
-0.005111
-0.221526
-0.349500
-0.293304
-0.499093
-0.258574
-0.054415
0.049678
0.734940
-0.341352
-0.334731
-0.348773
-0.325144
-0.265171
-0.313976
-0.284705
-0.108140
0.053231
-0.206355
-0.304549
-0.178712
-0.394705
-0.342965
-0.282395
-0.339612
-0.025014
0.553047
0.688264
0.970682
1.358249
2.667727
-0.521611
-0.489985
0.112284
0.536375
0.014180
0.364566
-0.109471
-0.365602
-0.365018
-0.524495
-0.158384
-0.054655
-0.264442
-0.101541
-0.420806
-0.240834
0.402355
0.205546
0.886113
0.158710
0.676958
-0.226630
-0.035282
0.345441
0.387103
0.083209
0.616207
0.919460
0.808885
0.148551
0.246054
0.713739
1.622875
1.470413
-0.111593
-0.334892
-0.288427
-0.229190
-0.223970
0.136177
0.311335
0.059829
-0.368273
-0.530760
-0.576339
-0.429031
-0.325826
-0.460576
-0.397585
-0.414372
-0.311373
-0.432741
-0.451114
-0.433209
-0.446910
-0.492396
-0.387103
-0.480072
-0.375807
-0.453170
-0.293507
-0.351603
-0.258947
-0.277089
-0.194444
-0.058165
-0.274933
-0.336638
-0.349960
-0.545795
-0.586067
-0.490714
-0.293500
-0.506097
-0.398377
-0.294373
-0.330638
-0.235055
-0.388219
-0.468562
-0.413882
-0.462706
-0.453675
-0.466133
-0.336085
-0.488973
-0.416170
-0.380607
-0.454212
-0.526436
-0.431680
-0.294008
-0.384129
-0.367621
-0.539186
-0.484548
-0.511285
-0.153892
-0.379470
0.377331
-0.423204
-0.446418
-0.303858
-0.276754
0.008142
-0.272049
-0.387919
-0.549269
-0.339468
-0.330324
-0.162269
-0.441748
-0.073545
-0.466586
-0.478691
-0.541827
-0.332294
-0.039169
0.156422
0.137466
-0.154274
-0.390083
-0.569426
-0.507784
-0.367683
-0.539189
-0.418260
-0.444951
-0.172676
-0.280655
-0.406366
-0.365817
-0.268625
-0.329723
-0.090156
-0.197610
-0.204375
-0.020375
-0.220788
-0.095382
0.621698
0.687201
0.367743
0.237267
-0.193844
0.440971
0.504487
1.459271
0.639389
0.863993
-0.094983
0.017398
-0.155150
-0.510940
0.054892
-0.035210
-0.009612
-0.250467
-0.020429
-0.196665
-0.279443
-0.435688
-0.269868
-0.097021
-0.152381
-0.328458
-0.236983
-0.165723
-0.331987
-0.129764
-0.167509
-0.349997
-0.246245
-0.373722
-0.447160
-0.470115
-0.468122
-0.407096
-0.378674
-0.463529
-0.362362
-0.403572
-0.297768
-0.356847
-0.502334
-0.358522
-0.231909
-0.160177
0.137579
-0.333034
-0.374446
-0.454390
-0.201957
-0.254466
-0.059041
-0.155579
-0.102235
0.104452
0.350704
0.256585
0.307684
-0.260673
-0.311053
1.381884
2.114122
3.664886
2.113322
1.107647
0.630799
1.428816
0.671253
-0.110896
-0.027288
-0.448877
-0.404009
-0.419247
-0.624873
-0.647107
-0.661706
-0.692669
-0.673033
-0.646409
-0.673651
-0.691529
-0.746458
-0.728633
-0.747780
-0.705317
-0.750382
-0.729509
-0.735173
-0.731423
-0.696943
-0.618190
-0.602642
-0.574859
-0.510260
-0.446847
-0.393630
-0.534018
-0.560673
-0.589829
-0.418156
-0.443098
-0.435282
-0.459931
-0.360060
-0.473337
-0.228290
-0.299997
-0.305922
-0.373702
-0.269061
-0.296122
-0.316916
-0.341892
