-1.233948
-1.233948
-1.233948
-1.233948
-1.233948
-1.233948
-1.233948
-1.233948
-1.233948
-1.233948
-1.233948
-1.233948
-1.233948
-1.233948
0.328635
0.299779
1.417317
0.515890
2.332961
0.187210
-0.232907
0.096659
0.195694
-0.314693
-0.335769
-0.211776
-0.576376
-0.632616
-0.724373
-0.420225
-0.491507
-0.492818
-0.000297
-0.587936
-0.554297
-0.280092
-0.180941
-0.449298
-0.305734
-0.328206
0.776807
-0.374999
-0.555954
-0.698949
-0.493316
-0.536786
-0.671057
-0.522884
-0.614667
-0.615450
-0.494008
-0.418599
-0.403024
-0.387105
-0.367077
-0.038360
-0.032503
0.449874
-0.096359
-0.045264
-0.034085
1.265781
5.668361
0.355511
0.606574
0.566837
0.845731
1.349689
0.811100
1.453791
2.125999
1.681311
2.414802
2.635894
3.837091
2.967941
2.743697
2.932734
8.143527
8.178719
3.847927
7.315001
14.134663
12.479734
10.011269
10.674180
9.596858
21.672111
13.977812
8.506054
4.796505
19.742343
8.794991
5.718789
7.165357
12.610438
3.313943
3.712762
2.376432
2.887213
1.182127
1.507296
0.327119
0.244257
0.134964
0.326617
0.300428
0.279460
0.218600
0.130588
0.026965
-0.289712
0.356277
-0.191895
-0.278544
-0.367548
-0.555164
-0.523989
-0.483880
-0.549994
-0.652610
-0.301239
-0.463140
-0.590096
-0.522503
-0.662727
-0.383926
-0.492958
-0.556910
-0.464615
-0.574404
-0.495204
-0.405645
-0.536116
-0.336816
-0.376066
-0.436192
-0.225845
-0.387306
-0.323271
-0.295099
-0.102920
-0.576398
-0.593428
-0.526863
-0.198439
-0.291642
-0.461641
0.254605
-0.460668
-0.240403
-0.322640
-0.198983
-0.433882
0.171354
1.047406
-0.167319
-0.231384
0.073280
-0.092768
0.085268
0.132593
0.035343
-0.019215
-0.190401
0.164906
0.244628
-0.074787
0.524490
2.935283
0.808569
0.904383
0.414530
0.694006
0.599730
0.942783
1.222535
0.196392
-0.351172
0.041641
-0.089698
0.488315
0.486847
0.373874
0.345608
0.181723
0.361583
-0.148423
-0.241977
-0.114344
-0.177450
-0.489870
-0.202970
0.388196
-0.301703
-0.490563
-0.321270
-0.083207
-0.329608
-0.277980
-0.263271
-0.289310
-0.490264
-0.508700
-0.617585
-0.487169
-0.534923
-0.671926
-0.270993
-0.338926
-0.565090
-0.529343
-0.597382
-0.350842
-0.519054
-0.311040
-0.370215
-0.383829
-0.316260
-0.202054
-0.126574
0.121961
-0.134596
0.012819
0.266380
0.614996
0.056914
-0.214477
-0.157303
-0.376318
-0.433487
-0.310662
-0.274501
-0.302669
-0.390992
-0.470894
-0.457766
-0.646249
-0.717437
-0.471302
-0.524858
-0.505355
-0.441619
-0.414819
-0.537382
-0.527215
-0.583059
-0.325639
-0.459411
-0.518750
0.165739
-0.318668
-0.193965
-0.334824
-0.381267
-0.520332
-0.409663
-0.612685
-0.597954
-0.587315
-0.678973
-0.649645
-0.567413
-0.465524
-0.477553
-0.357769
-0.408941
-0.536478
-0.505871
-0.439690
-0.522892
-0.506222
-0.360129
-0.358496
-0.318466
-0.246113
-0.167115
0.194378
-0.323531
0.368668
-0.177877
0.234165
0.214322
-0.123832
-0.017663
0.306705
1.370169
0.409461
0.044057
-0.050749
-0.022319
-0.369474
0.160266
-0.330301
-0.331776
-0.243497
-0.589180
-0.465024
-0.320334
-0.575287
-0.534664
-0.129381
-0.590627
-0.446776
-0.572693
0.085096
-0.163251
-0.353067
-0.318971
-0.510478
-0.060486
0.000899
-0.493572
-0.163212
-0.518990
-0.424768
-0.571683
-0.425702
-0.373712
-0.391621
-0.487341
-0.237483
-0.004605
-0.026191
-0.483983
-0.444105
0.044557
0.175023
-0.437172
-0.390677
-0.519767
-0.452441
-0.366239
-0.469073
-0.524945
-0.378304
-0.643345
-0.498546
-0.465274
-0.424857
-0.457377
-0.238786
-0.443086
-0.622221
-0.033907
-0.015500
-0.567933
-0.389348
-0.425887
-0.062729
-0.177121
-0.195804
-0.329499
-0.283557
-0.361390
-0.457963
-0.037345
-0.286206
-0.213096
-0.296746
-0.312188
-0.227861
-0.565116
-0.560731
-0.352100
-0.397908
-0.464944
-0.546061
-0.448209
-0.420950
-0.322804
-0.409774
-0.356368
0.337946
0.085283
-0.415449
-0.252246
-0.268133
-0.187085
-0.505395
-0.634135
-0.382089
-0.602285
-0.476650
-0.467187
-0.702612
-0.393302
-0.593567
-0.284694
-0.200253
-0.300936
-0.110639
-0.007975
-0.593775
-0.388718
-0.463085
-0.352406
-0.510821
-0.577573
-0.579621
-0.569549
-0.586670
-0.597373
-0.597328
-0.691593
-0.563519
-0.360439
-0.607247
-0.546612
-0.690609
-0.688873
-0.705325
-0.571838
-0.642330
-0.374911
-0.501667
-0.574845
-0.612614
-0.691857
-0.555641
-0.240516
-0.541812
-0.172288
-0.355922
-0.095692
-0.341350
-0.037683
0.019437
-0.338088
0.063003
-0.113868
0.042521
-0.172935
0.041203
-0.325885
-0.037504
-0.180214
-0.261139
-0.217980
-0.321425
-0.255564
0.178143
-0.321943
0.187054
0.002149
4.690432
0.330313
0.950018
0.035441
0.005302
0.596870
0.085512
-0.015309
0.920457
0.013250
0.603250
0.488572
0.141553
-0.084954
0.385209
0.601906
0.067420
0.005840
0.108565
0.204927
0.345152
0.345347
0.352536
0.320307
-0.038938
0.076896
0.836583
-0.181212
0.042334
-0.207315
0.176194
0.082377
-0.119512
-0.404437
-0.266339
-0.297339
-0.166246
-0.418798
-0.263664
0.195397
-0.233414
-0.270615
-0.337336
-0.281288
-0.409336
-0.397392
-0.329420
-0.338460
-0.298098
-0.280703
-0.245653
-0.274966
-0.124583
-0.232648
-0.177543
-0.135643
-0.354255
-0.253330
-0.323898
-0.328507
-0.119393
-0.379705
-0.067478
-0.396552
-0.023743
-0.263388
-0.278188
-0.204079
-0.396681
-0.274484
-0.197493
-0.241748
-0.552054
-0.578898
-0.366934
-0.267921
-0.111336
-0.164045
-0.011152
-0.031827
0.144169
-0.192469
-0.271384
0.106275
-0.299765
-0.479277
-0.243636
-0.134941
-0.343273
-0.417099
-0.329023
-0.285327
-0.289252
-0.299698
-0.225616
-0.450201
-0.221043
-0.480272
-0.542576
-0.553417
-0.620575
-0.493914
0.062985
-0.528234
-0.556267
-0.566676
-0.394811
-0.411428
-0.436621
-0.470317
-0.517316
-0.572913
-0.416299
-0.342265
-0.156544
-0.378356
0.087047
-0.554846
-0.510636
-0.507259
0.017382
-0.298330
-0.070899
-0.360186
-0.559715
-0.328854
-0.454039
-0.461994
-0.448243
-0.049107
0.296263
0.353799
0.288449
0.452401
0.454591
0.126058
-0.219943
-0.114771
1.203964
-0.079205
-0.005637
-0.302705
-0.312005
-0.225932
-0.378527
-0.425327
-0.121349
-0.623392
-0.652509
-0.668776
-0.498781
-0.653543
-0.598544
-0.694855
-0.499039
-0.611720
-0.601222
-0.747753
-0.620102
-0.749493
-0.786807
-0.662199
-0.712289
-0.575084
-0.520493
-0.434697
-0.387402
-0.508995
-0.373133
-0.481172
-0.184401
-0.582359
0.071698
0.051202
-0.302006
-0.373035
0.210426
0.120632
0.100585
-0.255498
-0.201766
-0.309558
-0.189384
-0.406460
-0.430969
-0.238064
-0.244696
-0.472278
-0.516119
-0.480007
-0.442561
-0.441025
-0.345346
-0.076142
-0.161573
-0.262741
-0.118434
0.270406
0.088127
0.346559
-0.059411
-0.272484
0.570217
0.079012
0.335551
-0.063585
0.016703
-0.229434
0.049407
0.187329
-0.295695
0.214780
-0.030376
0.136521
-0.091372
-0.518755
-0.358294
-0.322398
-0.292686
-0.497691
-0.464687
-0.603410
0.328808
-0.429869
-0.428880
-0.599118
-0.256092
-0.025677
-0.021321
-0.141459
-0.186961
-0.006881
0.223573
0.109999
0.461274
-0.169347
0.090730
0.176326
-0.096129
-0.071609
0.219540
-0.204111
-0.030614
-0.091176
0.215217
-0.008352
-0.020727
-0.065506
0.019675
-0.009459
-0.158423
-0.203755
-0.270119
-0.364981
-0.422390
-0.188089
-0.490734
-0.588205
-0.436627
-0.440507
-0.395779
-0.376633
-0.329991
-0.300418
-0.547277
-0.017500
-0.288000
-0.437928
-0.384608
-0.166929
-0.486754
-0.480159
0.138569
0.213923
0.069497
-0.361734
-0.078999
-0.117320
0.127229
0.102675
-0.272126
0.207949
-0.396547
2.204799
-0.320741
0.158417
-0.412743
-0.440239
-0.108019
0.188142
-0.427652
-0.305554
-0.534486
-0.356555
-0.344969
-0.213947
-0.596065
-0.633788
-0.166842
-0.554954
-0.311749
-0.545603
-0.593427
-0.513053
-0.578156
-0.726047
-0.665642
-0.539890
-0.162568
0.594649
0.350191
-0.200541
-0.100723
0.839684
1.717559
0.718594
1.792667
1.029960
0.193460
-0.173034
-0.302175
-0.346922
-0.520128
-0.623871
-0.582164
-0.573903
-0.558077
-0.665888
-0.679547
-0.588501
-0.476914
-0.631290
-0.689374
-0.667317
-0.589109
-0.326670
-0.628353
-0.608136
-0.708825
-0.640249
-0.615624
-0.577010
-0.713712
-0.542200
-0.506454
-0.386403
-0.108377
-0.461012
-0.186805
-0.217619
-0.620362
-0.405949
-0.491836
-0.355591
-0.083394
-0.654097
-0.362466
-0.407372
0.159156
0.832395
-0.080969
0.100726
2.721070
0.078243
0.340516
0.145017
0.205794
0.430865
0.113178
-0.104969
-0.321451
-0.368464
-0.349358
-0.011187
-0.311437
-0.344907
0.411445
-0.278985
-0.331880
-0.014123
0.287243
0.012750
-0.003475
0.178499
0.901438
1.308794
0.801039
0.162992
0.318194
0.264410
1.083157
0.310028
0.070372
-0.167813
0.513351
-0.236050
-0.341028
0.644146
-0.059796
0.076601
0.712148
0.025076
0.145980
0.123577
0.150601
-0.496741
-0.098817
-0.477172
-0.141939
-0.462581
-0.502664
-0.367710
-0.312528
-0.511423
-0.392329
-0.346092
0.607966
0.145221
0.048336
-0.114407
0.170942
0.056145
0.113878
0.205366
0.526313
0.322927
0.264719
0.663001
0.182255
0.580020
0.309791
0.013084
0.376390
0.796308
0.688801
0.537069
0.742533
0.063060
2.152784
-0.004983
-0.142954
0.193718
0.310034
-0.423247
-0.031131
-0.142324
-0.244228
0.698391
-0.430813
-0.307642
0.446426
-0.245173
-0.082891
-0.381265
-0.421312
-0.210794
-0.050697
-0.399532
-0.341689
-0.163520
0.066277
-0.176063
-0.407103
-0.301897
-0.330882
-0.230580
-0.252322
-0.491028
-0.594562
-0.424162
-0.336865
-0.465899
-0.475246
-0.403230
-0.135804
-0.483182
-0.533692
-0.474544
-0.422730
-0.242006
-0.336410
-0.278351
-0.232987
-0.343363
-0.167277
-0.196528
0.087968
-0.094073
-0.188932
-0.492851
-0.281182
-0.326788
-0.347597
-0.317042
-0.506674
-0.350002
-0.056195
-0.511554
-0.233929
-0.493685
-0.327317
-0.429863
-0.444945
-0.584226
-0.449338
-0.164803
-0.480724
-0.316701
0.023081
-0.551904
-0.386277
-0.472039
-0.451544
0.190311
-0.411945
0.073221
-0.202863
-0.300808
0.102208
-0.041208
0.014125
0.251301
1.082605
-0.346721
-0.304354
-0.154045
-0.596097
-0.319570
-0.333638
-0.552553
-0.079552
-0.499344
0.043786
-0.312194
-0.267250
-0.418898
-0.270353
0.103213
-0.472765
0.182829
-0.020960
-0.182241
0.562499
0.069969
-0.210862
-0.453160
-0.189797
-0.186054
-0.457847
-0.693780
-0.655230
-0.645528
-0.579324
-0.496129
-0.546324
-0.515569
-0.672049
-0.554139
-0.594301
-0.543200
-0.349026
-0.244541
-0.158059
-0.479667
-0.329891
0.067768
-0.265713
0.127853
-0.348157
0.190303
0.328556
0.246130
0.405025
0.044736
0.069057
0.115385
0.179963
0.484569
0.067774
0.127554
0.077050
-0.174013
-0.429836
-0.119099
-0.287958
-0.060350
-0.155715
-0.341285
-0.076627
-0.179183
-0.447467
-0.282193
-0.502918
-0.426857
-0.503121
-0.249830
-0.448200
-0.383448
-0.541198
-0.426722
-0.550897
-0.454498
-0.407527
0.002934
0.079477
0.049444
-0.505760
-0.394367
-0.424325
-0.338330
-0.614991
-0.614266
-0.481582
-0.571385
-0.515570
-0.540755
-0.342192
-0.373682
-0.529224
-0.355746
-0.400514
-0.460084
-0.552466
-0.472566
-0.356395
-0.139982
-0.595985
0.282368
-0.272486
-0.377036
-0.453810
-0.354937
-0.213085
-0.301876
-0.448393
-0.405202
-0.242198
-0.302555
-0.457850
-0.336175
-0.414093
-0.245488
-0.554701
-0.382862
0.219673
0.007094
-0.164917
-0.047449
0.426351
0.635315
2.192750
1.774857
1.599767
1.543416
0.988395
2.626654
1.449838
1.499417
0.908521
0.356913
0.456311
-0.254929
-0.343358
-0.518156
-0.551975
-0.264264
-0.621640
-0.454528
-0.556752
-0.499648
-0.648114
-0.445807
-0.484324
-0.559194
-0.617984
-0.560848
-0.732770
-0.607412
-0.779223
-0.818476
-0.778275
-0.585908
-0.606808
-0.637507
-0.700688
-0.657487
-0.553852
-0.542426
-0.571735
-0.547395
-0.644358
-0.570335
-0.576759
-0.615071
-0.577242
-0.421500
-0.575012
-0.664645
-0.440181
-0.456103
-0.450825
0.489832
0.159628
0.009791
0.169412
0.069367
0.056154
-0.099289
-0.029042
0.685463
-0.186120
0.178229
-0.244198
-0.161977
0.536510
1.709315
0.629800
0.680021
0.711902
4.732268
2.131981
3.049841
2.081989
1.628422
1.711009
0.390353
2.003462
1.039772
-0.212463
-0.044546
-0.202183
0.201135
-0.339132
-0.178352
-0.129581
0.157245
0.379959
-0.427722
-0.045303
0.119640
-0.418730
0.266939
-0.449343
-0.151472
-0.204880
-0.265638
0.433928
0.165104
0.117725
0.707878
0.568607
0.560955
0.361870
0.324799
0.040325
0.157722
0.114078
0.100246
0.298196
0.414782
-0.198395
-0.267755
0.482601
-0.310197
-0.275686
0.008185
-0.147326
-0.448293
-0.332868
-0.294857
-0.517910
-0.296604
-0.076658
-0.419113
-0.559550
-0.469447
-0.254089
-0.477155
-0.654424
-0.331670
-0.344516
-0.483185
-0.037073
-0.300251
-0.349570
-0.470366
-0.494128
-0.395276
-0.293417
-0.330089
0.122789
-0.356694
-0.413881
-0.377555
-0.418518
-0.258389
-0.385420
-0.284285
-0.279700
-0.196411
-0.009455
-0.281967
0.032579
-0.151883
0.045951
-0.144081
-0.072329
0.261421
-0.179539
-0.172126
0.518523
-0.281982
-0.291243
0.314583
-0.237188
-0.366126
0.348242
1.381930
1.218977
3.321699
3.669619
1.066909
3.622317
3.546570
4.785888
8.769585
4.508457
1.500698
1.165298
0.318813
-0.011602
0.574019
1.738427
0.060343
0.167498
0.498382
0.115442
-0.152160
0.502276
1.973552
0.444547
0.218012
0.497143
0.280574
0.639644
0.087711
-0.427581
-0.078166
-0.497002
0.079224
0.287589
0.247736
0.318827
0.508332
0.779686
1.193276
0.489469
0.933641
1.125683
1.501951
0.671479
0.390519
1.224012
-0.237997
0.119748
0.569964
-0.069457
-0.297228
-0.056724
-0.171995
0.377131
0.624476
0.780032
0.320869
0.335822
0.880839
-0.003374
-0.125960
1.170047
-0.033908
-0.423262
-0.771716
-0.600491
-0.692993
-0.679414
-0.674382
-0.492074
-0.458051
-0.377275
-0.460000
-0.226807
1.077263
0.013060
-0.046425
0.539557
-0.045401
0.281313
0.191467
-0.005672
-0.093726
-0.238390
-0.188506
-0.248938
-0.330585
-0.446279
-0.349950
-0.317909
-0.144834
-0.254038
-0.351821
0.043611
-0.042999
-0.207814
0.022549
-0.214374
-0.429360
-0.253900
0.324997
0.044416
0.590976
-0.048902
0.263610
0.246726
0.643360
1.279838
0.366225
1.119745
1.121140
1.853401
0.374559
1.659291
0.921537
1.708788
0.363786
0.398109
0.727722
0.171294
0.108714
0.124506
0.335425
-0.146375
0.126604
0.164022
0.926184
0.463718
-0.111052
-0.000181
0.012737
-0.161826
0.945812
-0.377514
-0.006238
-0.345115
-0.414530
-0.524332
-0.668469
0.141311
-0.202403
-0.378030
-0.159807
-0.263274
0.072172
-0.221936
0.279934
0.302494
0.236625
-0.402635
-0.206458
-0.437112
-0.456854
-0.490932
-0.602833
-0.402376
-0.473233
-0.490392
-0.428451
-0.027346
0.180478
-0.661358
-0.541995
-0.356981
-0.497279
-0.306072
-0.441489
-0.557687
-0.020235
0.021903
-0.324005
0.195248
0.137306
-0.061608
-0.158815
-0.073361
1.008836
0.449065
-0.333352
0.114708
-0.147767
-0.324751
-0.346440
-0.220510
-0.434956
-0.521341
-0.176561
-0.406438
-0.359939
-0.391215
-0.493574
-0.351468
0.171693
-0.581026
-0.502103
-0.361764
-0.346277
-0.514136
-0.592584
-0.479980
-0.543799
-0.523042
-0.296927
-0.461758
-0.466436
-0.322494
-0.311742
-0.604785
-0.723397
-0.508586
-0.394075
-0.453210
-0.234857
-0.457677
-0.397513
-0.620217
-0.429508
-0.041075
-0.354059
-0.471636
-0.292865
-0.416098
-0.279875
-0.315261
-0.331641
-0.198339
-0.024576
0.934832
-0.414758
-0.533579
-0.302278
-0.438252
-0.701829
-0.684190
-0.642339
-0.567024
-0.728536
-0.485261
-0.660814
-0.607903
-0.384279
-0.215649
-0.376323
-0.090145
0.089117
-0.456390
-0.337693
-0.203844
-0.524863
-0.369763
-0.174887
-0.537693
0.162674
-0.560559
-0.400942
-0.574072
-0.623853
-0.419237
-0.531553
-0.327307
-0.473629
-0.634661
-0.483286
-0.436674
-0.509843
0.168643
-0.380219
-0.460248
-0.591098
-0.497054
-0.457534
-0.579261
-0.438813
-0.468029
-0.459717
-0.356465
-0.484991
-0.256306
-0.583952
-0.524038
-0.653775
-0.152314
-0.405139
-0.484544
-0.500138
1.000665
-0.105135
-0.404570
-0.461129
-0.080836
-0.324067
0.221801
-0.029228
-0.061253
0.822741
-0.102607
0.220182
0.254434
-0.040666
0.207470
0.057265
1.991780
0.050257
0.679347
0.034064
-0.206789
-0.331860
0.483735
-0.405259
-0.472132
-0.242511
-0.010604
-0.534069
-0.473591
-0.548317
-0.509679
-0.448270
-0.260316
-0.448725
-0.557116
-0.579196
-0.573387
-0.415065
-0.525326
-0.448716
-0.619939
-0.586743
-0.433093
-0.448639
-0.423435
-0.210278
-0.074697
-0.113977
-0.126974
-0.119144
-0.105507
-0.293320
-0.276266
-0.211397
-0.101914
-0.347047
-0.144246
-0.069245
-0.236937
-0.307954
-0.361038
-0.372843
-0.417063
0.352408
0.070386
-0.493785
-0.431194
-0.013122
-0.172230
0.322918
-0.077593
1.080751
-0.039804
0.861001
0.150006
-0.176931
0.172306
0.159748
-0.285144
-0.248316
-0.328048
-0.215999
-0.235909
-0.207007
-0.312825
-0.266515
0.535631
0.014776
0.222980
0.175187
-0.107154
0.024416
-0.168681
-0.203804
0.019965
0.051236
-0.181053
-0.336710
1.874567
0.293879
0.296029
0.312951
0.523862
-0.002528
-0.165139
0.386669
-0.078086
-0.307263
-0.490543
-0.318118
-0.565031
-0.604747
-0.634824
-0.438823
-0.586477
-0.565376
-0.470595
-0.543582
-0.621975
-0.322348
-0.544708
-0.587560
-0.493322
-0.348732
-0.388404
0.089454
-0.492281
-0.604040
-0.407662
-0.339472
-0.336907
-0.429838
-0.140865
-0.412773
-0.463997
-0.158907
0.125271
-0.075725
0.249203
0.523251
0.485764
1.195646
1.956589
2.134271
1.001162
0.547477
0.116053
0.063669
-0.484543
-0.523587
-0.574843
-0.569032
-0.385909
-0.422956
-0.523959
-0.348325
-0.334539
-0.472146
-0.405616
-0.319029
-0.576552
-0.398194
-0.339674
-0.449766
-0.327400
-0.385741
-0.217025
-0.277196
-0.071247
-0.115563
-0.419143
-0.110450
-0.506477
-0.503481
-0.302703
-0.161648
-0.313543
-0.291529
-0.176366
-0.106020
-0.089660
0.066687
0.438011
-0.015890
-0.073484
-0.056545
-0.390009
-0.228640
-0.512035
-0.085132
-0.116030
0.113521
0.695833
0.027488
0.355547
0.275989
0.381243
0.494049
0.613321
0.272467
0.473858
0.058843
0.617142
0.334498
0.158678
0.591726
-0.054366
0.249184
-0.053755
0.385226
0.308304
0.289276
0.175186
-0.215034
0.161473
-0.097815
-0.279992
-0.321956
0.056780
0.254129
-0.244069
0.964417
0.254272
0.727685
-0.028630
0.094360
0.757804
0.168662
0.093471
-0.016052
0.060210
0.003032
0.149807
-0.303793
-0.134955
0.157430
0.097910
-0.080403
0.400528
0.263033
0.349157
0.221332
0.051134
0.130419
0.108159
0.517614
0.600711
0.174271
0.358010
0.014827
0.477670
0.191106
-0.080982
-0.249339
-0.181732
-0.439961
-0.527083
-0.347391
-0.554058
-0.514910
-0.425005
-0.405323
-0.129446
0.315602
-0.108591
-0.347600
-0.334037
-0.396285
-0.191613
-0.487466
-0.072491
-0.354292
-0.308910
-0.165859
-0.288391
-0.329067
-0.148807
-0.319163
-0.399218
-0.507895
-0.229126
-0.297631
-0.355898
-0.363379
-0.382401
-0.137382
-0.137951
-0.034845
-0.314498
0.159388
-0.547503
-0.168379
0.057756
0.510603
-0.330052
-0.373523
-0.489163
-0.388776
-0.560396
-0.513870
-0.668681
-0.600309
-0.606261
-0.516867
-0.423792
-0.582934
-0.533720
-0.309846
-0.598647
-0.583562
-0.494946
-0.267697
-0.127071
-0.587017
-0.483217
-0.472218
-0.293830
-0.587219
-0.473193
0.269201
-0.260344
0.348668
-0.169103
-0.154979
0.072564
-0.126050
0.062457
-0.092920
-0.102936
-0.074384
-0.031798
-0.635819
-0.528505
-0.655084
-0.571345
-0.645620
-0.610451
-0.573974
-0.534517
-0.535543
-0.573918
-0.474185
-0.529973
-0.442207
-0.320836
0.118855
-0.509445
-0.230674
-0.033280
-0.595446
-0.344027
-0.060037
-0.267053
0.063876
-0.164913
-0.054051
0.000761
0.183309
0.091955
0.011890
-0.514239
-0.427650
-0.195324
-0.313640
-0.446153
-0.370043
-0.394005
-0.532579
-0.530360
-0.726158
-0.606647
-0.303016
-0.459998
0.112476
-0.246582
-0.126189
0.220131
-0.141827
0.972832
0.367289
0.235604
0.039631
-0.181770
-0.182432
0.215645
0.107071
-0.005677
0.125294
0.124591
-0.196917
-0.142755
-0.237450
-0.254630
0.238902
0.160335
-0.356783
-0.250905
-0.066421
-0.269431
-0.142027
-0.162547
-0.370411
-0.407531
-0.470262
-0.536754
-0.058896
0.125851
0.690292
0.811919
0.471672
0.649029
-0.215833
0.246323
-0.187210
0.241577
-0.289459
0.775304
-0.501683
-0.317176
-0.101980
-0.355916
-0.251459
-0.455715
-0.118587
-0.087196
-0.221994
-0.362045
0.847078
-0.344959
-0.328832
-0.143490
-0.288341
-0.321834
-0.358530
-0.365887
-0.223046
0.233610
-0.538620
-0.407762
-0.345829
-0.174571
-0.070679
-0.243412
-0.021516
0.071870
0.213640
0.395111
0.129681
0.363825
0.067440
0.719255
0.378296
0.373520
0.155349
-0.110519
-0.238711
-0.308334
-0.454963
-0.084176
-0.554760
-0.347476
-0.226796
-0.407972
-0.433218
-0.239728
-0.090414
-0.269667
-0.507037
-0.341778
-0.305880
-0.464414
-0.524381
-0.431630
-0.542715
-0.571738
-0.652601
-0.537835
-0.254422
-0.385738
-0.411300
0.326830
-0.481979
-0.307356
0.179172
-0.190548
-0.529673
-0.168283
-0.514518
-0.366083
-0.593414
-0.440534
-0.271733
-0.591538
-0.506003
-0.544582
-0.584799
-0.432291
-0.674371
-0.558347
-0.535522
-0.407663
-0.521747
-0.350672
-0.616114
-0.578335
-0.466873
-0.462764
-0.294233
0.245641
0.315451
1.119488
0.719254
1.070343
0.988870
1.136266
1.673740
1.114919
0.999971
1.402947
1.367316
1.300421
1.924646
1.566590
2.665950
2.890817
1.879812
1.905693
1.568055
1.899676
0.340153
0.078190
-0.244932
-0.562783
-0.359211
-0.373785
-0.401695
-0.272157
-0.602806
-0.231467
-0.217973
-0.404097
-0.124696
-0.566086
0.213415
-0.290766
-0.386408
-0.289161
-0.445453
-0.297357
-0.281804
-0.174362
-0.336667
0.008176
0.130465
-0.009369
-0.186305
0.137040
-0.095847
0.350700
-0.414979
-0.144329
0.438592
0.114507
0.667309
0.231895
0.375518
0.573791
1.039629
1.060359
0.316674
0.346344
1.108097
0.456221
0.777830
-0.100393
0.146063
0.083288
-0.237771
-0.170550
-0.049691
-0.252416
-0.016004
-0.461733
-0.482630
0.201766
-0.399731
-0.352845
0.130791
-0.453058
-0.490602
-0.451442
-0.548032
-0.305266
-0.290515
-0.512927
-0.456938
-0.499117
-0.516855
-0.587379
-0.084511
-0.215166
-0.296026
-0.381925
-0.171027
-0.244251
-0.120037
-0.389320
-0.368925
-0.083965
-0.482312
-0.074339
-0.380187
-0.218339
-0.242751
-0.576480
-0.576073
-0.537481
-0.375062
-0.434153
-0.501187
-0.538201
-0.272334
-0.436832
-0.391997
-0.486345
-0.100241
-0.102640
-0.326852
-0.416386
-0.272407
-0.241255
-0.377899
-0.496573
-0.366474
-0.408068
-0.470512
-0.391244
-0.656962
-0.424081
-0.421160
-0.092779
-0.614355
-0.147120
-0.405467
-0.428290
-0.379942
-0.532317
-0.338016
-0.608911
-0.464579
-0.306835
-0.477409
-0.212270
-0.111961
-0.367932
-0.060169
-0.371813
-0.458956
-0.243387
-0.097921
0.041739
-0.278355
-0.202052
-0.268370
-0.149561
-0.556197
-0.651826
-0.618380
-0.504343
-0.558960
-0.483122
-0.713880
-0.527024
-0.509242
-0.746620
-0.641910
-0.720289
-0.626621
-0.641234
-0.419228
-0.622556
-0.356420
-0.239088
-0.306834
-0.565882
-0.211025
0.077950
-0.118212
0.097504
0.265313
0.285419
0.240071
-0.089588
-0.131630
0.036979
-0.073508
-0.291027
-0.253379
0.010156
0.082446
-0.386267
-0.287784
-0.397548
-0.039786
0.149337
-0.268599
-0.178908
-0.177045
-0.340941
-0.040050
-0.426207
-0.432954
-0.603926
-0.542497
-0.335480
-0.443325
-0.583703
-0.595725
-0.486798
-0.528134
-0.243809
-0.202612
-0.568640
1.253351
-0.125103
0.857909
0.625019
0.158590
-0.338168
-0.480100
-0.189409
-0.339933
-0.314961
0.313540
-0.134901
0.071681
-0.007859
-0.115068
0.872152
-0.199989
-0.026449
0.090999
0.292438
-0.004921
-0.390767
0.220801
0.235763
0.235630
-0.050566
0.181403
0.110630
0.334598
0.191426
-0.127229
-0.125365
0.143476
0.377623
0.162839
-0.128150
0.184511
-0.217493
-0.204162
-0.234387
-0.216371
0.798281
-0.415697
-0.256366
0.341376
-0.327098
-0.324856
-0.461696
-0.390498
-0.511246
-0.337719
-0.395646
-0.058020
-0.504917
-0.298146
-0.359617
-0.225828
-0.164335
-0.221557
-0.418533
-0.341025
-0.147959
-0.185507
-0.440916
-0.025570
0.166810
0.300991
0.798388
1.053689
0.848789
0.719233
0.624784
0.378770
0.731677
-0.251262
-0.120353
-0.155174
-0.338046
0.154286
-0.292801
-0.040084
-0.439500
-0.115072
-0.456512
-0.567259
-0.435960
0.211016
-0.425641
-0.467572
-0.456316
-0.401913
-0.506348
-0.210325
-0.023200
-0.343478
-0.228647
-0.389307
-0.309319
-0.355915
-0.297768
-0.517193
-0.394008
-0.065735
-0.562452
-0.328330
-0.407435
-0.291118
-0.117900
-0.148043
0.141402
0.113908
0.317600
0.001023
0.154749
0.686982
-0.312922
-0.222145
-0.373445
0.088213
-0.650759
-0.556646
0.162524
-0.207221
-0.393371
-0.526770
-0.389498
-0.569293
-0.562077
-0.574870
-0.475597
-0.581308
-0.627112
-0.609995
-0.705057
-0.219667
-0.656971
-0.588152
-0.656697
-0.502450
-0.574255
-0.525632
-0.655874
-0.432902
-0.553291
-0.453375
-0.513877
-0.445449
-0.457040
-0.476648
-0.545585
-0.408479
-0.588158
-0.617864
-0.629947
-0.697351
-0.569549
-0.598955
-0.554600
-0.593077
-0.492754
-0.308094
-0.556566
-0.451925
-0.405627
-0.358138
-0.564098
-0.589165
0.312988
-0.472520
-0.057652
-0.232829
0.197863
-0.359433
-0.415317
-0.426201
-0.466245
-0.567107
-0.467443
-0.532016
-0.532076
-0.627298
-0.641412
-0.557218
-0.665544
-0.601803
-0.386307
1.641384
-0.027075
0.681307
0.649908
0.792189
0.419253
0.280468
0.069652
-0.004020
0.273915
-0.071625
0.038814
0.261229
0.548804
0.902241
0.341401
0.438342
0.337088
0.388639
0.894626
1.094459
0.756539
0.208961
0.583438
1.949179
0.301448
0.575095
1.166517
0.121748
0.051824
0.678705
0.196243
-0.002307
0.136357
0.326438
-0.126712
-0.290539
-0.527897
-0.126762
-0.480786
-0.629793
-0.395518
-0.576024
-0.295247
-0.548475
-0.533052
-0.477292
-0.470387
-0.530916
-0.596604
-0.515584
-0.355102
-0.460875
-0.595558
-0.473475
-0.531096
-0.383740
-0.526938
-0.597273
-0.616396
-0.518024
-0.577436
-0.453175
-0.485580
-0.144060
-0.434785
-0.503234
-0.023910
-0.577467
-0.354167
-0.399860
-0.451467
-0.363271
-0.358081
-0.395359
-0.267872
-0.495049
-0.511209
-0.214118
-0.129699
-0.072017
0.341725
0.204325
2.908041
0.537491
0.252947
0.656138
0.312186
0.034867
0.516943
0.343697
0.253454
2.022588
-0.209365
-0.403629
-0.274737
-0.477563
-0.219002
-0.580168
-0.566766
-0.464712
-0.415176
0.334751
0.221573
-0.012217
0.026180
0.235919
-0.173686
0.028733
-0.044273
0.577743
-0.012221
-0.331165
-0.376130
-0.359294
-0.567347
-0.656138
-0.629396
0.354563
-0.451000
-0.603078
-0.644038
-0.571852
-0.703297
-0.408870
-0.313053
-0.075013
0.038246
-0.138141
0.340946
0.120782
-0.048271
0.244084
0.120589
-0.041438
-0.167937
-0.441225
0.038519
-0.345536
-0.418863
-0.197030
0.354778
0.387141
0.028663
0.155327
0.027436
-0.286229
0.042589
-0.274416
0.832308
-0.637539
-0.671494
-0.603818
-0.452193
0.065801
-0.623120
-0.373389
0.440725
-0.169167
-0.497883
-0.110496
-0.380747
0.731515
-0.321185
-0.399743
-0.084060
-0.507646
-0.643254
-0.383347
-0.608400
-0.486946
-0.520404
-0.252860
-0.514923
-0.561773
-0.338425
-0.133103
1.135724
0.175897
1.402411
1.364874
1.819145
3.952041
3.014828
2.890556
3.044605
2.638766
3.655747
3.647075
1.781959
2.822291
2.230768
1.565791
1.148717
4.568038
2.458517
2.940899
2.632845
2.208808
3.428958
3.145658
1.330217
1.126728
0.515024
0.596495
1.463108
0.233259
0.524777
1.052850
-0.167934
-0.194569
0.068857
-0.034916
0.102531
0.622506
-0.339751
-0.326681
-0.384367
-0.157422
-0.441221
-0.422673
-0.507835
-0.408907
-0.491139
-0.541463
-0.527294
-0.375149
-0.344803
-0.461164
0.157146
-0.280390
-0.265915
-0.237943
-0.042153
0.098955
-0.281451
-0.381320
-0.233384
-0.305564
-0.137368
-0.187207
-0.153477
-0.482566
-0.195333
-0.289288
-0.413644
-0.191167
-0.106729
-0.161407
0.029901
-0.429266
-0.199762
0.049961
-0.024479
-0.428940
-0.176066
-0.121170
0.396308
-0.239738
-0.568891
-0.442066
-0.474877
-0.435545
-0.152027
-0.407127
-0.364759
-0.459123
-0.370689
-0.219818
-0.397446
-0.146742
-0.409798
-0.605848
-0.481318
-0.484652
-0.298913
-0.232415
-0.403466
-0.416543
-0.358678
-0.402166
-0.299519
-0.414808
-0.188489
-0.651147
-0.587010
-0.456644
-0.554761
-0.569996
-0.551564
-0.521601
-0.468434
-0.263478
-0.337485
-0.264629
-0.346521
-0.236617
0.358375
-0.332094
0.172115
0.198850
-0.370489
-0.401607
-0.384679
-0.248833
-0.518605
-0.310444
-0.401233
0.168328
-0.192545
0.282750
-0.033330
-0.388623
-0.378823
0.190721
-0.474952
-0.156277
-0.324816
-0.479044
-0.456270
-0.475381
-0.447435
-0.547764
-0.683524
-0.525934
-0.513379
-0.605272
-0.638819
-0.751293
-0.690601
-0.698276
-0.632818
-0.619416
-0.541050
-0.500287
-0.709342
-0.588679
-0.555776
-0.563701
-0.448555
0.108006
-0.488082
-0.606658
-0.565958
-0.616846
-0.687104
-0.214540
-0.266039
-0.145238
-0.484771
-0.129663
-0.556811
-0.590026
-0.358717
-0.198599
-0.655809
-0.535372
-0.413180
-0.481706
-0.233183
-0.376791
-0.298092
-0.386941
-0.504216
-0.568739
-0.177363
-0.213271
-0.475745
-0.504193
-0.096944
-0.493873
-0.666512
-0.641310
-0.396250
-0.657507
-0.671434
-0.426973
-0.513612
-0.203068
-0.266603
0.494296
-0.087179
-0.109096
0.733227
-0.153951
0.107190
2.045545
-0.136867
-0.198524
-0.068270
0.586616
0.230578
-0.065631
0.108358
0.079061
-0.184042
0.341758
0.002393
-0.043134
0.001174
-0.129601
-0.380494
-0.311912
-0.499430
-0.548848
-0.370877
-0.231858
-0.577262
-0.518055
0.025311
-0.045823
-0.354003
7.258079
-0.305442
-0.166367
-0.064753
-0.126075
0.420460
0.544884
-0.045024
0.183434
1.619574
0.429005
0.687189
-0.030799
0.508200
0.880246
0.541042
0.672104
0.893926
0.596397
0.829540
0.647250
0.269156
0.195036
0.491343
0.740404
1.572482
1.084796
1.131991
0.328421
-0.177333
2.341944
0.103244
-0.030043
-0.097006
-0.239549
2.269766
-0.451077
-0.294353
-0.342680
-0.435348
-0.426889
-0.167494
-0.465812
-0.320307
-0.238100
-0.505096
-0.121873
-0.469034
-0.252303
-0.285746
-0.001059
-0.425814
-0.484280
-0.149807
-0.470325
-0.132403
-0.458601
-0.538832
-0.599813
-0.316784
-0.613442
-0.320673
-0.577408
-0.623040
-0.616822
-0.607306
-0.472779
-0.430216
-0.487052
-0.474150
-0.486466
-0.275081
-0.361381
-0.423391
-0.087637
0.010993
0.216240
-0.090358
-0.071251
-0.307094
0.702215
0.023465
0.108179
-0.381411
-0.233123
-0.498292
-0.291787
-0.535870
-0.424078
0.011043
-0.466910
-0.476626
-0.303445
0.396184
-0.034275
0.338854
-0.236001
-0.054803
0.403915
0.550389
0.410715
1.386824
0.039247
0.058327
0.029427
-0.506542
-0.659367
-0.482301
-0.691462
-0.748439
-0.398073
-0.555148
-0.531564
-0.491831
-0.290225
-0.390363
-0.426918
0.051822
-0.343315
-0.323917
-0.319677
-0.284651
-0.490992
-0.611108
-0.567906
-0.478449
-0.305679
-0.365288
-0.241830
-0.579537
-0.551155
-0.579578
-0.231551
-0.526576
-0.659862
-0.313801
-0.413604
-0.489975
-0.426713
-0.431822
-0.368394
-0.367680
-0.464622
-0.531175
-0.260391
-0.169549
0.672403
0.523983
0.173026
0.039025
0.216785
0.446404
0.501341
2.784379
1.352514
1.666402
0.555384
1.254332
1.886319
1.915472
0.765255
1.754808
0.265970
0.512018
0.312180
0.349760
-0.088948
0.218462
0.051438
-0.302963
0.293320
-0.319334
-0.069831
-0.185650
-0.237822
-0.403336
-0.275970
-0.221072
-0.372740
-0.414699
-0.281696
-0.310018
-0.346138
-0.649220
-0.646806
-0.516197
-0.615353
-0.625097
-0.669178
-0.640257
-0.467322
-0.490927
-0.571274
-0.330740
-0.297799
-0.233150
-0.152140
-0.140593
-0.172237
-0.157924
-0.215437
-0.286526
-0.437891
-0.136077
-0.226021
-0.200186
-0.395223
0.044774
0.021522
-0.175945
-0.330164
-0.435867
-0.030617
-0.111558
-0.391660
-0.307974
0.174177
-0.362065
-0.578580
-0.452774
-0.299139
0.990185
-0.049664
0.295460
-0.269295
0.453429
0.001943
0.615266
-0.029664
-0.156183
-0.355235
-0.096436
-0.107979
-0.148010
-0.175651
0.050007
-0.441910
0.073479
0.383313
-0.263130
-0.306864
-0.262759
-0.127075
-0.259538
-0.328525
-0.186069
-0.076965
0.101171
0.120589
-0.054253
-0.161581
-0.311507
-0.450618
-0.285738
-0.282566
-0.497043
-0.267393
-0.402888
-0.389961
-0.556178
-0.398622
-0.569873
-0.596129
-0.561698
-0.590590
-0.563652
-0.212244
-0.510381
-0.627982
-0.490117
-0.362701
-0.497889
-0.559879
-0.607974
-0.357034
-0.464303
-0.528032
-0.336499
-0.193733
-0.188163
-0.219615
0.019881
0.403897
-0.455103
-0.456781
0.328682
-0.404741
-0.294135
-0.681279
-0.240357
-0.175689
-0.311702
0.056326
-0.256773
-0.516021
-0.415462
-0.091679
-0.374189
0.051647
0.073992
-0.387364
-0.005397
-0.539807
-0.535914
-0.688140
-0.706584
-0.499494
-0.440230
-0.751744
-0.732295
-0.473348
-0.542499
-0.616925
-0.462594
-0.337258
-0.405759
-0.363982
-0.462210
-0.413773
-0.290263
-0.116712
-0.158872
0.057026
0.480830
-0.231281
0.832908
0.078097
0.118177
-0.085380
0.139024
0.114089
0.282390
0.799328
0.238925
0.306088
0.445680
1.081526
0.548887
0.668992
0.814243
0.535784
2.541845
0.981098
0.367807
0.338245
0.244992
0.364503
0.356997
0.298626
-0.024356
-0.103847
0.014722
0.174475
-0.029661
0.441111
0.475852
-0.053312
-0.479172
0.764759
-0.233626
-0.398442
-0.400674
-0.399777
0.220970
-0.496318
-0.360958
-0.577328
-0.406867
-0.402836
-0.447594
-0.604599
-0.564892
-0.370025
-0.530594
-0.500446
-0.625386
-0.548052
-0.491319
-0.539188
-0.678399
-0.474830
-0.546659
-0.347799
-0.273752
-0.287931
-0.333675
0.223863
-0.546068
0.152553
-0.561049
-0.508325
-0.555852
-0.476042
-0.478156
-0.492114
-0.538708
0.015471
-0.096775
-0.340555
0.177242
-0.454244
-0.294183
-0.265123
-0.162209
0.036174
-0.196955
0.093026
-0.280192
-0.410973
-0.464195
-0.488203
-0.584182
-0.280168
-0.426110
-0.359019
-0.472023
-0.428886
-0.575851
-0.415373
-0.367678
-0.420945
-0.553882
-0.531847
-0.620408
-0.499196
-0.569554
-0.428781
-0.519995
-0.242466
-0.167907
-0.102991
-0.285377
-0.054001
-0.248706
-0.298243
0.816824
-0.078261
0.590672
1.679849
0.002218
0.830122
0.009863
-0.493948
-0.476990
-0.329699
-0.422992
-0.353044
-0.233981
-0.524271
-0.209978
-0.123332
0.211438
-0.236505
0.262787
-0.075107
0.341047
-0.336153
0.006483
0.089062
-0.568266
-0.370939
-0.583307
-0.631127
0.391711
0.746014
0.515875
1.213205
1.118871
0.580692
0.954138
1.114571
2.252811
0.276166
4.729077
1.308906
0.252341
0.135079
-0.386717
-0.566257
-0.711895
-0.619352
-0.719818
-0.585112
-0.439053
-0.497395
-0.379476
-0.427353
-0.277454
-0.498772
-0.481257
-0.270358
-0.278182
-0.468332
-0.504713
-0.475334
-0.399587
-0.584424
-0.548619
-0.379258
-0.194929
-0.472034
0.232705
-0.023733
-0.011827
-0.079843
-0.290229
0.851917
0.130999
-0.056551
-0.361578
-0.424513
-0.298728
-0.559336
-0.649219
-0.629306
-0.405975
-0.278896
-0.088340
0.549691
1.836870
1.781200
1.026331
1.913497
0.759976
0.867665
1.284887
1.714723
1.031533
0.082758
0.655346
0.794293
0.470192
0.910507
0.403993
0.012116
0.101929
0.022815
-0.498749
-0.386566
-0.213819
-0.198906
-0.564084
-0.261982
-0.299593
-0.472952
-0.349272
-0.154066
-0.253248
-0.159113
0.021745
0.031253
-0.223385
-0.073601
-0.149036
-0.195255
0.151462
-0.341975
0.058326
-0.480665
-0.295898
-0.653611
-0.373524
-0.554329
-0.349244
-0.440857
0.136624
-0.107150
-0.219727
-0.347149
-0.405644
-0.580426
-0.333684
-0.429793
-0.465542
-0.347351
-0.408584
-0.514796
-0.488479
-0.320151
-0.442798
-0.358233
-0.581240
-0.538706
-0.418434
-0.413289
-0.458876
-0.132645
-0.151154
0.119238
0.054770
-0.284896
-0.007700
0.371249
1.002129
0.481822
2.577311
1.064720
1.775052
0.301983
1.782925
1.210531
1.310950
1.206446
1.015673
0.295379
-0.282281
-0.367498
0.951947
0.803835
0.414683
0.902826
0.906788
0.140905
0.290471
0.482093
-0.025989
1.353427
4.382573
0.347799
1.125585
0.270550
0.740332
0.433852
-0.008704
-0.249747
-0.086152
0.005419
0.162605
0.153633
0.185823
-0.689112
-0.568316
-0.200061
-0.462514
-0.292698
-0.418099
-0.037915
-0.091996
-0.197689
-0.011756
0.203020
-0.251860
-0.317840
0.617831
-0.083663
-0.412352
-0.328871
-0.219571
-0.110558
-0.317179
0.026929
0.233362
0.205338
0.190129
0.447884
0.614899
-0.308765
0.043947
-0.508410
-0.542927
-0.661104
-0.573204
0.033001
-0.307291
-0.282582
0.165828
-0.059923
-0.044809
0.712196
0.495728
1.495834
1.464836
0.629138
1.348336
0.418631
0.859816
1.320406
-0.176068
0.258734
0.486414
0.246292
-0.108449
-0.284534
0.039491
0.121221
-0.141090
0.419116
-0.244437
-0.318061
-0.091603
0.461958
0.179247
-0.189456
0.009479
-0.295920
-0.278303
-0.285364
-0.016395
-0.572492
-0.410708
0.587095
0.785205
2.121319
2.480765
1.443091
1.648006
0.718522
2.916492
0.529660
0.083232
0.188883
0.117981
0.786849
0.885631
0.331813
0.899276
0.062793
0.107449
0.393133
-0.068133
-0.191645
-0.190674
-0.495506
-0.511704
-0.125497
-0.309037
-0.205983
-0.482778
-0.360884
-0.514025
-0.439639
-0.380762
-0.286574
-0.487842
-0.373375
-0.350713
-0.075676
-0.448144
0.012537
-0.382448
-0.426894
0.004215
-0.421773
-0.385275
-0.435299
-0.578894
-0.417725
-0.439199
-0.454217
-0.403592
-0.572439
-0.619430
-0.426514
-0.295220
-0.418858
-0.391536
-0.402278
-0.398497
-0.228838
-0.403501
-0.529889
-0.461245
-0.476335
-0.170017
-0.277769
-0.085426
0.077559
0.349190
0.064087
0.425256
0.407103
0.477607
0.127098
0.414086
0.265975
-0.154433
-0.018946
0.187242
0.303334
0.021762
-0.236683
-0.347522
0.061735
-0.510646
-0.541297
-0.280953
-0.331321
-0.291752
-0.263149
-0.388319
-0.009243
-0.488573
0.842254
0.520467
-0.410155
-0.357693
-0.523611
-0.215307
-0.346492
-0.354939
-0.287001
-0.173475
0.191682
-0.098093
-0.429852
-0.016485
-0.458141
-0.340953
-0.249170
-0.268631
0.212276
2.395253
0.255332
1.010551
0.105506
0.544275
0.984795
1.067598
0.088554
0.173395
0.253911
-0.091287
0.736413
-0.581321
-0.783590
-0.654350
-0.696678
-0.687349
-0.728935
-0.627479
-0.723438
-0.796919
-0.720904
-0.776252
-0.452632
-0.698794
-0.662348
-0.741435
-0.760752
-0.500266
-0.521951
-0.341092
-0.440386
-0.309915
-0.051757
-0.204211
-0.318192
-0.423413
-0.523221
-0.402990
-0.408233
-0.685735
-0.560191
-0.642828
-0.721362
-0.697032
-0.673982
-0.685316
-0.608317
-0.662518
-0.612497
-0.623485
-0.581410
-0.565332
-0.488127
-0.318643
-0.343818
-0.472622
-0.504207
-0.353609
-0.493164
-0.366738
-0.439103
-0.478274
-0.431755
-0.415091
-0.640734
-0.581944
-0.435337
-0.493661
-0.531849
-0.550831
-0.507002
-0.399840
0.004053
-0.329959
-0.212701
0.087767
0.880675
0.422260
1.940961
0.439361
0.133438
0.678865
0.177366
0.246984
0.564933
0.219855
-0.154854
-0.271418
0.000347
0.086865
-0.423877
-0.200319
-0.360875
-0.414556
-0.459483
-0.642776
-0.525724
-0.575248
-0.640276
-0.313276
-0.536528
-0.478171
-0.405197
-0.250554
-0.379317
-0.159959
-0.332405
-0.313531
-0.359394
-0.396937
-0.501557
-0.439970
-0.219806
-0.303900
-0.206378
-0.328601
-0.379081
-0.252208
-0.328324
-0.093109
-0.176655
-0.328876
-0.243847
-0.062615
-0.103588
-0.195511
-0.152316
0.940691
-0.217396
-0.163708
-0.357765
0.129281
-0.175732
-0.384346
-0.431920
-0.441208
-0.225051
-0.264303
-0.295772
-0.335876
-0.306287
-0.407877
0.129184
-0.418796
0.694936
-0.497662
-0.280829
-0.424565
-0.432637
-0.424587
-0.259691
-0.116067
-0.421356
0.472786
0.300426
-0.241948
0.114339
-0.421697
-0.536188
0.072327
-0.424674
-0.321606
-0.513710
-0.640761
-0.441527
-0.345340
-0.087359
-0.066441
-0.078123
0.452719
-0.192451
-0.201198
-0.208128
-0.069058
-0.066910
-0.281530
-0.506128
-0.522368
-0.440187
-0.414475
-0.438087
-0.532379
-0.456178
-0.406478
-0.452356
-0.576223
-0.459139
-0.106933
-0.404658
-0.413859
-0.529485
-0.579173
-0.592888
-0.367363
-0.608663
-0.479081
-0.593767
-0.625693
-0.406997
0.225713
1.876694
0.053223
0.882222
0.900254
1.776760
0.167407
0.395140
0.359720
0.395461
-0.131301
0.074096
-0.238579
-0.336093
-0.495957
-0.279924
-0.444813
0.136283
0.090279
-0.466933
0.011785
-0.245115
-0.036626
-0.228665
0.095232
0.266302
-0.287982
-0.518284
-0.434980
-0.225445
-0.534003
-0.607341
-0.266774
-0.207631
-0.657771
-0.385589
-0.476666
-0.330190
0.207441
-0.253176
-0.438702
-0.500377
-0.196089
-0.191807
-0.226027
-0.319759
-0.459634
-0.499682
-0.471020
-0.075935
-0.486571
-0.368455
-0.097469
-0.062600
0.757688
0.701929
0.188487
0.534835
1.575763
1.387925
0.394099
0.982495
-0.208390
0.169431
0.268781
1.814135
0.646410
0.416308
0.277628
-0.164864
0.618006
0.068159
-0.033513
-0.032598
2.168504
0.362545
-0.321726
-0.290973
-0.345915
-0.141563
-0.361664
-0.433326
-0.378566
-0.392712
0.089130
-0.170841
-0.290364
0.170472
-0.143818
0.377272
-0.205166
1.681554
0.371196
0.204404
0.228734
0.114166
0.096300
0.999094
0.783120
0.466296
0.617980
0.622999
1.008479
0.877060
1.596200
1.157648
1.187063
0.514955
1.439772
0.768708
0.994351
1.170593
1.572463
1.648250
0.617209
-0.078099
-0.125611
0.135074
-0.136786
0.090390
-0.264402
-0.499725
-0.367387
-0.580489
-0.364555
-0.517757
-0.497942
-0.453075
-0.458785
0.119433
-0.123291
-0.094756
-0.429790
-0.277086
-0.352082
-0.493668
-0.295972
-0.399386
-0.205007
0.159901
0.159936
-0.305284
-0.245812
-0.098936
-0.221738
-0.131350
0.128336
0.193521
0.572649
0.158336
0.269326
-0.343381
-0.362647
-0.394398
-0.600305
-0.325206
-0.407864
-0.383551
-0.348935
-0.437761
-0.320108
0.119547
-0.319672
-0.263738
0.464002
-0.171359
-0.515293
0.196055
-0.090861
-0.402185
-0.188207
-0.365638
-0.322657
-0.039524
-0.174132
-0.020894
-0.172042
-0.073393
0.692898
-0.114216
-0.061746
-0.015190
-0.090389
-0.218811
-0.262075
-0.482704
-0.107591
0.575592
0.954663
0.434497
0.553639
-0.280601
0.224526
-0.347907
-0.407020
-0.310285
-0.424118
-0.018699
-0.057997
-0.082930
-0.436058
-0.560706
-0.554696
-0.400144
-0.509569
-0.386173
-0.504882
-0.621160
-0.397822
-0.573354
-0.657249
-0.693908
-0.753614
-0.617221
-0.570837
0.026268
-0.667412
-0.493170
-0.505525
-0.569522
-0.535050
-0.394607
-0.669507
-0.355175
-0.488302
-0.096353
-0.208546
-0.489274
-0.395944
-0.313635
-0.333859
-0.307183
-0.475335
-0.585510
-0.578517
-0.702013
-0.577136
-0.182123
-0.291490
0.813640
-0.388098
-0.130005
-0.048328
-0.193616
0.845050
0.184179
0.256925
0.204089
0.124147
1.487052
0.109635
3.198223
0.904040
4.150228
1.441385
0.938377
0.366650
0.376552
0.644669
0.971652
0.589260
0.768471
-0.191243
-0.052350
0.254746
-0.250075
0.173455
0.131888
-0.010010
-0.511684
-0.489935
-0.435509
-0.367620
-0.159437
-0.178261
-0.045792
-0.174036
-0.107961
0.196134
0.972530
0.609520
0.530360
1.129649
1.068663
0.850804
1.213061
1.356566
1.293169
1.218339
1.455603
1.783310
0.975549
2.644784
2.660646
2.100483
1.623521
1.400582
1.839201
1.216309
0.941679
1.343703
2.314486
0.332311
0.743198
2.813557
0.125432
0.147927
-0.449456
0.041497
0.217339
0.476415
-0.455027
-0.139754
0.225601
-0.198850
-0.333119
0.946013
-0.559285
-0.411272
-0.396487
-0.237002
-0.294590
-0.274070
0.230588
0.284717
-0.137059
-0.280231
0.093805
-0.007477
0.405762
0.748243
-0.160890
0.003083
-0.262377
0.063347
-0.256793
-0.300859
-0.346759
-0.437537
-0.110968
-0.572705
-0.649241
-0.543196
-0.619530
-0.655889
-0.065781
-0.573810
-0.628019
-0.613506
-0.538907
-0.548287
-0.327501
-0.386939
0.277873
0.265141
1.115899
1.676000
0.541451
0.515573
1.415133
0.763008
1.703986
1.204854
1.451994
0.808374
0.133346
0.336444
-0.386203
-0.307118
-0.464140
0.219423
-0.415836
-0.166436
-0.472917
-0.608342
-0.452377
-0.585477
-0.245514
-0.632897
-0.530029
-0.471064
-0.472662
-0.294111
-0.288683
-0.428414
-0.496877
-0.498573
-0.516219
-0.539258
-0.366111
-0.470330
-0.370570
-0.428653
-0.432793
-0.652250
-0.539674
-0.296111
-0.328082
-0.268094
0.087619
0.135509
0.127957
-0.353982
0.018164
0.102438
-0.033627
-0.157604
0.084683
-0.017953
-0.260304
-0.366591
0.240099
0.262799
0.288379
-0.317906
0.202101
0.264425
0.398695
-0.012113
-0.139823
-0.133458
-0.017770
1.010112
0.243130
0.613266
0.294429
0.444211
0.252851
0.130947
0.340145
0.731570
2.355361
0.010384
0.035387
0.018188
0.113274
0.146473
-0.016687
-0.195702
0.223582
0.371542
0.071154
0.269893
0.054727
-0.217662
0.380619
-0.096640
-0.249848
-0.388831
-0.435905
-0.414557
-0.349203
-0.267786
-0.442522
-0.352940
-0.421948
-0.558970
-0.609428
-0.467777
-0.494132
-0.437302
-0.434390
-0.247098
-0.524823
0.337798
-0.112776
-0.093016
-0.439727
-0.329433
-0.369052
-0.174259
-0.478228
-0.524222
-0.522180
-0.191033
-0.503001
-0.592356
-0.629939
-0.409910
-0.473515
-0.237120
-0.288118
-0.282774
-0.369686
-0.151460
0.087507
-0.471206
-0.297606
-0.397393
-0.362358
-0.045375
0.063989
-0.144988
-0.225020
-0.376981
-0.401303
-0.463881
-0.502186
-0.297123
-0.258121
-0.385961
-0.381001
-0.242035
-0.406699
-0.349997
-0.360694
-0.292916
-0.301225
-0.479462
-0.376019
-0.431718
-0.380243
-0.530834
-0.691905
-0.589640
-0.593399
-0.641607
-0.637948
-0.681120
-0.490411
-0.630137
-0.553168
-0.598739
-0.635671
-0.504371
-0.542076
-0.635494
-0.717000
-0.598348
0.272122
-0.342015
-0.087843
-0.510857
0.164647
-0.174035
-0.392681
0.419267
-0.049519
-0.045666
0.053395
0.786897
0.370122
0.705745
-0.188818
-0.298006
-0.372999
-0.397646
-0.437601
-0.485220
-0.766788
-0.721570
-0.342465
-0.023575
-0.511688
-0.191632
-0.166566
0.742649
0.126591
0.375839
0.053553
0.030203
1.988317
0.518395
0.210748
-0.309186
-0.117964
-0.392322
-0.373433
-0.565308
-0.484817
-0.636198
-0.660932
-0.547839
-0.679934
-0.576751
-0.638678
-0.556771
-0.262353
-0.340550
-0.298120
0.326310
-0.135991
-0.442414
-0.358789
-0.304221
-0.308669
0.000515
-0.245661
0.061940
0.163194
-0.574283
-0.636923
-0.658326
-0.696096
-0.090438
-0.275303
-0.249800
-0.575018
-0.007606
-0.235388
-0.410553
-0.594704
-0.410400
-0.420635
-0.501911
0.015823
-0.525019
-0.079961
-0.153373
-0.239702
0.022377
0.240445
0.015079
0.390325
0.550874
0.464455
1.023194
-0.019258
-0.053236
0.639408
0.592348
0.128732
0.248487
-0.121738
0.158999
0.017438
-0.180395
-0.183594
-0.352654
-0.068766
-0.100013
0.398981
0.024278
-0.188736
0.527826
-0.466728
0.003125
-0.278995
0.043189
-0.307400
-0.624925
-0.486137
-0.661691
-0.596086
-0.570740
-0.515993
-0.454939
-0.505009
-0.592482
-0.597571
-0.634314
-0.442526
-0.413862
-0.555422
-0.623428
-0.323014
-0.418000
-0.209963
-0.282956
-0.434460
-0.460001
-0.544251
-0.133882
-0.527090
-0.510378
-0.355079
-0.508271
-0.555605
-0.384785
-0.627484
-0.680371
-0.502171
-0.347805
-0.543622
-0.448349
-0.551161
-0.127941
-0.348065
-0.415072
-0.257640
-0.469249
-0.227969
-0.356846
-0.347934
-0.362760
-0.115968
0.292848
-0.203046
-0.164993
-0.208705
-0.183336
-0.140060
0.208782
1.969982
0.136048
-0.277832
0.121754
0.427841
-0.162574
0.248459
0.671579
0.697632
-0.163465
0.111095
0.265390
0.356927
-0.033477
-0.522135
-0.368227
-0.598548
-0.605816
-0.719419
-0.654426
-0.626619
-0.618219
-0.699388
-0.184444
-0.434314
-0.336168
0.496531
-0.269046
0.945855
0.249078
0.020524
-0.375222
-0.407375
-0.103084
0.535498
-0.119265
0.339966
0.392926
-0.402157
2.037702
-0.535168
-0.546123
-0.071638
-0.147762
-0.411618
-0.442548
-0.223963
-0.277948
-0.144687
0.663494
-0.379311
-0.421656
-0.121258
-0.556697
-0.345501
-0.578125
-0.622532
-0.678619
-0.603614
-0.767243
-0.295708
-0.580847
-0.741756
-0.478509
-0.478007
-0.345998
-0.548205
-0.465295
-0.672500
-0.064290
-0.617433
-0.616625
-0.647326
-0.600099
-0.611079
-0.652538
-0.562119
-0.325353
0.031423
-0.369154
-0.220773
-0.378051
-0.261608
-0.353097
-0.191895
-0.056128
-0.058120
-0.223310
-0.449445
-0.464661
-0.392919
-0.409242
-0.287980
-0.401836
-0.422346
-0.080444
-0.172544
-0.055313
-0.143318
0.666227
0.143606
0.110505
2.512903
0.243610
0.245690
0.292284
-0.088633
0.130882
0.185065
0.408678
0.300482
0.447723
0.046038
-0.145409
-0.068796
-0.234458
0.016420
-0.312667
-0.523560
0.022581
-0.637734
-0.585906
-0.618107
-0.603985
-0.572389
-0.718924
-0.696932
-0.622914
-0.389701
-0.554717
-0.606089
-0.610638
-0.658521
-0.642224
-0.573103
-0.649052
-0.591514
-0.491074
-0.347672
-0.544580
-0.601483
-0.352240
-0.475926
-0.459540
-0.468058
-0.524584
-0.512253
-0.427152
0.444876
-0.517970
-0.358320
-0.054852
-0.510945
-0.052719
-0.479577
-0.338092
-0.517084
-0.582976
-0.594918
-0.489465
-0.637664
-0.456546
-0.280630
-0.396562
-0.230623
-0.285596
-0.454441
-0.724438
-0.405718
-0.588476
-0.571785
-0.420737
-0.423763
-0.178340
-0.447998
-0.206099
0.068393
-0.059424
0.755408
0.652273
0.248845
1.039511
0.488322
0.020723
0.880421
-0.068086
0.037599
0.033414
0.584252
-0.257872
-0.060077
-0.080671
-0.359799
-0.607783
-0.599746
-0.497926
-0.463194
-0.331166
-0.262489
-0.519363
0.325880
-0.057273
0.044368
-0.107322
-0.260580
0.309335
-0.197356
-0.380509
-0.491295
-0.407665
-0.570430
-0.575538
-0.381820
0.256979
-0.374629
-0.515898
-0.193233
-0.422420
-0.587484
-0.550416
-0.462344
-0.416228
-0.017145
1.271607
0.651529
0.645115
0.765695
1.292073
1.751638
0.312121
0.533017
1.512737
2.117783
0.323685
0.443256
-0.070136
-0.450645
0.214265
-0.150252
-0.426807
-0.446430
-0.518513
-0.635274
-0.625773
-0.639455
-0.494988
-0.342557
-0.292264
-0.412318
-0.533805
-0.545998
-0.432070
-0.526975
-0.327106
-0.462584
-0.173787
-0.039697
-0.023641
-0.094274
0.293101
-0.247766
-0.194845
-0.069457
0.053951
-0.183838
-0.360083
-0.305424
-0.111670
-0.185853
-0.010600
-0.005692
-0.262135
0.054097
-0.340555
-0.414980
-0.176187
0.030501
0.200621
0.061525
-0.118083
0.556763
0.046098
0.792961
0.224221
3.042493
0.473024
0.204236
0.061930
0.287272
0.584606
1.068745
0.168363
0.768627
0.204290
0.100125
0.272842
-0.149485
0.054327
0.102748
-0.069015
-0.439876
-0.420692
-0.332909
-0.607384
-0.523152
-0.661618
-0.527105
-0.025588
-0.503321
-0.182762
-0.652219
-0.465829
-0.523542
-0.618857
-0.272205
-0.337938
-0.303987
-0.178652
-0.294756
0.071094
-0.211840
-0.346556
-0.036402
-0.065741
-0.300728
-0.145738
-0.073787
-0.165335
-0.026183
-0.024453
0.226737
0.011940
0.144776
0.035221
0.792235
-0.367021
-0.429289
-0.206205
-0.231925
-0.106368
-0.463355
-0.461874
-0.252915
-0.478410
0.164158
-0.411455
-0.217103
-0.263656
0.190073
-0.273892
-0.469104
-0.586292
-0.228477
-0.378666
-0.393864
-0.577317
-0.242052
-0.321203
-0.505995
-0.363345
-0.084669
-0.537848
-0.311154
-0.552327
2.262880
-0.463742
-0.362330
-0.561731
-0.327972
-0.500961
-0.485352
-0.576417
-0.488248
-0.563803
-0.709602
-0.454934
0.054399
-0.314603
-0.134366
-0.400313
-0.315553
0.120569
-0.435619
-0.299194
0.389754
-0.151883
-0.269143
0.190776
-0.247925
-0.170815
-0.306680
-0.402639
-0.150754
-0.417016
-0.439138
-0.467157
-0.276616
-0.317796
-0.403550
0.722235
0.229308
-0.397870
-0.445039
-0.371593
-0.660463
-0.077710
-0.107120
-0.440234
0.014749
-0.147199
-0.252938
-0.339570
0.049422
-0.178672
0.124977
0.847020
-0.117949
-0.280182
0.102909
0.070216
0.338496
-0.109677
-0.128397
-0.279283
-0.461616
-0.417132
-0.149269
-0.161826
-0.382945
-0.473369
-0.175833
-0.165030
-0.430945
-0.259716
-0.422590
-0.375361
-0.255164
-0.445584
-0.552911
-0.138429
0.117255
0.385922
-0.041280
1.391924
0.066942
5.161609
0.460923
0.746535
0.627111
0.292664
0.189981
1.053079
0.043630
0.163871
-0.360907
0.305260
0.125784
-0.260035
0.081917
-0.356287
0.050990
-0.314672
-0.206879
-0.314490
0.291309
0.172451
1.332323
1.783960
-0.204939
0.082193
0.067513
0.622281
0.172783
0.340069
0.173429
-0.003780
0.581736
0.782704
-0.061203
0.448730
4.373137
0.061818
0.130453
0.758797
0.186063
-0.105720
0.077529
-0.414842
-0.221518
-0.286643
-0.008893
-0.249344
-0.215570
-0.076116
0.053758
0.388790
0.310996
0.975322
0.720447
0.996686
4.429044
3.246080
3.171700
6.593318
3.304543
3.831214
3.058555
1.986784
2.426488
3.053801
2.893027
2.161311
1.843565
1.414420
5.022494
3.839424
3.007959
2.604918
2.351924
3.393900
1.944714
1.171033
0.434476
-0.062183
-0.164229
-0.279756
0.067419
-0.065177
-0.417104
-0.396690
-0.513579
-0.070919
-0.504365
-0.325303
-0.580686
-0.433403
-0.085925
-0.169399
-0.380776
-0.379970
-0.033883
-0.475899
-0.495996
-0.210539
-0.013610
-0.249919
0.329844
-0.277284
-0.518683
-0.475575
-0.327501
-0.223040
-0.310749
-0.497907
-0.396432
-0.360612
-0.403862
-0.210740
-0.279677
-0.180211
0.059480
1.350123
1.730059
0.848987
1.561302
0.225595
0.468217
0.661421
0.123671
0.109692
0.460806
0.024196
-0.047315
-0.152710
-0.404319
-0.429379
-0.362268
-0.292107
-0.481662
-0.597666
-0.595164
-0.616274
-0.243537
-0.460706
-0.698618
-0.538801
-0.428852
-0.254266
-0.483323
-0.047125
-0.201689
-0.303218
-0.153917
-0.446002
-0.245218
-0.059904
-0.107175
-0.232189
0.277115
-0.254262
-0.566099
-0.425329
-0.565985
-0.488473
-0.323002
-0.468395
-0.342123
-0.437889
-0.334455
-0.312597
-0.209718
-0.136167
-0.276487
-0.198611
-0.103719
-0.109055
0.882518
-0.179014
-0.078883
-0.381761
-0.256809
0.013576
-0.274028
-0.524128
-0.179495
-0.030770
-0.085221
-0.104189
-0.341142
-0.344055
-0.733292
-0.433078
-0.572501
-0.583608
-0.355749
-0.575243
-0.534291
-0.517203
-0.668679
-0.457941
-0.461627
-0.700558
-0.673592
-0.533917
-0.283375
-0.322495
-0.338695
-0.143820
0.029483
0.407410
0.228831
-0.078569
0.685071
1.574227
1.732432
0.467314
0.441210
1.488049
0.632932
1.065687
1.480241
1.032308
0.520631
0.043203
4.816604
0.778896
1.373256
0.623774
0.348022
1.380237
-0.301127
-0.391969
0.264757
-0.560365
-0.370271
-0.510828
-0.504103
-0.591581
-0.600943
-0.429400
-0.158460
-0.210286
-0.204762
-0.316869
-0.132720
-0.115739
-0.173416
-0.218869
-0.025552
-0.161842
-0.014646
-0.143175
-0.170743
-0.030497
-0.033077
0.329511
0.101448
0.001646
-0.084713
-0.027562
0.248824
0.763067
0.605146
0.079654
0.589721
-0.081728
-0.106307
0.376417
0.373049
0.046582
-0.182549
2.643897
0.184235
0.284404
-0.048719
0.018176
-0.163269
0.458874
0.525452
0.250985
-0.014638
0.405078
0.171668
0.231159
-0.068031
-0.303141
-0.518275
-0.245116
-0.499769
-0.054397
-0.268961
-0.360083
-0.428247
0.186627
0.104796
-0.069844
0.107962
0.023646
-0.162419
0.367137
-0.165308
-0.066162
0.382137
-0.185839
0.412528
-0.237159
-0.508468
-0.089663
-0.490887
0.090501
-0.060414
1.551308
-0.324132
-0.289357
-0.192582
-0.286258
-0.036010
-0.476725
-0.452518
-0.420983
-0.423994
-0.596505
-0.530048
-0.500934
-0.217089
-0.020683
0.275861
0.046920
0.425911
0.296233
0.344658
0.331799
-0.003568
0.031045
0.851480
0.810778
-0.100117
0.083217
0.189342
-0.268941
0.347065
-0.185798
0.170305
0.329816
0.259170
-0.332716
-0.078823
-0.372094
-0.357698
-0.412445
-0.036077
-0.430288
-0.497523
-0.206697
-0.555661
-0.509269
-0.623805
-0.606789
-0.674090
-0.582476
-0.673289
-0.502958
-0.700273
-0.759193
-0.662125
-0.626255
-0.584073
-0.520105
-0.412977
-0.546779
-0.559312
-0.347557
-0.277332
-0.223002
-0.306534
-0.143574
-0.162720
0.553567
0.126573
0.296015
-0.068642
-0.462406
-0.226781
-0.338894
0.223382
-0.188658
-0.519805
-0.555777
-0.600082
-0.155545
-0.213289
-0.206568
-0.191899
-0.452594
-0.275926
0.045469
-0.212451
-0.201270
0.372935
0.070072
0.189273
-0.090885
-0.082007
-0.256611
1.973233
0.189302
0.289692
-0.000617
-0.407262
0.010798
-0.239711
-0.071910
-0.431893
-0.348343
-0.074302
-0.460390
-0.467007
-0.451944
-0.346504
-0.677354
-0.591543
-0.642959
-0.346630
-0.597098
-0.050199
-0.556900
-0.519240
-0.390460
-0.478974
-0.600040
-0.491416
-0.477363
-0.107713
-0.269330
-0.550429
-0.349519
-0.317487
-0.223439
-0.347900
-0.129065
-0.169328
-0.347572
-0.398300
-0.346901
-0.394690
-0.219012
-0.437663
-0.374955
-0.114041
0.013050
-0.352649
-0.314522
-0.125262
-0.154830
-0.420124
-0.185695
0.146291
-0.228639
0.347571
-0.227273
0.244220
0.073825
-0.188404
-0.160733
-0.483729
-0.267757
0.093854
0.046302
0.287824
1.336297
0.123813
1.234157
0.400916
1.478863
0.124802
2.294426
1.136357
0.561667
1.134878
0.245727
1.276208
0.176676
0.719939
1.051749
1.281506
0.775997
0.773685
0.573404
0.885974
1.397105
-0.019350
-0.092402
0.567750
0.596685
0.020278
-0.033814
-0.286671
-0.168755
0.167295
0.341213
0.578993
-0.367276
-0.296036
0.429419
-0.540781
-0.170156
0.467038
-0.382780
-0.278297
-0.241588
-0.184037
-0.417154
-0.436203
-0.294847
0.027986
-0.362518
-0.218501
-0.283578
-0.449881
-0.536455
-0.550516
-0.258202
-0.139546
-0.421239
0.005283
-0.299854
-0.325609
-0.027155
-0.390991
-0.337986
0.598644
-0.013325
-0.175592
-0.169205
-0.489821
-0.507786
0.724142
-0.483539
-0.286763
-0.379567
-0.292372
-0.548877
0.353072
-0.277988
-0.548923
-0.256324
-0.461902
-0.458528
-0.305528
-0.115703
-0.342788
-0.297542
-0.172539
-0.398346
-0.302587
-0.337685
-0.003951
0.134826
2.262175
0.886275
0.062408
0.946880
1.024469
0.700589
0.661677
1.731582
1.973716
1.810101
1.329628
1.288307
2.139426
1.644737
1.347418
1.324085
1.123524
1.896984
2.235719
1.339725
1.683217
1.541458
0.797921
0.541534
0.187366
0.181278
0.399482
0.881029
0.075413
0.748982
0.211092
-0.117825
0.046910
-0.281373
-0.299503
0.314113
-0.346783
-0.194748
-0.046694
-0.296782
0.179383
-0.482733
-0.373522
-0.538120
-0.457365
-0.616311
-0.544095
-0.580841
-0.318965
-0.595299
-0.372985
-0.440209
-0.172323
-0.497829
-0.254894
-0.295528
-0.397914
-0.234891
-0.259110
-0.424082
-0.187293
-0.353669
-0.517020
-0.406769
-0.470433
-0.508628
-0.131804
-0.129663
-0.022067
-0.292039
0.126916
0.135572
-0.477367
0.157629
-0.331878
-0.110039
-0.428389
0.098906
-0.140237
0.080062
-0.117814
-0.019386
-0.284803
-0.339554
-0.073531
-0.181424
-0.073643
0.052446
-0.320895
-0.023457
-0.169129
-0.154702
0.023980
-0.289403
0.331922
0.471919
-0.033706
-0.318444
-0.514783
-0.470106
-0.526820
-0.376516
-0.352665
-0.304563
-0.403973
-0.376583
-0.158374
-0.262063
-0.363022
-0.284772
-0.299535
0.465107
-0.437615
-0.276591
-0.402489
-0.558916
-0.384604
-0.559698
-0.601514
-0.710368
-0.732002
-0.761567
-0.345312
-0.597785
-0.700852
-0.391696
-0.484005
-0.327118
-0.246516
-0.164823
-0.015075
-0.313996
-0.004028
-0.500195
-0.127864
-0.205339
-0.349679
-0.295480
-0.600663
-0.286133
-0.676345
-0.495654
-0.644233
-0.534686
-0.344908
-0.666700
-0.285479
-0.495411
-0.190006
-0.683110
-0.847830
-0.726274
-0.719231
-0.736540
-0.447583
-0.630901
-0.682736
-0.652210
-0.526306
-0.661871
-0.719376
-0.499229
-0.721379
-0.654196
-0.590247
-0.607016
-0.562735
0.570585
-0.142777
0.745780
1.471560
2.798157
3.424289
5.212126
1.385638
1.173716
0.979765
1.479657
1.012961
0.572306
0.809583
1.450402
2.126313
2.218338
1.820995
1.919630
2.331991
1.606460
3.564673
1.343502
1.737438
1.270247
1.165479
1.341127
0.957558
3.759269
1.135895
1.111893
0.628717
1.080914
0.913759
0.615802
0.769487
1.136105
0.715015
0.252131
0.460093
0.384174
2.554430
2.264710
0.899472
0.353496
2.670186
2.854140
2.983664
1.484831
3.077158
5.185160
4.640923
1.813358
3.977765
5.495876
4.143380
3.552199
1.992534
2.910406
2.448323
2.690347
0.883051
2.698424
1.682695
1.839195
2.330549
1.704023
2.285723
0.668948
0.550334
0.884993
1.369863
1.026810
0.675010
2.164856
0.725231
0.242772
0.749458
0.167511
0.214945
0.171965
0.152273
0.514391
0.458567
0.567232
0.115095
0.098765
-0.006546
0.104103
0.140465
-0.007907
0.289327
0.225196
-0.112785
-0.087670
-0.252922
-0.288120
-0.370493
-0.511476
-0.195745
-0.383380
-0.298588
-0.516528
-0.116479
-0.284874
0.167510
-0.297077
0.036763
-0.409696
-0.423047
-0.331049
-0.269420
-0.473458
-0.501163
-0.393759
-0.337716
-0.550404
0.281722
0.297960
-0.333536
-0.517795
-0.350786
-0.089448
-0.293613
-0.331731
0.086275
0.418380
0.955323
1.964759
4.196010
6.182008
4.379843
5.394503
3.669211
4.793221
3.856486
6.360243
3.451721
18.706025
5.321878
7.993362
5.382861
4.104407
4.265503
6.231187
5.548525
2.272051
2.726102
3.660058
3.882640
1.576953
0.735075
2.303988
1.986829
-0.306589
-0.155683
-0.418863
-0.658333
-0.571491
-0.548659
-0.568262
-0.520954
-0.564361
-0.610592
-0.664891
-0.411636
-0.521120
-0.572865
-0.351970
-0.565476
-0.555726
-0.521084
-0.532053
-0.484382
-0.694882
-0.559971
-0.533987
-0.526877
-0.496643
-0.676274
-0.563471
-0.412889
-0.575500
-0.347424
-0.624518
-0.510192
-0.471228
-0.317452
-0.265235
-0.353114
-0.500819
0.243667
-0.196224
-0.276204
0.053067
0.441827
-0.454101
0.311810
-0.088931
-0.150107
-0.240380
-0.266727
0.017784
-0.036097
-0.254140
-0.155698
-0.300922
-0.387735
-0.663328
-0.178597
-0.424982
-0.244703
-0.568590
-0.253297
-0.019968
-0.421990
-0.154845
0.390231
3.750036
3.837810
1.320764
2.468519
0.137075
0.833053
3.973919
2.248415
0.331295
1.622688
0.023581
0.637193
-0.218021
-0.324518
0.228063
-0.035590
-0.587188
-0.475042
-0.289944
-0.271519
-0.349314
-0.397736
-0.510117
-0.539952
-0.647678
-0.419925
-0.322366
-0.531149
-0.553518
-0.581504
-0.539429
-0.434355
-0.370793
-0.379472
-0.477618
-0.566351
-0.658919
-0.412328
-0.521959
-0.442024
-0.458129
-0.290023
-0.215977
-0.372168
-0.317277
-0.431033
-0.359572
-0.419375
-0.509634
-0.446647
-0.483310
-0.299755
0.023380
-0.430069
-0.482441
-0.480223
-0.040450
-0.116025
0.048084
-0.281380
-0.009300
-0.085964
-0.314832
-0.313391
-0.603161
-0.076463
-0.400914
-0.496514
-0.397045
-0.309194
-0.386822
-0.239235
-0.403124
-0.606738
-0.301493
-0.494209
-0.312900
0.045867
-0.402698
-0.317202
-0.467416
-0.501219
-0.385653
-0.438678
-0.452981
-0.529158
-0.394097
-0.400458
-0.455749
-0.553158
-0.425850
-0.191124
-0.598465
-0.655915
-0.649946
-0.526191
-0.514185
-0.502186
-0.531466
-0.537996
-0.360729
-0.450400
-0.395499
-0.442010
-0.122125
-0.273062
-0.301569
-0.166779
-0.397920
-0.467422
-0.268012
-0.215968
-0.247464
0.153412
0.225237
0.807302
0.472288
0.495051
1.601917
-0.220459
0.247509
0.845719
-0.264310
-0.213812
0.118758
-0.008028
-0.081225
-0.607210
-0.628712
-0.283801
-0.621125
-0.395084
-0.377149
-0.303514
-0.449060
-0.609796
-0.670713
-0.695927
-0.521694
-0.092093
-0.286971
-0.459860
-0.335119
0.110335
-0.547066
-0.103913
-0.565554
-0.274573
-0.464254
-0.495349
-0.552042
-0.582487
-0.396574
-0.576791
-0.141400
-0.663040
-0.522719
-0.539660
-0.595576
-0.580580
0.453807
0.333386
0.012870
1.698773
0.875969
0.581666
0.744907
0.708402
1.139109
0.091034
0.159756
0.100199
-0.043752
0.341137
-0.130394
0.532346
0.573462
-0.250425
-0.166453
0.133436
0.080351
0.488649
0.396211
-0.107774
0.125073
0.033046
-0.119733
0.378519
0.395341
0.144247
-0.265491
-0.179617
-0.356052
0.089852
-0.061678
-0.338501
-0.040899
-0.049781
-0.333762
-0.047940
-0.264462
-0.447766
-0.177240
-0.459593
-0.631518
-0.606533
-0.584611
-0.595072
-0.512688
-0.563291
-0.464243
-0.524563
-0.349226
-0.364334
-0.277916
-0.136597
-0.342567
0.062450
0.041702
-0.087620
-0.105023
-0.102934
-0.172240
0.041995
-0.150690
-0.323316
-0.080543
0.058717
0.092115
0.458113
0.247630
0.675479
0.319294
0.358985
-0.002828
-0.216300
-0.137841
0.077194
-0.205985
-0.489577
-0.372154
-0.574910
-0.550738
-0.293841
-0.217597
-0.254252
-0.268180
-0.062698
-0.439102
-0.129660
-0.362794
0.089403
-0.051417
0.193600
-0.013536
0.449122
0.328571
0.207365
0.235945
0.117249
-0.034789
-0.167339
-0.000144
-0.298595
0.082728
-0.319533
-0.145167
-0.397826
-0.318366
-0.489887
-0.316226
0.325041
0.023449
0.049053
2.210849
0.463024
0.964664
0.795353
2.604941
0.197960
1.364265
0.526753
0.476742
-0.195105
-0.021191
-0.540515
-0.531698
-0.397563
-0.574083
-0.306772
-0.240481
-0.006394
-0.291671
0.048055
0.350434
0.876232
0.215846
0.719616
1.792886
0.240279
0.922487
0.673732
2.332574
3.166732
1.047605
1.590969
0.205126
-0.407995
-0.581929
-0.499465
-0.586476
-0.430871
-0.491924
-0.451999
-0.452999
-0.548067
-0.268088
0.276640
-0.154458
-0.263005
-0.300564
-0.210909
0.789226
0.040120
0.128727
-0.277837
0.511855
-0.401312
-0.122329
0.430253
0.243698
-0.046155
0.817727
-0.212935
-0.048842
0.578934
-0.315550
-0.018554
0.673064
0.371128
-0.113525
-0.209069
-0.389915
-0.268322
0.154381
-0.058290
0.066141
-0.145197
0.133957
1.283043
-0.069897
-0.094603
1.301465
0.213981
0.361558
-0.039276
-0.096755
0.784868
0.221996
-0.431301
0.301113
0.172619
0.599738
0.165252
-0.034235
1.712523
0.236492
0.013861
0.226276
0.209102
0.961054
2.882181
0.720537
0.143345
0.018367
0.385542
-0.106195
0.204317
0.734799
0.050569
0.375518
-0.225776
-0.243399
0.315630
-0.160730
-0.257115
-0.460960
-0.287434
-0.480546
-0.385884
-0.450771
-0.465878
-0.362511
-0.431488
-0.510959
-0.280084
-0.081442
0.159973
-0.042227
1.315576
0.476819
0.272386
0.275706
1.260533
0.558903
0.317375
0.530139
0.395539
0.660372
0.674825
0.439776
0.508216
0.972655
0.383827
0.954501
0.891739
1.602145
0.304126
0.263931
-0.168468
0.249367
0.286025
0.332363
0.188067
0.003970
0.442592
0.461898
0.317186
0.686660
0.021595
0.135812
0.286563
0.728214
0.574870
0.499185
0.257922
0.361362
0.180994
0.687775
1.499186
-0.005309
0.111128
-0.360051
0.593479
-0.355650
-0.387380
0.032943
-0.034854
-0.118840
-0.032190
0.195247
-0.216985
0.600983
0.968309
-0.278532
-0.121864
-0.107510
-0.247321
-0.006953
-0.084616
-0.381579
-0.358989
-0.396205
-0.447175
-0.520245
-0.597714
-0.640327
-0.633677
-0.640860
-0.543200
-0.657984
-0.463161
-0.536612
-0.750376
-0.814432
-0.641987
-0.775749
-0.610661
-0.664854
-0.762742
-0.645552
-0.284205
-0.730160
-0.393307
-0.609495
-0.487061
-0.331344
-0.451990
-0.234200
-0.077678
0.692057
-0.000947
-0.156842
1.082120
-0.088555
0.127373
0.240877
-0.013880
0.351025
1.543391
-0.217158
-0.534064
-0.469209
-0.350095
-0.234293
-0.363045
-0.396937
-0.101569
-0.343771
-0.543126
-0.337155
-0.400083
-0.541704
-0.118571
-0.534385
-0.574531
-0.410984
-0.472773
-0.499779
-0.373648
-0.367100
-0.327477
-0.185868
-0.041762
-0.329563
-0.348802
-0.207384
-0.422006
-0.456023
-0.034437
-0.316087
-0.389633
-0.280958
0.354149
0.561020
0.096062
-0.179594
-0.277907
-0.328617
-0.406930
-0.471890
-0.197479
-0.430466
-0.531092
-0.377642
0.028650
-0.029331
0.024952
-0.164235
0.066672
0.117768
0.226374
0.565499
0.252425
0.046027
0.124306
0.179599
-0.011848
0.745903
-0.077926
0.346106
-0.035217
0.000801
0.164920
-0.114767
-0.312242
-0.283036
0.282323
-0.376694
-0.626637
-0.532844
-0.526258
-0.357247
-0.423887
-0.312028
-0.530157
-0.275880
-0.495528
-0.470710
-0.248790
-0.313308
-0.377153
0.009148
-0.633463
-0.571953
-0.438955
-0.464422
-0.504689
-0.190606
-0.121088
-0.554854
-0.413455
-0.082644
-0.212975
-0.443804
-0.140109
-0.333808
-0.186986
-0.509552
-0.417694
-0.514027
-0.487098
0.097092
-0.459312
-0.540567
-0.335090
-0.539942
-0.291712
-0.559762
-0.550330
-0.038661
-0.073975
-0.077936
-0.504790
-0.158271
0.391761
-0.126138
-0.050439
-0.109873
-0.231173
-0.376236
0.209632
-0.115480
-0.438811
-0.294475
-0.295908
-0.579574
-0.477102
-0.411284
-0.341562
-0.525161
-0.587267
-0.523779
-0.503106
-0.501892
-0.442671
-0.102773
0.075157
0.045101
-0.064874
0.006401
-0.429062
-0.423782
-0.483241
-0.395479
-0.196167
-0.615023
-0.495501
-0.632642
-0.667906
-0.482284
-0.448098
-0.544293
-0.535960
-0.461129
-0.512135
-0.055439
-0.438735
-0.234190
-0.135181
-0.298940
-0.386196
-0.104492
0.104395
0.201312
0.550995
0.526094
-0.077380
0.264280
-0.314657
0.186202
0.312009
-0.216666
0.384156
-0.384167
-0.256316
-0.407767
-0.325240
-0.366658
-0.687813
-0.409939
-0.620487
-0.457529
-0.509288
-0.618564
-0.665034
-0.605762
-0.543134
-0.621510
-0.486057
-0.404621
-0.565866
-0.437707
-0.645956
-0.607898
-0.488242
-0.597910
-0.665576
-0.516379
-0.585617
-0.594068
-0.639836
-0.608953
-0.611589
-0.613624
-0.467953
-0.363024
-0.421731
-0.279555
-0.200846
-0.165422
-0.238988
-0.138227
-0.429397
0.117302
-0.259647
-0.060589
-0.257976
0.615114
-0.643165
-0.417252
-0.418508
-0.226762
-0.172094
0.003730
0.257888
0.060233
0.116189
0.160738
0.293402
1.068195
0.494144
1.100293
-0.063808
0.510355
0.800216
0.202311
-0.076353
0.039171
-0.219193
0.309455
0.148786
0.205071
0.593305
0.148086
-0.297883
-0.063060
-0.267904
-0.417894
-0.167736
-0.314130
-0.458026
-0.406063
-0.529745
-0.440050
-0.314029
-0.597430
-0.079885
-0.586555
-0.101118
-0.384145
-0.549123
-0.290891
-0.429858
-0.425512
-0.415543
-0.522323
-0.169860
-0.065427
-0.082385
-0.366003
-0.530907
-0.491749
-0.414781
-0.364615
-0.438877
-0.182676
-0.435035
-0.570264
-0.407149
-0.490929
-0.416293
-0.569836
-0.497555
-0.479779
-0.512494
-0.471881
-0.636796
-0.578906
-0.436383
-0.412211
-0.413862
-0.265205
-0.432595
-0.176503
-0.466794
0.011940
-0.337412
-0.233270
-0.193667
-0.204100
-0.289481
0.312390
-0.099433
-0.246482
-0.382799
-0.343433
-0.442852
-0.514738
-0.330016
-0.304683
-0.181555
-0.501775
-0.479626
-0.207625
-0.248334
0.030186
-0.011859
0.852455
2.356482
0.627010
0.671790
0.854117
0.806267
1.526352
1.974425
0.287747
-0.003423
0.434341
0.145004
-0.446024
-0.274511
-0.561325
-0.531195
-0.574217
-0.671289
-0.247960
-0.031129
-0.258394
-0.140939
-0.396104
-0.183163
-0.509697
1.139668
-0.224323
-0.334708
0.069683
0.047517
-0.084368
0.119694
-0.373590
0.379796
-0.100092
-0.003912
-0.091666
-0.116952
0.023081
0.095063
0.616449
0.414262
0.669732
0.363918
0.248503
-0.335359
-0.095212
-0.336582
-0.427829
-0.380916
-0.221945
-0.234838
-0.179323
-0.257963
-0.424101
-0.159907
-0.082728
-0.313630
-0.435968
-0.458711
-0.220349
-0.452429
-0.250850
-0.528279
-0.590799
-0.422766
-0.353754
-0.403558
-0.337709
-0.278626
0.008727
-0.097366
0.036251
0.761904
2.025277
1.581126
1.257344
2.652966
0.588100
0.724477
0.394172
0.732860
0.751811
1.408205
-0.268883
1.005418
0.395880
0.087908
-0.156840
-0.134830
0.009263
-0.320524
-0.000981
-0.161498
0.376715
-0.041815
0.073755
-0.007021
0.526997
0.148329
0.126589
0.342630
0.390079
0.443831
0.195921
0.325091
0.213131
0.046272
-0.131854
-0.207065
0.068588
-0.198598
-0.261721
0.546874
-0.525012
0.067107
-0.044946
-0.406968
-0.534782
-0.582593
-0.539110
-0.619232
-0.362316
-0.387499
-0.494467
-0.567439
-0.471435
-0.458165
-0.573746
-0.571625
-0.510745
-0.292169
-0.485930
-0.415832
-0.591178
-0.428289
-0.535270
-0.417778
-0.365540
-0.277861
-0.456646
-0.377373
-0.452129
-0.447428
-0.471088
-0.597512
-0.454763
0.409199
-0.550449
-0.410539
-0.585993
-0.561569
-0.581291
-0.580687
-0.420792
-0.508198
-0.480119
-0.178869
-0.355626
-0.468591
-0.258829
0.877423
-0.268494
0.102919
-0.287482
-0.322513
-0.330989
-0.236801
-0.080683
-0.415677
-0.182604
0.135647
-0.011499
-0.231616
0.089832
-0.188534
-0.235999
-0.441716
-0.379916
-0.355668
-0.391103
-0.449078
-0.283263
-0.401124
-0.346554
-0.066743
-0.566948
-0.464350
-0.539517
-0.646536
-0.395517
-0.381083
0.230973
-0.278316
-0.255481
-0.159735
-0.415373
-0.420508
-0.390326
-0.157752
-0.356433
-0.602392
-0.582686
-0.494880
-0.323276
-0.576074
-0.379087
-0.539551
-0.634864
-0.222645
-0.375350
-0.265632
-0.542468
-0.496794
-0.518959
-0.420991
-0.389577
-0.391331
-0.665870
-0.427798
-0.569336
-0.664445
-0.650341
-0.750306
-0.620599
-0.684745
-0.560197
-0.633650
-0.635319
-0.637181
-0.725424
-0.550335
-0.607779
-0.629308
-0.488326
-0.462963
-0.560150
-0.353944
-0.560936
-0.615046
-0.407749
-0.076797
-0.461121
-0.602222
-0.667592
-0.712545
-0.486977
-0.632393
-0.438667
-0.371735
-0.734272
-0.658194
-0.688310
-0.595430
-0.643814
-0.475950
-0.259495
-0.332815
-0.280000
-0.477207
-0.371392
0.165576
-0.143726
-0.314393
-0.205511
0.303560
0.037989
0.171255
0.256708
-0.040943
0.129148
0.374277
0.359049
0.779875
0.748190
0.133359
2.972624
1.522766
0.856016
1.174063
0.658167
0.787211
1.030799
0.179571
-0.044864
-0.069019
0.075270
0.263732
-0.066198
0.492825
-0.090796
-0.298571
0.015155
-0.280745
-0.402035
-0.102817
-0.503717
-0.324862
-0.635925
-0.462067
-0.339424
-0.597037
-0.506181
-0.373904
-0.599559
-0.584936
-0.597881
-0.678068
-0.165886
-0.697044
-0.378913
-0.635647
-0.602994
-0.626482
-0.544490
-0.587476
-0.560385
-0.504738
-0.558612
-0.574190
-0.395398
-0.325689
-0.194196
-0.321921
-0.212437
-0.226485
-0.200702
-0.424151
-0.366985
-0.208381
-0.500114
-0.336467
-0.053221
-0.465522
-0.581811
-0.377256
-0.327551
-0.457876
-0.517710
-0.484625
-0.286505
-0.396100
-0.244508
-0.401020
-0.187836
0.499370
-0.540495
0.026771
-0.146153
-0.490197
-0.429633
-0.277181
-0.432371
-0.203473
-0.290542
-0.235444
0.287329
-0.351075
-0.311106
-0.479150
-0.399512
-0.411995
-0.468507
-0.080179
-0.211245
-0.482511
-0.259823
-0.470746
-0.051383
-0.478867
-0.545000
-0.607693
-0.128193
-0.375572
-0.299232
-0.390098
0.076670
0.322577
-0.232351
0.446416
0.016226
0.145219
0.187743
-0.300779
0.019901
-0.234666
-0.418737
0.101012
-0.271173
-0.462666
-0.609321
-0.652559
-0.546705
-0.582655
-0.637950
-0.670973
-0.328967
-0.700112
-0.641746
-0.659470
-0.322493
-0.451658
-0.399913
-0.527505
-0.475785
-0.645954
-0.717947
-0.590605
-0.595865
-0.633273
-0.803485
-0.608223
-0.705454
-0.610573
-0.620500
-0.587083
-0.517712
-0.603723
-0.415716
-0.432052
-0.448253
-0.563845
-0.429035
-0.395320
-0.335384
-0.710197
-0.634476
-0.499620
-0.335221
-0.483481
-0.311083
-0.622908
-0.605344
-0.491181
-0.731456
-0.571818
-0.671644
-0.470181
-0.382950
-0.502454
-0.352512
-0.351107
-0.393699
-0.294035
-0.469384
-0.262217
-0.415717
-0.560170
-0.489260
-0.526623
-0.396434
-0.360306
-0.313610
-0.315476
-0.117231
-0.288213
-0.135164
-0.100887
0.905627
-0.191931
-0.001412
0.254471
0.043725
0.253928
-0.090460
-0.073410
0.036861
0.306054
0.426499
0.245198
0.061301
0.226652
-0.405550
0.042840
-0.294957
-0.341533
-0.468270
-0.619363
-0.499103
-0.501425
-0.520513
-0.443549
-0.165110
-0.465169
-0.568528
-0.278049
0.031313
-0.201801
-0.094368
0.148828
0.474960
0.169776
-0.353861
-0.386172
-0.446680
0.653790
-0.251769
-0.383058
-0.374766
-0.372575
-0.367820
-0.352435
-0.036426
-0.163880
-0.048581
-0.315719
-0.073497
-0.369255
-0.064702
-0.364692
-0.071847
-0.313080
-0.350717
-0.409935
-0.050287
-0.352330
-0.183753
-0.479150
-0.394245
-0.596594
-0.585137
-0.497947
-0.363042
-0.355843
-0.556217
0.320454
-0.259435
-0.416644
-0.390991
-0.229549
-0.195642
-0.481554
-0.303026
-0.242722
-0.245966
-0.294814
-0.300914
-0.466025
-0.256100
-0.581278
-0.391965
-0.309857
-0.472443
-0.619550
-0.567950
-0.511528
-0.617379
-0.531716
-0.517443
-0.659479
-0.340339
-0.347704
-0.524018
-0.620398
-0.561723
-0.613617
-0.649586
-0.601085
-0.582589
-0.633115
-0.611698
-0.619712
-0.650913
-0.571393
-0.499039
-0.521253
-0.154861
-0.155009
-0.265683
-0.386427
-0.474888
-0.068085
-0.180116
-0.089110
-0.087497
-0.159795
-0.066919
-0.368135
-0.575970
-0.619893
-0.388288
-0.682978
-0.363576
-0.649490
-0.473790
-0.395506
-0.496698
-0.357934
-0.430507
-0.169683
-0.618658
-0.499429
-0.479902
-0.613198
-0.541516
-0.643290
-0.690626
-0.631802
-0.607790
-0.738138
-0.561538
-0.705622
-0.496742
-0.527287
-0.680043
-0.329885
-0.268165
-0.309508
-0.241423
-0.571358
-0.297751
-0.396305
-0.344595
-0.415538
-0.581344
-0.555940
-0.586245
-0.682161
-0.495673
-0.482322
-0.552664
-0.557567
-0.654212
-0.359109
-0.470101
-0.502510
-0.401162
1.081350
0.326128
0.207839
0.956079
1.235783
1.314856
0.919456
0.456371
0.112333
1.242961
1.229078
0.552752
0.284152
0.236819
0.765782
0.696141
1.537430
0.715407
0.909211
0.882419
0.531447
1.770263
0.234534
1.543528
6.115199
4.027953
2.898483
8.407675
3.737308
1.941271
1.386650
2.962337
1.007090
1.744229
1.293343
2.354768
1.102113
2.590202
1.279112
0.968813
0.356624
0.645714
-0.412262
-0.374880
-0.377325
-0.494779
-0.250431
-0.258555
0.787027
0.813733
0.455710
1.074711
5.497764
3.341966
3.718720
3.268899
2.348986
4.051664
4.582043
2.896079
5.838997
10.105101
9.454493
4.212355
3.719287
5.821945
2.829475
4.947786
6.135179
9.292532
8.821241
6.203405
3.694865
4.556838
3.004879
2.318316
2.744857
3.557493
1.237402
0.306783
0.427672
0.356583
-0.512933
-0.504282
-0.440202
-0.430464
-0.261958
-0.064428
0.504618
-0.167639
0.048520
0.187260
1.658450
0.396455
0.790569
0.755584
0.227084
0.405723
0.611219
1.044635
