-1.154593
-1.154593
-1.154593
-1.154593
-1.154593
-1.154593
-1.154593
-1.154593
-1.154593
-1.154593
-1.154593
-1.154593
-1.154593
-1.154593
-0.257964
-0.185865
-0.369826
0.264874
0.558089
0.066921
0.141252
0.127925
-0.343004
0.615281
0.070439
0.243343
-0.020541
0.052916
0.104233
-0.044739
-0.137478
0.027548
0.182094
0.192050
0.853125
1.568230
0.953261
0.077467
0.632237
0.433128
0.213316
0.192642
-0.147396
-0.043862
-0.235663
-0.424014
-0.256780
-0.208409
0.503076
-0.317299
-0.333055
-0.392597
-0.483095
-0.591310
-0.546866
-0.533474
-0.508470
-0.310869
-0.560507
-0.482247
-0.377359
-0.053240
-0.192243
-0.205039
-0.370605
-0.475034
-0.201903
-0.327268
-0.042939
-0.390076
-0.107689
0.247027
-0.345761
-0.429604
-0.389384
-0.219285
-0.433782
-0.302863
-0.364452
-0.331977
-0.035197
-0.261442
-0.183233
-0.348417
-0.540617
-0.543067
-0.566735
-0.611441
-0.697617
-0.693003
-0.726011
-0.686901
-0.718094
-0.791861
-0.669506
-0.800164
-0.746561
-0.741035
-0.687356
-0.619091
-0.673398
-0.462577
-0.272065
-0.016011
-0.087877
0.183220
0.114103
0.026094
-0.090053
0.062672
1.384307
0.045251
-0.392818
-0.301553
-0.345614
-0.227446
-0.402649
-0.186544
-0.201482
-0.268980
-0.106387
-0.118564
0.756099
0.269570
0.896765
0.571407
-0.186731
0.344724
0.192769
0.201878
0.789640
0.981274
2.055590
0.480933
0.789316
1.231445
1.219667
1.607899
0.232071
0.383215
0.740969
0.623923
-0.036727
-0.042369
-0.169272
-0.471200
-0.049816
-0.566926
-0.529267
-0.573587
-0.405403
-0.537591
-0.447572
-0.589738
-0.568717
-0.392591
-0.254096
-0.422446
-0.014991
-0.406368
-0.287280
-0.239039
0.576825
1.193449
1.781928
1.687562
5.924320
2.766759
3.037105
5.322241
4.067819
3.596840
2.717427
3.424382
1.857564
3.387028
3.044860
3.477571
2.879055
2.138372
2.122555
1.695114
2.325512
2.423788
2.294391
0.867025
0.591360
1.422330
0.221468
0.757996
1.061603
0.354195
-0.088818
-0.192499
0.042444
-0.438977
-0.181925
-0.369419
-0.578862
-0.508020
-0.476430
-0.481335
-0.142647
-0.679283
-0.644044
-0.527939
-0.576394
-0.533245
-0.668705
-0.739765
-0.701114
-0.689538
-0.629996
-0.629548
-0.735904
-0.504911
-0.447356
-0.331270
-0.476555
-0.387837
-0.095406
-0.266868
-0.432650
-0.503283
-0.382563
-0.539806
-0.470192
-0.407744
-0.011864
-0.424074
-0.381377
-0.103400
-0.392001
-0.373571
-0.363919
-0.402636
-0.220935
-0.129469
-0.370702
-0.522203
-0.507456
-0.202303
-0.130962
-0.192759
0.046855
-0.121974
0.008675
-0.018004
0.125686
-0.110706
0.061524
-0.413121
-0.495762
-0.300321
-0.679827
-0.694032
-0.641985
-0.511858
-0.253134
-0.643236
-0.668791
-0.381015
-0.708008
-0.644066
-0.572544
-0.649867
-0.491445
-0.683685
-0.459180
-0.703729
-0.645817
-0.523747
-0.717830
-0.634223
-0.479264
-0.601811
-0.208974
0.230158
0.253268
0.102252
0.307838
0.216500
0.456290
0.497448
0.296409
0.439050
0.398452
0.144342
0.329253
0.347401
0.014009
-0.074687
0.017100
0.029707
0.067754
0.794149
-0.164146
-0.138906
-0.471073
-0.273908
-0.339262
-0.475079
0.018450
-0.487358
-0.424315
-0.522744
-0.228285
-0.390501
-0.415189
-0.402348
-0.373232
-0.448496
-0.425779
-0.323106
-0.322332
-0.475254
-0.361009
-0.167858
-0.222362
-0.245934
-0.295673
-0.293413
-0.423777
-0.453296
-0.362716
-0.338831
-0.428838
-0.054327
0.202950
-0.427853
0.012011
-0.308659
-0.253139
-0.365218
-0.173806
-0.188359
-0.412460
-0.373812
-0.285968
-0.200515
-0.058735
-0.289801
0.040327
0.626010
0.404391
0.499066
-0.063563
-0.222451
0.622372
0.464561
0.034442
-0.172668
0.103881
-0.089933
-0.003706
-0.010994
0.040447
-0.342201
0.002674
-0.252170
0.112001
0.098182
-0.112175
-0.399972
-0.483607
-0.391947
-0.546285
-0.560091
-0.631933
-0.597933
-0.578571
-0.362922
-0.510450
-0.411813
-0.271419
-0.453578
0.162910
0.674513
-0.090858
0.004290
-0.134786
-0.017733
-0.369923
-0.358607
-0.491136
-0.618834
-0.478170
-0.679827
-0.307131
-0.550122
-0.642879
-0.555651
-0.411696
-0.586377
-0.348583
0.036771
-0.454994
-0.460699
-0.587264
-0.351385
-0.453622
0.073686
0.223747
-0.119472
0.398540
-0.128156
0.052923
0.385932
-0.313833
-0.325265
-0.470820
-0.409877
-0.408819
-0.465624
-0.265488
-0.389592
-0.487194
-0.405106
-0.382936
-0.277188
-0.321956
-0.140929
-0.277359
-0.365362
-0.382263
-0.252516
-0.336380
-0.385252
-0.477693
-0.015886
-0.029619
0.257771
0.233549
-0.237243
0.013924
0.002273
-0.039631
0.202563
0.196341
1.308966
-0.034818
0.266218
0.047606
-0.100261
-0.002733
-0.128109
0.403297
-0.157647
-0.336750
0.013785
-0.022073
-0.093333
-0.320490
0.179797
-0.361920
-0.492038
-0.432219
-0.648329
-0.692197
-0.739782
-0.678505
-0.472241
-0.650170
-0.589391
-0.625069
-0.403266
-0.303463
-0.429478
-0.478450
-0.481677
-0.588597
-0.662185
-0.621644
-0.608182
-0.498901
-0.629400
-0.684614
-0.646231
-0.560174
-0.577113
-0.570771
-0.541018
-0.457530
-0.446373
-0.418651
-0.169966
-0.192322
-0.005933
0.098976
0.981289
0.855904
1.179177
0.627677
2.682058
0.483773
6.782872
3.402580
2.962175
1.376634
0.267211
0.611576
-0.388277
-0.395956
-0.404198
-0.361824
-0.365911
-0.142641
0.575117
-0.155238
-0.048785
0.164246
0.108268
0.498770
0.133854
0.252650
0.020441
-0.164172
-0.179783
0.188333
-0.338770
-0.234955
-0.174058
-0.421558
-0.307436
-0.231195
-0.242204
0.317216
-0.288458
-0.368419
0.036326
-0.056732
-0.192392
-0.401604
-0.466761
0.052156
0.011200
-0.123247
0.182144
-0.146016
-0.051651
-0.460884
-0.506356
-0.545877
-0.571804
-0.512568
-0.412941
-0.150360
-0.061950
-0.366576
-0.283101
-0.456779
-0.474411
-0.464001
-0.456877
-0.358565
-0.342551
-0.506735
-0.439652
-0.129238
-0.301726
-0.131932
0.183945
-0.237906
-0.267183
-0.238721
-0.237038
0.171247
-0.179285
-0.107916
0.333907
0.339540
-0.184266
0.523380
0.106608
-0.281897
-0.208024
-0.123083
-0.404895
-0.145960
-0.267963
-0.188352
0.300761
0.483409
1.748702
0.221227
-0.070759
0.175595
0.663020
0.662537
1.049751
0.173593
-0.015030
-0.047164
-0.080348
0.096642
0.234409
0.167812
-0.046355
-0.286916
-0.080494
-0.168635
-0.184454
-0.074721
-0.130496
0.512175
0.731485
0.289668
-0.108259
0.737003
0.122991
-0.086331
0.099614
-0.301965
-0.424477
-0.476659
-0.490981
-0.418413
-0.395358
-0.593384
-0.616068
-0.610570
-0.517151
-0.404555
-0.448009
-0.422805
-0.566697
-0.502755
-0.539970
-0.482734
-0.497075
-0.531794
-0.612621
-0.280838
-0.517815
-0.016292
-0.176354
-0.093416
-0.124736
-0.262081
-0.198307
-0.174916
-0.284506
0.057304
0.016689
-0.126418
0.522077
0.051693
0.390010
0.715351
0.791724
0.151626
0.603474
-0.323986
-0.302300
-0.162999
-0.241515
0.048640
0.112417
-0.296326
-0.257353
0.517589
0.555263
0.257516
0.429280
-0.047450
0.013280
0.939148
0.344304
0.073129
-0.011779
0.286115
-0.001415
-0.344171
-0.438497
-0.631767
-0.584782
-0.364617
-0.446994
-0.530658
-0.419659
0.108290
-0.311522
-0.029442
-0.119992
-0.400922
-0.517879
-0.370467
-0.106420
-0.488090
-0.375461
-0.361237
-0.349622
-0.428379
-0.416651
-0.477336
-0.656706
-0.427005
-0.283704
-0.368673
-0.366814
-0.399014
-0.354940
0.356060
-0.396903
-0.231059
-0.169492
-0.325048
-0.214650
-0.390839
-0.196907
-0.633025
-0.221026
-0.341776
-0.416683
-0.301322
-0.444136
-0.597659
-0.362468
-0.456295
-0.587470
-0.288518
-0.382546
-0.265635
-0.198980
-0.378044
-0.177216
-0.371757
-0.412115
-0.500981
-0.526287
-0.024568
-0.053965
0.426798
1.440261
0.924848
0.489256
0.475526
0.720198
0.963292
0.563561
1.032373
0.126455
0.440664
0.461071
1.084864
0.159539
0.118343
0.156726
0.703508
0.151940
0.425641
-0.306598
0.183702
-0.359941
-0.274204
0.273758
-0.418266
-0.314879
0.028580
-0.123573
0.037169
-0.451745
-0.433991
-0.409182
-0.467437
-0.240058
-0.147263
-0.463667
-0.143073
-0.020959
-0.326765
-0.163964
-0.420134
-0.128003
-0.299341
-0.345902
-0.307584
-0.308640
-0.322379
-0.478873
-0.442078
-0.429941
-0.171488
-0.184539
0.305648
0.001514
-0.039683
0.005585
-0.173262
0.025092
-0.154985
-0.163953
-0.311619
-0.475703
-0.390888
-0.240646
-0.061489
-0.039969
-0.029641
0.785317
0.993228
0.764861
0.428848
-0.303484
1.208973
0.597085
-0.004543
0.108791
-0.198305
0.075949
-0.062568
0.119736
-0.371894
0.495172
-0.248241
-0.291605
-0.377887
-0.262032
-0.530955
-0.307296
-0.288339
-0.282246
-0.231044
-0.540981
-0.366976
-0.508515
-0.524422
-0.564391
-0.480394
-0.564927
-0.192913
-0.403043
-0.433661
-0.303151
0.501125
-0.264546
-0.372911
0.039793
-0.202225
-0.642320
-0.581092
-0.486601
-0.587220
-0.485083
-0.576278
-0.711742
-0.639823
-0.432709
-0.537573
-0.340220
-0.426822
-0.376931
-0.002349
-0.293173
-0.074785
0.097054
0.276632
0.254558
-0.244342
-0.272187
-0.413576
-0.408475
-0.181424
-0.611280
0.007685
-0.033148
-0.089209
-0.318679
0.488691
-0.102032
-0.104886
0.385882
0.089879
0.052007
-0.294405
-0.040151
0.385150
0.051034
0.254804
-0.071698
-0.188392
0.368057
0.025854
0.703957
0.561521
0.571561
0.580080
0.198885
0.328171
0.430664
0.424110
0.488265
0.583869
0.102972
0.314953
-0.214947
-0.064773
0.199032
0.296655
-0.148416
0.238921
-0.259577
0.198393
0.060892
-0.114205
-0.125864
-0.316342
-0.486045
-0.417669
-0.475346
-0.316661
-0.452126
-0.356966
-0.366087
-0.231667
-0.100672
-0.222482
0.275338
-0.063173
0.245201
-0.163194
0.444949
1.127696
1.269916
1.448836
0.921502
0.790816
1.054918
1.068979
0.699155
0.545810
-0.033717
-0.076769
0.256843
-0.089318
-0.098155
0.061593
-0.022426
-0.156686
-0.337089
-0.208505
-0.363326
-0.369926
-0.118054
-0.166578
-0.131669
0.363881
0.013039
0.303143
-0.267456
-0.303965
0.342770
4.635923
-0.225683
-0.110315
-0.362228
-0.475312
-0.427293
-0.427097
-0.554545
-0.512910
-0.766254
-0.556106
-0.508528
-0.747797
-0.752840
-0.686153
-0.717386
-0.667774
-0.701733
-0.496801
-0.537810
-0.473540
0.321895
0.147372
-0.401177
-0.133828
-0.084249
0.422544
1.544946
1.365811
0.409506
0.305618
0.021935
0.265718
-0.127954
0.538590
-0.263048
-0.047508
-0.299012
-0.364948
0.534505
-0.143283
-0.202076
-0.460827
-0.376500
-0.488174
-0.414395
-0.455648
-0.636120
-0.508646
-0.399109
-0.530746
-0.596610
-0.432256
-0.655190
-0.407987
-0.281094
-0.408471
-0.377292
-0.427316
-0.497762
-0.433742
-0.636362
-0.486029
-0.625357
-0.614091
-0.568442
-0.594466
-0.455001
-0.386775
-0.539844
-0.535619
-0.479935
-0.478260
-0.257570
-0.495499
-0.360731
-0.436075
-0.490111
-0.408428
-0.176319
-0.327592
-0.292909
0.516698
0.136199
0.120388
0.106047
0.106412
0.284125
0.186476
0.866225
0.794243
0.573062
0.096019
2.326634
0.301841
2.082228
0.172262
0.340905
0.577036
0.078957
0.035054
-0.162437
0.129676
0.078286
-0.238325
-0.243366
-0.375124
-0.357107
-0.478441
-0.370556
-0.444515
-0.273581
-0.278644
-0.539552
-0.490652
-0.404288
-0.371510
-0.551426
-0.531194
-0.444539
-0.447423
-0.307098
-0.211912
-0.203933
-0.018351
-0.270993
-0.146933
0.123824
0.263421
-0.078850
-0.213571
-0.221119
-0.161203
0.691053
0.603709
0.069409
-0.091948
-0.150040
-0.144189
-0.239588
0.038033
-0.070852
0.012245
0.062565
0.083914
-0.066728
0.031692
-0.147010
-0.097265
-0.065080
-0.374100
-0.314384
-0.258014
0.065786
-0.496979
-0.421132
0.146573
-0.304997
-0.453857
-0.558969
-0.306914
-0.255017
0.673801
-0.209448
-0.020481
0.827375
0.191917
1.030177
0.118425
0.171411
0.070696
0.224332
0.639152
0.404728
0.224782
0.249271
0.145291
0.311610
0.079095
-0.018189
-0.196849
-0.215008
-0.207631
-0.076969
-0.483956
-0.116548
-0.326029
-0.141742
-0.516863
-0.408608
-0.580995
-0.306710
-0.447636
-0.586166
-0.464760
-0.385310
-0.241061
-0.395797
-0.428729
-0.243819
-0.049424
0.373898
0.041772
0.067506
0.240588
0.571491
0.304204
0.827587
0.635522
0.303418
-0.430802
-0.468499
-0.316441
-0.177603
-0.638641
-0.455651
-0.548627
-0.593354
-0.448503
-0.570674
-0.464943
-0.630085
-0.674840
-0.479189
-0.332435
-0.366761
-0.260238
-0.484496
-0.576596
-0.505286
-0.302253
-0.491900
-0.421924
-0.168473
-0.219704
0.911974
0.719814
1.867892
1.123434
1.101043
2.823741
1.816774
1.198303
3.604851
2.060349
2.252902
1.526826
1.776288
4.190485
0.743073
3.502236
4.462987
2.577398
0.365681
0.794564
0.390004
0.382890
-0.190524
-0.336567
-0.510598
-0.362589
-0.504601
-0.364301
-0.531906
-0.398388
-0.380648
-0.206788
-0.391774
-0.300736
-0.034921
0.167870
0.628515
0.641157
1.879609
1.751060
1.458182
1.770064
4.318583
6.259157
8.768025
8.029366
9.658642
13.417255
7.037275
7.328411
9.749042
13.077922
13.096987
15.449827
12.024233
11.661216
11.914714
10.832313
9.030506
18.250663
11.782556
10.315396
9.892945
5.583463
4.219181
9.510435
2.846252
2.747263
2.599246
4.282450
0.666334
1.075612
0.818570
0.014565
0.671923
0.002859
-0.198349
0.024437
-0.097395
0.232073
-0.217970
0.507640
0.295045
-0.251592
-0.113130
0.790600
0.469119
0.972665
0.565584
0.012905
0.282576
0.011025
0.109105
0.364294
0.370279
-0.280245
0.124992
-0.044737
0.294219
0.274001
0.100268
-0.114738
-0.073797
0.087719
-0.068003
0.033725
-0.360796
-0.426791
-0.620289
-0.427704
-0.671617
-0.480604
-0.519635
-0.423039
-0.498007
-0.523931
-0.293529
1.152475
-0.126710
-0.378582
-0.204363
-0.441970
-0.285911
-0.542209
-0.599821
-0.499389
-0.357762
-0.517838
-0.409049
-0.222683
-0.305848
-0.418758
-0.300304
-0.462337
-0.481749
-0.351436
0.090975
-0.351098
-0.039944
-0.286459
-0.120359
-0.461560
-0.344826
-0.599893
-0.414995
-0.325169
-0.514300
-0.350578
-0.440581
-0.493090
-0.172445
0.135964
0.992232
0.814510
0.674979
0.929787
0.753876
1.158897
0.716170
1.004539
1.920686
0.322106
1.117064
0.858530
1.507641
1.287415
0.848360
2.143195
2.054354
2.881500
2.705035
0.945807
0.652054
0.537041
-0.216317
0.313030
-0.476444
-0.494308
-0.525538
-0.204777
-0.080942
-0.039311
-0.405206
-0.505996
-0.156625
-0.627994
-0.524460
-0.557429
-0.381081
-0.494140
-0.175721
-0.180766
-0.270004
-0.401575
-0.067780
-0.332501
-0.386196
-0.155530
-0.316088
-0.106859
-0.164390
-0.247724
0.079133
-0.096487
-0.105342
-0.158388
-0.248566
-0.363493
1.232199
-0.293809
-0.038156
-0.093996
-0.054482
-0.155684
-0.104947
-0.289291
-0.368693
-0.327368
-0.233109
-0.279957
0.001263
-0.404626
-0.468862
-0.383091
-0.309494
-0.338571
-0.488456
-0.109602
-0.488769
-0.481058
-0.622470
-0.415856
-0.514743
-0.397116
-0.026014
-0.482453
-0.525130
-0.492168
-0.259623
-0.423896
-0.364916
-0.373265
-0.466256
-0.071455
-0.169398
-0.370272
-0.448423
-0.394157
-0.552089
-0.210041
-0.140126
-0.444482
-0.527562
-0.648859
-0.544756
-0.593812
-0.517502
-0.527319
-0.504586
-0.430943
-0.301858
-0.118104
0.026244
0.065033
-0.360252
-0.076328
-0.469878
-0.369518
-0.517563
-0.367278
-0.335046
-0.499743
-0.577339
-0.551855
-0.268084
-0.441111
-0.449296
-0.317280
-0.313966
0.112872
-0.251280
-0.273691
-0.233702
-0.081362
-0.111581
-0.282537
-0.042452
-0.441766
-0.031559
0.198821
-0.318979
-0.451842
-0.193275
-0.107518
-0.459884
-0.428632
-0.200007
-0.380274
-0.184014
-0.166770
-0.129596
0.746748
-0.301153
-0.409482
-0.365508
-0.256731
-0.116814
-0.117786
0.095649
0.014033
0.195082
0.233422
-0.094215
0.250549
0.201527
0.179332
0.610138
0.296517
0.514140
0.204442
-0.078499
0.276592
0.261122
1.290348
-0.095920
-0.227712
0.276855
-0.033651
-0.217610
-0.286832
-0.544367
-0.581224
-0.223542
-0.383939
-0.248787
-0.490917
-0.474089
-0.485460
-0.482340
-0.398883
-0.370829
-0.128868
-0.159961
-0.366013
-0.292120
-0.342972
-0.513096
-0.244988
-0.105268
-0.275979
-0.372042
-0.487303
-0.501509
-0.528799
-0.654455
-0.643668
-0.553081
-0.622221
-0.363023
-0.534088
-0.183573
-0.238249
-0.068974
-0.046239
0.119641
-0.164163
-0.277293
-0.018583
-0.326578
-0.268786
-0.475632
-0.357039
-0.287858
-0.458477
-0.054331
-0.151066
-0.371278
0.332756
0.471499
0.180637
-0.070137
-0.367774
0.137720
-0.236585
-0.176101
0.158096
-0.287827
0.509744
-0.010775
-0.251552
0.261705
1.884992
-0.097868
0.707222
-0.272241
-0.162610
0.325345
-0.242057
-0.178269
0.358362
0.314431
-0.096743
-0.041965
1.236549
-0.041906
0.526958
1.101948
0.008085
2.332473
3.188050
0.512338
0.370315
-0.073760
-0.273156
-0.074811
0.084905
-0.193850
-0.446463
-0.195451
-0.081979
-0.395236
-0.396555
-0.237062
-0.324934
-0.342500
-0.406697
-0.587753
-0.049862
0.038645
-0.230235
-0.583646
-0.535662
-0.015555
-0.233150
-0.270637
-0.522835
-0.263316
-0.161410
-0.082803
0.417496
0.154097
-0.071063
-0.349295
-0.051782
0.036673
-0.116545
0.066543
-0.140693
-0.123844
-0.167473
-0.411933
-0.456897
-0.460535
-0.329934
-0.301473
-0.366931
-0.218315
-0.177485
-0.238110
0.175462
0.572203
0.188078
0.002608
-0.095792
0.911155
0.142421
0.514676
0.729581
0.094234
0.914694
-0.005269
0.764092
0.118982
0.075056
0.353477
0.386064
0.188316
0.306938
1.945331
2.281726
0.582528
0.821270
0.638527
0.483098
-0.150840
0.058096
-0.102302
-0.024942
-0.119035
0.405309
0.010816
0.119773
1.734322
1.471502
0.974069
1.051932
0.198824
-0.041072
-0.133505
-0.394853
-0.301513
-0.410836
-0.555012
-0.497312
-0.559243
-0.479211
-0.485790
-0.576039
-0.630025
-0.440504
-0.186870
-0.339387
-0.162433
-0.305171
-0.199367
-0.202198
-0.290894
-0.064727
-0.243356
-0.300701
-0.201022
-0.260810
-0.292031
-0.400691
-0.055070
-0.508946
-0.224191
-0.456279
-0.554725
-0.554756
-0.594252
-0.433509
-0.382122
-0.348656
-0.312149
-0.164772
0.111167
-0.346468
-0.209280
0.605268
-0.387797
0.146906
-0.053869
0.066415
-0.253477
-0.283468
-0.366141
-0.464317
-0.250903
-0.298208
-0.355800
-0.514725
-0.477978
-0.417548
-0.603236
-0.604098
-0.247334
-0.512883
-0.336809
-0.435909
-0.250974
-0.330912
-0.184392
-0.246289
-0.259527
-0.305620
-0.565975
-0.566318
-0.442515
-0.593810
-0.363642
-0.506852
-0.629533
-0.616891
-0.605935
-0.504677
-0.517160
-0.712298
-0.554353
-0.574807
-0.580948
-0.573880
-0.528705
-0.664293
-0.559786
-0.739826
-0.538621
-0.607971
-0.612610
-0.534140
-0.571223
-0.654547
-0.676247
-0.320386
-0.436643
-0.384522
-0.334051
0.035349
0.046386
-0.249735
0.211595
0.320653
0.031163
0.458160
0.141962
-0.165418
-0.245093
0.188710
0.369492
1.156466
0.492177
0.209893
0.160931
0.269147
0.641483
0.038102
0.474257
1.176025
0.421797
0.552369
0.208536
-0.009162
-0.078254
0.311329
0.374994
0.129718
0.110663
0.102991
-0.140238
-0.080047
-0.350946
-0.372744
-0.556676
-0.131407
-0.183248
-0.535818
-0.366753
-0.011637
-0.463304
-0.156364
-0.591243
-0.479652
-0.119092
-0.163057
1.778288
0.606958
0.608106
0.472946
1.056642
0.887077
0.095972
0.021125
1.119084
-0.049779
-0.139414
-0.255097
-0.077477
-0.116528
0.026901
-0.299310
0.084107
-0.207785
0.023823
-0.092602
-0.046584
-0.231740
-0.245542
-0.182817
-0.225619
-0.334594
-0.335037
0.046789
-0.096201
-0.319384
-0.315377
-0.170811
-0.324600
-0.496051
-0.465291
-0.476204
-0.288897
-0.437894
-0.470150
-0.443411
-0.563071
-0.450585
-0.274831
-0.242451
-0.501702
-0.520104
-0.276450
-0.272422
-0.391722
-0.389907
-0.617829
-0.487812
-0.304119
-0.427575
-0.263262
-0.203246
0.643934
0.692351
0.162494
0.619518
0.166232
0.203576
0.802184
1.066179
0.459931
0.785658
0.683707
0.498834
1.990631
-0.014541
-0.194054
-0.441768
-0.547242
-0.575821
-0.574031
-0.460429
-0.472895
-0.573360
-0.580074
-0.493995
-0.428294
-0.393462
-0.470632
-0.503013
-0.506415
-0.407962
-0.640478
-0.523989
-0.618953
-0.609495
-0.538438
-0.508231
-0.551284
-0.488950
-0.564138
-0.369949
-0.488752
-0.562073
-0.550450
-0.406263
-0.440730
-0.368790
-0.448359
-0.318685
-0.159701
-0.231463
-0.113529
0.434497
0.739410
0.287036
0.161625
0.499720
1.737682
1.335076
0.469493
0.700926
1.053637
0.051595
0.069356
0.421850
-0.097834
0.005371
1.067921
-0.028162
0.156932
0.180538
-0.338458
-0.082374
0.097644
0.139921
-0.072447
-0.075108
0.896812
0.124201
-0.333445
-0.087634
-0.397586
-0.320347
-0.307332
-0.460343
-0.375020
-0.545283
-0.531050
-0.443096
-0.558769
-0.426757
-0.184963
-0.587815
-0.069757
-0.500629
-0.568662
-0.466716
-0.648520
-0.543313
0.111757
-0.508293
-0.596757
-0.553572
-0.546639
-0.491352
-0.699752
-0.526871
-0.602131
-0.553904
-0.534426
-0.418648
-0.520613
-0.416016
-0.501643
-0.565387
-0.382701
-0.303809
-0.268426
-0.142143
-0.037835
-0.307099
-0.118676
-0.194116
-0.346881
-0.423408
-0.359031
-0.275532
-0.249473
0.592708
-0.411349
0.143194
-0.234460
0.280628
0.176993
-0.107950
-0.151201
-0.522010
-0.349849
-0.515276
-0.646153
-0.449274
-0.729649
-0.669975
-0.693087
-0.678871
-0.674227
-0.655543
-0.508036
-0.531659
-0.273938
-0.576653
-0.517354
-0.485442
-0.399742
0.099333
-0.006570
-0.095297
-0.254564
0.101180
0.185865
0.111264
-0.198551
-0.519389
-0.278159
-0.273267
0.158279
0.071948
-0.491285
-0.497089
-0.028636
-0.439882
-0.480772
-0.465014
-0.506065
-0.371829
-0.503504
0.006825
-0.315337
-0.151843
-0.448120
-0.318175
-0.340928
-0.257062
-0.399426
-0.354536
-0.406355
-0.407629
-0.563528
-0.626746
-0.583363
-0.534401
-0.631471
-0.630433
-0.595661
-0.504493
-0.541470
-0.550358
-0.598012
-0.090858
-0.348298
-0.445842
-0.287043
-0.392860
-0.251247
-0.131783
-0.264251
0.456744
0.589665
0.132168
0.229552
0.588581
0.819002
2.235779
1.450945
2.691269
4.936241
3.702763
3.051566
2.391545
1.767641
0.592899
1.231948
0.859416
1.332182
0.614826
0.282952
0.011299
0.084641
-0.000080
0.068702
0.030047
-0.049776
0.073007
0.149155
-0.319104
0.461487
-0.311163
-0.428970
-0.333951
-0.091148
-0.085972
-0.429792
-0.463664
-0.315160
-0.577119
-0.510805
-0.250270
-0.499606
-0.410821
-0.595258
-0.526049
-0.434073
-0.277841
-0.124875
-0.241670
0.237005
0.272619
0.596656
0.578658
-0.039623
0.552372
0.500188
0.348784
1.174503
0.126033
0.781429
-0.060743
0.053954
-0.184652
0.111809
-0.138455
-0.178578
-0.204628
-0.361015
-0.216124
0.085755
1.276321
-0.166324
0.193955
-0.359812
-0.271717
0.161273
0.339356
-0.215439
-0.040085
0.610551
-0.281608
-0.174113
0.227447
-0.199407
-0.466877
-0.553826
-0.317459
-0.316488
-0.304456
-0.306841
-0.489108
-0.322111
-0.366220
-0.462678
-0.339019
-0.540374
-0.212105
-0.185150
-0.354803
-0.122555
-0.218761
-0.284166
-0.137038
-0.101864
-0.112934
0.012524
-0.114630
-0.187161
-0.447208
-0.142513
-0.473956
-0.564831
-0.450897
-0.305348
-0.462852
-0.166605
-0.030335
-0.196877
-0.326983
-0.108480
-0.199035
0.461560
-0.151354
-0.215366
-0.032037
-0.058934
-0.134892
-0.039340
-0.129520
-0.486158
-0.468919
-0.191648
-0.364795
-0.233981
-0.534539
-0.446022
-0.448998
-0.187214
-0.545864
-0.472326
0.285570
-0.291244
-0.073126
0.261017
0.130856
0.125344
0.376249
0.038864
0.168100
-0.359474
0.213553
-0.227723
-0.188211
-0.369408
-0.478689
-0.360391
-0.194241
0.044518
0.666959
0.488428
0.543030
-0.226810
0.992429
0.012641
0.103584
0.134959
0.100259
0.109760
0.509798
-0.091111
0.060664
0.104092
0.654768
0.316216
0.528008
0.152721
0.194918
-0.024013
0.635800
-0.169169
-0.322393
-0.252872
-0.238660
-0.215997
-0.491244
-0.474923
-0.265932
-0.633831
-0.523544
-0.280206
-0.149769
-0.509520
-0.578590
-0.585775
-0.493914
-0.444463
-0.404434
-0.207916
-0.208417
-0.305871
0.397736
0.791145
0.033426
0.563802
0.490779
1.808070
0.743052
0.952579
1.209926
1.584605
1.530820
0.706462
0.771305
0.429501
0.931580
0.475668
0.230022
1.100588
0.601527
0.723426
0.681145
0.315414
0.599237
1.065240
0.983013
0.972599
3.228084
0.704830
0.866284
0.489542
1.251879
0.332844
-0.284349
-0.304015
-0.206023
-0.275104
-0.231816
-0.214971
-0.175859
-0.292840
-0.353216
-0.278096
-0.290012
-0.439461
-0.354024
-0.214446
-0.452222
-0.480215
-0.464894
-0.409944
-0.043144
-0.252969
0.207856
-0.117741
0.787873
0.163722
0.454933
0.914091
0.751254
0.151696
0.636854
-0.205585
-0.386718
0.232110
0.626322
-0.370895
-0.633248
-0.601968
-0.293828
-0.312466
-0.080038
-0.386707
-0.235430
0.067544
-0.171688
-0.444280
-0.488310
-0.362193
-0.449532
-0.475016
-0.604200
-0.421725
-0.327344
-0.415030
-0.647220
-0.536448
-0.528815
-0.613975
-0.381264
-0.630635
-0.531252
-0.544898
-0.396631
-0.324326
-0.234247
0.225461
0.252552
-0.576516
-0.347098
-0.368420
-0.317967
-0.168415
-0.617169
-0.584526
-0.510453
-0.608139
-0.711909
-0.620059
-0.725482
-0.759892
-0.630786
-0.300224
0.724815
0.498777
1.323336
0.579388
1.171858
1.104361
0.474166
1.031692
0.759370
1.203779
0.138044
1.109134
0.199239
1.645821
0.404176
0.050824
0.784106
-0.021386
0.586034
0.052063
-0.229484
-0.015181
0.052711
-0.388248
-0.438794
-0.486820
-0.522984
-0.645140
-0.530072
-0.511358
-0.630285
-0.615826
-0.540679
-0.305642
-0.493112
-0.236182
-0.310558
-0.399850
-0.283475
-0.228704
-0.320093
-0.434241
-0.223593
-0.177101
-0.215454
0.111698
0.267291
0.254120
0.223776
0.233195
0.048477
0.446851
0.126331
0.256950
0.039478
-0.091204
-0.202727
-0.017861
0.067534
0.180071
0.363557
-0.111213
0.120239
0.020238
0.453459
-0.015526
-0.020391
-0.151903
0.368834
0.587332
-0.244750
0.852306
0.141877
0.055974
0.074611
-0.066324
0.237823
-0.124027
-0.202390
-0.245651
-0.301718
-0.403669
-0.260053
-0.325107
-0.542882
-0.090666
-0.237094
-0.476256
-0.457524
-0.405242
-0.206061
-0.520753
-0.443800
-0.303011
-0.393892
-0.271755
-0.302171
-0.306247
-0.174374
-0.237328
-0.238570
-0.407185
-0.320573
-0.262779
-0.107508
-0.057106
-0.273383
-0.506822
-0.415737
-0.383859
-0.513430
-0.509294
-0.523989
-0.463817
-0.542605
-0.362215
-0.277268
0.679183
0.224698
-0.180643
0.024997
1.592924
0.212645
-0.171759
-0.245465
-0.116821
-0.039865
0.095973
1.215889
-0.168597
-0.136007
0.600901
0.069414
-0.113508
-0.550255
-0.475481
-0.243795
-0.437700
-0.576645
-0.542177
-0.362826
-0.375252
0.253511
-0.302180
-0.387407
-0.108038
-0.166101
-0.164818
-0.171997
-0.202415
-0.310592
-0.189237
-0.181932
-0.083263
0.111351
0.759757
0.440440
-0.045574
1.379606
0.322219
0.284979
1.068943
0.197865
0.313269
-0.112027
-0.093955
0.022650
0.290716
0.384068
0.048414
-0.088014
-0.235115
-0.190147
-0.012863
-0.002245
-0.287948
-0.374616
-0.355521
-0.576995
-0.475464
-0.302242
-0.596489
-0.609578
-0.633735
-0.710719
-0.619114
-0.121580
-0.670973
-0.723729
-0.562702
-0.568166
-0.410659
-0.279913
-0.364994
-0.394557
-0.291805
-0.239589
0.002607
-0.218736
-0.053946
-0.276249
-0.256237
-0.413473
-0.168077
-0.311960
0.065372
-0.138407
-0.076877
-0.369080
-0.471924
-0.295975
-0.264153
-0.358537
-0.217702
-0.048839
0.132232
-0.073094
0.088057
-0.221908
-0.165527
-0.264119
-0.246575
-0.124479
-0.469281
-0.403143
-0.365091
-0.388036
-0.376194
-0.539975
-0.259944
-0.445281
-0.357104
-0.373893
-0.423999
-0.363557
-0.495089
-0.445911
-0.322023
-0.561121
-0.618962
-0.476774
-0.522536
-0.459740
-0.220895
-0.453432
-0.357718
-0.171504
0.038080
0.895696
0.640430
0.391921
0.737272
0.021186
0.282985
0.170459
0.504340
0.183044
0.014042
0.021344
0.288756
0.578971
1.161933
0.455318
0.571230
1.264998
0.939081
0.162985
-0.052469
0.015803
0.060397
0.504191
0.334106
0.408228
0.659421
0.216938
0.845959
0.492151
1.075398
2.278690
1.052100
-0.104791
0.016597
0.028403
0.850410
-0.215576
-0.283730
-0.349070
-0.555109
-0.284630
-0.273608
-0.379707
-0.536335
-0.491456
-0.225009
-0.503153
-0.524009
-0.624482
-0.495125
-0.540084
-0.626257
-0.644906
-0.603314
-0.572087
-0.521886
0.118800
0.014544
-0.329065
-0.261002
-0.118376
1.151282
1.423455
1.952840
2.119004
1.970777
1.061422
0.342420
1.888355
0.409050
0.261574
0.273132
0.020119
0.017940
-0.163931
0.095753
-0.149159
-0.167096
-0.287153
-0.282520
-0.127440
-0.426133
-0.153585
-0.410197
-0.440091
-0.705863
-0.671105
-0.521557
-0.604827
-0.675597
-0.612535
-0.571551
-0.572778
-0.427177
-0.337218
0.834780
-0.291943
-0.016863
-0.155150
0.337189
-0.347026
0.200737
-0.329807
-0.339511
-0.407232
-0.577588
-0.486847
-0.418612
-0.393674
-0.656913
-0.522577
-0.128431
0.116430
-0.078042
-0.233601
0.609501
0.193337
0.011230
0.052097
-0.301040
-0.266140
0.025602
-0.018818
0.674345
0.532652
0.081520
0.361628
0.927094
1.584337
0.240024
0.226839
-0.016994
-0.332608
-0.045631
-0.275493
0.121766
0.707174
0.152569
-0.097571
0.045421
-0.073469
0.396036
0.112679
0.273751
0.467683
0.209032
0.144550
-0.019086
1.554100
0.033750
-0.150843
0.479443
1.403671
-0.069871
1.307352
1.830824
1.490245
0.998764
2.538433
0.743993
0.809134
0.975375
1.553845
0.537078
0.250820
0.201161
-0.080451
-0.238865
-0.508044
-0.544267
-0.421165
-0.294736
-0.363832
-0.346252
0.622665
-0.130953
-0.082245
0.228088
0.175712
-0.243273
-0.264457
-0.001854
-0.553625
-0.153506
-0.233901
-0.584926
-0.522311
-0.528591
-0.657402
-0.588491
-0.672129
-0.703112
-0.494687
-0.443446
-0.578607
-0.640594
-0.567580
-0.499577
-0.601891
-0.553130
-0.506090
-0.314666
-0.249533
-0.574357
-0.538938
-0.426527
-0.479924
-0.497885
-0.363888
-0.189191
-0.348801
-0.015715
-0.281764
0.021577
0.471461
0.045139
0.303734
0.176557
0.051217
1.020512
0.142299
0.010437
0.547456
-0.246906
0.002379
0.054394
0.137625
0.159986
0.328870
0.041749
-0.191423
-0.002922
0.194243
-0.171030
-0.048871
-0.238118
-0.388685
-0.511247
-0.282276
-0.584883
-0.618634
-0.529776
-0.519224
-0.180328
-0.474589
-0.373804
-0.637048
-0.356866
-0.545065
-0.689775
-0.377176
-0.415115
-0.576848
-0.477754
-0.541328
-0.412620
-0.490456
-0.559553
-0.573021
-0.446405
-0.595684
-0.495184
-0.561744
0.128893
-0.385985
-0.395006
-0.272293
-0.155113
0.001958
-0.139680
-0.079486
-0.125197
0.154672
0.008808
-0.254119
-0.375430
0.263329
-0.300909
-0.394224
-0.189710
-0.262604
-0.274837
-0.108801
-0.357422
-0.123987
-0.117472
-0.262010
-0.404779
-0.401756
-0.241084
-0.376636
-0.474106
-0.383612
-0.338522
-0.501068
-0.613016
-0.604407
-0.583483
-0.337411
-0.428307
-0.573370
-0.548771
-0.490131
-0.345154
-0.453313
-0.565763
-0.531747
-0.470758
-0.440021
0.067421
0.752914
1.828802
1.400174
2.337276
1.151997
0.513973
1.655508
0.745656
0.791114
1.794597
0.475634
0.306211
-0.312746
-0.321171
0.359689
-0.248669
-0.488291
0.123437
-0.413789
-0.467297
-0.128686
-0.049264
-0.327188
-0.199759
0.561256
-0.325126
0.013339
-0.294258
0.193107
-0.357862
-0.192406
0.060000
-0.102962
-0.272802
-0.438182
-0.203542
-0.321849
-0.429832
-0.404603
-0.379079
-0.522835
-0.615295
-0.465608
-0.398866
-0.437151
-0.356175
-0.440721
-0.462985
-0.456543
-0.547913
-0.411397
-0.424401
-0.400200
-0.331489
-0.403120
-0.185191
0.033359
0.233041
0.031497
0.004249
0.121905
0.224080
0.287391
0.711925
0.568355
0.222861
0.030299
0.056735
0.140542
0.620514
0.585165
-0.158665
0.084390
0.083818
0.456236
0.341898
0.115619
-0.203277
-0.012785
-0.013737
-0.219199
-0.591423
-0.541477
-0.567185
-0.352423
-0.650706
-0.574133
-0.581272
-0.528986
-0.448155
-0.547972
-0.533113
-0.542167
-0.504548
-0.498299
-0.279730
-0.426544
-0.413967
-0.457110
-0.323552
-0.367623
-0.358653
-0.334390
-0.337089
-0.502919
-0.330642
-0.063807
-0.130154
-0.190572
-0.355846
-0.168649
-0.451554
-0.173431
-0.331737
-0.238796
-0.309473
-0.301006
-0.283389
-0.413995
-0.285276
-0.347481
-0.331882
-0.416452
-0.176324
-0.331359
0.011503
-0.185348
-0.409378
-0.339446
0.047247
-0.325062
0.341468
0.412049
-0.083351
-0.060609
0.555858
-0.236832
-0.430041
-0.380092
-0.512311
-0.553404
-0.436915
-0.619630
-0.595040
-0.375756
-0.472256
-0.524559
-0.590534
-0.307767
-0.608124
-0.522067
-0.376696
-0.217048
-0.377495
-0.188535
-0.582024
-0.320141
1.895550
-0.486977
-0.351234
-0.425454
-0.414453
-0.376297
-0.141369
-0.189313
-0.343108
-0.323358
-0.317959
-0.476104
-0.363483
-0.361505
-0.517588
-0.548632
-0.501494
-0.455496
-0.588804
-0.542254
-0.541276
-0.453844
-0.432802
-0.484870
-0.236297
-0.524663
-0.663028
-0.521389
-0.073825
0.126500
-0.103134
-0.075470
-0.414343
-0.257455
-0.000879
-0.505586
-0.368777
-0.564875
-0.515301
-0.433815
-0.306544
-0.464738
-0.518971
-0.204925
0.167365
0.230298
-0.217698
-0.392412
0.260519
0.039041
-0.106948
0.230289
-0.198477
1.199689
0.293039
0.911838
0.765982
0.162525
0.260095
0.739540
0.588531
0.683607
0.355513
0.422704
1.301854
0.462740
-0.167452
0.298406
0.050397
-0.263945
-0.156055
-0.161449
-0.146820
-0.209757
-0.190100
-0.342445
-0.283370
-0.524120
-0.527262
-0.430405
-0.685361
-0.611614
-0.579261
-0.488485
-0.586130
-0.486113
-0.442312
-0.694811
-0.548660
-0.299268
-0.494233
-0.423184
-0.474360
-0.575843
-0.524933
-0.593778
-0.594681
-0.324423
-0.380070
-0.369328
-0.536049
-0.476367
-0.540381
-0.376871
-0.511065
-0.450203
-0.358699
-0.313055
-0.369188
-0.283384
-0.281501
-0.190828
-0.339004
-0.116645
-0.242318
0.345165
-0.346267
0.095229
1.030767
-0.283407
0.020075
-0.242792
-0.500268
-0.216547
-0.131756
-0.465151
-0.397313
-0.355718
0.056463
0.291691
-0.412114
-0.451569
-0.576218
-0.453356
-0.582636
-0.373050
-0.005995
-0.221870
-0.238275
-0.355992
-0.509956
-0.011396
-0.380272
-0.605213
-0.552364
-0.621045
-0.636563
-0.585395
-0.567514
-0.407545
-0.178551
-0.312374
-0.539637
-0.522145
-0.306251
-0.575149
-0.378043
-0.360007
-0.418007
-0.434953
-0.280529
-0.460795
-0.298665
-0.212215
-0.197349
0.072065
-0.234347
-0.000123
-0.147948
-0.183272
-0.006873
-0.015462
0.684225
0.212101
-0.283752
0.380987
-0.150043
0.157814
0.481890
0.365383
0.235494
0.473896
-0.516554
-0.269825
0.177657
-0.207372
-0.063877
-0.301595
-0.417435
-0.099434
-0.114805
-0.363995
-0.436873
0.084529
-0.222892
-0.198940
-0.436951
0.033699
-0.545614
-0.351204
-0.462337
-0.340327
-0.483821
-0.530607
-0.377081
-0.630621
0.039681
0.256903
0.074292
0.256143
0.625263
1.109473
0.233831
0.231654
0.703372
0.182021
-0.152873
-0.174044
0.064846
0.325646
-0.133519
-0.164799
0.279871
-0.308668
-0.127693
-0.248450
-0.092425
-0.420864
-0.170044
-0.370385
-0.526858
-0.496389
-0.424758
-0.443079
-0.485946
-0.341669
-0.314353
-0.384923
-0.429808
-0.473752
-0.447666
0.026780
-0.442546
-0.240266
-0.456516
-0.541036
0.045444
-0.265589
0.209844
0.201384
-0.072262
0.156373
0.203138
-0.152072
-0.179154
0.053802
-0.261768
0.115953
0.038440
-0.213500
-0.402510
-0.237654
-0.017519
-0.391117
0.045349
-0.340376
-0.298930
-0.275891
-0.260500
-0.374863
-0.234799
-0.441716
-0.262002
-0.348425
-0.483967
0.106358
-0.355408
-0.123296
-0.344863
-0.388983
-0.472704
-0.524167
-0.342236
-0.463326
-0.465545
-0.376875
0.848263
0.596003
0.382961
0.451453
0.554807
1.542918
1.685589
1.258594
0.266122
0.057611
1.321322
0.032533
0.448640
-0.347544
-0.298105
-0.469959
-0.478912
-0.459640
-0.536468
-0.364369
-0.504755
-0.495554
-0.592408
-0.389209
-0.038550
-0.387600
-0.537643
-0.425178
-0.359105
-0.256125
-0.162839
-0.146874
-0.126879
-0.384665
-0.254709
-0.271740
-0.454852
-0.401938
-0.371584
-0.389615
-0.421509
-0.536027
-0.484918
-0.577569
-0.452444
-0.471645
-0.209860
-0.344850
-0.404003
-0.159839
-0.138866
-0.384218
-0.495065
-0.471779
-0.219465
-0.430369
-0.348696
-0.297835
-0.419426
-0.255056
-0.500757
-0.347103
-0.413585
-0.668718
-0.524345
-0.524610
-0.329835
-0.591988
-0.282120
-0.091549
-0.190682
0.185472
-0.360016
-0.518334
-0.388948
-0.310769
0.183194
-0.406890
-0.603349
-0.428233
-0.474317
-0.389967
-0.480879
-0.256550
0.188971
0.610482
0.146597
0.299708
0.123572
1.344403
1.217787
0.610381
0.856651
1.325241
2.538099
1.471085
2.051439
1.811207
2.285827
2.608887
0.612792
2.721515
0.222560
-0.068617
0.039972
-0.217484
0.049696
0.107991
0.220310
0.137628
-0.199985
-0.164583
-0.510634
-0.452444
-0.594212
-0.396488
-0.679202
-0.630472
-0.711771
-0.635568
-0.666886
-0.584206
-0.652052
-0.697311
-0.651962
-0.732370
-0.739104
-0.625730
-0.633346
-0.620022
-0.636819
-0.600831
-0.656702
-0.595212
-0.585498
-0.638214
-0.538022
-0.666813
-0.578157
-0.708405
-0.679493
-0.690478
-0.661028
-0.675793
-0.673337
-0.623211
-0.682639
-0.633396
-0.468051
-0.269746
-0.377984
-0.338583
-0.358850
-0.538305
-0.291269
-0.221906
-0.135538
0.027726
0.638668
0.499666
0.370098
0.528273
0.126397
1.082280
0.976741
0.182539
0.788721
0.885309
1.198593
0.755622
1.667387
2.179680
3.103019
2.200744
2.656831
2.248174
1.317347
2.119531
2.250163
1.933403
2.604557
2.307083
1.486342
1.934644
1.108046
1.415949
2.446055
2.087487
1.250928
1.415284
0.883894
0.410669
0.667271
-0.015898
-0.188963
0.641922
-0.039342
-0.096662
-0.129413
0.043103
-0.308194
-0.171454
-0.178521
-0.226881
0.034241
-0.070355
0.307756
-0.073265
0.386590
0.066055
-0.077551
0.406093
0.587998
-0.135822
-0.130439
-0.403141
-0.505395
-0.501102
-0.511185
-0.420876
-0.300933
-0.431122
-0.394274
-0.585268
-0.594731
-0.624623
-0.622751
-0.637512
-0.718610
-0.699381
-0.658514
-0.758324
-0.564628
-0.679234
-0.729857
-0.598020
-0.756365
-0.693591
-0.577117
-0.588503
-0.661676
-0.704434
-0.600917
-0.611668
-0.588183
-0.410136
-0.496784
-0.517366
-0.233662
-0.215975
1.677477
-0.552196
-0.457294
-0.278472
-0.362390
-0.408732
-0.615658
-0.484992
-0.516264
-0.433982
-0.464404
-0.537173
-0.518613
-0.638946
-0.551633
-0.563282
-0.537179
-0.678488
-0.487308
-0.679937
-0.598231
-0.614834
-0.616738
-0.590307
-0.611362
-0.693757
-0.290554
-0.631237
-0.645322
-0.625922
-0.614421
-0.651617
-0.639172
-0.522267
-0.578177
-0.535783
-0.442039
-0.589500
-0.289788
-0.172261
-0.308022
-0.298112
-0.311059
0.185550
-0.051416
-0.140307
-0.536009
-0.436249
-0.299683
-0.265292
-0.354104
-0.219960
-0.403519
-0.389780
-0.366709
-0.296436
-0.463370
-0.574663
0.059837
-0.481959
-0.643766
-0.591266
-0.668520
-0.513335
-0.730734
-0.641889
-0.497495
-0.475823
-0.543404
-0.563588
-0.084515
-0.280293
-0.494695
0.149864
-0.192397
-0.297659
-0.285855
-0.233591
0.703875
-0.131447
0.278372
0.313612
0.578545
0.523367
1.059390
0.414691
0.945319
0.260527
1.503425
0.453399
0.162996
-0.262886
-0.452156
-0.449534
-0.521215
-0.060149
-0.388118
-0.234168
-0.420969
-0.530345
-0.299072
-0.602910
-0.686776
-0.473808
-0.431137
-0.595027
-0.053143
-0.441469
-0.333232
-0.495229
-0.381285
-0.119340
-0.430052
-0.551800
-0.552514
-0.577026
-0.619433
-0.393272
-0.292802
-0.194138
0.106081
-0.051705
-0.319081
-0.236183
-0.401909
-0.431985
-0.422865
-0.404353
-0.441534
-0.382339
-0.394119
-0.435980
-0.230550
-0.354879
-0.485683
0.451431
0.744703
1.017088
0.585858
0.850862
0.475262
0.132306
0.006844
0.087785
0.450144
0.183890
-0.259776
0.633386
0.460978
0.525829
0.473280
0.500979
0.201473
0.906421
1.693983
0.883467
0.468703
0.200432
0.235111
-0.088059
-0.580610
-0.635068
-0.474784
0.019840
-0.311686
-0.297019
-0.415118
-0.514729
-0.596908
-0.552582
-0.454379
-0.369677
-0.383121
-0.270092
-0.503131
-0.378459
-0.371181
-0.381644
-0.344253
-0.332907
-0.375426
-0.288140
-0.199415
-0.503317
-0.302154
-0.145948
-0.113240
-0.216506
-0.185056
-0.045420
-0.005697
-0.145238
-0.080259
-0.124674
0.048113
-0.307023
0.050672
0.273725
-0.404187
-0.102457
-0.062017
-0.226507
-0.386539
-0.315090
-0.291933
-0.162466
-0.533617
-0.021491
0.045366
0.096343
-0.039098
-0.076550
-0.223910
-0.277972
-0.366613
-0.187440
-0.266339
-0.434918
-0.022161
-0.286636
-0.385237
-0.214543
0.107272
-0.336463
-0.443563
0.361170
0.055055
-0.153198
-0.300851
-0.253102
-0.186489
-0.071954
-0.415118
-0.494073
-0.513612
-0.226195
-0.090245
-0.390563
-0.393803
-0.473041
-0.120705
0.182253
0.022187
-0.209764
0.907087
-0.101553
-0.081689
-0.461692
-0.211895
-0.544629
-0.474456
-0.401741
-0.460183
-0.031332
-0.481639
-0.368658
-0.287090
-0.274577
-0.573819
-0.362551
-0.383015
-0.620377
-0.609231
-0.428528
-0.186348
-0.080041
0.511889
-0.382643
-0.402116
-0.527903
-0.491954
-0.088165
0.146512
-0.273692
-0.264690
-0.387667
0.130640
0.228750
0.347628
0.630251
0.893657
0.338297
0.662177
0.603628
-0.088564
0.477992
-0.245492
-0.600167
-0.457311
-0.354607
0.012583
0.129928
0.555343
0.270415
0.367378
0.937287
0.446762
0.881350
1.134640
0.508631
0.503116
0.687921
-0.258839
-0.001243
0.234541
0.086532
0.795383
0.346926
-0.192822
-0.277431
0.075556
0.043804
1.462560
-0.079085
0.312388
-0.073152
-0.176157
-0.422288
-0.546680
-0.453131
-0.248153
-0.261557
-0.190850
0.435915
-0.274235
-0.083578
-0.096796
-0.466583
-0.396107
-0.475423
-0.102165
-0.518475
-0.608393
-0.479069
-0.262954
-0.583755
-0.615046
-0.563850
-0.558304
-0.507638
-0.347909
-0.455081
-0.179483
-0.379764
-0.172075
0.394651
0.305120
0.176381
0.170175
0.319139
0.741750
-0.336526
-0.139892
0.016874
-0.251188
-0.245705
-0.351941
-0.041307
-0.067464
-0.373120
-0.087869
-0.282058
-0.082130
-0.118683
-0.432732
-0.624292
-0.385006
-0.215955
-0.461566
-0.499807
-0.469783
-0.327892
-0.325696
-0.528293
-0.133495
-0.332465
-0.529828
-0.368398
-0.588139
-0.490091
-0.569158
-0.489463
-0.444104
0.013498
-0.043459
0.207023
0.069263
0.541973
1.535017
0.426881
1.143956
0.679261
0.939374
4.074932
1.681508
1.547930
-0.198330
-0.312555
-0.387375
-0.385707
-0.177938
-0.547157
-0.546017
-0.303330
-0.336156
-0.337693
-0.097115
-0.076191
-0.199589
-0.116150
0.275380
-0.308803
-0.041176
-0.299279
-0.412134
-0.026285
-0.629058
-0.427372
-0.490850
-0.490500
-0.588459
-0.530477
-0.511448
-0.140103
-0.532475
-0.564034
-0.554195
-0.418695
-0.564611
-0.509891
-0.453341
0.053098
-0.384504
-0.349640
-0.406529
-0.432921
-0.335773
-0.079785
-0.306236
-0.147343
-0.160115
-0.157070
0.010339
-0.121532
-0.194369
-0.120500
-0.096930
0.222443
-0.003696
0.019828
1.411432
0.021399
-0.104683
0.225508
0.772756
0.302918
0.401484
-0.114330
0.126545
-0.118138
0.385653
0.096628
0.087097
-0.192965
0.275452
-0.073806
-0.039691
0.065970
-0.229040
-0.205956
-0.367037
-0.212316
-0.013784
-0.092279
-0.286794
-0.167371
0.039364
-0.406305
-0.004407
-0.091364
-0.060283
-0.023671
-0.300819
-0.212198
-0.337618
-0.446428
-0.454481
-0.532480
-0.382086
-0.520112
-0.525870
-0.404802
-0.569246
-0.313676
-0.375906
-0.278517
-0.398413
-0.072563
-0.445001
-0.513737
-0.079225
-0.008739
-0.308815
-0.199614
-0.254998
0.022382
0.097760
0.297925
0.208869
0.160279
0.460882
0.923961
0.916854
0.198593
2.035159
1.685672
1.269970
0.248738
0.775692
1.043634
0.394303
0.399021
0.551758
0.824911
1.216479
1.533967
1.531012
1.156981
2.035611
0.605000
0.641014
-0.109654
-0.281937
-0.164048
-0.228485
-0.316798
-0.398295
0.022376
-0.432465
-0.583356
-0.551954
-0.240971
-0.420863
0.619287
-0.132343
0.662428
0.622758
1.416959
2.669864
1.515968
0.728402
1.061211
0.621937
0.639825
0.189791
0.074683
0.156719
-0.439621
0.149841
-0.011072
-0.561569
-0.612290
-0.492809
-0.646244
-0.606466
-0.614767
-0.415858
-0.631755
-0.655069
-0.646099
-0.537685
-0.555779
-0.256690
0.168280
0.058802
0.772109
0.021067
-0.160440
0.174453
0.728267
0.157929
0.337546
0.119879
0.140388
0.044569
0.350732
0.106342
0.387547
0.420344
0.542934
0.418898
0.370134
0.480543
0.489848
0.844213
0.290469
0.523951
0.409621
0.839055
0.560392
1.452564
0.756930
0.975959
0.588713
0.496433
1.067334
1.026398
0.964540
1.795575
1.203291
0.616015
0.447932
0.306876
0.093901
0.547462
0.669492
0.033180
-0.167527
0.072844
-0.038259
0.050980
1.728019
-0.023859
-0.296175
-0.458234
0.005471
-0.509634
-0.572181
-0.458844
-0.616895
-0.519491
-0.502872
-0.424569
-0.400885
-0.510170
-0.663183
-0.306955
-0.475790
-0.343837
-0.359430
0.133516
-0.320200
-0.162134
0.581983
-0.254562
0.250689
-0.308371
0.046509
-0.311401
-0.386537
-0.296878
-0.443996
0.117384
0.303997
-0.167235
-0.206922
-0.145795
-0.331404
0.007993
0.186128
-0.269323
-0.310999
-0.267625
-0.335100
-0.462767
-0.466385
-0.426402
-0.465931
-0.340390
-0.254034
-0.414547
-0.532843
-0.409048
-0.385390
-0.040603
-0.576911
-0.354326
0.132677
-0.475186
-0.170908
0.192292
0.359062
0.355209
1.467332
0.213823
0.978953
0.231619
0.223237
0.313766
1.233170
0.178065
0.983690
1.801564
0.725035
0.214412
0.457804
0.979645
-0.102333
0.152250
0.115621
0.140820
0.044658
-0.130880
-0.369644
-0.321980
-0.499021
-0.261701
-0.344968
-0.486400
-0.601932
-0.437804
-0.355724
-0.362628
-0.234849
-0.053947
-0.144185
-0.317642
-0.001556
0.296726
0.060297
-0.215000
-0.194389
-0.388354
-0.495301
-0.621853
-0.503866
-0.504950
-0.003328
-0.085005
0.961447
1.300830
0.846775
1.242806
0.292963
0.924802
1.742584
1.449159
0.580107
0.342007
0.857174
0.979150
0.532246
0.258709
0.806528
0.667425
0.601855
0.442349
0.538444
0.265289
0.617865
0.756195
1.579350
0.171815
0.180365
0.025456
-0.178788
0.171082
0.090896
0.891389
2.180149
0.590434
0.524592
0.541252
0.690150
0.672529
0.739380
1.872039
-0.035969
0.273732
0.758827
0.014781
-0.193105
-0.023772
0.217576
-0.143460
0.234862
-0.174898
-0.226108
-0.445998
-0.437697
-0.662794
-0.528071
-0.605467
-0.510184
-0.612215
-0.616026
-0.404692
-0.484866
-0.351901
-0.145104
-0.498454
-0.102582
-0.376272
-0.365876
-0.128295
-0.335226
-0.523392
-0.562935
-0.479096
-0.407436
-0.560981
0.085272
-0.478620
-0.620441
-0.465675
-0.438695
-0.281986
-0.230864
-0.252103
1.374331
-0.205347
-0.487782
-0.015219
-0.228639
-0.383775
-0.329177
-0.225174
-0.361663
-0.235179
-0.415127
-0.365752
-0.133010
-0.469016
-0.366389
-0.388896
-0.330449
-0.518505
-0.393607
-0.309215
-0.242793
-0.581179
-0.475780
-0.001599
-0.471058
-0.499239
-0.442781
-0.382184
-0.533656
0.244503
-0.475738
-0.238604
0.047808
-0.398596
-0.220426
-0.086503
-0.338900
-0.239689
0.351674
-0.037785
-0.253282
-0.041035
-0.333659
0.148490
-0.139801
0.331708
-0.230939
-0.295849
0.319346
-0.495352
-0.490686
-0.592455
-0.543387
-0.565642
-0.585656
-0.492862
-0.383074
-0.610775
-0.444057
-0.466033
-0.562837
-0.506951
0.176801
-0.465537
-0.428848
-0.382361
-0.233181
-0.281624
-0.200902
-0.372645
-0.384076
-0.342664
-0.146703
-0.124991
-0.224419
0.152857
-0.239122
0.459975
0.110806
0.524279
0.245813
0.581844
1.170045
0.481289
0.909119
-0.334799
0.634752
-0.170775
-0.391850
-0.251406
-0.281788
-0.247090
-0.280480
-0.220904
-0.413802
0.302680
-0.223059
0.250352
-0.508987
-0.177856
-0.281848
1.149520
1.160315
0.811138
0.977827
1.315426
0.618887
0.067965
0.074819
0.225634
0.186446
-0.114319
-0.075559
0.467848
0.111201
2.493871
0.903172
0.209448
-0.179282
-0.036029
-0.184674
-0.177057
-0.262827
-0.294820
-0.263567
-0.347476
-0.420717
-0.410818
-0.142196
-0.250373
-0.021910
0.168606
0.070283
0.132018
-0.261212
-0.138299
-0.356489
-0.428598
-0.503764
-0.090147
-0.256824
0.143976
0.632508
-0.140318
-0.403149
0.116263
-0.190503
-0.299362
-0.392371
-0.340615
-0.558461
-0.273951
-0.445638
-0.263154
-0.431820
-0.477261
-0.230259
-0.165065
-0.136374
-0.085546
-0.438570
-0.047031
0.494225
-0.273624
-0.408388
-0.266852
-0.288719
-0.445035
-0.448885
-0.460213
-0.446236
-0.395517
-0.596847
-0.307765
-0.397971
-0.417254
-0.335139
-0.442787
-0.542741
-0.592437
-0.532751
-0.636778
-0.464450
-0.633480
-0.420192
-0.598062
-0.586670
-0.611073
-0.542680
-0.655893
-0.560690
-0.675801
-0.598524
-0.383549
-0.556875
-0.607895
-0.613027
-0.687985
-0.576235
-0.554178
-0.302156
-0.388736
-0.560164
-0.086800
-0.170803
0.234453
-0.219662
-0.443735
-0.644848
-0.461038
-0.262345
-0.498968
-0.477157
-0.567672
-0.294079
-0.498600
-0.414438
-0.640719
-0.387429
-0.365411
-0.460393
-0.379853
-0.673785
-0.585797
-0.379584
-0.480349
-0.669589
-0.295231
-0.625134
-0.648207
0.007949
-0.628099
-0.526519
-0.564246
-0.521356
-0.503307
-0.600906
-0.468456
-0.477311
-0.571729
-0.569026
-0.390500
-0.183597
-0.512552
-0.615592
-0.501824
-0.399724
-0.499942
-0.404702
-0.376979
-0.456129
-0.420088
-0.183116
-0.413741
-0.410254
0.122620
-0.374709
0.367082
-0.076055
0.656186
0.390249
0.570350
0.051179
2.597318
0.874922
0.408703
0.320332
0.249398
0.451312
0.362812
1.148903
0.775519
0.476852
0.198655
0.701194
0.371690
0.982126
0.645942
1.063320
1.041673
1.000512
1.300659
-0.223458
-0.380636
-0.594152
-0.566558
-0.410465
-0.296508
-0.160343
-0.217305
-0.170040
-0.002780
-0.197373
-0.012235
-0.216717
0.245898
0.781616
0.453026
0.363460
0.722695
0.242237
1.130548
0.931339
1.552005
1.534967
2.203497
2.148631
1.328464
1.751736
2.560305
2.392225
1.877616
1.641638
1.146329
1.074536
1.892502
1.829494
1.357144
1.896122
1.434670
2.767038
0.875793
1.623757
3.224589
1.307362
0.635952
1.161078
0.888688
2.281330
2.635262
0.051042
0.396787
-0.241255
-0.439712
-0.176389
-0.500965
-0.388750
-0.267122
-0.548567
-0.529699
-0.461462
-0.486090
-0.462476
-0.556422
-0.298536
-0.359037
0.033277
-0.299544
0.169108
-0.128908
0.028000
-0.298515
0.147135
0.176304
0.184291
-0.118063
0.078038
0.538268
0.124226
-0.164136
0.200154
0.398869
-0.301851
0.022514
-0.269379
-0.451270
-0.492964
-0.258595
-0.333997
0.328001
-0.515451
-0.431694
-0.389538
-0.344388
-0.420082
-0.270163
-0.374197
-0.502175
-0.392947
-0.527573
-0.511019
-0.548224
-0.455162
-0.504902
-0.634803
-0.582721
-0.644897
-0.678118
-0.683074
-0.635479
-0.572437
-0.575372
-0.522155
-0.573303
-0.630062
-0.619946
-0.539386
-0.450609
-0.520162
-0.344801
-0.034078
-0.059571
-0.297469
-0.429532
0.027336
-0.383836
-0.109142
-0.367091
0.026013
0.226125
0.408958
-0.324875
-0.437587
-0.130546
0.224997
0.206625
-0.083827
-0.263539
0.421292
0.175300
0.223772
0.471250
1.502646
0.137297
-0.148827
0.493022
2.335482
0.704687
2.375588
0.694814
0.640970
0.906213
1.157262
0.778516
0.118073
0.155480
0.413433
0.193047
-0.497662
-0.565788
-0.620284
-0.529203
-0.403193
-0.565308
-0.513797
-0.517056
-0.443057
-0.403504
-0.585691
-0.390162
-0.524672
-0.412820
0.218413
0.235002
-0.314930
-0.340795
-0.008570
-0.348674
-0.043048
-0.147365
0.209966
0.142068
0.125839
0.174915
0.058931
-0.260047
-0.276508
-0.203453
-0.032522
-0.090827
-0.139514
0.252094
-0.229410
0.036640
-0.134549
0.243580
-0.160216
0.979294
0.163636
-0.319716
-0.292038
-0.295090
0.083552
-0.246906
-0.061075
-0.135600
-0.128724
-0.459279
-0.057013
-0.196269
-0.291112
-0.517030
-0.301171
-0.341080
-0.343121
-0.502891
-0.151253
-0.315778
0.177596
-0.067983
-0.433890
-0.539502
-0.019574
0.106453
0.555376
-0.352061
-0.282275
-0.230998
-0.509097
-0.538693
-0.390248
-0.447208
-0.325493
-0.378900
-0.376313
-0.471933
-0.596283
-0.515788
-0.485586
-0.158760
-0.326192
-0.302124
-0.128892
0.382936
0.177994
-0.369603
-0.231958
-0.277752
0.079016
-0.329866
-0.078091
-0.154030
-0.241473
-0.210766
-0.201364
0.133742
0.381190
0.041298
-0.241519
-0.400140
-0.260092
-0.159914
-0.311832
-0.501230
-0.385821
-0.416260
-0.306904
-0.353337
-0.098977
-0.369361
-0.512280
-0.437065
-0.295766
-0.295114
-0.412838
-0.392807
-0.357050
-0.412366
-0.526660
-0.228354
-0.487572
-0.473337
-0.407575
-0.609282
-0.501781
-0.382382
-0.502920
-0.598124
-0.659899
-0.415835
-0.413536
-0.152834
-0.063129
0.004895
-0.092976
-0.071491
0.282943
0.048172
0.434489
0.006498
0.350328
-0.038827
0.117028
0.315931
-0.154608
0.069794
0.045507
-0.103326
-0.142784
-0.193563
-0.348796
-0.394333
-0.244905
-0.170689
-0.498420
-0.527328
-0.625588
-0.598236
-0.605548
-0.605252
-0.690303
-0.636799
-0.621480
-0.610691
-0.405067
-0.428062
-0.513785
-0.419938
-0.553790
-0.457955
-0.457169
-0.502235
-0.471507
-0.331046
-0.520500
-0.363687
-0.487249
-0.344835
-0.612422
0.155747
-0.557112
-0.590990
-0.554834
-0.492509
-0.509833
-0.487221
-0.196824
0.223126
0.592039
-0.290305
-0.060106
0.271227
0.259690
-0.434076
-0.363638
-0.363884
-0.189602
-0.369000
-0.406040
-0.524821
-0.374588
-0.219507
-0.548508
-0.270856
-0.369767
-0.434992
-0.332106
-0.544158
-0.384653
-0.534673
-0.456707
-0.459894
-0.615168
-0.473048
-0.439770
-0.642380
-0.157645
-0.365518
-0.567651
-0.571789
-0.542373
-0.435047
-0.321787
0.004614
-0.396228
-0.560131
-0.364561
-0.620510
-0.543875
-0.269987
-0.105200
0.032678
0.443974
0.429480
0.316236
0.382014
0.185501
1.019303
0.314250
0.867353
1.159019
1.003238
1.730053
0.741377
1.558386
1.388341
4.876349
0.549463
0.374405
0.145746
0.055322
-0.345628
-0.206771
-0.182201
-0.206540
-0.233275
0.901309
-0.196315
0.689809
0.100343
0.975348
0.384655
1.151932
1.491039
0.324982
0.834593
0.839800
0.528851
0.763331
0.910391
1.153317
1.469806
1.630486
1.587506
0.881999
1.814374
2.251729
1.293451
1.604334
2.011144
1.307735
1.771268
2.103708
2.255557
2.001360
1.823265
2.672285
2.846385
2.012065
3.628694
2.166267
2.170976
1.522570
1.827344
3.174882
2.339599
2.334908
0.384693
0.090372
-0.050427
0.014978
0.061427
0.109522
0.238788
0.079656
2.032182
0.142897
-0.179520
-0.086277
-0.225367
-0.533018
-0.579734
-0.399854
-0.595167
-0.474022
-0.387621
-0.442904
-0.625783
-0.608319
-0.533695
-0.315337
-0.483437
-0.278450
0.012888
-0.568371
-0.334469
-0.286598
-0.515406
-0.336512
-0.421254
-0.197140
0.268549
-0.519947
-0.574199
-0.569832
-0.195316
-0.051308
-0.024247
-0.051582
-0.181469
-0.298103
0.013934
0.061767
-0.104554
0.204795
-0.314536
-0.006829
0.739220
-0.137661
0.334992
-0.010008
0.081112
0.123066
0.288825
1.130045
0.967909
0.437566
-0.034140
-0.364946
-0.434111
-0.562091
-0.368900
-0.498004
-0.248241
-0.597138
-0.301596
-0.334198
-0.576592
-0.387837
-0.445556
-0.422366
-0.636735
-0.560401
-0.581484
-0.465223
-0.356146
-0.489275
-0.297732
0.046666
-0.080702
0.509676
0.179055
-0.045493
0.775526
1.426213
2.450900
2.502089
1.458206
2.224015
1.160497
1.616695
0.450705
1.254834
0.800383
1.820835
0.280665
0.137877
-0.292527
-0.283393
-0.326311
-0.216591
-0.379356
0.001837
-0.145194
-0.147974
-0.086000
0.237970
1.052444
1.373491
0.400895
1.595712
1.042985
1.727458
1.178403
0.824027
0.813569
0.511132
0.560550
0.703533
1.682996
1.873625
1.671986
1.612051
1.500842
1.397302
1.447158
1.208125
1.092962
2.281369
3.027679
6.075358
6.648975
7.070150
4.260304
7.597129
8.502897
6.501746
4.694893
4.335705
9.958245
7.920258
9.139726
8.071132
10.342106
5.911787
2.939139
5.919827
1.520402
3.388707
1.251456
0.518194
0.016305
0.078888
-0.237210
0.156746
1.073099
-0.045585
-0.270860
-0.288695
0.849963
-0.125021
-0.196867
-0.303628
-0.231175
-0.412177
-0.062807
-0.556797
-0.496426
-0.643003
-0.474471
-0.438684
-0.619367
-0.566992
-0.647732
-0.468615
-0.499887
-0.494089
-0.556758
-0.266101
-0.458821
-0.510744
-0.550757
-0.565572
-0.528249
-0.539880
-0.684323
-0.219544
0.113869
-0.392763
-0.530821
-0.507674
-0.470684
-0.178932
-0.362715
-0.235885
0.113774
0.222483
0.166980
0.778757
0.155248
0.125116
-0.000849
0.675835
-0.124578
-0.271139
0.010588
0.015367
0.728858
0.520522
-0.007531
0.088740
0.921410
0.564585
0.330572
-0.271524
-0.574267
-0.552066
-0.361722
-0.048628
-0.209024
-0.035232
-0.260818
-0.081374
0.015088
-0.258708
-0.408892
-0.486616
-0.600657
-0.586097
-0.473818
-0.515305
-0.415265
-0.537710
-0.411816
-0.047080
-0.530534
1.154606
-0.090018
-0.293892
-0.269397
0.131973
-0.268251
0.254393
-0.010765
0.190020
-0.118475
0.263423
-0.151606
0.287833
-0.110747
0.622321
-0.144704
-0.294860
-0.564843
-0.615780
-0.633690
-0.516154
-0.178452
-0.478402
-0.442621
-0.299831
-0.414993
-0.474579
-0.674535
-0.343927
-0.184555
-0.227944
-0.172449
-0.328193
-0.216983
-0.276161
-0.346787
-0.496269
-0.243133
-0.529307
0.232817
-0.596748
-0.533381
-0.390823
-0.440600
-0.288825
-0.284151
-0.170043
-0.175264
-0.044021
0.779101
0.693539
0.951593
1.772052
1.606218
1.488937
1.355495
1.145104
0.814375
3.254840
5.926031
3.863979
1.575228
2.303244
1.923118
2.869238
4.336253
2.605863
6.114123
1.776932
1.017952
-0.027059
0.375354
0.135836
-0.241000
-0.360761
-0.018261
-0.225661
-0.162654
-0.316537
-0.439396
-0.298837
-0.384326
-0.520701
-0.537817
-0.426470
-0.566788
-0.563166
-0.614145
-0.388344
-0.575335
-0.420086
-0.514484
-0.563982
-0.598549
-0.434391
-0.359021
-0.415632
-0.260277
-0.188202
0.649808
-0.124418
0.056504
-0.034792
0.236688
0.115202
0.042416
-0.043028
-0.038422
-0.121019
0.126497
0.027025
-0.246861
-0.166613
-0.397061
-0.286979
-0.309757
-0.212908
-0.276506
-0.046323
0.385554
-0.000629
-0.428014
-0.108009
-0.414798
-0.402684
-0.245865
-0.414360
-0.476255
-0.339356
0.102888
-0.464550
-0.169998
-0.491123
-0.329665
-0.258047
-0.283062
-0.314882
-0.538421
-0.422555
-0.505152
-0.435332
-0.453516
-0.664592
-0.533818
-0.536795
-0.356731
-0.547446
-0.549246
-0.626665
-0.390235
0.044065
-0.341048
-0.512108
-0.287384
-0.299837
-0.383654
-0.285788
-0.370010
-0.296534
-0.066063
-0.512133
-0.294670
0.043299
0.278526
1.125858
0.751417
1.353614
0.326311
0.535726
0.327269
1.641505
1.825809
0.879164
0.413565
0.840314
-0.602820
-0.653456
-0.677253
-0.568208
-0.481685
-0.419564
-0.302995
-0.274582
-0.136330
-0.330596
-0.461356
-0.460043
-0.250578
-0.550864
-0.462174
-0.228097
-0.500749
-0.541084
-0.572024
-0.257103
-0.565518
0.098300
-0.385972
-0.324895
-0.077816
-0.016548
-0.166544
0.055261
-0.178876
-0.017802
-0.391951
0.536315
0.252588
0.928114
0.273932
0.289090
0.458638
0.323851
0.468823
0.707187
0.090090
1.116750
0.301542
0.059144
0.209692
0.814682
0.117824
0.023432
0.288893
0.282896
0.656861
-0.092014
0.338510
-0.228151
0.197339
0.291107
0.372959
-0.323044
-0.186148
-0.459560
-0.552593
-0.512511
-0.497214
-0.226263
-0.596347
-0.572297
-0.321762
-0.502181
-0.541553
-0.648708
-0.273782
0.166398
-0.395862
-0.508037
-0.340259
-0.247369
-0.454223
-0.234083
-0.405917
-0.245786
-0.413193
-0.193530
-0.234967
-0.224731
0.099421
-0.183701
-0.426121
-0.303221
-0.207000
0.102210
0.071542
-0.242956
-0.382315
0.076036
-0.158348
-0.011870
-0.043192
-0.156963
-0.099673
0.062416
-0.139521
-0.200297
-0.437410
-0.345920
-0.293245
-0.401319
-0.107177
-0.229056
-0.041261
-0.416472
-0.520617
-0.424510
-0.440273
-0.554656
-0.683191
-0.553514
-0.506639
-0.679659
-0.212294
-0.473773
-0.601869
-0.496458
-0.187338
-0.501040
-0.401590
-0.568103
-0.596887
-0.574198
-0.631718
-0.530022
-0.571782
-0.498505
-0.550197
-0.571875
-0.462823
-0.579295
-0.278024
-0.502635
-0.445410
-0.427315
-0.489993
-0.544049
-0.383979
-0.443652
-0.452940
-0.485635
-0.407480
-0.478849
-0.602636
-0.523327
-0.395263
-0.412057
-0.523243
-0.248083
-0.563477
-0.583416
-0.472102
-0.538108
-0.321218
-0.513539
-0.518315
-0.322266
-0.487671
-0.243634
-0.246478
-0.109960
-0.471599
-0.163445
-0.381268
0.009255
-0.151162
-0.070131
0.584611
-0.271233
0.086095
-0.220551
-0.309178
-0.360738
-0.263130
-0.132053
-0.393415
-0.169885
-0.357538
-0.290986
-0.342424
-0.353174
-0.391285
-0.412213
-0.017050
-0.122082
0.035978
0.170635
-0.107348
0.141660
0.654734
2.325847
0.898516
0.089386
1.101375
-0.044854
0.320488
0.867907
0.319215
0.974108
0.047110
0.537654
0.779934
0.121851
0.164330
-0.187736
-0.326272
0.214111
-0.236402
0.144190
-0.506777
-0.480433
-0.643580
-0.407707
-0.285899
-0.490341
-0.556197
-0.495014
-0.550183
-0.461465
-0.349510
-0.274342
-0.326639
-0.421078
-0.078438
-0.323508
-0.364125
-0.301838
-0.582674
-0.057176
-0.364874
-0.227842
-0.295668
-0.273276
-0.369300
-0.306061
-0.382210
-0.373812
-0.181815
-0.147660
-0.182121
-0.035682
-0.167912
-0.271297
0.034995
-0.372360
0.097991
0.063338
0.577800
-0.074373
-0.060190
-0.347061
-0.336329
-0.270606
-0.183101
0.072011
-0.183387
0.202807
0.017559
0.117692
0.459317
-0.171857
0.910392
-0.145128
-0.270922
-0.374317
-0.411317
0.177378
-0.303896
-0.356202
-0.228973
-0.200857
-0.161015
-0.193308
-0.410619
-0.188082
0.369036
-0.201346
-0.417578
-0.395046
-0.557934
-0.454236
-0.470365
-0.687644
-0.460277
-0.428893
-0.159594
-0.228670
-0.367821
-0.010434
-0.126172
-0.198323
0.125017
-0.441114
-0.436466
-0.466699
-0.289915
-0.373019
-0.457356
-0.262157
-0.435038
-0.614950
-0.607982
-0.681327
-0.645919
-0.516694
-0.515209
-0.520508
-0.484379
-0.383872
-0.544017
-0.578491
-0.375301
0.293231
-0.014732
-0.455176
-0.078278
-0.291676
-0.052502
-0.620407
-0.105111
-0.331375
-0.422967
-0.563922
-0.398220
-0.558167
-0.463276
-0.110064
-0.240856
-0.319556
-0.245829
-0.002157
-0.374465
-0.502348
-0.486829
-0.593634
-0.623637
-0.450804
0.864460
0.334205
2.999616
0.042853
1.057420
0.479726
0.381372
0.313543
0.339122
0.119164
0.336834
0.361991
0.157074
0.216762
0.406019
0.065756
0.465966
0.884468
0.125254
0.089376
-0.167680
-0.209633
0.074729
-0.316163
-0.048655
-0.227073
-0.556789
-0.528263
-0.536088
-0.518407
-0.454256
-0.420322
-0.560706
-0.593189
-0.662395
-0.588240
-0.170294
0.254499
-0.185572
-0.233091
-0.404715
-0.355585
-0.329070
-0.173761
-0.115859
0.237010
-0.332108
-0.364701
-0.087207
-0.149037
-0.018719
-0.120523
0.336769
-0.234554
-0.196997
-0.476060
-0.171582
-0.422970
-0.373904
-0.097607
-0.229096
-0.264493
-0.075122
-0.154064
-0.210017
0.039710
0.090525
-0.252030
1.804117
0.258230
-0.314659
-0.136763
0.167319
0.387557
-0.373335
-0.094732
-0.334065
-0.400767
-0.133462
-0.264078
-0.231736
-0.475465
-0.556700
-0.330441
-0.247791
-0.169346
-0.480439
-0.030870
-0.381105
-0.007596
-0.352163
-0.714147
-0.634900
-0.640096
-0.615703
-0.554866
-0.646854
-0.601841
-0.627422
-0.498358
-0.592120
-0.581057
-0.521941
-0.593206
-0.592828
-0.544990
-0.532388
-0.557411
1.197727
-0.268761
-0.421942
-0.139144
-0.079460
-0.316425
-0.349373
-0.200180
-0.240774
-0.533255
-0.427189
-0.268891
-0.570913
-0.363316
-0.365845
-0.398854
-0.608645
-0.574364
-0.462433
-0.458465
-0.657036
-0.599007
-0.505075
-0.657409
-0.578019
-0.523041
-0.635207
-0.645450
-0.614395
-0.404293
-0.497626
-0.387098
-0.628268
-0.680251
-0.505417
-0.539256
-0.605204
-0.607389
-0.584448
-0.561293
-0.563392
-0.685686
-0.645465
-0.634803
-0.588317
-0.523716
-0.490511
0.336574
0.110336
0.177211
0.142074
0.134887
0.936802
0.464427
1.648055
0.215213
0.019480
0.141955
1.258622
0.526863
-0.111287
0.511483
0.648460
0.463740
0.606831
0.282185
-0.167556
0.818588
0.821508
0.136540
0.249983
-0.276897
-0.384729
-0.419287
-0.533258
-0.559900
-0.448506
-0.624386
-0.608557
-0.559028
-0.523318
-0.583357
-0.414051
-0.621402
-0.549160
-0.662882
-0.661752
-0.480890
-0.376428
-0.579933
-0.618807
-0.564922
-0.521912
-0.555749
-0.633066
-0.640430
-0.604987
-0.697051
-0.687382
-0.440026
-0.574636
-0.545221
-0.047524
0.143005
-0.442227
-0.083540
-0.365546
-0.095516
-0.291675
0.171368
-0.043256
-0.084225
0.017974
-0.218147
0.064530
0.247094
0.713239
0.433703
0.274352
1.676501
1.358817
0.088884
-0.324044
-0.533992
-0.411927
-0.680712
-0.405644
-0.496762
-0.397021
-0.418139
-0.543295
-0.532187
-0.332095
0.082138
-0.394844
-0.280453
-0.362392
-0.264684
-0.557096
-0.541225
-0.538344
-0.475482
-0.341556
-0.474910
-0.311956
-0.267888
-0.567617
-0.590179
-0.407980
-0.582851
-0.573860
-0.284129
-0.550570
-0.034710
0.472795
-0.169133
-0.246098
-0.311663
-0.245225
-0.128006
-0.299783
-0.527215
-0.587992
-0.349914
-0.374672
-0.450062
-0.286867
-0.510080
-0.535683
-0.615982
-0.530686
-0.531423
-0.557557
-0.339693
-0.584188
-0.528354
-0.589061
-0.489059
-0.534007
-0.513214
-0.529252
-0.306623
-0.497519
-0.009270
-0.371090
0.114751
-0.037728
-0.322322
-0.422471
0.009691
0.072620
0.154969
-0.148832
-0.120077
-0.077460
-0.191494
-0.235303
0.182285
-0.083636
-0.222058
-0.313705
-0.306528
0.649953
-0.159092
0.364740
0.007182
0.272148
0.511445
0.233827
0.259198
-0.135383
1.353810
0.558785
0.378327
0.830246
0.237779
-0.000928
0.335055
0.263237
0.270739
0.301143
0.327040
0.326053
0.013380
-0.103963
-0.264960
-0.128907
0.046311
0.243802
0.011825
0.365364
-0.054722
-0.189754
-0.356628
0.038745
-0.048467
0.076620
-0.278838
-0.054812
0.688081
-0.176107
-0.363796
-0.278349
-0.169292
-0.257279
-0.149282
-0.536275
-0.518888
-0.422850
-0.534912
-0.346828
-0.455125
-0.623605
-0.611903
-0.519348
-0.548443
-0.401151
-0.404929
-0.495140
-0.222683
-0.297540
-0.250420
0.135371
-0.297682
0.135856
-0.017861
-0.149056
-0.348865
-0.199269
-0.271403
-0.577075
-0.464990
-0.391385
-0.506222
-0.437152
-0.615786
-0.588014
-0.566693
-0.608864
-0.667822
-0.661042
-0.704768
-0.665451
-0.752094
-0.662994
-0.603676
-0.771743
-0.627382
-0.633603
-0.555855
-0.463911
-0.563185
-0.579364
-0.654581
-0.626847
-0.363439
-0.313497
-0.514525
-0.496494
-0.454446
-0.418068
-0.370434
-0.318111
-0.135023
-0.159220
-0.220267
0.044533
-0.108498
0.888244
0.980447
0.470435
0.403742
3.227025
1.717896
1.171382
1.090397
1.484457
0.368710
0.028640
0.608961
0.473949
-0.133021
-0.372993
-0.190371
-0.403281
-0.458219
-0.396753
-0.371404
-0.263790
-0.246978
-0.100614
-0.073009
0.427871
-0.140893
0.082305
0.140029
0.828150
0.320675
0.631119
0.995710
1.044162
2.839540
2.465188
3.817789
6.176120
4.986823
6.634063
10.730517
15.339602
10.715862
5.469429
10.684267
4.761202
4.557584
4.896574
8.191443
5.156579
7.107911
4.231359
5.001311
4.481629
5.418601
2.853002
1.254020
2.532329
1.256848
0.083010
1.517912
0.353360
0.230042
0.210278
0.239734
0.183481
0.309299
-0.111317
-0.149897
0.121810
-0.145189
-0.400455
-0.307802
-0.099424
-0.187100
0.723820
-0.302020
-0.416632
-0.544125
0.436305
-0.395476
-0.626753
-0.541316
-0.657979
-0.629553
-0.516027
-0.238593
-0.093454
-0.378376
0.053762
-0.395629
-0.253150
-0.292043
-0.523001
-0.505376
-0.417053
-0.262693
-0.533445
-0.483181
-0.364985
-0.213159
-0.451136
-0.485922
-0.232790
-0.283493
-0.079126
-0.009078
-0.270703
-0.020695
-0.363038
0.332656
-0.269749
0.011073
0.100616
0.990645
0.412510
-0.108008
0.269603
0.500941
0.924813
0.676367
0.224195
0.011342
-0.180645
-0.013388
-0.373207
-0.070190
-0.145362
-0.126757
0.070865
-0.078641
-0.336337
-0.047926
-0.288859
-0.427477
0.020881
-0.480489
-0.429905
0.448555
0.069541
-0.004059
0.501397
0.287031
0.733332
0.261368
0.456988
0.936502
0.677045
0.785038
0.549093
0.160939
0.204251
-0.221151
-0.225489
0.083095
-0.254372
-0.152275
0.014951
-0.374107
-0.608171
-0.420427
-0.238123
-0.511270
-0.258512
-0.298614
-0.307123
-0.370110
-0.425504
-0.455308
-0.478776
-0.539471
-0.451811
-0.499258
-0.511394
-0.354004
-0.498477
-0.446569
-0.346247
-0.295817
-0.307936
-0.121206
-0.057417
-0.076073
0.526326
-0.227505
0.012061
0.077919
0.100676
0.093149
0.944436
0.141601
-0.055527
-0.073174
0.137151
0.379513
0.107285
-0.060361
-0.151045
-0.159372
-0.069512
-0.055564
0.098617
0.251502
0.813558
0.450048
1.142171
0.679708
0.938053
0.650554
0.455672
0.482379
0.756729
0.260326
0.298260
0.245194
0.490433
-0.050878
-0.255702
0.391841
-0.005546
-0.040603
-0.043544
-0.009717
-0.206908
-0.455142
-0.170724
-0.312165
-0.033775
-0.413404
-0.621443
-0.436866
-0.565851
-0.594803
-0.463316
-0.630874
-0.700264
-0.655894
-0.667718
-0.388034
-0.508382
-0.179090
-0.284772
-0.289174
-0.414792
-0.123592
-0.417946
-0.481529
-0.253819
-0.379358
-0.399942
-0.383280
-0.488315
-0.540041
-0.501939
-0.493533
-0.689186
-0.427069
-0.375377
-0.404750
-0.273338
-0.435661
-0.330164
-0.100927
-0.447655
-0.399983
-0.115361
-0.327398
-0.262031
-0.421183
0.147416
-0.365069
-0.426662
-0.479591
-0.457488
-0.506483
-0.376633
-0.583421
-0.282578
-0.067799
-0.387433
-0.649914
-0.530712
-0.607062
-0.578684
-0.525202
0.037738
-0.676061
-0.617934
-0.268923
-0.330173
-0.446570
-0.243467
-0.395576
-0.298950
-0.394988
-0.457945
-0.464530
-0.421767
-0.385201
-0.266748
0.299749
-0.455531
-0.436093
-0.358535
0.166499
-0.516112
-0.420925
-0.569687
-0.036817
-0.304318
-0.381735
-0.414296
-0.494890
-0.511947
-0.473297
-0.375912
-0.510101
-0.635375
-0.714490
-0.604821
-0.549872
-0.587092
-0.661660
-0.223960
-0.010524
-0.314317
-0.262074
-0.298378
-0.464751
-0.140494
-0.443606
-0.086241
-0.452031
-0.341713
0.549091
-0.217417
-0.409171
-0.457325
-0.549918
-0.501565
-0.051223
-0.369066
-0.146371
-0.427962
-0.188684
-0.351258
-0.095184
1.091049
-0.100078
0.024906
-0.462249
-0.230346
-0.590435
0.069917
-0.400216
-0.331444
-0.456275
-0.208949
0.346028
0.209970
1.311828
0.559020
0.792437
0.930656
1.547373
0.316011
1.367008
-0.134347
0.312772
0.485051
0.750118
0.816170
0.295363
-0.082525
0.167452
-0.241046
0.589548
-0.015054
0.150042
0.357350
-0.527653
-0.351968
-0.574188
-0.499827
-0.650690
-0.726410
-0.473561
-0.616670
-0.525953
-0.589745
0.009450
-0.504328
-0.460389
-0.509910
-0.461310
-0.610241
-0.599074
-0.559729
-0.547725
-0.575750
-0.549089
-0.589118
-0.419791
-0.530055
-0.623774
-0.469683
-0.552870
-0.514020
-0.424054
-0.457959
-0.310433
-0.508775
-0.219721
-0.084005
0.775600
-0.433242
-0.253955
-0.137543
-0.061811
-0.345313
-0.151975
-0.426285
-0.279083
-0.475305
-0.506618
-0.352787
-0.294358
-0.389586
-0.363473
0.045490
-0.341602
-0.038828
-0.134190
-0.515981
-0.118279
-0.203319
-0.362044
-0.426704
-0.374345
-0.574536
-0.336935
-0.612947
-0.649982
-0.585798
0.290384
-0.416837
-0.450345
-0.364080
-0.163790
-0.376608
-0.394411
-0.422899
-0.564605
-0.494061
-0.385943
-0.522954
-0.554188
-0.499370
-0.501348
-0.503150
-0.415241
-0.547835
-0.618480
-0.555018
-0.685945
-0.517940
-0.531016
-0.403577
-0.177964
1.212457
-0.019671
0.057359
-0.103969
0.678347
0.070885
0.205186
-0.372705
-0.211149
-0.376590
-0.161469
-0.259832
-0.502399
-0.540152
-0.159658
-0.434993
-0.537744
-0.537745
-0.510799
-0.015936
-0.301993
-0.609375
-0.681819
-0.647022
-0.715400
-0.741632
-0.638504
-0.728872
-0.586767
-0.653893
-0.520844
-0.561729
-0.543839
-0.698321
-0.594828
-0.670053
-0.492370
-0.643862
-0.519354
-0.642850
-0.626148
-0.508809
-0.585362
-0.171421
0.083280
0.330272
0.739489
0.349362
0.420830
0.244959
0.018855
0.914898
0.322977
0.439263
0.070310
0.549199
1.025973
0.476851
-0.136096
0.128971
0.167368
0.103659
-0.054684
-0.060803
0.206412
-0.122871
0.089644
-0.380740
-0.364392
-0.304022
-0.476114
-0.505299
-0.561444
-0.549991
-0.572995
-0.613528
-0.282478
-0.456587
-0.589853
-0.538152
-0.448040
-0.472902
-0.431831
-0.415183
-0.407787
-0.490546
-0.394121
-0.389306
-0.324944
-0.255438
-0.198010
-0.174181
-0.244349
-0.154762
-0.228188
-0.099120
-0.174828
-0.001237
0.273873
-0.116695
-0.144125
-0.247363
-0.188341
-0.250998
-0.262542
-0.176756
-0.246679
-0.097941
-0.229073
-0.220998
-0.441617
-0.454991
-0.390944
-0.351546
-0.101591
-0.215844
-0.337574
-0.303120
-0.146351
-0.248914
-0.349807
-0.280026
-0.176381
-0.277640
-0.191705
-0.101241
-0.400265
-0.076803
-0.515275
-0.645264
-0.681010
-0.591465
-0.707388
-0.656082
-0.739967
-0.686574
-0.678244
-0.459444
-0.478259
-0.689041
-0.390173
-0.604538
-0.398893
-0.613713
-0.167737
-0.343842
-0.394654
-0.449726
-0.540681
2.213140
-0.260862
-0.521656
-0.655013
-0.328191
-0.542370
-0.539003
-0.539483
-0.301236
-0.458984
-0.384771
-0.413970
-0.454811
-0.231981
-0.475030
-0.458757
0.390454
-0.334683
-0.474528
-0.190632
-0.192918
-0.096297
0.008311
0.055709
-0.141805
-0.188599
-0.380488
-0.474790
-0.548006
-0.429100
-0.616007
-0.603947
-0.627785
-0.539809
-0.633693
-0.503205
-0.683434
-0.549661
-0.523805
-0.672478
-0.475557
-0.263990
-0.352431
-0.402228
-0.584889
-0.531345
-0.412837
-0.445914
-0.478275
1.069213
0.754728
0.277091
0.037735
0.731851
1.465767
1.297244
0.686910
1.160454
0.735476
0.069616
0.208714
1.154089
0.271780
0.661708
0.892254
0.688291
0.419627
0.236904
0.026734
0.190324
-0.052803
0.342557
-0.281844
0.109990
-0.430094
-0.511632
-0.544097
-0.588093
-0.567289
-0.518353
-0.644971
-0.603723
-0.634936
-0.607666
-0.355780
-0.495828
-0.562951
-0.465859
-0.368856
-0.175315
-0.465126
-0.215356
-0.307534
-0.118640
-0.318311
-0.396277
-0.420322
-0.302467
-0.145328
-0.162523
-0.082113
-0.271912
-0.156376
0.124854
0.084111
-0.263111
-0.279347
-0.155260
-0.413571
-0.057743
0.209192
-0.122880
-0.305429
-0.261051
-0.142838
-0.317113
-0.446228
-0.353043
-0.310865
-0.189317
-0.157008
-0.410874
-0.323735
-0.305045
0.080913
-0.281938
-0.146387
-0.027324
-0.088745
-0.265476
-0.222696
-0.557447
-0.657035
-0.619936
-0.497709
-0.637903
-0.324389
-0.628165
-0.634303
-0.603786
-0.717534
-0.736695
-0.592767
-0.658358
-0.559991
-0.607673
-0.350050
-0.141821
-0.535750
-0.513762
0.023968
-0.026614
-0.489653
-0.454280
-0.272929
-0.169694
-0.274904
-0.366006
-0.543224
-0.150266
-0.245167
-0.295048
-0.030518
-0.069924
-0.572444
-0.535972
-0.490091
-0.682364
-0.637848
-0.658260
-0.722505
-0.717592
-0.499242
-0.606590
-0.577803
-0.570195
-0.744428
-0.649429
-0.643744
-0.697233
-0.670993
-0.649553
-0.458072
-0.611429
-0.632715
-0.686661
-0.631672
-0.626250
-0.733207
-0.690352
-0.731737
-0.630380
-0.587902
-0.655423
-0.533841
-0.618925
-0.609154
-0.580514
-0.700822
-0.610851
-0.594826
-0.581191
-0.520252
-0.586859
-0.532569
-0.345587
0.126950
0.185659
0.073441
0.448399
0.341685
0.166182
0.530005
0.003678
-0.119902
0.157785
-0.175889
-0.309001
0.510795
0.717918
1.669149
0.841519
0.327979
0.151022
0.058268
0.254026
0.034052
-0.138485
-0.060040
-0.219639
-0.113923
-0.111285
-0.406191
-0.140283
-0.282282
-0.501079
0.081784
0.222589
0.250630
0.611021
0.095637
-0.179211
-0.034158
-0.226024
-0.358493
-0.279350
-0.472876
-0.425097
-0.485674
-0.520087
-0.575474
-0.568133
-0.379927
-0.392533
-0.585316
-0.552467
-0.540817
-0.350402
-0.520635
-0.297464
-0.371522
-0.400098
-0.407862
-0.179973
-0.262038
-0.448284
0.223541
0.100542
0.192212
0.938005
-0.303986
0.093931
-0.134799
-0.184671
-0.163063
-0.361347
-0.512928
-0.259445
-0.189186
-0.348415
-0.072665
-0.267491
-0.308817
-0.561593
-0.521431
-0.295658
-0.258719
0.223997
-0.288059
0.007695
-0.262026
0.163610
0.252285
0.065959
0.229580
-0.476834
-0.319365
-0.341189
-0.180281
-0.276699
-0.106481
-0.118106
-0.396069
-0.284298
0.259820
0.522375
0.089590
-0.185151
0.004542
0.816769
-0.310221
-0.177335
-0.105026
-0.021088
-0.283211
0.093572
-0.034574
-0.349557
-0.243381
-0.108411
-0.077388
0.108362
-0.390952
-0.420718
-0.462419
-0.500593
-0.287209
-0.625547
-0.613784
-0.442986
-0.531230
-0.330379
-0.499221
-0.390594
-0.369700
-0.382146
-0.057192
-0.134869
0.328062
0.030694
-0.434655
-0.134763
-0.214996
-0.251786
0.030440
-0.056854
-0.154166
0.188175
-0.248859
1.181685
0.516187
-0.067720
-0.103976
-0.269927
-0.288396
-0.255587
-0.421784
-0.455006
-0.345034
-0.476155
-0.217568
-0.279147
-0.340455
0.295366
0.005740
0.112247
0.205373
-0.033387
-0.184332
0.824709
-0.227324
0.149302
1.760430
0.399134
-0.024910
-0.130939
-0.123036
0.382877
0.734612
0.155242
-0.028355
0.141206
0.027645
-0.072216
-0.378012
-0.410387
-0.507300
-0.337833
-0.577410
-0.614562
-0.623433
-0.647288
-0.635450
-0.652429
-0.597170
-0.664691
-0.605553
-0.607154
-0.455239
-0.396770
0.716906
-0.292571
-0.200225
0.049924
-0.386459
0.346132
-0.466655
-0.504854
-0.550450
-0.457888
-0.536137
-0.379045
-0.499667
-0.465887
-0.298080
-0.659732
-0.491660
-0.351513
-0.283111
-0.138152
0.988193
1.625489
0.394143
0.113654
0.087295
0.115784
-0.197194
-0.234627
-0.184566
-0.251238
-0.088806
-0.099487
-0.091102
0.073121
-0.106430
-0.142572
-0.046726
0.507377
-0.002004
0.045619
-0.114248
-0.240883
0.386337
-0.194807
0.357574
-0.045177
0.317167
-0.335673
-0.122388
-0.383783
-0.566789
0.269748
0.884169
-0.106467
0.058115
0.004917
-0.255018
-0.172363
0.121631
-0.111705
-0.292411
-0.130386
-0.134103
0.005301
0.122346
0.058679
0.351051
1.725355
0.408154
-0.214258
-0.404018
0.154381
-0.085562
-0.502655
-0.279200
-0.474222
-0.453119
-0.587962
-0.156605
-0.608095
-0.623245
-0.475615
-0.619354
-0.560892
-0.653088
-0.520748
-0.311463
-0.461793
-0.311409
-0.315472
-0.436974
-0.349651
-0.295747
0.690268
0.063733
0.406945
0.036935
0.517298
-0.426216
0.334171
-0.277915
-0.196665
-0.096037
-0.108936
-0.135500
-0.329285
-0.068576
-0.021215
0.103796
0.291489
0.318368
0.195392
0.372224
0.151745
0.362343
0.520491
0.472137
1.327718
1.295480
0.379396
0.713978
0.548989
0.532578
0.567484
0.173633
0.803341
0.380362
0.708036
0.654043
0.230444
0.723919
0.336983
-0.135119
0.055415
0.602695
0.332259
0.225169
0.147139
-0.007283
0.019665
-0.031913
-0.260418
-0.211902
-0.104353
-0.443720
-0.407621
-0.498416
-0.552657
-0.603175
-0.558417
-0.364620
-0.631934
-0.479146
-0.454367
-0.422949
-0.509864
-0.482521
-0.551400
-0.532446
-0.248653
-0.231648
-0.334765
-0.268203
-0.539902
-0.504708
-0.492598
-0.430569
-0.494610
-0.508540
0.155865
-0.405050
-0.301318
-0.248083
-0.023307
0.352936
-0.202103
0.139930
1.238469
1.101332
0.795777
4.806097
1.612059
1.624410
1.763638
2.732030
3.269573
3.935347
3.416640
2.603631
2.187981
0.274456
0.005397
-0.410247
-0.359070
-0.224970
-0.066536
-0.485385
0.067866
-0.054648
0.234630
-0.333274
-0.128807
-0.443943
-0.339395
-0.368166
-0.161183
-0.222783
-0.166384
-0.403178
-0.067298
-0.277156
-0.146600
0.267609
0.595148
0.109217
1.251378
1.471724
0.869854
0.445765
0.459187
0.246855
0.541328
1.030493
-0.135930
-0.297905
0.296993
0.337967
-0.071017
-0.209236
-0.075541
-0.257377
0.101401
-0.177041
0.169928
-0.248548
-0.002387
0.771802
0.164324
0.535746
0.094035
0.133722
0.100506
-0.082914
0.122022
-0.246644
0.832598
-0.115703
-0.241415
0.111399
-0.373994
-0.381243
-0.446916
-0.541651
-0.620865
-0.396555
-0.560536
-0.442124
-0.576419
-0.480211
0.085451
-0.157349
0.144540
0.355337
1.122763
