-0.977565
-0.977565
-0.977565
-0.977565
-0.977565
-0.977565
-0.977565
-0.977565
-0.977565
-0.977565
-0.977565
-0.977565
-0.977565
-0.977565
-0.977565
-0.977565
-0.977565
-0.977565
-0.977565
1.177570
0.130006
0.510861
0.092405
-0.144238
0.520212
-0.127992
-0.104812
-0.265622
-0.293400
-0.151152
-0.385822
-0.387671
-0.466283
-0.413396
-0.431822
-0.423795
-0.558992
-0.590215
-0.550856
-0.632646
-0.484004
-0.410643
-0.387318
-0.487446
-0.542098
-0.442279
-0.454862
-0.231861
-0.478593
-0.497730
-0.467806
-0.314853
-0.407901
-0.453634
-0.267308
-0.465599
-0.314400
-0.488693
-0.373536
-0.553103
-0.412574
-0.365967
-0.452277
-0.431253
-0.523995
-0.535678
-0.373283
-0.388757
-0.420029
-0.326601
-0.327427
-0.326391
-0.469435
-0.036997
-0.377023
-0.441072
-0.471036
-0.187667
-0.519231
-0.491599
-0.495793
-0.333064
-0.324616
-0.516368
-0.569337
-0.431795
-0.481315
-0.514081
-0.523861
-0.609759
-0.636053
-0.516238
-0.611546
-0.537327
-0.559523
-0.330296
-0.533037
-0.519984
-0.617161
-0.496310
-0.506805
-0.409775
-0.402846
-0.407576
-0.552873
-0.164375
-0.507135
-0.335075
-0.297927
-0.532113
-0.265496
-0.427002
-0.426536
-0.170907
-0.204742
-0.339053
-0.343306
-0.383882
-0.174390
-0.415923
-0.294188
-0.202233
-0.191660
-0.211758
-0.126282
0.082626
-0.259016
-0.230076
-0.178532
-0.114100
-0.347029
-0.052966
-0.470641
-0.385247
-0.439238
-0.271077
-0.318416
-0.310238
-0.293055
-0.390765
-0.162805
-0.107962
-0.115974
-0.567690
-0.171971
-0.172774
-0.307130
0.143979
-0.345980
-0.496520
-0.475279
-0.360052
-0.567502
-0.511485
-0.521393
-0.420367
-0.488774
-0.459530
-0.501201
-0.505310
-0.419618
-0.352765
-0.514230
-0.541308
-0.363290
-0.399030
-0.502696
-0.534235
-0.475353
-0.516178
-0.452827
-0.535618
-0.608623
-0.538948
-0.559406
-0.553324
-0.558434
-0.518664
-0.421275
-0.491760
-0.309771
-0.390567
-0.343146
-0.389694
-0.303582
-0.468119
-0.421329
-0.432926
-0.362206
-0.496230
-0.280934
-0.449886
-0.327013
-0.486164
-0.403986
-0.388755
-0.398050
-0.488924
-0.219349
-0.280416
-0.444517
-0.325409
-0.464877
-0.386803
-0.238603
-0.495596
-0.396165
-0.543503
-0.416374
-0.534006
-0.572216
-0.560640
-0.318009
-0.391413
-0.172368
-0.199006
0.407310
0.313790
0.133041
0.564140
0.459435
0.225568
0.302932
1.585085
1.852914
0.877055
1.131870
0.290203
0.626070
0.787358
0.722651
0.460778
0.483276
0.771765
0.510442
0.413988
0.574695
0.414124
0.701027
0.469426
0.933631
1.187677
0.269715
1.228570
0.511410
0.349274
-0.309030
0.254930
0.148437
0.392392
1.646277
0.720596
1.080116
1.137951
0.984766
0.509356
1.075933
0.203865
0.138045
0.483889
0.932383
0.676587
0.362151
1.403661
1.731046
3.407421
1.681957
2.372292
1.520872
0.507177
0.090582
0.126887
-0.219654
-0.169973
-0.176143
-0.197849
-0.501306
-0.012241
-0.275859
-0.346786
-0.428600
-0.530309
-0.377069
-0.389605
-0.448019
-0.394951
-0.585591
-0.364104
-0.498152
-0.292879
-0.274103
-0.458908
-0.278176
-0.346947
-0.254317
-0.532304
-0.413345
-0.333771
-0.397240
-0.533916
-0.453509
-0.193412
-0.529627
-0.403717
-0.506937
-0.446105
-0.446581
-0.266762
-0.343817
-0.402075
-0.478506
-0.378379
-0.484368
-0.361723
-0.367427
-0.447711
0.038150
0.043416
0.018008
-0.387050
-0.244044
-0.102152
0.351968
-0.029322
0.656164
0.513767
0.001993
0.328728
-0.053076
-0.195341
0.252590
-0.390489
0.049073
-0.143403
0.145456
-0.232371
-0.198821
-0.297965
-0.232124
-0.305360
-0.309972
-0.456483
-0.488380
-0.411408
-0.547674
-0.498686
-0.483490
-0.471930
-0.451942
-0.299998
-0.483582
-0.521892
-0.496047
-0.381775
-0.316194
-0.574471
-0.567687
-0.368234
-0.557239
-0.555264
-0.526313
-0.491644
-0.516241
-0.568175
-0.446067
-0.521800
-0.486553
-0.517300
-0.527636
-0.471406
-0.471154
-0.430176
-0.540844
-0.488862
-0.486073
-0.481424
-0.454608
-0.217364
-0.418740
-0.312967
-0.621898
-0.629213
-0.373620
-0.600883
-0.545525
-0.510297
-0.529668
-0.478158
-0.480907
-0.480181
-0.547728
-0.542383
-0.496077
-0.435669
-0.468525
-0.548669
-0.501447
-0.431682
-0.488327
-0.518773
-0.408954
-0.125643
0.276920
-0.376566
-0.445810
-0.306978
-0.323014
-0.562226
-0.491325
-0.552924
-0.461872
-0.516399
-0.438077
-0.445318
-0.422869
-0.212180
-0.321998
-0.219807
-0.448103
-0.512898
-0.276898
-0.330927
0.025993
-0.427724
-0.389120
-0.422091
-0.323970
-0.085458
-0.392216
-0.361601
-0.319177
-0.396574
-0.398770
-0.496686
-0.371729
-0.306497
-0.565022
-0.238326
-0.423594
-0.288757
-0.269330
-0.149783
-0.239708
-0.025482
-0.189292
-0.071314
-0.047510
0.102609
-0.071337
0.201540
0.003751
0.179695
0.513357
0.383145
0.418503
1.978870
1.135483
0.389546
1.439096
0.182039
0.384226
0.135342
0.515783
0.872972
0.545950
0.517983
0.802508
0.993237
0.675620
1.038043
1.006765
0.262383
0.495572
0.755213
0.682612
0.892915
1.287399
0.190977
0.242376
0.042522
1.419259
0.380477
0.210164
0.198889
-0.120128
0.392370
-0.147918
-0.068126
-0.117950
-0.217682
-0.108072
-0.059284
-0.298939
-0.241860
-0.144226
0.160621
1.057078
0.634153
1.296508
1.834692
1.162381
1.119834
1.403382
2.037936
2.934891
2.959311
3.614365
1.697774
2.329010
1.096549
3.461908
7.023821
1.949657
2.661465
10.147335
3.240800
10.909409
1.319320
0.450031
0.606012
0.743916
0.264205
0.269227
-0.074895
0.062523
-0.039022
-0.235001
0.099803
0.606810
0.061850
0.070642
0.555626
-0.098940
0.440841
0.145647
0.296429
0.392348
0.273609
0.355561
0.360949
0.294859
1.423186
0.358432
0.131576
0.068573
0.165360
0.441326
0.505630
0.745371
1.135298
1.211381
0.629138
0.868194
0.507616
0.272664
-0.285263
0.070665
-0.138432
-0.375294
-0.031073
-0.128818
-0.282313
-0.110714
-0.260418
-0.183332
-0.432861
-0.270129
-0.328457
-0.393631
-0.399946
-0.360933
-0.372855
-0.041973
-0.352608
-0.283035
-0.408117
-0.265060
-0.461984
-0.447508
-0.516528
-0.432726
-0.507627
-0.266621
-0.365111
-0.319536
-0.370580
-0.472976
-0.187283
-0.299094
-0.559276
-0.491865
-0.596182
-0.461965
-0.403449
-0.634204
-0.581886
-0.401094
-0.280243
-0.511229
-0.500278
-0.449799
-0.556189
-0.206627
-0.501963
-0.514944
-0.507224
-0.486570
-0.437280
-0.540423
-0.400875
-0.484981
-0.463515
-0.461329
-0.207064
-0.437475
-0.199182
-0.504687
-0.419115
-0.391550
-0.333420
-0.290284
-0.329248
-0.302696
-0.370495
-0.111991
-0.397884
-0.476114
-0.462104
-0.539257
-0.457763
-0.519730
-0.420972
-0.475212
-0.465040
-0.489112
-0.475524
-0.402642
-0.476299
-0.536366
-0.407688
-0.476280
-0.509795
-0.435230
-0.447449
-0.491499
-0.453048
-0.340813
-0.527584
-0.530093
-0.376779
-0.536573
-0.395790
-0.432383
-0.463237
-0.438877
-0.452271
-0.464445
-0.547589
-0.416860
-0.373718
-0.578061
-0.334070
-0.459703
-0.342851
-0.354242
-0.284133
0.121474
-0.029881
-0.277652
-0.357771
-0.373294
-0.339137
-0.350983
-0.366451
-0.236849
-0.247191
-0.058979
-0.317730
-0.307071
-0.458913
-0.263844
-0.214135
0.134535
-0.078549
-0.159869
-0.156305
-0.229056
-0.251109
0.305484
-0.178524
0.050419
-0.071088
-0.066621
0.899210
-0.001712
0.047426
-0.235336
-0.275876
-0.249037
-0.343881
-0.350586
-0.278612
-0.208078
0.091210
-0.003834
-0.236565
0.391775
-0.032386
-0.053431
-0.287452
-0.182646
-0.112915
-0.182957
-0.115424
-0.055840
-0.366632
0.147581
0.043903
0.025548
-0.086953
0.228444
-0.334323
0.015403
-0.223401
-0.293202
0.142395
-0.019275
0.074471
-0.363888
-0.331755
-0.258016
-0.412366
-0.306783
-0.381120
-0.398448
-0.237808
-0.416137
-0.401559
-0.406482
-0.240968
-0.345983
-0.428945
-0.418245
-0.273831
-0.359010
-0.370955
-0.402890
-0.422512
-0.464167
-0.417677
-0.352428
-0.512455
-0.319721
-0.440242
-0.470485
-0.145658
-0.364182
-0.395373
-0.375619
-0.427157
-0.480185
-0.402870
-0.457239
-0.441702
-0.398683
-0.484276
-0.216865
-0.391692
-0.402424
-0.447061
-0.437561
-0.454959
-0.045996
-0.223651
-0.509432
-0.358816
-0.572267
-0.570186
-0.556165
-0.324778
0.080928
-0.225052
-0.403547
-0.424777
-0.356849
-0.292468
-0.446410
-0.298737
-0.376491
-0.290082
-0.326362
-0.157004
-0.468803
-0.515315
-0.233515
-0.176219
-0.288646
-0.385921
-0.287033
-0.091517
-0.384116
-0.521144
-0.521095
-0.338067
-0.409776
-0.499470
-0.434457
-0.491982
-0.445535
-0.449607
-0.355630
-0.446420
-0.364868
-0.299324
-0.521739
-0.453402
-0.373269
-0.381785
-0.373828
-0.293592
-0.355108
-0.384370
-0.305761
-0.351397
-0.375172
0.730470
-0.382019
-0.415219
-0.531784
-0.481223
-0.393054
-0.360089
-0.557681
-0.571078
-0.478945
-0.446354
-0.559256
-0.495430
-0.451001
-0.154221
-0.311903
-0.518088
-0.500244
-0.577654
-0.590332
-0.580470
-0.514749
-0.589972
-0.522031
-0.376630
-0.403482
0.037116
-0.308972
-0.368200
-0.577327
-0.539508
-0.612029
-0.465410
-0.507173
-0.481998
-0.511013
-0.243609
-0.458336
-0.390826
-0.547808
-0.557232
-0.536889
-0.384400
-0.439159
-0.402114
-0.520891
-0.305037
-0.409566
-0.588143
-0.507662
-0.538138
-0.519052
-0.427901
-0.531833
-0.599469
-0.554754
-0.535431
-0.604772
-0.546252
-0.495540
-0.513207
-0.235669
-0.312980
0.132570
-0.070289
-0.082690
-0.387865
0.163253
-0.185707
-0.218251
-0.246293
-0.479361
-0.608046
-0.562246
-0.551650
-0.507379
-0.453744
-0.397959
-0.454590
-0.441559
-0.273447
-0.368854
-0.503506
-0.522018
-0.504725
-0.574677
-0.459550
-0.398276
-0.521395
-0.311889
-0.387835
-0.471355
-0.565954
-0.460195
-0.430164
-0.546398
-0.515888
-0.408048
-0.474963
-0.412749
-0.257805
-0.106861
-0.192313
-0.445175
0.060316
0.141138
0.200898
-0.122204
-0.402016
-0.053152
-0.248227
-0.472352
-0.305542
-0.315103
-0.220871
-0.373918
-0.453369
-0.185431
-0.228569
-0.352378
-0.042018
-0.051009
0.575899
-0.076783
1.229708
0.103090
1.803609
0.299706
0.415915
0.426537
2.151625
0.509973
1.239166
0.108848
0.262885
0.824967
0.722901
0.569221
0.384961
0.319506
0.169133
0.625822
0.591417
0.257219
0.366395
0.365362
-0.229319
-0.208702
-0.135596
-0.434030
-0.303174
0.001360
-0.254606
-0.466618
-0.521234
-0.571699
-0.391332
-0.482189
-0.412239
-0.237503
-0.112559
-0.450910
-0.426841
-0.603408
-0.440125
-0.594064
-0.400805
-0.341838
-0.340176
-0.456743
-0.564965
-0.563935
-0.547335
-0.517881
-0.445373
-0.228696
-0.237445
-0.323484
-0.190552
-0.109785
-0.234742
-0.260949
0.560406
0.065789
0.041108
0.110774
0.206727
0.266640
-0.125575
-0.194382
-0.289349
0.105682
-0.161504
-0.236717
-0.149081
-0.278860
-0.203882
-0.332488
-0.528631
-0.294530
-0.193009
-0.426381
-0.296432
-0.220085
-0.284922
-0.409778
-0.398127
-0.242151
-0.396288
-0.391901
-0.369400
-0.421691
-0.180431
-0.505866
-0.532910
-0.333429
-0.566574
-0.529380
-0.457611
-0.505246
-0.178546
-0.168348
-0.415782
-0.104921
-0.286450
-0.532859
-0.354027
-0.384053
-0.285107
-0.231164
0.865522
-0.231259
-0.313435
0.258854
-0.054032
-0.326290
-0.119004
-0.279570
0.069531
-0.355478
-0.415374
-0.403294
-0.106813
-0.050616
-0.149391
-0.246046
-0.015264
0.071221
-0.004893
0.311423
0.265667
-0.048441
-0.224646
-0.350502
-0.450752
-0.229911
-0.161748
-0.485997
0.191857
-0.236916
-0.340850
-0.280803
-0.121338
-0.332963
-0.375613
-0.058475
-0.436777
-0.248106
-0.487624
-0.502476
-0.399117
-0.366720
-0.497903
-0.305036
-0.483048
-0.510106
-0.459133
-0.388571
-0.386689
-0.334749
-0.474030
-0.429840
-0.254156
-0.477343
-0.493405
-0.243748
-0.415327
-0.358295
-0.337094
-0.402731
-0.361006
-0.449755
-0.411932
-0.419342
-0.344704
-0.265140
0.737540
-0.045438
-0.187965
-0.088172
0.012382
-0.099480
0.289916
0.872454
-0.276299
-0.413336
-0.430869
-0.397948
-0.420866
-0.313948
-0.430022
-0.375948
-0.193682
-0.234030
-0.055492
-0.321604
-0.325270
-0.521081
-0.513454
-0.420931
-0.379722
-0.348375
-0.459706
-0.457044
-0.481111
-0.262956
-0.490661
-0.509328
-0.200794
-0.362246
-0.490840
-0.525396
-0.502483
-0.552638
-0.377986
-0.494229
-0.432763
-0.470160
-0.514292
-0.502874
-0.455397
-0.300671
-0.349524
-0.229846
-0.511019
-0.352915
-0.482718
-0.375253
-0.285002
-0.001646
-0.145882
-0.076640
-0.136270
-0.531869
-0.096841
0.262418
-0.410465
-0.382564
-0.319852
-0.262144
-0.414837
-0.344051
-0.275559
-0.220668
-0.265481
0.074531
-0.232306
-0.192220
0.135182
-0.161874
1.057153
-0.140687
-0.244182
-0.382327
-0.374797
-0.479014
-0.417640
-0.362608
0.184539
0.063179
-0.213694
-0.121407
-0.171926
0.032374
-0.391074
-0.198484
-0.121366
-0.188298
-0.122674
-0.262651
-0.233122
0.033319
1.086223
0.010457
-0.232982
0.046710
-0.334115
-0.336722
-0.408320
-0.225026
-0.264223
-0.074255
-0.472089
-0.156988
-0.170244
-0.319658
-0.315621
-0.353591
0.164790
-0.247180
-0.243578
-0.453202
-0.209445
0.081498
-0.381229
-0.252470
-0.482063
-0.087527
-0.337846
-0.401286
-0.049690
-0.300426
-0.301142
-0.425757
-0.297253
-0.418499
-0.522806
-0.399127
-0.354089
-0.086103
-0.315860
-0.332984
-0.376062
-0.239676
-0.042431
-0.437418
-0.456319
-0.213509
-0.278034
-0.454701
0.252182
-0.470333
-0.482613
-0.338495
-0.483038
-0.089415
-0.396823
-0.410756
-0.441905
-0.493659
-0.367884
-0.410957
0.008119
-0.030505
-0.351074
-0.163376
-0.222089
0.001033
-0.178009
-0.394643
-0.399239
-0.188163
-0.433391
-0.231975
-0.012898
-0.318345
0.162245
-0.239815
-0.154391
-0.186612
-0.422418
-0.338667
-0.476319
-0.501443
-0.511292
-0.429346
-0.385046
-0.497829
-0.434888
-0.477085
-0.213825
-0.537350
-0.350780
-0.469451
-0.529328
-0.549682
-0.265592
-0.552882
-0.484959
-0.185851
-0.432969
-0.393581
-0.415763
-0.372162
-0.171665
-0.325025
-0.219903
-0.216330
-0.314912
-0.382053
-0.127885
-0.228947
-0.071802
-0.376797
-0.106932
-0.278383
-0.349506
-0.330030
-0.060826
-0.343804
-0.312283
-0.064189
-0.193577
-0.327147
-0.207512
-0.438204
-0.464009
-0.229684
-0.495146
-0.406698
-0.401883
-0.448638
-0.383058
-0.416777
-0.436335
-0.400641
-0.225953
-0.309920
-0.286302
-0.364842
-0.212934
-0.375388
-0.356149
-0.306879
-0.467643
-0.548904
-0.482541
-0.531344
-0.539515
-0.504524
-0.446848
-0.417129
-0.494608
-0.584322
-0.461320
-0.587149
-0.559660
-0.468676
-0.568018
-0.431014
-0.499060
-0.463981
-0.328665
-0.424494
-0.432085
-0.176942
-0.501459
-0.318661
-0.506609
-0.399263
-0.284671
-0.490536
-0.176973
-0.400755
-0.462663
-0.432590
-0.369273
-0.290266
-0.331778
-0.425766
-0.555946
-0.489206
-0.353387
-0.433584
-0.522866
-0.549241
-0.294177
-0.438184
-0.376388
-0.324595
-0.491856
-0.118785
-0.210227
-0.339232
-0.093468
-0.098922
0.134934
0.135965
-0.026461
-0.168415
0.554807
0.360054
-0.076376
0.790603
-0.227590
-0.000055
0.151320
0.024572
-0.107846
0.598842
-0.004203
0.406585
0.026977
-0.112292
0.011948
0.119355
-0.219363
0.073906
0.031043
-0.212337
-0.356457
-0.227569
-0.127299
0.055193
0.055654
-0.234778
-0.063160
0.399320
0.039890
0.696404
-0.042860
-0.198324
0.493751
0.395783
1.189010
0.327642
0.306098
0.163182
0.159162
0.074166
-0.181217
-0.153676
-0.391784
0.014466
-0.036500
-0.052044
-0.336935
-0.477098
-0.560726
-0.487710
-0.441779
-0.518991
-0.164498
-0.358345
-0.378586
-0.368256
-0.323087
-0.277754
-0.393961
-0.377340
-0.488417
-0.519420
-0.501569
-0.393145
-0.500597
-0.295102
-0.230291
0.100655
-0.245113
0.012896
-0.336274
-0.184581
-0.199387
0.366022
-0.277502
0.082123
0.258219
-0.301103
0.081566
-0.138985
-0.042534
-0.313173
-0.017939
0.356538
-0.090785
0.233280
-0.383754
-0.152366
-0.082598
-0.049169
-0.313217
-0.189065
0.143141
0.588335
-0.136838
-0.151466
0.001040
0.154319
0.017939
-0.137682
-0.092321
-0.059588
-0.121772
-0.292680
-0.086865
0.143556
-0.333027
-0.284908
-0.241854
-0.331606
-0.331773
0.622026
-0.211862
-0.165541
-0.302408
-0.334883
-0.278543
-0.222721
-0.429244
0.104282
-0.454640
-0.273781
-0.223113
-0.376754
-0.489608
-0.490963
-0.399769
-0.552281
-0.414169
-0.392884
-0.342680
-0.414776
-0.392027
-0.502849
-0.535262
-0.471133
-0.340756
-0.379194
-0.491770
-0.236123
-0.328020
-0.424728
-0.532398
-0.401968
-0.253063
-0.484785
-0.597625
-0.233621
-0.349067
-0.359445
-0.520390
-0.546642
-0.395579
-0.574820
-0.595765
-0.474993
-0.536730
-0.412309
-0.215920
-0.341068
-0.487344
-0.382925
-0.436980
-0.483455
-0.422589
-0.439768
-0.543122
-0.479927
-0.465439
-0.340870
-0.462749
-0.437508
-0.568640
-0.421351
-0.473515
-0.493726
-0.598308
-0.558009
-0.488597
-0.619537
-0.626680
-0.609805
-0.514694
-0.422405
-0.392246
-0.508038
-0.522576
-0.511375
-0.226356
-0.345671
-0.417589
-0.114422
-0.215703
0.162665
0.998505
1.003795
0.611600
0.185387
0.062375
0.330292
0.494011
0.572733
0.585157
0.524975
0.420826
0.362732
0.656934
0.202890
0.172953
-0.139892
-0.075818
0.400995
-0.156022
-0.053870
0.106374
-0.080740
0.013298
-0.286451
0.482004
0.564626
-0.152596
0.326827
0.108786
-0.333547
0.556469
-0.250868
-0.024605
-0.151966
-0.305346
-0.062074
0.105056
0.136557
0.414795
0.995693
0.261346
0.091845
0.371142
0.647471
0.417324
0.033615
0.081555
0.225680
0.247392
0.029962
0.591017
0.277190
0.368194
0.137463
0.222587
0.544964
0.397800
-0.306136
0.113588
0.202798
-0.156159
-0.293526
-0.259413
-0.055680
-0.340718
0.106927
0.819615
0.080316
0.485256
0.444322
0.477634
1.600334
0.389425
0.253356
0.172522
0.040375
0.410998
-0.010130
-0.021627
0.402285
0.791856
0.464368
1.250333
3.878800
1.568335
-0.036733
0.782692
1.845817
0.258192
2.379812
2.018974
1.814870
1.661726
3.306272
1.541232
2.356190
4.834586
1.036650
4.911551
0.829714
1.660970
3.361813
1.952065
2.966722
1.271152
3.459098
1.900804
2.420800
1.201337
2.485000
1.936302
0.674640
2.079833
1.962530
2.630669
1.289409
0.619633
0.719523
0.372247
0.460840
-0.052430
0.186112
0.404358
1.113475
0.463700
-0.075300
-0.017735
1.059707
1.410397
0.723666
0.810307
-0.047578
-0.018970
0.001051
-0.206597
-0.126812
-0.069631
-0.235895
0.300244
0.124523
0.283601
-0.325662
-0.042086
0.677793
0.349980
0.189996
-0.079556
0.416152
0.440202
0.484132
0.565156
1.087442
0.954766
-0.273728
-0.384455
-0.376547
-0.454067
-0.275356
-0.078077
-0.333429
-0.390588
-0.288803
-0.397941
-0.340457
-0.374093
-0.377158
0.012365
-0.428764
-0.384652
-0.035414
-0.320782
-0.326491
-0.240556
-0.360651
-0.548257
-0.287012
-0.444606
-0.539530
-0.533468
-0.554454
-0.370854
-0.459856
-0.506017
-0.543889
0.044957
-0.381470
-0.011215
-0.283877
-0.301260
-0.466888
-0.611720
-0.517914
-0.505397
-0.421510
-0.173230
0.580928
0.976513
1.546995
0.296863
-0.180091
-0.098292
0.850955
0.076994
0.414772
-0.058564
-0.195581
-0.237281
0.148559
0.377458
0.694812
0.687095
2.528241
0.896179
0.569788
1.253994
0.249732
0.311599
0.071218
-0.089181
-0.338832
0.633444
-0.124168
-0.429955
-0.324943
-0.416769
-0.353322
-0.282213
-0.435423
-0.315464
-0.088920
-0.437398
-0.305906
-0.228546
-0.420272
-0.445688
-0.225693
-0.214783
-0.137719
-0.101378
-0.301259
-0.262522
-0.481116
-0.290156
-0.182510
-0.266818
0.016202
-0.117360
-0.286375
-0.008875
-0.040201
-0.162699
-0.119115
-0.112261
-0.240629
-0.168642
-0.332151
-0.325717
-0.560204
-0.431584
-0.366278
-0.147849
-0.289672
-0.003893
-0.299825
-0.454401
-0.329553
-0.537093
-0.524454
-0.429295
-0.533590
-0.346457
-0.501823
-0.365852
-0.318496
-0.454200
-0.359163
-0.376748
-0.483776
-0.461570
-0.342705
-0.248581
-0.314184
-0.347321
-0.396677
-0.340738
-0.341467
-0.195133
-0.097284
-0.165745
-0.306369
-0.344438
-0.351719
-0.377987
-0.593962
-0.466607
-0.401560
-0.390234
-0.447358
-0.418557
-0.295085
-0.452772
-0.402545
-0.492846
-0.397808
-0.307012
-0.501364
-0.311111
-0.451068
-0.462796
-0.457997
-0.485757
-0.410907
-0.474297
-0.424432
-0.408956
-0.400303
-0.382973
-0.510540
-0.532104
-0.456941
-0.450507
-0.176904
-0.519652
-0.462674
-0.455270
-0.443529
-0.250690
-0.390354
-0.419170
-0.326487
-0.462684
-0.418700
-0.452212
-0.316188
-0.191384
-0.314356
-0.187715
-0.423182
-0.356002
-0.359669
-0.544129
-0.258113
-0.490473
-0.420158
-0.551470
-0.431217
-0.501768
-0.607083
-0.398135
-0.555491
-0.625525
-0.542379
-0.498724
-0.520115
-0.525374
-0.579472
-0.495786
-0.472009
-0.598987
-0.451460
-0.598902
-0.487723
-0.569518
-0.550546
-0.541487
-0.519180
-0.535214
-0.423154
-0.477428
-0.454835
-0.429140
-0.515537
-0.424141
-0.552389
-0.530840
-0.370700
-0.468766
-0.512552
-0.393463
-0.521729
0.086938
-0.301774
-0.417512
-0.424270
-0.515386
-0.420537
-0.338368
-0.106966
-0.101681
-0.466169
-0.401658
-0.370799
-0.508797
-0.268749
-0.494555
-0.352847
-0.378100
-0.502683
-0.386783
-0.411613
-0.388200
-0.319792
-0.072140
-0.323828
-0.221828
-0.293094
-0.533024
-0.375141
-0.326049
-0.205406
-0.193758
-0.364916
-0.356632
-0.272174
-0.274817
0.091019
-0.345039
-0.383351
-0.281076
-0.180945
0.080604
-0.187236
-0.433710
-0.180607
-0.286475
-0.133694
-0.227239
-0.159103
-0.132996
-0.425478
-0.434682
-0.121120
-0.497710
-0.390584
-0.290490
-0.500792
-0.392861
-0.474404
-0.372464
-0.324821
-0.404535
-0.333751
-0.052140
-0.111311
-0.010701
-0.087889
0.095179
-0.183053
0.257393
0.287493
0.269957
0.666099
0.430678
2.260769
0.773353
1.250278
2.390313
2.591078
0.891667
1.118209
1.170464
1.874292
2.774114
0.167766
2.442426
0.673670
2.052903
3.190871
1.281975
2.552921
0.924523
2.623933
1.156438
1.239655
3.414919
0.221378
0.302304
-0.059145
0.180739
0.480848
-0.018007
0.023355
0.624514
-0.116743
0.017307
-0.123080
0.294592
-0.032502
0.727179
0.329902
0.351836
0.310259
1.122039
0.075141
0.078161
0.010637
0.578637
-0.198739
-0.336366
-0.197395
0.164766
-0.220674
-0.318451
-0.159184
-0.253092
-0.133834
-0.147392
-0.277433
-0.252372
-0.038587
-0.086272
-0.277136
-0.225764
-0.142435
-0.258439
-0.366638
-0.122982
-0.140921
-0.385194
-0.204553
-0.339478
-0.295768
-0.287593
-0.088620
-0.178470
-0.244873
-0.132924
0.068448
0.076405
-0.256758
-0.036840
0.352743
-0.089350
0.205074
-0.218846
-0.079499
-0.143832
-0.149280
-0.389665
-0.045240
-0.340150
-0.443630
-0.394600
-0.358507
0.871656
-0.244374
-0.540832
-0.450473
-0.412679
-0.450822
-0.434925
-0.299044
-0.417550
-0.404892
-0.479450
-0.351489
-0.381134
-0.470194
-0.255572
-0.527970
-0.276154
-0.219451
-0.359857
-0.397985
-0.046734
-0.443043
-0.064462
-0.395583
-0.145694
-0.397357
-0.226560
-0.395236
-0.396577
-0.320663
-0.010121
-0.145374
-0.177409
-0.428541
-0.322149
0.646527
-0.029273
-0.211320
-0.102668
-0.211331
-0.135528
0.011970
-0.076227
0.064094
-0.012835
0.247611
0.603390
0.286456
0.007101
0.142920
0.199498
0.144317
-0.042168
0.758126
0.309295
0.083200
0.641120
-0.084483
0.437752
0.680788
0.957055
1.007040
0.787599
0.262833
0.269154
0.834232
0.472716
0.265216
1.455140
0.622750
1.372954
0.339598
0.541714
0.272596
-0.219770
-0.007439
0.078049
-0.339140
-0.429820
-0.459337
-0.486157
-0.544958
-0.533108
0.506594
-0.251727
0.820568
0.271433
0.168983
-0.365985
-0.248910
-0.548618
-0.467698
-0.278969
-0.311653
-0.169546
-0.302777
-0.418720
-0.215614
-0.298264
0.088818
-0.192558
-0.411677
0.003527
-0.406179
-0.252484
-0.321439
-0.251009
-0.098213
-0.411735
-0.148513
-0.426725
-0.346518
-0.509995
-0.283371
-0.417081
-0.104220
-0.233880
-0.447976
-0.213733
-0.536803
-0.515062
-0.386576
-0.522462
-0.410001
-0.562348
-0.416428
-0.556566
-0.606243
-0.541199
-0.549572
-0.469486
-0.385322
-0.525287
-0.180752
-0.468250
-0.452061
-0.493463
-0.196399
-0.152558
-0.419370
-0.348749
-0.608037
-0.548149
-0.451900
-0.334880
-0.140254
-0.416721
-0.350020
-0.217298
-0.547215
-0.489259
0.292643
-0.361573
-0.296784
-0.464894
0.057991
-0.082705
-0.169796
-0.022803
-0.033674
0.025507
-0.019719
-0.099803
-0.190772
-0.202555
-0.290573
0.305993
-0.217318
-0.194922
0.164519
-0.185806
-0.280436
-0.393035
-0.163956
0.072709
-0.363768
-0.356463
-0.394316
-0.350942
-0.482164
-0.297025
-0.257990
-0.279484
-0.434428
-0.360555
-0.457252
-0.528059
-0.488945
-0.540196
-0.536165
-0.372635
-0.210450
-0.440597
-0.386055
-0.451359
-0.490133
-0.045817
0.097671
-0.046259
-0.312281
-0.244388
-0.130729
-0.029818
-0.234001
-0.036376
-0.029961
0.922928
-0.107401
0.620223
0.354479
-0.026988
0.211562
0.959746
0.835879
0.513477
1.037827
1.751900
1.398534
0.452689
0.452527
0.404396
0.891358
0.746029
0.917190
0.005728
0.183724
0.082243
0.193675
-0.033794
-0.234234
0.910314
0.253243
0.223942
0.260553
-0.042893
0.240097
0.673048
-0.009416
0.479041
0.621502
1.311434
0.796171
0.115618
1.109193
0.344750
0.441897
0.277921
0.709547
1.561572
1.337867
0.014253
0.985508
1.052617
0.151217
-0.007056
0.247221
0.131885
-0.003880
-0.203606
-0.189349
0.049560
0.494162
0.132700
0.047868
-0.305333
-0.091417
1.147957
0.072677
0.011748
0.135430
0.167735
0.411294
-0.364270
-0.293729
-0.281096
-0.381487
-0.416154
0.065451
0.002692
0.097999
-0.350185
-0.179118
0.009377
-0.019831
-0.358628
-0.158966
-0.405343
-0.428640
-0.472868
-0.357808
-0.085926
-0.469719
-0.266956
-0.308675
-0.101371
-0.245542
-0.233380
-0.429943
-0.330393
-0.375070
-0.025784
-0.385295
-0.364140
-0.370908
-0.307657
-0.460023
-0.400616
-0.454112
-0.435892
-0.513317
-0.420439
-0.487257
-0.580237
-0.482139
-0.470462
-0.400982
-0.383064
-0.252052
-0.313685
-0.147156
-0.285795
-0.062976
1.006296
-0.311935
-0.293145
-0.243814
0.393752
-0.280081
-0.251961
-0.427081
-0.068154
-0.238377
-0.253106
-0.363482
-0.438992
-0.341426
-0.194418
-0.310091
-0.321205
-0.131178
-0.401950
-0.266203
-0.401295
-0.239333
-0.140733
-0.270805
-0.394062
-0.317619
-0.282987
-0.233150
-0.460757
-0.338348
-0.553548
-0.477438
-0.361123
-0.393957
-0.462103
-0.438180
-0.315000
-0.409595
-0.563948
-0.465424
-0.458502
-0.403652
-0.246352
-0.101041
-0.260371
-0.291440
0.323936
0.245605
0.241015
-0.043977
0.169820
0.438871
0.299894
0.691102
0.463344
0.470946
0.441952
-0.026593
-0.111829
-0.019967
0.179865
0.484241
0.705095
0.545323
0.836209
2.228045
2.271792
1.040296
2.068188
1.380998
1.089841
3.364411
2.676834
1.887894
0.852883
0.724408
2.614429
3.428409
1.911975
3.367113
1.278199
1.443941
1.473505
0.740384
3.009982
1.802021
1.111811
5.218544
5.747878
0.912625
3.035028
2.553623
1.897371
1.396381
1.173173
0.825211
1.524080
2.080108
2.090774
1.071933
0.793928
0.569573
0.203280
0.062925
-0.039947
-0.200177
-0.355774
-0.407678
-0.514768
-0.470151
-0.403074
-0.363702
-0.456188
-0.277665
-0.442913
-0.413063
-0.356282
-0.458291
-0.415706
-0.385445
-0.516700
-0.515119
-0.398470
-0.463333
-0.314715
-0.577538
-0.436508
-0.384582
-0.371821
-0.394028
-0.440456
-0.462487
-0.462883
-0.543338
-0.593591
-0.507093
-0.293695
-0.420741
-0.208655
-0.288244
-0.374572
-0.412373
-0.550331
-0.464756
-0.429037
-0.554684
-0.501985
-0.478544
-0.372573
-0.576521
-0.489364
-0.526465
-0.457591
-0.508365
-0.530637
-0.348609
-0.429427
-0.502135
-0.498939
-0.511190
-0.391551
-0.444952
-0.375062
-0.407741
-0.365650
-0.307516
-0.498397
-0.521640
-0.425863
-0.309390
-0.419348
-0.318458
-0.414614
-0.366293
-0.263868
-0.301619
0.032014
0.190584
0.294624
-0.014265
0.152412
0.145360
0.382795
0.674914
0.230271
-0.276935
-0.086219
-0.212181
-0.161382
-0.256339
-0.102247
0.206936
0.334563
0.088419
0.132040
0.183028
-0.354101
-0.122288
-0.141073
0.148664
0.035354
-0.246244
-0.312727
-0.002605
-0.124844
-0.336165
-0.397416
0.069470
-0.145414
-0.336523
1.015258
-0.000534
-0.130478
-0.000868
0.078533
-0.116494
-0.034021
-0.277449
0.117483
-0.430228
-0.471466
-0.411908
-0.586806
-0.503517
-0.426418
-0.560964
-0.584464
-0.522362
-0.462224
-0.524013
-0.417113
-0.558740
-0.514267
-0.506926
-0.487524
-0.433483
-0.364819
-0.338363
-0.322498
-0.444335
-0.499367
-0.431382
-0.200495
-0.013247
-0.258944
-0.288447
-0.286298
-0.211402
-0.353631
-0.372560
-0.212202
-0.500539
-0.223778
-0.292473
-0.239499
-0.173629
-0.126314
-0.310837
0.027018
-0.259781
-0.215558
-0.134696
-0.227849
-0.358387
-0.188342
-0.430055
-0.280347
-0.216665
-0.280008
-0.319567
-0.412300
-0.232723
-0.441816
-0.450481
-0.299025
-0.477227
-0.612944
-0.493249
-0.467082
-0.403630
-0.463514
-0.552296
-0.465808
-0.386877
-0.488782
-0.295270
-0.163054
-0.395383
-0.220449
-0.453245
-0.257508
-0.303441
-0.494181
-0.416664
-0.449946
-0.477136
-0.251677
-0.383934
-0.173122
-0.503844
-0.525038
-0.510281
-0.488802
-0.265789
-0.435559
-0.562772
-0.508584
-0.616765
-0.461831
-0.508237
-0.485006
-0.444340
-0.479675
-0.236209
-0.477734
-0.410192
-0.433253
-0.500623
-0.332538
-0.600493
-0.281085
-0.522758
-0.478245
-0.327883
0.129740
-0.460188
-0.466202
-0.364567
-0.517376
-0.393476
-0.478192
-0.451575
-0.317527
-0.370007
-0.127217
-0.383162
-0.119677
0.137630
0.290898
0.343207
0.025949
0.262753
-0.097134
0.229128
0.287915
0.041499
0.558436
-0.153215
-0.137030
0.269264
0.594335
0.135592
0.160972
0.017296
-0.201499
0.173675
-0.248017
-0.294982
-0.229837
-0.114506
-0.058054
-0.289653
-0.228241
-0.088319
0.464777
-0.374389
-0.027141
0.572362
0.316101
0.009383
-0.077839
-0.202844
-0.522417
-0.446348
-0.376134
-0.453533
-0.227205
-0.377661
-0.225643
-0.382418
-0.187123
-0.257741
-0.351035
-0.138146
-0.289396
-0.369545
-0.259192
-0.223747
-0.233237
-0.353893
0.071334
-0.075004
0.009314
-0.052207
-0.056172
-0.232945
-0.258739
-0.402515
-0.172142
-0.064630
-0.259975
-0.311007
-0.050705
-0.061498
-0.089100
-0.001156
-0.015882
0.111552
-0.193029
0.294000
-0.016965
-0.032945
0.826433
-0.164851
-0.409733
-0.035639
-0.112292
0.122277
0.027122
0.495470
-0.091327
-0.145390
0.234782
-0.034192
0.399646
-0.150296
-0.294918
0.228115
-0.341797
-0.256902
-0.437687
-0.371089
-0.390278
-0.390045
-0.537592
-0.513934
-0.600395
-0.473062
-0.543576
-0.365657
-0.380468
-0.047323
0.006530
0.156369
-0.118109
-0.108994
-0.146572
-0.088934
0.049936
-0.243702
0.031215
-0.365383
-0.158876
-0.215425
-0.135947
0.068318
-0.346725
0.253338
0.010835
-0.357674
-0.371781
-0.239004
-0.365386
-0.265603
-0.211377
-0.339890
-0.434524
-0.391806
-0.393891
-0.253739
-0.145767
-0.255087
-0.256053
-0.432296
-0.485579
-0.442438
-0.552067
-0.508600
-0.538390
-0.340945
-0.507308
-0.362314
-0.354582
-0.425687
-0.375603
-0.371235
-0.433682
-0.313590
-0.369732
-0.410013
-0.591684
-0.515145
-0.468199
-0.383559
-0.513717
-0.317730
-0.275601
-0.276180
-0.480483
-0.283623
-0.548828
-0.531324
-0.510509
-0.367012
-0.366817
-0.412514
-0.473209
-0.485778
-0.464738
-0.531026
-0.559601
-0.423067
-0.375150
-0.518158
0.604185
-0.255605
-0.523198
-0.473832
-0.348252
-0.578741
-0.603772
-0.504779
-0.522816
-0.472036
-0.396653
-0.186893
-0.396673
-0.314949
-0.356611
-0.437090
-0.139990
-0.347601
0.165662
-0.339462
-0.362704
0.058363
-0.439889
0.017991
-0.161755
-0.352205
-0.339540
-0.151465
0.017483
-0.256787
-0.307863
-0.199422
-0.175397
0.428138
-0.177712
-0.320337
-0.270646
0.264295
-0.127984
0.424101
-0.219444
-0.260043
-0.175747
-0.091745
0.257480
-0.415574
-0.371317
-0.379073
-0.485078
-0.354125
-0.411331
0.199149
-0.381916
-0.258897
-0.430947
-0.222254
-0.474916
-0.280484
-0.334091
-0.401837
-0.205406
-0.244189
-0.349216
-0.268459
-0.398155
-0.169216
-0.263765
-0.318101
-0.422621
-0.218528
-0.254701
-0.436619
-0.294962
-0.547827
-0.366740
-0.373080
-0.392327
-0.475995
-0.494318
-0.415074
-0.178956
-0.426261
-0.490893
-0.507694
-0.429470
-0.219670
-0.455370
-0.435960
-0.427434
-0.510535
-0.450094
-0.467596
-0.414535
-0.534134
-0.413269
-0.405650
-0.245552
-0.061594
-0.241137
-0.290644
-0.378676
-0.417630
-0.421183
-0.343950
-0.320109
-0.510540
-0.399908
-0.490644
-0.402424
-0.453280
-0.233958
-0.130576
-0.141224
0.060149
-0.283022
-0.202338
-0.186151
-0.267242
-0.399036
-0.366343
0.103594
0.025088
-0.156309
-0.219599
-0.357708
-0.329369
-0.105182
-0.292201
-0.249539
-0.264598
0.079171
0.007366
0.585710
-0.130398
0.072827
1.205092
-0.037699
0.267170
0.183682
-0.110497
-0.014643
-0.135163
0.084070
-0.192030
-0.282414
-0.381860
-0.417744
-0.386388
-0.293684
-0.123423
-0.379215
-0.366030
-0.370950
-0.277925
-0.245853
-0.231109
0.332125
-0.270706
-0.225165
-0.258427
-0.389677
-0.346470
-0.453856
-0.329868
-0.153227
-0.039537
-0.028082
-0.339931
-0.184458
-0.449018
-0.474587
-0.280640
-0.483558
-0.289761
-0.318823
-0.298823
-0.172043
-0.209110
-0.245632
-0.131450
-0.373755
0.044337
-0.068660
-0.238205
-0.446986
-0.203402
-0.226673
-0.223458
-0.239580
-0.210891
-0.204302
0.211787
-0.216245
0.207552
-0.335238
-0.225047
0.092710
-0.350964
0.009500
-0.350661
-0.201956
-0.269910
-0.283578
-0.163129
1.169544
-0.302671
-0.417507
-0.496274
-0.493219
-0.433349
-0.531939
-0.433337
-0.471806
-0.344203
-0.466990
-0.400786
-0.464594
-0.362041
-0.400255
-0.419092
-0.538606
-0.130726
-0.476546
-0.391215
-0.387371
-0.456114
-0.280340
-0.403953
-0.339311
-0.322367
-0.126477
-0.077777
-0.440119
-0.510457
-0.385043
-0.427840
-0.503650
-0.370600
-0.277801
-0.420567
-0.240306
-0.227857
-0.434643
-0.323015
-0.303618
-0.302724
-0.269013
-0.430696
-0.464038
-0.466079
-0.373484
-0.421656
-0.383070
-0.129606
-0.385824
-0.460084
-0.453938
-0.415999
-0.316278
-0.561569
-0.303100
-0.481040
-0.383338
-0.271185
-0.278891
-0.415441
-0.480250
-0.427199
-0.310535
-0.308417
-0.396277
-0.384160
-0.273913
-0.369865
-0.379717
-0.307712
-0.166196
0.607810
0.499547
0.047255
0.074807
-0.055011
-0.135005
0.170139
0.007075
0.375696
0.150989
-0.121836
0.158008
1.117216
0.537902
0.824503
0.390458
0.299362
1.347559
1.555952
1.051334
1.358084
1.880437
0.924310
0.615820
1.107825
1.049285
0.743526
0.786193
1.009402
0.962456
0.153951
0.386066
0.117485
0.530660
0.136194
-0.259592
-0.050757
-0.382847
-0.440798
-0.369066
-0.317457
-0.231852
-0.394615
0.272996
-0.354323
-0.327249
-0.306894
-0.444600
-0.431736
-0.403565
-0.134982
-0.409947
-0.402562
-0.387108
-0.374026
-0.454952
-0.344712
-0.402307
-0.464781
-0.450065
-0.166233
-0.478600
-0.473777
-0.484554
-0.619486
-0.435710
-0.472511
-0.442948
-0.437897
-0.422249
-0.343410
-0.547886
-0.418631
-0.460543
-0.441155
-0.448446
-0.435653
-0.456911
-0.435985
-0.597327
-0.581473
-0.515586
-0.452307
-0.257089
-0.569287
-0.581680
-0.434561
-0.547747
-0.384797
-0.460118
-0.470409
-0.519861
-0.496910
-0.438304
-0.520779
-0.450533
-0.457756
-0.487336
-0.293279
-0.271193
-0.415399
-0.573011
-0.578466
-0.547472
-0.572825
-0.557615
-0.347815
-0.472162
-0.348612
-0.501366
-0.453774
-0.596008
-0.560985
-0.513283
-0.474926
-0.379228
-0.343576
-0.474253
-0.181088
-0.450284
-0.410765
-0.407791
-0.464687
-0.265182
-0.064092
-0.430089
-0.429250
-0.511276
-0.579538
-0.445679
-0.260578
-0.541558
-0.505931
-0.503410
-0.493407
-0.543654
-0.560884
-0.563246
-0.510912
-0.524306
-0.512892
-0.530523
-0.203060
-0.148201
0.122673
-0.232764
-0.133206
-0.269028
-0.083167
0.216385
-0.039389
-0.263279
-0.477519
-0.270406
-0.121820
-0.021480
0.050374
-0.155228
0.194603
-0.129685
-0.071549
-0.217712
0.010772
-0.292376
1.076318
-0.390972
-0.464525
-0.455525
-0.563496
-0.527652
-0.605952
-0.601807
-0.517092
-0.559044
-0.478525
-0.490596
-0.456483
-0.476581
-0.578449
-0.652202
-0.541268
-0.618543
-0.606653
-0.341607
-0.585445
-0.444908
-0.386029
-0.348749
-0.465908
-0.448354
-0.423967
-0.471299
-0.490333
-0.531204
-0.438316
-0.537691
-0.537639
-0.502294
-0.565564
-0.533124
-0.495309
-0.451817
-0.479549
-0.150574
-0.419279
-0.474002
-0.507383
-0.457554
-0.536345
-0.654851
-0.553797
-0.362805
-0.505382
-0.523275
-0.302768
-0.270449
0.827302
0.545040
0.305379
0.818149
0.845163
0.468783
0.435764
0.221338
1.909408
0.982679
1.139436
2.950514
4.176090
1.366663
2.885016
1.096653
0.036325
0.373512
0.250732
0.349437
0.941881
1.014602
0.144855
0.713356
0.951937
0.252965
0.672458
-0.033494
0.273202
0.547110
-0.085879
-0.173386
0.006079
-0.242278
-0.342960
-0.066763
-0.066505
-0.161382
-0.171467
-0.071862
0.200582
-0.319777
-0.287122
-0.354478
-0.385046
-0.508688
-0.067669
-0.429927
-0.193329
-0.191689
-0.394670
-0.151037
-0.461708
-0.381878
-0.458455
-0.470559
-0.259327
-0.439560
-0.428685
-0.410890
-0.385488
-0.356765
-0.438860
-0.461526
-0.464405
-0.296975
-0.538773
-0.406031
-0.449664
-0.559707
-0.563607
-0.495187
-0.500908
-0.396800
-0.463665
-0.338689
-0.508311
-0.507804
-0.465462
-0.492805
-0.497830
-0.453833
-0.483102
-0.533043
-0.459499
-0.422309
-0.373499
-0.431799
-0.424479
-0.489183
-0.449947
-0.522109
-0.409112
-0.489099
-0.430991
-0.295314
-0.290837
-0.338738
-0.336152
-0.334734
-0.105045
0.177343
-0.238155
0.136604
-0.124014
0.034293
-0.197270
-0.322988
-0.355296
-0.193109
-0.391931
-0.232883
-0.348995
-0.348248
-0.189162
-0.129303
-0.339313
-0.046408
-0.364287
-0.189014
-0.132819
-0.349615
-0.615715
-0.309266
-0.571603
-0.538101
-0.558753
-0.575197
-0.542906
-0.519658
-0.441818
-0.472678
-0.477753
-0.491272
-0.563076
-0.518788
-0.620704
-0.516119
-0.507749
-0.574746
-0.514428
-0.212894
-0.419297
-0.526523
-0.573956
-0.444217
-0.585293
-0.521806
-0.455528
-0.358472
-0.481963
-0.475509
0.022591
-0.201130
-0.227807
0.204828
-0.159957
-0.009310
0.011478
0.198522
-0.181378
0.301434
0.001727
0.220688
0.610508
-0.134907
0.295052
1.384331
0.015545
0.140367
-0.127111
0.186763
0.617909
0.550862
0.205506
0.796618
0.605888
0.512742
0.873001
1.063795
1.109855
0.639703
0.876987
0.732090
0.511783
0.626423
2.932780
0.561600
1.271767
1.224217
1.669397
1.528436
1.422491
0.460993
1.938946
0.402280
0.735968
1.929899
1.762208
2.580804
0.969807
0.463357
0.933044
0.704469
1.296589
0.920183
0.406640
0.623369
0.476468
0.400509
0.531806
0.602881
1.176188
1.292964
0.113949
0.699613
2.012885
0.456746
0.038369
0.168415
-0.466412
-0.221351
-0.329636
-0.306957
-0.547187
-0.340085
-0.489263
-0.530749
-0.499452
-0.471545
-0.152988
-0.274879
-0.396601
-0.392814
-0.353262
-0.244137
-0.313235
-0.429828
-0.121527
-0.171509
-0.203749
-0.202876
-0.009699
0.411833
0.173511
-0.030196
0.106633
-0.044611
0.105280
-0.177286
0.087364
0.257542
0.343333
0.110013
-0.138279
0.157968
0.663777
0.341625
0.198256
0.619317
0.736726
1.051920
0.293159
1.464846
1.415286
0.576516
0.131855
0.495387
1.738459
0.537089
1.048469
0.590022
2.113449
0.217816
0.219917
0.772764
0.885447
1.116404
4.205392
0.006911
-0.060641
-0.226661
-0.014489
0.027185
0.071000
-0.152393
0.093024
-0.215486
-0.263400
-0.306012
-0.238986
-0.474195
-0.342017
-0.292004
-0.283219
-0.185852
0.061718
0.108231
-0.247124
-0.296221
0.073496
-0.332947
-0.523822
-0.308743
-0.449650
-0.378396
-0.501194
-0.070135
-0.337881
-0.373829
-0.369301
-0.323503
-0.247594
-0.390833
-0.410887
-0.378391
-0.400294
-0.411310
-0.411990
-0.473122
-0.486968
-0.389917
-0.331925
-0.385582
-0.420468
-0.427288
-0.182308
-0.396890
-0.409307
-0.492225
-0.532908
-0.474011
-0.296670
-0.424235
-0.149494
-0.275695
-0.077746
-0.299243
-0.409072
-0.156706
-0.304038
-0.381999
-0.144738
-0.265494
0.523417
-0.394832
-0.310025
-0.405079
-0.299795
-0.143688
-0.325786
-0.323331
-0.417502
-0.237232
-0.364122
-0.406057
-0.266046
-0.396054
-0.592639
-0.524661
-0.326184
-0.446264
-0.500661
-0.263512
-0.373172
-0.508210
-0.465204
-0.424123
-0.087778
-0.232929
-0.255226
-0.328507
-0.285571
-0.032667
-0.219549
-0.251769
-0.041456
-0.147524
-0.331496
-0.362885
-0.252288
-0.054838
-0.154550
0.167089
-0.155862
-0.366171
-0.195003
-0.048037
-0.126321
-0.278425
0.244077
-0.193697
-0.003022
-0.026540
-0.191423
-0.425397
-0.142348
-0.634767
-0.554716
-0.583244
-0.532633
-0.619850
-0.254883
-0.395355
-0.287551
-0.472055
-0.245220
-0.259032
-0.369673
-0.497229
-0.447485
-0.509934
-0.354472
-0.516710
-0.382720
-0.405110
-0.482325
-0.532317
-0.494070
-0.479243
-0.511963
-0.514928
-0.328190
-0.235990
-0.567717
-0.441856
-0.554453
-0.449758
-0.245989
-0.132783
-0.168919
-0.121187
-0.108586
-0.482951
-0.598025
-0.431018
-0.587829
-0.416773
-0.497420
-0.459384
-0.444523
-0.115250
-0.471510
-0.479213
-0.473908
-0.338243
-0.494527
-0.508471
-0.557567
-0.524507
-0.454637
-0.384922
-0.348478
-0.477067
-0.478220
-0.523004
-0.497991
-0.371298
-0.433970
-0.318853
-0.424079
-0.472667
-0.431522
-0.454315
-0.355964
-0.478462
-0.318738
-0.507764
-0.346537
-0.462235
-0.389102
-0.459435
-0.504008
-0.507782
-0.509961
-0.549004
-0.480841
-0.345455
-0.281404
0.384738
0.135613
0.168928
-0.205307
-0.009029
0.170446
1.099064
0.000743
-0.220763
0.757665
0.065243
0.020021
0.133749
0.232030
0.711016
0.686333
1.332437
0.216208
0.616710
0.295115
1.846837
2.156028
2.839468
2.632372
0.465215
1.340458
1.069313
2.072534
2.786053
5.790155
1.050826
0.986960
1.367651
0.805305
1.071363
0.423053
-0.092389
1.522580
0.095718
0.609243
-0.049088
0.220095
0.261434
0.565108
0.434164
0.346606
0.137694
1.018608
0.238869
0.816005
0.803593
0.619382
1.978722
1.011260
0.305134
0.769704
2.593145
0.047198
1.241787
1.944452
1.023833
0.912113
0.389802
0.233521
-0.021437
0.047134
-0.221004
-0.291074
-0.290439
-0.390254
-0.419085
-0.484728
-0.306029
-0.094927
-0.210360
-0.486248
-0.428758
-0.558309
-0.406939
-0.275839
-0.401057
-0.455115
-0.441390
-0.519647
-0.372513
-0.263790
-0.444011
-0.221902
-0.395899
-0.274913
-0.486006
-0.446247
-0.340496
-0.372282
-0.393493
-0.418942
-0.430019
-0.390178
-0.429932
-0.364457
-0.512284
-0.450329
-0.428486
-0.216427
-0.490794
-0.424250
-0.413385
-0.255418
0.302207
-0.376404
-0.336090
-0.411531
-0.052830
-0.234830
-0.118431
-0.337309
-0.325478
-0.368229
-0.425480
-0.374857
-0.197946
-0.417127
-0.348966
-0.434831
-0.372566
-0.487397
-0.527786
-0.495506
-0.527093
-0.520404
-0.508553
-0.570488
-0.518619
-0.272307
-0.571434
-0.531371
-0.575560
-0.585906
-0.583911
-0.661246
-0.563867
-0.495902
-0.500916
-0.457184
-0.378271
-0.438377
-0.534179
-0.550645
-0.323449
-0.421444
-0.444471
-0.561953
-0.629419
-0.521143
-0.550221
-0.487087
-0.521559
-0.561996
-0.293924
-0.196112
-0.210994
-0.072037
-0.218139
-0.439981
-0.499995
-0.566645
-0.594227
-0.604247
-0.452207
-0.379700
-0.537652
-0.392924
-0.565364
-0.531518
-0.504712
-0.487258
-0.528396
-0.480636
0.299223
-0.542403
-0.405042
-0.427967
-0.578851
-0.503235
-0.530060
-0.413675
-0.599946
-0.409028
-0.393097
-0.555560
-0.481532
-0.215354
-0.453889
-0.033526
-0.372448
-0.293960
0.075693
0.208587
-0.369216
-0.280511
-0.128020
-0.181138
-0.106282
-0.003344
-0.006136
0.652530
-0.279168
-0.071886
-0.050061
0.186339
-0.174939
-0.158689
-0.384520
-0.164584
-0.348926
-0.536960
-0.558877
-0.515741
-0.546460
-0.342154
-0.499296
-0.378296
-0.525813
-0.220406
-0.450029
-0.467167
-0.503292
-0.165043
-0.371296
-0.409179
-0.518464
-0.477207
-0.346651
-0.044958
-0.214138
-0.452225
-0.337766
-0.072006
-0.365053
-0.100433
-0.430826
-0.381788
-0.229568
-0.242701
-0.231523
-0.307946
-0.100244
0.268269
-0.242302
-0.269533
-0.017268
0.006273
-0.009505
0.101917
-0.216367
-0.035255
0.073061
-0.293433
0.247654
-0.327619
-0.193400
-0.388082
-0.459665
-0.386162
-0.440187
-0.423266
-0.526881
-0.555426
-0.484129
-0.587207
-0.522786
-0.329262
-0.328895
-0.499838
-0.169584
-0.394965
-0.458907
-0.442112
-0.452751
-0.607480
-0.324231
-0.530625
-0.532779
-0.430110
-0.560053
-0.580353
-0.550080
-0.642809
-0.575800
-0.344512
-0.609405
-0.429215
-0.518466
-0.495740
-0.554796
-0.468213
-0.640631
-0.497980
-0.421817
-0.399261
-0.300835
-0.226406
-0.312059
-0.479675
-0.227594
-0.352666
-0.320054
-0.294937
-0.267939
-0.307839
0.356640
-0.172857
0.178973
-0.025328
1.756724
0.120135
0.523709
0.843429
0.418100
-0.086079
0.187832
0.006968
0.315727
0.122736
0.977050
0.028913
0.311816
0.360227
-0.041288
-0.128167
-0.184016
-0.216494
0.180633
-0.374533
-0.299146
-0.146286
-0.126644
0.225394
0.260271
1.602777
2.923735
0.458988
0.495402
0.577613
0.529454
0.376904
0.572535
0.506340
0.222203
0.301485
0.114127
0.037501
-0.216464
-0.064732
-0.356313
-0.081633
-0.223614
-0.383950
-0.157940
-0.358278
-0.182037
-0.486316
-0.379747
-0.320362
-0.371592
-0.448444
-0.354800
-0.464258
-0.215808
-0.349574
-0.338889
-0.422330
-0.417602
-0.337296
-0.573867
-0.396913
-0.470507
-0.377310
-0.512327
-0.524968
-0.524011
-0.542917
-0.607529
-0.396131
-0.501743
-0.364270
-0.113856
-0.330792
-0.483333
-0.519955
-0.389260
-0.327404
-0.241197
-0.397082
-0.393497
-0.224221
-0.287657
-0.310269
-0.259875
-0.061101
-0.020098
-0.143822
-0.185319
-0.306949
-0.079102
-0.237314
0.056657
-0.210227
-0.217522
-0.240946
-0.071944
-0.002590
0.043986
-0.308334
-0.081043
0.022752
-0.402512
-0.178090
0.383996
-0.274378
-0.243493
-0.225942
-0.309790
0.125660
-0.395655
0.001518
-0.266256
-0.121186
-0.073904
0.510908
-0.054511
0.058215
-0.017039
0.021573
0.300023
0.028023
0.261394
-0.018597
0.045088
0.049873
0.478778
0.276169
0.014393
-0.303586
-0.224042
-0.240361
-0.072171
0.993519
0.094818
0.469910
0.976508
-0.117698
0.223256
0.525727
1.626973
2.172676
0.411356
1.282601
0.929269
0.125146
0.494915
0.478898
1.809733
0.622171
0.483317
1.012123
0.166213
0.559342
0.755027
0.737980
0.526735
0.258804
0.623347
0.102921
-0.193618
0.023229
0.344434
-0.284497
-0.208762
-0.207103
-0.001900
0.051562
-0.064089
-0.122194
0.309835
-0.019749
-0.261721
-0.072030
0.096730
0.145618
-0.145940
-0.060730
0.208033
-0.021168
-0.008558
-0.201823
0.365456
-0.124362
-0.173179
0.410379
0.009224
-0.274960
-0.327836
-0.040106
-0.076272
-0.074863
-0.495272
-0.561466
-0.442496
-0.483028
-0.359570
-0.408699
-0.394612
-0.467178
-0.495275
-0.504330
-0.422246
-0.500099
-0.493888
-0.563446
-0.459009
-0.505999
-0.557597
-0.468197
-0.525432
-0.448140
-0.554353
-0.386707
-0.441301
-0.521798
-0.501029
-0.490179
-0.558725
-0.571988
-0.451169
-0.399007
-0.433171
-0.524045
-0.397574
-0.475018
-0.464687
-0.236813
-0.438144
-0.454651
-0.134583
-0.248046
-0.408853
-0.502525
-0.400720
-0.391397
-0.319231
-0.078383
-0.455520
-0.397653
-0.308162
0.109187
-0.311895
-0.450642
-0.579999
-0.527750
-0.498070
-0.452242
-0.374333
-0.421785
-0.534556
-0.208122
-0.528285
-0.568797
-0.451552
-0.293545
-0.506667
-0.545460
-0.392955
-0.468162
-0.432227
-0.499681
-0.437004
-0.397456
-0.367567
-0.432126
-0.387242
-0.314861
-0.288506
-0.353667
-0.433264
-0.387925
-0.412165
-0.484119
-0.479784
-0.330958
-0.349568
-0.125332
0.066662
-0.008102
-0.296913
0.046480
-0.243923
-0.320089
-0.123926
-0.251812
-0.143740
-0.225917
0.149917
-0.248866
0.053860
0.634547
-0.139804
-0.023252
-0.379506
-0.371858
0.162019
-0.227662
-0.441130
-0.384122
-0.121875
-0.118395
-0.096014
-0.217125
0.038062
-0.354525
-0.237875
-0.239205
-0.276793
0.069435
-0.125146
-0.256319
0.051271
0.229392
-0.074318
0.160265
0.417126
1.390107
0.213872
-0.088393
-0.035729
0.541571
0.337367
-0.088013
0.162950
0.001779
-0.460198
-0.159709
-0.124753
-0.008260
-0.169482
-0.180961
0.007507
-0.095744
-0.107433
-0.051030
0.006739
-0.243737
0.009604
-0.249078
-0.170187
-0.203586
-0.453967
-0.388180
-0.420489
-0.338015
-0.315750
-0.366366
-0.097588
-0.098977
-0.113572
-0.358558
-0.381416
-0.224745
-0.238842
-0.508726
-0.425148
-0.274738
-0.228044
-0.458535
-0.363632
-0.347060
-0.501452
-0.391110
-0.196765
-0.326709
-0.466885
-0.145871
-0.192138
-0.388731
-0.211372
-0.214319
-0.428933
0.002608
-0.255994
-0.489829
-0.463240
0.402776
0.292738
0.447423
0.504303
0.515665
0.879595
1.336567
1.584063
2.042336
1.450413
0.180738
0.341540
0.284028
0.579556
3.150861
1.640267
1.293409
0.576588
1.624253
1.034030
1.236332
1.231572
0.789299
0.784626
0.910955
0.608461
0.610910
0.779128
1.408921
0.474493
0.492698
0.642634
0.023786
0.058356
2.208243
0.562640
0.089206
0.438878
0.395360
1.223094
1.027310
0.918802
1.403200
1.016466
1.028857
0.235989
0.501685
0.802973
0.500200
1.185348
1.052816
1.831125
1.092179
0.894390
0.954425
0.799264
1.308068
0.424106
0.651249
1.407892
1.429422
1.736276
-0.045043
0.060769
-0.115988
0.111864
0.403767
0.133847
0.264690
0.059375
0.269416
-0.096873
-0.017473
0.022567
-0.017330
0.390599
-0.103500
0.319139
0.654276
0.361025
0.737642
-0.171521
0.049278
0.169572
0.276094
-0.280931
-0.005406
0.661289
-0.463644
-0.337805
-0.309105
-0.423971
-0.171299
0.513280
-0.148995
0.188699
-0.193680
-0.065507
-0.135780
-0.049599
0.030911
0.037227
0.294216
0.309165
0.090082
0.190694
-0.123337
-0.074477
0.058236
0.372792
0.207273
0.105039
0.146195
0.202285
-0.151378
0.353361
-0.453777
-0.305858
-0.180057
-0.076475
-0.355168
-0.323709
-0.389585
-0.456204
-0.307252
-0.329848
-0.521371
-0.234648
-0.312055
-0.399342
-0.082908
-0.358059
-0.285764
-0.285058
-0.314980
-0.467666
-0.520803
-0.405447
-0.476290
-0.477736
-0.459930
-0.498427
-0.424814
-0.508381
-0.445992
-0.560517
-0.444346
-0.421868
-0.398439
-0.336192
-0.543900
-0.533707
-0.604615
-0.574684
-0.625247
-0.582900
-0.456884
-0.466832
-0.580990
-0.485755
-0.510054
-0.430095
-0.533962
-0.533985
-0.553383
-0.542745
-0.236842
-0.466691
-0.459484
-0.280511
-0.413221
-0.488676
-0.100575
-0.301802
-0.326807
-0.369283
0.045739
-0.222642
-0.421337
-0.208121
-0.287432
-0.060092
-0.419700
-0.255985
-0.441076
0.124243
-0.153813
-0.367458
-0.375191
-0.260578
-0.178235
-0.267159
-0.178920
-0.175599
-0.242703
-0.249388
-0.331097
-0.313289
-0.414712
-0.274072
-0.375129
-0.166128
-0.405003
-0.274021
-0.358575
-0.475364
-0.429260
-0.508741
-0.451401
-0.583720
-0.470656
-0.499368
-0.469232
-0.546228
-0.566205
-0.578451
-0.495666
-0.603398
-0.379621
-0.510725
-0.320860
-0.556317
-0.552190
-0.625853
-0.536132
-0.469029
-0.497410
-0.322819
-0.445150
-0.479027
-0.363873
-0.543886
-0.515896
-0.396000
-0.559645
-0.407464
-0.497851
0.149191
0.110117
-0.254193
-0.301981
-0.490245
-0.354662
-0.236590
-0.314453
-0.350109
-0.343631
-0.392519
-0.449678
-0.342879
-0.256974
-0.267207
0.432325
-0.160726
0.502678
-0.255132
0.009735
-0.284509
-0.176796
-0.093046
-0.098858
0.093392
-0.015203
-0.054675
0.048600
0.472859
0.232149
0.399001
0.251817
0.159808
0.517379
0.085022
0.207646
0.054890
0.361535
-0.194655
-0.115754
-0.121961
0.080425
0.011648
2.063991
0.177166
0.029726
-0.232273
0.019171
-0.396015
-0.486439
-0.594468
-0.329691
-0.463086
-0.228418
-0.017936
0.071985
-0.244422
-0.088092
0.080345
0.495301
1.091858
0.334009
0.224857
0.162661
0.689679
0.602048
1.050899
1.900119
0.937155
4.207039
1.045270
1.456064
1.864403
1.635826
1.023634
0.850013
1.390314
2.245876
0.535269
1.217658
0.409857
0.128802
0.313511
3.756974
0.138617
0.156102
-0.163983
-0.129591
0.290382
-0.163608
-0.236464
-0.159451
0.164285
0.125008
-0.157040
0.350661
-0.215154
-0.196059
-0.118089
-0.280645
-0.357941
-0.380087
-0.487548
0.170737
0.120501
-0.203186
-0.260263
-0.076280
-0.267443
-0.243906
-0.161987
-0.413883
-0.309564
-0.331754
0.247932
-0.287302
-0.099793
-0.282437
-0.247271
-0.156887
-0.179125
-0.395031
-0.206344
-0.200829
-0.238872
-0.353857
-0.434827
-0.570378
-0.517224
-0.422054
0.102162
-0.446643
-0.470827
-0.331285
-0.496537
-0.387292
-0.430638
-0.472523
-0.263032
-0.558525
-0.151927
-0.465637
-0.402632
-0.418654
-0.446609
-0.227670
-0.575383
-0.433669
-0.372033
-0.355590
-0.355221
-0.476960
-0.410375
-0.488161
-0.183630
-0.527319
-0.448797
-0.311243
-0.387584
-0.517168
-0.512666
-0.639653
-0.577237
-0.551541
-0.461132
-0.590985
-0.561820
-0.569018
-0.478259
-0.575546
-0.511892
-0.516591
-0.526484
-0.381241
-0.443785
-0.427592
-0.463325
-0.431132
-0.458382
-0.453132
-0.463358
-0.385822
-0.418390
-0.247809
-0.426426
-0.405058
-0.290008
-0.400636
-0.402002
-0.486256
-0.472678
-0.314091
-0.313377
-0.450473
-0.418313
-0.390242
-0.405019
-0.422893
-0.378416
-0.428176
-0.446984
-0.480830
-0.470174
-0.487572
-0.521906
-0.364261
-0.496349
-0.499102
-0.413980
-0.513466
-0.455535
-0.499392
-0.426592
-0.564504
-0.550160
-0.477530
-0.371554
-0.409964
-0.490589
-0.528958
-0.343643
-0.433946
-0.520812
-0.003499
-0.196243
1.276074
-0.221203
0.173293
0.482120
0.377510
0.003944
0.071133
-0.370539
-0.109086
-0.242919
-0.088860
-0.137583
0.051553
-0.112807
-0.128654
-0.179336
-0.410689
-0.173865
-0.355531
-0.172602
-0.361482
-0.387769
-0.261161
-0.348765
-0.410875
-0.572463
-0.345484
-0.506893
-0.462005
-0.297771
-0.522472
-0.535259
-0.346916
-0.441600
-0.314937
-0.464042
-0.483159
-0.266146
-0.040001
-0.353895
-0.504250
0.002769
-0.300779
-0.471511
-0.350018
-0.499638
-0.278752
-0.425807
-0.282364
-0.528266
-0.469715
-0.535146
-0.437374
-0.319858
-0.368683
-0.268406
-0.379206
-0.205994
-0.255183
-0.453801
-0.287322
-0.279871
0.221145
-0.127825
0.159124
-0.038159
0.103215
0.434286
-0.152787
0.254967
0.020331
0.245487
-0.204292
-0.111065
-0.205914
0.309100
-0.287788
-0.195230
0.092018
-0.256279
-0.122152
-0.250448
-0.503713
-0.471535
-0.555253
-0.402210
-0.586218
-0.625870
-0.561761
-0.398847
-0.459918
-0.196658
-0.477620
-0.325836
-0.493029
-0.436710
-0.366340
-0.308635
-0.468014
-0.558321
0.185576
-0.223324
-0.352884
-0.229775
-0.267533
0.151572
-0.275011
-0.206840
-0.317775
-0.284487
-0.372193
0.028185
-0.371933
-0.352007
-0.474751
-0.486796
-0.338684
-0.457492
-0.118751
-0.063609
-0.224416
-0.270501
-0.296136
-0.256352
-0.382997
-0.357022
-0.378963
-0.148149
-0.249370
-0.443594
-0.386215
-0.172660
-0.345288
-0.330974
-0.349756
-0.139354
-0.488510
-0.400291
-0.164855
-0.337118
-0.528586
-0.377671
-0.409726
-0.406004
-0.439420
-0.543957
-0.432777
-0.421401
-0.535997
-0.419248
-0.390487
-0.602261
-0.540423
-0.436800
-0.534609
-0.402105
-0.522467
-0.456933
-0.430156
0.364457
-0.452105
-0.242548
-0.109699
-0.294556
-0.411598
-0.217207
-0.327552
-0.404320
-0.420968
-0.187006
-0.117860
-0.280948
-0.404102
-0.077595
-0.471468
-0.345945
-0.429067
-0.355078
-0.532060
-0.439836
-0.443257
-0.551008
-0.490282
-0.542424
-0.026439
-0.117917
-0.054750
-0.061442
-0.321345
-0.417763
-0.556049
-0.541635
-0.572574
-0.568982
-0.606702
-0.376157
-0.494424
-0.496686
-0.492341
-0.540853
-0.432735
-0.375027
-0.541963
-0.498490
-0.493752
-0.559653
-0.474626
-0.520942
-0.424477
-0.506103
-0.350665
-0.409338
-0.490223
-0.243514
-0.070399
0.141529
0.263780
-0.141467
-0.012991
-0.167407
-0.380720
-0.088715
-0.002693
-0.236505
-0.427883
-0.376897
-0.482101
-0.325418
-0.404207
-0.563849
-0.544286
-0.422800
-0.557908
-0.429252
-0.483926
-0.560876
-0.503256
-0.380948
-0.530803
-0.470108
-0.440055
-0.243392
-0.395886
-0.506328
-0.464427
-0.345752
-0.475790
-0.250534
0.231130
-0.027451
0.289436
0.315938
-0.032450
-0.256486
-0.164540
-0.284608
-0.201840
-0.229790
-0.409164
-0.484970
-0.498653
-0.542688
-0.441785
-0.321031
-0.486419
-0.365653
-0.465335
-0.267588
-0.415467
-0.442915
-0.538728
-0.407223
-0.643147
-0.509396
-0.204471
-0.425194
-0.412625
-0.609725
-0.502224
-0.538594
-0.409473
-0.316339
-0.269267
-0.139132
-0.214756
-0.006980
-0.372383
0.497433
2.448851
1.678787
0.339015
1.215065
0.407068
0.493139
-0.087796
0.084115
-0.107315
-0.059774
-0.001526
0.593776
-0.052134
0.103912
-0.121312
-0.168795
-0.131439
-0.113470
-0.008902
-0.219827
-0.071084
-0.374077
0.266445
-0.226720
-0.063148
-0.113318
0.243867
0.064595
-0.281462
-0.192054
-0.125976
-0.210698
-0.039560
-0.205285
-0.188033
-0.412828
-0.211541
-0.203947
-0.071784
0.000399
-0.250025
-0.437304
-0.221129
-0.380754
-0.372419
-0.201543
-0.257681
-0.394125
-0.234839
-0.201939
-0.421228
-0.370796
0.132204
-0.397005
-0.201231
-0.348947
-0.163106
-0.304605
-0.122893
-0.493701
-0.485085
-0.350348
-0.151463
-0.545935
-0.237790
-0.359374
-0.392100
-0.402037
-0.371383
-0.452783
-0.385726
-0.505084
-0.448548
-0.497276
-0.517350
-0.317036
-0.521875
-0.319110
-0.224053
-0.274213
-0.201420
-0.027249
-0.085089
-0.243783
-0.053256
0.280762
-0.035122
0.006342
-0.015725
0.550427
-0.178624
0.298861
0.064419
0.046786
-0.157220
-0.098344
-0.064317
-0.176382
-0.111558
0.173166
-0.147775
-0.148489
0.065792
-0.149475
0.314183
-0.139015
0.715612
0.333434
0.820914
0.593293
1.711698
0.504977
1.625972
1.781812
1.446519
0.597560
1.302376
0.851812
2.241643
0.720957
1.388129
2.084252
1.765740
0.670569
0.669784
1.413274
0.787629
0.674177
1.201412
0.881491
0.272515
0.851643
2.427490
0.027317
0.141754
0.175980
0.412913
0.131103
-0.118615
1.699723
-0.072992
0.055491
0.199100
-0.050398
0.246151
-0.216924
-0.262286
-0.350177
-0.097075
-0.223612
-0.272884
-0.100303
-0.443144
-0.383548
-0.414362
-0.291457
-0.384871
-0.143969
-0.473552
-0.163099
-0.538618
-0.547974
-0.534023
-0.397711
-0.531750
-0.226692
-0.407769
-0.362148
-0.472031
-0.537419
-0.536347
-0.337295
-0.510687
-0.354409
-0.382489
0.447574
0.332394
0.259930
0.915061
0.724630
0.558119
0.557537
1.293291
0.756004
0.644279
1.980702
0.426785
2.865009
0.632791
0.554220
1.033560
1.313329
0.973553
2.982713
2.053630
1.127293
1.209520
0.415028
0.498456
1.505788
1.344910
-0.356159
-0.283160
0.347312
-0.198282
0.606821
0.137233
-0.392341
-0.211512
0.137137
-0.206450
-0.301859
-0.415139
-0.070605
-0.364674
-0.397615
-0.037571
-0.233939
-0.099041
-0.199317
-0.374752
-0.167702
-0.292468
-0.269815
-0.171869
-0.189208
-0.242535
-0.367688
-0.373928
-0.323598
-0.265007
0.315553
-0.248530
-0.139449
-0.251506
-0.237018
-0.209045
-0.162585
-0.402377
-0.392486
-0.093502
-0.400578
-0.417342
-0.285034
-0.317887
-0.109979
-0.394122
-0.267695
-0.359714
-0.428669
-0.335595
-0.332908
-0.389853
-0.491099
-0.427203
-0.388613
-0.596869
-0.409891
-0.262943
-0.248334
-0.392438
-0.401631
-0.348988
-0.208882
-0.357456
-0.483674
-0.065758
-0.619606
-0.309502
-0.279667
-0.055098
-0.146282
-0.051842
0.282709
0.189166
0.028446
-0.017294
0.020929
-0.151164
-0.505069
-0.599220
-0.610999
-0.572652
-0.594853
-0.459210
-0.644728
-0.442269
-0.493614
-0.488763
-0.560248
-0.538598
-0.609369
-0.568560
-0.586190
-0.394699
-0.268724
0.093364
0.038573
-0.080816
0.160053
-0.232862
0.663702
0.917017
-0.027046
-0.161571
-0.463238
-0.444853
-0.371390
-0.464763
-0.424185
-0.345504
-0.425740
-0.452308
-0.372792
-0.387012
-0.422916
-0.315565
-0.453654
-0.418392
-0.423664
-0.019182
-0.393937
-0.329796
-0.439907
-0.373483
-0.497728
-0.388235
-0.246939
-0.365215
-0.446632
-0.422018
-0.115934
-0.356215
-0.189555
-0.476615
-0.533852
-0.317013
-0.145587
0.011690
0.006783
-0.277381
-0.021379
-0.129846
-0.400183
-0.313879
-0.471599
-0.020515
-0.431081
-0.367984
-0.331996
-0.318810
-0.371733
-0.229897
-0.452417
-0.480417
-0.196674
-0.413884
-0.137269
-0.419834
-0.366102
-0.552455
-0.330564
-0.339547
-0.299666
-0.399151
-0.351659
-0.442568
-0.303236
-0.456133
-0.566205
-0.397684
-0.448281
-0.551826
-0.535869
-0.525102
-0.540890
-0.447793
-0.323924
-0.408178
-0.207208
0.317764
0.106700
-0.031080
-0.106863
-0.122339
-0.065023
-0.074455
-0.286163
-0.162784
-0.119826
-0.244137
-0.181244
0.316513
0.009384
0.151087
0.044619
0.053609
-0.104344
-0.167423
-0.303170
-0.005585
0.373283
-0.202261
-0.049591
-0.178053
-0.194677
-0.379348
-0.178229
-0.235485
-0.273268
-0.074204
-0.117855
-0.217484
-0.213479
-0.379614
-0.414356
-0.264991
0.081030
-0.318277
-0.166122
-0.249647
-0.211204
-0.251125
-0.411624
-0.253736
-0.153607
0.172070
-0.311396
-0.058672
0.170570
-0.061359
-0.454037
-0.282758
-0.345270
-0.018303
-0.205615
-0.423694
-0.318721
-0.473539
-0.482509
-0.574414
-0.457424
-0.510807
-0.561728
-0.493349
-0.444197
-0.541237
-0.497648
-0.510831
-0.473940
-0.379549
-0.417990
-0.595316
-0.541958
-0.340940
-0.469141
-0.492188
-0.353113
-0.442099
-0.560960
-0.516424
-0.388744
-0.452841
-0.541867
-0.551742
-0.479430
-0.547389
-0.527293
-0.553373
-0.561496
-0.596877
-0.550129
-0.527170
-0.518629
-0.523040
-0.505875
-0.625849
-0.509927
-0.559172
-0.261383
-0.563825
-0.432367
-0.492743
-0.414226
-0.605970
-0.467606
-0.566932
-0.466911
-0.465615
-0.440544
-0.395191
-0.266129
-0.333664
-0.393926
-0.516569
-0.214777
-0.481500
-0.362713
-0.230816
-0.265270
-0.128888
-0.342144
-0.563092
-0.258138
-0.462884
-0.430388
-0.469817
0.113898
-0.476763
-0.433861
-0.318219
-0.389920
-0.487928
-0.448122
-0.359049
-0.399046
-0.463660
-0.414565
-0.539622
-0.382019
-0.438844
-0.456803
-0.436417
-0.395045
-0.250156
-0.294175
-0.506405
-0.440615
-0.466970
-0.633522
-0.584563
-0.459873
-0.568822
-0.408812
0.034650
-0.266899
-0.249060
-0.200558
-0.457101
-0.281027
-0.171497
-0.401212
-0.374983
-0.572182
-0.231010
-0.409630
-0.537572
-0.521835
-0.173330
-0.397816
-0.471571
-0.219453
-0.307920
-0.272247
-0.363534
-0.494199
-0.298918
-0.346943
-0.288685
-0.229292
-0.049822
0.812754
0.260759
0.100345
-0.306269
0.217521
-0.348476
-0.300503
0.111888
0.113804
-0.239836
-0.169009
-0.223653
-0.284647
-0.396831
-0.249005
-0.105882
-0.450949
-0.174543
-0.410102
-0.325304
-0.459361
-0.420527
-0.340922
-0.352102
-0.309149
-0.363983
-0.358763
-0.418049
-0.469142
-0.422886
-0.486843
-0.420240
-0.426722
-0.385595
-0.369226
-0.437584
-0.345720
-0.409319
-0.363126
-0.407384
-0.204494
-0.345582
-0.270456
-0.162446
-0.444208
-0.065681
-0.568499
-0.499032
-0.487071
-0.409397
-0.161032
-0.307971
-0.118897
0.418760
-0.129704
-0.160208
-0.386824
-0.347587
-0.316767
-0.337496
-0.512751
-0.425159
-0.422206
-0.440245
-0.322875
-0.425555
-0.525105
-0.517940
-0.499342
-0.477839
-0.517058
-0.443446
-0.430557
-0.421389
-0.525950
-0.548808
-0.406275
-0.421437
-0.153571
-0.172576
-0.493741
-0.553408
-0.431406
-0.100273
-0.426603
-0.319754
-0.481976
-0.235760
-0.120672
-0.138973
-0.148836
-0.101415
-0.124175
0.265925
-0.053229
0.178816
0.255966
0.761558
1.037158
-0.014788
-0.054883
-0.026726
-0.019500
0.512006
0.695428
1.348823
-0.019105
0.099358
-0.120825
-0.372975
0.109170
-0.438183
-0.513138
-0.350718
-0.536888
-0.554473
-0.491607
-0.481453
-0.610700
-0.445790
-0.550431
-0.587059
-0.508878
-0.394934
-0.438699
-0.465312
-0.454262
-0.389628
-0.236543
-0.206698
-0.404899
-0.153941
-0.050241
-0.182959
-0.214291
-0.439112
0.161621
-0.106675
-0.171252
-0.293798
-0.091034
1.198487
5.337674
2.992218
4.044906
3.955226
5.637246
1.671013
7.978681
4.846366
4.886009
4.811023
4.200170
5.124108
7.474155
3.788585
2.703702
5.706628
1.723828
3.073669
6.387891
3.628876
2.103674
1.458622
0.173008
0.496705
0.087090
0.000578
0.340381
-0.265155
-0.285529
-0.031049
-0.137274
-0.296148
-0.274665
-0.288465
-0.061878
-0.154060
-0.316071
-0.200870
-0.217746
-0.157633
-0.027828
-0.371164
-0.101600
-0.166044
-0.318760
-0.234458
-0.347584
-0.106083
-0.375769
-0.370826
-0.425457
-0.473158
-0.465501
-0.538005
-0.584248
-0.562277
-0.445409
-0.471984
-0.041253
-0.407467
-0.285832
-0.291846
-0.299990
-0.129286
-0.144535
-0.113028
0.055637
-0.233976
-0.201706
0.169770
0.005231
-0.211612
-0.095175
-0.332688
-0.246560
-0.000228
0.384946
-0.188375
-0.416002
-0.397579
-0.220720
-0.238922
0.056870
-0.298364
0.186651
-0.367420
-0.393824
-0.388526
-0.410316
-0.456047
-0.502109
-0.526367
-0.338960
-0.124689
-0.342851
-0.373334
-0.324189
-0.360915
-0.228977
0.565929
0.338306
-0.034257
-0.506555
-0.310278
-0.544503
-0.555973
-0.550751
-0.504225
-0.572703
-0.478355
-0.466266
-0.394449
-0.526365
-0.278433
-0.447235
-0.167799
-0.365566
-0.385358
0.012357
-0.266683
0.231859
0.053506
0.013308
-0.313330
-0.161827
-0.045269
-0.252770
-0.039677
-0.197625
-0.135570
-0.375239
-0.322901
-0.190192
-0.148235
-0.129432
-0.373735
-0.184463
-0.464993
-0.423903
-0.353258
-0.341238
-0.518891
-0.546900
-0.488683
-0.575655
-0.555198
-0.424221
-0.311642
-0.084788
-0.363471
-0.434857
-0.433473
-0.412269
-0.361456
-0.277008
0.437013
0.081585
-0.067268
-0.328929
-0.173313
-0.114986
-0.185561
-0.231490
-0.122817
-0.374342
-0.446539
-0.253201
-0.422993
-0.439969
-0.480328
-0.317032
-0.505579
-0.402661
-0.439083
-0.457321
-0.198708
-0.287953
-0.584752
-0.503448
-0.419838
-0.457192
-0.464044
-0.410043
-0.398361
-0.295987
-0.441433
-0.368322
0.147687
-0.251436
-0.318932
-0.334441
0.228224
-0.301802
-0.017655
-0.391394
-0.445597
-0.491521
-0.452539
-0.354790
-0.432735
-0.237171
0.127319
-0.308898
-0.297892
-0.247296
0.486675
0.822672
2.027706
1.628685
2.056576
3.150568
3.968154
4.472851
3.676368
2.672156
3.806890
6.193029
6.965410
3.621550
5.834858
7.009877
4.766166
3.890104
3.966567
2.916956
2.019782
3.837769
3.926714
2.525350
2.780441
5.934073
1.460562
0.888315
1.088148
2.558264
1.388579
2.576349
2.767273
2.055540
2.191126
2.215543
4.026406
3.900511
1.563988
1.351434
3.325254
2.720961
2.757755
3.492276
1.528631
0.938424
0.878724
1.024685
1.305808
0.769619
0.648357
1.601518
1.257131
1.193845
0.739093
0.864512
2.052262
0.765226
1.881666
4.478833
1.914115
1.704853
0.833971
1.441430
0.978680
2.150082
1.173471
12.929064
1.320788
3.184411
2.204537
0.670290
1.005443
0.811653
0.013442
0.371317
-0.137877
0.189177
0.425761
-0.381631
0.052135
-0.366523
-0.384713
-0.196670
-0.382039
-0.348154
-0.180531
-0.412186
-0.305556
-0.158372
0.203877
-0.384661
-0.467307
-0.366852
-0.579603
-0.549891
-0.561058
-0.519160
-0.400710
-0.471577
0.033086
-0.308699
-0.281580
-0.410183
-0.550842
-0.383275
-0.261449
-0.311966
-0.298008
-0.347626
-0.413228
-0.330218
-0.386163
-0.248261
-0.369587
-0.434922
-0.289835
-0.424022
-0.409682
-0.402256
-0.404692
-0.485747
-0.265417
-0.150164
-0.330734
-0.442684
-0.365936
-0.233435
0.294679
0.645608
0.349490
0.536551
0.640895
0.329138
0.111053
0.232935
0.579003
-0.085767
0.771531
0.127145
0.886433
-0.082195
0.735063
-0.061440
0.264672
0.556992
0.180967
1.290425
0.118913
-0.113602
-0.163081
0.445580
-0.087123
-0.226847
-0.308555
-0.337898
-0.138984
-0.468770
-0.546113
-0.484421
-0.481817
-0.517080
-0.384417
0.471307
-0.520963
-0.350934
-0.381339
-0.213951
0.394151
-0.091242
-0.027306
-0.114641
0.188123
0.091384
0.103482
-0.142058
-0.053128
-0.036130
-0.124557
0.173782
0.263822
0.421272
0.315778
0.023240
0.001736
0.188169
-0.239428
0.148212
-0.276762
0.147959
-0.318354
-0.404997
-0.074289
-0.151994
-0.105665
-0.232264
-0.398088
-0.456692
-0.437192
-0.378671
-0.471999
0.042748
-0.537382
-0.248945
-0.428307
-0.322043
-0.355014
-0.081695
-0.428068
-0.477724
-0.364152
-0.440926
-0.466549
-0.403147
-0.550859
-0.274376
0.375701
-0.059110
-0.487140
-0.362991
-0.203271
-0.231291
-0.191880
-0.442335
-0.469998
-0.377545
-0.279863
-0.036862
-0.430623
-0.133857
-0.394407
-0.434987
-0.476600
-0.538604
-0.501135
-0.417332
-0.543599
-0.527364
-0.393013
-0.277788
-0.568051
-0.399274
-0.416067
-0.457429
-0.317485
-0.428789
-0.184789
-0.349932
-0.385142
-0.344929
-0.247929
-0.357783
-0.408900
-0.442534
-0.421918
-0.339658
-0.416356
-0.098869
-0.337006
-0.368452
-0.261626
-0.363466
0.131592
-0.243524
-0.465114
-0.305537
0.565261
0.115878
-0.389583
-0.106681
0.066304
-0.175673
-0.286366
-0.284680
-0.299712
-0.449848
-0.150956
0.869059
0.110286
-0.148631
-0.197617
0.027218
0.087836
0.198218
-0.169827
0.300362
-0.171627
-0.032438
-0.125443
0.273355
-0.215959
0.121865
0.090010
0.700072
0.119811
-0.155794
-0.082742
-0.018839
0.435273
1.310212
2.022553
0.119474
0.050988
-0.160295
-0.234980
-0.569660
-0.510794
-0.512993
0.399392
-0.079101
-0.248644
0.492495
0.293644
0.052314
0.719269
0.032233
-0.135947
0.462145
-0.122767
-0.403052
-0.293263
-0.454384
-0.454800
-0.326125
-0.371996
-0.158326
-0.318045
-0.402267
0.018926
-0.522946
-0.609305
-0.415651
-0.533805
-0.475703
-0.484221
-0.484967
-0.473291
-0.562393
-0.500362
-0.519737
-0.560274
-0.539465
-0.489175
-0.504437
-0.485585
-0.424019
-0.537530
-0.550392
-0.547457
-0.335130
-0.249988
-0.234403
-0.183379
-0.305769
-0.467848
-0.386680
-0.493402
-0.608954
-0.549301
-0.281964
-0.174346
-0.095459
-0.245638
-0.286733
-0.259965
-0.406407
-0.341057
-0.329148
-0.337085
-0.250267
-0.543352
-0.557958
-0.516603
-0.559500
-0.548026
-0.493013
-0.445853
-0.254592
-0.551474
-0.387080
-0.241174
-0.522427
-0.454978
-0.536313
-0.435534
-0.599714
-0.467283
-0.518834
-0.349898
-0.521559
-0.604819
-0.532355
-0.484441
-0.498644
-0.580596
-0.577120
-0.499718
-0.347786
-0.103530
1.233318
0.955799
1.047909
4.523549
3.909077
1.863361
0.813259
2.465536
3.237599
1.056377
3.138416
1.456999
0.849606
0.865192
1.530993
0.504288
2.309157
0.245252
1.156632
0.702638
0.712532
0.051160
0.027173
1.255744
0.206029
-0.033716
-0.013561
0.078573
-0.015078
-0.082542
-0.018845
0.378772
-0.144613
0.118716
-0.147320
-0.308729
-0.244353
-0.092664
-0.359890
-0.145619
0.030803
-0.121389
-0.040619
0.143574
-0.097628
-0.112578
0.362425
-0.304425
-0.101113
-0.265111
-0.173053
-0.080498
-0.436905
-0.219574
-0.004689
-0.407023
-0.215831
-0.346835
-0.258236
-0.090856
-0.251095
-0.471000
-0.384020
-0.370447
-0.277791
-0.365711
-0.311315
-0.280164
-0.130768
-0.281306
-0.243620
-0.241483
-0.292056
-0.314224
-0.105765
-0.541384
-0.326773
-0.336484
-0.491879
-0.195944
-0.318196
-0.407671
-0.376081
-0.228464
-0.362935
-0.149154
-0.378371
-0.268000
-0.318163
-0.105406
-0.503895
-0.439990
-0.425022
-0.335028
-0.515886
-0.526201
-0.540268
-0.385425
-0.442211
-0.458575
-0.401405
-0.487387
-0.477049
-0.443700
-0.338997
-0.553335
-0.405421
-0.445946
-0.438708
-0.028742
0.258369
1.695811
0.662368
0.207357
1.784837
0.575953
1.499510
0.327014
1.750269
1.267428
2.077434
2.980848
1.816801
1.810391
3.916530
1.000012
1.187000
3.385313
1.414398
1.234152
1.947252
1.264394
0.791362
0.737529
0.297722
-0.345042
-0.333699
-0.251211
-0.183866
-0.258740
-0.478690
0.245009
-0.276221
-0.462452
-0.402638
-0.112520
-0.381270
-0.384228
-0.402224
-0.362253
-0.282595
-0.282634
-0.297715
-0.314326
-0.341509
-0.421687
-0.411483
-0.138858
-0.099886
-0.191122
-0.275095
-0.406096
-0.391830
-0.448341
-0.244934
-0.382178
-0.301477
-0.181029
-0.323492
-0.397800
-0.385244
-0.187784
-0.372726
-0.406744
-0.334013
-0.435699
-0.442798
-0.404086
-0.412700
-0.154018
0.853279
0.418929
0.888945
0.214751
0.196541
0.066270
0.020046
-0.011607
1.230227
0.536598
0.100239
0.286264
0.082206
0.692668
0.207834
0.228744
0.497266
0.329690
0.465114
0.337447
-0.171667
0.604571
0.363445
0.855312
0.236501
2.826325
0.194217
1.013805
0.080710
-0.052056
-0.006435
-0.034315
-0.168607
0.036938
-0.052169
-0.372094
-0.337545
-0.472108
-0.329250
-0.327849
-0.329511
-0.175469
-0.097718
-0.265139
-0.018632
-0.185572
-0.315583
-0.266994
0.036058
-0.479954
-0.179777
-0.215263
-0.478829
-0.379435
-0.215177
-0.318145
-0.238825
-0.095263
-0.149985
0.886019
-0.089140
-0.175234
0.019715
0.331764
0.096739
0.039818
-0.094542
-0.235594
-0.285226
-0.190295
-0.299762
-0.542380
-0.331644
-0.475064
-0.598207
-0.447405
-0.422076
-0.306439
-0.337757
-0.430675
-0.483483
-0.532471
-0.402586
-0.394884
-0.521919
-0.391542
-0.587330
-0.569255
-0.441101
-0.596966
-0.551624
-0.405954
-0.571775
-0.437137
-0.428641
-0.586683
-0.435070
-0.511092
-0.551929
-0.479803
-0.520009
-0.464874
-0.467124
-0.553389
-0.499782
-0.550361
-0.405928
-0.329205
-0.373353
-0.161314
-0.410184
-0.293693
-0.108222
0.057093
-0.090174
-0.024003
-0.025980
0.004076
0.774694
0.503572
0.099001
1.114626
0.820187
1.245189
1.063187
0.341478
0.869134
2.678604
1.173538
2.224835
3.985251
1.798357
3.075629
2.841027
4.265296
1.959449
3.369140
4.632608
4.428735
3.606079
4.217856
3.077949
1.775240
3.980238
0.880571
1.972270
1.732405
0.835722
1.149559
0.960967
0.701111
0.200438
0.362678
0.125956
0.865447
0.482152
0.279552
0.088005
0.428608
-0.133636
0.146471
0.428411
-0.134771
-0.306473
-0.171456
-0.166136
-0.358409
-0.180289
-0.367385
0.049172
-0.211869
-0.389638
-0.366733
-0.454664
-0.464692
-0.367760
-0.496843
-0.490392
-0.580157
-0.424185
-0.451418
-0.385061
-0.459639
-0.484888
-0.599089
-0.423988
-0.547763
-0.402416
-0.529838
-0.449976
-0.463057
-0.657895
-0.598374
-0.615705
-0.557591
-0.524260
-0.499137
-0.546260
-0.171837
-0.276161
-0.413195
-0.512157
-0.415580
-0.416912
-0.553788
-0.475249
-0.483686
-0.396782
-0.413950
-0.531260
-0.485183
-0.538153
-0.238388
-0.412335
-0.517418
-0.488318
-0.563950
-0.499182
-0.442925
-0.486356
-0.421774
-0.545329
-0.397187
-0.537891
-0.528829
-0.353323
-0.489419
-0.394534
-0.403652
-0.519581
-0.258911
-0.600352
-0.506323
-0.557369
-0.484091
-0.441844
-0.473943
-0.407988
-0.418559
-0.463193
-0.321991
-0.230446
-0.216869
-0.409477
-0.495373
-0.439644
-0.278794
-0.446519
-0.266447
-0.474202
-0.203095
-0.322614
-0.298624
-0.218502
-0.071835
-0.344997
-0.364096
-0.104348
-0.186561
-0.458423
-0.260646
-0.237225
-0.337686
-0.040339
0.306690
-0.029740
0.165890
-0.047887
-0.227554
2.601372
-0.281753
0.089108
0.113235
0.204599
1.075944
0.082467
0.517889
0.392265
0.927393
0.269048
0.249619
0.914728
0.588505
0.597421
1.089107
0.695801
1.618992
2.385293
2.205407
1.842365
2.653165
3.606177
4.144929
3.654982
3.557820
2.389844
1.013829
2.203750
3.221768
1.593128
2.778952
1.321468
2.077647
1.743966
3.037020
1.635326
1.143415
2.866704
-0.214225
0.612661
0.113709
-0.088875
0.343827
0.160012
-0.002336
-0.078014
0.765303
-0.026612
-0.257918
0.085453
0.091665
-0.202390
0.042677
-0.293111
-0.018359
-0.132858
-0.187591
0.101908
-0.356667
-0.154741
-0.196547
0.031406
-0.180090
-0.419660
0.008140
-0.333789
-0.314829
-0.278659
-0.408728
-0.425033
-0.285811
-0.464119
-0.407312
-0.421004
-0.338969
-0.374339
-0.185042
-0.440654
-0.474996
-0.254820
-0.443185
-0.570537
-0.420408
-0.307153
0.011070
-0.445839
-0.253319
-0.349970
-0.122335
-0.029485
0.481313
-0.098468
-0.070321
-0.165036
-0.147027
-0.366794
-0.490822
-0.171790
0.058654
-0.296913
-0.151462
-0.485974
-0.307430
-0.363167
-0.410916
-0.161008
-0.393489
-0.311745
-0.198009
0.082467
0.008599
-0.348481
-0.181746
0.049125
-0.269964
-0.394865
-0.460309
-0.227247
-0.250920
-0.481102
-0.270860
-0.493691
-0.359291
-0.150754
-0.315841
-0.103645
0.797483
2.205463
1.456100
1.365468
2.467721
4.177259
4.524409
5.591021
2.131844
10.901366
1.526133
2.140579
1.460866
3.563479
1.041121
4.125261
2.389690
6.033472
1.550394
3.170290
3.132102
1.761102
0.765360
0.412563
1.289585
-0.118647
0.233018
0.224239
-0.024282
-0.455089
-0.462048
-0.432563
-0.241350
-0.447462
-0.416721
-0.334295
0.357276
-0.364328
-0.235104
0.366929
0.255739
0.259892
0.048213
-0.075223
-0.219435
-0.070080
0.327792
0.140145
-0.086633
0.092078
0.189605
0.345537
0.110275
0.616778
-0.106598
0.498183
-0.045207
0.320494
-0.220178
0.139964
-0.329438
0.034149
-0.021780
0.007033
-0.065739
0.040348
0.539289
-0.106423
0.194977
-0.187837
0.286035
0.142500
-0.097209
1.093979
0.185054
0.244770
0.436108
0.583546
1.128569
0.304251
0.202973
0.184996
0.279555
-0.179686
0.441934
-0.116189
-0.118190
0.257595
0.176586
-0.311637
-0.250889
-0.363104
-0.305766
-0.227810
-0.380457
-0.373795
-0.208745
-0.542381
-0.498020
-0.563624
-0.157758
-0.448909
-0.288744
0.059469
-0.074569
0.076001
-0.054664
0.956242
-0.045095
0.082820
0.226922
0.306504
0.025295
0.089926
0.020679
0.148877
0.033003
-0.023159
1.195181
0.780411
1.961851
0.888547
1.554526
0.404955
0.295197
0.511258
0.038373
0.073071
0.029919
0.047197
0.450169
0.970037
11.583566
10.863061
13.801033
25.332192
22.578958
8.141994
8.849376
5.429262
9.703437
6.554347
6.595469
13.184149
7.445563
7.753909
16.954140
12.473411
19.466170
5.904942
3.234925
7.551388
11.055389
3.894696
3.176354
2.028639
1.041732
1.332926
1.324333
0.604437
1.361399
0.536850
1.288903
0.335398
0.953104
-0.027757
-0.044605
0.935878
1.154922
3.322573
0.947237
1.031870
0.783327
0.095409
0.718284
0.432145
2.264812
0.784826
0.111241
0.688800
0.145658
0.102932
-0.061402
0.109291
0.076766
-0.184916
0.204234
0.382317
0.093692
0.298857
-0.336422
-0.017299
-0.076252
0.085990
0.351783
0.427638
0.228332
0.295874
0.360378
0.709767
-0.021645
0.431840
0.260275
0.150887
0.783975
1.146272
0.762091
0.562823
0.139770
-0.193783
0.065087
0.309234
0.170857
0.104805
0.423212
-0.333070
-0.258311
-0.106054
0.079890
0.280324
-0.026190
0.044476
0.040886
-0.256732
0.031636
-0.263622
-0.160631
0.032473
-0.011459
0.604130
0.063896
0.745206
0.662328
0.130075
0.448963
0.345974
-0.120073
0.164197
0.143731
0.239687
0.161646
-0.156802
-0.229087
-0.213112
-0.239689
-0.148284
-0.117700
-0.356214
-0.245513
-0.294027
-0.325268
-0.501951
-0.323272
-0.357903
-0.507002
-0.298582
-0.291823
-0.486522
-0.449805
-0.279947
-0.504207
-0.392853
-0.243032
-0.483426
-0.275426
-0.300426
-0.481083
-0.447642
-0.509520
-0.566842
-0.431065
-0.280368
-0.483989
-0.282764
-0.610139
-0.355599
-0.602089
-0.499023
-0.585935
-0.371852
-0.289059
-0.447407
-0.310610
-0.257671
-0.056175
-0.039758
-0.320421
-0.092029
-0.352189
2.070791
-0.030018
0.410475
-0.135084
0.121538
-0.232685
-0.056433
0.637682
-0.099966
0.735404
0.276472
0.076852
0.121730
0.244320
-0.104179
0.006978
0.241068
-0.071729
0.013115
-0.108335
-0.241491
-0.353324
-0.280006
-0.410286
-0.165977
-0.215135
-0.459835
-0.250634
-0.066914
-0.110892
0.636016
-0.285790
-0.152267
-0.410096
0.112531
-0.129033
-0.201309
-0.225693
-0.261423
-0.178789
-0.242509
-0.330039
-0.141111
-0.411280
-0.447190
-0.453743
-0.435254
-0.473494
-0.425257
-0.512496
-0.428155
-0.365979
-0.552341
-0.483688
-0.395406
-0.360138
-0.468372
-0.474305
-0.467709
-0.415889
-0.379796
-0.406352
-0.358684
-0.111009
-0.351796
-0.220939
-0.418342
-0.435392
-0.391597
-0.458821
-0.409784
-0.260708
-0.348976
-0.565372
-0.383370
-0.248441
-0.485941
-0.281404
-0.199306
-0.231399
0.183442
-0.103219
-0.056600
-0.160040
-0.198841
0.040325
-0.012970
-0.142409
0.555521
0.282715
-0.185124
0.319705
0.099971
0.044526
0.231082
-0.007651
0.027218
0.371494
0.131002
-0.053552
0.000180
0.531674
0.367840
0.364454
0.389249
0.085438
0.162879
-0.084145
0.237722
0.045175
0.186843
0.498581
1.177340
0.847266
2.076099
0.686439
0.464624
0.652203
0.369059
0.276427
0.226892
0.408472
0.124276
-0.140927
0.195092
0.163046
-0.049375
2.669690
0.797216
0.542352
2.476224
0.927955
0.497418
0.784340
0.405091
3.453328
3.694284
0.864356
4.474289
4.473329
1.054943
2.184790
1.423776
0.583871
0.667729
1.458771
3.045436
2.028536
3.537751
0.669725
0.137258
0.341469
-0.127430
0.759161
0.415958
0.355819
-0.185179
-0.329356
-0.426064
-0.332541
-0.410774
-0.524526
-0.565362
-0.473017
-0.441755
-0.279002
-0.472955
-0.395355
-0.449887
-0.507133
-0.550978
-0.290393
-0.539438
-0.406609
-0.448900
-0.431140
-0.498674
-0.484375
-0.369873
-0.473456
-0.298463
-0.402120
-0.282803
-0.318492
-0.297799
-0.439469
-0.567427
-0.548463
-0.574042
-0.579104
-0.489041
-0.493374
-0.497770
-0.479346
-0.412695
-0.504366
-0.534011
-0.397045
-0.501275
-0.471004
-0.036379
-0.490071
0.114741
-0.438890
-0.379512
-0.187451
-0.276151
-0.072274
-0.287559
-0.214874
-0.270928
-0.173905
0.012259
-0.325816
-0.184779
-0.349341
-0.360589
-0.423586
-0.055678
-0.360085
-0.313434
-0.327361
-0.035109
-0.163453
1.556326
1.296417
1.237612
0.982138
5.682811
5.941465
4.092474
3.460221
4.698989
2.636575
3.496860
3.379000
4.229743
3.907243
4.791086
2.809309
4.732242
4.505974
2.979864
2.051752
3.173500
5.527006
2.549105
2.419130
0.918665
1.146696
0.440460
0.472516
-0.082731
-0.204398
-0.240304
-0.281929
-0.409234
-0.211566
-0.155075
0.127705
-0.229341
0.013067
-0.146845
-0.183716
-0.066548
-0.385076
-0.268890
-0.063533
-0.161517
-0.243741
-0.265705
-0.210422
0.406966
-0.107784
-0.299786
1.114416
0.376853
1.356480
1.102584
4.926493
2.640840
3.405963
2.396673
3.207982
3.722016
6.197255
2.493841
3.544044
3.359604
4.725092
7.263148
5.119540
3.029785
5.770405
5.991786
2.566531
3.859749
2.432840
3.208815
2.504324
3.113627
3.074185
1.746184
0.506795
1.231066
-0.150949
-0.345435
-0.469296
-0.545094
-0.483799
-0.464682
-0.426295
-0.576709
-0.479581
-0.276337
-0.259787
-0.375161
-0.340191
-0.270898
-0.400553
-0.382745
-0.272535
-0.393400
-0.510870
0.108679
-0.446504
-0.419775
-0.413166
-0.374219
-0.553665
-0.526092
-0.343967
-0.481353
-0.474009
-0.196664
-0.537287
-0.566420
-0.466703
-0.577965
-0.509634
-0.602560
-0.440236
-0.373993
-0.543869
-0.540546
-0.491640
-0.259611
-0.627384
-0.635997
-0.482422
-0.396218
-0.488154
-0.197578
-0.247067
-0.023124
-0.559587
-0.384840
-0.476614
-0.409500
-0.450857
-0.495902
-0.549229
-0.421399
-0.550878
-0.504197
-0.459620
-0.576459
-0.361854
-0.580268
-0.465455
-0.603055
-0.482494
-0.529006
-0.495974
-0.364414
-0.523443
-0.440739
-0.345138
-0.489957
-0.257841
-0.106848
-0.386852
-0.069384
-0.116617
-0.129878
-0.004477
-0.081327
-0.166401
0.455348
0.167325
0.183355
0.025556
-0.040477
0.980682
0.710055
-0.197611
-0.187495
0.175481
0.208952
0.636242
1.040418
0.333866
1.013978
1.247979
2.716060
1.457605
1.284707
0.489471
0.431577
0.154686
1.136905
0.062659
0.633658
-0.244984
-0.311291
-0.213836
-0.378237
-0.131901
-0.453685
-0.183952
0.164500
-0.351384
1.427317
-0.236614
-0.325261
-0.454601
-0.374481
-0.356069
-0.426171
-0.447058
-0.487207
-0.523436
-0.449008
-0.430702
-0.467866
0.526617
-0.576371
-0.532229
-0.519908
-0.588361
-0.534116
-0.517077
-0.253123
-0.522474
-0.455368
-0.373187
-0.337499
-0.477255
-0.315039
-0.529078
-0.473731
-0.500592
-0.473970
-0.346463
-0.465381
-0.565014
-0.384568
-0.219610
-0.496218
-0.394238
-0.553041
-0.414510
-0.296262
-0.479121
-0.435569
0.695183
-0.382461
-0.390801
-0.176558
-0.427421
-0.435592
-0.446421
-0.326463
-0.330590
-0.306365
-0.465231
0.267465
0.360807
1.423837
2.175176
0.162269
-0.096615
0.644871
0.632773
-0.124299
0.962231
0.224576
0.213039
0.499839
1.563731
0.430570
0.277314
0.754885
-0.235754
-0.316038
-0.150982
-0.279107
-0.255937
-0.007281
-0.295310
-0.104018
-0.330047
0.461626
-0.267631
-0.427833
-0.353179
-0.482681
-0.399348
-0.394756
-0.413671
-0.300945
-0.069974
-0.246739
0.007631
-0.126888
-0.218823
-0.230353
-0.347368
-0.251850
-0.137637
-0.027201
-0.039179
0.078228
-0.102373
0.330996
-0.075032
-0.138913
0.073328
0.003056
-0.043440
-0.215464
0.283609
-0.121485
-0.271375
-0.336390
0.267719
0.288750
-0.044175
-0.023485
0.011280
-0.299216
0.086847
-0.058355
0.161686
-0.090280
-0.168825
0.567053
-0.233452
0.046420
0.482601
0.108116
0.100267
0.340945
0.529813
1.177556
0.956980
2.135026
0.477406
0.365595
0.140585
1.286127
-0.118004
0.437802
1.755639
0.379806
0.574184
0.347021
0.741560
0.477173
1.103624
1.666325
0.270421
0.555356
1.247105
1.799592
0.876948
0.251222
0.639456
-0.176227
0.220441
0.161299
-0.059593
-0.127910
-0.071346
-0.140622
0.061315
-0.256084
-0.404029
-0.465845
-0.488856
-0.370069
-0.467387
-0.526765
-0.478266
-0.501200
-0.489155
-0.423189
-0.500935
-0.460838
-0.461272
-0.520049
-0.473192
-0.459522
-0.501848
-0.552191
-0.522782
-0.541158
-0.252188
-0.554919
-0.403770
-0.607483
-0.673757
-0.568814
-0.622444
-0.518244
-0.513976
-0.563183
-0.542344
-0.496415
-0.490781
-0.476184
-0.565674
-0.421982
-0.462072
-0.495232
-0.500329
-0.385910
-0.348468
-0.190602
-0.461713
-0.430505
-0.060255
0.069905
0.117452
0.064987
-0.315938
-0.307965
-0.238221
-0.254858
0.113186
0.098867
-0.474579
-0.368059
-0.294724
-0.350419
-0.260133
-0.450803
-0.433575
-0.325836
-0.225694
-0.025708
-0.370683
-0.371665
-0.461809
0.376943
-0.085271
-0.127074
-0.229590
0.116562
0.239725
-0.164182
0.607387
-0.192919
-0.043380
0.160806
-0.358919
0.274083
-0.203934
0.012812
0.444089
-0.076130
-0.088629
0.518327
-0.301176
-0.251950
-0.335464
-0.322114
-0.065456
-0.470783
-0.406303
-0.478185
-0.349713
-0.319255
-0.542893
-0.491701
-0.336734
-0.161041
-0.516155
-0.462269
-0.384686
-0.527018
-0.467887
0.179928
-0.484625
-0.479737
-0.249709
-0.461989
-0.312596
-0.379402
-0.463963
-0.510995
-0.479099
-0.473328
-0.523168
-0.492081
-0.412917
-0.404182
-0.337381
-0.358159
-0.516585
-0.514946
-0.332359
-0.439570
0.210334
0.198064
1.452397
-0.014077
-0.248400
0.055639
0.575310
-0.057252
0.066562
-0.144009
0.450981
0.003242
0.313600
0.184501
-0.029043
-0.234225
-0.234194
-0.122307
0.188937
1.343423
0.025872
-0.338019
-0.239911
-0.227520
-0.243768
-0.396794
-0.192607
-0.399885
-0.371671
-0.523392
-0.298690
-0.465970
-0.276905
-0.308609
-0.497028
-0.311702
-0.463271
-0.386221
-0.420477
-0.279695
-0.407316
-0.301921
-0.303860
-0.344081
-0.417900
-0.503782
-0.550480
-0.476205
-0.562200
-0.510619
-0.525922
-0.555412
-0.442999
-0.488842
-0.571257
-0.553707
-0.541198
-0.584936
-0.583255
-0.589085
-0.416224
-0.576755
-0.480203
-0.464821
-0.418975
-0.465111
-0.237196
-0.473451
-0.379350
-0.451610
-0.445096
-0.453404
-0.452348
-0.324885
-0.393074
0.560646
0.005270
-0.025557
-0.047022
0.134176
0.041712
0.389102
-0.363203
-0.141299
-0.128187
0.040842
0.309261
0.113002
-0.211508
-0.178549
-0.280620
-0.262451
-0.349359
-0.413244
0.174864
-0.412846
-0.323366
-0.381662
-0.352741
-0.252482
-0.019827
0.316712
0.626607
0.036119
0.370355
0.050404
0.132286
-0.175417
-0.176798
-0.157263
-0.204764
-0.268395
-0.082874
0.430454
0.942320
0.271041
0.399252
1.494695
0.075909
0.221490
1.006980
0.666610
1.316109
2.131894
0.695295
1.611398
1.175658
2.883414
2.871300
1.119119
1.542580
1.579039
1.939663
1.293737
2.589017
1.526003
1.441080
2.156502
1.157033
1.084425
2.513523
0.750209
1.280168
0.765868
1.315704
0.733623
0.605553
0.362014
1.769833
1.037743
1.811022
0.859248
0.636139
0.589656
0.705748
0.082452
0.245342
0.836435
0.151328
-0.262080
-0.077252
-0.290119
-0.234140
-0.079495
-0.140203
-0.298031
-0.234586
-0.248733
-0.285415
-0.419084
-0.224570
-0.086612
-0.240429
0.018014
-0.301025
-0.361755
-0.312571
-0.354733
-0.203010
-0.294688
-0.541149
-0.373271
-0.296423
-0.359130
-0.331058
-0.406827
-0.465284
-0.145992
-0.174005
-0.445693
-0.318233
-0.469312
-0.532217
-0.512026
0.020652
-0.472469
-0.231393
-0.308056
-0.336871
-0.476017
-0.542309
-0.570955
-0.530446
-0.426937
-0.469020
-0.541097
-0.210623
-0.367125
-0.541061
-0.338816
-0.090256
-0.239118
0.708616
-0.213748
-0.065118
-0.070773
-0.092178
-0.138244
-0.048036
0.324091
0.272894
0.392943
0.394113
0.171503
0.551427
0.870530
0.502740
0.352075
2.389643
0.350107
1.124836
1.527262
1.817273
0.848505
0.877687
1.324964
1.796878
1.334011
0.711210
6.557385
2.346428
1.683878
1.173531
2.255742
2.022997
5.407135
1.720889
2.192670
2.081749
2.789597
2.134626
1.873138
1.661393
3.423683
4.828317
4.160749
3.702877
2.826658
1.636158
2.466240
0.334261
1.125358
0.592669
0.430646
1.063121
0.200015
0.145260
-0.176240
0.593246
0.135374
-0.262455
0.024783
0.034463
0.270004
-0.322050
-0.324824
-0.314870
-0.051343
-0.224723
-0.492469
-0.417126
-0.428275
-0.268696
-0.439166
-0.503316
-0.431271
-0.479171
-0.259968
-0.493002
-0.300405
-0.290623
-0.424698
-0.550073
-0.494862
-0.478515
-0.586690
-0.566080
-0.490481
-0.495730
-0.421299
-0.240426
-0.541227
-0.336055
-0.513877
-0.442563
-0.064562
-0.365877
0.018163
-0.108418
0.587297
0.148320
0.200231
0.775626
0.983169
1.194833
0.461894
0.724118
0.924483
0.678570
1.130686
3.327333
0.688770
0.113846
-0.135003
0.470209
0.075650
0.310182
0.079761
0.678417
0.590136
1.138115
0.981183
0.048354
0.410259
0.473120
0.520301
1.781648
0.444336
0.512796
1.457610
0.253314
0.756218
0.390505
0.444155
0.051013
0.538486
0.068335
0.241569
-0.224857
-0.183441
-0.278075
-0.368657
-0.102828
1.598185
0.149620
-0.012682
0.083290
0.010157
-0.211326
0.233784
1.483881
0.293631
0.599372
0.872690
3.008605
0.454920
1.011555
-0.025252
1.320694
0.764125
0.092295
0.623859
1.184410
1.116467
1.063417
0.281600
0.207354
-0.358884
-0.314841
-0.378031
-0.286199
-0.542088
-0.352472
-0.399642
-0.264088
-0.417980
-0.412029
-0.250539
-0.426762
-0.369238
-0.445826
-0.393256
-0.409446
-0.333381
-0.286869
-0.119193
-0.313093
-0.449259
-0.454491
-0.264030
-0.536081
-0.288628
-0.531650
-0.466686
-0.469055
-0.441257
-0.335664
-0.485065
-0.462301
-0.384710
-0.253155
-0.400829
-0.376723
-0.193146
-0.444364
-0.355244
-0.379696
-0.383753
-0.204420
-0.335458
-0.310926
-0.053741
-0.360603
-0.472546
-0.329821
-0.382449
-0.492021
-0.481483
-0.532106
-0.506523
-0.442430
-0.352576
-0.494847
-0.405429
-0.512495
-0.222542
-0.359553
-0.422679
-0.397779
-0.432073
-0.485473
-0.317011
-0.382734
-0.534706
-0.154712
-0.289455
-0.454570
-0.270965
-0.312660
-0.290994
-0.361532
-0.432131
-0.430516
-0.230173
-0.341433
-0.350506
-0.393466
-0.341810
-0.243334
-0.468658
-0.506589
-0.428024
-0.260374
-0.185859
-0.363747
0.224793
-0.224165
-0.069248
-0.224169
-0.346443
-0.168341
-0.333526
-0.270772
-0.433371
-0.216552
-0.443233
-0.489943
-0.588681
-0.486495
-0.595239
-0.525532
-0.438741
-0.456198
-0.417895
-0.301469
-0.336774
-0.162153
-0.402059
-0.445607
-0.271627
-0.007020
-0.206247
-0.420577
-0.209804
-0.255775
-0.394101
-0.233143
-0.364844
-0.388623
-0.402975
-0.199908
-0.351823
-0.054554
-0.227920
-0.240800
-0.228316
0.018539
-0.327051
-0.298914
-0.338535
-0.386122
-0.475034
-0.407692
-0.371924
-0.450996
-0.478388
-0.429785
-0.531431
-0.381195
-0.548395
-0.585906
-0.559149
-0.456450
-0.533966
-0.524748
-0.404725
-0.332618
-0.235247
-0.359631
-0.357542
-0.411869
1.467107
-0.452186
-0.304832
0.036356
0.241233
0.893373
-0.121478
-0.085435
0.117361
0.475891
1.258386
0.542077
0.984659
1.672371
1.657581
1.363994
1.196311
2.608726
0.925354
2.221995
5.707975
9.709062
7.624473
1.897041
6.338746
3.482105
4.638563
2.091718
0.879962
1.935133
0.903597
1.979725
0.481982
1.387192
0.770183
0.278158
0.526869
0.208146
-0.163377
-0.129371
0.029229
0.498774
0.337668
1.186979
0.981798
1.426226
0.912899
1.184684
0.532368
2.461241
2.646145
3.688067
0.673569
0.476280
0.634877
0.606708
0.424851
0.160100
0.027826
0.701383
0.026520
0.070320
1.313104
-0.389750
-0.157399
-0.405869
-0.401078
-0.351547
-0.272069
-0.490123
-0.231678
-0.470703
-0.209364
0.011796
0.089806
-0.144136
-0.202111
-0.539676
-0.373316
-0.502451
-0.540271
-0.398392
-0.475208
-0.135108
-0.043265
-0.253522
-0.231943
-0.215944
-0.398765
-0.322588
-0.466164
-0.454534
-0.283511
-0.446298
0.017812
-0.239323
-0.193149
-0.210873
-0.149957
-0.364417
-0.219334
-0.133635
-0.006701
-0.189011
-0.058084
-0.297268
-0.384392
-0.528749
-0.438113
-0.299805
-0.397796
-0.416041
-0.448366
-0.496494
-0.506859
-0.458242
-0.489202
-0.553179
-0.489684
-0.523069
-0.516487
-0.369817
-0.505175
-0.600582
-0.505291
-0.356396
-0.484302
-0.450965
-0.502431
-0.418005
-0.310587
-0.583161
-0.457199
-0.568518
-0.510347
-0.148014
-0.307344
-0.425912
-0.355385
-0.167420
-0.563202
-0.398827
-0.459868
-0.488817
-0.392581
-0.400851
-0.410378
-0.396101
-0.402181
-0.357139
-0.375495
-0.294335
-0.427070
-0.305338
0.616552
-0.453178
-0.337904
-0.376298
-0.301142
-0.399361
-0.251268
-0.452282
-0.395111
-0.419569
-0.469984
-0.523167
-0.573513
-0.513891
-0.394486
-0.474503
-0.323881
-0.465005
-0.411168
-0.609008
-0.615588
-0.374913
-0.518693
-0.470941
-0.334387
-0.285676
0.051027
-0.374725
-0.441843
-0.183915
-0.188222
-0.018115
-0.068966
-0.262529
-0.246715
-0.207686
-0.240906
-0.270180
0.001096
-0.179297
0.980358
-0.260756
0.018397
-0.306863
-0.407455
-0.294315
-0.264727
0.063696
-0.283232
0.220564
-0.269710
-0.361729
-0.294494
-0.564945
-0.494406
-0.497370
-0.372453
-0.241387
-0.465771
-0.342821
-0.058862
-0.392302
-0.471785
-0.441597
-0.421296
-0.425295
-0.049670
-0.404771
-0.267041
-0.331741
-0.324054
-0.395076
-0.410273
-0.401513
-0.261451
-0.350906
-0.315055
-0.232030
-0.222354
0.266183
-0.150871
-0.005534
0.540202
-0.279874
0.154961
-0.052924
0.392490
0.302032
0.144093
-0.134102
-0.199789
-0.006237
0.540046
0.163770
0.024493
0.167115
0.192524
0.090737
0.360411
0.343461
0.340699
0.907881
0.234404
0.127730
-0.106432
0.231957
0.247122
0.203788
-0.215279
0.342435
0.031374
0.181850
-0.271744
-0.368226
-0.286750
-0.286919
0.027127
0.035276
-0.141288
-0.150616
-0.025366
0.676407
-0.347824
-0.198646
-0.032029
-0.055055
0.161388
0.068534
0.114550
0.277878
0.215499
0.145829
-0.208933
-0.168998
-0.216386
-0.259160
-0.096698
-0.356917
-0.421529
-0.395680
-0.424676
-0.429732
-0.283559
-0.202540
-0.293390
-0.316381
-0.418251
-0.075592
-0.376904
-0.380810
-0.118085
-0.373167
-0.313310
-0.404801
-0.350284
-0.409517
-0.428965
-0.283224
-0.396047
-0.369738
-0.383374
-0.430981
-0.515349
-0.339000
-0.476040
-0.484459
-0.458751
-0.275159
-0.372877
-0.470934
-0.405388
-0.340575
-0.091200
-0.358160
-0.541124
-0.530950
-0.451157
-0.458226
-0.576592
-0.557628
-0.291935
-0.368942
-0.561122
-0.404694
-0.318044
-0.332447
-0.196909
-0.319630
-0.464073
-0.493909
-0.549212
-0.555351
-0.489900
-0.464858
-0.277038
-0.422580
-0.211445
-0.379616
-0.313279
-0.506056
-0.320233
-0.233917
-0.470397
-0.272453
-0.377721
-0.311591
-0.312261
-0.415343
-0.399256
-0.558056
-0.237160
-0.366578
-0.344973
-0.417048
-0.531864
-0.502420
-0.441187
-0.602619
-0.492609
-0.470802
-0.264498
-0.428607
-0.410967
-0.397579
-0.379158
-0.202041
-0.163860
-0.474658
-0.444738
-0.060843
-0.224706
-0.154400
-0.492145
-0.362437
-0.342111
-0.349472
-0.321877
-0.251697
-0.299933
-0.182226
-0.234008
-0.271557
-0.003230
-0.524737
-0.080988
-0.418160
0.232954
1.378049
0.118980
0.076177
-0.228646
0.361903
1.122806
0.258546
0.512332
0.016076
0.007691
-0.020499
-0.276645
-0.423963
-0.422893
-0.396873
-0.492944
-0.239874
-0.279946
-0.545001
-0.439888
-0.454322
-0.464304
-0.382393
-0.283977
-0.531341
-0.075881
3.338529
0.142904
1.017278
0.722728
-0.084921
0.440196
0.050015
0.739694
0.071728
-0.421580
-0.347942
-0.484154
-0.373733
-0.230131
-0.351410
-0.438035
-0.384180
-0.248932
-0.234260
-0.455915
-0.501798
-0.529731
-0.318663
-0.452304
-0.357682
-0.443484
-0.279578
-0.310948
-0.449928
-0.361714
-0.381482
-0.440888
-0.475368
-0.482339
-0.507385
-0.352628
-0.578592
-0.462205
-0.557692
-0.555299
-0.496767
-0.470214
-0.433467
-0.500496
-0.297546
-0.358167
-0.392243
-0.544344
-0.409437
0.441422
-0.308707
-0.042853
0.466288
0.591107
0.115003
-0.205400
-0.071725
0.464472
0.068161
0.358884
0.049108
0.107206
-0.221219
-0.141636
0.080467
1.062597
-0.146255
-0.078569
-0.111866
-0.005081
-0.267107
-0.232109
-0.322801
-0.062028
-0.174164
-0.183896
-0.282252
-0.240611
-0.319157
-0.040530
-0.108649
-0.066185
-0.330716
-0.165094
-0.387637
0.286365
-0.226089
-0.293974
-0.012662
0.106829
-0.141960
0.816463
-0.280015
-0.473356
-0.337519
-0.297074
-0.162737
-0.388517
-0.509639
-0.472193
-0.433371
-0.592013
-0.321555
-0.343845
-0.334052
-0.462659
-0.135794
-0.419394
-0.399080
-0.539380
-0.437435
-0.412768
-0.461672
-0.441588
-0.529939
-0.395101
-0.495449
-0.387426
-0.338877
-0.447388
-0.288280
-0.301747
-0.377972
-0.300638
-0.272162
-0.110837
-0.607103
-0.561769
-0.620695
-0.675517
-0.606878
-0.414175
-0.455576
-0.351751
-0.227481
-0.506743
-0.522912
-0.302046
-0.412047
-0.407895
-0.464715
-0.528338
-0.498572
-0.344003
-0.545462
-0.539797
-0.406945
-0.464790
-0.562840
-0.512936
-0.354772
-0.591374
-0.493973
-0.522482
-0.498320
-0.515934
-0.544664
-0.309790
-0.374510
0.069858
-0.357451
-0.241432
-0.425314
-0.422676
-0.309037
-0.279143
-0.496055
-0.330447
-0.464747
-0.535242
-0.480114
-0.354520
-0.375404
-0.397940
-0.551315
-0.358773
-0.393888
-0.468962
-0.351621
-0.460395
-0.162662
-0.446568
-0.378735
-0.371667
-0.297195
-0.235291
-0.432171
-0.461199
-0.514455
-0.539623
-0.508701
-0.535614
-0.447984
-0.460099
-0.394811
-0.421299
-0.155029
-0.477089
-0.416427
-0.422046
0.031896
-0.456888
-0.483761
-0.371607
-0.481498
-0.392626
-0.410054
-0.485110
-0.528446
-0.537557
-0.523497
-0.423320
-0.455034
-0.397490
-0.392410
-0.572085
-0.536564
-0.533812
-0.550841
-0.409771
-0.530305
-0.621411
-0.508360
-0.525738
-0.557331
-0.216722
-0.228456
-0.235361
0.158988
0.176732
0.002395
0.201930
-0.096207
-0.160391
-0.410560
0.171113
-0.098526
0.153054
0.349689
0.138629
0.983435
1.394202
-0.127549
0.227792
0.818712
-0.042882
-0.014363
0.662110
-0.057658
-0.098289
0.749440
-0.085560
-0.009130
-0.115952
-0.236469
0.268563
0.545471
-0.239175
-0.167824
-0.251331
-0.044922
-0.136925
-0.231449
0.600690
-0.340028
-0.272843
-0.334273
-0.077251
-0.016727
0.027488
-0.018376
-0.239702
-0.043492
-0.135896
0.525254
0.189867
0.152883
5.034094
5.034804
5.826246
2.314116
0.712406
1.666846
0.731087
0.170776
0.017879
0.377715
0.096903
0.697631
0.426022
0.052957
0.841830
0.127444
0.048247
-0.103186
0.166846
-0.196703
-0.114983
-0.074519
-0.200998
-0.278184
-0.285594
-0.237654
-0.340512
-0.213892
-0.317999
-0.211478
-0.201350
-0.433683
-0.320142
-0.183639
-0.300296
-0.352690
-0.136623
-0.345577
-0.136527
-0.176710
-0.074400
-0.348689
-0.346529
-0.320078
-0.427335
-0.428478
-0.192616
-0.331038
-0.336745
-0.369159
-0.196000
-0.406477
-0.253492
-0.584508
-0.178056
-0.399398
-0.320404
-0.326420
-0.451669
-0.361330
-0.567133
-0.390314
-0.473811
-0.391302
-0.339391
-0.436163
-0.404084
-0.616048
-0.605039
-0.604656
-0.412322
-0.503923
-0.481219
-0.485881
-0.413613
-0.280515
-0.472561
-0.332811
-0.544731
-0.307845
-0.361402
-0.446215
-0.374309
-0.423519
-0.364288
-0.552902
-0.556368
-0.525972
-0.486510
-0.341718
-0.421285
-0.430605
-0.533979
-0.182706
-0.341211
0.131022
-0.410901
-0.497189
-0.387872
-0.495008
-0.288457
-0.145403
-0.318611
-0.028234
0.172277
0.538792
-0.241312
0.240489
0.085957
0.094783
0.399700
0.419701
0.061343
0.801602
1.374163
0.416401
0.663144
0.258126
-0.124184
0.929203
-0.020549
0.551888
0.001224
0.474483
-0.192846
-0.248214
-0.038426
0.381737
0.076039
-0.129373
-0.257220
0.060493
1.198705
0.416575
0.424538
0.811207
-0.012904
0.639917
-0.156945
-0.188395
-0.066256
-0.194414
-0.401639
-0.352080
0.471470
-0.023735
-0.011864
-0.121768
0.521651
0.352620
1.058299
0.053163
-0.039648
0.025863
0.021141
0.758334
-0.034114
0.132332
0.392761
0.445206
0.397735
0.124004
0.111047
0.403038
0.035801
0.387833
-0.272447
-0.294328
-0.260114
-0.167733
0.153783
-0.348157
-0.383812
-0.406375
-0.355019
-0.257195
0.024236
-0.548812
-0.404341
-0.543005
-0.506708
-0.433345
-0.553220
-0.445744
-0.523904
-0.524518
-0.428147
-0.456372
-0.422983
-0.493472
-0.321916
-0.507524
-0.368647
-0.261741
-0.377026
-0.109291
-0.073245
0.076731
-0.279676
-0.198221
-0.004715
-0.346575
-0.081432
-0.318845
-0.388325
-0.278797
-0.533267
-0.338401
-0.357048
-0.461047
-0.392851
-0.442522
-0.480547
-0.359978
-0.482813
-0.391696
-0.252161
-0.343710
-0.202524
-0.312868
-0.444292
0.132510
-0.349304
-0.346038
-0.186577
-0.395606
-0.314584
-0.391649
-0.500272
-0.521531
-0.534123
-0.394358
-0.516014
-0.418878
-0.506032
-0.470403
-0.464339
-0.248555
-0.317766
-0.370321
-0.281258
-0.313503
-0.535377
-0.535626
-0.551232
-0.587757
-0.559752
-0.623469
-0.498543
-0.504609
-0.500743
-0.326431
-0.549084
-0.563429
-0.443028
-0.527318
-0.506785
-0.511148
-0.483726
-0.550233
-0.395754
-0.513743
-0.471796
-0.448179
-0.540955
-0.554459
-0.421100
-0.433508
-0.450626
-0.403144
-0.489952
-0.539221
-0.564186
-0.596667
-0.476103
-0.403156
-0.582920
-0.301164
-0.367422
-0.523056
-0.376915
-0.261774
-0.400404
-0.474257
-0.623191
-0.549271
-0.501501
-0.358996
-0.503533
-0.367105
-0.379186
-0.550688
-0.389379
-0.261159
-0.217028
-0.339800
-0.357763
-0.232470
-0.011057
-0.032679
0.593736
-0.014479
0.359195
-0.127771
0.339433
0.052696
0.576172
0.243091
0.278383
0.382327
0.446882
0.906587
0.673475
0.496118
0.232769
0.065486
0.606752
0.060905
0.053903
-0.246038
-0.348057
-0.157013
-0.223045
-0.276593
-0.239613
-0.343703
-0.367498
-0.108198
0.384875
-0.022417
0.588011
-0.131299
-0.178654
-0.223685
-0.182200
-0.174009
-0.188742
-0.324627
-0.397356
-0.280774
-0.182956
-0.156205
0.042312
-0.207790
0.544674
0.043202
0.113118
-0.448910
-0.271940
-0.362674
-0.271422
-0.212249
0.622713
0.310589
0.259576
0.265312
0.058944
-0.412492
-0.145797
-0.413601
-0.263025
-0.215793
0.086469
-0.237890
0.023221
0.059127
0.789041
0.584006
-0.209365
0.200951
-0.104664
-0.127882
0.297332
0.501315
0.101332
1.544888
0.351810
0.226298
0.078550
0.049281
0.026894
0.062602
0.068927
-0.193748
-0.337000
0.366038
0.133723
-0.310098
-0.247227
-0.380886
-0.300839
-0.121050
-0.155925
-0.237256
-0.209663
-0.331680
-0.028931
-0.538095
-0.314308
-0.373974
-0.543158
-0.513587
-0.435642
-0.407592
-0.456293
-0.505097
-0.398198
-0.484081
-0.555082
-0.457310
-0.451087
-0.424652
-0.534769
-0.397381
-0.458037
-0.452962
-0.443941
-0.505422
-0.557889
-0.479567
-0.409408
-0.474965
-0.036380
-0.225372
-0.044007
0.552911
-0.244703
-0.018823
0.649289
-0.212690
-0.056915
0.049691
-0.055074
0.096003
-0.217816
-0.288028
-0.086202
-0.327959
-0.361105
-0.450019
-0.501348
-0.278521
-0.216627
-0.029297
-0.254493
-0.297804
-0.460212
0.071727
0.345966
0.993289
0.107608
0.094803
0.076661
0.123496
0.033061
0.143891
0.298965
0.760799
2.594863
3.746997
1.092288
1.151948
0.417816
0.074878
0.469224
0.698333
1.311352
1.307806
0.937397
0.903376
1.235310
0.324712
0.826825
0.717890
1.640287
0.898232
1.155813
0.574868
1.725839
