-0.839659
-0.839659
-0.839659
-0.839659
-0.839659
-0.839659
-0.839659
-0.839659
-0.839659
-0.839659
-0.839659
-0.839659
-0.839659
-0.839659
-0.839659
-0.839659
-0.839659
-0.839659
0.398743
-0.142551
0.014320
-0.185956
-0.235423
-0.278812
-0.339802
-0.250441
-0.444821
-0.393235
-0.360900
-0.426921
-0.409594
-0.441679
-0.412097
-0.362568
-0.463865
-0.422898
-0.409669
-0.507430
-0.345386
-0.385656
-0.552547
-0.450998
-0.304477
-0.404112
-0.259692
-0.409771
-0.324588
-0.387516
-0.328398
-0.261745
-0.418419
-0.337245
-0.441851
-0.447086
-0.377513
-0.429586
-0.332081
-0.420508
-0.405927
-0.248071
-0.272099
-0.290658
-0.480122
-0.444035
-0.486475
-0.368994
-0.408553
-0.453346
-0.434704
-0.385526
-0.424449
-0.442324
-0.294541
-0.377027
-0.193427
-0.415433
-0.382765
-0.268569
-0.387233
-0.359093
-0.177616
-0.315831
-0.458824
-0.387836
-0.330954
-0.439131
-0.400390
-0.442972
-0.382006
-0.490104
-0.439168
-0.497955
-0.458339
-0.462307
-0.358320
-0.397153
-0.471454
-0.454307
-0.497453
-0.465572
-0.446998
-0.436467
-0.467781
-0.427736
-0.418830
-0.415689
-0.402829
-0.211985
-0.294338
-0.411094
-0.321139
-0.444690
-0.218098
-0.433327
-0.389964
-0.365288
-0.419161
-0.431050
-0.421700
-0.389953
-0.495714
-0.471673
-0.419468
-0.377604
-0.186700
-0.425596
-0.402907
-0.256916
-0.396966
-0.335738
-0.341472
-0.402818
-0.237896
-0.300799
-0.387085
-0.366881
-0.067270
-0.371882
-0.372615
-0.249400
-0.319948
-0.223843
-0.393192
-0.425474
-0.503675
0.069768
-0.386230
-0.353110
-0.332380
-0.421659
-0.366513
-0.296752
-0.301900
-0.356799
-0.237460
-0.378418
-0.102862
-0.188374
-0.254621
-0.111737
-0.325218
-0.337781
-0.341372
-0.411358
-0.343532
-0.268679
-0.299823
-0.336536
-0.438769
-0.539383
-0.475885
-0.463697
-0.469349
-0.382898
-0.135884
-0.092448
-0.431843
-0.378449
-0.218581
-0.439359
-0.232488
-0.410217
-0.286821
-0.142252
-0.206651
-0.294935
-0.148960
-0.087091
-0.334517
0.065838
-0.160761
-0.351997
-0.407862
-0.491218
-0.117943
-0.369249
-0.303855
-0.413205
-0.319925
-0.320150
-0.005857
-0.250237
-0.302136
-0.055023
-0.228670
0.108560
0.148611
-0.060330
-0.143528
0.048866
-0.065625
0.212265
-0.189623
0.275185
0.282735
0.045594
-0.090418
0.506292
0.881065
-0.108670
0.079028
-0.250192
0.113946
-0.242863
-0.210630
-0.022386
-0.115640
0.201807
-0.150006
-0.350681
-0.115160
0.041123
-0.210802
-0.205546
-0.306772
-0.214458
-0.273817
-0.528125
-0.348140
-0.367942
-0.438269
-0.305360
-0.424824
-0.314645
-0.380296
-0.369353
-0.258592
-0.366243
-0.192039
-0.476933
-0.384528
-0.154827
-0.120124
-0.164273
0.099144
-0.258073
-0.178474
-0.234256
-0.232494
-0.314562
0.188772
-0.187265
-0.154864
-0.212937
-0.146957
-0.364215
-0.125295
-0.253898
-0.256713
-0.417582
-0.335244
-0.381942
-0.339428
-0.348576
-0.235272
-0.485221
-0.420144
-0.410001
-0.430102
-0.319155
-0.414826
-0.400263
-0.267951
-0.334938
-0.165348
-0.363317
-0.492548
-0.415684
-0.460977
-0.308190
-0.234945
-0.454745
-0.323262
-0.222032
-0.354910
-0.289421
-0.270575
-0.279595
-0.316701
-0.254673
-0.294733
-0.316398
-0.415634
-0.324776
-0.365160
-0.307720
-0.285379
-0.376173
-0.322958
-0.357514
-0.356494
-0.313007
-0.491396
-0.245229
-0.393344
-0.239994
0.114155
0.279441
-0.069218
0.338010
0.050113
0.122762
1.521121
0.222650
0.503623
0.554516
0.405065
0.210818
-0.187265
0.065875
0.118193
0.346287
-0.176158
-0.044144
0.101415
-0.155175
-0.139157
-0.198546
-0.091491
-0.168707
-0.353107
-0.048147
-0.231969
-0.333266
-0.408042
-0.348424
-0.275419
-0.275461
-0.297145
-0.285296
-0.384145
-0.273796
-0.204895
-0.416236
-0.438384
-0.351636
-0.446061
-0.324635
-0.359272
-0.361813
-0.294967
-0.365337
-0.356238
-0.030386
0.027308
-0.175739
-0.182349
0.031676
-0.137136
-0.311756
-0.345176
-0.265639
-0.191696
-0.056117
-0.291575
0.093173
-0.153308
-0.101354
-0.271792
-0.157951
0.028013
-0.054308
-0.059293
-0.132577
-0.421407
-0.454179
-0.359260
-0.411819
-0.311704
-0.478114
-0.174902
-0.490185
-0.139847
-0.453418
-0.434897
-0.244268
-0.398250
-0.305997
-0.323611
-0.322525
-0.406157
-0.129067
-0.354795
-0.326118
0.130650
0.647370
-0.277458
-0.416518
-0.445803
-0.449178
-0.348107
-0.374443
-0.365149
-0.258392
-0.157055
-0.240523
0.025005
-0.372748
-0.355033
-0.378529
-0.443511
-0.317076
-0.287820
-0.027754
-0.178697
-0.179709
0.035857
-0.324850
-0.345534
-0.280934
-0.230351
-0.409548
-0.395445
-0.454492
-0.379798
-0.371933
-0.416496
-0.314201
-0.402877
-0.003250
-0.264663
-0.349599
0.483212
-0.335021
-0.047657
-0.209669
-0.040001
-0.349774
-0.320097
-0.361252
-0.458553
-0.414124
-0.413098
-0.325407
0.336718
-0.333961
-0.310142
-0.279030
-0.373532
-0.363978
-0.371735
-0.449021
-0.245335
-0.240193
-0.186910
-0.195979
-0.209905
-0.214863
0.016984
0.099441
0.493510
0.428031
0.419049
0.187303
0.413075
0.217405
0.021918
0.630775
0.616611
0.883430
0.596406
-0.010330
0.179620
0.243711
0.018628
1.654293
1.292540
2.002652
3.499280
2.306379
3.072354
0.904418
2.336014
0.850602
0.675606
2.320061
0.540457
1.888628
1.439541
0.790275
2.686684
0.564368
1.764237
1.575353
1.284795
0.400270
0.800235
0.246885
0.167416
0.300478
0.104054
-0.188021
-0.258761
-0.240577
-0.119302
-0.175340
0.001680
-0.015179
0.308316
-0.057808
-0.159259
-0.139995
-0.071281
-0.229183
-0.227295
-0.214707
-0.212820
-0.308992
-0.297883
-0.337224
-0.088520
-0.286021
-0.078580
-0.236181
-0.000457
-0.176548
-0.202108
-0.372703
-0.305777
-0.169894
-0.351234
-0.242385
-0.355800
-0.268265
-0.062532
0.092523
0.227708
-0.056184
-0.148228
-0.034232
-0.109288
0.397536
0.334112
-0.324842
-0.147784
-0.187981
-0.110486
-0.183924
-0.185652
0.023682
-0.128414
-0.325943
-0.312468
-0.364817
-0.372598
-0.390128
-0.232208
-0.324203
-0.440296
-0.233284
-0.173778
-0.083497
-0.233275
-0.360184
-0.490741
-0.367914
-0.256842
-0.230980
-0.400925
-0.323019
-0.216056
-0.477969
-0.358891
-0.320416
-0.408994
-0.270944
-0.345533
-0.228187
-0.353906
-0.287572
-0.473105
-0.320059
-0.443452
-0.425660
-0.357303
-0.423758
-0.417478
-0.333106
-0.410363
-0.467606
-0.275890
-0.339560
-0.199523
-0.412372
-0.206981
-0.325004
-0.418753
-0.303088
-0.347329
-0.320082
-0.302648
-0.373077
-0.302811
-0.231029
-0.287320
-0.269427
-0.310125
-0.169046
-0.325746
-0.358700
-0.323252
-0.357519
-0.395625
-0.246687
-0.196173
-0.461776
-0.357278
-0.246474
-0.285532
-0.250802
-0.361409
-0.338880
-0.269395
-0.175698
-0.251987
-0.265938
-0.352303
-0.000805
-0.342033
-0.258493
-0.201618
-0.166737
-0.241737
0.452066
-0.448040
-0.335017
-0.391916
-0.422548
-0.307779
-0.372728
-0.382993
-0.224255
-0.265982
-0.237106
-0.339309
-0.413825
-0.476185
-0.462051
-0.465755
-0.429577
-0.284317
-0.278583
-0.275490
-0.351668
-0.372906
-0.256067
-0.233712
0.037272
-0.281514
-0.318600
-0.436931
-0.341838
0.063532
-0.259511
-0.432802
-0.318126
-0.362277
-0.075029
-0.135392
-0.225865
-0.421893
-0.186802
-0.252740
-0.454309
-0.515269
-0.320074
-0.345580
-0.439753
-0.277195
-0.234823
-0.436158
-0.347686
-0.460579
-0.283359
-0.417530
-0.438070
-0.370893
-0.310401
-0.382532
-0.400020
-0.238726
-0.331617
-0.184831
-0.353256
-0.274434
-0.297491
-0.332111
-0.376671
-0.216850
-0.363874
-0.456422
-0.357742
-0.277811
-0.362979
-0.391579
-0.282155
-0.375499
-0.211818
-0.362050
0.069303
-0.331794
-0.125934
-0.067816
0.301227
0.038188
-0.109299
0.090259
1.152835
0.186878
0.471749
-0.080832
0.033694
0.228010
-0.257103
-0.216728
0.003173
-0.081156
0.039597
0.155909
0.137447
-0.092006
0.446919
0.739024
1.131796
-0.261232
0.092693
-0.357373
-0.164582
0.057792
-0.127962
0.039791
-0.171947
-0.260958
-0.274767
-0.237993
-0.042450
-0.169789
-0.214087
-0.175257
0.143718
-0.065905
-0.140044
-0.227686
-0.254460
0.080636
0.025950
-0.284356
-0.272722
0.402512
-0.142926
-0.133896
-0.229665
-0.248682
-0.283143
-0.266137
0.130457
-0.252796
-0.174915
0.075941
-0.340394
-0.183000
0.069179
1.059969
1.934979
0.098940
0.254877
0.805995
0.485810
0.151805
0.171304
0.130527
0.960419
0.423593
0.252611
1.392688
0.740265
0.440933
1.130817
1.175208
0.781958
0.474535
0.922192
0.442971
1.154040
1.355853
1.665970
0.362880
1.504241
0.381919
0.178374
0.366358
0.152279
0.306790
0.394151
0.590207
0.224182
-0.006520
0.867115
0.284964
0.277576
0.142145
0.586434
0.229955
0.029729
0.099304
0.067257
0.080807
0.021707
-0.183031
0.355404
-0.298094
-0.416675
-0.234387
-0.462959
-0.394821
-0.220824
-0.291085
-0.405150
-0.488926
-0.346149
-0.405945
-0.449572
-0.402902
-0.476726
-0.446143
-0.503980
-0.477669
-0.492027
-0.470470
-0.319025
-0.263948
-0.253617
-0.422146
-0.124435
-0.547884
-0.404989
-0.453929
-0.393834
-0.448040
-0.283501
-0.383916
-0.398103
-0.431647
-0.401245
-0.510263
-0.404944
-0.346314
-0.377786
-0.481259
-0.502560
-0.329791
-0.464626
-0.404969
-0.365003
-0.345143
-0.353996
-0.292421
-0.327665
-0.414332
-0.218805
-0.331650
-0.455263
-0.515268
-0.375902
-0.385011
-0.293376
0.062883
0.296298
-0.022623
-0.184698
-0.288221
-0.176049
-0.327104
-0.302064
-0.286926
-0.182561
-0.300091
-0.092578
0.034697
-0.427695
-0.327096
-0.372564
-0.392282
-0.346006
-0.351739
-0.435961
-0.323601
-0.417648
-0.403298
-0.349609
-0.379917
-0.429628
-0.320680
-0.458367
-0.362785
-0.490509
-0.436513
-0.462598
-0.436971
-0.310096
-0.423152
-0.572878
-0.383683
-0.395364
-0.369718
-0.351349
-0.363919
-0.393155
-0.422554
-0.314761
-0.431477
-0.481387
-0.195105
-0.319049
-0.354767
-0.291162
-0.391124
0.087520
-0.128512
-0.168971
-0.481555
-0.376835
-0.331872
-0.472387
-0.455818
-0.458628
-0.460259
-0.388736
-0.364137
-0.277393
-0.389311
-0.274189
-0.522989
-0.323222
-0.416569
-0.050146
-0.384584
-0.196831
-0.312710
-0.430292
-0.270585
-0.458145
-0.462606
-0.380249
-0.372104
-0.209964
-0.402200
-0.375323
-0.338175
-0.365808
-0.407893
-0.379997
-0.467595
-0.361375
-0.297074
-0.503073
-0.462574
-0.310750
-0.353136
-0.459623
-0.430411
-0.304882
-0.269586
-0.333078
-0.454774
-0.359089
-0.382441
-0.348856
-0.397366
-0.455006
-0.447394
-0.374546
-0.381478
-0.362171
-0.372456
-0.328873
-0.384934
-0.271266
-0.380668
-0.424560
-0.338338
-0.227007
-0.134857
-0.133866
-0.147200
-0.263895
-0.115395
-0.134091
-0.151119
0.280415
1.684231
-0.245245
0.149907
-0.023740
-0.157339
0.134448
-0.050577
-0.157557
-0.293129
0.048270
-0.014217
-0.246086
-0.282797
-0.420306
-0.406103
-0.352783
-0.410593
-0.366339
-0.427519
-0.193606
-0.299037
-0.264150
-0.232217
-0.372069
-0.078649
-0.314884
-0.232409
-0.480733
-0.453648
-0.494600
-0.384211
-0.360852
-0.420329
-0.401013
-0.277213
-0.123695
0.176790
-0.092578
0.337476
-0.028900
0.015162
-0.052266
0.418406
-0.045457
0.058067
0.279912
-0.125818
-0.073438
-0.023211
0.132256
-0.020080
0.109089
-0.034825
0.292441
1.384343
-0.013303
0.625201
0.115803
0.526710
0.583155
0.389993
0.178428
0.315010
0.216100
0.366416
0.291302
1.642275
0.718041
0.517458
0.572378
0.677345
-0.111325
-0.007703
-0.101463
-0.250693
0.077896
0.508900
0.223448
-0.209214
-0.135493
-0.306527
-0.437438
-0.333645
-0.216457
-0.350361
-0.475177
-0.404135
-0.288792
-0.385555
-0.411228
-0.438713
-0.424571
-0.371563
-0.510583
-0.459494
-0.442489
-0.532128
-0.464904
-0.493217
-0.427477
-0.360039
-0.426139
-0.408956
-0.348712
-0.371511
-0.451054
-0.465421
-0.440802
-0.412651
-0.477990
-0.321004
-0.247244
-0.226613
0.413554
-0.358653
-0.368971
-0.237121
-0.282901
-0.155956
-0.489181
-0.431300
-0.417857
-0.309764
-0.432478
-0.370472
-0.367321
-0.128055
-0.465160
-0.319723
-0.375554
-0.355850
-0.439578
-0.334657
-0.457465
-0.452675
-0.484095
-0.498076
-0.239067
-0.291006
-0.478453
-0.399807
-0.076023
-0.171502
-0.085700
-0.164855
-0.152480
0.129058
0.027694
0.001331
-0.112784
-0.242419
-0.189140
0.209925
-0.277763
-0.330400
-0.377164
-0.397710
-0.285105
-0.416804
-0.393128
-0.317721
-0.423541
-0.349057
-0.356867
-0.303204
-0.345492
-0.366510
-0.249440
-0.321210
0.101164
-0.128646
-0.296113
-0.313056
-0.383703
-0.272402
-0.340475
-0.254453
-0.329294
-0.182307
-0.031932
-0.037671
0.576052
0.446887
0.161151
0.086664
0.270883
-0.068817
0.027550
0.163877
0.114874
-0.168216
1.229099
-0.019783
-0.071972
0.031918
-0.091583
-0.071462
-0.092223
0.101568
0.092205
-0.241547
-0.283669
-0.153367
0.062558
-0.243046
-0.087878
-0.152670
0.051491
-0.006607
-0.290059
-0.101364
0.121618
-0.271560
-0.184855
-0.269385
-0.110534
0.059666
-0.196387
-0.240923
-0.127639
-0.338744
-0.386364
-0.376928
-0.398927
-0.191365
-0.469849
-0.424668
-0.313133
-0.310275
-0.404518
-0.418906
-0.333429
-0.293692
-0.464766
-0.428036
-0.441270
-0.547862
-0.427920
-0.436757
-0.414854
-0.461516
-0.414448
-0.368557
-0.260032
-0.297967
-0.355973
-0.317435
-0.197948
-0.405172
-0.284703
-0.371440
-0.462118
-0.219672
-0.300917
-0.226034
-0.377577
-0.293371
-0.344367
-0.330721
-0.368853
-0.362171
-0.329553
-0.393471
-0.445622
-0.354762
-0.445824
-0.039936
-0.271931
-0.203785
-0.239869
-0.132423
-0.378246
0.088620
-0.140407
-0.476570
-0.037140
0.050554
-0.094156
-0.058367
-0.080977
0.027408
0.323984
-0.149106
-0.095389
-0.161547
-0.145857
-0.011543
-0.222829
-0.170499
-0.172155
-0.264043
-0.117999
0.107651
-0.190735
-0.070846
-0.163061
0.751804
0.055988
0.027771
-0.158486
-0.238184
-0.161211
-0.166802
-0.410652
-0.159814
0.046384
-0.097690
0.061530
-0.380860
-0.240099
-0.345380
-0.252081
-0.298089
-0.337398
-0.389626
-0.381012
-0.355159
-0.334048
-0.249336
-0.182105
0.042938
-0.260705
0.107480
-0.371756
0.005658
-0.314181
-0.392161
-0.361806
-0.352642
-0.301956
-0.255344
-0.455730
-0.272046
0.041513
-0.276823
-0.295951
-0.301895
-0.454563
-0.424604
-0.282695
-0.276451
-0.404881
-0.337215
-0.366875
-0.359008
-0.239425
-0.338555
-0.369979
-0.216091
-0.402238
-0.340397
0.024575
-0.486182
-0.411761
-0.450264
-0.328574
-0.455739
-0.519843
-0.403451
-0.434505
-0.407026
-0.246646
-0.351826
-0.338885
-0.384882
-0.413802
-0.207441
-0.352459
-0.432500
-0.501498
-0.422677
-0.503068
-0.375082
-0.368462
-0.365921
-0.313918
-0.220844
-0.339627
-0.154587
-0.412567
-0.413940
-0.245661
-0.446223
0.047543
-0.240659
-0.224266
-0.133337
-0.318637
-0.285470
-0.234494
-0.071946
-0.366704
-0.236623
-0.273779
-0.190460
-0.325858
-0.398257
-0.474452
-0.489434
-0.408268
-0.447555
-0.490204
-0.430254
-0.407615
-0.391326
-0.464030
-0.366963
-0.389558
-0.407823
-0.241348
-0.374824
-0.390534
-0.418271
-0.276469
-0.404359
-0.387847
-0.042331
-0.490659
-0.399106
-0.156787
-0.361233
-0.333596
-0.488372
-0.475778
-0.460499
-0.477219
-0.453686
-0.504801
-0.188643
-0.421583
-0.383252
-0.458809
-0.422895
-0.424725
-0.347062
-0.487480
-0.213923
-0.423383
-0.409120
-0.398700
-0.340844
-0.296376
-0.318805
-0.209989
-0.281011
-0.068797
0.027569
-0.257116
0.531740
-0.325041
-0.019232
-0.094792
-0.154100
-0.142764
-0.282611
-0.218818
0.381551
-0.398404
-0.178381
-0.308936
-0.420245
-0.408798
-0.206023
-0.413146
-0.390777
-0.248499
-0.279599
-0.295026
-0.422963
-0.292489
0.058149
0.059589
1.611813
0.752275
0.637725
0.202265
2.583896
0.007380
0.281241
1.616544
1.033285
-0.053308
0.112572
-0.103761
0.083458
0.221573
-0.051708
0.803833
0.220954
-0.007144
0.111742
0.253545
-0.386675
-0.369218
-0.368389
-0.368488
-0.215414
-0.139341
-0.267135
-0.272497
-0.202453
-0.247686
-0.250795
-0.163621
-0.284195
-0.141285
-0.359808
-0.198536
-0.426732
-0.335425
-0.269831
-0.206488
-0.340649
-0.241053
-0.434408
-0.320826
-0.361271
-0.402850
-0.387800
-0.422452
-0.407228
-0.462865
-0.243941
-0.432331
-0.367933
-0.415781
-0.412923
-0.434380
-0.374560
-0.483047
-0.339671
-0.461623
-0.410309
-0.418530
-0.370054
-0.362992
-0.399290
-0.482489
-0.385364
-0.250734
-0.421421
-0.291653
-0.496360
-0.417895
-0.198442
-0.425062
-0.384510
-0.380655
-0.254113
-0.290062
-0.401849
-0.312635
-0.229726
-0.355574
-0.361659
-0.556485
-0.516766
-0.478129
-0.500868
-0.483145
-0.318988
-0.333078
-0.321137
-0.409379
-0.276357
-0.474791
-0.321023
-0.185863
-0.321071
-0.518031
-0.402071
-0.380728
-0.203573
-0.400223
-0.386951
-0.381916
-0.411186
-0.361381
-0.431780
-0.381063
-0.462313
-0.484636
-0.527068
-0.517249
-0.401125
-0.458204
-0.358952
-0.356018
-0.363157
-0.403376
-0.353678
-0.194234
-0.064729
-0.178423
-0.146647
5.282701
0.505565
-0.042652
-0.046083
0.251539
0.251539
-0.023431
-0.122738
7.854857
0.738435
1.692985
0.672775
0.581424
0.689792
0.549356
0.210610
0.255229
-0.060419
-0.084450
0.183766
-0.090765
-0.200251
-0.154118
-0.036594
-0.398823
-0.346788
-0.239459
-0.290763
-0.411766
-0.214242
-0.392532
-0.181487
-0.372292
-0.337642
-0.191482
-0.110627
-0.183102
-0.221081
-0.267363
-0.389402
-0.370491
-0.131916
-0.322555
-0.373110
-0.276028
-0.286322
-0.322648
-0.127610
-0.334253
-0.406723
-0.389159
-0.333097
-0.393154
-0.304858
-0.384961
-0.373030
-0.370025
-0.391803
-0.240427
-0.356850
-0.287320
-0.069530
-0.113787
-0.346072
-0.433093
-0.470406
-0.333642
-0.282140
-0.391847
-0.084212
-0.019943
-0.174923
0.133648
-0.215435
-0.219060
-0.174801
-0.209805
-0.074507
-0.390800
-0.280490
-0.085873
-0.322649
-0.402983
-0.370943
-0.318255
-0.280988
-0.211307
0.015212
-0.192216
-0.337535
-0.087191
-0.329346
-0.211703
-0.140426
-0.441098
-0.188000
-0.430388
-0.337118
-0.275780
-0.450260
-0.386609
-0.470858
-0.453975
-0.230589
-0.381533
-0.421358
-0.435552
-0.160790
-0.331587
-0.235182
-0.462043
-0.310509
-0.223800
-0.396933
-0.337985
-0.178036
-0.445730
-0.449728
-0.266972
-0.129754
0.187215
0.324590
0.037463
-0.177744
-0.112527
-0.190420
2.395404
-0.024152
0.034936
0.093519
-0.182442
-0.123337
0.026572
0.065136
0.031804
0.228257
0.623479
-0.046429
-0.322170
0.021299
-0.336951
-0.245166
-0.098050
-0.079576
-0.397379
-0.272326
-0.231514
1.173573
0.516858
0.219015
-0.043439
0.113542
0.105682
0.504173
0.219454
1.241934
-0.102993
-0.200480
-0.306088
-0.362385
-0.251987
0.261611
-0.180752
-0.027037
-0.020614
-0.208347
-0.296295
-0.336119
-0.323032
-0.369997
-0.146783
-0.309806
-0.410914
-0.391544
-0.451759
-0.343918
-0.285562
-0.405859
-0.432484
-0.410955
-0.444397
-0.412518
-0.426598
-0.438914
-0.448720
-0.327234
-0.380333
-0.200947
-0.034131
-0.119930
-0.215930
-0.419863
-0.360997
-0.458037
-0.377007
-0.334890
-0.486811
-0.401515
-0.192726
0.312839
0.714078
0.221826
-0.177942
-0.232406
0.359106
0.227283
1.035194
0.022165
0.151978
0.674969
0.342105
2.466638
0.348623
1.027448
2.548852
1.712177
2.560173
1.796431
0.446304
-0.188527
0.020664
0.157236
0.031172
0.056290
-0.289185
-0.268374
-0.312914
-0.017243
-0.172460
-0.266884
-0.249713
-0.383047
-0.442411
-0.368889
-0.264945
-0.222845
-0.316243
-0.480122
-0.400587
-0.296941
-0.392050
-0.286570
-0.248439
-0.193091
-0.170554
-0.357961
-0.071977
-0.162486
-0.173701
-0.237306
-0.165459
0.010307
0.103229
-0.147159
-0.250718
-0.174340
-0.165740
-0.215945
-0.191282
-0.234621
-0.121831
-0.218220
-0.268378
-0.274674
-0.434637
-0.199805
-0.227781
0.349729
-0.303683
-0.393836
-0.477463
-0.426420
-0.245657
-0.247988
-0.365732
-0.252946
-0.335391
-0.337780
-0.367190
-0.368196
-0.405049
-0.446975
-0.414876
-0.360066
-0.415000
-0.136263
-0.355969
-0.385236
-0.412746
-0.393248
-0.472330
-0.452972
-0.361283
-0.172866
-0.055247
-0.398075
-0.261153
-0.161264
-0.379110
-0.385552
-0.272852
-0.386304
-0.126028
-0.051774
-0.420561
-0.355013
-0.332462
-0.255512
-0.302358
-0.172335
-0.127690
-0.299863
-0.453101
-0.402642
-0.275132
-0.474222
-0.396594
-0.296999
-0.420840
-0.338382
-0.367944
-0.343383
-0.186652
0.008228
-0.256894
-0.080209
-0.210580
-0.364154
-0.298869
-0.207471
-0.301793
-0.315702
-0.243118
-0.278195
-0.194635
-0.342949
0.631104
-0.268961
-0.197953
-0.231636
-0.042692
-0.348867
-0.313686
-0.393190
-0.256922
-0.332591
-0.077775
-0.172748
-0.429399
-0.430871
-0.482218
-0.412933
-0.521583
-0.485935
-0.370403
-0.416047
-0.457298
-0.413150
-0.381604
-0.421422
-0.417545
-0.442935
-0.412423
-0.425263
-0.416438
-0.339418
-0.408427
-0.313970
-0.261396
-0.286114
-0.294113
-0.311941
-0.197511
-0.423410
-0.116657
-0.269345
-0.252972
-0.357048
-0.276541
-0.451613
-0.408666
-0.279105
-0.240751
-0.430787
-0.417914
-0.452872
-0.431787
-0.439263
-0.408450
-0.402859
-0.505280
-0.461791
-0.285098
-0.405170
-0.369415
-0.364608
-0.372320
-0.254776
-0.339229
-0.383981
-0.436617
-0.474010
-0.473212
-0.546937
-0.418184
-0.298328
-0.288125
-0.282261
-0.207074
-0.452165
-0.371839
-0.321165
-0.186692
-0.359799
-0.267108
0.088902
-0.058934
-0.274991
-0.097900
-0.228496
-0.204643
-0.158263
-0.111212
-0.189563
-0.030213
2.899739
0.041977
-0.193512
-0.071629
-0.064184
-0.010539
0.071445
-0.138514
-0.070216
0.064652
-0.313124
-0.116001
-0.260057
-0.342032
-0.140648
-0.403886
-0.244962
-0.437764
-0.210007
-0.310310
-0.278735
-0.137509
0.158489
-0.417262
-0.462918
-0.346141
-0.371913
-0.439064
-0.409353
-0.463021
-0.415841
-0.438565
-0.418102
-0.349884
0.185757
0.135329
0.175462
1.220506
-0.063282
-0.003988
0.010330
0.178905
0.062040
0.484476
-0.351893
-0.177276
-0.396549
-0.332447
-0.285243
-0.102324
-0.408556
-0.452569
-0.259224
-0.356220
-0.369079
-0.350995
-0.206732
-0.513569
-0.303433
-0.346091
-0.388752
-0.130049
-0.308431
-0.388468
-0.334152
-0.277930
-0.431516
-0.257009
-0.430726
-0.240605
-0.399115
-0.306226
-0.386770
-0.363283
-0.187537
-0.209604
-0.331840
-0.277037
0.158679
-0.325750
-0.327652
-0.412234
-0.172196
-0.336704
0.023660
-0.167307
-0.178133
-0.069632
-0.124621
0.087557
0.048144
0.163640
-0.040388
-0.064579
0.069884
0.550678
-0.001580
0.097962
-0.054075
-0.065267
-0.284516
-0.045404
-0.162484
-0.376652
-0.261739
-0.245899
-0.308757
-0.405300
-0.233760
-0.391352
-0.278360
-0.422954
-0.168075
0.246868
-0.395793
-0.320169
-0.326800
-0.252598
-0.065976
0.075690
0.389325
-0.252180
0.297718
-0.185235
-0.063374
-0.014164
-0.113542
-0.059950
-0.106538
-0.300585
-0.307707
-0.139696
-0.368489
-0.424339
-0.251391
-0.441466
-0.216910
-0.391003
-0.259743
-0.395494
-0.387394
-0.420478
-0.411338
-0.368184
-0.500750
-0.526493
-0.263253
-0.436515
-0.427436
-0.564162
-0.467940
-0.454415
-0.448622
-0.405547
-0.440140
-0.417850
-0.327650
-0.347839
-0.453190
-0.296739
-0.448382
-0.421279
-0.484599
-0.434668
-0.371920
-0.350023
-0.076640
-0.300134
-0.410533
-0.240688
-0.139436
-0.331404
-0.299269
-0.050677
-0.423889
-0.386680
-0.305332
-0.247357
-0.084791
-0.387222
-0.340195
-0.376066
-0.366749
0.178592
-0.254355
-0.410884
-0.417201
-0.351111
-0.450857
-0.316541
-0.431462
-0.318857
-0.172948
-0.240716
-0.259773
-0.037626
-0.127321
-0.387546
-0.415989
-0.148011
-0.160120
-0.398050
-0.292300
-0.053360
-0.394116
-0.322765
0.381084
0.176043
0.381670
-0.036257
-0.281441
-0.276200
-0.393377
-0.334933
-0.429497
-0.434903
-0.360657
-0.321215
-0.400341
-0.257697
-0.291431
-0.277593
-0.262418
-0.323427
-0.320714
-0.298032
-0.407968
-0.043087
0.133394
0.022862
-0.113479
-0.037057
-0.251963
0.232824
-0.213968
-0.100643
-0.358260
-0.250545
-0.369813
-0.406911
-0.248011
-0.194207
-0.367562
-0.421614
-0.150851
-0.235806
0.049272
-0.026017
-0.269765
-0.309050
-0.140319
-0.240048
-0.405905
-0.343278
-0.149055
-0.353014
-0.298151
-0.194814
-0.285014
-0.420937
-0.261473
-0.429304
-0.412123
-0.412108
-0.444757
-0.471559
-0.247559
-0.324285
-0.355020
-0.403072
-0.391135
-0.381087
-0.366533
-0.440457
-0.103198
-0.452113
-0.407172
-0.146590
-0.275922
-0.424314
-0.372931
-0.373511
-0.215796
-0.316303
-0.335015
-0.423106
-0.230836
-0.283455
-0.297753
0.022682
-0.259518
-0.417992
-0.307169
-0.225094
-0.197589
-0.163350
0.233304
-0.357540
-0.257187
-0.296174
-0.282246
0.059953
-0.383726
-0.279475
-0.218281
-0.432420
-0.293465
-0.302804
-0.395066
-0.444984
-0.376491
-0.386618
-0.455809
-0.347960
-0.435413
-0.309187
-0.530524
-0.467020
-0.486045
-0.125554
-0.195256
-0.159110
-0.020070
-0.160112
-0.231504
-0.057678
-0.025528
0.465966
-0.129546
0.284859
0.289951
0.813509
-0.078301
-0.243589
-0.034478
-0.131030
0.026241
-0.310088
-0.197313
-0.140784
-0.030927
-0.101993
-0.165770
-0.114985
-0.116995
-0.339811
0.317192
-0.279931
-0.016954
-0.260412
-0.085940
0.281144
-0.290004
-0.302993
-0.202611
-0.226130
-0.268770
-0.147572
-0.097825
1.093858
-0.076639
-0.065701
0.165960
0.177748
-0.008489
-0.102221
-0.077004
0.073206
-0.019070
0.392767
0.096190
0.442240
-0.130935
0.572693
-0.196166
0.971168
0.146454
0.382423
0.272959
-0.039727
0.075628
0.216999
-0.156238
-0.153148
-0.005347
0.198196
0.219101
0.099616
-0.019879
0.488922
0.071324
0.116015
0.703566
0.511927
0.836784
-0.385102
-0.159619
-0.320884
-0.186404
-0.347208
0.208413
-0.165705
-0.217674
0.014319
-0.009561
-0.020930
0.573634
0.062006
0.001323
-0.279279
-0.412514
-0.355014
-0.296489
-0.332989
-0.284980
-0.326197
-0.178958
-0.174290
-0.267139
-0.315371
-0.172457
-0.193063
-0.313110
-0.210781
-0.371625
-0.142786
-0.306604
-0.289517
-0.258209
-0.052183
-0.150626
-0.418063
-0.150301
-0.079171
-0.293753
-0.178447
-0.316609
0.099976
-0.305371
-0.197998
-0.246081
-0.205117
0.166846
0.167297
0.068666
0.146426
-0.038721
0.372536
-0.410472
0.056361
-0.331817
-0.171276
-0.381838
-0.469404
-0.263815
-0.473787
0.283709
-0.438210
-0.456942
-0.499383
-0.400364
-0.531895
-0.521875
-0.355336
-0.483964
-0.420814
-0.429430
-0.211707
-0.441524
-0.201293
-0.328431
-0.455287
-0.368281
-0.448122
-0.402927
-0.404403
-0.308157
-0.319199
-0.311808
-0.314093
-0.205083
-0.217665
-0.237642
-0.235158
-0.337106
-0.220947
-0.338056
0.055766
-0.237549
0.016389
-0.233718
-0.090911
-0.214524
-0.271458
-0.351873
-0.193108
-0.119649
-0.304762
-0.108154
-0.309386
-0.071252
-0.249212
-0.395490
-0.207861
-0.429675
0.048870
-0.069217
-0.365291
-0.203152
-0.211588
-0.358437
-0.035092
-0.184353
-0.256984
-0.116684
-0.269988
-0.249147
-0.224693
0.043447
-0.301855
-0.219322
-0.349774
-0.338895
-0.327578
-0.264542
-0.156909
-0.253478
-0.141446
-0.304020
-0.174656
0.066074
-0.223850
-0.060673
0.024467
-0.042982
-0.234429
0.026124
-0.314683
-0.332511
-0.133160
-0.009190
-0.218752
-0.346627
-0.369210
-0.143951
-0.101013
-0.281440
-0.290709
-0.176808
-0.219210
-0.276436
-0.202308
-0.229145
-0.121214
-0.427760
-0.454222
-0.458281
-0.362685
-0.351823
-0.424663
-0.208291
-0.277191
-0.487016
-0.383311
-0.499319
-0.490936
-0.395856
-0.252510
-0.394805
-0.232969
-0.384095
-0.414057
-0.429490
-0.377324
-0.209138
-0.333877
-0.348988
-0.458222
-0.322708
-0.410554
-0.335211
-0.425087
-0.303038
-0.404416
0.129907
-0.344885
-0.347314
-0.212889
-0.080160
-0.199111
-0.147684
-0.237956
0.078524
0.049651
-0.116042
0.085156
-0.100386
-0.214879
0.021594
-0.077440
-0.081701
0.002833
0.219119
-0.053623
0.118985
-0.060023
-0.062236
0.105158
0.303203
0.106720
0.097004
0.133025
0.308289
-0.030410
0.087502
0.755756
0.485823
0.178006
0.171138
0.239321
0.205134
0.162031
-0.155514
-0.131409
-0.232253
-0.234810
-0.242369
-0.214054
-0.168313
-0.337742
-0.204279
-0.071473
-0.194563
-0.131127
0.119213
0.109339
1.423594
0.160358
-0.006656
0.007642
-0.063751
0.090765
0.092725
-0.181076
0.199569
0.615600
0.036888
-0.173778
0.090493
0.070361
0.100680
-0.073042
-0.103870
-0.230502
-0.275673
-0.043720
-0.374757
-0.292287
-0.366710
-0.386256
-0.333325
-0.320702
-0.116033
-0.268800
-0.177564
-0.066626
-0.177746
-0.149072
-0.270911
0.002835
-0.275364
-0.291629
-0.248918
-0.332915
-0.411521
-0.308849
-0.232547
-0.338796
-0.361584
-0.355272
-0.288702
-0.398081
-0.342257
-0.360587
-0.469715
-0.269726
-0.211708
0.045798
-0.315913
-0.158525
-0.336340
-0.059206
-0.350800
-0.333840
0.127813
-0.073897
-0.370660
-0.211970
-0.131733
-0.299737
-0.294978
0.094787
-0.157549
-0.258820
-0.331600
-0.244882
-0.238352
0.110949
-0.200789
-0.330175
0.484858
-0.431978
-0.435275
-0.460752
-0.190373
-0.326391
-0.489541
-0.376991
-0.382217
-0.284285
-0.299760
-0.193935
-0.285452
0.029205
-0.006431
-0.095476
0.243109
0.882254
0.026038
-0.022984
0.252179
0.130909
0.160703
0.272785
0.365416
0.323354
0.026550
1.517985
0.187853
0.410487
0.381646
-0.199246
0.360583
0.228929
-0.063633
-0.177142
-0.360563
-0.218672
-0.363667
-0.340459
-0.309553
-0.524530
-0.334424
-0.533882
-0.347761
-0.423363
-0.397663
-0.180308
-0.396897
-0.294598
-0.237941
-0.390674
-0.412368
-0.326660
-0.409455
-0.459415
-0.465241
-0.435143
-0.432642
-0.407146
-0.221887
-0.301278
-0.419654
-0.472880
-0.457947
-0.510160
-0.392694
-0.416784
-0.335180
-0.416807
0.274143
0.396729
0.164896
0.173606
0.158203
0.170879
0.685164
0.325434
-0.001755
0.638138
0.541794
0.310607
0.774881
0.041035
0.013898
0.176808
-0.240859
-0.137076
0.265304
-0.088322
-0.129100
-0.375306
-0.235113
-0.231093
-0.247931
-0.303778
-0.368347
-0.134422
-0.066205
-0.139808
-0.146260
-0.151338
-0.281439
-0.320879
-0.183594
0.097577
-0.296619
-0.262462
-0.010455
-0.375227
-0.024742
-0.346339
-0.074243
-0.429610
-0.105272
-0.556541
-0.464303
-0.424511
-0.341615
-0.388557
-0.311909
-0.362151
-0.409039
-0.349983
-0.294860
-0.112825
-0.115029
-0.199343
-0.283731
-0.352719
-0.273606
-0.399847
-0.439761
-0.318879
-0.509158
-0.459142
-0.377567
-0.358465
-0.423723
-0.387664
-0.487279
-0.319185
-0.326334
-0.220774
-0.332360
-0.323494
-0.424105
-0.387818
-0.472962
-0.451069
-0.414019
-0.474997
-0.500873
-0.422437
-0.314868
-0.370100
-0.396697
-0.511163
-0.529402
-0.494617
-0.430990
-0.482432
-0.360544
-0.373400
-0.360940
-0.136027
-0.244539
-0.469496
-0.074608
0.120457
-0.164724
-0.420767
0.035750
-0.316255
0.139604
0.174160
-0.238629
0.330665
0.163424
1.013764
-0.231133
-0.210891
-0.119033
-0.529669
-0.229959
-0.398552
-0.345321
-0.192583
-0.159849
-0.265706
-0.074235
-0.346582
-0.256650
-0.299543
-0.283158
-0.356847
0.035342
0.105983
-0.334566
0.049070
-0.070195
0.292080
0.752770
-0.082100
-0.157741
-0.150412
-0.408822
-0.266801
-0.162946
-0.290918
-0.270244
-0.419265
-0.250453
-0.298640
-0.031175
-0.243344
-0.324343
-0.166159
-0.450089
-0.385328
-0.274629
-0.342939
-0.177987
-0.408332
-0.358078
-0.454090
-0.455302
-0.449512
-0.355001
-0.451985
-0.352101
-0.367094
-0.335558
-0.230911
-0.380670
-0.332333
-0.407069
-0.223156
-0.249786
-0.310862
-0.162325
-0.333072
-0.294883
-0.258144
-0.065262
-0.318636
-0.154976
-0.448515
-0.385709
-0.184823
-0.289030
-0.363596
-0.290028
-0.229644
-0.351076
-0.261883
-0.255719
-0.308519
0.170429
-0.452648
-0.377054
-0.383766
-0.359609
-0.264893
-0.291756
-0.360409
-0.382007
-0.423065
-0.259576
-0.420368
-0.321361
-0.537987
-0.208757
-0.350164
-0.264029
-0.187569
-0.111482
-0.150341
-0.273482
-0.175007
-0.083599
-0.134659
0.412222
-0.097254
0.760105
0.153112
0.416536
-0.062588
0.570996
-0.285874
0.120690
0.002193
-0.018989
-0.209297
-0.236632
-0.239168
0.028648
-0.168933
-0.151356
-0.118092
-0.218342
-0.265294
-0.239516
-0.303807
-0.096278
-0.309019
-0.117088
0.070922
-0.072014
-0.223799
-0.258647
0.083079
-0.351153
-0.387636
-0.344706
-0.331151
-0.294466
-0.451441
-0.307501
-0.457376
-0.366267
-0.358668
-0.347416
-0.414016
-0.414998
-0.383488
-0.274086
-0.365123
-0.394174
-0.373253
-0.317510
-0.311221
-0.313675
-0.398895
-0.196603
-0.361568
-0.277841
-0.272531
-0.427654
-0.403365
-0.345626
-0.354465
-0.422902
-0.456961
-0.339058
-0.339416
-0.429865
-0.246328
-0.252598
-0.406514
-0.443981
-0.398409
-0.191988
-0.251823
-0.388073
-0.457658
-0.329383
-0.439168
-0.386886
0.097887
-0.222166
0.225626
0.873773
-0.111046
-0.389067
-0.261569
-0.420896
-0.281572
-0.229422
-0.379146
-0.426980
-0.375603
-0.381052
-0.340790
-0.457458
-0.493357
-0.473552
-0.397383
-0.301547
-0.100862
0.042141
0.219040
-0.124631
-0.109363
-0.039124
-0.130538
-0.305975
0.157243
-0.014129
-0.129435
-0.097126
0.886151
0.044818
-0.291310
-0.386900
-0.311013
-0.056709
-0.383321
-0.412151
-0.388000
-0.524568
-0.432468
-0.377564
-0.218569
-0.367683
-0.326522
-0.157795
-0.218060
-0.143012
-0.318722
-0.086247
-0.171296
0.062292
-0.131778
0.208930
0.060689
0.068440
-0.147144
0.002371
0.487459
0.184695
0.111267
-0.113716
-0.016591
-0.273968
-0.239082
-0.138806
-0.317832
-0.328226
-0.347986
-0.117988
-0.252694
-0.424457
-0.323297
-0.447742
-0.318767
-0.181094
-0.317696
-0.322981
-0.037958
-0.299491
-0.367470
-0.377613
-0.464193
-0.444208
-0.356625
-0.468054
-0.401718
-0.334927
-0.340046
-0.317018
-0.305381
-0.410856
-0.435277
-0.392902
-0.114238
-0.102020
-0.481435
-0.336674
-0.308734
0.269251
-0.183197
-0.002120
-0.081800
-0.120671
-0.202220
-0.231937
-0.262503
-0.308796
-0.066893
-0.205881
0.127115
-0.097065
-0.100069
-0.086327
-0.170841
-0.115446
-0.292930
-0.346077
-0.125896
-0.087215
-0.271916
-0.180969
-0.386535
-0.262909
-0.280528
0.321404
-0.001242
-0.190630
0.515169
-0.002037
-0.127412
-0.133859
0.479956
-0.329309
-0.066757
-0.316331
-0.282109
-0.240383
-0.230187
-0.250220
-0.441893
-0.374299
-0.281212
-0.465518
-0.365703
-0.130346
-0.285491
-0.431571
-0.299140
-0.326221
-0.361235
-0.332160
-0.250874
-0.389500
-0.307186
-0.329515
-0.282868
-0.350628
-0.213381
-0.326369
-0.330749
-0.334261
-0.505865
-0.440780
-0.429919
-0.421953
-0.416814
-0.369398
-0.233617
-0.402515
-0.334978
-0.344427
-0.214204
-0.126660
-0.347925
-0.313060
-0.348766
-0.162368
0.016464
0.264368
0.307429
0.154521
0.526529
-0.103130
1.416277
0.630715
0.734186
0.570982
1.091460
0.104849
0.074407
0.386499
-0.142372
-0.079095
-0.206277
-0.094629
0.012889
0.081823
-0.307473
-0.369207
-0.270168
-0.431971
-0.380596
-0.306676
-0.348591
-0.284044
-0.278559
-0.366029
-0.227988
-0.150325
-0.199708
-0.288797
-0.283150
-0.404512
-0.327004
-0.293060
-0.341823
-0.316100
-0.343137
-0.405734
-0.301844
0.011144
-0.147625
0.017501
-0.229194
-0.249975
-0.158266
-0.191461
-0.138995
-0.417606
-0.193299
-0.185543
-0.017883
-0.103968
-0.190237
-0.199858
-0.160561
-0.284388
-0.198746
-0.132136
-0.062762
-0.147100
-0.258321
-0.462855
-0.353433
-0.407627
-0.264556
-0.371091
-0.179468
-0.412857
-0.424864
-0.494490
-0.435993
-0.401087
-0.479728
-0.356867
-0.089491
-0.386794
-0.213378
-0.362908
-0.386220
-0.242191
-0.358073
-0.355926
-0.363512
-0.390053
-0.470813
-0.538949
-0.330887
-0.217671
-0.544639
-0.377293
-0.315524
-0.448121
-0.370277
-0.479705
-0.468670
-0.147458
-0.171546
-0.030133
-0.254957
-0.282347
-0.243560
-0.183673
-0.325151
0.061947
-0.295820
-0.299442
-0.008250
-0.291989
-0.431105
-0.398204
0.273230
-0.369292
-0.255337
-0.115236
-0.258610
-0.227555
-0.300690
-0.368617
-0.383356
-0.317832
-0.446279
-0.387017
-0.398760
-0.362889
-0.275704
-0.140976
-0.096526
-0.095104
0.204813
0.313665
-0.102934
0.697553
-0.158751
-0.136370
-0.010637
-0.010410
-0.000962
0.332112
0.005887
0.277240
-0.167324
-0.218918
-0.103063
-0.147981
-0.206958
-0.137972
-0.358242
-0.387723
-0.341001
-0.420136
-0.523324
-0.452395
-0.508895
-0.464553
-0.502466
-0.472925
-0.283046
-0.460572
-0.422199
-0.405309
-0.527656
-0.523781
-0.448574
-0.478827
-0.391247
-0.374771
-0.344607
-0.006900
-0.283657
-0.284592
-0.198616
-0.315368
-0.434992
0.117367
-0.324126
-0.308807
-0.342711
-0.410466
-0.304272
-0.492619
-0.188721
-0.406170
-0.359811
-0.413258
-0.487348
-0.356893
-0.358980
-0.202116
-0.232451
-0.254999
-0.415589
-0.431680
-0.294255
-0.146495
0.052051
-0.283329
-0.239778
-0.280146
0.057792
-0.045565
-0.129380
0.375327
0.056715
0.310544
0.105776
-0.031130
0.310421
1.382755
0.782007
0.035754
1.569431
0.649433
0.842924
1.113905
0.408992
0.898218
0.558718
0.716625
0.388414
0.293492
0.308592
1.370038
0.253116
0.025389
-0.028692
0.102853
-0.188370
0.310402
-0.243483
-0.296885
-0.429615
-0.483525
-0.379000
-0.330803
-0.352085
-0.355466
-0.191552
-0.367673
-0.223900
-0.463646
-0.491487
-0.446093
-0.472935
-0.420885
-0.518352
-0.445172
-0.245500
-0.381219
-0.256982
-0.192485
0.115116
-0.366444
-0.372408
-0.288247
-0.154886
-0.495583
-0.320533
-0.228408
-0.444111
-0.361128
-0.410161
-0.319289
-0.377458
-0.323552
-0.373960
-0.210101
-0.436055
-0.487858
-0.489682
-0.491897
-0.456231
-0.345018
-0.354388
-0.385119
-0.321008
-0.170382
-0.374954
-0.365133
-0.447791
-0.436855
-0.428112
-0.356156
-0.161149
-0.330721
-0.275130
-0.207355
-0.146077
-0.048002
0.026321
-0.202007
-0.054898
-0.175508
-0.016173
-0.013146
-0.287843
-0.143809
-0.014843
-0.036042
-0.241047
-0.191019
-0.050289
0.182187
-0.026692
-0.221502
0.072989
-0.312553
-0.275256
-0.221276
-0.364106
-0.246371
0.232463
0.011514
-0.282638
-0.246459
-0.282076
-0.107182
-0.248363
-0.264526
-0.128170
-0.128695
0.118448
-0.365087
-0.306681
-0.405377
-0.364770
-0.390657
-0.364573
-0.206877
-0.404174
-0.458505
-0.243094
-0.409727
-0.329630
-0.423868
-0.462266
-0.234012
-0.016565
-0.364470
-0.305485
-0.225744
-0.379716
-0.274510
-0.249936
-0.153443
-0.219989
-0.319015
-0.452729
-0.401632
-0.414321
-0.468154
-0.291080
-0.341292
-0.410183
-0.374397
-0.501162
-0.428431
-0.454429
-0.407351
-0.391763
-0.411443
-0.442271
-0.494893
-0.480848
-0.529569
-0.385782
-0.378478
-0.400731
-0.382752
-0.354936
-0.336702
-0.438603
-0.414336
-0.487573
-0.420923
-0.407501
-0.503478
-0.436645
-0.445675
-0.235960
-0.361622
-0.399654
-0.368732
-0.244778
-0.282841
-0.215650
-0.323922
-0.104244
-0.099074
-0.292221
-0.266243
-0.316145
-0.424603
-0.246519
-0.253266
-0.310461
-0.237609
-0.433367
-0.236243
-0.468311
-0.244083
-0.404167
-0.283893
-0.365166
-0.411440
-0.301511
-0.450894
-0.495080
-0.476179
-0.459162
-0.368343
-0.537877
-0.343281
-0.475045
-0.152432
-0.179150
-0.461029
-0.385628
-0.421781
-0.429975
-0.302572
-0.443081
-0.388679
-0.474370
-0.436345
-0.416911
-0.260990
-0.332141
-0.409813
-0.396689
-0.500788
-0.321742
-0.302643
-0.457819
-0.296773
-0.355952
-0.365228
-0.276167
-0.380210
-0.389503
-0.169277
-0.322546
0.017785
-0.108800
0.237256
-0.013263
-0.007118
-0.149311
-0.120024
0.017125
-0.058435
-0.178984
-0.131569
-0.016511
0.050228
-0.205384
-0.252945
-0.020174
-0.188674
-0.146498
-0.340910
-0.357387
-0.297794
-0.404711
-0.296341
-0.475305
-0.493951
-0.272417
-0.421311
-0.383503
-0.373360
-0.365513
-0.290840
-0.196855
-0.439527
-0.394836
-0.306112
-0.451812
-0.435624
-0.470837
-0.312343
-0.338421
-0.307821
-0.219227
-0.365660
-0.326757
-0.254488
-0.404585
-0.279387
-0.463870
-0.361061
-0.388539
-0.359914
-0.293860
-0.396737
0.424854
-0.328672
-0.448022
0.265427
-0.264376
-0.198591
-0.468836
-0.472654
-0.371872
-0.472362
-0.348893
-0.458562
-0.400378
-0.410459
-0.423839
-0.398820
-0.426100
-0.353316
-0.331258
-0.400364
-0.333557
-0.454892
-0.483609
-0.269756
-0.429727
-0.294932
-0.475650
-0.436563
-0.334844
-0.378985
-0.355352
-0.428689
-0.363192
-0.513023
-0.429785
-0.559508
-0.293072
-0.445654
-0.188773
-0.340629
-0.259590
-0.072515
-0.228433
-0.237783
-0.251408
-0.389222
-0.131248
-0.143354
-0.271908
-0.339429
-0.329939
-0.344255
-0.344639
-0.349826
-0.280294
-0.331326
-0.229057
-0.257364
-0.239825
-0.387651
-0.318194
-0.421616
-0.480971
-0.421342
-0.009115
-0.342199
-0.303798
-0.242283
-0.274555
-0.331904
-0.389944
-0.120748
-0.277110
-0.297360
-0.388982
-0.297847
-0.291351
-0.195519
-0.075966
-0.313011
-0.133253
-0.347625
-0.090907
-0.147438
-0.381097
-0.413314
-0.439666
-0.375976
-0.457329
-0.459464
-0.489221
-0.188128
-0.477750
-0.366784
-0.335413
-0.366206
-0.342852
-0.406040
-0.327115
-0.200081
-0.412300
-0.402145
-0.347563
-0.367435
-0.322457
-0.360233
-0.376321
-0.238419
-0.145195
-0.048802
-0.144347
-0.302801
-0.426320
-0.422682
-0.512157
-0.365508
-0.433952
-0.427451
-0.425453
-0.405190
-0.262352
-0.415761
-0.305051
-0.490758
-0.410696
-0.428830
-0.474541
-0.475656
-0.361507
-0.429925
-0.382889
-0.385938
-0.390425
-0.280938
-0.331681
-0.327940
0.431224
-0.260681
-0.410743
-0.466957
-0.345008
-0.455645
-0.331833
-0.206323
-0.323005
-0.461156
-0.418776
-0.331016
-0.318525
-0.497865
-0.303942
-0.361319
-0.350022
-0.452113
-0.434548
-0.295651
-0.382274
-0.277748
-0.386919
-0.368346
-0.367911
-0.274721
-0.465354
-0.449898
-0.396143
-0.275727
-0.447837
-0.249858
-0.397631
-0.438019
-0.240405
-0.152513
-0.425637
-0.401915
-0.311649
-0.250581
-0.323889
-0.450256
-0.382559
-0.277225
-0.228770
-0.381630
-0.214133
-0.121475
-0.160093
-0.334655
-0.116510
-0.020640
-0.019271
-0.198901
0.836801
-0.167077
0.021540
-0.252413
-0.214377
-0.394156
-0.282582
-0.194105
0.068686
0.305446
-0.231123
0.291956
-0.159562
0.025367
-0.168535
-0.227328
0.000343
-0.228473
0.046077
-0.239456
-0.276948
-0.215570
0.030169
-0.079159
-0.008195
-0.120058
-0.389912
0.078361
-0.244969
-0.289000
-0.060501
-0.309631
-0.368582
-0.249272
0.095682
-0.228594
-0.280403
-0.216408
-0.431458
-0.339313
-0.373237
-0.370262
-0.470339
-0.282175
-0.366622
-0.223493
0.085088
0.169650
0.941078
-0.096546
-0.218778
-0.232738
-0.399291
-0.398949
-0.332316
-0.407408
-0.435138
-0.363260
-0.301558
-0.383405
-0.394054
-0.443483
-0.423906
-0.359604
-0.394910
-0.378270
-0.298711
-0.324821
-0.423531
-0.497408
-0.020780
-0.368048
-0.423372
-0.349391
0.317916
-0.371189
-0.279040
-0.408494
-0.388190
-0.377587
-0.351879
-0.234243
-0.219305
-0.283187
-0.261791
-0.257456
-0.291218
-0.040611
-0.354915
-0.152854
-0.200000
-0.031649
-0.394527
-0.340549
-0.179228
-0.070339
0.158738
-0.193498
0.014001
-0.343749
-0.282887
-0.176098
-0.311438
-0.129308
-0.311873
-0.216090
-0.241885
-0.328973
-0.223729
-0.326470
-0.269725
-0.302048
-0.394875
-0.447294
-0.319509
-0.433439
-0.361693
-0.334360
-0.234924
-0.363079
-0.409763
-0.261624
-0.403426
0.142410
-0.341322
-0.404580
-0.274840
-0.230221
-0.361870
-0.344695
-0.405492
-0.343393
-0.331423
-0.229911
-0.325411
-0.305564
-0.280260
0.029449
-0.123673
-0.107797
-0.208958
-0.147595
-0.039242
0.377379
-0.176024
-0.169685
0.105684
-0.249947
-0.056588
-0.204823
0.082467
0.110369
0.448692
0.490729
-0.035333
0.189620
0.605185
0.416707
0.269634
-0.171709
-0.123625
0.078687
-0.239596
-0.058966
0.568348
-0.322658
-0.242321
-0.427585
-0.332686
-0.455240
-0.464980
0.517858
-0.337682
-0.366729
-0.334263
-0.396980
-0.307176
-0.384966
-0.409343
-0.367345
-0.407788
-0.317955
-0.180666
-0.270350
-0.356123
-0.091893
-0.080691
-0.319524
-0.194855
0.039045
-0.270156
-0.229630
-0.340326
-0.326446
-0.252191
-0.348589
-0.419715
-0.262160
-0.421494
-0.368301
-0.353533
-0.008658
-0.334821
-0.330119
-0.352147
-0.393753
-0.311513
-0.308523
-0.277878
-0.236575
-0.405640
-0.315399
-0.149613
-0.082471
-0.285961
0.007312
0.225607
-0.178324
-0.129833
-0.275163
-0.226779
-0.051624
-0.278206
0.163588
-0.062066
-0.023211
-0.298093
0.115520
-0.395850
-0.214253
-0.176610
-0.312277
-0.234510
-0.262271
-0.441828
-0.480919
-0.455136
-0.455318
-0.451827
-0.466231
-0.442630
-0.067898
-0.143756
-0.045682
-0.240517
-0.337810
-0.158321
-0.123806
0.161488
-0.095369
-0.283316
-0.374090
-0.297113
-0.248075
-0.299679
-0.354239
-0.350496
-0.341592
-0.286576
-0.325720
-0.385503
-0.242570
-0.529672
-0.509373
-0.398605
-0.369997
-0.415167
-0.171204
-0.315365
-0.290143
-0.437600
-0.344259
-0.352348
-0.191053
-0.228397
-0.243821
-0.179837
-0.183522
-0.236846
0.028029
-0.292016
-0.127585
-0.134071
0.139575
0.004670
-0.176908
0.277995
0.022558
0.044155
0.529109
0.017482
0.335688
0.972987
1.171707
1.292169
1.354426
0.371397
-0.018530
1.633921
0.311603
1.748714
0.217614
0.689417
2.439267
1.715831
1.616535
0.955542
1.249697
1.883622
6.738283
5.008212
8.297267
10.320994
15.766261
15.494000
8.102894
8.355013
11.782640
4.614031
3.026448
8.156162
3.652662
4.727808
5.983200
6.336063
3.044108
6.011945
8.418041
5.267579
6.477197
7.997479
0.460555
0.902123
2.296756
4.617388
3.384069
3.071794
1.478093
0.020070
0.648482
0.561062
0.067734
0.466488
0.227409
0.213920
0.459048
0.368600
-0.035401
0.226739
0.807233
0.150024
-0.033458
0.088978
0.038547
-0.132411
-0.162651
-0.017077
0.022325
0.268171
0.655652
0.012403
-0.031703
-0.202460
-0.287030
-0.260381
-0.325931
-0.136211
-0.353559
-0.215811
-0.162204
-0.237822
-0.466545
-0.379718
-0.294087
-0.464378
-0.371376
-0.503510
-0.280237
-0.326206
-0.363521
-0.295680
-0.378395
-0.276429
-0.379550
-0.327029
-0.259279
-0.425571
-0.243869
-0.289482
-0.422028
-0.362204
-0.394431
-0.494517
-0.295213
-0.375022
-0.219483
-0.242009
-0.358968
-0.524959
-0.398215
-0.398941
-0.418615
-0.449074
-0.455266
-0.447962
-0.512026
-0.469902
-0.180306
-0.445152
-0.339983
-0.498214
-0.309892
-0.433304
-0.429247
-0.393173
-0.374423
-0.491162
-0.511178
-0.442289
-0.530262
0.008729
-0.011867
-0.159372
-0.245657
-0.367503
-0.395238
-0.341910
-0.314385
-0.334296
-0.156149
-0.329253
-0.265103
-0.282019
-0.326074
-0.374504
-0.358532
-0.253577
-0.366344
-0.388333
-0.274432
-0.395272
-0.510175
-0.320232
-0.430643
-0.503363
-0.426901
-0.375635
-0.430294
-0.456707
-0.375772
-0.379136
-0.362131
-0.368716
-0.486008
-0.375375
-0.478718
-0.333701
-0.438657
-0.363163
-0.364881
-0.288044
-0.391149
-0.392018
-0.360389
-0.258928
-0.425690
-0.008048
0.226783
-0.144584
-0.423097
-0.492265
-0.411886
-0.496845
-0.501899
-0.477135
-0.541992
-0.500188
-0.416860
-0.357549
-0.459348
-0.448950
-0.420042
-0.531577
-0.376874
-0.419177
-0.508238
-0.431867
-0.437633
-0.233523
-0.272673
-0.265825
-0.099758
-0.373921
-0.329531
-0.152042
-0.194664
-0.323666
-0.220405
-0.226610
-0.377770
-0.380610
-0.344904
-0.357893
-0.303382
-0.369111
-0.353340
-0.400216
-0.389680
-0.324736
-0.319039
-0.496417
-0.408073
-0.508080
-0.486238
-0.479206
-0.500276
-0.486440
-0.426100
-0.299942
-0.454705
-0.296138
-0.191130
-0.509630
-0.453581
-0.518987
-0.434556
-0.433600
-0.435198
-0.392142
-0.474938
-0.354175
-0.431051
-0.411756
-0.330933
-0.399656
-0.520757
-0.450165
-0.497331
-0.270979
-0.467246
-0.442888
-0.221158
-0.412634
-0.462033
-0.235468
-0.426667
-0.333902
-0.353934
-0.362038
-0.452431
-0.501614
-0.444863
-0.515284
-0.490976
-0.503634
-0.459601
-0.469108
-0.370119
-0.460469
-0.461780
-0.418561
-0.485774
-0.402463
-0.355431
-0.246445
-0.278666
-0.085488
-0.217574
-0.059163
-0.245845
0.087534
-0.163712
-0.261741
-0.088458
-0.174242
-0.228073
-0.193732
-0.151035
-0.168844
-0.294244
-0.354002
-0.220569
-0.397367
-0.123473
-0.006227
-0.126611
-0.203780
-0.164530
-0.177525
-0.237447
-0.290123
-0.155510
-0.187003
0.013238
-0.180143
-0.212174
-0.210835
-0.398212
-0.088716
-0.290790
-0.342897
-0.374861
-0.407407
-0.294775
-0.474467
-0.338614
-0.146151
-0.404826
-0.378916
-0.199377
-0.229537
-0.238242
-0.171039
-0.322622
-0.275879
-0.319467
-0.020923
-0.260101
0.493187
-0.159030
0.067115
1.005996
-0.140132
0.145102
1.128787
1.705171
0.272926
0.425187
0.302954
0.466504
0.292971
0.099748
0.080986
0.220353
0.333756
0.593850
0.187086
-0.027404
0.156447
0.191595
0.017728
-0.116270
0.038180
0.323562
-0.082067
0.205467
-0.118036
-0.150089
0.042491
-0.352426
0.262665
0.668818
0.281493
0.504292
0.239057
0.509465
0.712156
1.019859
0.685922
0.439359
0.439451
0.751009
0.487399
0.249559
0.615403
0.180727
0.225394
0.819662
0.924331
0.692828
-0.023803
0.033763
1.181614
-0.020461
0.055028
-0.267928
-0.240160
-0.266227
-0.152587
0.119435
-0.412349
-0.233470
-0.397931
-0.440000
-0.398827
1.107156
0.347311
1.013655
1.309404
1.112095
0.811666
-0.015420
0.570094
1.394088
0.540627
0.311274
0.695188
0.463936
0.359032
0.498426
1.307616
4.283745
0.834561
1.911007
0.575109
0.778916
0.757114
0.069095
0.434322
0.238415
0.044348
0.009472
0.354874
0.132191
-0.211475
-0.236485
-0.225672
-0.383712
-0.315717
-0.204867
-0.159552
-0.141065
0.030056
0.513061
-0.096373
0.546838
0.302114
1.295331
0.657715
0.362385
0.051259
0.142560
0.276948
0.173743
0.156694
-0.099864
0.154623
-0.134624
-0.117443
-0.306640
-0.202856
-0.185074
-0.293917
-0.206142
-0.117043
-0.274505
-0.101838
-0.129340
-0.129703
-0.181095
0.175313
-0.207707
-0.145227
0.419399
1.209091
0.302026
0.081609
-0.160230
-0.270165
-0.148631
-0.392843
-0.219330
0.415049
0.215835
-0.181958
0.030069
0.012165
-0.127604
0.022894
0.538690
1.309845
-0.280091
-0.216317
-0.307244
-0.422714
-0.379543
-0.224569
-0.406014
-0.418502
-0.356403
-0.310675
-0.339480
-0.265873
-0.231872
-0.336094
-0.381580
-0.186926
-0.310198
0.025158
-0.184776
-0.429250
-0.297469
-0.347351
-0.381821
-0.324470
-0.421983
-0.422801
-0.365954
-0.375444
-0.413031
-0.307035
-0.240482
-0.451051
-0.404853
-0.379784
-0.304976
-0.293328
-0.454200
-0.447647
-0.322887
-0.429086
-0.403826
-0.390280
-0.470607
-0.437193
-0.003802
-0.162626
-0.379829
-0.292327
-0.464370
-0.426018
-0.137994
-0.391118
-0.414601
-0.275702
-0.257396
-0.253958
-0.077701
-0.389859
-0.322669
-0.326289
-0.155324
0.018139
-0.157803
-0.270119
-0.268600
-0.213336
-0.239365
-0.101157
-0.190608
-0.138008
-0.359005
-0.300538
-0.382861
-0.271492
-0.301539
-0.090280
-0.387147
-0.304247
-0.175639
-0.298325
-0.385205
-0.232150
0.291668
-0.119620
-0.221240
-0.008586
-0.269658
-0.194464
-0.098006
-0.297884
-0.162865
-0.237588
-0.311700
-0.305521
-0.233261
-0.360327
-0.307407
-0.423978
-0.435798
-0.226846
-0.349551
-0.345591
-0.503505
-0.431014
-0.463670
-0.314701
-0.351385
-0.305210
-0.430727
-0.373544
-0.303515
-0.427156
-0.342266
-0.444987
-0.321263
-0.347318
-0.305143
-0.351182
-0.376261
-0.457058
-0.254711
-0.320450
-0.367497
-0.323148
-0.359885
-0.361243
-0.426235
-0.529856
-0.438308
-0.489792
-0.266556
-0.215688
-0.373311
-0.425368
-0.368555
-0.384384
-0.335389
-0.226441
-0.302287
-0.423638
-0.335243
-0.292947
-0.364445
-0.312766
-0.225038
-0.455864
-0.316084
-0.290491
-0.179216
0.089054
-0.205766
-0.054087
-0.250500
-0.164463
-0.183884
-0.167126
-0.185098
0.085030
-0.015986
-0.390496
-0.245068
-0.422773
-0.408747
-0.263307
-0.386803
0.192177
0.010735
0.372377
0.135816
-0.041134
-0.272799
-0.278670
-0.360764
-0.212915
-0.137116
-0.026178
-0.099705
0.007192
-0.176219
-0.099413
-0.104132
-0.292225
-0.025586
-0.146858
0.083184
-0.298416
-0.283707
-0.202499
0.003292
0.664226
-0.096313
-0.286975
0.537450
-0.135288
-0.084275
-0.142995
0.093549
0.023738
-0.312244
-0.385025
-0.262194
-0.365903
-0.201453
0.627583
0.230787
0.128347
-0.072136
1.069558
0.601692
1.309583
1.476516
1.332242
1.931853
1.870507
2.900303
2.085179
1.336862
1.932476
5.648610
3.528420
6.416954
3.508560
3.429643
3.523096
3.441612
2.669416
1.379813
3.225343
1.709889
1.142701
2.119571
1.934200
0.635549
0.190038
0.333394
-0.047028
-0.172803
0.127212
-0.205400
-0.382679
-0.275516
-0.341191
-0.375309
-0.376444
-0.287065
-0.223199
-0.344782
0.025619
-0.358830
-0.444039
-0.271853
-0.472999
-0.455994
-0.398092
-0.235040
-0.319484
-0.404758
-0.220181
0.090757
-0.183265
-0.420061
-0.189719
-0.322894
-0.140813
-0.221339
0.006188
-0.257522
-0.150222
-0.238712
-0.250973
-0.332134
-0.302175
-0.325405
0.092109
-0.084347
-0.290493
-0.316013
-0.416466
-0.333675
-0.368046
-0.245854
-0.424699
-0.408874
-0.449418
-0.450262
-0.463211
-0.446031
-0.318407
-0.231433
-0.418586
-0.393834
-0.402805
-0.432562
-0.359107
-0.429331
-0.412252
-0.339776
-0.289136
-0.347803
-0.349990
-0.496287
-0.364247
-0.437947
-0.516779
-0.199248
-0.387975
-0.334555
-0.429322
-0.357326
-0.307674
-0.332786
-0.205714
-0.393627
-0.397006
-0.420546
-0.441627
-0.375675
-0.511867
-0.495998
-0.499289
-0.463472
-0.417540
-0.421583
-0.325529
-0.466601
-0.435986
-0.316959
-0.495019
-0.362273
-0.470811
-0.551002
-0.508437
-0.424959
-0.366405
-0.466068
-0.485076
-0.393847
-0.346443
-0.489214
-0.308974
-0.384662
-0.523365
-0.441004
-0.449547
-0.430545
-0.328357
-0.311663
-0.278529
-0.237211
-0.453559
-0.274342
-0.297811
-0.242926
-0.264338
-0.412116
-0.191125
-0.150356
-0.370323
-0.110126
-0.192641
-0.090430
-0.186135
-0.306875
-0.334945
-0.300037
-0.066052
-0.111500
-0.214165
-0.000606
-0.072011
-0.323180
-0.130196
0.022803
-0.167595
-0.184705
-0.107299
0.173790
1.525123
0.535887
0.017002
-0.219725
0.113818
-0.253479
-0.134463
-0.227602
-0.093354
0.342488
-0.094780
0.157215
0.314267
-0.051954
0.139730
-0.006335
-0.269956
0.070631
-0.282096
-0.338572
-0.058260
-0.230553
0.177189
-0.278825
-0.324676
-0.305030
-0.221500
-0.275737
0.008804
-0.285514
-0.152696
-0.284910
-0.409279
-0.441532
-0.439746
-0.289534
-0.296913
-0.273434
-0.428421
-0.412575
-0.431010
-0.360854
-0.213763
-0.362638
-0.188513
-0.408704
-0.138845
0.043135
-0.282870
-0.273281
-0.398119
-0.421624
-0.234256
-0.339984
-0.464092
-0.510423
-0.430658
-0.397986
-0.464925
-0.446660
-0.462709
-0.397257
-0.218146
-0.097896
-0.045530
0.242172
-0.243104
-0.095936
-0.149780
0.334992
-0.176110
-0.369771
-0.193751
0.259150
0.077676
-0.315344
-0.245059
-0.115467
-0.211643
-0.250448
-0.286387
-0.376794
-0.296138
-0.398825
-0.238449
-0.289724
-0.181374
-0.260310
-0.137639
-0.247934
-0.238001
-0.392947
-0.255099
-0.355302
-0.386113
-0.313062
-0.314926
-0.434035
-0.298031
-0.473642
-0.269439
-0.171062
-0.215261
-0.200441
-0.180911
-0.391801
-0.133902
-0.195665
-0.255306
-0.337784
-0.402116
-0.383215
-0.325826
-0.038848
0.017093
-0.262520
-0.247022
-0.250157
-0.266861
-0.313303
-0.446679
0.104321
-0.302991
-0.471320
-0.430109
-0.231364
-0.340770
-0.317077
-0.283047
-0.367245
-0.074043
-0.074670
-0.323759
-0.210096
-0.336590
-0.344875
-0.430271
-0.359676
-0.407904
-0.361931
-0.275039
-0.448329
-0.432352
-0.307054
-0.411680
-0.447827
-0.372235
-0.473293
-0.330566
-0.352302
-0.377254
-0.372680
-0.441351
-0.338935
-0.324517
-0.411565
-0.338094
0.980239
-0.183286
-0.114492
0.105389
-0.011816
-0.302857
-0.012519
-0.318904
-0.275341
-0.164370
0.178276
0.176083
-0.337169
0.311843
0.402319
-0.198071
0.153733
0.779044
-0.001261
-0.370334
-0.164233
-0.308495
-0.197486
-0.389783
-0.070140
-0.223968
-0.004082
0.303308
-0.065859
0.247567
-0.115158
-0.387746
-0.287224
-0.355640
-0.456223
-0.515598
-0.308718
-0.342645
-0.321846
-0.401229
-0.283097
-0.285535
-0.433887
-0.328320
-0.053725
-0.128138
-0.102107
0.907836
0.690427
0.368175
0.586532
0.286463
0.799515
0.234979
0.578156
0.940517
0.541372
0.733716
1.234215
2.732939
0.658913
1.543768
0.551207
0.790485
0.720829
-0.160805
0.497189
-0.112072
-0.220079
0.115023
-0.341781
-0.332085
-0.201425
-0.129173
-0.219028
-0.281897
-0.279503
-0.232060
-0.320262
-0.071088
-0.054546
-0.093803
-0.086099
-0.131848
-0.220111
-0.123517
-0.033082
0.053110
-0.003700
-0.100048
-0.163411
-0.147923
0.032964
-0.048378
-0.050430
-0.210212
-0.384914
-0.227088
-0.248821
-0.258774
-0.304553
-0.444826
-0.291088
-0.216448
-0.280976
-0.325141
-0.291784
-0.401092
-0.315621
-0.432546
-0.493801
-0.519746
-0.452686
-0.384391
-0.460172
-0.456949
-0.301730
-0.353697
-0.416314
-0.411113
-0.491654
-0.439498
-0.385726
-0.272096
-0.314308
0.029648
-0.117885
-0.030339
-0.094506
1.598751
0.148715
0.727575
0.749201
0.923185
0.160503
0.090305
0.189147
0.433450
0.019817
0.135952
0.248090
-0.009736
0.206595
0.725556
0.346279
0.509869
0.180273
-0.032700
0.163655
0.126267
-0.024526
0.262539
-0.034624
1.322272
0.031413
0.246231
-0.129686
0.270624
-0.127656
0.007410
0.466850
0.857759
-0.043181
-0.102963
-0.073854
-0.186613
0.072973
-0.121675
-0.317043
-0.091337
-0.174741
-0.281026
0.043407
-0.198233
-0.234129
-0.284324
-0.238122
-0.302087
-0.342665
-0.087683
-0.190801
-0.054820
-0.210492
-0.366026
-0.144551
-0.324603
-0.423113
-0.425560
-0.460868
-0.476781
-0.446559
-0.402205
-0.429457
-0.337068
-0.306359
-0.249347
-0.425069
-0.321258
-0.497940
-0.325425
-0.324268
-0.402309
-0.453771
-0.384097
-0.455651
-0.366393
-0.340857
-0.235518
-0.156560
0.560025
0.268906
0.072867
0.277066
0.048988
-0.212754
-0.051648
0.051848
0.131589
0.175528
-0.009819
0.303152
0.141751
0.061616
0.012658
0.676271
0.263005
0.056170
-0.056636
-0.053713
0.023655
0.652332
0.173561
0.085718
0.270846
-0.022288
0.600746
-0.280637
-0.120646
-0.232746
-0.234375
-0.208117
-0.211211
-0.267864
-0.187032
-0.106914
-0.065109
-0.145681
-0.042718
-0.308539
-0.346124
-0.248049
-0.212268
-0.139682
-0.182646
-0.187153
-0.188069
-0.069500
0.034086
0.053994
-0.316428
-0.261638
-0.172830
-0.224577
0.336489
-0.177455
-0.185928
0.244990
0.932512
0.010398
-0.189862
-0.081090
0.014668
-0.180471
-0.032108
-0.127417
-0.163648
-0.355941
-0.132162
-0.031019
-0.085293
-0.342283
-0.267364
-0.200792
-0.172615
-0.261390
-0.196856
-0.034127
-0.220154
-0.129141
-0.350773
-0.329192
-0.060615
-0.323083
-0.440060
-0.433287
0.005667
-0.412429
-0.390636
-0.158402
-0.419464
-0.452059
-0.344732
-0.416817
-0.303406
-0.086271
-0.067170
0.350852
0.003881
0.049075
0.461918
0.653472
0.632942
0.130394
1.848853
1.214705
-0.157864
0.182892
0.557250
-0.191549
1.628360
0.461945
2.523593
0.651454
1.167022
2.971481
1.139586
0.739352
0.815889
0.726243
2.479983
0.222178
-0.213609
0.684009
-0.276438
0.225828
-0.332316
-0.167991
-0.238170
-0.200112
-0.332607
-0.255299
-0.316510
-0.413579
-0.463122
-0.342344
0.233860
0.050421
-0.195691
-0.258982
-0.048590
-0.216780
-0.346932
0.072249
-0.232110
-0.110149
-0.344939
-0.282777
-0.398728
-0.189443
-0.305958
-0.405371
-0.327060
-0.380492
-0.283451
-0.294299
-0.313954
-0.450544
-0.336085
-0.442418
-0.367439
-0.426429
-0.382591
-0.382230
-0.274660
-0.318571
-0.285762
-0.191230
-0.319550
-0.307019
-0.339385
-0.164953
-0.378616
-0.378341
-0.188831
-0.343098
-0.192106
-0.303857
-0.439683
-0.214283
-0.382740
-0.366200
0.022062
-0.053427
-0.207230
0.105820
-0.332559
-0.320534
0.078560
0.082633
-0.112836
0.319237
-0.198831
-0.324132
-0.131664
-0.352990
-0.327647
-0.305569
0.233546
-0.252410
-0.177586
-0.263011
-0.338043
-0.243011
-0.310709
-0.271450
-0.221535
-0.151859
-0.395624
-0.018894
-0.370244
-0.387964
-0.415400
-0.391727
-0.412477
-0.508838
-0.147666
-0.102629
0.214746
-0.083730
0.023908
-0.136517
-0.124889
-0.195297
-0.101359
-0.379097
-0.381469
-0.429301
-0.497394
-0.463892
-0.372726
-0.278452
-0.386092
-0.409067
-0.298824
-0.472881
-0.520302
-0.415099
-0.404992
-0.042159
-0.372320
-0.531759
-0.313971
-0.367408
-0.318778
-0.290911
-0.468198
-0.402458
-0.263108
-0.239814
-0.367001
-0.308509
-0.163067
-0.245446
-0.305467
-0.232938
-0.345453
-0.305865
-0.170778
-0.184174
0.041963
0.127467
-0.025634
-0.027995
-0.302388
0.141753
-0.358118
-0.111161
-0.342727
-0.298345
-0.399620
-0.317014
-0.345502
-0.338309
-0.414998
-0.312861
-0.317165
-0.217185
-0.276036
-0.365774
-0.150872
-0.410973
-0.277690
-0.157078
-0.211817
-0.252754
-0.298647
-0.216383
-0.293583
-0.365818
-0.412893
-0.426723
-0.477860
-0.380395
-0.122526
-0.257891
-0.339567
-0.019188
-0.087148
0.318835
-0.027623
-0.028417
0.956370
0.206715
-0.017623
-0.195913
-0.212601
-0.219284
0.145112
-0.228352
0.371782
0.516275
0.555686
0.091841
1.055377
0.109815
0.174938
0.405583
0.828182
0.486082
0.955655
0.456749
2.499278
-0.008939
0.388878
0.651181
0.469571
0.635736
0.514949
0.572570
1.376591
0.154161
0.460236
0.215822
0.600760
1.029230
0.815299
0.154883
0.827497
0.147193
0.401122
0.226037
0.079428
0.900084
0.120364
-0.275116
-0.148752
-0.127850
-0.223555
-0.019699
-0.294267
-0.241788
-0.275263
-0.155451
-0.348193
-0.225832
-0.193053
-0.202867
-0.169567
-0.193556
-0.098764
-0.309547
-0.183333
-0.262389
-0.143948
-0.389949
-0.304235
-0.328984
-0.229515
-0.285275
-0.393426
-0.406071
-0.361159
-0.303311
-0.423480
-0.415390
-0.289543
-0.341620
-0.309595
-0.282456
-0.373286
-0.344890
-0.322348
-0.251812
-0.244329
-0.419240
-0.421978
0.010349
-0.195744
-0.324282
-0.299470
-0.425462
-0.488267
-0.462541
-0.302535
-0.320261
-0.396194
-0.369206
-0.438518
-0.362583
-0.348063
-0.480805
-0.328367
-0.381913
-0.276746
-0.328601
-0.410220
-0.471024
0.059942
0.003705
0.461055
-0.133276
-0.128050
0.064465
-0.084920
0.130266
-0.090081
-0.208279
0.851697
0.325461
0.160231
0.047276
-0.176010
0.080374
-0.169865
-0.062522
0.257595
-0.039634
0.065653
0.288459
0.450760
0.234440
-0.136478
0.049718
0.025655
0.040776
-0.013212
-0.223999
0.271434
-0.015864
-0.010601
0.106472
0.137961
-0.068074
0.489781
0.213515
2.101977
-0.088703
0.055944
-0.015830
0.173541
0.814062
1.031766
0.242626
1.340714
5.205258
1.760682
1.742080
5.941021
0.587467
1.779317
1.441315
0.600354
0.168413
0.439274
0.005783
0.047894
0.000856
-0.116433
-0.143756
-0.173994
-0.052700
-0.183313
-0.129381
-0.165948
-0.231817
-0.121373
0.054237
-0.073141
0.198435
-0.065344
0.848037
-0.121475
-0.346879
0.183873
0.115073
-0.144806
0.062225
0.073044
-0.017060
-0.239212
0.095115
-0.201383
-0.376241
-0.175044
-0.260697
-0.303196
-0.312455
-0.292900
-0.330740
-0.422982
-0.468733
-0.476087
-0.334653
-0.388855
-0.339116
-0.400512
-0.235065
-0.333938
-0.210315
-0.148691
-0.339573
-0.420858
-0.387563
-0.312908
-0.297372
-0.455301
-0.176324
-0.455328
-0.457220
-0.442814
-0.407924
-0.149353
-0.224597
-0.248756
-0.291645
-0.383320
-0.284292
-0.487524
-0.315037
-0.315329
-0.360663
-0.141381
0.500333
0.035638
-0.088204
0.274396
0.046680
-0.125460
-0.250882
0.211690
-0.222358
0.227889
-0.111866
-0.024206
0.323168
0.009976
-0.054236
0.091082
0.318427
0.194140
-0.116329
-0.064291
0.003487
-0.101627
0.196266
-0.079497
-0.016871
0.445145
-0.082992
0.091735
0.363352
0.015679
0.008569
0.028854
-0.251719
-0.009851
0.175896
-0.037459
0.234625
0.446713
0.289976
0.087158
0.004603
-0.007626
0.892447
1.374529
0.172151
0.351472
1.331752
1.791648
1.443152
0.881326
0.432941
0.881069
0.775765
3.106184
1.087773
0.325080
1.219069
2.121806
0.628927
0.810760
-0.062881
0.210406
0.380984
0.353721
0.730572
0.375463
0.260986
0.153357
1.119207
0.745854
1.086862
0.016837
0.426560
0.185461
0.949273
-0.324852
0.231718
0.415427
0.013494
0.057645
0.695706
-0.009297
-0.139183
-0.008551
-0.083167
-0.280218
0.050606
-0.217858
-0.291322
0.267830
0.290469
0.920243
0.565388
0.714709
2.550196
0.538479
2.367940
1.280619
1.175333
2.388463
1.101864
2.113980
1.862188
1.169075
1.582771
0.693033
2.170459
1.690854
0.710816
2.460294
0.665281
1.551653
0.122922
0.673381
0.835514
0.582466
0.237957
0.494151
0.488381
0.826340
0.808361
0.764820
-0.195558
-0.065825
0.659429
-0.090545
-0.186773
-0.011271
-0.131221
0.039767
-0.136201
0.217721
0.278489
0.382375
-0.088355
-0.312734
0.193728
-0.121311
-0.259138
-0.057946
-0.173237
0.074448
0.120626
-0.102362
0.064957
-0.141292
-0.214558
-0.015003
-0.074970
-0.275652
-0.371401
-0.224796
-0.374645
-0.394348
-0.361216
-0.407661
-0.407955
-0.335560
0.027415
-0.381020
-0.295572
-0.176274
-0.345483
-0.343849
-0.248848
-0.165125
-0.120726
-0.162273
-0.113443
-0.358064
-0.167229
-0.266438
-0.141325
-0.063556
-0.161538
-0.297708
-0.358808
-0.320212
-0.370723
-0.373153
-0.365037
-0.233233
-0.363882
-0.300898
0.009570
1.246278
0.794190
-0.227504
-0.099434
-0.129129
0.470437
0.812737
-0.271507
-0.351830
-0.425488
-0.357233
-0.336542
-0.236771
-0.300173
-0.412459
-0.412383
-0.381621
-0.396128
-0.411676
-0.482157
-0.479356
-0.478702
-0.411220
-0.491738
-0.448671
-0.088136
-0.108383
-0.089951
-0.169302
0.120187
-0.379306
-0.234734
-0.145124
-0.253708
-0.173084
-0.141034
-0.360300
-0.136704
-0.040265
-0.045165
-0.284068
-0.076139
-0.030950
-0.105490
-0.185330
-0.145676
0.018059
-0.304061
-0.216196
0.275355
0.039235
-0.065440
-0.052352
0.130818
-0.170552
0.014103
-0.132968
-0.117380
-0.240344
-0.027501
-0.073199
-0.063813
0.162225
-0.036797
0.173829
-0.234484
-0.100818
-0.252139
-0.043659
0.693223
0.603472
-0.113468
-0.247775
0.071394
-0.226364
-0.194809
0.110794
0.022974
-0.160152
-0.124519
-0.323532
-0.395895
-0.371400
-0.486180
-0.352401
-0.366412
-0.307228
-0.283040
-0.463754
-0.290648
-0.396554
-0.183051
-0.436030
-0.353780
-0.272382
-0.233299
0.216682
-0.244993
-0.376912
-0.412641
0.191298
-0.383720
-0.336948
-0.368955
-0.137659
-0.373686
-0.384234
-0.187855
-0.273191
-0.278560
-0.373388
0.275941
2.069702
3.500223
3.128181
3.771758
4.462742
4.287255
3.959538
6.928914
3.675086
4.276641
5.577496
12.171383
10.030395
6.767834
5.879322
13.326462
5.132591
8.793897
6.775515
5.909015
9.304104
3.734462
10.078577
5.429839
8.236809
17.741067
14.258466
16.780700
6.876713
17.103826
20.785928
19.126744
22.523269
11.964142
9.414501
10.826502
9.098526
5.709838
7.288754
8.462299
5.953855
5.490746
5.893098
2.192325
2.334554
2.069303
1.511939
2.901842
2.571898
5.745195
3.202470
2.709308
2.284617
2.823290
2.579229
2.972207
8.247934
1.804031
7.674121
2.836596
6.458931
4.070228
3.611128
2.630571
2.045367
4.147044
3.548359
4.745442
1.299632
1.079771
1.872475
0.991198
0.720053
0.775855
0.658364
0.399632
0.233095
0.912950
-0.238069
-0.435549
-0.350645
-0.433889
-0.361959
-0.300087
-0.410905
-0.264689
-0.400859
-0.318974
-0.442860
-0.309005
-0.194671
-0.356551
-0.424872
-0.329606
-0.339424
-0.398035
-0.211016
-0.189155
-0.372670
-0.326604
-0.340314
-0.336685
-0.305448
-0.391864
-0.140801
-0.237696
-0.339562
-0.330735
-0.002410
-0.420672
-0.188860
-0.344509
-0.394245
-0.374222
-0.250711
-0.328599
-0.014191
0.420007
0.849206
0.406285
0.510928
1.511440
1.043339
0.372815
0.732220
0.433081
0.901990
1.571242
2.061999
0.850197
2.071564
0.625333
0.971145
0.590298
0.979502
0.814363
1.855941
0.735026
0.445733
0.314504
0.259028
-0.189293
-0.283585
0.072857
-0.244649
-0.038839
-0.212084
-0.097113
0.012021
-0.231111
-0.105428
-0.193597
-0.140921
0.001800
-0.247624
-0.263408
-0.211882
-0.329694
-0.312403
-0.345535
-0.188229
-0.309982
-0.060338
-0.270730
-0.054419
-0.231607
1.534320
-0.272010
-0.433026
-0.399785
-0.304796
-0.416588
-0.269722
-0.424650
-0.363075
-0.264301
-0.270077
-0.264115
-0.395836
-0.424683
-0.444032
-0.388598
-0.351608
-0.452601
-0.538424
-0.418256
-0.428263
-0.472439
-0.393621
-0.009544
-0.210416
-0.332913
-0.400718
0.083074
-0.183495
-0.362132
-0.092046
-0.347495
-0.417359
-0.324301
-0.431526
-0.100219
-0.395764
-0.411341
-0.255834
-0.325703
-0.187258
-0.470268
-0.416146
-0.379453
-0.288235
-0.376901
-0.412775
-0.452914
-0.408318
-0.469335
-0.382134
-0.289582
-0.316752
-0.256047
-0.447348
-0.357671
-0.434107
-0.490661
-0.467674
-0.472692
-0.445343
-0.371924
-0.401166
-0.448573
-0.175192
-0.434446
-0.461167
-0.517683
-0.449350
-0.426971
-0.387188
-0.379580
-0.293614
0.277692
-0.258458
-0.437424
-0.149819
0.005289
-0.310616
-0.010493
-0.294124
-0.429411
-0.389754
-0.228510
-0.252053
-0.435714
-0.435023
-0.290661
-0.392946
-0.357897
-0.392641
-0.321963
-0.338802
-0.362877
-0.220279
-0.278490
-0.188028
-0.006032
-0.117228
0.075107
-0.072954
-0.132474
-0.136604
-0.084828
-0.235583
0.471978
0.041911
-0.012610
-0.003973
-0.328678
-0.323593
-0.232168
-0.039263
-0.156996
-0.082830
-0.091368
-0.058944
-0.359218
-0.117798
-0.363177
-0.304023
-0.187184
-0.347424
-0.332112
-0.402199
-0.385385
-0.319372
-0.356121
-0.221623
-0.346274
-0.059542
0.015012
0.095665
-0.113159
0.169245
-0.041243
0.766582
0.189331
0.781619
-0.007175
-0.064519
-0.120954
-0.065885
-0.214115
-0.210192
0.576736
-0.378389
-0.387505
-0.218581
0.111595
-0.300362
-0.400304
-0.202006
-0.393860
-0.330900
-0.384226
-0.338161
-0.440937
-0.305104
-0.283208
-0.382695
-0.431251
-0.464463
-0.444608
-0.314045
-0.315976
-0.296666
-0.237407
0.101619
-0.199495
-0.130357
-0.321549
-0.165922
-0.269735
-0.183883
-0.354235
-0.340640
-0.252599
-0.331648
-0.261293
-0.107902
0.100160
0.138922
0.129611
1.063479
0.449802
0.212126
0.181477
0.225014
-0.053828
-0.128323
0.149025
0.025646
0.924429
0.109935
0.148630
0.462530
1.632267
0.488964
0.794584
0.577653
-0.059803
0.149283
0.182413
-0.085788
-0.065081
-0.059638
0.312753
-0.133321
-0.022398
-0.072457
-0.240421
-0.256162
-0.323782
-0.326568
-0.226692
-0.026134
-0.279207
-0.461473
-0.411255
-0.251835
-0.332134
-0.368756
-0.363093
-0.422901
-0.352768
-0.135525
-0.264220
-0.288155
-0.288822
-0.320727
-0.296289
0.450252
0.450326
1.392374
2.944842
0.465557
1.966573
3.014344
1.372232
0.798730
0.719709
0.655852
0.611747
2.522629
1.496073
0.364866
1.900663
0.141910
0.436966
0.304949
0.458937
-0.024743
0.024463
-0.013528
0.434594
1.447631
1.693259
0.678960
0.441300
-0.065295
-0.269648
0.047061
0.310330
-0.013835
-0.138596
0.380777
0.155509
-0.358075
-0.232469
-0.063284
-0.225707
-0.374914
-0.317270
-0.146897
-0.426015
-0.393817
-0.404891
-0.371137
-0.430978
-0.407078
-0.427884
-0.500394
-0.358800
-0.434388
-0.371180
-0.430145
-0.298153
-0.380025
-0.302795
-0.417134
-0.478480
-0.484841
-0.292014
-0.528314
-0.337463
-0.253162
-0.395836
-0.441869
-0.173907
-0.032098
-0.414568
-0.258279
-0.319739
-0.196007
-0.556665
-0.431202
-0.353489
-0.459802
-0.369996
-0.349518
-0.451156
-0.469299
-0.504952
-0.078858
-0.445648
-0.449047
-0.365250
-0.324669
-0.252353
-0.321313
-0.396104
-0.391913
-0.288773
-0.221594
-0.326446
-0.307595
-0.201758
-0.352754
-0.331155
-0.297491
-0.432400
-0.371465
-0.415437
-0.324822
-0.255182
-0.322218
-0.316212
-0.302433
-0.345815
-0.208300
-0.342313
-0.458011
-0.377478
-0.405906
-0.239486
-0.187343
0.230866
0.396897
0.272957
0.306101
0.565075
0.510544
0.510684
0.758159
0.741106
0.832271
1.377312
0.962489
0.906943
0.614373
1.257826
0.897269
0.832572
0.225078
0.044642
0.236842
0.175934
0.528805
1.100644
0.277366
0.436329
0.473214
-0.100332
-0.129759
-0.238331
0.168795
-0.017375
-0.096941
-0.243533
-0.221970
-0.305429
-0.184681
-0.317065
0.187242
-0.010748
-0.234286
-0.114837
-0.242689
-0.162561
-0.040034
-0.025348
-0.303225
-0.334585
-0.291926
-0.441828
-0.239787
-0.378696
-0.447231
-0.314219
-0.388042
-0.217919
-0.287531
-0.322279
-0.321934
-0.419755
-0.203476
-0.477102
-0.407350
-0.262535
-0.118944
0.340122
-0.053247
0.183460
0.539693
0.208068
0.617609
0.599392
0.209462
-0.015509
0.394854
0.720485
0.182217
1.254848
0.429598
0.044504
-0.175129
0.405767
4.709835
1.542038
1.747242
1.054821
0.744679
1.466965
1.214443
1.082991
1.146678
2.504149
1.439959
2.071083
1.283333
0.503630
0.270111
1.762293
0.850463
0.308801
2.584843
0.763356
0.064843
-0.215782
-0.381399
-0.365706
0.131630
-0.156199
0.489085
0.443940
0.056171
0.185403
-0.031870
0.085695
0.286623
0.032605
0.399904
0.089502
0.300409
0.122491
0.106191
0.091420
-0.034008
0.354872
0.120650
0.877710
0.264364
0.527493
0.178099
-0.251924
-0.027337
-0.075793
-0.256198
-0.320796
-0.109465
-0.286495
-0.395463
-0.458153
-0.395154
-0.283178
-0.482241
-0.453651
-0.062829
-0.350133
-0.130348
-0.100596
-0.194992
-0.264865
-0.195813
-0.056802
-0.326979
-0.344827
-0.366447
-0.288543
-0.421274
-0.235147
-0.353413
-0.184078
0.168023
-0.252497
0.707580
0.015780
0.201685
-0.198485
0.434567
-0.043726
-0.345238
-0.030165
0.072520
-0.033240
-0.156104
0.584029
0.152062
0.400263
0.271792
-0.036647
0.544787
0.477850
0.391681
0.925147
0.156900
0.142840
0.836816
0.859031
0.035831
0.011190
0.308839
0.219036
0.255584
0.722255
1.920211
1.912172
1.505215
1.433062
1.015226
2.206329
5.106738
0.385863
2.703707
2.267575
1.270980
1.277979
1.636316
0.706278
0.982481
2.362782
4.115550
3.002133
2.761959
4.910683
1.769237
1.975189
1.006203
1.304903
1.107692
3.546842
4.705230
2.571313
2.642574
3.315549
4.341027
4.512729
2.575292
8.869086
7.713112
2.058823
4.288558
0.374189
0.848989
6.978345
0.067307
0.428550
1.305211
0.528050
0.125314
0.057404
0.417758
0.089788
-0.033535
0.012638
-0.155387
-0.033093
0.062505
-0.094716
0.028207
-0.126577
-0.072160
-0.097179
-0.099425
0.134351
-0.148858
-0.276198
-0.181353
-0.187026
-0.438000
-0.359717
-0.492214
-0.465794
-0.372162
-0.361201
-0.300957
-0.293175
-0.318243
-0.430902
-0.306855
-0.290051
-0.293141
-0.519177
-0.522254
-0.467747
-0.257007
-0.426605
-0.442389
-0.516897
-0.458247
-0.402220
-0.502426
-0.417402
-0.403583
-0.350935
-0.455716
-0.308748
-0.357591
-0.428565
-0.433937
-0.337342
-0.506758
-0.302895
-0.270567
-0.270592
-0.356928
-0.341914
-0.366286
-0.263906
-0.321541
-0.264618
-0.212819
-0.146909
0.366621
-0.203599
0.342860
-0.161808
-0.155126
0.099079
0.166628
0.498080
0.264969
0.353088
0.767784
0.849303
0.463243
0.203485
0.314657
0.014888
0.237359
0.772214
0.708971
0.403076
0.178563
0.926927
0.162652
0.000285
0.108961
0.621301
0.002697
-0.048572
-0.310145
-0.297019
-0.239375
-0.360743
0.066801
-0.027760
0.109862
-0.240336
0.148738
-0.148007
-0.151569
-0.020369
0.148263
-0.009122
0.199743
-0.129686
-0.065304
0.094623
-0.243148
0.047093
-0.040121
-0.167432
0.161182
0.569793
0.289641
1.385780
0.645992
1.486224
0.948546
1.783824
1.624149
1.959264
1.238424
0.869616
1.378624
0.374004
1.091424
1.133921
1.539851
0.831965
0.600786
0.356575
0.214389
0.013292
0.048919
0.113633
0.204906
-0.076655
0.031695
0.095929
0.041488
-0.160850
-0.011174
0.085428
-0.120680
0.274377
-0.175008
-0.169457
-0.059602
-0.135327
0.933261
-0.195072
-0.339858
-0.178548
-0.196320
-0.226278
-0.251612
-0.289988
-0.282736
-0.210230
-0.057306
-0.294940
-0.366259
-0.281560
-0.170755
-0.330422
-0.439726
-0.374137
-0.389801
-0.355662
-0.321869
0.416348
-0.352752
-0.258061
-0.250220
-0.308741
-0.383809
-0.350978
-0.419558
-0.421247
-0.456114
-0.148915
-0.439068
0.173387
-0.416117
0.259613
0.108989
-0.280624
-0.199342
-0.057331
-0.069443
-0.047840
-0.303811
-0.251811
-0.309657
-0.201321
-0.160355
-0.006772
0.034184
-0.260338
-0.220158
-0.204669
-0.172799
-0.315249
-0.329131
-0.338485
-0.160779
-0.383966
-0.321317
-0.184404
-0.352098
-0.254513
-0.108480
-0.238333
0.419025
-0.307080
-0.229691
-0.232765
-0.392445
-0.417169
-0.425158
-0.223227
-0.362587
-0.399775
-0.027378
-0.364087
-0.176595
-0.117318
0.063945
0.189901
0.248280
-0.160709
0.076670
-0.038936
0.838957
0.001650
0.945312
-0.001999
0.269982
0.174915
0.804194
1.068353
1.645132
0.823389
0.600817
1.008965
0.470427
0.837061
0.585270
0.109912
0.973766
0.388389
0.272354
0.557395
0.586443
0.979856
0.634638
0.655369
0.516693
0.219225
0.144700
0.291342
0.152036
0.288238
0.239939
3.448216
2.721530
4.197812
0.709529
3.144574
2.753989
1.693874
0.332018
1.228735
2.139982
1.138484
1.458595
0.306035
3.118492
0.833247
1.878233
0.598172
1.192549
1.251098
0.675838
0.304028
0.292261
0.306511
0.373845
0.235166
-0.171306
0.081701
-0.198859
-0.238559
-0.080145
-0.356753
-0.108219
-0.083551
-0.392751
-0.266211
-0.441736
-0.292435
-0.262476
-0.198574
-0.300281
-0.274058
-0.250124
-0.426987
-0.296833
-0.306391
-0.470249
-0.449073
-0.434995
-0.377323
0.000436
0.003014
-0.226037
0.014559
0.246677
0.040662
0.303517
0.295382
0.186918
-0.046260
0.040094
-0.049915
-0.053257
0.282261
0.065871
0.992399
-0.011859
0.178742
-0.005216
0.185174
-0.034023
0.103767
0.362172
-0.192602
-0.039183
0.187478
-0.153638
-0.103981
-0.283136
-0.361654
-0.262710
-0.269838
-0.193590
-0.341063
-0.321472
-0.275073
-0.362661
-0.262379
-0.236560
-0.227490
-0.447547
-0.440010
-0.369241
0.023947
4.083555
1.548628
10.359185
2.952637
5.065085
3.541833
3.894123
1.983331
6.041118
3.405675
4.455810
1.234562
2.118391
1.463555
3.487700
3.651232
3.001480
2.678790
5.723705
1.024071
0.699512
0.230705
0.147263
0.109258
0.128825
0.640860
0.055103
-0.227701
0.215900
-0.111894
-0.225115
0.082196
-0.326960
-0.094138
-0.364155
-0.321385
-0.172519
-0.370096
-0.357649
-0.311368
-0.234211
-0.420946
-0.146637
-0.291646
-0.186420
-0.287028
-0.082688
-0.014473
0.303961
-0.047693
0.290774
0.131379
0.151377
0.916067
0.167052
-0.084141
-0.000825
-0.016902
-0.019289
-0.094424
0.022495
-0.202869
-0.109482
-0.359791
-0.025164
0.003016
-0.316144
-0.285967
-0.381400
-0.318717
-0.382910
-0.291865
-0.248115
-0.033980
-0.063131
-0.221820
-0.266615
-0.253774
-0.213873
-0.297789
-0.168388
-0.295642
-0.281073
-0.029266
-0.310736
0.075404
-0.249331
0.151685
-0.200654
-0.199932
-0.233849
-0.189401
-0.318469
-0.380082
-0.443030
-0.426730
-0.285134
-0.389072
-0.416948
-0.449803
-0.397179
-0.405672
-0.331355
-0.067293
-0.162589
-0.349957
-0.346135
-0.471044
0.003967
-0.270311
-0.369585
-0.077802
-0.205890
-0.313034
-0.336665
-0.173684
-0.306567
-0.447265
-0.414071
-0.407357
-0.267553
-0.419048
-0.371066
-0.276129
-0.394691
-0.363760
-0.397051
-0.289018
-0.189157
1.392328
0.498474
1.690341
-0.023591
0.465359
1.079895
0.968484
0.980087
0.131568
0.283122
1.965317
0.585208
0.401085
-0.049896
0.247912
0.252286
0.406682
1.102015
0.075401
0.070459
-0.078823
0.231784
-0.112676
0.219480
-0.276976
-0.374316
0.119257
-0.275386
-0.217730
-0.276246
-0.361937
-0.316651
-0.351152
-0.460746
-0.363571
-0.217640
0.079875
-0.378915
-0.312991
-0.142235
-0.057506
-0.137950
-0.070426
-0.051621
0.171382
-0.181710
0.112861
0.030254
0.086433
0.085995
-0.127467
0.078456
0.021370
0.075426
-0.048401
-0.102318
-0.141937
0.203966
-0.228019
-0.020349
-0.137919
-0.385307
-0.229687
-0.327341
-0.319045
0.683618
-0.244196
-0.155796
-0.393543
0.067490
-0.338021
-0.098181
-0.326510
-0.239628
0.122021
-0.279106
-0.018508
-0.250645
-0.269913
-0.172592
-0.064796
-0.304769
-0.155164
-0.222705
-0.442075
-0.447274
-0.469072
-0.348475
-0.322246
-0.308138
-0.317794
0.051811
-0.190445
-0.350149
-0.405541
-0.296290
-0.186099
-0.379620
-0.348298
-0.187196
-0.413184
-0.416590
-0.318588
-0.330454
-0.490712
-0.259081
-0.423446
-0.413237
-0.320502
-0.371196
-0.355207
-0.312468
-0.418424
-0.378979
-0.378093
-0.268397
-0.403156
-0.386793
-0.411683
-0.440415
-0.336043
-0.344708
-0.404227
-0.364125
-0.380284
-0.270027
-0.425938
-0.418199
-0.398064
-0.425434
-0.350362
-0.319501
-0.523137
-0.432810
-0.374191
-0.383860
0.006079
-0.337316
-0.485800
-0.134344
-0.284676
-0.402866
-0.363634
-0.279031
-0.461976
-0.320401
-0.399733
-0.389059
-0.430174
-0.410521
-0.409686
-0.214768
-0.360770
-0.327781
-0.362253
-0.359249
-0.062252
0.110988
0.200909
0.358269
0.271636
0.783262
0.448287
0.334170
0.998904
0.390872
0.207590
0.099639
0.224960
0.582672
0.115152
0.098985
0.206234
0.177875
0.499859
0.752265
0.454363
0.017418
-0.136089
-0.045784
-0.111221
-0.144521
-0.174441
-0.308672
-0.286706
-0.418808
-0.377747
-0.342735
-0.397489
-0.386599
-0.375704
-0.357015
-0.404934
-0.251733
-0.394001
-0.155856
-0.397203
-0.431701
-0.397402
-0.443397
-0.381553
-0.333152
-0.375632
-0.360314
-0.432680
-0.415790
-0.359453
-0.400962
-0.381299
-0.287922
-0.231426
-0.311747
-0.448245
-0.470606
-0.426766
-0.488177
-0.461743
-0.344769
-0.292119
-0.399904
-0.395785
-0.362102
-0.267949
-0.469029
-0.446003
-0.523472
-0.440076
-0.167392
-0.418698
-0.369424
-0.304260
-0.164048
-0.301810
-0.384639
-0.339844
-0.259105
-0.342893
-0.364772
-0.362756
-0.328949
-0.351918
-0.418550
-0.369708
-0.375051
-0.387429
-0.244592
-0.212133
-0.249651
-0.177384
-0.207568
-0.371694
-0.304394
-0.086797
0.987713
0.536780
0.455988
0.752345
0.797102
2.725133
1.179305
2.118518
3.904967
2.459194
1.076824
2.858139
2.885076
1.305789
0.961529
1.507488
1.346461
2.544363
1.358227
1.523009
2.154484
0.980336
1.953401
1.513133
0.273166
0.337619
-0.105796
0.506605
-0.006744
-0.152025
-0.105222
-0.017812
0.135010
0.040540
-0.362116
-0.319978
-0.216245
-0.429459
-0.403899
-0.410976
-0.423127
-0.374132
-0.044593
-0.076565
-0.310942
-0.231457
-0.092959
-0.201579
-0.220121
-0.297253
-0.264996
-0.228164
-0.264099
0.217102
0.121051
0.080269
0.656823
0.677298
0.072657
0.573162
0.818734
0.665505
0.352020
0.284769
0.982944
0.848224
0.534702
0.511544
0.602265
0.074631
0.544941
0.179390
0.209118
0.209791
0.139512
0.441231
0.082680
0.519118
0.215467
-0.047575
-0.176058
-0.084608
-0.128127
0.099321
0.201305
-0.053969
-0.090752
-0.124618
0.048558
0.296228
1.139708
0.020381
0.021142
-0.029791
0.633534
-0.126477
-0.038105
0.566609
-0.074361
-0.108092
1.692317
0.059204
-0.054566
-0.168270
-0.024231
-0.333386
-0.190890
-0.317800
-0.242191
-0.367777
-0.435578
-0.334441
-0.423979
-0.391081
-0.461830
-0.313703
-0.311106
-0.406288
-0.379446
-0.444685
-0.499044
-0.486624
-0.422286
-0.423287
-0.207042
-0.445299
-0.386267
-0.398919
-0.407194
-0.445996
-0.455067
-0.473790
-0.395238
-0.374494
-0.462419
-0.405189
-0.376470
-0.421257
-0.408904
-0.435476
-0.384604
-0.277406
-0.287472
-0.339097
-0.479800
-0.479211
-0.387683
-0.439073
-0.334068
-0.404126
-0.393245
-0.411751
-0.188161
-0.359723
-0.438221
-0.426403
-0.277402
-0.413337
-0.439456
-0.411024
-0.451544
-0.281178
-0.441838
-0.375184
-0.249383
-0.274674
-0.477341
-0.452856
-0.410977
-0.344861
-0.477977
-0.375944
-0.472551
-0.436070
-0.443513
-0.494788
-0.371710
-0.371514
0.151298
-0.304599
-0.104556
-0.303884
-0.333579
0.327783
-0.299686
-0.110786
-0.199939
-0.339863
-0.421500
-0.368870
-0.325931
-0.422645
-0.381126
-0.257585
-0.456753
-0.343312
-0.364631
-0.468756
-0.457190
-0.431279
-0.539846
-0.389454
-0.392755
-0.469600
-0.412719
-0.360034
-0.400603
-0.398636
-0.327169
-0.371812
-0.428066
-0.503720
-0.429092
-0.380627
-0.495987
-0.386725
-0.258307
-0.431375
-0.368990
-0.102167
-0.339277
-0.452945
-0.368397
-0.403705
-0.384870
-0.456514
-0.378465
-0.506377
-0.453720
-0.431959
-0.484521
-0.395407
-0.400895
-0.337989
-0.444691
-0.444681
-0.504599
-0.334898
-0.398374
-0.476488
-0.348116
-0.329097
-0.396285
-0.453353
-0.247353
-0.283778
-0.404511
-0.397472
-0.442304
-0.335105
-0.237303
-0.252085
-0.282382
-0.305285
0.964997
-0.074851
-0.246640
-0.050906
0.290810
1.748122
0.065070
0.181295
0.195289
0.318863
0.508458
0.900258
0.384906
0.003210
-0.249968
-0.023408
-0.030632
0.157195
0.278358
-0.140052
-0.064308
-0.141110
0.050924
-0.170248
-0.261555
0.027784
-0.041581
-0.174058
-0.201049
-0.301665
-0.186090
-0.227031
-0.271711
-0.278291
-0.309266
-0.358368
-0.297099
-0.451605
-0.395162
-0.143281
-0.339003
-0.296483
-0.354371
-0.349940
-0.391931
0.215705
-0.189561
-0.405426
-0.288956
-0.322917
-0.426741
-0.472013
-0.540392
-0.121676
-0.446644
-0.484084
-0.362382
-0.240472
-0.038668
-0.230835
0.619198
-0.399756
2.066228
-0.449725
0.196073
-0.367361
-0.423723
-0.393148
-0.356478
-0.312735
-0.268148
-0.373279
-0.415376
0.087165
-0.315519
0.726881
-0.078247
-0.337319
-0.417497
-0.326529
-0.341914
-0.372499
-0.359916
-0.306780
-0.289081
-0.396981
-0.275212
-0.137784
-0.185449
-0.345719
-0.371961
-0.283170
-0.209223
-0.382900
-0.302230
-0.326458
-0.168875
-0.390517
-0.138315
-0.394582
-0.387094
-0.298991
-0.369468
-0.263662
-0.384890
-0.180913
-0.522301
-0.474627
-0.357586
-0.432400
-0.422616
-0.424056
-0.359620
-0.477831
-0.400621
-0.433275
-0.419664
-0.530495
-0.476751
-0.417155
-0.417179
-0.489892
-0.359748
-0.488406
-0.504719
-0.418760
-0.461156
-0.471292
0.537011
-0.470387
-0.339820
-0.508039
-0.394500
-0.482634
-0.423478
-0.339353
-0.364805
-0.148938
-0.215954
-0.323406
-0.217294
-0.377406
-0.310210
0.062759
-0.155186
-0.068139
0.093985
-0.079844
-0.121736
-0.123969
-0.156430
0.034787
-0.059702
0.422465
2.046937
0.858210
-0.058171
-0.290777
-0.444126
-0.364492
-0.401011
-0.345199
-0.242693
-0.167197
-0.307216
-0.125245
-0.369365
-0.432076
-0.120672
-0.291930
-0.285477
-0.430236
-0.477957
-0.414952
0.237535
-0.078344
0.360846
0.264634
0.830219
0.831847
0.300364
0.571932
0.294654
0.502253
-0.025679
0.414779
0.210939
0.228120
0.848108
0.554487
0.446623
0.125641
0.206045
-0.203228
-0.268900
-0.307428
-0.395068
-0.392159
-0.134337
-0.341209
-0.320261
-0.150183
-0.391632
-0.422417
-0.306010
-0.471289
-0.377639
-0.282262
-0.327422
-0.309305
-0.450896
-0.458200
-0.514953
-0.433411
-0.398885
-0.497089
-0.485571
-0.422764
-0.068095
-0.480447
-0.429828
-0.439528
-0.362711
-0.450449
-0.472552
-0.484567
-0.498313
-0.341486
-0.394632
-0.257740
-0.380828
-0.482974
-0.307754
-0.162260
-0.306846
-0.051760
-0.360409
-0.218778
-0.406102
-0.341433
-0.295434
-0.367509
-0.451960
-0.342215
-0.342272
-0.417494
-0.369225
-0.368202
-0.178268
-0.197556
-0.245935
-0.213123
-0.183630
-0.220961
-0.206030
-0.209978
-0.137027
-0.087438
-0.152831
-0.064978
-0.154312
-0.111584
-0.338798
-0.362000
-0.209490
-0.097414
-0.280035
-0.149416
0.031187
0.170233
-0.142678
-0.238017
-0.047421
-0.272930
-0.320132
-0.218909
0.003636
0.002762
-0.349337
-0.444893
-0.411028
-0.430123
-0.369978
-0.373848
-0.386107
-0.197957
-0.346091
-0.254405
-0.384633
-0.420658
-0.337998
-0.390755
-0.335515
-0.409010
-0.376688
-0.377787
-0.198321
-0.229562
-0.189504
-0.224616
-0.125030
-0.122926
-0.163075
-0.347017
-0.462483
-0.312158
-0.219744
-0.213516
-0.086722
-0.229160
-0.125454
0.009335
0.081466
-0.245712
-0.215665
-0.384561
-0.212624
-0.292264
-0.367803
-0.161346
-0.283310
-0.076131
-0.149175
-0.321602
-0.376224
-0.266506
-0.418029
-0.413851
-0.427100
-0.283004
-0.297500
-0.404590
-0.339985
-0.208994
-0.341996
-0.408316
-0.236915
-0.195052
-0.109807
-0.372522
-0.411452
-0.289988
-0.357544
-0.315134
-0.292117
-0.321411
-0.259541
-0.211278
-0.152537
0.302717
-0.222718
0.527583
-0.101622
1.173086
0.716893
-0.021879
0.467012
-0.101546
0.464621
0.495669
0.682646
0.528499
0.912797
0.898545
0.784930
1.655768
0.163833
0.188927
0.125861
0.348621
0.454068
1.820340
0.133605
0.345577
0.026291
-0.309873
-0.021674
-0.030925
-0.302621
-0.433360
-0.445475
-0.458892
-0.457059
-0.349329
-0.421834
-0.474755
-0.372826
-0.365815
-0.513904
-0.415879
-0.365993
-0.367972
-0.454959
-0.424122
-0.458552
-0.464229
-0.214028
-0.502879
-0.300727
-0.433219
-0.322400
-0.320495
-0.360104
-0.336686
-0.318603
-0.357031
-0.437752
-0.271963
-0.244996
-0.422253
-0.355539
-0.369682
-0.431490
-0.051656
-0.099629
-0.419144
-0.305939
-0.279800
0.156111
0.335377
0.582940
1.379091
0.776503
1.564189
1.339135
0.918770
0.980955
2.540253
1.147612
1.211783
0.986009
1.738832
0.592028
2.828726
1.959513
1.153478
2.368838
1.416397
0.535713
0.302106
1.659879
0.923890
0.608110
1.619537
-0.189630
-0.370122
-0.323568
-0.460298
-0.391869
-0.501737
-0.383109
-0.513640
-0.494342
-0.426214
-0.390453
-0.273887
-0.168737
-0.243306
-0.465963
-0.291675
-0.408054
-0.419112
-0.441699
-0.503520
-0.391823
-0.316208
-0.147370
-0.307549
1.365516
-0.264274
-0.010499
0.379714
0.006331
-0.284461
-0.218023
-0.309645
-0.135016
-0.282186
-0.325935
-0.333650
-0.201759
-0.257379
-0.044909
-0.032970
-0.133865
-0.277397
-0.230611
-0.345152
-0.273496
-0.397475
-0.481927
-0.448118
-0.406932
-0.380121
-0.418859
-0.350192
-0.357520
-0.228849
-0.375944
-0.406963
-0.461595
-0.470015
-0.454094
-0.506262
-0.358815
-0.485455
-0.390520
-0.472221
-0.321514
-0.463886
-0.463793
-0.345599
-0.333267
-0.432089
-0.192200
-0.133586
-0.280432
-0.352159
-0.351551
-0.396053
-0.363295
-0.364214
-0.365921
-0.233227
-0.227083
-0.159692
-0.357198
-0.327008
-0.019864
0.058578
-0.175375
0.053582
0.174861
0.362164
0.228404
-0.035624
0.490933
0.046014
-0.002839
0.279129
-0.002355
0.336852
1.760771
0.709552
2.847461
1.965295
0.995455
2.002922
2.094471
1.447864
1.591764
2.281347
1.383508
2.179476
1.656513
1.393491
1.164792
1.809154
1.147977
1.374411
2.401589
1.710028
1.847771
0.658162
0.394322
-0.156023
0.596549
-0.256594
0.018368
0.002984
-0.002395
-0.234133
0.488876
-0.178722
-0.143456
-0.146466
-0.025842
-0.080001
-0.201469
-0.303464
-0.262367
-0.444612
-0.240451
-0.228137
-0.371240
-0.223145
-0.176020
-0.188350
0.536821
0.360225
0.210743
0.029790
0.511902
0.470736
0.540271
0.129815
1.011811
0.047617
-0.065286
0.088472
0.687359
0.318114
0.314505
0.378728
0.209954
0.588669
1.413564
0.383146
0.159714
0.610919
0.164850
0.726693
0.152559
0.073591
1.245794
1.704719
1.823509
1.162945
0.857639
1.946274
0.685486
0.852419
1.058463
1.383970
2.110997
0.765648
1.110643
1.271978
1.543139
1.149644
1.304548
2.371287
0.587084
1.078597
0.955017
0.123475
0.142284
0.416157
0.104662
0.235511
0.607528
1.742319
0.577007
0.287533
0.677000
0.255842
0.295638
0.780772
1.243916
0.296426
0.685499
0.042076
-0.166509
-0.042342
-0.108619
0.192976
0.063583
-0.021501
0.013404
0.553040
-0.126101
0.212646
-0.038820
0.373284
0.122909
-0.160124
-0.062205
-0.014073
-0.229251
0.112995
0.016593
0.447566
0.235904
0.170089
0.094208
0.436482
0.341215
0.337545
-0.289492
-0.224481
-0.176598
-0.242374
-0.202108
-0.179125
-0.449580
-0.402856
-0.456652
-0.343682
-0.361377
-0.117050
-0.288145
-0.393743
0.173750
-0.342624
-0.200610
-0.216172
-0.113294
-0.381583
-0.320075
-0.328000
-0.337482
-0.128044
-0.356453
-0.170641
-0.159370
-0.213575
-0.394926
-0.268857
-0.092152
-0.377293
-0.343195
-0.412388
-0.431880
-0.536341
-0.282684
-0.373197
-0.271509
-0.427205
-0.299413
-0.242328
-0.306093
-0.277728
-0.194952
-0.241502
-0.012465
-0.161494
-0.124919
-0.121157
-0.285812
0.144569
-0.156670
-0.083830
-0.263338
-0.221681
0.390513
0.122787
0.175372
-0.198718
0.407136
-0.334920
-0.187026
-0.031095
0.171526
0.159039
0.435091
0.272459
-0.050450
0.106801
0.216801
0.295424
-0.112355
0.212590
0.580505
0.313135
0.309708
0.566942
0.200710
0.252048
0.340894
-0.168819
-0.154270
-0.228656
-0.064525
-0.100872
-0.388545
-0.193784
-0.472527
-0.386853
0.002871
-0.109835
-0.219341
-0.047032
0.034983
0.403901
0.251146
0.179130
0.356234
0.706642
0.975999
1.149164
0.444546
1.349195
0.959880
0.508204
1.307076
2.265917
10.215537
4.267984
3.264775
2.576605
5.028800
3.732226
2.118381
1.051581
4.715229
2.326035
2.288490
1.249090
1.319374
1.006062
0.420246
0.280994
-0.256742
-0.077084
-0.073697
1.233519
0.077986
-0.016171
0.127280
0.537327
0.743100
0.362696
1.009408
2.582114
0.468791
1.034901
0.185219
0.650815
1.092415
0.620217
0.143210
0.198173
0.048501
0.088472
0.092608
0.043222
0.027433
0.264952
-0.026107
-0.243192
-0.252898
-0.106869
-0.152125
0.101798
-0.166641
-0.137014
-0.337524
-0.233508
-0.208690
-0.212973
-0.408964
-0.379448
-0.416611
-0.446691
-0.257206
-0.354663
-0.362095
-0.452928
-0.361449
-0.220478
-0.192359
-0.317772
-0.373896
-0.449412
-0.167404
-0.320454
-0.320386
-0.251100
-0.077521
0.524894
-0.228077
0.030830
0.182552
-0.307758
0.376429
0.158365
-0.129064
0.018419
-0.076627
0.075410
0.083336
0.067612
0.210380
0.663869
-0.280276
0.154198
-0.016056
0.642237
-0.315766
-0.350630
-0.386256
-0.417360
-0.401721
-0.271982
-0.409999
-0.350835
-0.477721
-0.500280
-0.391527
-0.410127
-0.377640
-0.419786
-0.404617
-0.329316
-0.435702
-0.442122
-0.412428
-0.294406
-0.198166
-0.242428
-0.212553
-0.073932
-0.001736
-0.240689
0.089083
0.094143
-0.293628
0.066778
-0.081949
-0.293703
-0.265119
-0.379486
-0.383610
-0.208417
-0.307002
-0.109073
-0.059477
-0.267117
-0.312556
-0.345363
-0.443081
-0.102230
0.090708
-0.401869
-0.054804
-0.304857
-0.324232
-0.299703
0.220342
0.004133
0.116471
0.561608
0.008237
0.106545
0.122964
0.151349
-0.194602
-0.332434
0.048581
-0.216909
0.336229
0.640386
0.699074
2.921588
1.415626
2.448649
2.324559
1.092016
0.908885
0.465226
0.551804
0.030145
0.566715
0.886982
1.178679
0.872303
1.118066
1.794060
0.380716
1.745179
2.077616
0.498720
0.460936
0.520699
0.173207
0.760139
0.428326
0.450092
-0.129662
0.223628
0.305697
0.001441
0.070674
0.527700
0.073867
0.230329
-0.048408
0.022200
-0.260532
-0.222839
-0.167546
-0.069050
-0.147370
-0.350277
-0.139493
0.187362
-0.038604
-0.152886
-0.122724
-0.346854
-0.344042
-0.311193
-0.229150
-0.395248
0.052092
-0.331878
-0.316829
-0.083380
0.365024
-0.173498
-0.285279
-0.085596
0.065456
0.149164
-0.122578
-0.255089
-0.111586
-0.097411
-0.258204
0.173332
0.626963
0.451566
1.680304
1.209315
0.679676
1.097452
0.520544
0.571997
1.539229
0.930054
0.587043
0.478389
1.583221
1.566512
1.664400
0.398668
3.001566
2.110202
1.457060
0.158674
-0.095803
-0.277710
-0.416771
-0.302318
0.144321
0.101859
0.072677
1.498327
0.608439
1.719595
1.173906
1.129296
1.997373
0.838426
1.533070
1.228016
5.726086
6.330617
2.226103
2.379758
3.357811
0.801320
0.758030
1.828408
3.622638
3.428378
0.837562
0.977367
0.459271
-0.105743
-0.221129
-0.281447
-0.143181
-0.093177
0.062792
-0.287035
0.017039
-0.267294
-0.081342
-0.335323
-0.099739
-0.303042
-0.239342
0.062202
-0.110432
-0.360155
0.289914
0.080549
-0.018091
-0.134697
-0.138574
0.249266
-0.247019
-0.158098
-0.315740
-0.358850
-0.101262
-0.275436
-0.340000
-0.234731
-0.389627
-0.236616
-0.340132
-0.241871
-0.362847
-0.102221
-0.272659
-0.305011
-0.285701
-0.318850
-0.385275
-0.330579
-0.051072
0.150856
0.077148
0.289177
0.282808
0.657514
0.653270
0.957761
0.596517
0.500235
1.333633
1.498647
1.335761
0.269824
2.292417
1.058417
0.080363
1.088021
0.128033
2.478826
0.812328
0.506268
0.769469
1.842205
1.027220
-0.093668
0.140546
-0.201217
-0.285384
-0.381621
-0.281785
-0.299370
-0.489757
-0.526092
-0.149065
-0.466154
-0.354278
-0.224577
-0.121295
-0.368577
-0.310399
-0.401002
-0.341993
-0.275459
-0.237080
0.194776
-0.244134
-0.275910
-0.083004
-0.263824
-0.168682
-0.044405
-0.065327
-0.226535
-0.235326
-0.148572
-0.066736
-0.169230
-0.147312
0.130446
-0.095593
-0.183644
0.184502
0.459081
0.156901
-0.002946
0.043549
0.064077
-0.148385
-0.013050
-0.121231
0.043555
-0.178683
0.041668
-0.246010
-0.258371
-0.174288
-0.151164
-0.046722
-0.221984
0.147173
-0.337519
-0.376307
-0.399995
-0.381301
-0.364888
-0.410167
-0.465184
-0.347422
0.126604
0.036874
0.253315
0.714218
0.475953
0.321514
0.572195
0.799322
0.639660
-0.265808
-0.400508
-0.370690
-0.396071
-0.430663
-0.452679
-0.169102
-0.269986
-0.474901
-0.378229
-0.341492
-0.486346
-0.453525
-0.515666
-0.419587
-0.447981
-0.419106
-0.495750
-0.313660
-0.014314
-0.329328
-0.388301
-0.368707
-0.376873
-0.309350
-0.246416
-0.185063
-0.493037
-0.297814
-0.276531
-0.369749
-0.383588
-0.246729
-0.400050
-0.425439
-0.334399
-0.362465
-0.433547
-0.368094
-0.215199
-0.031411
-0.229788
-0.087078
0.265351
-0.035268
0.409719
0.125659
0.306969
1.025456
-0.176953
-0.140499
-0.082765
0.061588
0.146116
0.011223
-0.017367
0.277824
0.107131
0.097064
0.010434
0.529847
-0.388645
-0.306993
-0.202869
-0.044389
-0.077453
-0.100774
0.138239
0.993651
-0.051709
-0.037063
0.043461
0.252011
0.283707
-0.074814
1.151892
0.093028
-0.263462
0.308534
0.124927
0.167638
-0.059538
-0.145362
-0.117618
0.305967
-0.063265
-0.095892
0.109175
-0.335127
-0.069442
-0.336426
-0.258242
-0.120200
-0.164528
0.017906
0.069701
0.133753
-0.163509
0.220720
-0.190302
0.465712
0.168444
-0.350508
-0.100765
-0.200679
-0.270520
-0.144520
-0.246675
-0.049897
-0.221896
-0.242975
-0.043616
0.344589
-0.033143
0.013935
-0.185596
0.204080
0.035246
0.383614
-0.271559
0.183516
0.061830
0.070195
-0.189930
-0.083611
-0.363941
-0.301337
-0.300016
-0.400819
-0.388166
-0.310174
-0.349554
-0.344026
-0.342560
-0.367315
-0.440279
-0.451416
-0.388476
-0.386153
-0.379198
-0.247978
-0.150996
-0.354958
-0.380606
-0.290619
-0.397995
-0.080062
-0.338133
-0.259547
-0.122963
0.201906
-0.226329
-0.064859
-0.142906
-0.204903
0.274788
-0.232302
-0.052579
-0.118133
-0.133390
-0.183327
-0.159916
-0.149329
-0.021406
-0.256090
-0.244013
-0.349028
0.000738
-0.142514
-0.202430
-0.215353
-0.276499
0.072239
-0.286427
-0.200617
-0.421038
-0.115439
-0.396248
-0.380555
-0.313906
-0.355331
-0.376561
-0.427975
-0.419388
-0.403587
-0.333875
-0.387644
-0.202389
-0.367729
-0.414913
-0.272340
-0.362734
-0.383193
-0.404763
-0.358076
-0.063859
-0.217570
-0.303198
-0.355567
0.120397
-0.344166
0.225247
-0.166862
-0.244094
-0.186342
-0.028767
-0.202852
-0.041356
-0.313734
-0.184849
0.275276
-0.307424
-0.115548
-0.292363
-0.437745
-0.420697
-0.177076
-0.445380
-0.324937
-0.426874
-0.323882
-0.371421
-0.516157
-0.394220
-0.543653
-0.539130
-0.368950
-0.480057
-0.447291
-0.276964
-0.362961
-0.437389
-0.107682
-0.240801
-0.357591
-0.293810
-0.368042
-0.326852
-0.336317
-0.320374
-0.101166
-0.359090
-0.289810
-0.325426
-0.385130
-0.121503
-0.169440
-0.156199
-0.169765
-0.294635
-0.197084
-0.303396
-0.273526
-0.325705
-0.412441
-0.378779
-0.449684
-0.403944
-0.438385
-0.303624
-0.446005
-0.390701
-0.233486
-0.082420
-0.131813
-0.129587
-0.217024
0.011901
-0.052596
0.879653
0.362236
1.202464
1.038754
3.117563
0.853763
0.509982
-0.135652
0.514699
0.202107
0.545652
-0.123160
0.112998
0.161548
0.406951
0.075750
-0.154573
-0.259415
-0.029407
0.029914
-0.106869
-0.216423
-0.011584
0.098790
0.123188
-0.056500
-0.053197
-0.065564
-0.109490
0.082834
0.375746
-0.131156
0.212357
-0.165794
-0.076301
0.087226
0.039441
-0.003173
-0.050711
-0.119775
-0.004033
0.062867
-0.006680
-0.213488
0.103738
0.685545
-0.028688
0.028813
-0.052840
-0.057984
0.853227
0.401379
0.129117
0.125246
0.085632
0.081324
0.003686
0.619057
0.148034
0.952499
-0.102861
0.110081
-0.059459
-0.009496
-0.207010
-0.291053
-0.157917
-0.221328
-0.284717
-0.309926
-0.352187
-0.067491
-0.257119
-0.363219
-0.434200
-0.433949
-0.154788
-0.345086
-0.159213
-0.454021
-0.257108
-0.409953
-0.251916
-0.341680
-0.251736
-0.240107
-0.421028
-0.434584
-0.222897
-0.120880
-0.275260
-0.347782
-0.195183
-0.101008
-0.295752
0.049953
-0.325027
-0.300061
-0.180844
-0.115445
-0.154458
0.318278
0.153528
0.112395
0.851743
0.332214
0.108915
1.725200
-0.167184
2.257731
1.083610
1.135604
0.552349
0.992303
0.261454
1.500162
0.552878
1.782608
0.149120
1.148638
0.647848
1.624338
0.713148
2.231444
1.383413
0.167646
1.443272
0.470769
0.920983
0.222800
0.677881
0.728919
2.186233
8.458428
1.038615
1.794164
0.503992
1.587727
0.240636
0.114385
-0.082314
-0.039115
0.095738
-0.258695
0.060264
0.088548
0.347163
0.325047
-0.179042
0.049226
0.384427
0.695917
0.011522
0.174157
0.258999
0.560788
0.354255
0.227405
0.242148
0.031508
0.171976
-0.110500
-0.118852
0.007910
0.562331
0.062462
-0.297342
-0.407036
-0.326860
-0.422499
-0.249367
-0.358424
-0.000126
-0.150179
-0.421618
-0.254634
-0.408536
-0.257959
-0.287042
-0.374015
-0.432248
-0.207036
-0.017594
-0.253194
-0.351530
-0.328604
-0.371459
-0.136671
-0.324710
-0.444026
-0.433016
0.136050
-0.420564
-0.292191
-0.461414
0.304650
0.214229
-0.134626
0.422635
-0.268328
-0.202457
0.072563
0.115626
0.313314
-0.355910
-0.366444
-0.419155
-0.309232
-0.194038
-0.226483
-0.376277
-0.393270
-0.023563
-0.325294
-0.303960
-0.305129
-0.310100
-0.293254
-0.437987
-0.364398
-0.402691
-0.352191
-0.374650
-0.189155
-0.054966
-0.432119
-0.470531
-0.404922
-0.448288
-0.420553
-0.378835
-0.406423
-0.165519
-0.402676
-0.385777
-0.248644
-0.213135
-0.137416
-0.302019
-0.289473
-0.450823
-0.293057
-0.484580
-0.468660
-0.501394
-0.437442
-0.393147
-0.430013
-0.455468
-0.372811
-0.325266
-0.433560
-0.303034
-0.486075
-0.441485
-0.389794
-0.435278
-0.180823
-0.393615
-0.334295
0.019837
-0.374375
-0.325968
-0.243569
-0.412072
-0.159786
-0.285525
-0.142923
-0.209810
-0.294640
-0.455527
-0.272266
-0.449030
-0.164255
-0.259941
-0.170387
-0.198645
-0.305965
-0.275383
-0.336597
-0.256399
-0.253514
-0.337673
0.013259
-0.282757
-0.279929
-0.254907
-0.423302
-0.277408
-0.370046
-0.236435
-0.235986
-0.192783
-0.480067
-0.286505
-0.388944
-0.306373
-0.303461
-0.243804
-0.213250
-0.135552
-0.164753
0.090220
0.071923
0.167253
0.159257
0.287517
0.003226
-0.009691
0.609304
-0.184469
-0.116901
-0.099256
0.038473
0.179247
0.508014
0.534829
-0.077390
0.326742
-0.069089
-0.371627
-0.472057
-0.430128
-0.393377
-0.484896
-0.449352
-0.402656
-0.089608
-0.130436
0.042086
0.182396
0.073914
0.080774
0.065124
0.539743
0.371027
-0.029881
-0.146802
-0.120265
0.050767
-0.148185
-0.086174
-0.087819
0.012093
0.080885
0.426493
0.492317
0.085462
-0.161281
0.038412
0.088528
0.773691
-0.191501
-0.164641
0.247932
0.406507
-0.216500
-0.093626
-0.394432
-0.128059
-0.308053
-0.358762
-0.046821
0.515549
0.195998
0.150379
0.013713
0.065525
0.010372
-0.081268
0.341809
-0.056105
0.013125
-0.118226
-0.089793
-0.106502
0.236730
0.310469
-0.060766
-0.048350
0.153038
0.212708
0.722797
1.108610
0.174539
1.055099
0.303485
-0.057243
0.005706
-0.078412
0.951416
-0.059549
-0.137449
-0.129060
-0.240841
-0.035664
-0.128003
0.090925
0.250098
0.004591
-0.183066
-0.277532
-0.264381
-0.254917
-0.246201
0.025386
-0.099144
-0.332123
0.074986
-0.047197
-0.012107
2.066986
0.059121
-0.201906
-0.253445
0.093765
0.164301
0.932595
0.220994
0.127183
-0.171305
0.478746
0.358013
-0.161633
0.053993
0.364205
0.831618
-0.360542
-0.390969
-0.472735
-0.453921
-0.422848
-0.466784
-0.358482
-0.357956
-0.485190
-0.388230
-0.417852
-0.389299
-0.385164
-0.481794
-0.379465
-0.422472
-0.475442
-0.517283
-0.448386
-0.451086
-0.408352
-0.420032
-0.245449
-0.476821
-0.463671
-0.423844
-0.331859
-0.381122
-0.476828
-0.317845
-0.478830
-0.314713
-0.412368
-0.206468
-0.512725
-0.396878
-0.334561
-0.302184
-0.399052
-0.262661
-0.337759
-0.361341
-0.247313
-0.315645
-0.370453
-0.134646
-0.379940
-0.327037
-0.249916
