-1.095887
-1.095887
-1.095887
-1.095887
-1.095887
-1.095887
-1.095887
-1.095887
-1.095887
-1.095887
-1.095887
-1.095887
-1.095887
-1.095887
-1.095887
-0.098175
-0.141254
-0.054317
0.412970
-0.064002
-0.043928
0.148946
0.068964
-0.038586
-0.179763
0.038712
-0.198321
-0.096490
-0.214442
0.035897
0.075081
0.010654
-0.346181
-0.411500
-0.496851
-0.486363
-0.110336
-0.379699
-0.211260
-0.310484
1.256554
0.248432
0.812407
0.269716
0.341962
0.466787
-0.267481
0.250298
0.344776
-0.253780
-0.389856
-0.338985
-0.591796
-0.517673
-0.287099
-0.341540
-0.179419
-0.359218
-0.224054
-0.462645
-0.551211
-0.232398
-0.473531
-0.501971
-0.367095
-0.444882
-0.174026
-0.418841
-0.627990
-0.481983
-0.325122
-0.507118
-0.441463
-0.580758
-0.383503
-0.520014
-0.588467
-0.473116
-0.483913
-0.463382
-0.566763
-0.039492
-0.421984
-0.525710
-0.319092
-0.466929
-0.458786
-0.395681
0.014763
-0.396696
-0.336757
-0.176065
-0.042101
0.108886
-0.020271
-0.203386
-0.480932
-0.686166
-0.597999
-0.531334
-0.042923
-0.487100
-0.471675
-0.572795
-0.629920
-0.595632
-0.536168
-0.613707
-0.539342
-0.449534
-0.590903
-0.506349
-0.198211
-0.396943
-0.196804
-0.512269
-0.491224
-0.409720
-0.254829
0.154231
0.590639
1.905048
2.458766
1.348099
1.722060
3.429823
1.584754
1.963021
1.813586
2.305623
1.963092
3.070531
4.275390
1.273405
2.970566
4.134300
3.868219
2.403779
2.861381
2.958327
1.678574
2.677358
1.570112
0.272485
-0.215047
-0.247655
-0.348543
-0.377153
-0.373835
-0.324167
0.062895
-0.020193
-0.136553
0.369720
2.459664
0.363011
0.383835
0.114614
0.115523
0.550532
0.376888
0.214369
0.540205
0.126224
0.210589
0.557228
-0.173885
0.007323
0.658531
-0.122639
0.035520
-0.146015
-0.209525
-0.317015
-0.230694
-0.194080
-0.396886
-0.248137
-0.161052
-0.067350
-0.293713
-0.366300
-0.264705
-0.200903
-0.175874
0.115614
0.461937
0.177495
0.242030
0.063814
-0.163228
-0.111685
1.891026
-0.258073
-0.562500
-0.549037
-0.490832
-0.518344
-0.601435
-0.464336
-0.530088
-0.502246
-0.570058
-0.558448
-0.482722
-0.364057
-0.556923
0.059897
-0.479703
-0.362847
0.214494
-0.158355
-0.465189
-0.344390
-0.256392
-0.316178
-0.543728
-0.385549
-0.373759
-0.122309
-0.507596
0.017884
-0.172984
-0.404646
0.195443
-0.218124
-0.082099
-0.384201
-0.383895
-0.142227
-0.300730
-0.410865
-0.328766
-0.254757
0.542874
0.121049
-0.071582
0.067104
-0.029485
0.254159
0.145315
1.133839
0.812181
0.124491
0.222512
1.239801
0.494841
0.159324
0.838881
-0.000412
0.363084
0.037715
0.677861
0.698103
0.922463
0.420774
0.436997
0.141957
0.561484
0.274096
0.174789
-0.155705
-0.150435
0.008687
0.063468
0.234409
-0.305410
-0.401352
-0.419304
-0.493759
-0.437006
-0.317671
-0.321797
-0.539572
-0.301469
-0.531511
-0.576098
-0.420231
-0.379812
-0.510560
-0.452831
-0.340804
-0.374630
-0.138716
-0.313698
-0.352560
-0.436079
-0.378262
-0.208062
-0.202833
-0.290523
-0.142759
-0.197196
-0.310557
-0.059640
-0.116632
1.902707
-0.009510
0.002912
-0.070980
-0.220873
-0.114833
0.080914
0.072144
-0.306858
0.211285
-0.056892
-0.196441
0.574166
0.210246
-0.037269
-0.394829
-0.157950
-0.138514
-0.067893
-0.432590
-0.188405
-0.521900
-0.420020
-0.307907
-0.514616
-0.566644
-0.581039
-0.482532
-0.594185
-0.652734
-0.380445
-0.005066
-0.381462
-0.414199
-0.419495
-0.227512
-0.473199
-0.492350
-0.325940
0.072109
0.208798
-0.253911
0.089225
-0.259132
-0.575517
-0.399038
-0.550570
-0.414403
-0.471629
-0.593634
-0.659398
-0.648005
-0.603132
-0.627222
-0.518313
-0.634855
-0.560532
-0.162604
-0.257386
-0.454486
-0.636934
-0.420957
-0.286829
-0.471102
-0.384918
-0.513489
-0.429414
-0.441636
-0.388143
-0.355851
-0.361431
-0.226136
-0.207184
0.210771
0.059986
-0.186979
0.151691
-0.074434
-0.117434
-0.084159
0.166110
0.118798
0.065767
0.117138
0.341268
0.290207
-0.400294
-0.374900
-0.439854
1.276557
-0.359492
-0.281693
-0.492579
-0.634896
-0.533670
-0.320033
-0.368905
-0.284700
-0.407825
-0.297323
0.071015
0.160223
0.328887
-0.054468
0.142588
-0.054940
0.070959
0.074081
-0.132585
-0.255664
-0.314546
-0.471455
-0.106198
-0.241137
-0.364367
-0.178871
-0.356523
-0.403052
-0.308926
-0.143987
-0.293287
-0.028745
-0.142311
0.173893
0.063368
0.468928
0.280201
0.312461
0.813303
0.276404
0.260405
-0.129883
0.030797
-0.119219
-0.116831
-0.096125
0.291311
-0.178756
-0.340082
0.357024
0.013700
-0.067778
-0.330547
-0.335433
-0.071756
-0.333665
-0.400917
-0.409020
-0.413617
-0.179112
-0.357990
-0.405315
-0.110044
-0.042310
-0.049129
-0.224167
-0.335638
-0.192973
-0.244169
0.149984
-0.416218
0.107529
0.194574
0.028565
0.081494
0.469670
1.014299
-0.044230
-0.066289
0.008043
0.005856
0.002739
-0.116873
-0.142410
-0.124631
-0.265342
-0.144987
-0.279779
-0.222674
0.510474
1.902951
0.950780
0.038235
0.051836
-0.011463
-0.373582
-0.444885
-0.621269
-0.356485
-0.546751
-0.556800
-0.311032
-0.359899
-0.558210
-0.457397
-0.583342
-0.573470
-0.573944
-0.533458
-0.604230
-0.547458
-0.571275
-0.197394
-0.047514
-0.428195
-0.294503
-0.516653
-0.349675
-0.108858
-0.073862
-0.323022
-0.521957
0.270803
-0.474264
-0.492556
-0.536038
-0.488176
-0.411367
-0.380120
-0.511971
-0.379505
-0.132277
-0.682195
-0.120454
-0.187237
-0.392292
-0.340531
-0.405422
-0.315836
-0.370016
-0.245279
-0.298790
-0.329270
1.007073
2.125795
4.960754
5.540964
2.429842
2.603780
2.602979
2.134025
2.124205
3.145511
1.946719
1.780425
1.156275
2.814550
6.490710
3.998176
2.508670
4.543017
1.025410
-0.354324
-0.438184
-0.164986
0.207844
0.382039
0.058564
1.454636
1.352515
0.736602
0.754753
1.322839
0.264327
1.184899
1.084182
1.414279
1.233628
0.856593
0.050643
0.021589
-0.300661
-0.302230
-0.326880
0.109156
-0.323384
-0.001897
0.361141
-0.240436
-0.340567
0.376545
0.176514
-0.376842
-0.126282
-0.104132
-0.291117
-0.300229
0.042191
-0.048791
-0.059762
-0.446802
-0.369338
-0.493758
-0.576892
-0.455207
-0.621255
-0.447527
-0.475632
-0.261884
-0.373781
-0.450785
0.144436
-0.501645
-0.406938
-0.293563
-0.442793
0.077990
-0.073786
0.015862
-0.295104
0.135662
-0.003172
0.257779
0.274342
0.542246
0.733580
-0.417728
0.378989
-0.339648
-0.487471
-0.356807
-0.404002
-0.436479
-0.179735
-0.294084
-0.347957
-0.506311
-0.465179
-0.489955
-0.519438
-0.622770
-0.592642
-0.616845
-0.601665
-0.444999
-0.292336
-0.304631
-0.340397
-0.066108
-0.266411
-0.448437
-0.320336
-0.437945
-0.551195
-0.532776
-0.343555
-0.237187
-0.139259
-0.309005
0.095105
0.058492
-0.407325
-0.404908
-0.275387
-0.332665
-0.215475
-0.230987
-0.229536
-0.478371
-0.398681
0.426126
0.337919
0.648961
0.120093
-0.066897
-0.179897
0.072413
0.286598
-0.189810
0.182403
-0.103677
-0.169409
-0.282662
0.046062
-0.084249
-0.213544
-0.276926
0.224641
0.434461
0.063077
0.308036
1.135842
0.147325
1.284747
0.078241
-0.129346
0.697716
0.779611
0.659368
-0.065603
0.130335
0.063909
0.283378
-0.298409
-0.119832
-0.503763
-0.030005
-0.041882
-0.294331
-0.170963
-0.272155
-0.249231
-0.333448
-0.359379
-0.411236
0.000410
-0.234007
-0.048324
-0.451184
-0.242480
-0.362884
-0.488315
-0.632984
-0.571947
-0.492191
-0.544337
-0.643337
-0.631489
-0.509561
-0.671693
-0.547287
-0.426705
-0.350878
-0.404390
-0.362496
-0.385760
0.399643
0.206835
0.348806
0.958369
-0.109934
0.730811
3.658564
1.393801
1.243339
0.577982
2.461155
0.137218
0.940099
0.195360
1.626822
0.428391
0.686321
0.559088
-0.264774
0.782734
-0.292707
-0.272434
-0.093617
-0.075271
0.162906
-0.175304
0.210765
-0.148973
-0.119678
-0.127588
0.026882
2.998189
0.002256
-0.180536
-0.211590
-0.211984
-0.283824
-0.398031
-0.285809
-0.191201
-0.319289
-0.226575
0.068313
0.386229
0.507087
-0.191979
0.177490
-0.448995
-0.467169
-0.437839
-0.578291
-0.439935
-0.569899
-0.548393
-0.668320
-0.669325
-0.705283
-0.757884
-0.609480
-0.710110
-0.720184
-0.505306
-0.333262
-0.524310
-0.696493
-0.480707
-0.596003
-0.477607
-0.522896
-0.565271
-0.299221
-0.568483
-0.471221
-0.486309
-0.437077
-0.602475
-0.586437
-0.495384
-0.593075
-0.473765
-0.369341
-0.490202
-0.559094
-0.616834
-0.606402
-0.540743
-0.140511
-0.265543
-0.215458
-0.311408
-0.493384
-0.592330
-0.295549
-0.436969
-0.452336
-0.464104
-0.347138
-0.405419
-0.597896
-0.594916
-0.501476
-0.231436
-0.416244
-0.590289
-0.255778
-0.544835
-0.515200
-0.548813
-0.407091
-0.407624
-0.476114
-0.386128
-0.498844
0.027080
-0.182853
0.982689
0.001944
0.153970
1.476711
0.809374
0.663965
1.321559
0.877173
2.549667
2.782229
4.026143
2.973519
5.309238
2.187879
3.577522
2.270474
4.774612
6.825674
7.150698
10.318875
5.330618
4.072056
5.652084
5.047575
3.549977
0.208176
0.369669
0.509414
0.096461
-0.302158
-0.296189
-0.349224
-0.336203
-0.214895
-0.291920
-0.453698
-0.483414
-0.630835
-0.543279
-0.490762
-0.358409
-0.523363
-0.431801
-0.054143
-0.328478
-0.404020
-0.267082
0.027358
-0.068625
0.122829
0.074073
-0.378206
-0.406949
-0.401653
-0.361347
-0.210845
-0.239817
-0.291070
-0.104199
-0.128188
-0.155804
-0.053605
-0.053875
0.342780
0.203014
0.271235
0.035873
-0.228296
-0.213043
0.113327
0.100335
-0.067274
0.073664
-0.097087
-0.090540
-0.011465
0.269353
-0.225128
-0.424497
0.026135
-0.515515
-0.627156
-0.699620
-0.619508
-0.392978
-0.592661
-0.562998
-0.672221
-0.632210
-0.657909
-0.561341
-0.504460
-0.421351
-0.458930
-0.468538
-0.447143
-0.482040
-0.467328
-0.627916
-0.633826
-0.426888
-0.336490
-0.396360
-0.549233
-0.403086
-0.248730
-0.304120
-0.532450
-0.395373
-0.245059
-0.439213
-0.291187
-0.229061
-0.379364
-0.558456
-0.061225
-0.361991
-0.290359
-0.337073
-0.434500
-0.119115
-0.107801
-0.132397
-0.158267
-0.280105
0.041810
0.567887
0.006226
1.449248
2.470090
1.297907
1.449698
5.581005
2.665876
1.184309
3.840477
2.942111
5.539173
2.801143
4.399437
3.811240
4.918126
3.488688
4.037140
0.553644
0.117196
-0.369890
-0.194860
-0.346923
-0.361318
0.075130
-0.033442
0.045739
-0.289825
-0.077544
-0.124258
-0.069897
0.270808
0.086035
0.203096
-0.152277
-0.139344
-0.259080
0.277546
-0.038151
-0.128283
-0.187256
-0.219897
-0.350185
0.113846
-0.406022
-0.015439
-0.179187
-0.098252
-0.030833
0.086690
-0.048823
-0.089116
0.606847
0.025346
0.385412
0.219702
0.403305
0.189679
0.050019
0.081144
0.145513
-0.169439
-0.088624
-0.030970
-0.159371
0.108657
-0.249742
-0.017688
-0.152916
-0.117672
-0.025592
0.198550
-0.076343
0.302524
-0.153103
0.164746
0.079444
0.117943
0.393642
0.198174
-0.102195
0.032385
0.246052
0.030129
0.112504
0.229667
0.591047
0.333523
0.190686
1.071718
0.088659
0.914781
-0.284882
-0.448722
-0.479675
-0.397487
-0.243336
-0.137188
-0.404221
0.131328
0.333922
-0.382858
0.022743
-0.406680
0.327000
0.010964
0.197657
0.361345
-0.408509
-0.286974
-0.378628
-0.485606
0.124806
0.108062
0.296839
-0.108469
-0.020908
0.001524
0.287558
-0.099354
-0.102676
0.056862
0.591028
0.473102
0.708459
0.794109
0.251387
1.653784
0.110572
0.257277
0.181279
-0.137186
-0.323723
-0.069368
0.397735
0.206423
0.045522
0.005805
-0.421823
-0.456409
-0.373958
-0.345326
0.023999
-0.381125
-0.347549
-0.039702
-0.325738
-0.153087
-0.344385
-0.281699
-0.001757
-0.448052
0.124836
-0.195892
2.097067
0.011318
-0.121325
0.309464
-0.170379
-0.151581
0.075792
-0.169227
0.040935
-0.070818
-0.380928
-0.383146
-0.293611
-0.230735
0.105816
-0.331918
-0.218164
0.376514
-0.097794
0.364254
0.323445
0.391722
0.454465
0.196988
-0.125732
-0.031404
0.111260
0.048705
-0.168044
-0.216278
-0.046339
-0.050446
-0.244707
-0.298172
-0.248897
-0.194020
-0.335378
-0.217780
-0.134921
-0.482036
-0.054954
-0.171656
-0.293288
-0.270667
-0.239465
-0.245019
-0.230040
-0.309986
-0.317541
-0.298475
-0.310828
-0.439038
-0.316319
-0.105142
-0.224766
0.162344
-0.492628
-0.552082
-0.544151
-0.280348
-0.386212
-0.134327
-0.570491
-0.522579
-0.312439
-0.470721
-0.122094
-0.442687
-0.363646
0.218515
-0.436813
-0.167084
-0.034712
0.146653
-0.214207
-0.308275
-0.233241
-0.254183
-0.381510
-0.357718
-0.232374
-0.533143
-0.283719
-0.189801
0.003044
-0.368655
-0.526206
-0.228163
-0.516666
-0.390524
-0.381132
-0.103557
-0.396757
0.024144
0.258127
0.357561
0.226051
-0.333684
0.196172
-0.314072
0.113012
-0.251429
-0.163461
-0.111700
-0.473455
0.484614
-0.447823
-0.174084
0.068730
-0.316007
-0.221701
-0.307274
-0.192519
-0.209755
-0.406399
0.122026
-0.168113
-0.294245
-0.574451
-0.413036
-0.419416
-0.303113
-0.479195
-0.553706
-0.317771
-0.303468
-0.341613
-0.353752
0.214971
-0.216344
-0.337153
-0.515803
-0.531792
-0.477516
-0.524132
-0.568366
-0.526352
-0.467545
-0.599021
-0.622598
-0.419502
-0.279262
-0.076006
-0.309325
0.016363
-0.273779
0.146193
-0.280147
0.020552
0.409487
-0.157359
0.096882
0.881465
-0.368434
0.088588
0.091571
0.615285
-0.310015
-0.502872
-0.409048
-0.100022
-0.108071
-0.196532
0.224269
0.180383
0.354575
0.429403
0.256297
0.123863
-0.294778
0.219309
-0.291949
0.045182
0.111766
-0.094395
0.121148
-0.264882
0.844871
-0.375285
-0.407428
-0.339829
0.076195
-0.210244
-0.288857
-0.126305
-0.218090
0.114808
0.010347
-0.133207
-0.262647
0.051516
-0.015045
0.140043
0.100570
0.014729
-0.403222
-0.356436
-0.010870
0.103735
-0.043618
0.465729
-0.567480
-0.398120
-0.369112
-0.349803
-0.435315
-0.478197
-0.461695
-0.368790
-0.309655
-0.313193
-0.413881
-0.596663
-0.282467
-0.534304
-0.411643
-0.550510
-0.569508
-0.383150
-0.536133
-0.390917
-0.368390
-0.382209
-0.045776
-0.068604
-0.323015
-0.378157
-0.362014
-0.264711
-0.377283
-0.314455
-0.590378
-0.509805
-0.504331
-0.609669
-0.671657
-0.631041
-0.664397
-0.702871
-0.599572
-0.671037
-0.626214
-0.537882
-0.426456
-0.478572
0.338757
-0.515953
-0.529297
-0.206859
-0.239344
-0.434359
-0.290597
-0.478322
-0.381380
-0.162597
0.415744
0.005069
0.183240
0.678099
0.491178
0.227182
-0.148135
0.313684
0.456398
-0.246069
0.109212
-0.135186
-0.082752
0.009071
0.163284
-0.163257
-0.237517
-0.273997
-0.271795
2.024377
-0.236151
-0.414841
-0.281719
-0.086720
0.202660
0.033556
0.698261
0.620032
0.239884
-0.334530
-0.113291
-0.394194
-0.251675
-0.127258
-0.178928
-0.026519
-0.353198
-0.250162
-0.253350
-0.394510
-0.349037
-0.315256
-0.242550
-0.339228
-0.309482
-0.054490
0.170041
0.115126
-0.158714
0.245667
-0.111382
-0.099640
-0.136656
-0.073820
-0.296164
-0.297428
0.030963
-0.401992
-0.347802
-0.467583
-0.530748
-0.069149
-0.463827
-0.384550
-0.231889
-0.264727
-0.376683
-0.390292
-0.422943
0.074503
0.084132
-0.209044
0.054722
0.024084
-0.130459
0.062047
-0.077786
0.120084
0.491203
-0.338404
0.169587
-0.130555
-0.265328
0.107294
-0.183809
0.051780
-0.200812
-0.378558
-0.301265
-0.116403
-0.286881
-0.460719
-0.522624
-0.569371
-0.656447
-0.488990
-0.559362
-0.444193
-0.682357
-0.429501
-0.660622
-0.579300
-0.575381
-0.607125
-0.678443
-0.403011
-0.534174
-0.636154
-0.580037
-0.467593
-0.288568
-0.256271
-0.407475
-0.472114
-0.304771
-0.483530
1.202978
-0.133991
0.054831
0.024015
1.012440
0.508408
0.563606
0.611920
0.665534
1.197820
1.163722
0.945554
4.735155
0.706254
1.584738
1.586112
0.790040
1.432570
0.652358
0.942267
2.588645
0.389582
0.570987
-0.225191
-0.172526
-0.051130
-0.045337
0.124367
-0.012982
-0.156379
-0.207455
-0.268076
0.008587
-0.170011
-0.092690
-0.357619
-0.266806
-0.332673
-0.145812
0.024764
-0.158836
-0.201685
-0.421879
0.190778
0.047521
-0.352866
-0.221980
-0.473212
-0.357381
-0.565576
-0.508151
-0.540195
-0.603388
-0.396312
-0.274798
-0.598679
-0.498034
-0.569452
-0.476568
-0.472715
-0.439105
-0.545783
-0.575362
-0.634400
-0.537397
-0.613696
-0.513094
-0.181540
-0.440713
-0.416056
-0.650742
-0.414278
-0.030577
-0.305859
-0.422557
-0.439073
-0.185983
-0.537416
-0.462820
-0.391242
-0.513213
-0.390367
0.282888
-0.088938
0.687115
-0.088406
0.136818
-0.086844
0.073039
-0.094285
-0.285637
-0.332419
-0.021328
0.382061
0.426885
0.052642
0.029581
-0.162646
-0.324134
-0.410197
-0.190536
-0.529766
-0.020802
0.179367
-0.444245
-0.003523
-0.380535
-0.386096
-0.304305
-0.080957
-0.157366
-0.213187
-0.185914
-0.409197
-0.386964
-0.131156
-0.077462
-0.102148
-0.048718
-0.339974
0.524396
-0.276064
-0.147939
-0.456618
-0.199873
-0.061370
0.949926
-0.146466
-0.142829
-0.433000
-0.374001
-0.434436
-0.218041
-0.353712
-0.225323
0.077869
0.679421
-0.212347
0.241868
-0.254922
0.056436
0.107279
-0.113957
0.007897
-0.434145
-0.244895
-0.428143
-0.562037
-0.562797
-0.379636
-0.648496
-0.625351
-0.544392
-0.535708
-0.379687
-0.308889
-0.501745
-0.488582
-0.618572
-0.333945
-0.436090
-0.349544
-0.455389
-0.545514
-0.194316
-0.097234
-0.167254
0.284356
0.168547
-0.407977
-0.557147
-0.632197
-0.635833
-0.450356
-0.392092
-0.427850
-0.294857
-0.072039
-0.056476
0.110037
-0.025175
0.191388
-0.016572
-0.388465
-0.283575
-0.018996
-0.436086
-0.158277
-0.161503
0.047826
0.797186
-0.302380
-0.339901
-0.139950
-0.378278
-0.328491
-0.354261
-0.304656
-0.440977
0.019554
-0.203626
0.433461
0.172055
0.473227
0.151984
0.071193
0.045486
0.256268
-0.009485
-0.017059
-0.044660
0.112747
-0.203624
-0.228013
-0.309732
-0.413963
-0.340769
-0.115805
-0.132783
-0.189883
-0.012680
-0.345553
-0.198177
0.535572
-0.192303
-0.366158
-0.339779
-0.442275
-0.247551
-0.052136
-0.220274
-0.151213
-0.256535
-0.221137
0.068069
-0.323723
-0.422833
-0.286761
-0.059249
-0.242247
0.152823
0.001979
-0.067858
0.045276
-0.034248
0.085180
0.090310
0.100313
0.136471
0.726355
0.282515
0.762181
-0.207329
-0.225658
0.001100
-0.026546
0.229683
-0.143547
0.050360
0.131348
0.004049
0.225637
0.036271
0.015671
-0.396729
-0.252332
0.399547
-0.468767
-0.213991
-0.546022
-0.643906
-0.530919
-0.698724
-0.421182
-0.495016
-0.660512
-0.649096
-0.631605
-0.628050
-0.515413
-0.525695
-0.562268
-0.308558
-0.296645
-0.475109
-0.359646
-0.516187
-0.495025
-0.507891
-0.246757
-0.502456
-0.431617
-0.493964
-0.565994
-0.477918
-0.550032
-0.527787
-0.384213
-0.279576
-0.480732
-0.346646
-0.281459
-0.433873
-0.397406
-0.411405
-0.399190
-0.505395
-0.485064
-0.246273
-0.057919
-0.204509
-0.227667
-0.393759
-0.202827
-0.353567
-0.501928
-0.555401
-0.395659
-0.599899
-0.330456
-0.482795
-0.549425
-0.513740
-0.516607
-0.573066
-0.544244
-0.462566
-0.442457
-0.615392
-0.428302
-0.219712
0.239806
-0.427411
-0.631369
-0.593428
-0.414665
-0.194123
-0.469990
-0.507576
-0.593526
-0.673779
-0.524138
-0.547085
-0.544534
-0.481679
-0.419744
-0.555307
-0.527346
-0.410983
-0.422687
-0.206215
-0.471908
-0.323473
0.187700
-0.347247
-0.166538
-0.122290
-0.398143
-0.193483
-0.455091
-0.259563
-0.379107
0.673190
0.167161
-0.247014
-0.355854
-0.185265
-0.531986
-0.648457
-0.611303
-0.498023
-0.396955
-0.529615
-0.379865
-0.510103
-0.443758
-0.600184
-0.475731
-0.315992
-0.421018
-0.233665
-0.149645
-0.297336
-0.581870
-0.600737
-0.547494
-0.570801
-0.588768
-0.702049
-0.497309
-0.579348
-0.605691
-0.481320
-0.614832
-0.631232
-0.336331
-0.461870
-0.578167
-0.361387
-0.451290
-0.550525
-0.219901
-0.387572
-0.350707
-0.403144
-0.519777
-0.270703
-0.330537
-0.222114
-0.426588
0.157661
-0.079838
1.003200
0.132089
0.401954
0.168414
0.413879
0.657022
0.476006
0.067210
0.230007
0.073031
0.022246
-0.042106
-0.061685
-0.003860
-0.082405
0.540400
0.435572
0.455742
0.392969
0.149638
-0.516650
-0.592649
-0.220550
-0.550335
-0.570287
-0.588222
-0.645286
-0.413908
-0.641010
-0.585013
-0.582221
-0.686973
-0.649893
-0.649958
-0.583642
-0.520345
-0.625892
-0.398395
-0.086541
-0.623507
-0.491835
-0.483307
-0.512597
-0.528529
-0.509931
-0.437139
-0.493571
-0.506998
-0.562479
1.019056
-0.408002
-0.301990
-0.476931
-0.488537
-0.483242
-0.430913
-0.461125
-0.374711
-0.423046
-0.544594
-0.668216
-0.583300
-0.629389
-0.613059
-0.529743
-0.656150
-0.642362
-0.566870
-0.600312
-0.547134
-0.551118
-0.651242
-0.610584
-0.607669
-0.512832
-0.305660
-0.454648
-0.505236
-0.360672
-0.412387
-0.050301
0.100630
0.332078
-0.168123
0.060480
-0.184983
-0.031895
0.151456
0.273815
0.263205
-0.205036
-0.111755
-0.211524
-0.156840
-0.008601
-0.165185
-0.406095
-0.404665
-0.403034
-0.340136
-0.438400
-0.360769
-0.259896
-0.327474
-0.140826
-0.249078
0.176386
-0.326223
0.176999
-0.405615
-0.398105
-0.182433
-0.157227
0.084730
0.306694
0.167451
2.025205
0.139373
0.854420
0.891756
0.995945
1.162426
0.799330
2.178212
1.518840
1.419810
0.831713
1.259745
0.606729
0.848961
2.724813
0.943312
1.035010
1.081697
1.473209
2.725972
7.082804
4.236133
1.599665
2.252600
1.389526
0.275275
0.448760
0.258418
0.442792
0.420522
0.857533
0.975792
0.593760
1.178941
0.270720
0.935753
0.653023
0.543673
0.860966
1.126504
0.394404
0.396704
0.348645
0.501291
-0.042162
-0.297316
-0.398464
-0.363251
-0.297585
-0.171736
-0.500660
-0.586567
-0.475233
-0.520525
-0.510697
-0.548474
-0.646802
-0.589456
-0.599591
-0.615802
-0.622950
-0.557461
-0.633155
-0.616422
-0.629366
-0.666231
-0.503203
-0.424116
-0.402329
-0.239274
-0.326386
0.332558
-0.313014
-0.448417
-0.071629
-0.294523
-0.360962
-0.416983
-0.450140
-0.429383
-0.501925
-0.508168
-0.638921
-0.559061
-0.621827
-0.595584
-0.597665
-0.618213
-0.496468
-0.400829
-0.472643
-0.567892
-0.466984
-0.285626
0.218708
-0.464900
-0.296696
-0.335919
-0.626991
-0.495291
-0.354702
-0.599217
-0.629365
-0.557838
-0.539465
-0.621889
-0.600092
-0.429612
-0.622180
-0.678304
-0.553142
-0.677907
-0.457606
-0.366904
-0.545266
-0.592155
-0.615839
-0.607926
-0.407993
-0.460466
-0.571230
-0.511619
-0.529954
-0.561954
-0.098130
-0.322448
-0.514510
-0.562756
-0.376637
-0.125463
-0.296744
-0.255519
-0.519216
-0.562160
-0.546092
-0.215104
-0.145369
-0.366617
-0.409599
-0.516515
-0.526834
-0.503877
-0.413437
0.240551
-0.264517
-0.559712
-0.107060
-0.386191
-0.323958
-0.474425
-0.570065
-0.459328
-0.385735
-0.501874
-0.460783
-0.243504
-0.287212
-0.456936
-0.496633
-0.437289
-0.208164
-0.303844
-0.508035
-0.547680
-0.400507
-0.257432
-0.360878
-0.384282
-0.154151
-0.317062
-0.375322
-0.234634
-0.520181
-0.610451
-0.535979
-0.577720
-0.436924
0.621962
0.224331
0.126608
0.023547
0.819869
-0.131259
0.034057
-0.255175
-0.010472
0.050763
-0.348605
-0.028425
-0.284040
0.102629
-0.253033
-0.239343
-0.265253
-0.291213
-0.104310
0.583276
1.936532
0.483068
1.250127
0.243028
-0.157918
1.414901
1.938376
5.496771
7.950321
18.895572
14.290064
5.765824
2.796627
15.014551
6.160968
5.885566
9.745112
5.902231
7.017594
8.329640
8.483325
18.305470
18.542099
8.400816
9.924797
4.208456
6.999984
10.536748
2.029775
2.116704
5.131585
4.388389
4.678048
1.743350
-0.572712
-0.587137
-0.402891
-0.545678
-0.591611
-0.610492
-0.445104
-0.503079
-0.299019
-0.035598
-0.365356
-0.601308
-0.542607
-0.578079
-0.404045
0.382434
-0.216834
-0.122642
0.259334
0.363165
-0.254786
-0.015025
0.224328
-0.223633
-0.247931
-0.110335
-0.346293
-0.273688
-0.183393
-0.143456
1.079425
-0.298380
0.220775
-0.109263
0.702712
0.279893
-0.206805
0.614765
-0.323883
-0.302888
0.156518
0.506057
0.105977
0.347833
0.067299
-0.113847
-0.090889
0.521989
-0.013720
-0.240654
-0.277362
0.140098
0.180165
0.155884
0.894905
-0.358112
-0.423154
-0.404350
-0.134710
-0.221542
-0.303705
-0.282206
-0.368412
-0.099452
-0.318543
-0.129259
0.164222
0.982935
0.074785
0.327086
0.673291
0.705789
0.890626
0.563157
0.174814
0.543754
0.345977
1.043408
0.419332
0.711250
0.305359
0.035143
0.093368
3.271620
1.173779
0.896610
0.265613
1.019795
0.371384
0.299415
-0.416576
-0.183156
-0.321857
0.857314
-0.114302
1.382514
-0.152136
-0.175828
0.067132
0.062233
-0.057559
-0.019016
0.008786
0.281087
1.043510
1.761001
0.904364
0.163517
0.603878
0.313431
0.640819
1.179754
1.563470
-0.088013
-0.231209
-0.073325
-0.250669
0.513955
0.624005
0.035609
-0.275255
-0.124654
-0.353049
-0.449228
0.022642
-0.376751
-0.206869
-0.307627
-0.388692
-0.661520
-0.634568
-0.366472
-0.414311
-0.563049
-0.592431
-0.440118
-0.434865
-0.455456
-0.481249
-0.491001
-0.170468
-0.278219
-0.222756
-0.148108
-0.278778
-0.298815
0.032651
-0.478144
-0.289349
-0.141397
-0.083861
-0.199174
0.013667
0.473052
1.748513
1.261490
0.180554
0.533144
1.251014
0.283503
0.448487
0.729872
0.559241
0.905239
0.826411
0.920173
0.049658
0.609080
0.646631
0.169375
0.322702
-0.021606
0.131563
2.238526
0.788878
-0.288951
-0.179579
0.113144
-0.239196
1.425114
-0.335693
0.087760
-0.126024
-0.343912
0.045488
0.159616
0.320491
3.300341
-0.191254
-0.088438
0.809496
0.328458
-0.156300
0.021356
0.340071
-0.030381
0.033221
0.249717
1.778962
0.423903
1.951252
2.364158
0.716107
0.359233
0.519476
0.502531
1.267952
1.304686
0.353092
0.758888
3.123904
0.820786
0.875064
0.052230
0.758497
0.784935
0.351002
0.230220
-0.090992
0.416216
-0.089109
1.193394
0.367245
0.178594
0.508901
0.545452
-0.065147
-0.120524
1.113225
1.465207
-0.244536
0.070667
0.288592
-0.341399
-0.065815
-0.377672
-0.605162
-0.523666
-0.540016
-0.696963
-0.623208
-0.572981
-0.485653
-0.607229
1.269183
-0.288915
-0.288354
-0.390261
-0.328413
-0.374472
-0.083303
-0.189632
-0.205733
-0.009808
0.093183
-0.072842
-0.359254
-0.276440
-0.476089
-0.234409
-0.471581
-0.297525
-0.508540
-0.350844
-0.274161
-0.572811
-0.512277
-0.394278
-0.544301
-0.015203
-0.333130
0.342713
-0.057305
-0.012786
0.137991
0.308761
0.003501
-0.358015
0.523953
-0.086106
-0.147297
-0.214621
-0.285901
-0.256901
-0.236850
-0.262772
-0.383460
-0.060554
-0.182184
0.190893
-0.266891
-0.300139
0.272652
0.441543
-0.281577
0.234019
-0.153437
0.212892
0.873417
0.394911
0.001306
-0.113380
-0.265019
-0.186537
0.214024
0.018040
-0.112792
0.265292
-0.067716
-0.104980
-0.171495
-0.129702
-0.179842
-0.086045
0.312312
0.004214
0.005618
0.573842
-0.188135
1.509949
-0.378022
-0.475825
-0.144459
-0.447973
-0.493011
-0.465520
-0.482293
-0.269163
0.006428
-0.112956
-0.381215
-0.314592
0.420873
0.370277
-0.199353
-0.185468
-0.382488
-0.231506
-0.439537
0.210177
-0.055562
-0.061517
-0.050850
-0.237568
-0.137764
-0.165704
-0.282081
-0.514189
-0.506695
-0.254798
-0.503041
-0.163769
-0.325576
-0.093068
-0.475687
-0.620361
-0.640128
-0.377919
-0.570594
-0.365822
-0.558208
-0.527780
-0.550201
-0.339666
-0.569685
-0.422178
-0.524698
-0.552756
-0.365882
-0.417767
-0.542433
-0.533490
-0.597055
-0.603637
-0.704278
-0.660318
-0.701129
-0.696702
-0.643698
-0.471593
-0.507293
-0.107800
0.387319
-0.195112
0.347369
0.222683
-0.164240
-0.269764
-0.289640
-0.301431
-0.336577
-0.357466
-0.293156
-0.330629
-0.245873
0.143090
-0.059567
0.620957
0.628353
1.317660
1.007426
0.871653
0.611044
1.111529
1.572405
1.131560
1.636217
1.782386
2.250941
1.947402
1.582537
1.384434
3.025226
1.564574
1.018792
2.416732
0.273587
0.451318
0.037188
-0.006949
0.024911
0.020211
0.021258
0.122767
0.416455
0.375354
0.597380
0.853160
3.599882
0.357523
0.709124
1.307028
0.718577
1.010809
0.838105
0.287610
0.765939
0.669143
0.454616
0.208558
0.506109
0.241512
0.810472
0.508078
0.701390
2.220167
6.825389
3.116797
1.495594
2.495204
4.064136
3.290569
4.236011
3.147496
3.721460
1.973268
3.733942
2.945536
5.070902
5.558038
4.483973
3.563628
2.876737
-0.107712
-0.043703
-0.325228
-0.314837
-0.166388
-0.054929
-0.296973
-0.197499
-0.218702
-0.323485
-0.079877
0.174493
-0.268572
-0.082246
-0.262782
-0.028542
-0.084558
0.129375
-0.006883
-0.030377
0.052974
-0.364574
0.083837
-0.331221
-0.272529
-0.393674
-0.449001
-0.267264
-0.214419
-0.095212
-0.591184
-0.465781
-0.381161
-0.310007
-0.415497
-0.149799
-0.095505
0.097705
-0.384678
0.040279
-0.307382
-0.474201
-0.321846
-0.147724
-0.327476
-0.088848
-0.531533
-0.466140
-0.507361
-0.478939
-0.524844
-0.511931
-0.600800
-0.464670
-0.600640
-0.468728
-0.085662
-0.038763
-0.278015
-0.124488
-0.164550
-0.477535
-0.420914
-0.508020
-0.492285
-0.433785
-0.564574
-0.261052
-0.089591
-0.058801
-0.131070
0.117020
-0.305545
-0.106806
1.560226
-0.348237
-0.383507
-0.658246
-0.686836
-0.673576
-0.700393
-0.572577
-0.631614
-0.638728
-0.661568
-0.736837
-0.531197
-0.554049
-0.581263
-0.667453
-0.704060
-0.621298
-0.490219
-0.382952
0.087600
-0.333872
0.121650
-0.255196
-0.155408
-0.324778
-0.026121
-0.244838
-0.374258
-0.372159
-0.386893
-0.457498
-0.224584
-0.177087
-0.497997
-0.384333
-0.442005
-0.468076
-0.377038
-0.349780
-0.050206
0.213696
1.307820
1.162910
1.474420
0.593593
1.194325
0.482263
0.162099
0.315447
1.917747
3.503131
0.451164
0.775585
0.250311
0.949211
-0.087827
-0.276313
-0.339346
-0.352668
-0.302494
-0.347522
-0.487999
-0.262477
-0.422680
-0.366426
-0.434176
-0.415459
-0.267507
-0.296800
-0.541766
-0.259774
-0.325375
-0.247326
-0.472791
-0.318799
-0.450116
-0.397088
-0.415350
-0.438573
-0.330928
-0.379874
-0.344836
-0.196162
-0.197508
-0.262592
-0.290201
-0.482349
-0.346600
-0.385940
-0.396142
-0.308488
-0.179567
0.271718
-0.285642
-0.398223
0.136364
0.402937
0.208894
0.726089
0.383667
0.637115
0.294679
0.150422
0.109065
0.115693
0.209844
-0.002609
-0.128376
0.048815
0.086826
0.120728
0.033539
0.017772
0.012788
0.435304
-0.042618
-0.401569
-0.387715
-0.327222
-0.461464
-0.566412
-0.639195
-0.485032
-0.580378
-0.563493
-0.458939
-0.504638
-0.416075
-0.519316
-0.473809
-0.479488
-0.509616
-0.339080
-0.672558
-0.347535
-0.569615
-0.642651
-0.513722
-0.551711
-0.402561
-0.282059
-0.532444
-0.481072
-0.138693
-0.489000
-0.458480
-0.565462
-0.600375
-0.627328
-0.596704
-0.580102
-0.547530
-0.512430
-0.561474
-0.583676
-0.619032
-0.675661
-0.388763
-0.574684
-0.538813
-0.624421
-0.578722
-0.166588
-0.534351
-0.281171
-0.483023
-0.456695
-0.492950
-0.377139
-0.272299
-0.475372
-0.501733
-0.541058
-0.659423
-0.647087
-0.298406
-0.722451
-0.491113
-0.541609
-0.666606
-0.572001
-0.403892
-0.638523
-0.574729
-0.510253
-0.599890
-0.631576
-0.606371
-0.581634
-0.616229
-0.320247
-0.438443
-0.402737
-0.496540
-0.316369
-0.397729
-0.376704
-0.469586
-0.350554
0.907942
0.696594
0.417231
0.274034
-0.092574
-0.073826
0.307130
0.324277
-0.168594
0.249050
0.377653
0.167894
-0.036627
0.224302
-0.190096
-0.186303
-0.224016
-0.329606
-0.231601
-0.225995
-0.122590
-0.353338
0.254684
1.533819
0.510767
-0.006617
-0.154701
0.779535
0.154205
0.742186
0.198053
-0.083964
-0.232602
-0.218849
-0.203549
-0.432341
-0.253808
0.405158
-0.311580
-0.108673
0.057842
-0.088339
0.115243
0.114696
0.229036
0.175402
0.860234
-0.115366
-0.124553
0.042411
-0.222859
-0.238042
0.152498
-0.406434
-0.287069
-0.212995
-0.419735
-0.169954
-0.179934
-0.045738
-0.256510
-0.454914
-0.250615
-0.237341
0.733895
-0.363134
-0.438459
-0.515095
-0.626221
-0.402083
-0.604577
-0.485711
-0.506578
-0.501806
-0.620932
-0.655411
-0.668555
-0.562908
-0.488985
-0.596158
-0.487131
-0.577004
-0.500769
-0.528133
-0.606913
-0.198901
-0.436950
-0.204044
0.156460
-0.000634
-0.177987
-0.081115
-0.228856
-0.154941
-0.481649
-0.021392
-0.004540
-0.267179
-0.292470
-0.224862
-0.435021
-0.193503
-0.254949
-0.528037
-0.315198
-0.454840
-0.280110
0.036336
1.199950
-0.095697
0.262451
0.131241
0.005721
-0.381869
0.351774
1.234782
-0.236530
-0.072464
0.468433
0.201440
-0.458801
-0.440843
-0.369768
-0.484591
-0.561562
-0.491586
-0.557144
-0.611239
-0.477515
-0.533752
-0.261735
-0.400650
-0.455519
-0.289812
-0.481226
-0.371946
-0.325259
-0.450258
-0.438240
-0.422106
-0.431162
-0.596108
-0.589764
-0.573970
-0.472547
-0.626248
-0.624004
-0.574030
-0.496486
-0.583087
-0.548519
-0.630960
-0.533291
-0.438858
-0.444206
-0.380177
-0.200890
-0.413679
-0.031999
-0.282065
-0.567427
-0.532989
-0.488895
-0.583494
-0.574779
-0.383559
-0.497784
-0.440185
-0.348966
-0.640989
-0.451521
-0.576417
-0.380778
0.223201
0.133309
0.258409
-0.209550
0.186278
0.225423
0.456830
0.029286
-0.189948
0.373574
0.115884
0.431139
-0.042799
-0.164106
-0.005035
-0.195104
-0.394833
-0.495675
-0.476105
-0.488086
-0.519743
-0.403153
-0.159724
-0.563496
-0.595826
-0.638428
-0.382431
-0.589591
-0.481815
-0.400964
-0.275901
-0.424186
-0.539982
-0.301022
-0.454878
-0.382075
-0.273952
-0.162285
-0.188289
0.471674
0.367302
0.499172
0.314096
0.677036
0.995751
0.500922
0.515588
0.548314
1.099327
2.173012
0.133883
1.191231
0.558881
1.133785
0.657130
0.462355
0.210292
-0.045919
0.924687
0.483361
2.007943
0.761968
1.077134
1.807259
1.402287
0.784828
1.725053
1.160288
0.212352
-0.092199
0.345428
0.041904
0.453135
0.411388
0.621830
0.771557
-0.126067
-0.000096
-0.080972
0.458445
0.443666
0.683335
0.146876
-0.151324
-0.083392
0.604959
-0.075430
0.292569
0.971125
-0.160641
-0.284667
-0.200254
0.331580
0.378098
1.898893
2.139055
1.054906
2.825089
0.440459
1.008427
0.239563
1.865927
0.355533
0.472409
0.127743
1.180126
0.029519
-0.285526
-0.274288
-0.178099
-0.098332
0.060179
0.189583
0.068329
-0.388096
-0.470767
0.123318
0.237959
0.271910
0.465663
0.935223
1.781050
2.328202
2.259033
3.855211
1.085386
3.045174
3.661598
2.414720
1.240583
0.695652
1.650802
4.155639
1.652658
4.791180
4.811546
4.262738
1.584027
0.816669
0.259191
0.149714
2.021760
0.843486
0.415865
3.721347
3.820756
1.909134
2.060825
2.320748
1.074845
0.975671
0.688190
1.453310
1.340105
0.801856
0.955499
1.233909
2.031266
0.892673
0.485675
0.901458
0.310441
0.048265
-0.481504
-0.550217
-0.399493
0.338884
-0.386703
0.247013
0.084322
0.251741
-0.188655
-0.026054
-0.128768
0.240574
0.159386
-0.285537
-0.098960
0.327515
-0.279958
0.084258
0.117322
-0.118098
-0.217209
0.051671
-0.321127
-0.373883
-0.329800
-0.486670
-0.398102
-0.397838
-0.474227
-0.194539
-0.362567
-0.442757
-0.448623
-0.362039
-0.174814
-0.202510
0.492182
-0.017669
-0.297959
2.115006
0.270287
0.262821
-0.367699
-0.432719
-0.371397
-0.488501
-0.402192
-0.365204
-0.484863
-0.655042
-0.569723
-0.600912
-0.302031
-0.575527
-0.558011
-0.495661
-0.564879
-0.347444
-0.287096
0.456920
0.162832
-0.261879
-0.104084
1.195342
0.008743
0.512580
0.180397
-0.271134
-0.401765
-0.061506
-0.219553
-0.440904
-0.351914
-0.570249
-0.554638
-0.487852
-0.547160
-0.570698
-0.459598
-0.424428
-0.561551
-0.420846
-0.383195
-0.377791
-0.184278
-0.389199
-0.408537
1.069876
-0.037618
-0.474884
-0.522337
-0.277544
-0.517946
-0.593513
-0.258440
-0.421472
-0.458011
-0.470010
-0.655691
-0.523529
-0.542560
-0.149508
-0.339285
-0.418280
-0.409063
-0.407269
-0.354972
-0.581158
-0.692541
-0.603261
-0.391826
-0.540822
-0.498335
-0.625398
-0.698875
-0.495437
-0.617229
-0.498932
-0.710633
-0.576321
-0.655494
-0.641295
-0.613502
-0.519287
-0.630768
-0.564209
-0.488061
-0.623761
-0.636839
-0.543570
-0.559646
-0.599028
-0.488774
-0.608110
-0.626162
-0.569780
-0.379321
-0.391105
-0.499211
-0.651502
-0.653899
-0.531795
-0.669448
-0.539433
-0.550645
-0.624724
-0.491891
-0.452570
-0.633421
-0.633982
-0.345392
-0.575009
-0.634596
-0.639435
-0.483574
-0.468629
-0.036914
-0.151349
-0.634465
-0.421989
-0.499842
-0.444424
-0.372366
-0.322882
-0.598403
-0.356462
-0.515428
-0.513857
-0.401679
-0.389300
-0.328058
-0.436462
-0.364963
-0.369078
-0.573408
-0.417407
-0.212620
-0.350973
-0.310643
-0.244427
-0.481227
-0.145196
-0.375062
-0.349927
-0.024862
-0.066726
-0.434459
-0.557743
-0.528402
-0.413995
-0.320789
-0.507345
-0.487943
-0.472163
-0.181558
-0.092988
-0.394290
-0.058619
-0.126695
-0.442288
0.127247
-0.001506
0.008495
0.535176
0.319663
0.917191
0.053738
-0.203651
-0.277673
-0.083196
-0.323822
-0.140692
-0.288594
-0.521879
-0.468040
-0.559064
-0.537554
-0.635203
-0.252494
-0.226255
-0.365928
-0.068308
-0.405383
-0.252759
-0.310362
-0.302959
-0.419147
-0.199123
0.123364
0.201324
-0.267377
-0.147435
-0.176388
-0.495093
-0.338589
-0.586704
-0.516752
-0.392709
-0.409522
-0.538686
-0.087115
-0.306051
-0.138776
-0.236812
-0.077741
-0.120630
-0.291766
-0.219563
-0.278193
-0.310118
-0.260940
-0.056901
-0.318470
-0.224088
-0.387438
-0.508626
-0.508560
-0.272322
-0.421090
-0.408243
-0.398019
-0.367278
-0.388346
-0.593946
-0.553637
-0.586570
-0.495490
-0.572392
-0.533720
-0.515232
-0.564564
-0.464385
-0.503368
-0.573701
-0.433503
-0.409804
-0.246272
-0.352002
-0.491771
-0.272161
-0.009416
-0.277827
-0.627792
-0.631088
-0.709173
-0.394675
-0.627489
-0.612498
-0.548761
-0.673120
-0.564197
-0.521804
-0.396291
-0.666500
-0.629153
-0.683028
-0.529587
-0.559092
-0.113463
-0.474337
-0.396182
-0.204737
-0.498808
-0.198521
0.217595
-0.466264
-0.412042
-0.460532
-0.504546
-0.550080
-0.640355
-0.459395
-0.590626
-0.523634
-0.497422
-0.547028
-0.511327
-0.478470
-0.529930
-0.462915
-0.408342
-0.473772
-0.463873
2.062016
-0.357933
-0.402414
-0.463313
-0.369568
-0.510698
-0.446701
-0.515911
-0.450031
-0.444770
-0.562743
-0.450431
-0.621427
-0.547817
-0.458533
-0.453872
-0.433813
-0.505591
-0.433694
-0.592707
-0.458739
-0.489313
-0.377986
-0.044483
-0.104394
-0.350042
0.116891
-0.061761
-0.429092
-0.110989
-0.644741
-0.436910
-0.474939
-0.530911
-0.501359
-0.475617
-0.333544
-0.426652
-0.362771
-0.434023
-0.428601
-0.455047
-0.381484
-0.344160
-0.386800
-0.589006
-0.329588
0.214024
-0.080274
0.415534
-0.425689
-0.407488
0.096540
-0.238109
-0.059791
-0.292250
-0.503261
-0.552945
-0.282136
-0.407880
-0.387271
-0.392441
-0.514646
-0.403722
-0.456547
-0.436451
-0.571655
0.375789
-0.508957
-0.339486
-0.484168
-0.430143
-0.343588
0.085734
-0.474166
-0.384719
-0.405674
-0.402358
-0.261709
-0.512182
-0.184835
-0.352743
-0.457440
-0.285726
-0.108550
-0.547370
-0.488797
-0.569222
-0.374902
-0.225818
-0.474559
-0.132356
-0.668368
-0.498969
-0.441960
-0.408509
-0.289991
0.341885
-0.119606
-0.477238
-0.455540
-0.175061
-0.298565
-0.364681
-0.351093
-0.473713
-0.454083
-0.423598
-0.502703
-0.206325
-0.300915
-0.480867
-0.612708
-0.616293
-0.328599
-0.324303
-0.158635
-0.384723
-0.224388
-0.354298
-0.114350
-0.243187
0.258010
-0.362818
-0.538453
-0.488623
-0.561197
-0.568346
-0.532215
-0.539239
-0.516184
-0.668920
-0.488169
-0.546437
-0.571416
-0.436914
-0.646059
-0.561311
-0.447400
-0.674896
-0.622721
-0.615429
-0.576834
-0.465677
-0.481121
-0.586633
-0.431943
-0.365261
-0.575050
-0.437583
-0.624035
-0.508907
-0.633581
-0.618654
-0.675951
-0.697652
-0.698881
-0.560329
-0.648484
-0.512762
-0.550510
-0.352760
-0.627274
-0.628052
-0.572863
-0.667847
-0.372556
-0.385579
-0.159098
-0.419855
-0.247173
-0.362716
-0.232711
-0.353952
-0.339867
-0.279214
-0.595985
-0.543481
-0.217136
-0.510811
-0.384380
-0.300373
-0.331795
-0.030496
0.208302
-0.391983
0.047939
0.489958
0.025301
-0.147036
-0.147897
-0.094240
0.231368
-0.009822
0.069618
-0.133297
-0.481457
-0.415995
0.005784
-0.528033
-0.525860
-0.595308
-0.513223
-0.402893
-0.595807
-0.622729
-0.599753
-0.495754
-0.356972
-0.303429
-0.346068
-0.464753
-0.292588
-0.471922
-0.474175
-0.548290
0.356829
0.051221
-0.228979
-0.278429
-0.207670
-0.147428
-0.465284
-0.348572
0.015477
-0.537446
-0.327904
-0.561340
-0.535879
-0.565762
-0.419981
-0.403363
-0.429741
-0.277340
-0.472646
-0.472388
-0.428637
-0.256067
-0.426824
-0.319427
-0.305145
-0.340913
-0.244410
-0.443001
-0.414801
-0.288382
0.696220
0.362811
1.091005
1.184769
2.354169
1.553410
1.527829
1.174532
0.566776
1.603950
0.555016
0.851142
1.517973
1.127358
1.307279
1.906875
2.059375
0.965900
0.150955
0.352600
-0.410079
-0.318417
-0.418966
-0.195977
-0.477896
-0.280836
0.094672
-0.120349
-0.163370
-0.155110
-0.160666
-0.011793
0.839639
-0.309684
-0.375297
-0.244569
-0.354250
-0.091278
-0.234133
-0.086523
-0.229149
-0.187817
-0.011440
-0.063386
-0.118306
0.186619
-0.101592
-0.304013
-0.517839
-0.104132
0.201185
-0.305935
-0.499129
0.130279
-0.018935
0.051525
-0.050500
0.117926
-0.144146
0.595584
0.306432
0.279970
-0.149293
-0.222291
-0.044054
0.549599
-0.343081
-0.383818
-0.293144
-0.328105
-0.469232
0.008616
-0.353974
-0.297274
-0.241394
-0.232532
-0.104395
-0.374520
-0.416407
-0.352832
-0.256493
-0.435426
-0.289184
0.467984
-0.340070
-0.495880
-0.528665
-0.268559
-0.499434
-0.161296
-0.089203
-0.109064
-0.296202
-0.146325
-0.396873
-0.493392
-0.560969
-0.354810
-0.055648
-0.084721
-0.362228
-0.263498
0.390579
-0.046778
-0.079323
0.045052
0.167010
0.126411
-0.192360
-0.123346
-0.312036
-0.437477
-0.455717
-0.537714
-0.451954
-0.348722
-0.288652
-0.238584
-0.246282
0.394542
0.025725
0.480805
-0.006269
0.148046
0.018871
0.305356
0.155330
0.305990
1.110028
-0.168611
-0.410540
-0.470762
-0.474186
0.011833
-0.079794
-0.162144
-0.162763
0.093221
1.738065
-0.100910
0.475515
-0.407066
-0.354750
0.091995
-0.435769
-0.252570
-0.259857
-0.401934
-0.339666
-0.224815
-0.329447
-0.361131
0.084657
-0.041154
-0.195510
0.055045
-0.313853
-0.258040
-0.358589
-0.103836
-0.370825
-0.345628
-0.279693
-0.319429
0.001225
-0.104495
-0.528562
-0.243572
-0.384412
-0.497894
-0.584268
0.054069
-0.568650
-0.531066
-0.475021
-0.216560
0.275796
0.512086
1.355228
0.944455
0.928956
2.433064
1.071819
1.054326
0.792207
0.313999
0.276521
0.583538
0.459026
0.579536
0.340465
0.596803
0.440640
0.395330
0.507192
0.717314
0.793803
0.694418
0.068710
1.978958
0.859343
0.788778
0.621565
0.721091
1.961672
0.531156
0.864870
1.076022
1.208407
0.814365
1.243926
2.005024
0.598522
0.731400
1.408783
0.396628
0.715974
0.896580
1.318489
2.000509
2.386214
1.045125
1.897642
1.067743
-0.204154
-0.166838
-0.189037
-0.045053
-0.208947
-0.314788
-0.416185
-0.443915
-0.269662
-0.278533
-0.167279
0.562496
-0.334379
-0.511647
0.014147
0.019344
-0.411487
-0.321162
-0.387216
-0.463835
-0.465634
-0.473963
-0.298081
-0.388601
0.049564
-0.382508
-0.099669
-0.253366
-0.385848
-0.460237
-0.218269
-0.562362
-0.488364
-0.479850
-0.454736
-0.463288
-0.473299
-0.446243
-0.451420
-0.084483
-0.249139
-0.364832
-0.263271
0.108756
-0.106519
-0.282463
0.646954
0.320625
1.071416
-0.060789
-0.165172
0.187191
-0.001484
0.163129
0.085436
-0.215767
-0.045564
-0.141495
-0.037365
0.246236
-0.128014
-0.466377
-0.470700
-0.444489
-0.472328
-0.377767
-0.542815
-0.406872
-0.334884
-0.291018
0.073447
-0.558608
-0.233491
-0.379761
-0.394655
-0.372334
-0.394992
-0.279055
-0.397458
-0.401836
-0.463106
-0.204624
-0.475128
-0.225725
0.036263
0.010346
-0.577391
-0.160378
-0.529733
-0.499325
-0.513526
-0.501633
-0.368796
-0.426149
-0.453889
-0.345919
-0.457482
-0.456695
-0.381158
-0.451036
-0.055272
-0.078613
-0.450537
-0.379994
-0.323489
-0.466254
-0.378121
-0.320048
-0.235484
-0.427975
-0.264282
-0.540028
0.005539
-0.289413
-0.113083
0.098816
-0.258791
-0.546636
-0.237527
-0.490086
-0.584046
-0.160056
-0.361247
-0.556044
-0.492005
-0.529421
-0.534627
-0.521483
-0.301472
-0.498496
-0.273253
-0.449158
-0.176540
0.165797
-0.142548
-0.019359
-0.492609
-0.334100
-0.429459
-0.524679
-0.627714
-0.667159
-0.609270
-0.606457
-0.377421
-0.650005
-0.455664
-0.569538
-0.633597
-0.641733
-0.680421
-0.620836
-0.580539
0.303903
-0.581442
-0.573898
-0.506184
-0.429446
-0.445410
-0.400391
-0.612969
-0.449963
-0.530502
-0.424414
-0.396906
-0.419520
-0.470081
-0.597216
-0.672966
-0.705891
-0.650167
-0.542864
-0.549212
-0.548934
-0.523639
-0.197742
-0.509394
-0.608959
0.729101
-0.235857
-0.479612
-0.394868
-0.359073
-0.400800
-0.114253
-0.253205
-0.256604
-0.632878
-0.662729
-0.533810
-0.653247
-0.535264
-0.596715
-0.663436
-0.711042
-0.658007
-0.612220
-0.551919
-0.557745
-0.695852
-0.404903
-0.288313
-0.510924
-0.526006
-0.559592
-0.468556
-0.416351
-0.446425
-0.394857
-0.664959
-0.584778
-0.573558
-0.674309
-0.662625
-0.779811
-0.668756
-0.447962
-0.512853
-0.622952
-0.730107
-0.645532
-0.633093
-0.547238
-0.526773
-0.604674
-0.068652
-0.623839
-0.493720
-0.464235
-0.527579
-0.501478
-0.433876
-0.202462
-0.654778
-0.688171
-0.644594
-0.529960
-0.466018
-0.447496
-0.094306
-0.399217
-0.451008
-0.467887
-0.466247
-0.133554
-0.497439
-0.372847
-0.405352
-0.437147
-0.092912
-0.400378
-0.110895
-0.480860
-0.354808
-0.559872
-0.468511
-0.645467
-0.395945
-0.567769
-0.600873
-0.644881
-0.508632
-0.388128
-0.489354
-0.314753
-0.085140
-0.432821
-0.430003
-0.052023
-0.353982
-0.216178
-0.455020
-0.414338
-0.538199
-0.409072
-0.344999
-0.524231
-0.320509
-0.556359
-0.471916
-0.528287
-0.540186
-0.578997
-0.578513
-0.575166
-0.702879
-0.567386
-0.453239
-0.378468
-0.286644
-0.346144
-0.357850
-0.424625
-0.318247
-0.438917
-0.132839
-0.163586
-0.257701
-0.123224
-0.227137
-0.326020
-0.247522
-0.344132
-0.368827
-0.081914
-0.396754
-0.498894
-0.548562
-0.568587
-0.295918
-0.372155
-0.466160
-0.511104
-0.322895
-0.356926
-0.560283
-0.510999
-0.527302
-0.556408
-0.418582
0.991153
0.097207
-0.460135
0.123230
-0.132082
-0.327788
-0.373801
-0.372452
-0.513832
-0.321359
-0.477386
-0.557542
-0.466941
-0.484709
-0.451708
-0.430258
-0.075596
-0.387838
-0.382852
-0.586472
-0.389139
-0.299534
-0.299913
-0.240140
-0.414070
0.437871
-0.443775
-0.352555
-0.453296
-0.506734
-0.063931
-0.353816
-0.455918
-0.451971
-0.498503
-0.475719
-0.510907
-0.567465
-0.587677
-0.380022
-0.610610
-0.554378
-0.533393
-0.387314
-0.481699
-0.607369
-0.544973
-0.657081
-0.381775
-0.306644
-0.477918
-0.402399
-0.335708
-0.506432
-0.366560
-0.287458
-0.465224
-0.473908
-0.353908
-0.383610
-0.440938
-0.296876
-0.422652
-0.553707
-0.625778
-0.450777
-0.324820
-0.234332
0.033811
-0.181379
-0.158783
-0.181298
-0.468122
0.054788
0.157659
0.015543
0.299461
-0.125047
0.396177
-0.049514
-0.200379
0.000150
-0.026315
0.067801
0.425999
0.206282
0.696776
0.623085
0.774127
1.298661
0.310158
0.467496
0.800478
0.435765
1.789865
0.672391
1.068705
0.289546
0.093730
0.858450
-0.014708
-0.091270
0.481345
0.171753
0.231498
0.006245
-0.274127
-0.156242
-0.007039
-0.229793
-0.250996
0.007435
0.464718
-0.240088
-0.120936
-0.129092
-0.107030
-0.244521
-0.262703
-0.152915
-0.185195
-0.219493
0.208392
-0.112093
-0.076360
0.566707
0.418600
0.389290
1.925298
0.714056
0.732038
0.636506
1.638828
1.162547
1.417582
1.115889
2.494930
0.434275
0.179479
0.734068
0.802707
0.786937
0.794371
0.037406
0.375772
0.842035
0.630663
0.475409
0.446712
0.224574
0.482078
-0.013290
0.765543
1.554419
2.209832
2.778127
2.248306
2.226702
1.285588
0.703671
-0.049012
0.253944
0.087623
-0.072590
-0.253968
0.098964
0.142599
0.082008
-0.296493
-0.105249
0.096215
0.100759
0.266957
-0.001943
0.554107
-0.209499
-0.149044
0.379520
5.348543
0.073666
0.319434
0.788408
0.062031
0.736330
0.574763
0.660001
0.684921
0.221421
1.810215
1.467321
0.691116
0.887320
0.409350
-0.178353
0.746676
0.350816
0.163625
-0.053913
-0.216349
0.266087
0.117660
0.109210
0.307684
0.824734
0.282917
1.374221
1.898793
0.000930
-0.039009
0.448649
0.161585
0.361633
0.179636
-0.156668
-0.187558
0.036471
0.497797
-0.335287
0.082347
-0.093951
0.232121
-0.083461
0.105227
0.001890
-0.350123
-0.020580
-0.286847
-0.088883
-0.173016
0.371886
0.363479
0.057693
-0.182635
0.178575
-0.109757
-0.206207
-0.236811
-0.214000
-0.285593
-0.386103
-0.484409
-0.328100
-0.282250
-0.017317
-0.058712
0.016245
1.439101
-0.280592
-0.248348
-0.310873
-0.208223
-0.409257
-0.435772
-0.216677
-0.108708
0.071693
0.971908
0.328931
1.522541
0.614031
1.507373
1.588854
1.434543
0.511996
0.538014
2.465165
0.204279
0.683979
0.548831
-0.252125
-0.033182
-0.496291
-0.231939
-0.329868
-0.298602
0.011209
0.102517
-0.250033
-0.036784
-0.306333
-0.126197
-0.109914
-0.359516
-0.258065
-0.360981
-0.469827
-0.435396
-0.333342
-0.123622
-0.239351
-0.250726
-0.088455
0.039972
-0.303261
1.284518
-0.162981
-0.016497
-0.271587
-0.429225
0.295003
0.355006
-0.261131
-0.008756
-0.129954
0.071492
0.235447
0.167416
0.392240
0.205622
-0.257847
-0.112221
-0.103302
0.237046
0.122140
0.315311
0.274442
0.221702
0.541289
0.165264
0.051846
-0.007862
-0.099984
-0.023132
0.210830
0.167615
0.092818
0.973575
1.450073
1.579365
0.750130
1.243505
0.596158
0.769878
0.417268
1.244526
0.254961
0.039442
0.070553
0.751383
0.276940
0.414946
0.569136
0.543028
0.093313
-0.027802
0.207685
-0.102882
-0.096275
-0.242116
0.178188
0.499142
0.211733
0.644853
0.761505
1.528102
0.929508
1.468236
1.472733
1.050427
0.885831
1.177980
0.825087
0.868163
1.036247
1.655502
0.618463
1.001371
0.468156
1.183826
1.015825
1.467727
1.331163
4.184609
1.670097
1.668115
0.553320
1.052178
0.928384
1.415579
3.022085
1.813972
3.883413
1.065646
0.787395
0.564298
2.622819
1.013412
0.565899
0.263341
0.969623
0.196569
0.814218
0.294367
0.437333
0.355183
0.252197
1.069162
0.350779
0.270974
0.342816
0.964326
-0.218479
0.301165
1.113267
1.715546
0.829584
0.771279
1.072566
1.040616
0.634095
1.872654
0.516219
0.303205
0.650503
0.433531
0.402191
0.844019
0.518994
0.222261
0.758006
0.168591
0.427605
-0.044724
0.171684
0.638801
-0.243110
0.275860
-0.295834
-0.076065
0.363534
-0.104373
-0.023737
0.011692
-0.119115
-0.411610
-0.379365
0.105405
-0.055684
0.372064
-0.151189
-0.237970
0.296252
-0.142780
-0.107683
-0.193299
0.641049
0.017052
-0.248889
-0.025840
-0.135485
-0.195657
-0.213384
0.917772
0.646869
0.081652
0.477178
-0.087831
-0.013531
0.672986
-0.314215
-0.332044
-0.465249
-0.487693
-0.469327
-0.472487
-0.572895
-0.498451
-0.509902
-0.467188
-0.619708
-0.623102
-0.536134
-0.492038
-0.410193
-0.289608
-0.447053
-0.470168
-0.314178
-0.526989
-0.508969
-0.546846
-0.317814
-0.130922
-0.362455
-0.394794
-0.333486
-0.430567
-0.349575
-0.533809
-0.397795
-0.516298
-0.413228
-0.398251
-0.437077
-0.577344
-0.597140
-0.380372
-0.377192
1.737338
0.127944
1.088555
0.668863
-0.035397
0.156647
-0.066066
0.225152
0.377783
0.849472
0.253738
1.410227
0.286627
0.312682
-0.143052
-0.182898
0.142531
-0.112354
0.240628
-0.337663
-0.425889
-0.583582
-0.286010
-0.101765
-0.006942
-0.543036
-0.314445
-0.112323
-0.253833
-0.236079
-0.054764
0.004025
-0.183246
2.126012
-0.192976
-0.317908
-0.151945
1.812876
-0.082014
-0.225459
-0.167076
-0.303590
-0.127918
-0.260027
-0.058876
-0.338610
-0.351278
-0.235510
-0.317803
-0.572063
-0.467848
-0.443782
-0.357347
-0.246307
-0.062727
-0.285111
-0.170017
0.034051
-0.351465
-0.484705
-0.126128
-0.400171
-0.581389
-0.519219
-0.377049
-0.350396
-0.500391
-0.490302
-0.397215
-0.320154
-0.372214
-0.538479
-0.432062
-0.446127
-0.474459
-0.556807
-0.559477
-0.580348
-0.476925
-0.517013
-0.452867
-0.654360
-0.491061
-0.625822
-0.614339
-0.638662
-0.492346
-0.505618
-0.589150
-0.563190
-0.608937
-0.725940
-0.634309
-0.313796
-0.563843
-0.559034
-0.572856
-0.569512
-0.506569
-0.558726
-0.378022
-0.635973
-0.326080
-0.209550
-0.618663
-0.143262
-0.122756
-0.183158
0.014200
0.270821
0.449333
-0.331359
-0.125461
0.223859
0.341738
0.763810
0.144566
1.766746
-0.016644
1.188936
0.379630
1.231730
0.247058
0.314612
0.338938
0.423758
0.590455
0.363334
-0.012092
0.279000
0.138112
0.382552
-0.008162
-0.140427
0.323064
-0.207341
-0.100771
-0.223625
0.033683
0.262668
0.093087
0.472827
1.716184
0.718828
1.278016
2.346981
0.524423
0.668958
1.230624
1.117416
0.790351
2.016922
1.674709
1.968367
1.173786
0.852734
1.302781
0.833303
0.673750
0.426948
0.946745
1.992105
2.319164
2.220610
2.078412
1.522761
3.464544
1.065619
2.461049
5.155287
2.852176
2.669558
2.309934
2.140179
4.961896
1.909889
3.180026
4.483327
6.629673
4.549988
1.860400
1.298164
6.558400
6.923156
6.060334
4.880024
2.903672
1.391940
1.533204
0.544310
0.953866
0.663796
0.574958
2.509210
1.946584
1.534552
3.500130
1.354776
0.833503
2.831500
1.073083
0.405633
1.200761
1.099988
0.138859
0.072329
0.388669
1.114732
1.891505
1.099466
0.600252
0.098228
0.305858
0.121327
0.591406
0.285915
-0.009405
0.747912
0.521823
0.622655
0.683834
0.370355
0.105745
0.067512
0.469467
0.918772
0.120114
0.438923
0.416886
0.627742
-0.129577
0.276739
0.313122
0.251443
0.329734
0.681461
0.211092
-0.082286
-0.193955
0.765146
0.143072
0.311266
0.434272
0.259843
0.413795
0.568232
0.252266
-0.099750
0.015771
-0.021381
-0.073778
0.184392
0.166643
0.143222
-0.156451
-0.314050
0.023431
0.180073
0.112670
-0.228694
-0.260910
-0.322393
-0.354003
-0.345282
0.045973
-0.253455
-0.168660
-0.139249
-0.265570
-0.060935
0.146607
-0.209497
-0.415944
-0.363982
-0.160194
-0.310051
-0.519519
-0.321460
-0.331019
-0.543926
-0.426172
-0.242938
-0.350532
-0.186288
-0.346620
-0.435861
-0.286300
-0.453523
-0.225184
-0.392769
-0.278300
0.467963
-0.288983
-0.420071
-0.181081
3.553983
0.039766
-0.379549
-0.178036
-0.426423
-0.402420
0.015622
-0.517314
0.006833
-0.017299
-0.262704
-0.366147
-0.105929
-0.243289
-0.317395
-0.469574
0.029677
-0.406552
-0.253184
-0.404578
-0.262881
-0.224955
-0.445006
-0.111992
-0.390089
-0.334395
-0.212679
-0.158510
-0.333480
-0.529427
-0.563652
-0.588634
-0.534284
-0.627465
-0.495793
-0.629003
-0.613495
-0.729931
-0.545971
-0.417927
-0.575302
-0.532005
-0.356586
-0.586027
-0.530544
-0.559616
-0.525498
0.294257
-0.547257
-0.225673
-0.205324
-0.485119
-0.246946
-0.306131
-0.117979
-0.449614
-0.569151
-0.549673
-0.641538
-0.590334
-0.536939
-0.498475
-0.566113
-0.470312
-0.422065
-0.609639
-0.556284
-0.523766
-0.570740
-0.679662
0.350392
-0.350904
-0.428244
-0.219693
-0.325018
-0.175168
-0.208786
-0.393514
-0.406016
0.068424
-0.092219
-0.526713
-0.298373
-0.514241
-0.539567
-0.616182
-0.640963
-0.663836
-0.642515
-0.487376
-0.534480
-0.538634
-0.561694
-0.601081
-0.619639
-0.449692
-0.499004
-0.561443
-0.519169
-0.428878
-0.367047
-0.027362
-0.548329
-0.443218
-0.564246
-0.504788
-0.326589
-0.349748
-0.239327
-0.243434
-0.449905
-0.381851
-0.171149
-0.381417
-0.376273
-0.573417
-0.502816
-0.257627
-0.387052
-0.198490
-0.306450
0.403762
-0.431372
-0.370738
-0.297639
0.031709
-0.442559
-0.453432
-0.532906
-0.573406
-0.556517
-0.653181
-0.500448
-0.553780
-0.202889
0.448108
-0.180252
1.054697
-0.374633
-0.412202
-0.206061
-0.504010
0.224310
0.992562
0.994680
0.879206
0.406865
0.504915
0.199731
0.385965
0.352243
0.253284
0.802243
0.541116
0.419221
0.539179
0.393652
-0.057931
0.472168
0.702707
0.084741
0.173719
0.335129
0.134477
0.864486
0.434949
-0.155504
0.448154
-0.539006
-0.572645
-0.648586
-0.530638
-0.323838
-0.468066
-0.273672
-0.098279
-0.306514
0.344124
-0.308340
-0.208101
-0.154523
-0.259039
0.093999
-0.027512
0.339804
-0.263050
-0.013197
-0.199520
0.257128
-0.263189
-0.263496
-0.445447
-0.393933
-0.432978
-0.343251
0.075472
-0.518098
-0.577676
-0.073806
-0.468183
-0.016392
-0.392727
-0.484003
-0.480847
-0.480266
0.223533
-0.218414
-0.243901
-0.402580
-0.153323
0.048116
-0.140972
-0.222375
-0.438150
-0.295477
-0.093743
-0.232422
-0.340253
0.353805
-0.522358
-0.322753
-0.544876
-0.541181
-0.485315
-0.505433
-0.493322
-0.469293
-0.603603
-0.533199
-0.464856
-0.486473
-0.507045
-0.433654
-0.581350
-0.445746
-0.488009
-0.293909
-0.439122
1.012163
1.688430
1.999296
0.538465
1.661614
3.200650
1.222845
1.500826
1.687125
2.560355
4.426387
3.715756
1.318862
1.337280
0.070922
0.228033
0.117078
0.184944
0.258154
0.083725
-0.004320
-0.070794
-0.043081
0.331196
0.322105
0.477458
0.323257
0.055165
0.466190
-0.041028
-0.014911
-0.406990
-0.457920
-0.433879
0.015969
-0.114485
-0.153616
0.185852
-0.106885
0.105846
-0.241564
-0.203187
-0.207437
-0.048291
0.206805
-0.255334
-0.182782
-0.251087
-0.093252
-0.258335
-0.248996
-0.095294
0.239709
-0.379159
-0.207032
-0.521274
-0.521650
-0.467763
-0.527252
-0.595097
-0.772098
-0.664182
-0.677008
-0.697673
-0.655355
-0.575703
-0.529980
-0.680384
-0.652966
-0.657516
-0.705983
-0.582255
-0.595449
-0.506468
-0.586080
-0.464895
-0.595971
-0.586267
-0.569105
-0.435840
-0.402135
-0.618195
-0.409004
-0.476118
-0.668593
-0.617571
-0.634952
-0.675512
-0.621009
0.084941
-0.544461
-0.383344
0.263685
0.115452
-0.034900
-0.172775
-0.093567
0.138312
-0.043814
0.187883
-0.219567
-0.254418
0.253654
-0.116826
0.454900
0.135331
-0.335665
-0.392464
-0.313871
-0.419973
0.378711
0.296289
-0.287633
0.726437
-0.072589
-0.034964
0.227821
-0.245158
1.046520
0.346529
0.427603
0.249315
-0.190078
-0.140075
-0.076753
-0.055809
0.355096
-0.090165
0.009044
-0.264018
-0.300685
-0.015055
-0.355420
-0.205569
-0.218418
-0.095402
-0.448645
0.977414
-0.393479
-0.279060
-0.437633
-0.451629
-0.232762
-0.457002
-0.182884
-0.264681
-0.350515
-0.381252
-0.299141
-0.463065
-0.569978
-0.426102
-0.167425
-0.494175
-0.394642
-0.423664
-0.297983
-0.545440
-0.487511
-0.588771
-0.583860
-0.140956
-0.477896
-0.460997
-0.526720
0.059774
-0.578209
-0.474049
-0.556018
-0.348669
-0.593912
-0.144167
-0.291516
-0.431486
-0.448820
-0.378178
-0.590281
-0.415697
-0.498533
-0.537896
-0.632088
-0.634402
-0.462179
-0.644604
-0.650769
-0.570426
-0.509998
-0.512087
-0.486964
-0.408949
-0.300341
-0.333724
-0.509826
-0.550934
-0.208679
-0.421752
-0.175638
-0.204265
-0.259688
-0.307873
-0.405252
-0.507582
-0.530302
-0.427213
-0.559762
-0.671879
-0.609317
-0.455288
-0.434228
-0.532522
-0.591360
-0.343185
-0.439989
-0.584758
-0.472852
-0.191216
-0.454414
-0.501243
-0.461185
-0.392302
-0.207304
-0.409741
0.397806
-0.252022
-0.590249
-0.452025
-0.602207
-0.626394
-0.605485
-0.677425
-0.608637
-0.318107
-0.652147
-0.516715
-0.419905
-0.605895
-0.534250
-0.547922
-0.431627
-0.393651
-0.522057
-0.434983
-0.124259
-0.368325
-0.079127
-0.194900
0.219065
0.888793
0.706282
0.487823
0.594876
0.445253
0.749441
0.822464
0.769261
0.540985
0.249587
0.614421
1.678266
0.110028
0.655606
0.842321
0.412483
-0.012593
0.376305
0.049399
-0.090948
0.294392
-0.134580
0.620779
-0.014556
0.082921
0.021736
-0.326570
-0.429397
-0.390404
-0.340615
-0.430301
-0.357611
-0.011205
-0.363754
-0.396175
-0.363071
-0.323670
-0.554495
-0.338395
-0.482045
-0.386701
-0.266745
-0.184601
0.166725
-0.330554
0.526982
-0.241125
-0.290175
-0.102671
-0.429756
-0.306489
-0.269464
-0.478043
-0.357729
-0.296937
1.021879
-0.169822
-0.167315
0.251085
-0.224851
-0.167819
-0.356744
-0.457004
0.097280
-0.149931
-0.241552
-0.343751
-0.069787
-0.346069
-0.458185
-0.456525
-0.509677
-0.104301
-0.092265
-0.339755
-0.007692
-0.327789
-0.353952
-0.204157
-0.272669
-0.375014
-0.255305
-0.347186
-0.382635
-0.225233
-0.308203
-0.188124
-0.315872
-0.272290
-0.486793
-0.171468
-0.348549
-0.461821
-0.395903
-0.516271
-0.384294
-0.550094
-0.544397
-0.420747
-0.439068
-0.545996
-0.333120
-0.533132
-0.477070
-0.526861
-0.546386
-0.521803
-0.556436
-0.207750
0.926039
0.706885
0.522284
-0.083662
0.162415
1.182358
0.253574
0.563265
1.214095
0.988412
0.318717
0.035952
0.222705
-0.149576
-0.382775
-0.239174
-0.381147
-0.284552
-0.457131
-0.411248
-0.456199
-0.271111
-0.476297
-0.387860
-0.426248
-0.497748
-0.486907
-0.465178
-0.581410
-0.453921
-0.139929
0.386285
-0.521410
-0.533841
-0.333875
-0.402276
-0.229617
-0.426073
-0.214184
-0.504183
-0.473858
-0.204035
-0.326475
-0.159800
-0.452068
-0.591939
-0.620293
-0.182411
-0.609429
-0.568367
-0.532330
-0.474027
-0.446011
0.033967
-0.553789
-0.378933
-0.455352
-0.339127
-0.240723
-0.561219
-0.331534
-0.574101
-0.271720
-0.415787
-0.483130
-0.329264
-0.255361
-0.478728
0.063690
-0.297630
-0.447017
-0.516755
-0.436398
-0.508462
-0.460850
-0.485983
-0.526675
-0.358694
0.514152
-0.178804
-0.226019
0.275610
-0.168067
0.005468
-0.127794
0.185594
0.218325
0.255132
0.287697
0.516456
0.099728
-0.091886
-0.394197
-0.307537
-0.355145
-0.464646
0.135896
-0.333642
-0.397786
-0.365488
-0.347485
-0.406789
-0.269760
-0.402255
-0.001683
-0.080925
-0.236981
-0.132981
0.056976
0.116673
-0.263893
-0.009939
-0.058754
-0.018795
-0.037623
-0.009515
0.225032
0.374144
0.680505
-0.267448
0.260148
0.145387
0.167290
-0.113403
0.240458
0.222482
-0.107770
-0.066462
-0.109552
-0.253865
-0.138957
2.268318
7.847699
1.971859
2.844525
3.023624
2.473133
3.076693
2.073394
13.512258
1.169481
1.941940
2.006689
2.070932
0.602798
1.554768
3.374094
0.223323
0.224249
0.144986
0.427118
0.101092
-0.021607
1.831675
-0.089114
0.623394
1.154073
1.105643
0.492844
0.498534
0.791455
0.354797
1.214587
0.913253
0.932742
1.305666
0.450578
0.322989
0.212065
0.496863
0.375320
0.783922
0.986043
0.307518
0.354804
0.950449
1.238927
0.684343
1.041841
0.154075
0.126948
1.231488
1.299150
0.336725
0.200778
1.680758
0.136055
0.065032
0.355755
0.001585
-0.129694
0.212017
-0.355610
4.206426
-0.180657
0.297188
-0.299148
-0.471863
0.094037
-0.242826
0.538608
-0.060077
-0.073581
0.644024
-0.031936
0.649549
0.253715
1.052120
0.077588
1.145121
0.184849
1.249810
0.242161
0.103292
0.116103
-0.303905
-0.182640
-0.238527
0.035377
-0.435492
0.017107
-0.445337
-0.521229
-0.293896
-0.249609
-0.099798
-0.403826
-0.497971
-0.650510
-0.531128
-0.491155
-0.530392
-0.656890
-0.436784
-0.357105
-0.500109
-0.613875
-0.547046
-0.482136
-0.444810
-0.517385
-0.529727
-0.558883
-0.203243
-0.182452
-0.179594
-0.380078
-0.071089
-0.223291
0.032496
0.054932
0.458727
0.924330
0.477916
1.731993
2.291283
1.470230
4.929492
7.998771
4.641724
5.167185
8.172451
2.919949
5.910137
4.632366
3.413740
9.888379
3.206400
6.716310
15.127477
4.007825
3.022709
4.342280
2.096532
0.784338
1.201902
1.148788
1.162467
1.152202
0.655653
1.295285
1.398131
0.449972
1.647657
2.642697
1.146836
1.441295
1.171713
1.097771
1.940802
3.038811
1.283247
1.457155
1.312588
0.758266
0.514375
2.421604
1.004752
0.655692
0.253985
0.187939
-0.092836
1.018706
-0.295457
0.443769
1.531100
-0.003267
0.169985
2.480091
0.817976
-0.083748
0.050421
0.027959
0.250747
0.122067
0.030183
0.289220
-0.076527
-0.116110
0.183244
-0.073331
-0.193980
-0.255109
-0.184094
-0.259321
-0.359843
-0.366202
0.276121
-0.133553
-0.017261
0.233745
0.891374
-0.022180
-0.362501
-0.204753
0.055746
0.037979
1.415252
0.123691
1.830745
0.481284
0.676078
0.540494
4.540360
1.926105
0.316323
0.264657
0.334085
0.497656
0.390875
0.222317
0.521023
0.776771
1.142723
0.640151
-0.055827
0.034011
-0.363545
-0.220993
-0.269433
0.235386
0.740494
-0.202887
0.231015
-0.125363
-0.315671
-0.064567
0.077225
-0.111233
0.103668
-0.344508
-0.145578
-0.328028
-0.412062
-0.222236
-0.114545
-0.216009
-0.292496
-0.446495
-0.434772
-0.260587
-0.072508
0.409986
-0.161824
0.145209
0.018001
0.602436
-0.082170
-0.161165
0.032591
0.011648
-0.232462
-0.312567
-0.216890
-0.313250
-0.245203
-0.341870
-0.393254
-0.236419
-0.026206
-0.322947
-0.160727
0.029987
-0.426831
-0.471644
-0.038772
0.370040
1.175611
1.168897
3.186004
3.501505
1.859517
2.804031
1.708071
0.840293
1.626696
3.216812
2.273679
4.403643
1.485156
2.046514
0.496055
3.050307
1.799716
5.349387
0.911028
0.561413
0.536471
0.195263
1.113569
0.832107
1.874960
1.262316
2.023174
1.915160
1.297602
1.539915
3.393048
0.937102
1.793816
5.557185
3.657735
3.576945
2.387290
1.862394
2.183196
6.463935
5.218180
4.669959
2.489170
1.354486
0.390344
-0.156949
-0.111025
0.578741
-0.172428
0.867172
0.747148
0.629474
0.445204
0.434957
0.407006
-0.070493
0.539296
0.493338
0.169060
0.099734
0.500723
-0.126507
-0.275806
-0.087961
-0.054013
0.076226
-0.001277
-0.131389
-0.321101
-0.145961
-0.075133
0.880982
-0.017636
0.956462
1.019321
0.394063
0.335645
0.242771
0.259949
0.069482
0.559481
0.038896
0.000517
-0.061899
0.038818
0.234896
0.275383
0.025043
0.374558
0.301665
0.122403
-0.008078
-0.204946
-0.382155
-0.135913
-0.072400
0.948872
-0.313484
-0.115475
-0.296556
-0.203717
-0.126576
-0.229687
-0.254529
-0.216771
-0.415365
-0.425005
-0.462735
-0.286091
-0.506392
-0.440897
-0.334538
-0.252031
-0.177617
-0.397773
-0.080706
-0.304148
0.029129
-0.411633
0.135591
0.386478
-0.018370
0.203636
0.190763
-0.068810
0.206735
0.091825
-0.136630
0.023640
-0.201128
-0.365881
0.063720
-0.040441
-0.355628
-0.231397
-0.428853
0.020899
-0.362977
-0.453864
-0.192674
-0.472111
-0.473482
-0.193392
-0.277839
-0.276389
-0.275876
-0.421110
-0.185827
-0.008627
-0.278714
-0.197700
-0.303413
-0.307301
-0.385757
-0.230760
-0.294316
-0.250568
-0.106600
-0.525831
-0.305250
-0.456339
-0.639197
-0.467626
-0.477675
-0.313725
-0.292571
0.956106
0.239661
1.011930
0.470416
0.174851
2.230730
0.205585
0.462477
1.674087
0.493061
0.230311
0.415668
0.251586
0.158536
-0.095346
-0.362204
-0.199348
-0.087397
-0.023520
-0.116600
-0.007679
-0.176393
-0.392593
-0.548827
-0.420784
-0.492877
-0.608092
-0.482662
-0.557529
-0.589329
-0.520283
-0.337042
-0.205876
-0.453763
-0.356817
0.268233
0.068079
-0.269759
-0.203803
-0.104051
0.447862
-0.302116
-0.495540
-0.465012
-0.582198
-0.546510
-0.512848
-0.577073
-0.598686
-0.688567
-0.545808
-0.489822
-0.639380
-0.548470
-0.561491
-0.560720
-0.490318
-0.497067
-0.539800
-0.298534
-0.478332
-0.572136
-0.553700
-0.314080
-0.434013
-0.594778
-0.406420
-0.388257
-0.453721
-0.662225
-0.682981
-0.553496
-0.481177
-0.486398
-0.526809
-0.605599
-0.547995
-0.604896
-0.664305
-0.484682
-0.470538
-0.504448
-0.505599
-0.481927
-0.486480
-0.562868
-0.388254
-0.205812
-0.225182
-0.558251
-0.471869
-0.600141
-0.415852
-0.567419
-0.655052
-0.536255
-0.536988
-0.489230
-0.609430
-0.456031
-0.662069
-0.530703
-0.507149
-0.541501
-0.487202
-0.369957
-0.247573
-0.487407
-0.283369
-0.301738
-0.534342
-0.321470
-0.260400
-0.055778
-0.273961
-0.225902
-0.240092
0.282199
-0.087380
0.144229
0.214407
1.279434
-0.095432
0.111776
-0.158008
0.400346
-0.144950
0.145808
-0.116342
-0.216001
-0.205755
0.072183
-0.297694
0.107644
0.720323
-0.237584
-0.384666
-0.584669
-0.464229
-0.515760
-0.521577
-0.284176
-0.542203
-0.294597
-0.578138
-0.538230
-0.250561
-0.409989
-0.576661
-0.523016
-0.581755
-0.573391
-0.518351
-0.424902
-0.423988
-0.499746
-0.426834
-0.600103
-0.401922
-0.383328
-0.428499
-0.446640
-0.513840
-0.596197
-0.582793
-0.693662
-0.682003
-0.536480
-0.656329
-0.628672
-0.612344
-0.722715
-0.536904
-0.587463
-0.327606
-0.385928
-0.699928
-0.444325
-0.630870
-0.495770
-0.449359
-0.496072
-0.634051
-0.604403
-0.446590
-0.542459
-0.601698
-0.515892
-0.478673
-0.670388
-0.671324
-0.638852
-0.636044
-0.652166
-0.510979
-0.520238
-0.534990
-0.727968
-0.464482
-0.583132
-0.520790
-0.582741
-0.680028
-0.579348
-0.559885
-0.553356
-0.478167
-0.145034
0.186027
0.197741
0.381476
0.751116
0.063554
0.816441
-0.244511
0.054086
0.549206
0.032240
-0.135951
-0.013890
0.230859
-0.361594
-0.360857
-0.430037
-0.172713
-0.335133
0.182545
-0.176704
0.004408
0.146148
-0.381532
-0.379601
-0.259791
-0.230464
-0.088142
-0.323355
-0.362489
0.069787
-0.163175
-0.156059
-0.054889
-0.173224
-0.301165
0.093369
0.100679
-0.236772
-0.232687
0.445199
0.105674
-0.142558
0.069718
-0.360385
-0.326957
-0.071724
-0.310888
-0.483082
-0.397210
-0.164489
-0.312897
-0.275320
-0.242581
0.151392
-0.435354
-0.358136
-0.282452
-0.299610
-0.382413
-0.466946
-0.211535
-0.524024
-0.343460
-0.343514
-0.034329
-0.317996
0.058769
-0.253335
-0.508354
-0.588064
-0.621542
-0.515315
-0.522682
-0.512648
-0.518184
-0.374627
-0.510704
-0.253895
-0.513368
-0.275731
-0.377148
-0.509982
-0.391386
-0.474048
-0.592066
-0.497551
-0.582654
-0.461328
-0.459256
-0.356755
-0.364926
-0.578779
-0.092840
-0.521756
-0.384467
-0.355968
0.795731
0.835261
1.448350
7.638566
1.228331
1.191787
1.251786
1.261193
1.526949
1.695994
1.275846
0.922216
0.520923
0.875959
0.336877
0.356610
0.179575
0.079580
-0.052453
0.194085
-0.124482
-0.340865
-0.042326
-0.183500
0.250399
-0.328095
-0.214747
-0.117692
-0.427508
-0.247722
-0.244837
-0.459787
-0.157665
-0.289375
-0.315179
-0.063743
-0.376271
-0.171784
-0.538099
-0.266647
-0.540842
-0.510931
-0.623427
-0.374888
-0.246583
-0.287681
-0.472218
-0.588287
-0.641538
-0.531687
-0.664674
-0.613665
-0.651608
-0.711485
-0.546950
-0.584182
-0.621564
-0.561409
-0.625573
-0.510604
-0.359067
-0.388782
-0.139564
-0.268111
0.421697
-0.043946
0.132793
0.013508
-0.085069
-0.334050
0.606264
-0.230262
-0.334505
-0.338984
-0.320319
-0.173299
-0.254929
0.500427
-0.298829
-0.336842
-0.069751
-0.052466
-0.211011
-0.081215
-0.213195
-0.086267
0.202093
-0.319653
0.002011
0.008734
-0.167305
0.306794
-0.116793
-0.204293
0.308281
0.769425
0.790419
1.960522
0.460854
-0.063022
0.058199
0.897134
0.551734
0.258223
0.491347
-0.125816
0.013477
0.046214
-0.299248
0.153367
0.241894
-0.157724
0.384957
-0.039297
-0.398071
-0.504700
-0.286727
-0.515497
-0.306874
-0.318294
-0.299594
0.279019
-0.117723
0.033195
0.311945
0.294342
-0.181998
0.036303
0.838625
0.177041
-0.180813
0.696711
-0.023824
0.521336
-0.111625
0.289475
-0.311950
-0.274956
-0.264299
0.193548
0.019513
1.732877
0.321929
0.978713
0.307331
0.418449
1.346404
1.111185
-0.245960
0.165399
1.005992
0.501570
-0.201908
-0.537793
-0.600608
-0.521530
-0.524884
-0.498518
-0.432826
-0.604375
-0.457294
-0.441572
-0.267413
-0.222017
0.720287
-0.455225
-0.490309
-0.545177
-0.525372
-0.526556
-0.465829
-0.680636
-0.566932
-0.514171
-0.492943
-0.411246
-0.448095
-0.465151
-0.227744
-0.594768
-0.243249
-0.276929
-0.471211
-0.424821
-0.569730
-0.511999
-0.307347
-0.333540
-0.089210
-0.557950
-0.451372
-0.356758
-0.304829
-0.458181
-0.337109
-0.595944
-0.605793
-0.376547
0.008720
-0.519045
-0.454953
-0.535824
-0.528707
-0.530726
-0.492383
-0.426405
-0.479277
-0.464394
-0.411819
-0.309566
-0.431477
-0.298309
-0.462354
-0.408150
-0.459685
-0.525575
-0.471501
-0.569531
-0.528443
-0.539825
-0.539716
-0.484122
-0.519798
-0.391960
-0.465529
-0.469387
-0.556723
-0.564633
-0.614993
-0.599793
-0.543078
-0.437932
-0.454046
-0.584317
-0.551903
-0.563876
-0.397938
-0.433364
0.062483
-0.516244
-0.514200
-0.400165
-0.528628
-0.697262
-0.584034
-0.579141
-0.523480
-0.544564
-0.399582
-0.532952
-0.407770
-0.400649
-0.558505
-0.528265
-0.424291
-0.459449
-0.554599
-0.159621
-0.110469
0.081234
-0.457938
-0.300913
-0.342881
-0.565216
-0.346872
-0.399663
-0.362322
-0.403879
-0.509177
-0.413968
-0.381452
-0.414286
-0.416280
-0.281514
-0.180580
-0.284030
-0.430089
0.005373
-0.463762
0.352566
-0.239157
-0.371482
-0.268447
-0.417498
0.232275
-0.248785
0.083666
-0.312623
0.139599
-0.261242
-0.038928
0.238576
-0.542621
0.283115
-0.484879
-0.474358
-0.478447
-0.419030
-0.299793
-0.157358
0.229810
-0.344940
-0.083599
-0.280834
-0.068188
-0.221161
0.159522
-0.133143
-0.330733
-0.410113
-0.008947
-0.007866
0.515324
-0.292578
-0.394519
-0.491426
-0.265625
-0.462072
-0.405730
-0.452009
-0.588925
-0.462987
-0.457696
-0.194401
-0.175029
-0.227571
0.179515
-0.157947
0.055451
-0.303198
-0.339069
-0.308699
-0.593624
-0.543472
-0.537753
-0.525666
-0.632801
-0.387813
-0.590823
-0.567176
-0.511203
-0.486960
-0.619267
-0.727407
-0.563341
-0.737699
-0.642646
-0.730418
-0.588643
-0.691682
-0.688571
-0.498425
-0.509629
-0.425123
-0.248331
-0.260677
-0.509314
-0.513803
-0.610827
-0.234828
-0.549706
-0.165998
-0.587302
-0.488506
-0.420214
-0.570339
-0.395919
-0.416242
-0.468225
-0.504590
-0.650482
-0.557341
-0.498956
-0.632784
-0.507813
-0.516635
-0.554402
-0.381552
-0.134595
-0.329575
-0.390507
-0.126424
-0.172009
-0.466612
-0.497895
-0.634819
-0.667916
-0.664308
-0.631174
-0.491237
-0.411029
-0.600405
-0.343611
-0.557726
-0.605638
-0.682075
-0.672636
-0.629414
-0.517492
-0.271664
-0.486453
-0.371600
-0.432323
-0.364292
-0.081668
0.052205
-0.431983
-0.162646
-0.032321
-0.094341
-0.318186
-0.342597
-0.108155
0.046787
0.205963
-0.027832
0.277944
-0.057123
-0.088304
0.008488
0.011001
0.512534
-0.130590
0.154250
0.088922
0.038291
0.276753
0.563132
-0.184704
-0.405320
-0.456872
-0.246129
-0.089832
-0.550402
-0.555569
-0.299179
-0.205275
-0.396121
-0.183873
-0.119724
0.468961
0.148048
-0.218188
0.390185
-0.055924
-0.120957
-0.437235
-0.029123
-0.238629
-0.298615
-0.150344
-0.114601
-0.138268
-0.394654
-0.107153
-0.243416
-0.336513
-0.274803
-0.163066
-0.431220
-0.219890
-0.516237
0.070231
-0.321647
-0.344365
-0.446301
-0.417821
-0.428541
-0.445499
-0.601668
-0.532044
-0.454087
-0.599284
-0.348468
-0.330572
-0.213782
-0.450490
-0.447463
-0.575235
-0.330126
-0.319626
-0.360771
-0.184139
-0.161629
-0.227853
-0.294527
-0.373532
-0.380093
-0.224038
-0.506273
-0.498690
-0.347704
0.098605
0.651767
-0.330503
0.074228
-0.057484
0.046246
0.127780
-0.123564
0.049212
-0.004545
0.425681
0.030214
0.079359
-0.082550
-0.212848
-0.277547
-0.197536
0.576938
-0.263469
-0.089177
-0.312816
-0.330924
-0.320310
-0.164996
-0.094442
-0.165187
0.004646
-0.084157
-0.423240
-0.458498
-0.128233
-0.434288
-0.046965
-0.009344
-0.376405
-0.134702
-0.477273
-0.625571
-0.483441
-0.564251
-0.626772
-0.679293
-0.634321
-0.693913
-0.697131
-0.607341
-0.623667
-0.642090
-0.448821
-0.681061
-0.224231
-0.475057
-0.536233
-0.667871
-0.384780
-0.460514
-0.531087
-0.171611
-0.637183
-0.322311
-0.383297
-0.450510
-0.580829
-0.570760
-0.633729
-0.640077
-0.654276
-0.564828
-0.621264
-0.630376
-0.614861
-0.636067
-0.615014
-0.437305
-0.356119
-0.279571
-0.509285
-0.486797
-0.147165
-0.202980
-0.267458
-0.147598
-0.149076
-0.282168
-0.462126
-0.489124
-0.485730
-0.505909
-0.457795
-0.437338
-0.405580
-0.550932
-0.513132
-0.643228
-0.638889
-0.630337
-0.658480
-0.635101
-0.293188
-0.533034
-0.553556
-0.368390
-0.380846
-0.262036
-0.434757
-0.374759
-0.469690
-0.163460
0.665614
-0.038388
0.108236
0.557534
0.469486
0.334263
0.645151
0.458404
3.693818
0.774229
0.480558
0.415885
1.068760
0.307839
0.372888
0.621125
0.512361
0.425749
0.277694
0.428307
2.074517
0.396798
0.152579
0.301695
0.673177
0.335118
-0.315072
0.179115
0.522165
1.318565
1.095862
0.568750
0.177818
-0.466048
-0.554598
-0.377914
-0.538657
-0.222843
-0.432563
-0.229798
-0.167231
0.047769
-0.476841
-0.185931
-0.209996
-0.083749
-0.346593
0.373810
-0.051000
-0.338964
-0.119633
-0.058578
0.042138
0.660036
0.040646
2.000979
0.463750
2.227973
-0.234621
-0.052287
0.127573
0.869312
0.069397
0.819822
-0.218825
-0.106586
-0.223079
-0.329071
-0.003494
-0.565691
-0.446289
-0.128555
-0.572023
-0.198241
-0.590220
-0.572368
-0.579164
-0.565988
-0.528621
-0.379216
-0.431814
-0.400383
-0.343645
-0.241425
-0.024408
0.042415
-0.165158
-0.021005
-0.408804
-0.125947
-0.302846
-0.449405
-0.305802
-0.492494
-0.548015
-0.565140
-0.450138
-0.195184
-0.480642
-0.493571
-0.244572
-0.300941
-0.423361
-0.519146
-0.270343
-0.200958
0.243426
0.430045
0.590486
2.292532
1.453700
0.734667
2.079409
1.086448
2.245481
0.551355
0.167847
1.115319
1.075841
0.246501
0.665174
0.566437
0.824003
0.352051
0.947628
1.409830
-0.325843
-0.272407
-0.331523
-0.184652
-0.271350
-0.239843
-0.078337
-0.304261
0.004421
0.005483
-0.305992
-0.262708
-0.359162
-0.523133
-0.301265
-0.486783
-0.445691
-0.418603
-0.574789
-0.295496
-0.297581
-0.488327
-0.537712
-0.451652
-0.475304
-0.476933
-0.592426
-0.498493
-0.498708
-0.456253
-0.576383
-0.601565
-0.598368
-0.567855
-0.605542
-0.479546
-0.439004
-0.364796
-0.581357
-0.201036
-0.460796
-0.362938
-0.205902
-0.373396
-0.445204
-0.538513
-0.636829
-0.647204
-0.581923
-0.201726
-0.567821
-0.531186
-0.556784
-0.341252
-0.675225
-0.633411
-0.548323
-0.612698
-0.435851
-0.005593
-0.598181
-0.567676
-0.387783
-0.482606
-0.479920
-0.301082
-0.452592
-0.573333
-0.501873
-0.520676
-0.482307
-0.598329
-0.645492
-0.608676
-0.508853
-0.622273
-0.500851
-0.576765
-0.598794
-0.623428
-0.524961
-0.265018
-0.343814
-0.433068
-0.453341
-0.569949
-0.459258
-0.315895
-0.409154
-0.470598
-0.462275
-0.535441
-0.604868
-0.437692
-0.404774
-0.689849
-0.586647
-0.550268
-0.627974
-0.604214
-0.578797
-0.578747
-0.708545
-0.683687
-0.515803
-0.596829
-0.475321
-0.534040
-0.182996
-0.339823
-0.299468
-0.259483
-0.494441
-0.321679
-0.248239
-0.268705
-0.338919
-0.364408
-0.441283
-0.198840
-0.407699
-0.189170
-0.243651
-0.055371
0.249085
0.023276
0.047311
-0.031618
-0.044202
-0.003687
-0.281100
0.076210
0.075607
0.032330
0.802928
1.052088
-0.211310
0.229763
-0.226305
-0.340604
-0.366957
-0.209824
-0.218688
-0.459242
-0.276469
-0.568434
-0.421726
-0.193064
-0.559136
-0.572521
-0.483154
-0.572971
-0.536954
-0.574774
-0.025976
-0.225195
-0.379411
-0.434377
-0.360644
-0.549712
-0.459053
-0.304305
-0.370743
-0.421416
-0.499493
-0.557811
-0.497510
-0.444575
-0.628612
-0.465442
-0.642916
-0.664625
-0.597605
-0.542692
-0.692561
-0.527429
-0.490158
-0.589316
-0.591872
-0.509943
-0.652629
-0.472976
-0.560317
-0.586906
-0.480114
-0.494486
-0.582345
-0.532678
-0.122515
-0.509126
-0.361935
-0.476286
-0.365990
-0.336482
-0.335969
-0.223473
-0.396561
-0.424319
-0.379206
-0.313986
-0.393925
-0.302337
-0.267920
-0.435392
-0.012485
-0.392000
0.064386
-0.229561
-0.317880
-0.535080
-0.581676
-0.611892
-0.568055
-0.604325
-0.484934
-0.272670
-0.520419
-0.621676
-0.505665
-0.480240
-0.544017
-0.521682
-0.513395
-0.657601
-0.591741
-0.585089
-0.497646
-0.514542
-0.468078
-0.534753
-0.561732
-0.548789
-0.468401
-0.454292
-0.310735
-0.379007
-0.382523
-0.192573
-0.480537
-0.418409
-0.086493
-0.476985
-0.264878
-0.464236
-0.261064
-0.498099
-0.355597
-0.476914
-0.575097
-0.391696
-0.418852
-0.375416
-0.162290
-0.562408
-0.348877
-0.562726
-0.385509
-0.545335
-0.596291
-0.385995
-0.250292
-0.358188
-0.476206
-0.307349
-0.440720
-0.141306
0.094655
-0.160618
-0.428290
-0.346431
-0.334907
-0.057024
-0.291094
-0.294369
-0.006853
-0.490470
-0.278535
-0.254092
-0.039910
-0.258024
-0.272623
-0.268113
-0.481829
-0.553368
-0.562882
-0.582662
-0.604100
-0.540167
-0.518952
-0.520919
-0.474261
-0.662595
-0.241935
-0.626493
-0.694459
-0.548264
-0.496001
-0.581661
-0.339071
-0.523664
-0.587819
-0.400287
-0.598869
-0.525353
-0.290744
-0.362389
-0.183599
-0.311121
-0.373608
-0.516938
-0.483424
-0.354668
-0.285861
-0.374335
-0.542169
-0.599619
-0.698224
-0.482060
-0.554569
-0.607880
-0.542304
-0.543375
-0.572970
-0.557324
-0.388082
-0.424947
-0.469152
-0.402473
-0.139935
0.472042
0.020541
0.546230
1.467294
0.676126
0.288432
0.921970
0.484879
0.243868
0.181073
0.163567
0.689907
-0.093384
-0.302870
-0.111334
-0.478216
-0.503419
-0.438968
-0.419741
-0.378899
0.060991
-0.274291
0.374303
-0.114418
0.634870
0.070292
-0.212378
-0.320574
-0.015436
0.029499
-0.189985
0.373747
0.252451
0.182681
-0.018904
-0.132270
-0.457366
0.413763
-0.018220
-0.044190
-0.442174
-0.378752
-0.018931
-0.151835
0.061705
-0.337492
-0.112393
-0.172094
-0.339086
-0.426416
-0.065805
0.176448
0.134812
0.041411
0.236084
-0.195186
0.044907
0.002495
-0.279295
-0.119787
1.170430
0.130419
-0.090220
-0.029499
-0.473239
-0.079482
0.069587
-0.071501
-0.245656
-0.158916
-0.157251
2.193080
-0.273014
-0.036211
-0.115582
-0.284459
-0.281726
0.813112
-0.164299
-0.071090
0.544778
0.165752
0.119408
0.769732
0.213839
0.578614
0.005998
0.096373
0.477999
0.005532
-0.338990
-0.083833
-0.318392
-0.339772
-0.209556
-0.345833
-0.246893
-0.195536
-0.195780
0.188395
-0.265327
0.225191
-0.038251
0.045591
-0.047133
0.100380
-0.103701
-0.068858
0.032955
0.269856
0.307496
-0.016579
0.185408
0.193995
-0.077434
-0.066967
0.158874
-0.000989
-0.483149
-0.343455
-0.089619
-0.343478
-0.272519
-0.372716
-0.493580
-0.503424
-0.477659
-0.538072
-0.448378
-0.374659
-0.312771
-0.588934
-0.459571
-0.500093
-0.485094
-0.637651
-0.255648
-0.514834
-0.119185
-0.440511
-0.252253
-0.283374
-0.333942
-0.506585
-0.527796
-0.471396
-0.512904
-0.450287
-0.455493
-0.138089
-0.376226
-0.490999
-0.556383
-0.186122
-0.454190
-0.285906
-0.520791
-0.010972
-0.477937
0.431173
-0.183782
-0.142434
-0.352209
-0.338832
0.094220
-0.386918
-0.548982
-0.394529
-0.358059
-0.590517
-0.563448
-0.042167
-0.167420
-0.476043
-0.542408
-0.380514
-0.561776
-0.615921
-0.603391
-0.560890
-0.230157
-0.435063
-0.406819
-0.545718
-0.341374
-0.359508
0.075833
-0.501913
-0.437428
1.287632
-0.483404
-0.346893
-0.037122
-0.544517
-0.287690
-0.559890
-0.486461
-0.489700
-0.522298
-0.265986
-0.418385
-0.195359
-0.414325
-0.131572
-0.344112
-0.110440
0.248650
-0.354617
-0.341316
0.005161
-0.537454
-0.017065
-0.504775
-0.158783
-0.599155
-0.413462
-0.550777
-0.605751
-0.501654
-0.556509
-0.621884
-0.688583
-0.499715
-0.506097
-0.610777
-0.567836
-0.325927
-0.272094
-0.077266
-0.474821
-0.589905
-0.580959
-0.482060
-0.426817
-0.517508
0.215119
-0.398286
-0.427065
-0.428256
-0.313881
-0.108740
-0.302234
-0.435088
-0.543244
-0.309426
-0.327380
-0.108834
-0.303042
0.019341
-0.258219
-0.483099
-0.021348
-0.416688
-0.396861
-0.536761
-0.396271
-0.548123
-0.280835
-0.364539
-0.323706
-0.458399
-0.424672
-0.371032
-0.420489
-0.249322
-0.459383
-0.391894
-0.490044
-0.591233
-0.462897
-0.463004
-0.423737
-0.525206
-0.266921
-0.361581
0.143530
-0.122099
-0.146625
-0.185220
-0.030458
0.149279
-0.197594
-0.118386
-0.232827
-0.352867
0.057915
0.102765
-0.186619
0.152489
-0.299627
-0.452504
-0.440310
-0.536123
-0.535952
-0.451741
-0.448907
-0.526862
-0.529734
-0.609402
-0.189608
-0.459797
-0.305494
-0.409737
-0.544712
-0.595810
-0.350420
-0.295111
-0.416445
-0.462333
0.492091
-0.400329
-0.454572
-0.478366
-0.353409
-0.450888
-0.412483
-0.508166
-0.095449
-0.495989
-0.367707
-0.510517
-0.105734
-0.303307
-0.680418
-0.325160
1.405915
-0.573169
-0.425840
-0.398072
-0.385097
-0.373691
-0.270984
-0.262237
-0.171961
-0.368535
-0.391835
-0.047685
-0.355839
-0.264744
-0.492208
-0.576777
-0.526053
-0.408721
-0.190571
-0.550537
-0.153775
-0.554397
-0.088567
0.046934
-0.277559
-0.601316
-0.393729
-0.473901
-0.341148
-0.271014
-0.386032
-0.313170
-0.642745
-0.595902
-0.372366
-0.327516
-0.482382
-0.548390
-0.526960
-0.536836
0.180381
-0.544865
-0.554329
-0.602226
-0.371527
-0.591955
-0.460804
-0.540288
-0.687881
-0.624799
-0.582925
-0.701361
-0.640260
-0.284712
-0.603169
-0.408671
-0.562485
-0.425532
-0.537728
-0.635974
-0.550335
-0.552940
-0.492830
-0.421701
-0.496238
-0.553652
-0.367395
-0.004406
-0.259369
-0.267366
-0.275314
-0.301377
-0.407951
-0.121556
-0.265740
-0.273952
-0.129418
-0.067806
-0.327653
-0.224115
-0.283058
-0.249022
-0.288510
-0.345267
-0.423601
-0.521115
-0.425734
-0.392122
-0.435658
-0.539379
-0.107265
0.054443
-0.191726
0.048995
-0.069986
-0.026520
-0.104010
0.139038
0.540691
0.410782
0.162673
-0.136342
-0.012283
0.053859
-0.134441
0.266501
-0.156510
