-0.870699
-0.870699
-0.870699
-0.870699
-0.870699
-0.870699
-0.870699
-0.870699
-0.870699
-0.870699
-0.870699
-0.870699
-0.870699
-0.870699
-0.870699
-0.179628
-0.340424
-0.254812
-0.355756
-0.282744
-0.285320
-0.065336
0.002715
-0.352940
-0.261910
-0.160696
-0.018339
-0.307669
-0.160450
-0.203853
-0.364053
-0.255698
-0.127498
-0.255102
-0.357899
-0.310534
-0.337276
0.768094
0.905956
0.078653
0.147163
0.896596
0.187328
-0.132140
-0.062649
0.017622
1.026602
-0.196219
0.001845
-0.357392
-0.333560
-0.358622
-0.369334
-0.167059
-0.260567
-0.267363
0.015926
-0.206748
-0.273906
-0.067934
-0.267280
-0.295636
-0.247991
-0.282632
-0.141056
-0.316095
-0.345103
-0.440040
-0.361126
-0.286405
-0.478045
-0.328759
0.364284
-0.348613
-0.226334
-0.355689
-0.371288
-0.281676
-0.339892
-0.447535
-0.382581
-0.240198
-0.380242
-0.374274
-0.263775
-0.282112
-0.122723
0.081631
-0.259549
-0.083179
-0.036644
-0.154843
0.681708
-0.061705
-0.250619
-0.249169
-0.300635
-0.288391
-0.072794
-0.336030
-0.334183
-0.422246
-0.487120
-0.459809
-0.487228
-0.436818
-0.548715
-0.501866
-0.381195
-0.282308
-0.127590
-0.367440
-0.487348
-0.414037
-0.446510
-0.338026
-0.357997
-0.146237
0.014221
0.354079
0.459975
1.107196
0.961274
1.400916
0.928160
1.812443
1.025611
2.117547
0.724300
0.175876
0.566515
0.863160
0.513611
0.629488
0.604002
0.722969
0.840013
1.170801
1.924360
1.056496
0.397786
0.126227
0.478109
-0.246151
-0.271824
-0.479935
-0.271401
-0.450763
-0.424934
-0.489055
-0.289868
-0.383655
-0.168355
-0.436834
-0.215472
-0.315259
-0.282598
-0.344071
-0.271439
-0.395537
-0.196966
-0.296548
-0.253196
0.005599
-0.162954
-0.135695
-0.248052
-0.092360
-0.044616
0.206964
-0.293760
-0.309694
-0.353745
-0.383746
-0.405483
-0.335851
-0.273335
-0.256558
-0.188479
-0.353106
-0.376240
-0.289561
-0.379619
-0.445010
-0.282379
-0.149122
-0.235568
-0.181629
-0.367880
-0.346639
-0.256774
-0.013626
0.400474
-0.212096
-0.384850
-0.402858
-0.520761
-0.435733
-0.474641
-0.450172
-0.439940
-0.385605
-0.444896
-0.502356
-0.545396
-0.454759
-0.311793
-0.381702
-0.307798
-0.383405
-0.315807
-0.129383
-0.397261
-0.196931
-0.396966
0.252116
-0.294118
-0.237516
-0.202671
-0.258693
-0.395851
-0.137982
-0.231660
-0.054367
-0.354374
-0.286303
-0.332920
-0.272122
-0.326555
-0.304980
-0.334481
-0.315014
-0.339838
-0.310103
0.005590
0.032884
0.019341
0.937601
0.117842
0.971368
0.401308
1.353707
0.168074
0.641892
1.267319
1.549825
0.445351
0.980793
0.648453
0.232364
0.145885
0.643586
0.432651
0.266641
0.509081
0.604808
0.889855
0.912816
1.217010
0.310939
0.185257
0.122396
-0.120777
0.266014
0.221232
-0.055886
0.437453
-0.310854
-0.427413
-0.285710
-0.135286
-0.326705
-0.331647
-0.249701
-0.446657
-0.480715
-0.002589
-0.372406
-0.364130
-0.403540
-0.408484
-0.357264
0.430865
0.141271
0.182419
-0.083256
-0.177463
0.211138
-0.282384
-0.267052
0.003269
-0.047959
-0.193494
-0.094622
0.150030
0.668072
0.213571
0.064736
0.160183
0.270279
0.724990
-0.027874
0.006587
0.194007
0.185006
0.653387
0.274112
0.628495
0.077157
0.088185
-0.091910
0.030835
-0.155202
-0.310247
-0.118145
-0.492762
-0.467723
-0.359402
-0.222454
-0.302579
-0.378095
-0.446447
-0.458617
-0.374636
-0.037695
-0.319750
-0.394285
-0.393136
-0.268192
-0.394010
-0.086790
-0.231179
-0.330116
0.293328
-0.131170
-0.120276
-0.083774
-0.020632
-0.166784
-0.194313
-0.416804
-0.535356
-0.565579
-0.472506
-0.504894
-0.569927
-0.541894
-0.521123
-0.536170
-0.530295
-0.410972
-0.409523
-0.318075
-0.421012
-0.411852
-0.345633
-0.335549
-0.171089
-0.348457
-0.226619
-0.330521
-0.264203
-0.229115
-0.436466
-0.316080
-0.300409
-0.284495
-0.265711
-0.099526
-0.345461
-0.227551
-0.208167
-0.201084
-0.236780
-0.030357
0.060189
-0.188959
-0.008786
-0.114485
-0.101195
-0.047900
-0.285844
-0.171437
-0.195399
-0.337546
-0.310180
-0.350562
-0.323173
-0.372405
-0.132905
-0.491820
-0.476173
-0.426833
-0.414187
-0.383486
2.669007
0.263254
0.167808
-0.263267
-0.032640
0.036838
-0.094074
-0.190301
0.042631
-0.216544
0.032731
-0.372094
-0.083698
-0.335080
-0.127688
-0.343755
-0.138154
-0.264422
-0.328278
-0.002206
-0.264677
-0.014630
-0.039191
-0.165009
0.269639
-0.132020
-0.013839
-0.109216
-0.376590
0.004597
-0.153011
-0.007234
-0.135348
-0.076254
-0.029908
-0.181377
0.171859
-0.381574
-0.282546
0.007396
0.023445
-0.114866
-0.324598
-0.307570
-0.271159
-0.073336
-0.348209
-0.367538
-0.329802
-0.323097
-0.167051
-0.316457
-0.383300
-0.261938
-0.242605
-0.231008
-0.128655
-0.295790
-0.248003
-0.085491
-0.258405
-0.187605
-0.133529
0.021640
0.093938
0.404037
1.373794
1.408488
0.383464
0.236293
0.807500
0.489817
0.386538
0.653441
0.135046
0.630133
0.667135
0.471413
0.125965
0.766361
0.462686
0.765497
1.238111
0.021219
0.062726
-0.282495
-0.077735
-0.260281
-0.240323
-0.352873
-0.298801
-0.201623
-0.350502
-0.285308
-0.087453
-0.438392
-0.488658
-0.096849
-0.414682
-0.420105
-0.457872
-0.447947
-0.386448
-0.455988
-0.352561
-0.397643
-0.345078
-0.436690
-0.414476
-0.434949
-0.470358
-0.357270
-0.524647
-0.450046
-0.219672
-0.330607
-0.371560
-0.469956
-0.432983
-0.404178
-0.412113
-0.406299
-0.504157
-0.505889
-0.355597
-0.431923
-0.307581
-0.064618
0.165148
0.670382
0.009978
0.599370
0.202590
0.360727
1.319064
7.619590
4.681227
15.950802
10.848523
17.237545
16.441774
18.715045
12.145038
21.372399
6.346096
11.113387
14.157785
9.172954
16.366285
12.248310
22.719252
18.815958
2.436232
0.001742
-0.284308
-0.368856
-0.228163
0.528014
0.371258
0.743916
0.361975
2.397912
0.913693
1.113978
2.289214
0.905886
0.310480
0.938907
0.460319
1.015913
2.425107
-0.183491
-0.167886
-0.294493
-0.269133
-0.069730
-0.152890
-0.234262
0.654191
-0.163985
0.067378
-0.227097
0.034980
0.563206
0.171357
-0.100147
-0.174747
0.222154
0.379632
-0.081436
0.090054
-0.186064
-0.396818
-0.315380
-0.343378
-0.210352
-0.267937
-0.364723
-0.441797
-0.327093
-0.298999
-0.344799
-0.110294
-0.336313
-0.276353
-0.315521
-0.350646
-0.294864
-0.215693
0.099689
0.135839
0.210810
0.494332
0.427023
-0.126528
0.093480
0.484550
-0.146628
0.016222
0.168377
-0.257679
-0.130941
-0.234827
-0.033014
-0.199821
-0.296019
-0.290346
-0.472489
-0.397677
-0.255663
-0.463407
-0.420688
-0.491197
-0.459417
-0.504101
-0.552093
-0.455751
-0.381736
-0.340928
-0.292723
-0.342254
-0.142542
-0.276334
-0.378067
-0.303884
-0.395707
-0.289188
-0.318184
-0.306244
-0.345602
0.081993
0.261754
0.263867
0.952242
1.727019
0.360521
0.363640
0.551699
0.172289
0.522273
0.343440
1.097298
0.538953
0.102006
0.034692
-0.109835
-0.000639
0.100878
0.025556
0.018588
0.250903
-0.257190
-0.032304
-0.344503
-0.099730
0.348857
-0.291151
-0.345350
0.160030
-0.074752
-0.073076
0.604344
0.092459
-0.044173
0.135771
0.365475
0.502045
0.205422
0.171169
-0.221307
0.028524
2.466058
-0.093500
-0.093553
-0.276128
0.063153
-0.147579
-0.446906
-0.432066
0.126005
-0.368793
-0.170388
-0.406360
-0.523512
-0.086447
-0.201081
-0.321961
-0.434588
-0.423808
-0.365373
-0.340594
-0.296508
-0.225794
-0.448622
-0.491701
-0.465185
-0.520774
-0.515612
-0.333904
-0.528693
-0.464486
-0.295574
-0.360336
0.025823
-0.281666
-0.259668
-0.055146
0.107815
-0.070924
-0.136894
-0.080416
-0.253456
0.226451
-0.035026
-0.154863
0.185408
0.404844
0.222569
0.051970
0.412383
0.044351
-0.059669
0.398734
0.076297
-0.158263
-0.111918
-0.241249
-0.329826
-0.365456
-0.383872
-0.169456
-0.249072
-0.178969
-0.226788
0.444511
-0.228955
-0.205774
-0.281161
-0.259738
0.179578
-0.213466
0.121173
-0.225633
-0.378125
-0.307658
-0.409437
-0.345872
-0.259588
0.035685
-0.161815
-0.365571
-0.233628
-0.252990
-0.378873
-0.427640
-0.397477
-0.143521
-0.364137
-0.071941
-0.323196
-0.395866
-0.429955
-0.442786
-0.412674
-0.386479
-0.434378
-0.524015
-0.465274
-0.376024
-0.403446
-0.540414
-0.342215
-0.461557
-0.505877
-0.487530
-0.509515
-0.482666
-0.332767
-0.507667
-0.439497
-0.495850
-0.522464
-0.541724
-0.531001
-0.540415
-0.581701
-0.409761
-0.523181
-0.528592
-0.522705
-0.474625
-0.454563
-0.302434
-0.456970
-0.318732
-0.349091
-0.245596
-0.420391
-0.179476
-0.436498
-0.198939
-0.377838
-0.403786
0.131180
-0.155444
-0.377253
-0.485304
0.784265
0.033388
-0.348947
-0.343009
-0.452226
-0.313422
-0.397915
-0.421101
-0.218741
-0.291563
-0.313181
-0.067574
-0.323966
-0.231929
0.043429
-0.207038
-0.022805
0.277747
-0.013032
-0.064492
0.054044
0.385675
0.007943
0.535692
0.914470
1.018652
0.538991
0.889107
0.268687
1.031323
1.670431
0.932114
0.822154
0.315755
0.573287
1.120881
1.234282
1.880521
0.354916
0.249106
0.417105
-0.079344
1.169970
-0.129653
0.072811
-0.383312
-0.366590
-0.272340
-0.450201
-0.437361
-0.473061
-0.412585
-0.498121
-0.463445
-0.440515
-0.406289
-0.362551
-0.318969
-0.161699
-0.126694
-0.245496
-0.358062
-0.357198
-0.403738
-0.189998
-0.053474
-0.424386
-0.399812
0.033875
-0.501036
-0.284919
-0.381313
-0.238188
-0.356409
-0.342173
-0.317333
-0.398229
-0.393913
-0.392776
-0.399821
-0.420714
-0.173779
0.049973
0.010903
-0.161581
-0.165578
-0.206057
-0.078319
-0.367220
-0.079748
-0.067933
-0.292632
-0.201982
-0.394697
-0.192435
-0.528292
-0.456140
-0.533835
-0.532300
-0.494076
-0.542006
-0.400473
-0.405357
-0.123099
-0.494776
-0.391191
-0.261564
-0.447739
-0.288242
-0.411784
-0.516819
-0.269827
-0.492278
-0.366412
-0.372715
-0.406302
-0.123019
-0.376575
-0.344838
-0.375273
-0.311592
-0.288314
-0.274205
-0.427834
-0.263530
-0.325064
-0.235349
-0.286208
-0.262589
-0.335465
-0.016664
-0.340031
-0.156909
-0.164326
-0.306697
-0.461402
-0.346594
-0.264643
-0.346711
-0.262304
-0.190658
-0.289904
0.447098
0.619399
0.671971
0.399335
1.071791
1.457898
1.066714
0.635741
0.634010
1.352829
0.292074
0.910028
2.009893
0.899847
1.162176
0.789115
0.489501
0.087564
-0.325024
-0.191365
-0.385242
-0.292158
-0.447803
-0.104814
1.258010
0.198008
-0.171537
-0.223704
0.067183
0.014224
-0.120759
-0.140449
0.056098
0.078351
0.526502
0.053189
0.077958
0.241720
0.208038
-0.234476
-0.249313
-0.156696
-0.327973
-0.381697
-0.309138
-0.044281
-0.033980
-0.052545
0.028159
-0.115711
-0.175831
-0.120879
-0.216304
0.103717
-0.334981
-0.223208
-0.251845
-0.289623
-0.164626
-0.133233
0.033910
-0.263317
-0.091296
-0.069313
-0.318808
-0.331887
0.582499
-0.048389
-0.381805
-0.201244
-0.344140
-0.437669
-0.477395
-0.362445
-0.331177
-0.344829
-0.295264
-0.062806
-0.288187
-0.114954
-0.406712
-0.140648
-0.355587
-0.307575
-0.311583
-0.252886
0.528202
-0.097240
-0.335121
-0.376431
-0.362723
-0.365333
-0.488048
-0.412661
-0.375911
-0.382563
-0.167183
-0.076768
-0.162649
-0.138367
-0.184881
-0.240724
-0.259943
-0.104631
-0.144777
-0.325843
-0.064335
-0.032670
0.060208
-0.271719
-0.349071
0.738628
0.046336
0.346613
0.461748
-0.154366
-0.035449
0.662489
0.451936
1.272858
0.439580
0.127453
-0.010402
0.896261
0.556802
0.609725
0.070013
0.058836
0.175956
-0.004156
-0.030643
0.153507
0.092182
-0.098093
-0.073461
-0.250982
-0.146126
-0.010034
-0.264371
-0.201599
-0.210874
-0.344373
-0.343383
-0.079234
0.019789
-0.339367
-0.048718
-0.008697
0.234817
0.333078
0.190683
-0.109730
-0.176854
-0.224742
-0.143084
-0.278098
-0.087604
-0.180003
-0.213681
-0.217110
-0.120668
0.082383
-0.134912
0.033949
-0.221834
0.084599
-0.037393
0.005293
-0.108374
-0.044575
-0.010304
0.013169
0.131330
0.504553
1.219522
-0.083458
-0.041688
-0.225164
-0.256797
-0.308363
-0.250903
-0.276856
-0.232038
-0.361181
-0.084678
-0.300319
-0.162785
0.172788
-0.088685
-0.125126
-0.017170
-0.228103
-0.379699
-0.338811
-0.239693
-0.241583
-0.208824
-0.303329
-0.342353
-0.326603
-0.235611
-0.419034
-0.186770
-0.230747
-0.469172
-0.365857
-0.419462
-0.135212
-0.495116
0.005663
0.056205
-0.443853
-0.270302
-0.252176
-0.270107
-0.311599
-0.387075
-0.359375
-0.404911
-0.256746
-0.255446
-0.004187
-0.389401
0.127668
0.052697
-0.069724
-0.237495
-0.211021
0.021833
-0.364843
-0.389619
-0.163382
-0.245148
-0.021325
0.005414
-0.426475
-0.356333
0.173994
-0.349556
-0.348394
-0.294967
0.046440
-0.232512
0.048078
-0.235227
0.045209
-0.146438
0.373537
-0.091825
0.335551
0.229343
-0.039657
-0.130614
-0.029900
-0.409580
-0.156367
0.219579
0.316727
-0.051487
0.168603
0.040892
-0.231819
-0.099311
-0.022686
-0.205898
-0.174739
2.026090
-0.358251
-0.455237
-0.159488
-0.165629
0.613809
-0.177946
-0.344985
-0.380528
-0.257943
-0.409387
-0.351814
-0.407268
-0.290205
-0.129224
-0.362697
0.034717
-0.230757
-0.318381
-0.186670
-0.287976
-0.371008
-0.325460
-0.195296
-0.296217
-0.352466
-0.287289
-0.142887
-0.267238
-0.259664
-0.241725
-0.050778
0.581200
-0.159646
0.327225
0.250916
-0.209518
-0.229806
-0.125713
-0.134003
-0.106537
-0.033634
-0.224834
0.225825
-0.055758
-0.264750
-0.415262
-0.232917
-0.210215
-0.384401
-0.267103
1.184592
0.228741
-0.167878
0.073411
-0.080586
-0.088382
-0.041256
1.151041
-0.267343
-0.288410
-0.325875
-0.327944
-0.355624
0.032160
-0.312345
-0.169925
-0.285347
-0.444084
-0.419293
-0.325351
-0.229363
-0.361905
-0.329423
-0.097069
-0.188096
-0.318088
-0.065277
-0.250717
-0.067614
-0.276442
-0.300593
-0.316185
-0.371598
-0.308595
-0.273384
-0.327191
-0.070206
-0.332981
-0.429025
-0.439008
-0.406675
-0.359425
-0.332132
-0.184277
-0.312877
-0.320245
-0.357671
-0.317761
-0.482667
-0.218060
-0.451516
-0.451543
-0.513193
-0.474783
-0.429778
-0.454429
-0.464525
-0.268930
-0.271079
-0.203603
-0.371532
-0.355762
0.088382
-0.184790
0.035553
-0.317700
-0.437151
-0.279558
-0.337537
-0.387845
-0.459303
-0.499135
-0.523039
-0.058508
-0.451658
-0.496225
-0.407337
-0.428193
-0.411475
-0.328721
-0.197423
-0.175785
-0.167419
-0.324349
-0.346353
-0.345934
-0.434597
-0.246483
-0.339380
-0.146396
-0.094528
0.177508
0.103136
0.264078
1.008472
1.111241
0.260336
0.268883
0.312550
-0.167934
-0.087070
0.102163
-0.197583
-0.026254
-0.178424
-0.164790
-0.163900
-0.302447
0.487514
-0.002427
-0.211167
-0.035526
-0.258213
-0.197378
-0.263123
-0.099914
-0.303236
-0.320607
0.038481
-0.101019
-0.004097
-0.126333
-0.077294
-0.294014
0.141592
-0.393996
-0.184739
-0.004589
-0.311801
-0.120710
-0.245541
-0.096421
-0.215493
-0.102340
-0.128422
-0.212672
-0.003104
0.040682
0.160587
1.306562
0.000318
-0.110614
0.979394
-0.305038
-0.083659
-0.015877
-0.234230
-0.184274
-0.108929
-0.268289
-0.352092
-0.431793
-0.205600
-0.335081
-0.310640
-0.284142
-0.305348
0.096668
-0.101971
-0.120421
0.140156
-0.133230
-0.026174
0.016835
-0.052257
-0.047282
-0.106292
-0.178200
-0.288927
-0.207644
0.256184
-0.110454
0.109695
-0.424077
-0.383220
-0.444197
-0.225012
0.073779
-0.081242
-0.065007
-0.380652
-0.392296
-0.551940
-0.507105
-0.483904
-0.494087
-0.470202
-0.545425
-0.437996
-0.473155
-0.461540
-0.450702
-0.463929
-0.506033
-0.457197
-0.589551
-0.369088
-0.158635
-0.409630
-0.308976
-0.241756
-0.420045
-0.369086
-0.215824
-0.148065
-0.232152
-0.205316
-0.259380
0.077886
0.209458
0.736122
1.782319
1.041085
0.743913
1.231153
0.945333
1.226962
1.520894
2.677055
1.189001
0.414889
1.742750
1.803398
1.889004
1.422534
2.275640
2.645058
1.492969
1.265585
-0.021071
0.173136
-0.085275
-0.180278
-0.180103
0.127715
-0.196105
-0.108827
-0.209282
-0.156350
-0.175182
-0.080754
-0.203125
-0.447590
-0.055334
-0.238664
-0.181346
-0.290870
-0.268908
-0.191384
-0.054047
-0.104490
-0.333558
-0.292117
-0.393416
-0.323355
-0.360626
-0.376028
-0.484877
-0.440833
-0.371573
-0.573737
-0.487202
-0.373960
-0.455475
-0.419532
-0.471690
-0.295648
-0.461157
-0.167454
-0.285546
0.032866
-0.398719
-0.327754
-0.435832
-0.405645
-0.423500
-0.353518
-0.402992
-0.359274
-0.141899
-0.223292
-0.225871
-0.231639
-0.300222
-0.212495
-0.279362
-0.175317
-0.289577
-0.272023
-0.146785
0.241949
0.341982
-0.202488
-0.012327
-0.204896
0.087126
-0.103912
-0.177821
0.095481
0.015394
0.313898
0.290848
0.258389
-0.004700
0.330019
-0.041393
-0.129260
0.192948
-0.297139
-0.004697
-0.195757
-0.102169
0.042703
-0.149059
0.165632
-0.119140
-0.159512
-0.281738
-0.325641
-0.182657
-0.292395
-0.323678
-0.361521
-0.064708
-0.301938
-0.164453
0.039321
0.203485
-0.155008
-0.233054
-0.096300
-0.063224
-0.252438
-0.177822
-0.076983
-0.106151
-0.347414
-0.345123
-0.072943
-0.095987
-0.147617
-0.025695
0.006830
-0.304985
0.116420
0.150437
0.242957
-0.127386
-0.115591
0.066871
0.022352
-0.510264
-0.448493
-0.469723
-0.261283
-0.285053
-0.523238
-0.495165
-0.334572
-0.363062
-0.448966
-0.376802
-0.499689
-0.464761
-0.514106
-0.517850
-0.432862
-0.398217
-0.388897
-0.241661
0.102122
-0.378956
-0.336634
-0.071025
0.178066
-0.153127
-0.293173
-0.281638
-0.458435
-0.356221
-0.398586
-0.299573
-0.320394
-0.308388
-0.320023
-0.114493
-0.098947
-0.116430
-0.087067
-0.209988
-0.264881
0.018339
-0.064881
-0.139515
-0.004121
0.012491
-0.063056
-0.139091
0.347534
-0.291020
0.062124
-0.001098
-0.121202
-0.295767
-0.096512
-0.208721
-0.364133
0.020845
0.066064
0.149000
-0.076642
0.150836
-0.040062
0.177399
0.242445
0.167977
1.394111
-0.192033
-0.313834
-0.097216
-0.004702
-0.239434
0.481817
-0.249393
-0.254576
0.198892
0.127941
-0.210758
1.700191
-0.215775
0.283881
0.293457
-0.115005
0.013220
-0.263199
-0.281893
-0.156087
0.009447
-0.334869
-0.272121
-0.170389
-0.408194
-0.347980
-0.140991
-0.270805
0.006091
-0.376851
-0.362590
-0.303619
-0.207053
-0.375123
-0.395185
-0.279690
-0.277560
-0.297886
-0.114916
-0.250481
-0.199091
-0.263546
0.452711
0.128437
-0.266432
0.003198
-0.216644
-0.276810
-0.283911
0.151761
1.163985
0.446870
-0.129148
-0.334750
-0.238509
-0.373983
-0.459690
-0.351041
-0.344338
-0.484957
-0.416564
-0.408203
-0.474594
-0.484408
-0.516757
-0.479414
-0.454203
-0.425497
-0.498754
-0.453178
-0.446293
-0.527003
-0.493297
-0.482102
-0.532755
-0.537048
-0.494127
-0.493251
-0.468989
-0.517454
-0.515029
-0.467174
-0.459887
-0.354518
-0.459373
-0.515888
-0.509512
-0.425695
-0.395708
-0.491561
-0.240020
-0.401965
-0.327186
-0.330577
-0.436718
-0.388723
-0.267394
0.061878
-0.399785
-0.419113
-0.360592
-0.367021
-0.348541
-0.377677
-0.269387
-0.254347
-0.346447
-0.185801
-0.443949
-0.393438
-0.420343
-0.434726
-0.354580
-0.354269
-0.286630
-0.405252
-0.444532
-0.306081
-0.340722
-0.371393
-0.312415
-0.378012
-0.440428
-0.351899
-0.233691
-0.420749
-0.280170
-0.424191
-0.329670
-0.476833
-0.378435
-0.446253
-0.278712
-0.410148
-0.278194
-0.254198
-0.442833
-0.127406
-0.060093
-0.390967
0.047367
-0.159507
0.411505
-0.281494
-0.190169
-0.244850
0.329285
-0.010578
-0.342328
-0.009488
-0.199048
-0.328584
-0.069231
-0.187485
-0.287690
-0.145294
-0.394048
-0.370424
-0.281178
-0.454552
-0.412078
-0.473839
-0.325453
-0.400460
-0.356273
-0.374535
-0.497509
-0.416682
-0.461480
-0.402226
-0.441146
-0.441091
-0.474968
-0.384426
-0.454942
-0.438191
-0.375573
-0.411013
-0.287442
-0.429502
-0.336806
-0.429132
-0.401211
-0.488901
-0.413887
-0.499953
-0.518497
-0.285686
-0.419926
-0.194688
-0.407156
-0.039641
-0.251188
-0.343286
-0.191324
-0.329656
-0.298205
0.503902
-0.223201
-0.286228
-0.202338
-0.142288
-0.281636
0.046655
-0.356323
-0.140734
-0.104987
-0.255475
-0.072504
-0.147253
-0.223080
-0.216766
0.015146
-0.340799
0.430744
-0.201796
-0.423809
-0.032605
-0.280787
-0.223943
-0.297632
-0.267222
-0.326552
-0.384055
-0.499110
-0.309861
-0.390590
-0.400255
-0.500514
-0.479259
-0.521542
-0.441352
-0.419718
-0.508232
-0.533077
-0.425298
-0.415821
-0.490769
-0.427359
-0.439376
-0.425203
-0.453160
-0.390881
-0.364699
-0.290785
-0.517519
-0.368210
-0.131561
-0.164496
-0.177380
-0.231854
-0.319394
-0.249150
-0.261256
-0.392180
-0.409126
-0.342067
-0.267231
-0.423027
-0.340080
-0.404880
-0.421338
-0.470049
-0.498927
-0.263456
-0.513114
-0.443092
-0.459690
-0.262588
-0.456779
-0.390941
-0.275620
-0.336780
-0.399676
-0.367859
-0.446315
-0.220647
-0.170225
-0.023823
-0.331807
-0.368609
-0.370270
-0.344794
0.353605
-0.092866
-0.085074
-0.013885
3.193171
0.403439
0.515439
0.151215
0.110968
-0.116337
-0.188364
-0.114099
-0.043166
0.131747
0.036768
-0.138292
-0.201205
-0.414220
-0.416147
-0.378851
-0.265787
-0.241339
-0.262910
-0.318304
-0.007876
-0.186144
0.178947
-0.214412
-0.271379
-0.213440
-0.276138
-0.184673
-0.066092
0.007970
0.017311
-0.073097
-0.047204
0.263055
-0.111122
-0.032071
0.077277
0.138667
-0.153569
-0.181799
0.097899
0.164670
0.083091
0.117750
0.353065
0.082630
0.903002
0.596488
0.706166
1.272180
0.940642
1.691711
1.653678
1.176915
2.590976
0.509439
0.882060
-0.069362
0.379334
0.197294
0.594718
0.133207
0.105389
0.130981
0.012649
-0.004233
0.033474
-0.008630
-0.160196
-0.094249
-0.264159
-0.028932
-0.020588
0.089022
-0.050595
-0.176077
-0.219229
-0.275390
-0.246389
-0.289242
-0.345222
-0.410349
-0.409689
-0.404862
-0.278034
-0.541537
-0.534526
-0.412418
-0.504122
-0.494732
-0.553479
-0.509198
-0.553888
-0.522536
-0.352992
-0.398418
-0.414087
-0.240154
-0.409073
-0.359707
-0.170686
-0.337500
-0.217362
-0.379812
-0.146704
-0.389128
-0.214320
-0.284450
-0.440609
-0.425177
-0.464760
-0.463245
-0.419361
-0.303917
-0.474420
-0.454717
-0.127433
-0.388890
-0.240920
-0.402337
-0.266426
-0.342256
-0.365747
0.203154
-0.293763
-0.206462
0.062932
-0.035703
-0.351343
-0.453429
-0.390144
-0.378842
-0.485183
-0.497131
-0.418518
-0.533461
-0.527248
-0.498156
-0.504529
-0.484288
-0.375185
-0.406543
-0.479695
-0.494093
-0.454603
-0.468547
-0.411929
-0.320870
-0.412680
-0.354203
-0.437693
-0.297448
-0.428704
-0.473072
-0.407814
-0.531511
-0.446357
-0.438507
-0.324411
-0.387343
-0.388493
-0.303379
-0.323257
-0.468153
-0.392884
-0.457710
-0.428208
-0.391017
-0.474526
-0.427200
-0.374011
-0.275554
-0.158386
-0.342552
-0.188610
-0.109446
-0.402965
-0.261510
-0.341835
-0.353121
-0.224057
-0.350268
-0.358003
-0.425485
-0.420162
-0.313467
-0.157332
-0.419930
-0.328172
-0.175077
-0.278958
-0.345641
-0.385392
-0.333769
-0.409416
-0.299440
-0.330875
-0.413094
0.100434
-0.265859
-0.254574
-0.387087
-0.382012
-0.477488
-0.391610
-0.437606
-0.473259
0.060601
1.387729
0.034573
0.627625
-0.200962
-0.023507
-0.138226
-0.119855
-0.191342
-0.128533
-0.030868
-0.190612
0.081229
0.395566
-0.130386
-0.043306
0.271192
-0.043583
-0.004414
-0.128790
0.084255
0.071560
-0.244330
0.046038
0.463500
2.363298
0.570751
2.081380
1.424385
2.388194
2.267168
9.169431
9.404488
3.278911
9.937637
6.848569
7.051693
4.162484
9.212304
4.106097
3.944708
1.866863
11.959408
7.679607
7.300217
2.436724
2.971831
6.442648
7.687390
4.777992
1.889030
4.285299
2.364645
3.038101
0.554631
-0.338375
-0.448378
-0.449003
-0.451505
-0.398111
-0.414149
-0.301418
-0.358353
-0.274110
-0.185136
-0.375238
-0.342336
-0.462190
-0.374110
-0.344600
-0.085347
0.081236
2.123364
-0.040944
-0.152382
-0.037177
-0.169524
-0.141823
0.174097
-0.039059
-0.145866
0.112649
-0.031498
0.125768
0.077372
-0.245242
-0.187279
-0.083833
-0.369280
-0.401657
-0.189467
-0.008513
-0.269483
-0.274878
-0.354111
-0.079847
-0.058596
0.137333
0.053186
-0.129711
-0.088647
-0.053547
-0.260518
-0.220175
-0.076564
0.066096
-0.267304
-0.048901
0.625283
-0.014072
-0.214282
0.023846
-0.368538
-0.168909
-0.227042
-0.289601
0.280234
-0.143302
-0.160574
-0.296824
0.054958
0.434265
-0.184554
1.121154
-0.166286
0.129044
0.083125
0.395558
0.134171
0.125103
0.422386
0.131926
0.187463
0.310733
0.214499
0.600555
0.885391
2.041010
0.592351
0.372261
0.418861
1.500784
0.933902
0.691376
-0.167996
-0.045362
-0.114742
-0.244241
-0.175492
0.009471
0.087138
-0.140889
-0.082416
-0.235530
0.141692
0.606734
-0.024238
0.691164
0.108422
0.450438
-0.159985
0.052604
0.069476
0.050252
0.787509
3.780382
0.509138
0.586398
0.124036
0.385340
-0.228227
0.029296
0.689108
0.012081
-0.155776
0.396993
-0.145519
0.151218
-0.167300
0.082033
-0.229622
-0.257917
-0.354292
0.092707
-0.381765
-0.315002
-0.392487
-0.235024
-0.052713
-0.435221
-0.211369
-0.369637
-0.398518
-0.372631
-0.436436
-0.304502
-0.293667
-0.292481
-0.182331
-0.405289
-0.291002
-0.222027
-0.194720
-0.190205
-0.142738
-0.239876
0.200023
0.779326
1.490340
0.738921
0.133939
0.380967
0.608622
0.263151
0.555253
0.826012
1.571053
0.485688
2.951845
1.177129
0.181048
0.116446
0.684023
0.116911
0.600713
-0.191842
0.222291
0.678920
0.088699
0.092792
-0.297186
1.099761
-0.273326
-0.147135
-0.004401
-0.034988
0.315300
-0.030144
-0.135821
0.066105
0.085162
0.271789
0.601652
0.080695
0.054368
0.001680
-0.010231
-0.037262
0.377769
0.488373
0.355921
0.195896
0.973192
0.421955
0.590735
0.640051
0.543268
0.479638
0.698595
0.632596
1.679206
2.239920
0.942869
1.233170
0.845751
0.617490
0.838246
0.315024
0.143967
1.148960
0.281232
0.763007
0.241115
0.431243
0.213359
0.228788
-0.002324
0.474533
0.153682
-0.230385
0.234553
-0.201378
0.220765
3.858252
-0.190575
0.140101
-0.182415
-0.130556
-0.309020
-0.451799
-0.384992
-0.474498
-0.495237
-0.334939
-0.312645
-0.298977
-0.400810
-0.469776
-0.426196
-0.314694
-0.336944
0.196149
-0.195827
-0.017158
-0.327955
-0.403113
-0.094089
-0.341188
-0.377743
-0.481229
-0.372113
-0.246898
-0.044499
-0.429481
-0.461819
-0.549868
-0.527454
-0.433100
-0.345363
-0.472979
-0.404453
-0.510691
-0.447916
-0.365456
-0.341664
-0.324823
-0.207164
-0.013160
-0.002743
-0.058460
0.010754
0.029284
-0.255777
-0.205950
-0.235078
-0.085766
-0.304310
-0.353215
-0.336622
-0.384829
-0.228948
-0.296116
-0.239200
-0.401909
-0.431848
-0.315590
-0.214231
-0.297450
-0.042789
0.122908
-0.023806
-0.090963
0.003304
-0.104351
-0.114441
-0.190384
-0.331298
-0.295561
-0.384171
-0.183439
-0.255664
-0.212490
-0.260968
-0.297333
-0.130269
-0.335245
-0.369431
-0.324182
-0.264838
-0.254766
-0.328522
-0.156330
-0.346762
-0.326493
-0.388998
-0.270306
-0.259257
-0.383280
-0.297412
-0.410275
-0.432622
-0.444029
-0.211245
-0.237182
-0.286241
-0.304197
-0.211437
-0.210433
-0.135356
-0.169309
-0.236003
-0.192811
-0.357262
0.146588
-0.296591
-0.314255
-0.291129
-0.352010
-0.321122
-0.196644
-0.186744
-0.435358
-0.365391
-0.434350
-0.027958
-0.332494
-0.439720
-0.461317
-0.465019
-0.472084
-0.468235
-0.455016
-0.532143
-0.429165
-0.508543
-0.396391
-0.318397
-0.502027
-0.236073
-0.340286
-0.397478
-0.272809
-0.231446
-0.388704
-0.278938
0.020868
-0.297511
-0.191218
-0.350845
-0.354150
-0.492394
-0.330394
-0.440493
-0.501877
-0.398026
-0.355197
-0.290285
-0.307266
-0.030111
1.431940
0.443449
-0.199459
-0.188618
-0.044966
0.130992
-0.111785
-0.114015
-0.046271
-0.081397
0.204266
0.355148
0.630053
0.995874
0.875661
1.503657
1.880693
1.579426
1.044421
1.357687
1.272814
1.562742
1.500265
1.591279
2.538796
1.731688
2.885327
2.097758
1.989315
1.710968
0.478365
0.757135
0.027979
0.067413
0.148903
-0.059390
0.041207
0.632041
0.605105
2.141296
0.928436
1.243805
0.614725
0.749006
0.433597
0.564790
0.228019
0.607692
1.001396
0.926893
0.911214
1.326341
1.247670
0.735397
0.418812
-0.036723
0.420426
0.035149
-0.165862
0.138145
0.123792
0.040890
0.390861
0.695745
0.512244
0.276487
0.083399
0.696177
0.382979
0.082789
0.465421
0.524879
0.218907
1.044660
0.471441
0.651579
1.395232
0.406944
0.462220
-0.376606
-0.367197
-0.196567
-0.100114
-0.335537
-0.098755
-0.406373
-0.409489
-0.415461
-0.304658
-0.387067
-0.416886
-0.357330
-0.401097
-0.192612
-0.030461
-0.001218
-0.363906
-0.340966
-0.166433
-0.342444
-0.396632
-0.350570
-0.375834
-0.281649
-0.301563
-0.392929
-0.292964
-0.221747
-0.270348
-0.168286
-0.036840
-0.164541
0.117225
-0.220825
-0.110781
0.160404
0.219534
-0.220552
0.254647
-0.266279
-0.235974
-0.239064
-0.348952
-0.253918
-0.418826
-0.285390
-0.206724
-0.300164
-0.450426
-0.290808
-0.042173
-0.265555
0.029397
-0.109410
-0.242275
-0.049118
-0.239705
-0.257041
-0.260909
0.374498
-0.334849
-0.285751
-0.218141
-0.258967
-0.306202
-0.247135
-0.315128
-0.323850
0.016132
-0.355678
-0.224801
0.181165
0.198832
0.008019
-0.296997
-0.278058
-0.253866
-0.459923
-0.521421
-0.435988
-0.482885
-0.362747
-0.621998
-0.583098
-0.570956
-0.516723
-0.462349
-0.446981
-0.488494
-0.315791
-0.425885
-0.461967
0.453756
-0.272107
-0.191576
-0.004203
-0.058792
0.082670
0.010480
-0.300804
1.103044
-0.200547
-0.175159
-0.348526
-0.295485
-0.384348
-0.471481
-0.309569
-0.364748
-0.467152
-0.286759
-0.269969
-0.076323
-0.061684
1.161296
2.971600
0.911593
0.567158
0.895750
1.259278
0.429337
1.537118
0.558757
0.763135
0.272605
1.465167
0.641560
0.267350
0.137767
0.210297
-0.005183
-0.234901
0.048451
-0.183979
-0.067290
0.068350
-0.199355
-0.306727
-0.406802
-0.271392
-0.022291
-0.361477
-0.232731
-0.147010
0.412284
-0.152059
-0.065813
-0.089007
0.034322
-0.038650
0.140773
0.117086
0.207506
-0.044477
0.029170
0.050162
0.532005
0.087503
0.040938
0.109650
0.639585
0.305769
0.284535
0.196925
0.166075
-0.056937
-0.244402
-0.234305
-0.274240
0.195064
0.119129
0.192314
0.039018
0.651186
-0.009412
-0.040777
-0.062729
0.100959
0.250997
0.479457
0.156123
-0.158199
-0.130162
-0.024804
0.420204
0.262313
-0.035478
0.179068
0.128320
-0.280472
0.164790
-0.321748
-0.085839
-0.403311
-0.368617
-0.273925
-0.421560
-0.458080
-0.509496
-0.478875
-0.318829
-0.496441
-0.431398
-0.368880
-0.392146
-0.387824
-0.262111
-0.253067
-0.280453
-0.276614
-0.388643
-0.379136
-0.275058
-0.194581
-0.303849
-0.361750
-0.125412
-0.329789
-0.287074
-0.289743
-0.466563
-0.516857
-0.478234
-0.527111
-0.490797
-0.443653
-0.484375
-0.529405
-0.467420
-0.497588
-0.474429
-0.382563
-0.443014
-0.374224
-0.429529
-0.428745
-0.419225
-0.313768
-0.478179
-0.507088
-0.445460
-0.241754
-0.411345
-0.491717
-0.488913
-0.522323
-0.504496
-0.570491
-0.499564
-0.518818
-0.542036
-0.478154
-0.440382
-0.516185
-0.495210
-0.554562
-0.533565
-0.527579
-0.398995
-0.413253
-0.509820
-0.476859
-0.508339
-0.361171
-0.396508
-0.372336
-0.430444
-0.233181
-0.116024
-0.430978
0.027861
-0.202867
-0.114528
0.823648
0.385573
-0.029825
0.384435
0.576306
0.152457
0.732120
0.226458
0.049454
0.022302
0.081916
-0.055838
0.029083
0.311870
0.070174
0.099710
0.197828
0.031144
-0.153716
0.357809
0.276647
0.464878
0.132681
-0.080357
0.144436
0.145230
-0.236733
0.290163
0.307985
0.096555
-0.032347
0.614798
0.186498
-0.059313
-0.264763
-0.037977
-0.175215
-0.074819
-0.130199
-0.032981
-0.192441
0.006588
-0.047441
-0.102991
-0.183508
-0.189087
0.303191
0.136885
-0.241028
-0.102117
-0.309096
-0.309857
-0.032926
-0.004572
0.296204
-0.130205
-0.024260
1.267593
0.469323
0.042585
-0.287714
-0.171312
-0.336832
-0.216485
-0.288418
-0.407600
-0.262889
-0.351447
-0.371850
-0.261775
-0.219978
-0.395430
-0.421629
-0.374153
-0.247503
-0.384245
-0.429092
-0.501137
-0.481839
-0.443931
-0.440754
-0.466072
-0.379702
-0.468241
-0.303496
-0.181507
-0.296736
-0.390669
-0.275795
-0.139502
-0.119138
-0.230411
-0.302092
-0.266269
-0.287049
-0.349781
-0.083309
-0.441083
-0.203126
-0.180307
-0.357682
-0.291728
-0.290599
-0.404986
-0.294415
-0.041010
-0.158842
1.506488
-0.149724
0.585323
-0.296690
0.401339
0.048032
-0.054141
-0.168306
-0.212720
-0.232480
0.912595
0.065139
-0.078824
-0.441526
-0.336885
-0.391871
-0.469136
-0.489140
-0.491337
-0.413301
-0.371359
-0.318059
-0.373395
-0.433165
-0.360174
-0.342146
-0.258682
-0.083615
-0.354640
-0.065672
-0.233274
-0.324100
0.096741
-0.488091
-0.510168
-0.610664
-0.485690
-0.543919
-0.553333
-0.463033
-0.324310
-0.337340
-0.413283
-0.420632
-0.417321
-0.229383
-0.195495
-0.241013
-0.099035
-0.358494
-0.402302
-0.118922
-0.218759
-0.402329
-0.411123
-0.447686
-0.275414
-0.371745
-0.425363
-0.378822
-0.062335
-0.278421
-0.443112
-0.359995
-0.405876
-0.372476
-0.081736
-0.034952
0.078809
0.340801
0.066723
0.602102
0.218627
0.384823
0.457571
0.117655
0.035936
1.215019
-0.221084
-0.136091
-0.229047
-0.032715
-0.237554
-0.358672
-0.398840
-0.395860
-0.304593
-0.321302
-0.382946
-0.337364
-0.314197
-0.364610
-0.463295
-0.323504
-0.314252
-0.328322
-0.035207
-0.370512
-0.218036
-0.352311
-0.224014
-0.208681
0.046083
-0.335544
-0.342754
-0.243612
-0.397207
-0.265043
-0.210007
-0.162345
0.345802
0.037510
-0.050749
0.394009
-0.192603
-0.177373
0.060373
-0.311140
-0.222418
-0.164909
0.181350
-0.084181
-0.093150
-0.255431
-0.320165
-0.149224
0.050231
0.329332
-0.218757
0.146000
-0.168181
-0.081700
-0.295848
-0.175002
-0.169014
0.185165
-0.183022
-0.245666
-0.231346
-0.103112
-0.175974
-0.250052
-0.088412
0.102447
-0.203621
-0.235437
-0.127237
0.338876
-0.221351
0.088813
-0.152463
-0.043209
-0.293813
-0.108073
-0.190903
0.086918
-0.247755
-0.169602
0.029123
0.388521
0.805054
1.005798
0.589465
0.789050
0.549291
0.420629
0.157969
0.102975
0.125574
0.650238
0.076104
0.022449
0.065116
-0.278994
-0.297072
-0.223803
-0.243008
-0.269339
-0.269080
-0.269362
-0.092524
0.513125
3.019296
2.360787
0.702931
0.978803
1.884259
3.883965
1.587406
1.081198
1.207909
3.619918
5.037976
3.873724
3.847066
1.804437
1.567402
2.189711
2.033676
2.189206
2.590429
0.769069
1.603179
1.813647
0.735407
0.290900
0.601441
1.941740
1.346920
2.391147
4.317087
2.735250
1.867100
4.142357
2.734798
6.823536
3.798498
1.783005
3.289086
2.750463
2.007709
1.862152
6.469965
1.627891
1.052514
0.602645
1.929459
2.328114
0.374973
-0.171268
0.021147
-0.083026
-0.056877
-0.158065
-0.022911
-0.089549
-0.119445
-0.270944
0.051506
-0.304057
-0.341837
-0.338201
-0.020100
0.075421
0.203366
0.608869
-0.176292
-0.202584
-0.066352
0.054429
-0.017633
-0.200193
-0.112154
-0.173086
-0.268842
-0.012766
-0.162142
0.604891
-0.282808
-0.278800
0.286255
-0.017151
0.266740
-0.119813
-0.120456
-0.210459
0.030788
-0.047731
0.310741
0.800404
-0.054659
-0.028136
-0.164102
-0.266196
-0.327652
-0.352430
-0.323386
-0.510181
-0.525184
-0.378661
-0.503780
-0.355495
-0.093642
-0.273625
-0.061070
-0.245745
-0.024300
-0.382058
-0.149922
-0.156549
-0.324508
0.131357
-0.310046
0.010161
0.312237
-0.043271
-0.310200
-0.261213
-0.364679
-0.373494
-0.120708
-0.400635
-0.351987
-0.264867
-0.483389
-0.534841
-0.457650
-0.465522
-0.304067
-0.470438
-0.470775
-0.473990
-0.135086
-0.534382
-0.269214
-0.376312
-0.348575
-0.479426
-0.307087
-0.421699
-0.342322
-0.488594
-0.441663
-0.451762
-0.495891
-0.457463
-0.380757
-0.444044
-0.319290
-0.367335
-0.327478
-0.437301
-0.315349
-0.361349
-0.575366
-0.342133
-0.391091
-0.035702
-0.425451
-0.426535
-0.454147
-0.361653
-0.213098
-0.447329
-0.428610
-0.509204
-0.506498
-0.591797
-0.388289
-0.380792
-0.408266
-0.446696
-0.434067
-0.324110
-0.321476
-0.383239
-0.458645
-0.446883
-0.483086
-0.365860
-0.439662
-0.400679
-0.453274
-0.320850
-0.408900
-0.443272
-0.355667
-0.442897
-0.372157
-0.227953
-0.441054
-0.448320
-0.417778
-0.331373
-0.360222
-0.438520
-0.436451
-0.457442
-0.487469
-0.083206
-0.300940
-0.413413
-0.438612
-0.225712
-0.251391
-0.140392
-0.330967
-0.263674
-0.366588
-0.200993
-0.433027
-0.445566
-0.344329
-0.418682
-0.457305
-0.498083
-0.429051
-0.443484
-0.496017
-0.443773
-0.419992
-0.419608
-0.363929
-0.324991
-0.286775
-0.429003
-0.299536
-0.294973
-0.193863
-0.048508
-0.374735
-0.311270
-0.160977
-0.319437
-0.211712
-0.243447
-0.346537
-0.390991
-0.343325
-0.102958
-0.326058
-0.244556
-0.352026
-0.409043
-0.114329
-0.153915
-0.136128
-0.044790
-0.234275
-0.365088
-0.243399
-0.117553
-0.282277
0.076686
-0.114814
1.426010
0.070796
-0.116284
0.084075
-0.306040
-0.238640
-0.336558
-0.357751
-0.395647
-0.331157
-0.475462
-0.233392
0.093748
-0.246896
1.299064
0.349195
-0.191417
-0.210123
-0.107845
-0.338291
-0.142532
-0.301509
0.037238
-0.154888
-0.198291
-0.373273
-0.328962
-0.369077
-0.450550
0.112732
-0.446060
-0.299936
-0.246190
-0.414409
-0.251064
-0.391032
0.088479
-0.186177
-0.259815
-0.170027
-0.201253
-0.192653
-0.322546
-0.225725
-0.403172
0.507284
-0.087505
-0.246325
-0.277866
-0.409183
-0.196319
-0.310754
-0.196966
-0.103178
-0.310897
-0.387965
-0.343476
-0.498248
-0.432674
-0.424985
-0.388625
-0.330118
-0.444256
-0.309638
-0.272195
-0.328629
-0.366136
-0.425335
-0.041871
-0.240525
-0.298603
-0.390749
-0.345345
-0.392032
-0.308414
-0.334517
-0.309868
-0.365172
-0.384798
-0.431547
-0.475453
-0.427551
-0.400076
-0.509504
-0.447475
-0.441486
-0.485983
-0.354193
-0.359074
-0.236063
-0.371900
-0.348051
-0.445799
-0.391816
-0.135428
-0.423525
-0.384997
-0.350586
-0.313903
-0.453997
-0.430295
-0.474031
-0.434694
-0.521862
-0.480469
-0.455543
-0.516966
-0.488357
-0.495235
-0.526670
-0.420610
-0.243178
-0.132115
-0.314185
-0.394992
-0.338814
-0.038528
-0.414070
-0.287988
-0.341084
-0.248589
-0.216970
-0.435757
-0.384768
-0.376954
-0.342128
0.057169
-0.453600
-0.511427
-0.438723
-0.463626
-0.525623
-0.298764
-0.266475
-0.293006
-0.300677
-0.440261
-0.397690
-0.163335
-0.224282
-0.324153
-0.236437
-0.405967
-0.153148
-0.341423
-0.153453
-0.284432
-0.288405
-0.220296
-0.375332
-0.394422
-0.084868
-0.143082
-0.141659
-0.144618
-0.156478
-0.174221
-0.263971
-0.246537
-0.132940
-0.108605
-0.286492
-0.134103
-0.379549
0.433181
-0.336649
-0.293008
-0.178970
-0.328268
-0.296618
-0.275384
-0.164846
-0.389486
-0.098946
-0.329293
-0.438119
-0.379399
-0.457293
-0.491312
-0.498570
-0.351765
-0.517997
-0.453237
-0.478407
-0.382246
-0.096278
-0.364973
-0.211921
-0.405263
-0.479827
-0.280219
-0.185548
-0.086164
-0.454417
-0.310224
-0.313263
-0.226861
-0.262220
-0.364741
-0.413007
-0.218504
-0.389970
-0.360031
-0.001069
-0.357548
-0.535825
-0.426617
-0.085679
0.241035
-0.197048
0.091415
0.305982
0.043523
-0.187880
-0.052298
-0.117686
-0.229461
0.252422
0.166216
-0.053714
-0.342128
-0.369491
-0.308251
-0.397332
-0.290465
-0.441614
-0.453514
-0.347630
-0.440159
-0.313321
-0.291215
-0.450795
-0.520061
-0.442305
-0.323698
-0.392954
-0.185092
-0.281525
-0.428868
-0.085969
-0.195422
-0.208289
-0.476277
-0.438158
-0.496263
-0.175686
-0.452718
-0.408539
-0.294671
-0.417765
-0.431377
-0.482083
-0.484277
-0.481844
-0.302944
-0.373633
-0.394347
-0.403300
-0.373408
-0.383201
-0.364309
-0.513466
-0.440160
-0.390670
-0.284075
-0.473401
-0.507551
-0.391872
-0.372607
-0.449033
-0.535285
-0.548162
-0.593692
-0.466391
-0.518528
-0.537534
-0.524184
-0.440619
-0.407166
-0.468259
-0.517797
-0.512447
-0.441799
-0.365634
-0.497100
-0.435871
-0.400965
-0.317986
-0.476051
-0.473225
-0.431602
-0.135045
-0.360292
-0.391123
-0.556812
-0.477414
-0.519134
-0.376023
-0.470076
-0.307053
-0.267259
-0.027091
-0.143366
0.232015
-0.080923
-0.348755
-0.230167
-0.307472
-0.156425
-0.171540
-0.198628
-0.200685
0.002720
-0.401237
-0.362649
-0.097297
-0.389545
-0.366089
-0.422731
-0.241737
-0.246602
-0.408880
-0.398004
-0.511916
-0.402354
-0.501812
-0.384424
-0.292447
-0.146318
-0.204365
-0.425117
-0.331415
-0.130316
-0.194025
-0.398395
-0.233593
-0.427036
-0.357261
-0.030113
-0.040645
-0.230632
-0.192864
-0.028396
-0.110660
0.217463
0.210973
-0.245525
0.032523
-0.166992
-0.134410
-0.103093
0.394140
-0.116314
-0.397440
-0.335684
-0.405418
-0.265165
-0.244390
-0.223753
-0.212246
-0.093316
-0.102819
-0.136774
0.090528
0.248929
-0.017498
0.694041
1.104272
0.949423
2.364297
0.263279
0.345364
0.514936
0.995616
0.917353
0.430992
1.255556
0.346124
-0.033560
-0.077194
0.298573
0.284105
0.230645
0.001705
-0.285374
-0.180918
-0.340608
-0.079331
-0.291670
-0.230012
-0.263671
0.040082
0.063086
0.380581
-0.070897
-0.227421
0.042613
-0.290031
-0.295831
-0.369924
-0.334017
-0.089559
-0.274896
0.065250
-0.272832
-0.263693
-0.157371
-0.009909
-0.155423
-0.020158
0.056593
-0.221115
-0.298819
-0.153865
-0.235768
0.779149
2.660076
-0.090570
-0.175836
0.174732
0.486434
0.320956
1.035725
-0.111305
-0.032005
0.080342
-0.194012
-0.255616
-0.382049
-0.224012
-0.156657
-0.001625
-0.317442
-0.318504
-0.281495
-0.194850
-0.323927
-0.319131
-0.373366
-0.350290
-0.265621
-0.334071
-0.316770
-0.297199
-0.300983
-0.303698
-0.246808
-0.201871
-0.155352
-0.270297
-0.372480
-0.397871
-0.408942
-0.287076
-0.243802
-0.221665
-0.064884
-0.286425
-0.220992
-0.416088
-0.185788
-0.207635
-0.215863
0.015008
-0.033531
-0.044338
0.178414
-0.131771
0.114195
0.118259
0.175984
0.037680
0.062145
-0.082090
-0.160465
-0.207423
-0.032740
-0.136219
-0.091358
-0.302471
-0.070817
0.203272
-0.262746
-0.218068
-0.434972
-0.054372
-0.374614
-0.305716
-0.235103
-0.230924
-0.125614
-0.298541
-0.400427
-0.175319
-0.478817
-0.399852
-0.190190
-0.274564
-0.112803
-0.452359
-0.406899
-0.139057
-0.018524
-0.326248
-0.299537
0.019889
-0.259950
-0.237682
-0.125721
-0.384629
-0.474590
-0.488752
-0.364852
-0.486489
-0.475277
-0.360771
-0.445758
-0.391023
-0.376502
-0.307049
-0.349626
-0.429737
-0.284197
-0.426070
-0.250145
-0.188024
-0.235353
-0.256309
-0.266951
-0.356409
-0.382320
-0.128192
-0.382120
-0.340394
-0.412127
-0.378268
-0.305158
-0.466116
-0.024575
0.152130
0.287932
0.669916
0.029668
0.090972
0.004368
0.278409
0.277448
0.400673
0.265825
0.020763
0.511653
0.307105
0.104235
0.089377
0.037275
1.194355
-0.151448
0.108788
0.017137
1.008216
0.333278
-0.034022
0.241931
1.924799
0.082788
2.201834
0.246180
0.898967
1.189915
1.040621
0.282326
1.309005
1.504432
0.839969
1.445354
1.623374
2.000535
0.352686
1.969597
0.648733
1.690262
0.564411
0.496784
0.446000
0.951343
0.405385
-0.090096
-0.071311
0.016101
0.110861
0.033955
-0.079967
-0.304276
-0.043220
0.200662
-0.362878
-0.158704
-0.225869
-0.328816
-0.262282
-0.373939
-0.393863
-0.250776
-0.356362
-0.332067
-0.375061
-0.332405
-0.162521
-0.420161
-0.248346
-0.291323
-0.360072
-0.256801
-0.251641
-0.197478
-0.299994
-0.280704
-0.339841
-0.341308
-0.404852
-0.411978
-0.277273
-0.225651
-0.289332
-0.349079
-0.201404
-0.287023
-0.411745
-0.216072
-0.387272
-0.252806
-0.294293
-0.237812
-0.221909
0.199352
-0.127969
0.149639
-0.246452
-0.078757
-0.177108
-0.258113
0.100499
-0.216415
-0.304765
-0.262868
0.141344
-0.290140
-0.125657
-0.241960
-0.203164
-0.294352
-0.387536
-0.223324
-0.308347
-0.343796
-0.346373
-0.304864
-0.226052
-0.342091
-0.410992
-0.182346
-0.305707
-0.312059
-0.212401
-0.287235
-0.372212
-0.043045
-0.471171
-0.102831
-0.298591
-0.264859
-0.144658
-0.147277
-0.264147
-0.362523
-0.312685
-0.264655
-0.359670
-0.356886
-0.293484
-0.398651
-0.379341
-0.459589
-0.485220
-0.588456
-0.496399
-0.509479
-0.311397
-0.468619
-0.490326
-0.458347
-0.479677
-0.452579
-0.395983
-0.425198
-0.405033
-0.383801
-0.440286
-0.347268
-0.423369
0.056758
-0.390273
-0.374916
-0.414248
-0.263073
-0.408817
-0.469035
-0.438294
-0.568894
-0.538220
-0.563950
-0.402116
-0.541138
-0.544763
-0.500788
-0.443186
-0.354108
-0.375546
-0.392924
-0.420417
-0.409591
-0.437912
-0.458233
-0.401019
-0.286185
-0.495612
-0.455310
-0.562199
-0.466886
-0.440098
-0.579883
-0.458905
-0.469811
-0.507237
-0.556562
-0.465660
-0.499681
-0.413135
-0.399746
-0.426359
-0.446860
-0.354657
-0.439121
-0.335087
-0.270308
-0.345871
-0.305272
-0.329236
-0.249466
-0.390155
-0.373913
-0.455387
-0.478958
-0.432111
-0.414793
-0.410581
-0.397124
-0.395291
-0.434382
-0.395452
-0.384807
-0.436679
-0.373663
-0.383596
-0.166880
-0.268810
-0.192919
-0.275154
-0.462812
-0.314520
-0.419174
-0.220537
-0.473607
-0.349000
-0.338782
-0.449005
-0.423854
-0.357968
-0.510825
-0.471296
-0.462502
-0.487791
-0.551327
-0.475100
-0.436291
-0.242384
-0.421060
-0.438427
-0.479873
-0.405207
-0.305039
-0.356771
-0.325661
-0.382888
-0.359811
-0.354114
-0.337946
-0.465196
-0.507763
-0.590124
-0.494010
-0.528037
-0.591578
-0.537114
-0.561936
-0.311267
-0.526429
-0.454561
-0.466228
-0.427582
-0.281383
-0.410495
-0.365154
-0.342666
-0.404640
-0.206646
-0.370108
-0.479994
-0.238097
-0.481758
-0.467318
-0.464384
-0.331982
-0.433107
-0.356854
-0.259655
-0.494165
-0.447346
-0.373118
-0.282498
-0.383553
-0.218625
-0.400850
-0.441875
-0.392555
-0.369952
-0.152973
-0.295143
-0.404583
-0.394630
-0.468165
-0.404669
-0.525649
-0.524694
-0.492753
-0.551882
-0.507699
-0.570227
-0.538295
-0.544965
-0.428322
-0.395438
-0.440923
-0.295098
-0.421525
-0.504674
-0.410540
-0.272657
-0.437080
-0.441711
-0.399013
-0.359194
-0.306623
-0.531563
-0.419007
-0.162006
-0.350325
-0.338377
-0.412894
-0.351380
-0.473219
-0.542144
-0.423369
-0.393277
-0.335220
-0.268416
-0.438786
-0.203612
0.038916
-0.173828
-0.120056
-0.404645
-0.216621
-0.383564
-0.331240
-0.329164
-0.266414
-0.030659
-0.072880
-0.311608
0.006241
-0.375206
-0.456221
-0.445524
-0.374800
-0.404486
-0.519681
-0.405616
-0.500994
-0.453938
-0.417163
-0.457040
-0.467426
-0.469436
-0.529229
-0.455004
-0.410263
-0.484895
-0.377840
-0.441423
-0.301431
-0.395799
-0.407392
-0.276348
-0.267118
-0.461796
-0.384355
-0.437175
-0.460900
-0.339563
-0.429641
-0.380282
-0.414993
-0.370523
-0.132630
-0.133738
-0.264210
-0.200178
-0.423345
0.077866
-0.289757
-0.210539
-0.183071
-0.382651
-0.338247
-0.076008
-0.326816
-0.249293
-0.126334
-0.403269
-0.354585
-0.369490
-0.313913
-0.369614
-0.335768
-0.415264
-0.403697
-0.459225
-0.459468
-0.407297
-0.425378
-0.252847
-0.071810
-0.210744
-0.420481
-0.424414
-0.409320
-0.328265
-0.009763
-0.282501
-0.377620
-0.345675
-0.432211
-0.423607
-0.167398
-0.258775
-0.346444
-0.261544
-0.367780
-0.336023
-0.269631
-0.345910
-0.149891
-0.315744
0.105125
-0.193008
-0.121883
-0.007675
0.714165
0.566687
0.072906
0.025691
0.082036
0.070402
0.307876
-0.114392
-0.152281
0.019725
0.012327
0.163504
0.499820
0.729929
0.829855
0.478643
0.053148
1.119989
0.477744
0.302001
0.525167
0.648878
0.512486
1.235182
1.128188
0.751917
2.116936
1.658076
1.111359
0.170952
0.175113
-0.044563
0.171278
0.412408
0.234198
-0.085024
-0.164570
0.087048
0.038895
-0.164795
0.036662
0.021858
-0.071429
-0.218252
0.191955
0.037370
0.008476
0.293392
-0.039403
0.055591
-0.106225
-0.103223
-0.060883
0.372188
0.206490
0.738418
1.023946
1.841238
2.029284
3.245640
2.296502
2.701981
2.677456
1.514018
2.177422
5.715271
2.312577
1.357003
1.170497
1.789625
2.985869
2.315733
2.000692
2.424372
2.304910
2.059161
3.408267
0.390314
1.005907
1.572211
0.983388
0.712187
0.132569
1.656904
1.071093
1.263011
1.216916
2.165749
1.060159
-0.007143
0.317230
0.329747
0.178707
0.107559
-0.055301
0.031503
-0.129263
-0.085977
-0.375828
0.180375
0.023229
0.050144
0.569864
0.097484
0.123712
0.306080
0.814523
-0.106868
-0.010921
-0.002071
0.430634
0.732008
-0.026882
0.725104
0.256354
0.170659
-0.064868
0.830735
0.014565
0.367442
0.146423
0.247362
-0.077676
-0.080234
-0.096881
-0.060829
-0.160061
0.062935
0.451022
1.257339
0.382765
-0.020371
0.196369
0.079738
0.106531
0.204438
0.369618
0.132806
-0.128557
0.004064
-0.104686
-0.206813
0.408584
-0.173874
-0.259453
-0.373422
-0.290981
-0.264866
-0.331934
-0.038430
0.038491
0.013018
-0.012084
-0.255150
-0.315498
-0.212564
-0.199563
-0.287257
-0.320854
0.015444
-0.391610
-0.157983
-0.077949
-0.278318
0.075858
-0.241948
-0.093228
-0.377269
-0.224478
-0.358842
-0.314560
-0.322849
-0.338008
-0.366068
-0.268201
-0.382444
-0.194282
-0.220713
-0.443265
-0.377180
-0.236530
-0.325316
-0.290731
-0.066853
-0.141666
1.310040
-0.116051
0.891379
1.776790
1.196429
0.495376
1.053437
0.577423
0.806050
0.450515
0.975016
0.354268
0.347502
-0.033368
0.197263
0.182655
0.109503
0.011373
0.072598
0.123351
0.122069
-0.099796
0.285877
0.121947
0.251774
0.294426
0.143495
0.106094
0.013114
-0.029103
-0.184239
0.191224
-0.267312
-0.115332
0.027681
-0.030119
-0.102753
-0.029489
-0.219077
-0.078592
0.052657
0.247749
0.423427
-0.080837
0.042037
-0.106260
0.130901
0.237413
0.252900
0.120967
-0.002578
-0.264286
-0.149413
-0.259661
0.574478
-0.022607
0.236707
-0.332289
0.204978
0.441670
0.124066
0.072153
0.173071
0.377558
0.153930
0.132081
0.128376
0.792859
0.390446
-0.014931
0.933605
0.913079
2.034878
1.544656
1.264620
1.647667
0.734924
1.086417
1.019454
0.461452
0.640347
2.258806
0.751956
0.495800
0.279154
0.378692
1.098163
0.656014
0.272817
0.346671
0.076838
0.282116
-0.043369
-0.076184
0.621986
1.646605
0.241637
0.907564
1.337825
1.558254
0.592214
0.681822
0.758856
0.557973
0.412907
1.210914
0.934708
0.731352
3.833187
0.774790
1.522741
0.530741
0.490858
1.310185
0.172020
0.221578
0.803621
1.369325
0.473106
0.231744
0.242616
0.798220
1.226306
0.409338
0.726932
0.323393
0.289894
0.426013
0.368951
0.006938
0.105978
0.129974
0.125819
-0.137105
0.548553
0.233154
0.165842
0.314212
-0.049780
-0.039059
-0.018547
0.059924
0.063507
0.165367
0.017859
0.775536
2.243511
0.326848
0.524435
1.081298
0.365622
0.367348
0.146832
0.554905
0.311790
0.272948
0.858877
0.839877
1.000289
0.982685
0.411391
0.284394
1.754764
5.085603
2.652238
1.206573
1.587877
4.801187
6.944692
2.115544
1.212300
1.940244
1.417381
1.686821
2.793401
0.648061
1.807248
0.686114
0.550384
0.395600
0.685931
0.885714
0.254002
0.596394
0.731128
0.493310
0.495804
0.344485
1.059470
0.913532
0.641731
-0.058681
0.035921
0.072289
0.498804
0.118646
0.283691
-0.225215
-0.136394
0.239981
0.106733
-0.196050
-0.009583
0.040195
-0.358365
-0.034599
-0.308281
-0.036122
-0.087645
-0.261795
-0.067838
0.705729
0.112526
0.244323
0.379345
0.188857
-0.039795
0.260818
0.032697
0.184898
0.716147
0.113687
0.082298
0.449416
0.278565
0.431943
-0.228826
-0.317914
-0.314248
-0.354931
-0.424725
-0.377547
-0.374472
-0.359784
-0.292053
-0.486483
-0.332279
-0.472098
-0.534299
-0.080225
-0.498202
-0.352335
-0.355268
0.678046
-0.158438
-0.247231
0.190605
-0.120170
-0.055756
-0.121460
0.098310
0.446091
0.395553
0.135800
-0.172429
-0.080244
-0.200969
-0.114206
-0.267489
-0.209637
-0.163763
-0.263420
-0.203096
-0.163193
-0.316160
-0.120261
-0.336239
-0.382605
-0.013498
-0.193579
-0.358442
-0.336447
-0.300260
-0.390672
-0.199267
-0.070734
-0.145809
0.245848
-0.229380
-0.195015
-0.156277
-0.258631
-0.144157
-0.296964
-0.264080
-0.273805
-0.019753
-0.412354
-0.410097
-0.397857
-0.452457
-0.524571
-0.559224
-0.505130
-0.451568
-0.370807
-0.354117
-0.381039
-0.296865
-0.318167
-0.362252
-0.411920
-0.375731
-0.456405
-0.346725
-0.400001
-0.287120
-0.415125
-0.480223
-0.217153
-0.484537
-0.389608
-0.443382
-0.357672
-0.234702
-0.446611
-0.380113
-0.497967
-0.477986
-0.518826
-0.445792
-0.398590
-0.316010
-0.368628
-0.447432
-0.428918
-0.468805
-0.385067
-0.383753
-0.374579
-0.489161
-0.527408
-0.520494
-0.483730
-0.442792
-0.284764
-0.430577
-0.392034
-0.454133
-0.440359
-0.426643
-0.329398
-0.395529
-0.343326
-0.470466
-0.387226
-0.416068
-0.292726
-0.409403
-0.227722
-0.173603
-0.279042
0.220784
-0.055855
-0.007846
-0.082901
-0.291119
-0.013322
0.365600
-0.055594
0.996708
0.507375
1.114993
0.113835
1.021418
0.774664
0.497278
1.011941
0.455830
0.573475
0.443718
0.236477
0.289788
3.078178
0.698669
0.317304
0.405523
0.215934
0.309052
0.213822
0.120891
0.788687
0.726487
0.343473
2.352698
1.642275
1.339841
0.999223
0.708294
1.460470
1.982169
2.013890
2.563713
4.080047
4.451784
7.273999
6.379769
3.592558
3.980150
2.686171
2.556257
1.535168
1.914929
1.686384
2.027598
1.998834
2.494671
2.063348
2.019063
2.285909
2.954611
4.512104
1.907664
1.269475
2.046397
1.891090
1.495303
3.138128
2.407179
3.383849
3.002036
2.599332
1.294130
1.435251
1.097106
1.454448
0.977632
0.511397
0.469820
1.163412
0.440350
0.293580
0.578606
0.786747
0.639645
0.425554
0.259153
0.243544
0.340888
0.097594
0.107037
0.608247
0.152226
0.161240
0.385605
0.238273
0.282005
0.003408
0.097380
-0.038815
0.000504
0.152410
-0.263552
-0.241463
-0.259752
-0.267105
0.021359
-0.032425
0.578130
-0.069275
-0.047674
-0.013827
-0.059568
-0.194775
-0.086966
-0.066598
-0.128681
-0.036676
-0.210260
-0.107135
-0.079839
-0.301107
0.025466
-0.167869
-0.181683
0.328206
-0.267820
-0.217352
-0.316765
-0.301466
-0.315471
-0.211373
-0.118487
-0.140571
-0.150219
0.040427
-0.152264
-0.158298
-0.235572
-0.377109
-0.264499
-0.079279
0.042425
-0.157362
-0.133942
0.349078
0.202819
-0.124634
-0.062955
-0.086870
-0.197244
0.168079
-0.106728
1.071285
0.163766
-0.057988
0.005491
-0.181629
0.048913
-0.218057
-0.197656
-0.286570
-0.254812
-0.377212
-0.246752
-0.320008
-0.101781
-0.323197
-0.293244
-0.359091
-0.276964
-0.088502
-0.262786
-0.280000
-0.335353
-0.266839
-0.387753
-0.191356
0.307562
-0.027208
-0.065438
-0.179077
-0.022523
0.300589
-0.107175
-0.001876
-0.271678
-0.083491
-0.264266
-0.176620
-0.126210
-0.210174
0.202609
0.221440
0.057852
-0.101458
0.143634
0.485446
-0.224529
-0.151272
-0.352763
-0.303440
-0.302258
-0.359357
-0.311358
-0.258171
-0.231006
-0.343081
-0.276618
-0.080354
-0.418581
-0.257586
-0.177905
-0.229947
-0.260158
-0.352312
-0.256115
-0.413739
-0.436255
-0.355433
-0.343240
-0.373981
-0.208332
-0.132362
-0.362014
-0.418660
-0.448976
-0.366530
-0.318438
-0.154230
-0.308321
-0.383638
-0.409684
-0.367396
-0.368615
-0.297322
-0.210352
-0.282559
-0.273955
-0.131613
-0.221040
-0.472265
-0.383101
-0.440092
-0.433032
-0.373750
-0.364159
-0.321087
-0.351068
-0.430547
-0.404480
-0.362285
-0.321732
-0.310091
-0.297929
-0.408075
-0.165059
-0.055737
-0.049047
-0.413202
-0.398522
-0.213560
-0.368566
-0.143106
-0.414357
-0.204056
-0.314941
-0.023430
-0.275546
-0.484262
-0.273007
-0.414376
-0.455935
-0.363417
-0.409532
-0.403302
-0.266133
-0.413745
-0.286949
-0.485300
-0.452580
-0.478947
-0.452148
-0.444689
-0.386425
-0.131995
-0.294914
-0.415415
-0.257622
-0.415777
-0.222725
-0.358139
-0.322404
-0.231833
-0.423610
-0.459325
-0.269118
-0.419207
-0.343328
-0.450318
-0.248325
-0.319153
-0.478820
-0.357256
-0.444017
-0.415549
-0.351812
0.270005
0.301639
-0.357809
-0.427597
-0.430081
-0.441558
-0.492994
-0.519914
-0.560601
-0.575449
-0.436073
-0.601994
-0.539381
-0.569375
-0.274799
-0.030503
0.120769
-0.162781
-0.311831
-0.249748
-0.017530
-0.209645
0.724362
0.478652
1.285598
0.495538
0.728820
0.504845
1.455705
0.836685
0.800332
-0.162575
0.349734
0.119612
0.124722
0.195603
0.156165
0.130352
0.380704
0.750565
0.194574
0.344701
0.628179
0.428366
0.373921
0.071723
-0.016083
0.147172
-0.417841
-0.202621
-0.401365
-0.405189
-0.354782
-0.379642
-0.034444
-0.341856
-0.263131
-0.052350
-0.282345
-0.270584
-0.229904
-0.023368
-0.285484
-0.145111
-0.120308
-0.240670
0.100912
0.017628
-0.266719
-0.345974
-0.120194
-0.379778
-0.358442
-0.229139
-0.363540
-0.304276
-0.274491
-0.425479
-0.410636
-0.049921
-0.336861
-0.395761
-0.318781
-0.343341
-0.372222
-0.182478
-0.307312
-0.370861
-0.155835
-0.150520
-0.088207
-0.338257
-0.138512
-0.162751
-0.359789
-0.425971
-0.283829
-0.000047
-0.370245
-0.233402
-0.429334
-0.367858
-0.434856
-0.389984
-0.269916
-0.423608
-0.353479
-0.328148
-0.474677
-0.434198
-0.365082
-0.398254
-0.419880
-0.300770
-0.478153
-0.067883
-0.189070
-0.280219
2.483953
1.319107
1.645344
0.864234
0.394418
0.567644
0.874445
1.429707
2.584289
1.158191
0.829065
0.791958
1.118716
1.356381
0.295670
-0.020995
-0.153120
-0.112238
-0.097863
-0.204248
-0.103821
-0.114589
0.046637
0.049933
-0.102246
0.532979
-0.000401
0.422934
-0.189895
-0.146608
-0.426768
-0.011602
-0.287267
-0.099046
-0.046946
-0.370270
-0.188078
-0.355042
-0.360779
-0.166906
-0.239664
-0.356566
-0.198360
-0.427502
-0.158051
-0.270141
-0.231823
0.041265
-0.286823
-0.392339
-0.335604
0.310480
-0.461550
-0.252344
-0.339073
-0.397308
-0.330120
-0.451357
-0.381378
-0.345298
-0.333329
-0.525938
-0.378348
-0.499188
-0.447621
-0.352034
-0.479531
-0.398827
-0.438381
-0.474892
-0.378581
-0.503430
-0.530358
-0.488592
-0.476189
-0.453432
-0.353171
-0.326782
-0.434368
-0.358407
-0.106561
-0.360923
-0.295155
-0.338890
-0.531374
-0.237991
-0.430015
-0.529884
-0.435136
-0.207173
-0.264870
0.355099
0.208816
0.530181
0.286288
-0.040608
-0.149241
0.006944
-0.165917
-0.126811
0.022695
0.334281
0.301995
0.822913
0.449467
0.211293
-0.098146
0.233663
0.008882
0.167260
-0.068189
0.485958
0.658078
0.262925
0.660814
0.739727
0.490812
0.380738
0.104615
0.586214
0.866064
0.425326
0.711179
0.668941
0.243355
0.301501
0.738036
0.331865
0.206542
0.943841
0.109045
0.014690
-0.005200
0.715242
0.288231
0.146604
0.106880
0.284545
0.467209
0.059415
-0.077761
-0.190326
-0.274382
-0.251146
-0.223924
-0.288344
-0.359837
-0.321435
-0.181921
-0.258098
-0.315467
-0.233648
-0.350036
-0.358441
-0.240482
-0.285171
-0.400985
-0.276271
-0.206659
-0.452921
-0.414496
-0.356203
-0.387093
-0.356855
-0.313638
-0.338718
-0.388022
-0.389312
-0.364026
-0.428756
-0.383004
-0.239711
-0.405532
-0.368061
-0.341490
-0.427722
-0.425020
-0.457551
-0.433668
-0.301674
-0.464049
-0.374884
-0.394300
-0.428525
-0.502355
-0.455073
-0.443965
-0.426815
-0.438640
-0.378104
-0.362772
-0.467973
-0.366652
-0.402826
-0.381135
-0.111487
-0.291653
-0.290082
-0.109656
0.510943
-0.440822
-0.398615
-0.392997
-0.300834
-0.322943
-0.427421
-0.421464
-0.476786
-0.482013
-0.478398
-0.431829
-0.112842
-0.074630
-0.285876
-0.324033
-0.421510
-0.407532
-0.456088
-0.308056
-0.322910
-0.371943
-0.412453
-0.043454
-0.215574
-0.214581
-0.273979
-0.405849
-0.360974
-0.413994
-0.457639
-0.421823
-0.348888
-0.501475
-0.496362
-0.545854
-0.245990
-0.380524
-0.369078
-0.193082
-0.260794
-0.208409
-0.279327
-0.286103
-0.307727
-0.443177
-0.326146
-0.136843
-0.323002
-0.266219
-0.395735
-0.466188
-0.399339
-0.519111
-0.511937
-0.507215
-0.553345
-0.453036
-0.485932
-0.314494
-0.515498
-0.524906
-0.435216
-0.465584
-0.517418
-0.543764
-0.493928
-0.234120
-0.510037
-0.335249
-0.387206
-0.441695
0.170667
-0.128129
-0.313569
-0.361550
-0.331246
-0.370633
-0.335007
-0.308697
-0.009495
-0.292278
0.154015
0.115060
-0.167771
-0.072087
-0.239069
-0.220086
-0.173226
-0.371260
-0.350943
-0.286633
-0.086104
-0.333898
-0.165393
-0.010725
0.005875
-0.218734
-0.238845
0.094668
-0.201831
-0.343345
-0.291454
-0.321848
-0.042349
0.172826
-0.185842
-0.150848
-0.100732
-0.092272
-0.212269
-0.336594
-0.282628
-0.175882
-0.319222
-0.320051
-0.317741
-0.283980
-0.132027
-0.255641
-0.199317
-0.356385
-0.402037
-0.185600
-0.341174
-0.389675
-0.353360
-0.317796
-0.331640
-0.317309
-0.412571
-0.198858
-0.215403
-0.241160
-0.263526
-0.239437
-0.269034
-0.353706
-0.285955
-0.322918
-0.340850
-0.150584
-0.185318
-0.338965
-0.382845
-0.392348
-0.304435
-0.270636
-0.260224
-0.443211
-0.443737
-0.440264
-0.356902
-0.429374
-0.043941
-0.017512
0.279537
0.092686
0.117328
0.199929
0.020329
0.383097
0.077617
-0.009907
-0.103424
0.816541
0.716834
0.178351
0.934527
0.151946
-0.110369
-0.045784
-0.096984
-0.005991
-0.044574
-0.123045
-0.328568
-0.349418
-0.441260
-0.243051
-0.396880
-0.088694
-0.126822
-0.209647
-0.307098
-0.314604
-0.393573
-0.337397
-0.220507
-0.349967
-0.225197
-0.121006
-0.307873
-0.166861
-0.085876
-0.080454
-0.218731
-0.097646
0.398558
-0.324952
-0.270886
-0.196290
-0.316916
-0.022078
-0.388340
-0.464020
-0.271430
-0.251775
-0.311955
-0.309143
0.186959
-0.360064
-0.311671
-0.359297
-0.407551
-0.091568
-0.444537
-0.310055
-0.516055
-0.547406
-0.439696
-0.507187
-0.372204
-0.269626
-0.530278
-0.453250
-0.346086
-0.385842
-0.460449
-0.391682
-0.417978
-0.383677
-0.391926
-0.359643
-0.172771
-0.225617
-0.056024
-0.296606
0.380156
0.368261
0.000884
0.229753
-0.266449
0.372282
0.252209
0.862436
-0.044162
-0.029964
-0.238721
-0.216434
-0.284705
-0.335312
-0.340762
-0.341473
-0.300540
-0.164561
-0.243552
-0.245754
0.304819
-0.112074
-0.208543
-0.119984
-0.199590
-0.254202
-0.178400
-0.126091
-0.310365
-0.207271
-0.062751
-0.223409
-0.018140
-0.176689
-0.211066
-0.244873
-0.194541
-0.229258
-0.186589
-0.186309
-0.111795
-0.072016
0.142807
-0.056775
-0.006249
-0.012814
-0.175326
-0.330203
-0.365123
-0.475553
-0.103060
0.284710
0.904779
0.968837
2.239455
1.563760
2.199250
2.051496
1.558120
1.310378
2.313419
1.080450
0.924010
1.311025
1.159238
3.347371
0.350575
-0.225692
1.000936
1.272795
0.152100
0.507636
0.152473
2.476970
1.349796
0.451720
0.718662
0.947096
0.927057
0.454204
0.694187
0.122212
0.119862
0.769650
0.445289
0.042656
0.191349
0.244925
-0.116109
-0.055708
0.131292
0.216670
-0.227796
0.114503
-0.095180
0.021400
0.566302
-0.098285
-0.230684
0.118222
0.085519
0.208340
0.845920
0.397149
0.682160
0.064944
0.865425
0.115255
0.828000
0.813988
-0.041381
0.196105
-0.023396
-0.186999
-0.292282
-0.188350
0.259709
-0.301538
0.088545
0.220003
-0.070554
-0.006794
-0.220724
-0.040317
1.115897
0.434388
0.724183
1.008464
2.284482
1.240128
0.117330
0.061463
0.041899
1.249506
0.037021
0.194930
-0.265379
-0.252919
-0.398108
-0.247544
-0.175207
0.081318
-0.165442
0.004327
0.054034
-0.080351
-0.322009
-0.442393
-0.328337
-0.248565
-0.471732
-0.478593
-0.360856
0.194157
-0.489984
-0.520935
-0.414785
-0.194080
-0.475349
-0.464390
-0.446079
-0.126111
-0.245817
-0.206427
-0.376400
-0.178499
-0.354417
-0.012132
0.086088
0.172895
-0.050096
0.306184
0.260123
0.231726
0.646211
0.529660
0.459017
0.485876
0.726725
0.543173
0.555900
1.620941
0.705489
0.363491
0.421233
0.963000
0.712823
0.846269
2.459911
1.499650
0.922558
0.992813
0.546298
0.111239
0.204772
0.551911
0.472908
-0.053806
0.167231
0.558542
-0.266620
-0.225788
0.200197
0.079638
0.166448
0.404852
-0.019594
-0.111520
0.180079
-0.087836
0.256781
0.366160
0.061272
-0.199208
4.536154
0.257962
-0.286711
0.551622
-0.030841
0.390254
-0.001694
-0.192159
-0.168551
0.708157
0.213572
-0.333605
0.184026
0.053261
0.017180
-0.100527
-0.132311
-0.001241
-0.193139
-0.126581
-0.121326
-0.130198
-0.018270
-0.176154
-0.224075
-0.082894
0.228284
-0.205372
0.189017
-0.193173
-0.184829
-0.223519
-0.171637
-0.068956
-0.160013
-0.244633
0.350757
2.080316
0.069864
-0.239673
0.064384
-0.120490
0.107095
0.087859
0.471373
0.288118
0.966021
0.435605
0.140625
0.359653
0.207949
0.056967
0.700684
2.751170
0.332668
0.127371
0.208094
0.948703
1.030518
0.129728
-0.102559
-0.424399
-0.226169
-0.145880
0.027371
0.910490
-0.025991
-0.144241
-0.048188
-0.196881
-0.270864
-0.127784
-0.098650
-0.062112
-0.129177
-0.124152
-0.252672
-0.318644
-0.185855
-0.155346
-0.321248
-0.397814
-0.311296
-0.364567
-0.263748
-0.375663
-0.116585
-0.227827
0.568082
-0.103483
0.067858
-0.083299
-0.114891
0.361469
-0.047559
-0.134307
-0.231025
-0.156184
-0.185843
-0.195574
0.534395
-0.113181
-0.153213
-0.266705
0.073687
0.471551
-0.221200
-0.288818
-0.222028
-0.011742
0.382649
0.923810
2.747154
3.181493
1.962120
1.662767
1.279513
1.992636
1.924051
1.691265
2.165075
2.564966
2.024056
1.154321
0.471735
0.749739
0.587761
0.633958
0.265067
0.367081
1.399285
0.861783
0.637378
0.209733
0.547752
1.185867
1.016674
3.445944
3.575636
1.144751
1.425463
1.850422
1.766959
2.822248
5.886835
2.586109
2.400985
2.252796
1.665350
1.910983
1.211107
7.019507
1.925021
2.500911
1.165314
1.428121
1.014410
-0.078981
0.207047
0.948526
0.759212
0.076540
1.088225
0.646476
0.545096
0.105932
0.442582
0.898251
0.345761
1.272567
0.653618
0.968432
0.584051
0.639123
0.831328
0.322728
0.078169
0.293881
0.413113
0.707772
-0.108851
-0.117172
0.177970
0.945274
0.060334
0.045053
0.401730
0.214721
0.126035
-0.132539
0.214723
0.029065
-0.036164
0.319433
0.137626
0.082484
0.276657
0.309547
0.274104
0.164623
0.176642
-0.101077
0.204839
-0.009516
0.007155
-0.069439
0.158275
0.517739
0.036076
-0.024910
-0.189816
-0.110167
-0.199900
-0.128135
-0.305391
0.017301
-0.279741
0.233202
-0.157942
-0.123493
0.301925
-0.363233
-0.090679
-0.307832
-0.300573
-0.334881
-0.364841
-0.280507
-0.256632
-0.297433
-0.078823
-0.217971
0.077819
-0.110039
-0.131521
-0.082372
-0.205777
-0.131718
-0.265926
0.025945
-0.297582
0.367893
-0.123484
-0.120625
0.041548
-0.159590
-0.215864
-0.160150
0.016944
-0.150537
-0.324922
-0.008908
-0.080260
-0.125625
-0.320955
-0.065988
1.254955
0.471083
-0.302063
-0.178234
-0.229891
-0.226390
-0.305101
-0.170911
-0.312453
-0.143440
-0.150094
0.158200
-0.397209
-0.120144
-0.275380
-0.345512
-0.417424
-0.298860
-0.220544
-0.474208
-0.241054
-0.127238
0.655224
-0.043859
0.537646
0.611453
0.461948
-0.009803
0.066417
1.123492
0.084277
0.142534
0.135469
0.948694
0.041229
0.062261
-0.227377
-0.391968
-0.181558
-0.330412
-0.278652
-0.336343
0.055244
-0.323837
-0.252009
-0.499038
-0.468316
-0.444996
-0.526270
-0.482325
-0.514840
-0.554836
-0.491103
-0.437112
-0.403365
-0.320673
-0.272667
-0.161929
-0.252006
-0.221462
0.282128
0.124604
0.068989
-0.095426
-0.243073
-0.275333
-0.552481
-0.056160
-0.462792
-0.346135
-0.464995
-0.389473
-0.502538
-0.403898
-0.303763
-0.344580
-0.158212
-0.355625
-0.499995
-0.376018
-0.425695
-0.216203
-0.343118
-0.400274
-0.250565
-0.258351
-0.424005
-0.410188
-0.502304
-0.442975
-0.450884
-0.407728
-0.523212
-0.532704
-0.554724
-0.428940
-0.520966
-0.304506
-0.483859
-0.363218
-0.473620
-0.537686
-0.388604
-0.348048
0.102935
-0.193838
-0.401835
-0.515680
-0.428346
-0.431719
-0.002996
-0.525750
-0.505325
-0.238100
-0.441523
-0.412199
-0.383580
-0.313661
-0.464892
-0.536020
-0.548674
-0.462234
-0.514681
-0.523497
-0.514153
-0.490675
-0.510381
-0.443631
-0.480204
-0.339978
-0.355893
-0.359736
-0.378015
-0.287769
0.244395
-0.333819
-0.295423
-0.204022
-0.213009
-0.316901
-0.302220
-0.343855
-0.237040
-0.334786
-0.035048
-0.229083
-0.218059
-0.116110
-0.030818
-0.331508
-0.369482
-0.165561
-0.266478
-0.211153
-0.163681
-0.118341
-0.241994
-0.279619
-0.249497
-0.361353
-0.439847
-0.524015
-0.439583
-0.539093
-0.412273
-0.439887
-0.300937
-0.153587
-0.456562
-0.529682
-0.445287
-0.385936
-0.356725
-0.508251
-0.239826
-0.179422
-0.438951
-0.531821
-0.238911
-0.327675
-0.374312
-0.326230
-0.319991
-0.405395
-0.470244
-0.435775
-0.393369
-0.490860
-0.481488
-0.532000
-0.441081
-0.479104
-0.471292
-0.353987
-0.440889
-0.417368
-0.396383
-0.447903
-0.362664
-0.370201
-0.459125
-0.391500
-0.392862
-0.242091
-0.537380
-0.506421
-0.467309
-0.493911
-0.529081
-0.535570
-0.467661
-0.590848
-0.570040
-0.536098
-0.485638
-0.541764
-0.482187
-0.467127
-0.419505
-0.429167
-0.414706
-0.516690
-0.416148
-0.413146
-0.302867
-0.357717
-0.388969
-0.447887
-0.428437
0.014477
0.126377
0.312585
0.310097
0.982211
0.432312
0.624744
0.510645
0.520094
0.014886
0.166813
0.408613
0.242966
-0.012602
0.149120
-0.299908
-0.296262
-0.048648
-0.081381
-0.193206
0.122206
0.097432
-0.210349
0.307849
-0.284148
-0.142383
-0.190713
0.029348
-0.129521
-0.221086
-0.339094
-0.057304
0.368687
0.113821
-0.172998
0.105061
-0.316852
-0.129216
-0.031924
-0.264072
-0.183849
-0.257246
-0.319921
-0.069097
-0.248700
-0.346061
-0.340035
-0.319706
-0.323969
-0.188026
0.165764
-0.319381
-0.445293
-0.330316
-0.282021
-0.282834
-0.222492
-0.405501
-0.014446
0.184989
-0.341812
-0.082109
-0.232389
-0.373622
-0.393910
-0.355794
-0.470875
-0.366303
-0.365616
-0.373638
-0.395305
-0.270094
-0.156845
-0.399620
-0.377263
-0.336835
-0.484539
-0.267705
-0.391307
-0.281593
-0.240433
-0.223050
-0.379007
-0.407061
-0.390968
-0.243573
-0.395113
-0.353862
-0.442381
-0.404560
-0.358446
-0.313648
-0.451228
-0.453818
-0.280923
-0.439420
-0.183386
0.747021
2.437427
2.299248
3.340826
8.492694
6.451957
3.796460
8.202370
9.518359
12.695702
6.153201
2.631062
3.903952
1.722194
1.474758
5.356998
3.312816
3.272634
4.608468
4.562151
0.517828
0.282253
0.583693
0.146305
0.701946
0.558402
0.224363
0.104021
0.576101
1.125586
0.143814
0.460557
0.235356
0.382322
0.255114
0.248429
0.515191
0.432435
0.719779
0.307166
0.057565
0.075375
0.556876
0.220896
0.688479
-0.071270
0.053829
-0.371055
-0.445502
-0.435673
-0.245760
-0.535638
-0.406684
-0.500852
-0.425214
-0.394874
-0.387526
-0.268017
-0.289900
-0.282410
-0.286384
-0.036436
0.321772
-0.163411
0.008431
-0.246263
-0.037446
0.098714
0.010704
0.232924
0.239258
-0.052058
0.137432
-0.074256
-0.012221
0.080566
0.407274
0.457571
0.522585
-0.020428
0.798871
0.319940
-0.004433
0.203680
1.070627
0.570502
0.644678
0.762463
0.671818
1.076025
1.035406
0.710911
0.236636
0.710017
0.711670
2.477086
0.186130
0.295213
0.934296
0.755320
0.400867
0.696094
0.303640
0.523684
0.540775
0.220284
0.086653
0.265597
0.018158
0.207509
0.344160
0.037817
-0.019679
2.010820
-0.302699
-0.405726
-0.147034
-0.360388
-0.340111
-0.328186
-0.387153
0.114368
0.090601
-0.301972
-0.350125
0.892845
-0.132391
-0.069139
0.558069
-0.019117
0.179224
0.124781
0.356229
-0.287145
0.050614
0.127658
-0.115696
-0.241557
-0.192720
-0.000007
-0.107134
0.020473
0.013544
-0.125473
0.023001
-0.056941
-0.086418
0.060477
-0.024345
0.815064
-0.107643
-0.350904
-0.202381
-0.210758
-0.367795
-0.427111
-0.483596
-0.414104
-0.438429
-0.441628
-0.413772
-0.374359
-0.446490
-0.417764
-0.435280
-0.301940
-0.376242
-0.411349
-0.429899
-0.426979
-0.342991
-0.487339
-0.503895
-0.444850
-0.464916
-0.376032
-0.314833
-0.442676
-0.403406
-0.427999
-0.387986
-0.316474
4.767798
-0.358452
-0.363632
-0.409196
-0.378207
-0.314171
-0.223544
-0.285900
-0.217774
0.015511
-0.047345
-0.165061
-0.305969
-0.313629
-0.393762
-0.278131
-0.376577
-0.394620
-0.294657
-0.112259
-0.323157
-0.257255
-0.141460
-0.408512
-0.329188
-0.271302
-0.428545
-0.375147
-0.320758
-0.344298
-0.317951
-0.107867
-0.388965
-0.302255
-0.313769
-0.446977
-0.356640
-0.367657
-0.489732
-0.277577
-0.444941
-0.400850
-0.430820
-0.548281
-0.471670
-0.520499
-0.497482
-0.502628
-0.495686
-0.461731
-0.435647
-0.306160
-0.419220
-0.320106
-0.385382
-0.372126
-0.306770
-0.502413
-0.367838
-0.514460
-0.496066
-0.550965
-0.522945
-0.445664
-0.417164
-0.510491
-0.344780
-0.415577
-0.424518
-0.394531
-0.358294
-0.463434
-0.409470
-0.273484
-0.401496
-0.294271
-0.422147
-0.360310
-0.340752
-0.305516
-0.262513
-0.190854
-0.229416
-0.043459
-0.235723
-0.040200
-0.101339
-0.219152
-0.300466
-0.419378
-0.330517
-0.011562
-0.135491
-0.139816
-0.341167
-0.211773
-0.307486
-0.404680
-0.340347
-0.318259
-0.248012
-0.301619
-0.062063
-0.199317
-0.291863
-0.305238
0.090139
-0.052298
-0.087007
-0.220791
-0.269099
-0.100165
0.046620
-0.092247
-0.185665
-0.269981
0.128878
-0.061436
-0.293162
-0.224302
-0.096866
-0.177171
0.082920
0.142584
-0.041463
-0.182638
-0.276497
-0.106530
-0.209341
-0.170443
-0.041040
-0.409112
-0.171935
-0.225616
0.019885
-0.273998
-0.373970
-0.407308
-0.412258
-0.466310
-0.486728
-0.209515
-0.217984
-0.028765
-0.403787
-0.352601
0.010827
-0.129825
-0.121261
-0.160916
-0.332880
-0.415027
-0.404307
-0.375076
-0.536089
-0.473486
-0.502511
-0.484337
-0.494953
-0.532892
-0.521932
-0.466671
-0.495850
-0.512836
-0.520519
-0.400373
-0.526855
-0.566468
-0.454180
-0.443620
-0.459048
-0.377858
-0.353016
-0.484410
-0.496623
-0.488555
-0.533502
-0.514361
-0.441538
-0.447571
-0.502015
-0.501152
-0.432351
-0.329085
-0.409122
-0.501395
-0.516747
-0.490786
-0.487072
-0.417358
-0.260490
-0.252492
-0.341728
-0.256338
-0.293986
-0.329780
-0.107250
-0.356756
-0.343773
-0.273337
-0.164838
-0.451315
-0.401664
-0.469875
-0.423821
-0.558614
-0.448105
-0.395296
-0.348916
-0.538633
-0.514212
-0.344352
-0.365176
-0.492660
-0.509564
-0.540207
-0.508547
-0.521996
-0.498497
-0.374584
-0.060522
-0.189251
-0.109920
-0.234366
-0.318485
-0.270671
-0.251764
-0.373157
-0.157585
-0.330064
-0.271374
-0.272334
-0.341542
-0.100450
-0.154653
-0.251268
-0.256198
-0.073949
-0.181572
-0.291234
-0.273992
-0.054456
0.018518
-0.031146
-0.096817
-0.084200
-0.279927
-0.343932
-0.315120
-0.264346
-0.378976
-0.152434
-0.232902
-0.218670
-0.052480
0.329051
0.471122
0.579933
3.093922
1.273095
-0.080978
0.699530
0.986871
0.114512
0.557682
0.339243
0.544696
0.136064
0.287994
0.528792
0.248888
-0.334885
-0.318790
-0.427987
-0.044958
-0.215843
-0.172256
-0.398251
-0.361221
-0.206582
-0.095254
-0.436708
-0.408499
-0.430285
-0.338513
1.229914
-0.265720
-0.378491
-0.442701
-0.417774
-0.436222
-0.228763
-0.368731
-0.140255
-0.263817
-0.264182
-0.042875
-0.296214
-0.223790
-0.199549
-0.215375
-0.258214
-0.297703
-0.345531
-0.386012
-0.013983
-0.031568
-0.198949
-0.472289
-0.211117
1.371399
0.401232
0.137470
0.386560
0.129153
0.546177
0.158746
0.278218
0.117614
1.867140
0.645233
0.429178
-0.218936
-0.112351
-0.165280
-0.275764
-0.386407
-0.200360
0.826870
-0.350390
-0.314620
-0.421020
-0.233686
-0.304581
-0.105991
-0.353457
-0.238489
-0.365021
-0.294195
-0.344064
-0.216204
-0.328102
-0.278340
-0.353074
-0.262331
-0.269082
-0.468268
-0.473726
-0.062670
-0.421044
-0.399847
-0.193407
-0.464941
-0.486449
-0.431127
-0.535708
-0.425519
-0.463071
-0.325194
-0.375423
-0.235781
-0.260849
-0.263529
-0.072216
-0.295169
-0.293867
-0.188771
-0.331589
-0.439259
-0.395461
-0.300974
-0.558058
-0.383227
-0.437136
-0.424087
-0.458397
-0.494440
-0.546575
-0.460980
-0.412851
-0.455257
-0.383809
-0.496056
-0.424051
-0.472316
-0.557070
-0.473514
-0.362182
-0.381985
-0.327121
-0.492327
-0.495331
-0.367272
-0.544183
-0.483732
-0.548750
-0.523366
-0.476483
-0.477623
-0.437532
-0.396380
-0.470484
-0.508902
-0.489038
-0.483394
-0.458836
-0.526217
-0.480933
-0.519692
-0.515071
-0.397153
-0.475881
-0.549795
-0.559845
-0.446532
-0.384769
-0.490203
-0.417326
-0.433199
-0.338231
-0.118258
-0.068641
0.193404
-0.257439
-0.048165
-0.352376
-0.153733
0.264015
0.005960
0.180939
0.482776
-0.055249
-0.269294
-0.016446
-0.383856
-0.306433
-0.281949
-0.128413
-0.086222
-0.220937
0.017556
0.446852
-0.098337
-0.142866
-0.035364
0.231778
0.029662
0.128521
0.213033
0.074595
-0.049831
-0.087151
-0.273147
-0.166462
-0.447716
0.542281
-0.153698
-0.181708
-0.222414
0.268212
-0.301888
-0.200755
-0.024680
-0.074427
-0.222355
0.342329
-0.304051
0.142037
-0.032943
0.030252
0.158511
-0.055125
0.085466
0.335801
0.126003
0.332682
-0.079973
0.169615
0.031519
0.064146
-0.063043
-0.222617
-0.273282
-0.117141
-0.203867
-0.090148
-0.312365
-0.442914
-0.356704
-0.121391
-0.443361
-0.297463
-0.318535
-0.379724
-0.352547
-0.292994
-0.082954
-0.421895
-0.404802
-0.334425
-0.186510
-0.122923
-0.268761
-0.355925
-0.120169
-0.368315
-0.378337
-0.421239
-0.348642
-0.342786
-0.146658
-0.280605
-0.373735
-0.452878
-0.430839
-0.386046
-0.389742
-0.467134
-0.355345
-0.342116
-0.311711
-0.146967
0.037365
0.067433
0.441665
0.173442
0.211634
0.703541
1.135282
0.859613
0.553549
0.728246
2.238920
1.186880
0.925773
0.788647
0.938197
0.989209
0.543488
-0.028196
0.399110
0.369017
0.554351
0.084322
-0.276292
-0.264676
0.122455
-0.303636
-0.055098
-0.322178
-0.283934
-0.206108
-0.304349
-0.231807
-0.307462
-0.023445
-0.076440
0.378057
-0.261614
-0.159627
-0.167282
-0.362609
-0.324633
-0.265156
-0.267389
-0.356484
-0.291415
-0.404522
-0.422523
-0.318521
-0.321834
-0.334689
-0.205664
-0.132992
-0.391182
-0.355179
-0.277830
-0.263847
-0.244054
-0.247566
-0.101143
-0.175918
-0.259871
-0.178310
-0.287228
-0.265644
-0.338149
-0.176504
-0.261808
-0.375657
-0.420724
-0.444593
-0.517453
-0.413196
-0.524044
-0.516962
-0.474193
-0.347856
-0.450609
-0.387346
-0.396498
-0.553863
-0.452198
-0.502340
-0.395207
-0.389406
-0.445715
-0.423386
-0.383832
-0.352468
-0.463184
-0.276502
-0.382863
-0.529850
-0.216076
-0.448337
-0.441310
-0.518793
-0.401645
-0.559685
-0.454982
-0.422013
-0.478200
-0.445085
-0.406285
-0.440121
0.196541
-0.461758
0.149564
-0.403361
-0.425470
-0.388985
-0.313882
-0.381259
-0.363092
-0.316962
-0.409153
-0.285188
-0.324018
-0.286262
-0.247165
-0.547281
-0.503285
-0.353114
-0.393142
-0.471707
-0.476108
-0.425417
-0.365213
-0.486657
-0.514955
-0.359407
-0.390866
-0.381087
-0.363766
-0.432555
-0.309191
-0.370133
-0.304776
-0.332307
-0.450586
-0.398954
-0.405231
-0.441955
-0.418130
-0.348108
-0.290926
-0.303087
-0.069552
-0.110454
-0.280207
-0.339685
-0.384584
-0.234988
-0.066480
-0.214243
0.643280
0.163288
0.055407
0.176441
0.134842
0.212261
0.182791
0.333965
-0.165130
-0.130788
-0.140937
-0.258371
-0.284449
-0.308237
-0.415382
-0.372349
-0.446802
-0.505762
-0.328833
-0.389720
-0.349078
-0.402897
0.113336
-0.380675
-0.182821
-0.348340
-0.321709
-0.395038
-0.357772
-0.327507
-0.257652
-0.369766
-0.377524
0.170804
-0.418979
-0.440794
-0.457968
-0.428669
-0.496181
-0.480266
-0.426519
-0.472251
-0.446143
-0.484974
-0.469504
-0.288597
-0.391804
-0.463953
-0.467113
-0.345998
-0.443786
-0.497159
-0.224244
-0.178439
-0.358525
-0.386215
0.064742
-0.414780
-0.480365
-0.517776
-0.315629
-0.488907
-0.529647
-0.315291
-0.471133
-0.419231
-0.330263
-0.247179
-0.243019
-0.248389
-0.398154
-0.281766
-0.239424
-0.404402
0.060921
-0.324378
-0.462953
-0.454046
-0.329281
-0.379088
-0.445285
-0.478160
-0.473039
-0.292024
-0.417277
-0.523361
-0.275877
-0.264927
-0.032959
-0.463363
-0.504013
-0.464358
-0.474988
-0.462907
-0.445533
-0.350905
0.258984
-0.462590
-0.373748
-0.340913
-0.311316
-0.198045
-0.118996
-0.273066
-0.419364
-0.447554
-0.357711
-0.368352
-0.506773
-0.425718
-0.435244
-0.423698
-0.445629
-0.494117
-0.406220
-0.317104
-0.329232
-0.431035
-0.484208
-0.414731
-0.310172
-0.263204
-0.332493
-0.274445
-0.303657
-0.358998
-0.334236
-0.189173
-0.400961
-0.307535
-0.148852
-0.230206
-0.071577
-0.155457
-0.294456
-0.097527
-0.138313
-0.366378
-0.061577
-0.231898
-0.196774
-0.112586
-0.035511
-0.093929
-0.195639
-0.296440
-0.275848
-0.284131
-0.437814
-0.467050
-0.486092
-0.493376
-0.491623
-0.499994
-0.553473
-0.529471
-0.463709
-0.536670
-0.431534
-0.467235
-0.440641
-0.526072
-0.440351
-0.324907
-0.406456
-0.500303
-0.535790
-0.346782
-0.317313
-0.441986
-0.339016
-0.434997
-0.438060
-0.290254
-0.363952
-0.336871
-0.392887
-0.434987
-0.313026
-0.278229
-0.498060
-0.238112
-0.156700
-0.486918
-0.488088
-0.493580
-0.413914
-0.578229
-0.481800
-0.511260
-0.524098
-0.362412
-0.485509
-0.327643
-0.315443
-0.262235
-0.111861
0.122833
-0.060245
-0.161682
0.477246
0.079510
0.307315
0.189727
0.764753
0.497114
0.456215
0.149129
0.279951
0.057886
-0.349322
-0.422686
-0.487938
-0.264208
-0.533035
-0.427046
-0.272511
-0.133127
0.523921
-0.090857
0.104248
0.577224
-0.041668
0.275982
0.197721
0.276597
0.832455
-0.012892
0.028994
0.813219
0.274891
0.933341
-0.148209
-0.097552
-0.211742
-0.150631
0.014395
-0.274296
-0.312601
0.283297
-0.170922
-0.092651
0.213493
0.333625
-0.146477
-0.080652
0.288761
0.099854
0.372121
-0.172797
0.126375
0.155399
0.163611
0.101265
0.424284
0.318135
0.265714
-0.179539
0.266881
-0.194862
0.072741
-0.027016
-0.285894
-0.389416
-0.372926
-0.160593
-0.312787
-0.280530
-0.236631
0.178886
-0.284250
0.033899
-0.269930
-0.351161
-0.358376
3.820295
-0.192441
0.020910
0.411031
-0.049744
-0.198062
-0.033310
0.046784
-0.166667
0.123471
-0.028380
-0.148995
0.338324
-0.259765
0.110537
-0.098473
0.065152
0.266645
0.442832
-0.042268
-0.084227
0.116191
0.022030
0.393321
0.498666
0.150826
0.131479
-0.075079
-0.157588
-0.006719
0.049832
-0.126535
-0.120238
0.007672
-0.262145
-0.160308
-0.067358
-0.352991
-0.043699
-0.031287
-0.154544
-0.242864
-0.161973
-0.205995
-0.242945
-0.385214
-0.217082
-0.352989
-0.348253
-0.407356
-0.449109
-0.446485
-0.341940
-0.366371
-0.316866
-0.089467
-0.304841
-0.387201
-0.449277
-0.363994
-0.116571
-0.402754
-0.448670
-0.208886
-0.357011
-0.348538
-0.291598
-0.343225
-0.084342
-0.361002
-0.308102
-0.453863
-0.287776
-0.233379
-0.343261
-0.375759
-0.147808
-0.311046
0.213748
-0.006069
0.007543
0.101006
0.515281
0.170576
-0.321798
0.234431
-0.066066
0.478087
-0.141167
-0.371486
0.012636
-0.197770
-0.301626
-0.133712
-0.143591
0.160904
-0.346492
-0.430994
-0.324031
-0.440992
-0.484521
-0.398321
-0.285493
-0.296668
-0.202317
-0.143530
-0.128121
-0.272751
-0.039903
-0.194136
0.281439
-0.212251
-0.334044
-0.352539
-0.334199
0.042039
-0.271327
-0.323073
-0.299125
-0.117006
-0.203963
-0.302265
0.131325
-0.207686
-0.074862
0.080072
-0.111642
-0.124711
0.127905
-0.177593
-0.415921
-0.436596
-0.214181
-0.433706
-0.310140
-0.429981
-0.295286
-0.444899
-0.502682
-0.219802
-0.320032
-0.324706
-0.282057
-0.264949
-0.310867
-0.189413
-0.369072
-0.360534
-0.247944
-0.057507
-0.047303
-0.178254
-0.170419
-0.375038
-0.358173
-0.046069
-0.265787
-0.074338
-0.384581
-0.314113
-0.424303
-0.299453
-0.288922
-0.428410
-0.329996
-0.253859
-0.195394
-0.055907
-0.124343
-0.433533
-0.003715
-0.048495
-0.440864
-0.315900
-0.282130
-0.366790
-0.196376
-0.275334
-0.142551
-0.394171
-0.472627
-0.267955
-0.345598
-0.374205
-0.381978
1.212396
-0.289849
-0.342880
-0.327679
-0.361683
-0.481412
-0.415677
-0.487603
-0.408898
-0.449030
-0.451595
-0.193820
-0.186280
0.034444
-0.057427
0.035280
0.060096
-0.253398
-0.270117
-0.305765
-0.066475
-0.137797
0.043060
-0.151329
-0.264712
-0.197842
-0.191122
-0.097356
-0.374305
-0.328887
-0.332461
-0.465660
-0.332592
-0.477164
-0.413297
-0.385363
-0.420828
-0.438978
-0.210676
-0.481935
-0.390736
-0.366354
-0.398865
-0.237154
-0.205198
-0.074951
-0.408130
-0.407718
-0.480964
-0.267257
-0.406765
-0.255889
-0.467271
-0.245381
-0.479501
-0.482180
-0.411561
-0.380217
-0.518648
-0.429053
-0.495076
-0.486318
-0.450977
-0.300704
-0.464253
-0.506561
-0.292494
-0.440174
-0.270220
-0.270869
-0.375782
-0.411234
-0.258396
-0.355186
-0.205520
-0.354564
-0.303666
-0.353356
-0.187701
-0.381172
-0.336333
-0.370332
-0.340037
-0.293358
-0.355669
-0.385922
-0.298173
-0.267868
-0.237626
-0.221271
-0.361829
-0.417564
-0.508778
-0.425112
-0.448536
-0.385326
-0.379456
-0.335068
-0.430449
-0.393043
-0.466392
-0.492766
-0.467283
-0.462072
-0.258047
-0.378106
-0.303645
-0.413348
-0.432401
-0.436239
-0.325953
-0.500107
-0.426620
-0.523426
-0.533136
-0.325452
-0.296654
-0.406649
-0.287887
-0.382411
-0.477044
-0.255469
-0.397582
-0.379757
-0.444208
-0.318292
-0.395580
-0.477692
-0.353449
-0.195244
-0.275246
-0.106245
-0.054826
-0.206884
-0.293061
-0.343690
-0.159944
-0.080391
-0.317758
-0.167550
0.580845
-0.154374
-0.223745
-0.249796
-0.035841
-0.164673
-0.180519
2.847222
0.059090
-0.130243
0.078536
-0.136706
0.067757
0.431625
1.423423
0.043064
0.030465
0.003000
0.026295
-0.191258
0.001161
-0.194339
-0.154573
-0.136084
-0.244250
-0.037574
-0.117564
-0.085587
0.203057
