0.000000
-0.436330
-0.668319
-0.387357
-0.804155
-0.392435
-0.956976
-0.837002
-0.485331
-0.609188
-0.564433
-0.827843
-0.930976
-0.519331
-0.647551
-0.010745
-0.242929
-0.309986
-0.730262
0.061625
-0.758949
-0.592754
-0.527154
-0.595343
-0.179270
0.250073
0.176470
-0.010537
-0.611845
-0.680505
-0.948612
-0.262165
-0.218888
-0.869536
-0.816235
-0.632824
-0.619832
-0.483920
-0.902273
-0.791558
-0.916147
-0.129935
-0.563978
-0.428361
-0.715468
-0.088166
-0.291895
-0.219477
-0.910682
0.009353
-0.723884
-0.416941
-0.406887
-0.455035
-0.262090
-0.831897
-0.968771
0.528945
0.338820
-0.074973
-0.546603
-0.340657
-0.689747
-0.882931
-0.942670
-0.771810
-0.317043
-0.789967
0.585005
-0.158221
0.077432
-0.645190
-0.122192
-0.268732
-0.806612
-0.492523
0.047774
-0.776926
-0.154572
0.083150
-0.320648
-0.546935
-0.799583
-0.666344
0.019785
0.601776
-0.654143
-0.738611
-0.774299
0.412177
-0.910071
0.173628
-0.467369
-0.914050
1.048425
1.375648
0.058815
0.279190
0.193876
-0.382047
-0.509437
-0.787507
-0.341368
-0.869067
-0.654692
-0.774650
-0.711398
-0.619234
-0.033418
-0.827276
-0.473276
-0.092295
-0.844882
-0.259764
-0.700672
-0.615415
0.432695
-0.747888
-0.206069
-0.526508
0.341291
2.021895
-0.396054
0.435876
-0.225247
0.488974
-0.490524
-0.601927
0.484701
-0.113647
0.180657
-0.326176
-0.090444
-0.098667
0.042163
0.405717
0.964054
0.118014
1.070569
-0.061686
-0.692099
0.040002
0.478926
0.419286
-0.338896
-0.854458
-0.493383
0.098029
0.158163
0.061628
0.143707
-0.672274
0.971537
0.471460
-0.104685
-0.727706
-0.680221
0.377149
-0.462061
-0.318974
0.246955
-0.788417
-0.649372
-0.604939
1.264491
0.687335
-0.130482
0.396802
-0.021754
-0.323461
1.001871
-0.715875
0.489467
-0.742867
1.503956
0.993012
0.721240
0.431650
1.066107
-0.445221
-0.474288
-0.220429
-0.603298
-0.412429
-0.014680
-0.407226
-0.099435
-0.464249
-0.543075
-0.754779
1.532379
2.260408
-0.549859
-0.085692
0.165460
-0.343846
-0.903982
-0.436869
0.969203
0.088774
2.416309
2.548552
0.719287
-0.343987
-0.245147
-0.508494
-0.533652
-0.034305
0.241141
-0.400170
0.117484
1.011455
-0.392132
-0.576732
-0.186895
0.709270
-0.805102
0.375833
-0.027877
-0.500990
-0.251092
-0.394419
-0.712993
0.788221
-0.307048
-0.860029
-0.185575
1.632236
1.120694
2.296669
-0.675847
0.366091
-0.881205
-0.138667
-0.591571
-0.675828
-0.597254
-0.295805
0.256213
-0.286880
-0.528411
-0.314756
-0.097809
0.788545
1.371360
0.035473
-0.703829
-0.875247
-0.197169
-0.425731
-0.156757
-0.899309
-0.688071
0.551947
3.456501
-0.425040
-0.395834
0.093172
-0.275919
-0.181436
-0.036851
-0.196877
-0.923909
0.225869
0.563666
-0.282203
-0.871623
-0.714071
-0.197383
0.638335
1.589085
0.105704
0.080081
0.073642
-0.940670
0.048480
-0.442221
-0.498134
0.313238
-0.405404
0.861896
-0.518286
-0.663330
0.068433
-0.628094
0.800627
-0.514314
-0.511047
-0.154924
-0.445433
-0.258781
-0.085688
0.471951
-0.283455
-0.278613
-0.304365
0.791817
0.340801
-0.716928
-0.772625
-0.422207
-0.581519
0.059517
-0.292736
0.304759
-0.836187
0.409234
2.661860
-0.667054
-0.656363
0.786880
-0.227354
-0.143509
0.264770
-0.704390
0.109607
0.380932
-0.642634
1.475401
0.553818
0.076151
-0.257281
-0.441341
2.644023
0.402218
-0.520539
-0.718464
-0.567503
-0.652402
0.172228
-0.370081
1.154620
-0.408496
0.343517
1.161886
0.178989
-0.489363
0.556192
-0.668395
-0.481440
0.375285
-0.599253
-0.453344
-0.577269
0.499002
-0.686006
-0.720759
1.151415
-0.064220
-0.137361
-0.597684
-0.688351
-0.419618
0.714995
-0.165443
1.289847
-0.193619
0.053626
0.022910
1.037783
0.885472
0.411942
-0.910481
0.628798
-0.662901
0.460688
0.154529
-0.760985
-0.754278
-0.467943
-0.508864
-0.324292
0.369322
0.026265
-0.024999
0.965417
2.401357
0.218478
-0.247204
-0.034536
-0.804028
0.584964
-0.792564
-0.624600
0.108132
1.287543
-0.431449
0.628855
0.873194
-0.795214
0.005556
-0.489414
-0.695311
-0.679557
-0.953019
-0.457988
0.886384
-0.600063
-0.723184
-0.137220
-0.722043
-0.581844
2.788024
-0.169995
-0.459284
-0.407800
0.858455
-0.785971
0.240618
-0.017070
-0.887271
-0.879720
2.413466
1.430412
0.732125
-0.877597
-0.614079
-0.814885
0.135802
-0.084996
-0.321924
0.752698
-0.667307
-0.473613
-0.482868
-0.715576
0.619256
-0.949135
0.084372
1.975430
-0.332856
-0.258440
-0.198325
-0.553170
-0.205766
-0.797575
-0.919370
-0.785793
-0.585343
2.826132
-0.349070
0.946935
-0.133803
-0.585983
-0.982381
0.371287
0.050866
-0.332903
-0.796290
-0.706134
-0.787132
-0.388351
-0.741990
-0.894693
-0.269339
1.700801
0.798565
-0.483811
0.173477
-0.282168
-0.472486
-0.285682
-0.718283
-0.236271
-0.311651
-0.066664
2.392889
-0.729644
-0.781217
-0.381011
-0.675527
-0.057962
-0.885233
-0.735820
0.142888
-0.455095
-0.573266
0.077681
-0.403879
-0.735702
0.681276
1.795321
0.718666
-0.327531
0.064930
0.043350
0.230125
0.021159
-0.672304
1.798650
-0.586742
-0.573178
4.366632
0.147852
0.294009
-0.822247
1.775587
1.460063
-0.605857
-0.276650
-0.760377
2.002689
-0.481555
0.207762
-0.218635
-0.214353
0.404698
0.855143
1.230058
-0.526014
1.297527
-0.894347
-0.031996
0.919659
-0.758652
-0.958236
-0.186195
0.727839
2.629272
1.619500
-0.618234
0.833652
0.894860
-0.566996
-0.883124
-0.447206
-0.040316
-0.566816
0.598728
0.054936
-0.244959
-0.102644
-0.381260
0.919308
1.764401
0.047915
-0.619199
0.056559
0.091222
-0.832987
-0.503879
-0.086410
0.722007
0.637800
0.404935
3.051434
0.383481
-0.748677
-0.740865
-0.009344
-0.517125
-0.411899
-0.937511
-0.643415
-0.702794
0.769305
-0.704233
-0.205107
-0.848326
0.194517
-0.522206
2.111190
-0.184163
-0.725343
-0.769929
-0.513716
0.149425
-0.457366
-0.319736
0.990414
2.041527
0.627785
-0.845970
-0.694426
-0.645884
-0.341552
-0.176945
-0.767581
-0.284403
-0.625463
-0.628156
-0.930765
-0.293894
0.717476
-0.005049
-0.269621
2.456318
0.642395
-0.401845
-0.490844
-0.557424
-0.582018
-0.726388
-0.822188
-0.794554
-0.434486
0.029463
0.342211
-0.207322
0.881143
-0.529146
-0.608141
-0.778684
-0.496402
-0.791799
-0.082934
1.069094
-0.727849
-0.508659
0.213559
-0.593725
0.730863
-0.017931
0.474414
-0.794508
-0.959383
-0.317034
-0.486396
1.259824
-0.687426
0.009008
-0.279940
-0.381399
1.840419
-0.183145
-0.521250
-0.415554
0.533542
-0.482934
-0.615340
-0.721945
-0.080950
-0.618131
1.512087
0.448809
0.375119
-0.725720
-0.968679
0.130775
2.618827
0.870815
-0.544833
0.768600
-0.387778
-0.083530
-0.442794
0.000209
-0.621238
-0.597429
3.658960
0.825869
-0.742292
1.569275
-0.807830
-0.467217
-0.504052
-0.340926
-0.135201
0.520882
-0.287781
-0.343842
-0.292834
0.356582
0.014507
0.192602
2.278907
1.534764
0.779230
-0.574063
-0.735552
-0.784274
-0.334088
-0.877539
-0.692638
-0.164919
0.550918
0.499628
-0.844071
-0.826488
-0.541235
0.457126
-0.409060
-0.354236
0.156665
-0.908424
-0.551347
-0.297815
-0.029200
-0.445000
-0.784944
0.255752
3.599623
-0.003393
-0.350358
-0.609792
0.892822
-0.688484
-0.581745
0.814194
-0.781588
-0.651191
2.485757
1.503329
-0.226321
0.535003
-0.134109
-0.913762
0.190780
0.434267
-0.749291
-0.678662
-0.341180
-0.415111
0.105073
0.966865
-0.007290
-0.246734
0.291202
0.679621
-0.571282
-0.461956
-0.738328
-0.724722
0.632728
0.301883
-0.935765
-0.588242
-0.874648
1.184854
0.650520
-0.778691
0.103929
-0.000540
-0.519120
-0.671991
-0.694241
-0.910396
-0.596881
-0.474784
-0.854686
-0.228401
1.442514
-0.685796
-0.618592
1.730899
-0.711212
-0.467683
0.220163
0.093314
-0.822438
1.524568
-0.799586
-0.165649
1.545796
1.011819
1.269036
-0.524250
-0.192552
0.250600
1.261311
0.435052
0.755696
1.042488
0.042380
-0.126272
-0.462160
-0.456699
-0.728678
-0.475169
1.807459
1.288968
-0.869345
-0.348888
-0.085974
0.526804
-0.165417
-0.081003
-0.144978
-0.028672
-0.220273
3.215710
-0.550767
0.759967
0.379313
-0.656191
-0.390207
-0.419852
0.790263
-0.642906
-0.149374
0.074711
-0.001306
-0.011981
0.686781
-0.831277
-0.526270
-0.288626
1.026681
-0.823774
-0.470137
-0.646309
0.454026
-0.852067
-0.903709
-0.115348
-0.765425
-0.528556
2.371732
-0.606912
-0.094272
0.062958
0.232374
0.399144
-0.756695
-0.130437
0.148973
0.539280
0.058400
0.337151
0.470268
-0.588103
-0.551561
1.843194
0.496754
0.041608
-0.412631
0.662141
0.956123
0.903109
-0.425287
-0.645612
-0.951751
-0.080578
1.338575
-0.560496
-0.740789
0.061235
0.009316
-0.862120
-0.137407
-0.012399
0.227412
-0.696151
0.576636
0.353705
-0.372625
-0.496328
-0.356332
1.150714
1.759499
-0.814464
-0.628305
0.000136
-0.311979
0.226938
-0.029192
-0.085439
0.119679
-0.630511
0.568667
1.100552
-0.361271
0.315322
-0.042690
-0.937101
-0.724664
-0.461058
-0.271538
-0.279803
0.289563
0.191459
-0.813914
0.402782
-0.326233
0.089617
0.225975
1.752435
-0.955320
0.198507
-0.473025
-0.264626
0.622886
-0.343541
-0.304346
-0.725765
-0.390543
2.811979
1.194229
-0.852925
-0.855500
0.464440
0.808271
0.265236
0.205505
-0.308800
0.256758
0.043963
-0.838327
-0.454135
-0.653324
-0.410739
1.698082
-0.157304
-0.347353
0.640836
-0.801847
-0.110277
-0.051356
0.203680
-0.815459
-0.231783
0.524930
-0.344992
-0.596588
-0.120801
-0.273812
1.225569
-0.318216
-0.266961
-0.406391
-0.895219
-0.899099
-0.138044
-0.772346
-0.884214
0.110218
0.100373
-0.006653
0.897589
0.093831
-0.693961
0.311561
-0.880513
-0.235270
-0.123249
0.570780
-0.273395
-0.698760
1.321095
-0.860923
1.095458
0.109960
0.268257
-0.620002
-0.312837
-0.906508
-0.929830
-0.368009
-0.231565
0.600504
-0.813125
-0.047446
-0.467602
-0.702071
2.030354
1.307733
-0.178928
0.625884
1.196760
0.693016
-0.592982
0.046930
-0.334849
-0.790590
-0.357279
2.705273
-0.656150
-0.918252
-0.477765
0.274867
0.156718
-0.121378
-0.812550
-0.553075
0.508370
0.085829
-0.275450
-0.679249
0.246504
-0.880015
2.960117
-0.495100
-0.103774
-0.708087
-0.614042
0.528663
0.094251
0.625617
-0.266569
-0.095078
-0.163151
4.226746
-0.184749
-0.899135
1.337289
0.344294
-0.914473
-0.595304
-0.665704
0.946031
-0.836879
0.879517
-0.595403
-0.098150
0.279875
0.105978
-0.067644
3.349011
0.132080
-0.436539
0.355179
-0.304275
-0.541607
-0.262907
-0.529377
0.292723
-0.424922
1.917735
0.889560
-0.468677
-0.563327
-0.838153
0.159034
-0.581204
-0.810575
-0.820456
0.404768
-0.829284
0.834901
1.333952
-0.107183
-0.432478
1.341542
0.285188
-0.559878
-0.844263
-0.682232
-0.183844
-0.308644
0.164139
-0.897098
-0.857962
1.461673
-0.354915
-0.077722
0.025168
0.652002
-0.816650
-0.333847
0.561547
0.049680
-0.845704
0.151120
0.200168
-0.295609
-0.518619
-0.078641
0.232270
-0.557665
1.199929
0.478133
-0.361344
-0.159771
-0.146608
-0.901203
-0.427635
-0.784143
-0.832870
-0.303204
3.935119
0.164066
0.429255
-0.565669
0.670033
-0.637376
-0.661218
0.282502
-0.038859
-0.572810
-0.236405
-0.066673
-0.662888
-0.908720
-0.890097
1.026599
0.618051
-0.905425
-0.381374
-0.141890
-0.682140
1.023503
-0.714707
-0.813598
0.384632
0.879004
2.533093
1.294204
-0.848833
-0.482589
-0.599716
0.227466
-0.873250
-0.566875
-0.555653
-0.736959
-0.768448
-0.378097
0.350218
0.312097
-0.224757
3.463363
0.306647
-0.939663
-0.534035
-0.100667
-0.525587
-0.899821
-0.508507
-0.568893
-0.025927
-0.844902
2.342713
0.080113
0.049413
-0.872808
0.601580
0.511268
-0.067669
0.045754
0.592472
0.146128
-0.477916
-0.111013
-0.643810
-0.740094
-0.230694
1.465176
0.695714
-0.419850
-0.445035
-0.319263
0.543279
-0.876032
0.472891
-0.697506
0.083918
1.136396
0.315753
-0.266208
0.734097
-0.365656
-0.053178
-0.241620
-0.441867
-0.558828
-0.843111
-0.791890
-0.742517
-0.659998
-0.386116
-0.840467
-0.713183
0.563672
-0.187857
1.576454
-0.618284
-0.558471
-0.199691
0.681233
-0.636705
0.540031
0.019666
-0.538287
0.631204
0.543256
-0.726159
-0.574015
0.166842
1.012985
-0.023484
-0.472692
-0.741138
1.379543
-0.730852
0.562151
-0.672479
-0.231431
-0.268544
-0.317519
-0.010878
1.181797
-0.299960
-0.594270
-0.069329
1.367996
-0.461886
0.219565
-0.588054
-0.068599
1.428850
-0.438310
-0.342229
-0.284650
0.105499
-0.348449
-0.442717
-0.880609
-0.318134
0.827595
-0.401197
0.227466
1.262119
-0.359225
1.139665
0.772988
0.447303
2.656669
0.600741
-0.789639
-0.722797
-0.630517
-0.327120
-0.216144
-0.751011
0.087377
-0.839979
-0.390691
1.816472
-0.752938
0.292218
-0.322399
-0.314661
0.090030
-0.175963
0.339813
-0.294243
-0.887531
-0.681169
-0.889220
-0.738703
-0.586533
0.000314
2.823267
0.237671
-0.000646
-0.401453
-0.847362
0.546764
1.129296
-0.864528
-0.512697
-0.594571
0.720459
0.909136
0.482616
-0.300035
-0.539107
-0.641089
0.355175
1.475613
1.271983
-0.778417
-0.377007
-0.514620
0.083757
-0.474083
0.296436
0.217433
1.625120
1.993435
-0.792737
-0.403609
-0.048187
-0.102915
0.322669
0.816414
-0.221353
-0.856479
-0.584777
1.592553
0.171144
-0.135422
0.307882
0.371983
-0.128115
-0.314001
-0.202181
0.386272
-0.486704
-0.256376
0.557684
-0.475660
0.672819
-0.666023
-0.388458
0.582765
0.395150
-0.444219
0.626271
-0.326392
-0.580703
-0.827862
-0.428791
-0.851004
0.887997
-0.081930
1.690580
0.585891
0.929033
-0.669447
-0.305142
-0.173382
-0.132343
-0.607864
-0.941095
-0.616104
-0.626322
0.363364
-0.014204
0.303534
0.148635
0.268682
1.153808
0.703785
-0.441509
-0.601377
-0.212069
-0.058057
-0.905330
0.916242
0.376974
1.364650
1.547295
-0.335257
-0.374337
-0.785778
0.066832
-0.487240
-0.782848
-0.291530
-0.742404
-0.520513
0.474513
-0.930810
-0.649560
-0.459576
-0.108918
0.699417
0.796205
0.371621
-0.540150
-0.676338
-0.495463
1.059849
-0.779824
-0.687415
0.666974
-0.656891
3.277008
1.485391
0.728989
-0.653859
-0.627098
-0.362513
0.929386
0.076411
0.232649
0.301225
-0.705702
-0.504473
-0.204738
-0.568888
-0.401383
-0.471065
1.254558
1.536092
1.462492
0.984959
0.804279
-0.493633
0.112764
-0.149471
-0.509385
-0.548667
1.550271
0.679117
0.596567
0.976775
-0.313860
0.840250
-0.726354
-0.729607
-0.712594
-0.017577
-0.025019
-0.920542
0.272071
0.153019
-0.110595
0.334925
-0.244443
2.129574
0.751102
-0.378738
0.015571
-0.348401
-0.127137
-0.064435
0.693705
-0.271517
-0.382040
0.439047
0.540244
-0.033050
-0.727113
-0.874016
0.466107
0.073258
-0.716554
-0.533003
-0.490007
-0.797523
-0.430562
-0.587202
0.507345
0.103715
-0.239337
1.500973
0.930148
-0.632062
-0.903878
-0.016378
-0.586624
-0.170775
-0.567173
-0.272739
-0.072123
-0.063309
-0.258663
2.680659
-0.142340
0.312549
-0.898547
-0.449088
-0.546001
-0.284848
0.308279
-0.031416
-0.879996
0.470274
-0.927913
-0.232694
-0.494188
-0.757698
0.148615
-0.416571
-0.677891
0.337035
-0.883882
0.098835
0.407238
-0.426498
-0.741887
-0.486300
-0.166249
5.548351
-0.711068
-0.766130
0.393501
-0.402740
0.420466
-0.382974
-0.454283
0.325943
-0.831678
-0.900947
0.301763
0.372728
-0.353965
2.160000
-0.868459
2.800720
-0.340326
-0.607703
0.071584
0.142049
-0.899330
-0.320434
-0.969598
-0.393145
0.024316
0.953030
-0.194779
-0.234727
0.240245
-0.183739
-0.703263
-0.388565
0.571012
0.504273
0.854073
-0.393562
0.166948
-0.735266
0.653946
-0.371523
1.849358
0.696062
1.126744
-0.930382
-0.952927
-0.245438
-0.344891
-0.106981
0.302837
-0.833658
-0.167309
-0.811207
0.887121
0.228957
-0.530166
0.254052
0.093297
-0.907906
-0.646270
-0.590467
0.117852
0.229809
-0.445363
-0.310009
0.533376
-0.277983
1.175754
1.254194
-0.629912
-0.450606
-0.301292
-0.256277
-0.345064
-0.864079
0.454072
0.040807
-0.427562
1.222725
0.188353
-0.763740
-0.119869
0.122234
-0.768120
-0.665805
-0.157726
0.884572
0.527003
-0.796544
-0.543919
-0.764903
-0.439790
-0.992776
0.457431
1.788040
-0.840016
-0.447548
-0.779674
0.272641
0.278446
-0.670804
0.215637
-0.789436
-0.239381
0.501870
-0.214921
-0.733527
0.170408
-0.878254
-0.211362
-0.663925
-0.581682
-0.500317
-0.321910
-0.320205
0.203350
-0.132753
0.200323
0.128414
-0.809574
1.158061
-0.425388
-0.661783
-0.477050
-0.122914
-0.691603
-0.089848
-0.091620
-0.608079
1.343901
2.111136
4.422339
-0.660244
-0.646427
0.525592
0.637849
0.664242
-0.802279
0.249978
-0.120876
-0.540439
-0.774404
-0.348908
2.599784
-0.717422
1.656123
0.841068
1.232160
0.534514
-0.646254
-0.254497
-0.831310
-0.313335
0.579885
0.236493
-0.813451
1.947160
1.745530
0.097479
1.024431
-0.350598
-0.534511
0.468964
-0.247588
0.311585
1.490541
0.776694
0.258847
0.331825
-0.582799
-0.745966
0.276897
0.177667
0.034553
-0.668798
-0.076098
-0.336771
-0.469848
-0.488627
-0.163083
-0.853491
0.062144
-0.173573
0.623043
0.870790
-0.778837
1.373408
-0.629075
0.795852
-0.576368
-0.881512
-0.764747
-0.671470
-0.376851
-0.551310
0.430183
-0.312824
-0.049841
0.473971
0.046646
-0.769572
-0.464741
-0.534360
-0.146291
1.185324
-0.837278
-0.390112
0.694105
0.760734
2.968429
0.361164
-0.625701
-0.143876
-0.667218
-0.483352
-0.703617
-0.444139
0.534296
-0.247506
-0.266028
-0.968249
0.727432
-0.539343
0.053241
-0.107581
1.256168
0.699464
-0.285401
-0.451793
0.904051
-0.039354
-0.567228
-0.464724
0.239885
-0.565693
1.528660
-0.372662
1.103349
-0.950956
-0.328720
1.770199
-0.102969
-0.696002
-0.565382
-0.847614
-0.190542
-0.668804
-0.381559
-0.405020
-0.418919
1.307916
1.079528
0.363481
-0.281077
-0.894028
-0.464499
-0.107780
1.219042
-0.302888
-0.737720
0.228627
3.822907
0.575878
-0.768099
0.106203
0.839040
1.044306
-0.724495
0.278354
-0.213296
-0.695337
-0.678967
0.785473
-0.342978
-0.874498
0.872538
1.253172
1.609282
-0.490023
0.743016
-0.165292
0.534179
-0.817892
-0.049097
0.778770
-0.412055
3.155981
1.386614
0.924599
-0.307821
-0.271974
-0.347166
-0.682950
-0.769740
-0.895856
-0.258994
-0.342329
-0.802021
-0.404404
-0.043236
-0.117453
-0.166277
0.010836
0.579078
0.027821
-0.852152
-0.193002
-0.770659
-0.170700
-0.406972
-0.247331
0.313336
1.822224
0.530408
0.157892
0.523649
-0.775991
-0.224519
-0.693799
-0.448206
-0.005289
0.056672
-0.878929
-0.689484
-0.717083
-0.455625
-0.114484
1.000123
0.981965
0.493022
-0.659899
-0.956576
-0.130887
-0.102602
0.568856
-0.330200
-0.933746
-0.690531
1.715826
2.036073
-0.259332
-0.185382
0.690249
0.606891
-0.070660
-0.866678
-0.781229
0.937659
0.013310
-0.182727
-0.504755
0.833474
0.288367
-0.510114
0.321199
0.891228
-0.293889
-0.043590
0.494811
-0.303862
-0.018162
0.128467
0.703856
1.509754
1.843297
2.374661
0.494776
-0.710403
-0.706325
-0.185435
-0.594303
0.489376
-0.592204
-0.694677
-0.003515
-0.920975
-0.344302
-0.661903
-0.045610
1.249045
0.589255
-0.564503
0.538102
-0.097249
0.417483
-0.467307
-0.504708
-0.674127
-0.511436
-0.581078
0.436283
0.875247
-0.356055
-0.806322
0.295717
0.779406
-0.522714
-0.525999
0.322118
-0.698155
-0.178565
-0.441268
-0.023148
-0.699717
-0.529408
2.603909
-0.219262
0.328380
-0.507545
-0.110183
-0.525328
0.214491
0.051835
-0.532059
-0.566156
-0.427157
1.421653
-0.280387
-0.410048
-0.193747
0.023959
-0.386177
-0.855705
-0.666160
-0.984649
-0.019353
-0.137439
-0.118346
-0.053244
0.175298
-0.210433
-0.540342
-0.361026
-0.686748
-0.743038
-0.832470
-0.048722
-0.808056
0.339190
0.302777
-0.504212
0.701983
0.776252
0.261817
0.000611
-0.255640
-0.590103
-0.461103
0.082275
-0.424045
-0.394935
0.914062
1.006665
1.038947
-0.701598
-0.544399
-0.936791
-0.456801
1.080813
0.269512
-0.083686
-0.807191
-0.784427
-0.031826
-0.878918
0.534763
-0.853723
-0.508999
-0.327768
1.610481
-0.365504
-0.523820
0.230352
-0.159632
1.380594
1.154491
1.011866
-0.703631
-0.909386
-0.499614
-0.202880
-0.458568
-0.540119
1.024920
0.123436
1.816692
-0.792157
-0.182463
1.685816
-0.881223
-0.023885
-0.381552
-0.165564
0.132630
1.169149
-0.833892
-0.724792
1.006097
-0.749813
-0.360303
0.155188
-0.248524
0.376164
-0.603815
-0.002522
-0.462002
0.745274
-0.738726
-0.784168
-0.330470
1.606100
-0.374768
-0.689266
-0.881290
0.701039
-0.487708
0.482361
-0.555723
-0.047811
-0.165333
0.630307
0.259198
0.022166
-0.247231
-0.689047
1.135257
-0.592871
-0.503731
0.433550
1.119235
-0.886428
0.205419
-0.844764
0.315837
-0.678111
0.700918
0.922639
0.573794
-0.651378
-0.604663
-0.625099
-0.759734
0.332308
-0.089852
-0.075784
-0.897812
1.246167
0.835737
0.310795
-0.624127
0.626235
-0.874728
-0.376009
-0.339894
-0.459304
0.238361
0.067368
0.025933
-0.353839
-0.008994
-0.482827
1.300196
0.772950
2.275878
0.340232
1.154357
-0.836195
-0.497860
0.995389
-0.442002
-0.052904
-0.163763
0.546481
-0.432561
2.151113
-0.493222
0.250561
-0.589930
-0.855897
-0.155135
-0.794189
0.575980
-0.160948
-0.324028
-0.246538
-0.353835
-0.841534
-0.027910
1.040549
3.580858
-0.110433
-0.356506
-0.540865
-0.644286
-0.905594
-0.594984
-0.809301
-0.775350
-0.842323
0.952572
2.095269
-0.852991
0.429848
1.121443
0.880768
-0.422517
-0.843105
-0.767814
0.051983
-0.179108
-0.159087
0.065567
0.031265
-0.663626
-0.886130
0.693937
1.262136
0.969401
-0.340693
0.277882
-0.788504
-0.245139
0.076079
-0.796423
-0.407256
-0.571417
1.582880
0.506274
0.211472
-0.605501
-0.726994
-0.715436
-0.108646
0.028189
0.734538
0.245429
-0.518772
-0.345236
-0.101712
0.164707
0.443675
-0.105715
1.510492
0.170095
0.281104
-0.557535
-0.842539
0.527624
-0.362994
-0.325075
-0.702699
-0.604018
2.273291
0.139939
-0.644665
0.444830
0.497654
0.474625
-0.931780
0.018016
-0.816502
-0.795059
-0.261599
-0.722362
-0.939683
-0.538302
-0.844690
-0.306150
-0.628494
-0.788869
0.679341
-0.194524
-0.518337
0.311653
0.484855
-0.205133
-0.844944
0.796528
-0.080403
0.415717
-0.371603
-0.183292
1.141144
0.105220
-0.203511
0.358558
0.100136
0.808258
0.565566
-0.855650
-0.119439
-0.600913
-0.612069
0.433916
1.440074
-0.129363
-0.476266
0.051257
-0.376856
0.190645
-0.602426
-0.226186
-0.609151
0.190664
2.013960
0.735585
0.416498
-0.016532
-0.765055
-0.708707
0.511418
0.396994
-0.963461
-0.564899
-0.862185
-0.146417
-0.612522
1.141539
-0.667661
1.336073
1.650134
-0.316267
-0.236692
-0.241341
-0.695611
0.307366
-0.728277
0.830590
-0.293390
-0.626164
0.369282
0.785805
-0.335301
0.160790
-0.836204
0.109259
-0.633296
-0.114129
0.722620
-0.605705
0.669356
-0.789261
0.101350
-0.335760
-0.240586
-0.043932
4.079171
-0.439248
0.447839
-0.102157
0.390530
0.293464
-0.284064
0.579792
0.259781
1.515710
0.757905
1.158849
-0.421435
-0.708430
0.850420
-0.177420
-0.645014
-0.885615
-0.625568
-0.586671
-0.252949
-0.872270
1.739921
-0.615488
0.679294
2.741099
1.375373
0.134903
-0.088479
-0.840189
-0.791697
0.235564
-0.427468
-0.571465
-0.241364
0.671200
-0.075584
2.093772
-0.303132
-0.353233
-0.522953
-0.146755
0.066974
-0.228103
-0.243343
0.370585
-0.082451
0.120339
-0.721055
-0.849716
0.292672
-0.772182
1.087392
-0.282272
-0.119870
0.132876
-0.799534
0.210108
-0.498267
-0.176151
0.148380
-0.074115
0.585901
-0.118748
-0.271037
-0.507414
0.699404
0.420374
-0.587881
-0.331020
-0.095503
-0.304678
-0.245452
-0.492883
-0.727160
-0.033948
-0.717847
-0.135217
1.737265
0.601520
-0.442916
-0.165847
0.081199
-0.726554
-0.735477
-0.601845
-0.535635
0.056799
-0.306519
1.309561
0.136230
-0.142832
0.178172
-0.551218
-0.186398
-0.639020
0.024064
-0.234597
-0.642382
-0.672602
-0.623866
-0.695572
0.430527
-0.812586
-0.551875
0.123059
0.530313
1.345554
-0.021821
1.031203
-0.645395
-0.114728
0.871235
-0.655086
2.133977
-0.879210
-0.114422
0.037108
0.144957
0.005527
-0.734504
-0.616813
-0.475125
0.621346
0.094906
-0.538412
-0.722311
-0.835166
0.070821
-0.452837
0.909849
-0.356153
-0.688945
-0.234130
-0.725084
-0.689028
-0.612847
-0.497898
-0.568952
0.788381
0.298987
4.029391
-0.213039
-0.947725
-0.080917
-0.563716
-0.865071
1.012166
0.771085
1.693386
-0.604030
-0.512786
-0.642580
0.862441
-0.413254
-0.579351
3.110410
1.428077
-0.781273
0.105694
-0.849057
0.115031
0.814965
-0.411413
-0.765535
-0.313470
1.711880
-0.170061
1.336045
-0.732559
0.131437
-0.912428
0.426001
-0.653046
-0.380477
0.888612
-0.387031
-0.311744
-0.741667
0.200162
1.093685
-0.001489
0.566019
0.699556
-0.247606
0.800874
-0.902978
-0.180853
-0.308571
-0.622736
-0.063378
-0.635896
2.074230
2.423207
1.018092
0.804341
-0.276289
-0.248157
-0.766298
-0.450975
0.444839
-0.682539
-0.982662
-0.213408
0.401910
0.201477
-0.400604
-0.544281
0.855536
-0.214084
0.182817
0.696620
-0.360256
-0.578687
-0.316184
0.198424
-0.547473
-0.066364
0.906926
1.152547
-0.173781
-0.824983
0.460085
-0.615057
-0.454219
-0.853798
-0.124147
0.920942
-0.495333
-0.435082
-0.490443
-0.216172
-0.834205
1.081337
2.516631
2.392120
-0.770526
-0.899402
-0.846637
-0.799328
0.582559
1.293517
-0.414346
-0.029249
0.651629
1.751656
0.479868
-0.259686
0.083477
-0.646242
-0.868092
-0.470377
0.159927
-0.654279
-0.025139
-0.597268
0.405821
0.218711
-0.611422
-0.325929
-0.467225
1.147250
-0.230812
-0.288713
-0.886719
-0.359211
-0.822316
0.631473
0.275394
-0.307552
0.484251
0.174249
0.107098
0.558942
-0.075096
-0.750736
-0.505315
-0.820882
-0.403417
-0.487258
-0.682351
-0.780696
-0.815695
-0.807524
0.179079
-0.718528
-0.825489
-0.451836
1.048807
-0.836587
-0.847609
-0.958286
-0.336519
-0.323029
-0.829906
-0.735811
-0.171942
2.759625
0.901245
0.115814
-0.423483
-0.844379
0.783022
-0.876485
-0.171400
-0.445513
0.246602
-0.855671
1.867346
0.480347
-0.603736
-0.408525
-0.823645
1.706277
0.416599
-0.073346
-0.491696
-0.472991
0.172347
1.359911
-0.024338
-0.728079
-0.460249
-0.649365
3.749437
0.361983
-0.381305
-0.699649
0.584901
-0.922024
0.213477
0.022102
-0.728818
0.705448
0.579370
-0.613718
-0.279792
0.528564
0.223435
-0.281090
4.310682
0.398347
-0.769529
0.116037
0.211125
-0.714958
0.496598
-0.280449
0.066762
-0.145366
1.752155
1.559983
0.425404
0.717940
0.145546
1.095684
0.023446
-0.764505
-0.583139
-0.045104
-0.838039
-0.015588
0.984025
1.727895
0.122573
0.806558
0.407396
0.328829
-0.052153
0.054438
-0.686915
-0.197821
-0.798190
-0.616230
-0.426428
-0.166691
-0.207180
1.772435
0.586579
-0.393790
-0.063661
-0.080666
0.514881
0.571455
-0.072691
-0.520360
-0.733548
-0.690635
0.439002
-0.430823
-0.224694
1.366756
0.970708
0.163109
-0.758628
-0.261276
-0.649265
-0.463293
-0.922963
-0.656768
-0.795783
-0.870897
0.513415
1.003208
1.118331
-0.261157
-0.188160
0.535922
-0.822529
-0.456689
0.340671
-0.595158
-0.402541
0.160501
-0.698338
-0.847615
-0.183778
-0.700488
0.039613
0.322633
0.941592
0.021399
-0.888267
-0.443932
-0.730933
0.287958
-0.203571
-0.731377
1.281400
1.755571
0.027352
0.022680
0.115216
-0.539711
-0.577623
-0.724818
0.058187
-0.063462
-0.297180
-0.617937
-0.368869
0.265290
-0.751725
-0.608854
1.091557
1.981149
-0.109335
-0.458741
-0.035437
-0.827514
-0.388729
-0.786112
-0.583496
-0.663680
-0.737682
2.390054
-0.580732
-0.386373
0.793271
-0.863875
-0.764783
-0.212441
-0.639555
-0.270205
-0.685458
-0.622211
-0.474247
-0.675679
-0.069455
-0.215099
-0.141274
2.197306
0.475426
-0.621317
-0.369218
0.861933
0.810119
-0.798106
-0.763634
0.759622
-0.516535
0.925655
1.319810
0.063597
-0.656543
1.027375
-0.303754
-0.257853
-0.533736
-0.790537
0.179347
-0.247362
-0.963608
-0.084596
-0.076769
0.181947
0.320892
-0.853795
2.564525
-0.544035
0.412692
0.468335
0.926642
-0.685141
-0.500209
-0.232424
-0.390874
-0.389264
1.780107
1.423916
-0.144083
-0.303810
-0.323524
-0.117453
0.318866
-0.282472
0.233210
-0.748439
0.416046
-0.023623
-0.377603
-0.675609
-0.327679
0.509827
0.584768
0.048244
-0.245246
-0.193024
-0.886684
-0.599365
1.258507
-0.130037
-0.892063
-0.346554
1.427648
1.143451
0.034330
-0.689810
0.444202
-0.690727
-0.733832
-0.109569
-0.343274
-0.624261
0.014797
-0.296381
-0.731835
-0.422414
-0.895663
0.277691
1.401752
1.044135
-0.831571
-0.738582
-0.836487
0.296390
-0.406905
-0.491773
-0.627383
0.150212
1.405227
0.970546
0.957885
0.902971
-0.734343
-0.817159
1.253966
0.607696
0.805362
-0.714994
-0.448865
0.295229
-0.106166
0.181049
0.998664
-0.771132
0.968057
2.329120
0.907752
0.701949
-0.155411
-0.463215
-0.132854
-0.279672
0.594186
0.601620
-0.634926
3.338942
1.115415
0.690129
0.446248
1.555248
0.134503
-0.213697
0.150424
-0.602242
-0.222501
-0.615863
-0.797310
-0.377820
0.787371
0.782417
0.399131
1.867640
-0.406925
-0.620711
0.352759
0.324930
-0.981925
0.087101
0.292069
-0.102751
1.011001
1.668651
1.967727
-0.445047
0.711044
-0.390172
-0.418282
-0.561769
0.271197
-0.628576
0.370872
-0.746251
-0.064342
-0.519044
-0.959658
-0.017209
0.817740
-0.182787
0.390722
-0.231757
0.324830
-0.166179
-0.496690
-0.507961
0.021639
-0.447333
1.689502
-0.349945
-0.566298
-0.916333
-0.613244
-0.514926
-0.868016
0.704595
0.355621
-0.580134
-0.780714
-0.749585
-0.565474
-0.961063
0.249553
-0.791147
-0.348384
0.162772
-0.248459
-0.510084
0.278242
-0.760271
0.121005
-0.016238
-0.424885
-0.615038
-0.667216
1.479538
0.154579
0.443629
-0.479794
-0.653763
-0.334409
0.020866
0.204581
-0.456260
-0.147533
0.063956
-0.732905
0.239800
-0.282245
-0.005521
1.545798
1.143123
-0.061075
-0.582555
-0.339736
-0.944454
-0.761455
-0.461677
0.022653
0.085356
1.067789
-0.548271
0.396616
-0.210848
1.183332
1.013425
-0.677794
-0.542384
0.180928
0.776074
-0.531493
1.961890
0.060787
-0.675684
-0.850812
-0.705205
-0.196348
2.532254
0.824934
-0.121779
-0.196198
-0.203258
-0.126892
-0.073164
-0.066303
-0.504212
2.407891
1.229828
0.224638
-0.179717
-0.844101
0.804011
0.064137
-0.548826
-0.943087
-0.318764
-0.638320
1.093656
0.338362
-0.189124
0.148593
-0.348615
0.077810
0.096359
-0.325625
0.429262
0.469243
-0.675366
-0.094605
-0.757288
0.478808
0.143871
-0.158020
-0.695784
0.017117
-0.378561
0.621998
-0.543608
-0.467171
0.327596
-0.655979
0.209169
-0.420106
-0.720644
-0.297960
-0.728209
0.023138
-0.206061
2.352383
1.515306
0.493016
0.496315
-0.593685
-0.733328
-0.723193
-0.097872
-0.666985
-0.288748
0.209569
0.516690
-0.648300
-0.696669
-0.958412
0.449811
0.819196
-0.301982
-0.276556
-0.687143
-0.813721
-0.183384
-0.405202
-0.881337
0.050636
-0.577937
0.983608
1.031694
0.277807
-0.266836
0.526295
-0.627250
0.493765
-0.583232
-0.525657
0.739870
-0.639349
0.537096
-0.585561
-0.147752
-0.656345
-0.122000
-0.139028
-0.689882
-0.609700
-0.823997
0.417717
0.680334
0.757323
-0.496702
-0.189000
-0.691359
1.974420
0.555297
0.578124
-0.561968
-0.750957
-0.913122
0.008406
-0.772457
0.150409
-0.226227
0.234133
2.838796
1.280806
1.016802
-0.083974
-0.507529
0.376890
-0.813987
-0.563837
1.398718
-0.537304
0.518721
0.495979
-0.592810
0.302834
-0.152420
0.838679
1.153817
1.448209
-0.114564
-0.711065
0.746064
-0.268692
-0.869349
0.082947
1.270363
0.967716
-0.521242
0.324108
0.337606
-0.788009
0.180859
-0.126002
-0.249535
-0.827722
0.753409
0.163244
-0.687314
-0.948240
-0.762090
-0.427656
-0.312250
0.480667
0.793194
0.461790
-0.353732
0.761356
-0.678548
-0.715824
0.851747
-0.639403
-0.499350
-0.723597
2.514930
0.961629
-0.409754
1.535891
-0.674173
1.164123
0.012657
-0.838141
-0.373231
-0.605738
-0.897197
-0.835193
0.304142
-0.450447
0.138311
-0.016316
2.188296
-0.239090
-0.609455
-0.728742
0.422006
0.381772
-0.524274
-0.801613
0.467981
0.621713
0.605201
2.069035
-0.718695
-0.467365
0.138450
-0.858292
0.388935
0.196448
-0.154749
-0.000904
-0.014180
-0.569445
-0.951075
-0.217189
0.532830
2.165376
1.268366
-0.400503
-0.142531
-0.465436
0.216013
-0.673278
-0.702194
-0.065397
-0.107158
1.130934
1.699571
-0.180801
-0.096603
0.166056
-0.435522
-0.635346
0.571509
-0.850037
-0.537169
0.050581
0.030470
-0.667584
-0.330313
-0.349220
-0.020074
0.330390
0.585972
0.333197
0.869178
-0.849785
-0.632661
-0.435262
-0.283385
-0.402549
-0.786611
-0.922482
1.044685
0.089630
-0.069672
-0.510012
-0.654637
-0.233085
-0.717666
-0.665783
0.110939
-0.862000
-0.712999
-0.748091
-0.496306
-0.613538
-0.834416
0.700360
-0.548830
-0.176757
-0.448485
-0.794367
0.736451
-0.770578
-0.471213
-0.886687
-0.664286
-0.203269
0.177677
0.671894
-0.108081
-0.530911
0.180137
-0.318817
0.386078
-0.651812
-0.758258
-0.681141
0.073090
0.173710
-0.925879
-0.570833
0.280782
-0.785352
0.376751
2.198896
-0.178769
-0.816126
-0.708528
-0.446702
0.145463
-0.656295
0.204720
0.894491
-0.577277
1.275169
0.528478
1.325010
-0.296675
0.510636
-0.858219
0.921369
0.095043
-0.597372
-0.730155
0.088621
-0.414840
-0.536299
-0.474444
0.160052
-0.299861
3.404379
-0.546250
-0.257114
-0.601467
-0.005265
-0.756046
-0.511498
0.607901
-0.889035
0.383437
0.655724
3.082175
0.571849
-0.714478
1.795995
-0.705246
1.429357
1.687627
1.186076
0.731906
-0.475710
0.287065
-0.775196
0.583861
-0.397353
0.673185
3.094696
-0.333042
0.058676
0.257912
0.353479
-0.527365
0.142036
-0.000031
-0.036824
0.369886
0.033412
5.373680
-0.400957
0.197009
-0.388600
1.426985
-0.322265
0.387365
-0.760209
-0.874342
-0.399783
0.104426
-0.518422
0.643105
0.016082
-0.190445
0.166236
1.473883
-0.292878
0.348303
-0.089176
-0.734500
0.531147
-0.474627
-0.680826
-0.513253
0.939581
1.671896
-0.180655
-0.692805
-0.859396
-0.631888
0.159824
-0.631469
-0.058822
0.086070
-0.176883
-0.157511
-0.610697
-0.360329
-0.115120
0.113153
-0.488241
-0.449462
-0.056658
-0.597718
-0.021714
-0.832024
-0.705624
-0.718261
0.546613
-0.945672
1.306739
1.159523
-0.887918
-0.143166
0.374449
-0.597308
-0.444527
0.581789
-0.152675
-0.676692
-0.948235
-0.842581
0.675962
-0.803601
-0.671934
-0.240810
-0.502543
-0.168000
1.346064
-0.401001
0.206710
0.192890
-0.889135
0.002734
-0.773861
-0.811267
-0.440098
-0.602771
0.826347
0.029305
-0.184533
0.214472
-0.870948
-0.815587
-0.645529
0.398003
-0.802286
-0.425564
0.626299
0.197993
0.628143
-0.208682
-0.175821
-0.411625
-0.715872
-0.118684
0.142838
-0.441565
-0.532497
0.404983
-0.213051
0.305758
0.169043
-0.154105
-0.584428
-0.020032
0.364040
-0.583976
0.182313
-0.514382
1.282791
-0.408667
0.055355
0.852809
-0.750096
-0.330486
0.656306
-0.475050
0.589747
2.004848
-0.937985
-0.871790
0.213851
0.617300
-0.712916
-0.507495
-0.719429
-0.303849
2.113394
1.792530
2.756294
-0.026280
-0.050201
-0.958379
0.233708
-0.342699
-0.851739
-0.546362
-0.967083
0.309369
-0.136622
-0.478602
-0.687224
0.839360
-0.089850
1.651695
0.016067
-0.290809
-0.000924
-0.257559
-0.433303
0.116419
0.074142
0.204401
-0.713388
1.329272
0.214888
-0.835376
-0.236612
-0.633914
0.451956
-0.672409
-0.596496
-0.590924
0.262403
-0.651926
0.078554
-0.252964
0.481063
-0.102680
1.035208
1.402143
0.890412
0.350122
-0.627686
0.595982
-0.867301
-0.720264
-0.637267
0.423041
1.275629
-0.471281
3.537488
-0.621034
0.179962
-0.110499
0.942682
-0.268425
-0.087178
-0.068428
-0.497968
-0.420351
-0.877963
0.211029
-0.776970
-0.497285
-0.160796
2.535538
1.184931
-0.763364
-0.129229
-0.901812
0.900876
0.819876
-0.366717
-0.919441
0.165411
2.778527
0.512295
0.305712
0.038427
1.813559
1.081027
-0.359943
1.551643
0.405175
1.190493
-0.169234
0.371371
-0.602119
0.189180
1.283594
0.245915
2.872419
0.563213
0.268988
0.241104
-0.727529
-0.487869
0.043977
0.049715
-0.474154
-0.938564
1.049663
0.381932
0.542064
-0.579716
-0.679487
-0.306441
-0.800727
-0.881202
-0.098922
-0.068870
-0.527067
-0.571005
-0.848889
-0.298919
0.092443
-0.548143
2.966169
0.339306
-0.107350
-0.662497
-0.856934
-0.372798
-0.182115
-0.802039
-0.219432
-0.829865
1.727140
1.556738
0.807758
-0.916960
-0.612610
1.036097
-0.719149
-0.508827
-0.549580
0.742523
1.210296
-0.194020
-0.434866
-0.569664
-0.000741
-0.471604
0.689896
1.892274
-0.530245
0.403524
-0.718058
-0.353581
-0.454319
-0.356933
-0.636178
0.386548
0.354013
2.673977
-0.810726
-0.044102
-0.585960
-0.341858
-0.856695
-0.335334
0.817955
0.349356
-0.722259
-0.227175
-0.693903
-0.393024
-0.667860
-0.795701
0.711039
1.370199
-0.768418
-0.014418
-0.724229
-0.807787
-0.711998
0.349759
-0.622940
-0.010829
-0.622548
1.574631
-0.468985
-0.587032
-0.178298
0.225224
-0.843936
-0.273303
-0.524511
-0.848689
0.418976
-0.268464
-0.953957
0.513385
-0.629023
-0.550112
0.526705
0.985076
-0.424985
-0.196467
0.381434
-0.732855
-0.080677
-0.606678
-0.820453
-0.711029
0.551434
1.000167
1.026511
-0.489859
0.436167
-0.724098
0.392494
0.137247
-0.615998
0.941491
0.096918
-0.734823
-0.832670
-0.722222
0.590742
0.556409
0.579078
2.324076
-0.550980
-0.491092
-0.415550
-0.394116
-0.181063
-0.317528
0.225244
-0.590494
-0.431822
3.790039
0.900212
-0.860457
0.337341
0.217477
-0.266965
-0.554321
0.057686
-0.773054
-0.738176
-0.722443
1.292086
0.056927
-0.450131
0.678244
1.370051
2.388065
0.063876
-0.777889
-0.036071
-0.520716
0.013633
-0.019983
-0.690349
-0.594086
0.600996
2.277455
1.246902
-0.651926
-0.713596
-0.256903
0.221772
0.215188
0.051048
-0.740800
-0.522135
-0.916804
-0.784863
-0.710840
-0.605007
1.032787
0.650896
1.188781
-0.052579
-0.137730
-0.291114
-0.389922
-0.760998
-0.335860
-0.390767
-0.716043
0.352892
0.274641
-0.213248
-0.183896
-0.131008
1.044504
0.135246
0.143897
-0.390066
-0.673900
-0.602847
-0.746500
0.121014
-0.404449
-0.289425
-0.038260
0.632664
0.079511
-0.652625
-0.316788
-0.062398
-0.095262
-0.396866
-0.733416
-0.887327
0.004529
-0.389666
4.545692
0.728220
-0.838792
1.299109
-0.382844
-0.108022
-0.488961
-0.597436
0.379251
0.569503
-0.910575
0.180436
-0.601074
-0.287977
1.431681
-0.754879
1.124591
0.182214
-0.696702
-0.685196
-0.213265
-0.255971
-0.846943
0.535055
-0.070969
0.124106
2.375790
1.818376
-0.858132
0.767183
-0.728355
0.072322
-0.530484
-0.308341
-0.728736
-0.812895
-0.065258
-0.554618
0.255877
-0.536193
0.204401
1.641238
0.562230
-0.667475
0.031222
-0.343210
-0.701413
-0.731223
-0.464594
-0.448729
0.062819
1.461539
3.172459
0.591160
-0.671635
-0.136472
-0.488170
-0.362861
-0.785399
-0.413664
0.409740
-0.406154
-0.968869
-0.539048
-0.218647
-0.498520
0.321925
0.537419
1.777386
0.435880
0.295421
-0.904548
-0.287855
-0.856955
0.078852
0.469209
-0.116504
-0.027870
1.789614
0.061436
-0.317207
-0.261781
1.645956
-0.930313
-0.031925
0.234740
-0.941075
-0.847346
-0.786033
-0.455333
-0.248426
-0.736712
-0.813487
-0.578764
1.596752
1.023285
-0.814582
-0.722082
-0.554376
0.367151
-0.366346
-0.677359
-0.075741
-0.234921
1.935682
0.578163
0.228286
-0.230050
-0.568351
0.441809
0.957086
-0.752191
0.233466
-0.094970
-0.866111
-0.850420
-0.078975
-0.606910
-0.477582
-0.755679
1.331805
-0.511811
0.478110
-0.229997
0.992464
-0.584457
0.195063
-0.342948
-0.083798
-0.343392
-0.751751
0.566753
1.152165
-0.520348
0.227678
-0.960420
-0.087775
-0.962066
-0.255686
-0.604881
-0.120834
-0.103002
-0.297836
-0.424999
0.805876
-0.239974
-0.118461
2.571669
-0.597165
-0.160215
-0.619154
-0.619319
-0.056557
-0.599549
-0.890534
-0.624428
0.892885
0.031237
0.380998
-0.740196
0.417745
-0.684694
0.656055
1.007395
0.340686
0.078976
-0.655692
0.611213
-0.909015
0.045831
-0.361576
-0.830692
-0.820599
3.058449
-0.579294
0.901992
-0.751854
-0.881159
-0.605733
-0.798841
-0.648053
0.529206
-0.058408
2.169733
3.779540
-0.228124
1.235328
0.257579
0.175471
0.054227
-0.465674
-0.220360
0.510621
-0.887064
-0.542328
-0.479968
0.968374
0.449355
1.519739
-0.055062
1.293246
-0.708939
-0.293480
-0.043733
-0.139162
-0.848159
-0.000907
-0.050571
-0.102991
2.060989
-0.075639
-0.041987
-0.403368
-0.097360
-0.523022
-0.428777
-0.720627
-0.877512
-0.550029
-0.424019
1.039661
-0.761325
-0.686847
0.540464
0.895409
1.824394
0.085087
-0.164402
-0.704343
1.211278
0.228932
0.157390
-0.518260
0.363787
-0.120243
-0.491508
1.497706
0.122441
1.150003
-0.766815
0.467421
0.186342
-0.355811
-0.551922
0.119218
0.750142
-0.849350
-0.732587
-0.862649
0.763411
-0.615833
3.705853
0.997888
-0.750350
0.588518
-0.677968
0.197732
-0.197168
-0.985408
-0.585514
-0.137129
3.177243
0.533457
0.817045
1.011574
-0.501564
-0.769618
-0.331604
-0.635618
-0.258624
0.049607
-0.241423
-0.013555
0.025585
-0.637817
1.046619
0.339444
3.915942
0.608663
-0.555110
-0.036986
-0.899896
-0.316468
-0.324421
0.242693
-0.427418
-0.311080
1.822162
1.009291
-0.089448
-0.214665
0.388893
-0.894394
-0.047234
-0.738983
-0.382732
-0.457148
-0.781822
-0.739036
-0.913960
0.232637
0.251445
0.304714
2.763973
-0.787120
-0.936068
-0.668893
0.078541
-0.733114
0.230851
0.242725
-0.238566
-0.774965
-0.869048
0.801184
0.423446
-0.941708
-0.281431
-0.186336
-0.649227
-0.679033
-0.732840
-0.576547
0.072678
-0.724979
-0.525449
-0.529226
-0.833427
-0.671844
0.613919
0.074750
-0.357960
-0.421892
-0.271906
0.106413
1.284978
-0.275639
0.600625
-0.529515
-0.356154
-0.121126
-0.419230
0.366048
-0.708230
0.672229
-0.609246
-0.870748
-0.065711
-0.190638
-0.526294
-0.634119
-0.789427
-0.109580
0.235295
-0.755925
-0.049100
0.272274
0.886352
-0.003365
-0.716587
-0.673090
-0.233837
-0.698968
0.604981
0.462521
1.631707
1.702478
0.244673
0.408564
-0.617176
-0.652935
-0.804268
-0.925392
-0.384986
-0.773863
-0.305129
-0.539733
-0.010328
0.292959
0.131346
0.059631
2.417053
1.747881
0.500115
-0.290872
0.132320
-0.900694
-0.425412
-0.455979
0.929705
-0.413663
-0.023350
-0.616650
0.970048
-0.612127
-0.125979
-0.689470
-0.374483
-0.842103
-0.711733
0.802189
-0.789555
-0.816198
-0.800189
-0.882126
-0.772484
-0.685352
-0.589676
2.526605
-0.655674
-0.855192
-0.012573
-0.641874
-0.732169
-0.864847
1.896885
1.467789
0.448458
1.154691
1.502281
0.502434
-0.062371
0.542894
0.170951
1.479369
0.271278
-0.720068
0.391743
-0.041365
0.005624
-0.032118
-0.879916
0.056934
-0.095748
2.171663
-0.253941
0.686601
0.166273
-0.693151
0.930624
0.969124
0.627718
-0.678294
0.593701
-0.624715
0.636422
-0.568706
0.504172
-0.755546
0.469694
0.484561
0.144919
-0.506445
0.014771
-0.192385
-0.769069
-0.063913
-0.819245
-0.606646
-0.447889
0.285635
0.909206
-0.812956
-0.113419
-0.473966
0.287190
0.254329
0.138563
-0.039786
0.070844
-0.666785
2.987307
0.093389
-0.417169
-0.178289
-0.131868
-0.349721
1.052167
-0.391560
-0.843580
-0.163284
-0.916378
0.335082
0.151914
-0.752236
-0.353402
-0.027415
1.322668
-0.125922
-0.757162
-0.081269
-0.927216
-0.049011
0.385406
-0.480405
-0.559690
0.930790
-0.141361
1.814273
-0.451052
-0.728175
-0.429279
0.038520
-0.491815
0.067442
-0.033057
-0.798326
-0.850575
0.970662
0.364158
-0.416870
0.490636
-0.124428
1.569439
0.979185
-0.387129
-0.373898
0.012692
0.078722
-0.236264
-0.274361
-0.293911
0.540224
2.922329
0.215269
1.061585
-0.682940
-0.749845
0.364968
-0.442760
-0.588810
-0.213118
0.377341
0.662805
-0.189279
-0.774440
-0.027748
-0.227665
2.826032
-0.384454
0.928090
-0.984358
0.160970
-0.720726
-0.710665
-0.790668
0.139885
0.201530
3.393412
1.737159
-0.720271
-0.760216
-0.671739
-0.596592
-0.046111
0.660528
-0.758848
0.209063
-0.953647
0.348515
0.180841
-0.810620
-0.365106
1.897463
2.510015
1.227853
-0.028220
-0.477631
0.396710
-0.824434
-0.363881
-0.861143
-0.473182
0.152254
1.826784
-0.375418
0.523801
1.323343
0.519250
0.248377
-0.393505
-0.224776
-0.169941
-0.812404
-0.889053
-0.109149
0.590932
-0.051871
0.647075
3.116399
0.360956
0.227655
-0.530018
-0.801637
-0.659307
-0.542122
0.162571
-0.884372
-0.773118
0.434813
0.223991
1.717309
0.846047
-0.005642
-0.503101
0.048934
-0.630325
-0.466996
-0.364445
-0.315979
-0.833104
-0.274730
-0.195588
-0.943799
-0.155958
1.106876
2.287003
-0.764598
0.010536
-0.893138
-0.645656
0.056352
-0.310525
-0.540767
-0.345625
-0.040777
0.393552
2.340605
-0.768209
0.785392
-0.915091
-0.711554
0.034871
-0.313608
-0.876500
-0.489495
-0.626546
-0.178982
-0.293694
-0.269513
0.372342
0.251662
-0.469412
1.061366
-0.522145
-0.175186
-0.789722
-0.435180
-0.721574
0.385649
0.151271
-0.707238
0.488299
-0.394529
1.106940
-0.891409
0.476331
-0.253480
-0.318616
0.344944
0.230856
-0.638744
-0.433536
-0.432520
-0.099799
-0.518546
0.257467
-0.638279
-0.694040
0.042934
0.360142
-0.938622
-0.820001
-0.535634
-0.540909
-0.299702
0.034471
-0.708926
0.555945
0.047449
1.705237
0.171266
-0.552128
0.324921
-0.816198
-0.093502
-0.711434
-0.512268
0.328716
0.776378
-0.913228
-0.439811
-0.239324
-0.030534
0.191341
-0.201202
2.681591
-0.301915
-0.628579
-0.215516
-0.383332
-0.229985
-0.686250
-0.700684
-0.015056
1.254056
-0.605258
1.425500
-0.785852
-0.211295
-0.614232
0.507731
-0.363242
-0.310232
-0.844318
-0.661567
0.235290
-0.169944
-0.730362
-0.047683
0.672329
1.078388
2.388006
0.823993
-0.187476
-0.853384
0.513205
-0.675353
1.168132
-0.754653
-0.709487
-0.535602
2.445682
-0.499388
0.301521
0.329294
-0.312463
-0.683004
-0.758279
-0.723901
-0.007394
-0.761064
-0.705495
-0.685007
-0.758722
-0.812703
-0.612013
0.910459
-0.573532
0.903998
-0.325024
1.091651
-0.389979
0.561759
-0.220419
-0.623019
-0.394214
0.505491
-0.504181
2.489715
2.053582
-0.644230
-0.574402
-0.769841
-0.299207
0.466412
-0.193607
-0.806796
2.032583
0.567672
-0.453425
0.556240
0.156883
-0.252238
0.019741
3.451998
0.017685
-0.244198
0.986179
0.031721
0.287185
-0.027703
-0.243969
-0.794316
-0.670935
2.104878
0.454364
-0.448348
-0.501282
1.576006
-0.298712
-0.689768
-0.906587
0.273866
-0.765658
-0.695583
-0.683240
-0.282778
-0.838141
-0.802179
-0.592528
2.363594
1.324951
-0.311638
-0.822647
-0.224054
-0.475109
-0.306347
-0.249887
-0.134956
-0.414936
1.550114
1.138261
-0.551917
-0.770177
0.827457
-0.372185
-0.040861
-0.636911
-0.834904
-0.622384
-0.605563
-0.801527
-0.821542
-0.680515
-0.467567
-0.054994
0.612968
0.646429
-0.792909
-0.964795
0.742471
-0.554094
-0.416369
-0.690499
-0.639651
-0.601372
3.667016
0.929157
-0.790591
-0.041321
1.614165
0.587120
-0.614284
-0.639913
-0.374774
0.105955
-0.837516
-0.845921
-0.304176
-0.856744
-0.321584
0.498835
4.115871
0.207806
-0.648731
0.074807
0.070092
-0.268346
-0.372247
0.603359
-0.073078
0.158276
3.046436
0.586288
-0.148310
0.017998
-0.371620
-0.297857
-0.644200
-0.045808
-0.756202
-0.422140
-0.877659
0.150589
0.250131
0.527953
-0.134392
2.781244
2.082211
0.319498
-0.528281
-0.618273
0.270633
0.716023
-0.135071
0.512805
-0.627594
0.489150
-0.122028
1.153908
1.045595
-0.485507
0.081529
-0.702972
-0.809548
-0.220254
0.457317
0.213674
-0.445718
-0.795813
-0.192359
-0.846574
-0.243311
2.034351
0.398949
1.709717
-0.444530
-0.633601
-0.051753
-0.837812
0.674733
0.192759
-0.806191
0.624812
2.393014
-0.396704
0.470901
-0.842162
1.179236
0.260475
-0.476854
-0.518978
-0.512292
-0.629579
0.715780
-0.121833
0.867177
0.139317
0.216613
0.370959
3.343929
-0.723781
0.165815
-0.776846
0.585470
-0.822200
-0.315851
0.041266
-0.319618
2.426580
0.991080
-0.364119
-0.626794
-0.626868
-0.837479
-0.321548
-0.720422
-0.382452
0.345633
-0.246156
-0.032984
-0.219911
-0.569397
-0.052650
1.498971
0.977504
2.226153
0.222987
-0.588991
0.377927
-0.921316
-0.490314
-0.778838
-0.427078
0.352779
-0.274992
1.343643
0.034362
1.110762
-0.894317
-0.641599
-0.298409
-0.778001
-0.683569
0.495354
-0.432039
-0.792562
0.944507
-0.099830
0.799614
2.843113
1.916129
0.250698
-0.573701
-0.817542
-0.791086
-0.938566
-0.756128
-0.293799
-0.680617
0.532420
0.618399
0.848255
0.306393
0.775483
-0.905839
-0.725356
-0.905663
-0.078989
-0.872262
-0.872200
-0.794012
-0.349482
-0.504053
-0.928128
-0.807541
-0.259751
1.718033
-0.690525
0.317254
0.301331
-0.197914
-0.718086
-0.703198
0.409494
-0.549194
-0.647727
-0.399636
0.849046
0.436433
-0.481002
-0.897947
-0.190104
-0.831815
-0.271840
-0.903516
-0.800684
0.571701
-0.176176
-0.927267
-0.850643
0.080363
-0.802298
-0.550980
0.191863
0.297071
-0.166945
-0.295876
-0.894283
1.188376
-0.412193
0.504195
-0.785136
0.093934
2.058393
-0.068338
-0.270584
0.332495
-0.002768
-0.128733
-0.276440
0.565162
0.200502
0.205763
-0.748680
-0.778634
-0.525474
-0.483265
-0.563283
-0.275900
3.096601
-0.350435
-0.565973
-0.361164
-0.674657
-0.288413
-0.435911
-0.458819
-0.190330
0.120660
0.631140
0.585396
-0.571566
0.718798
-0.419005
2.019609
0.087620
-0.395855
0.212118
0.530149
-0.484357
-0.655669
0.133736
-0.246357
-0.793393
0.497169
0.590163
0.825014
0.625038
-0.756317
0.328833
-0.413494
0.717770
-0.448739
-0.122779
1.212265
1.830721
0.287365
0.270661
-0.519102
-0.905680
-0.857998
0.976040
-0.730632
-0.538891
0.567332
-0.670590
-0.878659
0.471132
-0.347407
0.363925
0.758824
1.356345
0.969032
0.596218
0.488203
-0.538756
0.319751
-0.994206
-0.850383
-0.211782
-0.904462
-0.872413
0.009167
-0.273827
-0.707074
-0.503432
-0.945791
0.252655
-0.736046
-0.239959
-0.644170
0.198352
0.117752
-0.168578
-0.570612
-0.185626
-0.620142
-0.685218
1.803190
0.349205
-0.415257
-0.585414
0.294452
-0.904723
0.390455
-0.629100
0.500208
-0.662189
2.245185
-0.441125
-0.517686
1.156074
-0.246704
-0.459904
-0.655188
-0.005756
0.230709
-0.345465
-0.375605
0.086973
-0.501364
-0.535619
-0.445008
1.058999
-0.635306
1.388867
-0.765681
-0.266913
-0.104281
0.838138
-0.549940
-0.599278
-0.565939
1.315690
0.232335
0.759714
1.194820
-0.628672
0.221677
-0.544151
-0.126001
0.722643
-0.567332
-0.800134
-0.272316
-0.769529
0.488086
-0.615621
-0.898255
0.299831
1.902671
0.033908
1.681913
-0.694014
-0.987901
-0.385964
-0.757589
-0.017635
-0.580590
-0.035434
1.101966
2.037431
0.570434
0.053645
1.352960
0.336659
-0.397191
-0.012188
0.642766
-0.741513
0.433566
-0.376323
-0.690083
1.094871
-0.312471
-0.575707
0.224056
4.054963
-0.831454
-0.621925
-0.800165
0.518707
-0.902580
-0.777003
-0.885439
-0.779581
-0.439695
3.200064
-0.357574
-0.499239
-0.276138
0.548129
-0.620013
0.150604
1.530133
1.601839
0.871841
-0.833176
1.017865
0.515737
1.089249
-0.736412
4.593148
1.743069
-0.507178
0.093566
1.039697
-0.032312
-0.480884
-0.103131
-0.687261
-0.308072
0.509271
-0.349653
1.713793
-0.386791
-0.406737
-0.910573
-0.838127
-0.716785
-0.639568
-0.365214
-0.346937
0.355290
-0.636089
-0.616529
-0.138420
-0.620308
0.483228
0.003510
-0.363811
-0.369662
-0.471227
-0.718553
1.238758
-0.518676
-0.440091
-0.924626
3.049938
1.585534
2.324241
-0.663716
1.260166
-0.501120
-0.851426
-0.309043
-0.857892
-0.877149
-0.973576
0.571628
1.239732
-0.355876
0.240524
-0.827022
-0.571225
-0.492241
0.984852
-0.659665
-0.806158
0.214502
-0.542316
-0.644316
-0.312478
-0.280742
-0.002678
2.309479
0.614348
-0.816305
-0.351361
0.156797
-0.741658
0.248323
-0.902910
-0.369122
-0.723626
-0.394661
-0.120589
0.474870
-0.000375
-0.149871
1.220267
1.196043
0.019104
-0.289224
-0.358223
-0.596303
-0.501231
0.107330
-0.818795
0.465774
-0.530560
0.542313
2.224922
-0.657046
-0.700396
-0.185874
-0.485672
-0.338857
0.723693
1.221520
-0.754110
-0.015706
0.010014
-0.511880
-0.382850
-0.147798
-0.231759
2.070480
-0.679589
-0.444509
-0.578941
-0.775269
0.589727
-0.567055
-0.438326
0.707649
-0.762974
0.101373
-0.388058
0.508942
0.133667
-0.886301
0.831919
0.945441
1.068817
0.173171
-0.443058
-0.874255
-0.685035
-0.017783
-0.817537
-0.867575
-0.367765
0.321964
1.321793
-0.000681
-0.860659
0.164832
-0.499657
0.632842
0.095448
-0.309525
0.280512
-0.589519
1.492743
1.300443
-0.401931
-0.472882
-0.761513
-0.630410
0.087256
-0.165896
-0.523556
-0.316957
-0.557791
-0.946445
-0.022210
-0.083607
-0.391274
-0.604444
0.964439
1.824777
-0.549258
0.558496
-0.392146
-0.452792
0.360858
-0.770373
-0.067168
-0.490587
0.457807
0.927034
-0.096046
-0.190760
-0.618258
0.063710
-0.098566
-0.569464
-0.236113
-0.274257
-0.884551
-0.652597
-0.698282
-0.797513
0.616242
-0.202350
1.038748
1.136306
0.184300
-0.124226
-0.392248
-0.350652
-0.215247
-0.889850
-0.931751
0.171908
1.674935
1.978007
1.069319
-0.482027
-0.833982
-0.079255
-0.331341
-0.835735
0.108882
-0.569987
-0.649179
0.214301
-0.562583
-0.787931
-0.886920
-0.913723
0.183963
1.246064
0.757846
0.116904
-0.391130
-0.646765
-0.875576
-0.740861
-0.280967
-0.428711
0.557371
2.893647
0.075374
0.990055
1.460420
-0.614784
-0.357755
-0.915239
-0.710204
-0.617958
0.127268
-0.741956
-0.142220
-0.688639
-0.395079
-0.966321
0.231760
0.905894
1.194646
-0.365688
-0.261394
-0.647811
-0.632523
1.623523
-0.533944
0.382420
0.449949
-0.731230
3.049302
0.215187
-0.882287
0.377481
0.358989
-0.161482
-0.061360
-0.495764
0.221266
0.611984
0.194072
-0.220681
-0.768983
-0.904650
-0.885514
0.778906
2.116938
-0.654686
-0.577405
0.205706
-0.064678
-0.710717
-0.449839
1.395978
-0.493468
-0.610477
2.267798
1.065151
-0.549090
-0.080439
0.719378
-0.073103
0.091032
-0.885375
-0.721026
-0.186134
-0.276456
0.060445
0.432952
-0.741931
0.087760
-0.748720
0.782380
0.395969
0.949030
-0.201281
-0.195933
-0.924809
-0.286500
-0.555948
-0.352330
-0.387536
0.702489
2.561958
-0.743129
0.208147
-0.184280
1.268551
-0.306240
0.180147
1.118934
1.086013
0.191231
-0.259721
-0.886196
-0.527505
0.110105
0.187865
2.046346
-0.283660
-0.002283
-0.507778
0.453226
-0.383168
-0.383515
-0.595619
-0.381612
-0.008886
2.176478
2.501425
-0.380184
1.015894
-0.504300
-0.755810
0.262910
0.438639
-0.045104
-0.262427
-0.679486
0.454492
0.362347
-0.254857
-0.810635
0.136884
-0.644014
0.899925
0.096373
-0.186996
-0.648920
-0.456595
0.544268
-0.119466
0.718457
-0.674329
-0.836936
2.114920
-0.401754
-0.237816
-0.453191
-0.514230
0.687747
-0.167824
-0.130848
-0.791619
-0.527110
-0.638750
-0.659415
-0.598111
0.537762
-0.440949
-0.715191
1.250426
0.843087
-0.503131
-0.704550
-0.617271
0.227888
-0.901112
-0.476477
-0.749178
-0.578783
0.040075
3.013228
-0.725105
0.241572
1.768803
-0.672576
-0.525307
-0.473793
-0.240380
-0.584040
-0.477417
-0.573681
-0.697891
0.537037
-0.573557
0.175134
0.634565
3.463590
-0.008135
-0.066353
-0.695618
-0.258655
0.212324
-0.422257
-0.695488
0.093026
-0.723034
3.265065
0.575836
-0.411629
-0.204660
0.561178
-0.187813
-0.046188
-0.616494
-0.656013
-0.585278
0.680769
-0.168916
-0.067195
-0.086751
0.834868
2.292458
0.772153
-0.505310
-0.232064
-0.326593
-0.472118
-0.515879
0.401380
-0.581833
0.475592
1.548191
0.248930
1.148707
-0.352137
-0.024217
0.411480
0.171164
0.925468
-0.118654
0.517674
-0.114747
-0.396829
1.496616
0.119432
0.900911
0.992096
1.910219
1.208097
-0.554997
-0.258786
-0.600203
-0.920735
-0.838262
-0.327289
-0.543309
-0.256582
1.265685
1.923746
0.367938
-0.650966
-0.303125
0.091287
-0.230025
-0.902760
-0.828685
-0.799663
0.261870
-0.204528
-0.079667
-0.392950
0.012466
0.773902
1.520119
0.110788
-0.045304
-0.321531
-0.209994
0.177993
-0.763982
-0.249926
-0.852956
-0.525597
0.917222
-0.136504
-0.828016
0.144397
-0.038403
-0.723913
-0.740516
-0.859497
-0.276609
-0.293663
-0.655056
0.130282
-0.837067
-0.752934
-0.657794
-0.143144
2.780316
-0.655148
-0.635151
-0.588263
-0.321761
0.592222
-0.743191
-0.276237
-0.473903
-0.181714
3.293969
-0.324640
-0.187089
-0.382898
-0.138530
-0.944044
0.899521
-0.547177
-0.940368
0.534493
-0.342931
-0.890418
-0.524917
-0.662882
-0.423353
1.219788
-0.327190
-0.804439
0.569021
-0.633320
-0.385223
-0.558792
0.665167
-0.766841
-0.127006
2.673589
0.340035
0.278695
1.608478
-0.839485
0.083794
-0.244875
-0.166058
0.210062
0.072731
0.275706
-0.556815
0.513084
0.865551
1.744126
-0.062707
1.129054
1.606270
0.991232
-0.555453
0.341537
-0.051361
-0.394026
0.066726
-0.710195
-0.036315
0.472939
1.824301
0.690793
-0.261120
-0.809637
-0.830203
-0.594125
-0.626189
-0.648749
-0.425986
0.238998
0.555227
-0.557223
0.442908
-0.893066
1.042762
1.496030
0.521907
-0.409362
-0.527444
-0.425570
-0.858668
-0.525595
-0.242590
-0.775217
0.623754
0.420252
0.568057
0.796337
0.355620
-0.050014
-0.793107
-0.726790
-0.005735
-0.545546
-0.690359
-0.650929
0.268042
-0.029510
0.641039
-0.186820
-0.751943
1.576993
1.158605
-0.641819
-0.758418
-0.769576
0.126523
-0.202721
-0.127056
-0.332210
0.877881
-0.517965
0.781312
-0.359351
-0.342595
-0.754474
0.041017
-0.897618
-0.584372
-0.089674
1.369590
0.292244
-0.260130
-0.956986
-0.542941
-0.555973
2.474551
2.039557
-0.468865
-0.212166
-0.549379
0.090834
-0.875542
-0.861775
0.035108
0.618046
0.438912
0.833614
1.142033
-0.192198
-0.764823
-0.586223
0.604320
0.303924
-0.581149
-0.302292
-0.310619
-0.781269
-0.083977
0.269557
-0.737121
0.590605
0.490698
0.931752
0.209247
-0.705478
1.061109
-0.414863
-0.665266
0.006071
-0.894107
-0.839478
-0.714394
2.436381
0.351803
-0.488210
-0.261790
-0.940329
-0.781424
-0.326733
-0.424560
-0.290557
-0.703411
-0.643626
-0.089736
-0.560555
-0.715325
-0.640187
-0.834392
2.273759
-0.807244
-0.877308
-0.495941
-0.318648
-0.801643
-0.519097
-0.461667
-0.159655
-0.135311
1.200256
-0.153599
0.808512
-0.183122
0.510351
-0.525622
-0.632049
-0.900258
-0.740901
-0.149435
0.678273
-0.425658
-0.404417
-0.713579
-0.039304
0.236260
-0.285322
0.299554
-0.680012
1.270086
-0.454465
-0.372665
-0.256645
0.861913
-0.213911
0.020468
3.457046
0.430978
-0.561534
-0.196208
0.424442
-0.057947
0.036138
0.676397
-0.854008
-0.567553
-0.179508
0.061748
-0.502482
0.557724
0.192963
1.413360
4.918270
-0.326791
-0.396387
-0.861583
-0.328279
0.298214
-0.632189
-0.792876
-0.183199
-0.790103
2.347078
0.563330
0.137028
0.341639
-0.476001
-0.924782
-0.518010
-0.311428
-0.517531
-0.600697
-0.483061
1.260187
0.524102
-0.797992
0.219297
1.061367
-0.428410
2.732481
0.218211
-0.798593
-0.738642
-0.672151
0.354751
-0.401437
0.838299
0.065042
-0.358406
0.518422
1.861331
-0.615812
-0.380610
0.219553
-0.690172
-0.792951
-0.025903
-0.583621
0.254334
-0.496440
-0.713850
-0.690406
-0.642781
-0.696560
-0.635710
3.276874
-0.282987
-0.661156
0.809526
-0.727972
-0.520809
-0.677945
0.283637
-0.851707
-0.760460
2.467796
0.023043
-0.422080
0.193396
0.741654
0.261670
-0.861756
-0.301420
-0.865247
0.431286
-0.760932
-0.270780
-0.816319
-0.719510
-0.507897
0.349591
-0.089407
1.608948
-0.078737
-0.628330
-0.455022
0.300278
-0.175397
-0.608317
-0.103108
-0.270899
0.762335
2.182000
0.677196
0.885699
-0.724681
-0.085013
-0.705131
-0.038713
-0.775408
-0.633421
-0.855330
0.652524
1.507422
-0.579823
-0.444584
-0.390526
1.953528
3.030578
-0.059515
-0.429239
-0.628913
-0.827225
0.502187
-0.789351
-0.697526
-0.619077
-0.691920
-0.529399
0.951758
-0.766449
-0.036912
0.073175
0.048151
0.323023
-0.721531
-0.758111
0.512061
0.460873
-0.877871
0.509502
-0.056289
-0.087980
-0.120513
0.582270
1.705135
-0.215922
-0.122855
-0.438398
-0.284857
-0.701819
-0.643518
-0.724228
-0.840682
-0.318528
2.950137
-0.472283
0.312864
-0.702717
0.179963
-0.861312
-0.262751
0.590653
0.561504
0.681579
-0.158166
0.717047
0.789660
-0.787560
-0.184036
0.283788
-0.207963
1.533156
0.161609
-0.399409
0.825023
0.388664
0.131296
-0.697820
-0.741447
0.159645
1.658827
1.672093
-0.745370
1.072601
-0.537395
-0.618546
-0.649128
-0.825738
-0.248058
0.118394
-0.283142
-0.113406
-0.600472
-0.794540
-0.833977
1.061013
2.159154
0.478021
-0.946314
0.861206
0.307828
-0.426132
0.596553
-0.370929
-0.595488
0.097764
-0.616523
0.719621
1.297771
0.079224
0.169029
0.441954
-0.023729
-0.854085
-0.265312
-0.317028
0.208583
-0.728130
0.133436
-0.735352
-0.889869
-0.415190
0.264731
2.541879
-0.716698
-0.038756
-0.094413
0.597525
-0.121831
-0.021109
0.341167
-0.380757
0.426669
0.643302
1.608657
-0.673363
-0.296159
-0.607200
-0.834370
-0.778314
-0.208317
0.992497
-0.380124
-0.905282
-0.760454
-0.291026
-0.585833
-0.815407
1.565162
3.415846
-0.406769
-0.461575
-0.508973
-0.734697
-0.146066
-0.381898
-0.636478
-0.883301
-0.035910
2.350504
-0.208890
-0.807788
1.193204
-0.386882
0.876626
-0.800079
-0.478146
-0.413437
-0.824391
-0.637841
0.119348
-0.000533
-0.310995
-0.297946
-0.514987
2.422621
1.990242
0.222695
-0.753477
-0.055758
0.312494
-0.005400
-0.647717
-0.338173
-0.708489
1.244078
-0.823513
0.290760
-0.550986
-0.076742
-0.653915
-0.057548
-0.713772
-0.676946
-0.715993
-0.413810
-0.667182
-0.690927
-0.618590
-0.373712
-0.170130
2.166695
1.822760
-0.819441
-0.327961
0.708741
-0.950903
-0.094576
0.047483
0.231185
0.077011
0.552226
1.193182
0.434339
-0.692962
0.303809
-0.534766
-0.565568
-0.879608
-0.960456
0.163793
0.118010
0.161832
-0.832774
-0.278596
-0.762119
0.813124
2.406421
1.293466
-0.346378
0.274484
0.283867
-0.921245
-0.316617
-0.135268
-0.823366
-0.916441
-0.101033
1.043750
-0.166189
0.512183
-0.538415
-0.410927
0.163120
-0.673462
-0.428905
-0.785163
-0.221220
-0.159515
0.273511
-0.792310
-0.242774
-0.881533
1.295942
0.406546
0.780251
-0.289900
0.412535
-0.348502
0.197471
-0.148487
-0.618263
0.143356
-0.699489
-0.633917
1.952275
0.989150
-0.397087
-0.320574
-0.233565
-0.413798
0.064492
-0.592140
-0.411494
0.497742
-0.149428
-0.496519
-0.037578
0.596575
-0.699134
1.589427
0.080611
-0.068199
-0.814878
-0.603547
-0.739044
1.151629
-0.202099
-0.233177
-0.678489
0.068123
2.513448
1.514186
0.482405
0.989089
-0.276773
0.728460
-0.331365
0.564629
1.112543
-0.491879
-0.198182
-0.553238
0.202546
-0.347346
-0.095823
2.012636
-0.022070
-0.263148
-0.369725
-0.705773
-0.609562
0.014271
-0.792596
-0.129129
-0.583754
-0.798122
3.499057
-0.544567
-0.637317
-0.130957
-0.577963
-0.443948
-0.918164
0.214562
-0.864418
-0.058054
1.516552
-0.813058
3.078564
0.994205
2.182816
1.100342
0.595897
0.955747
-0.186731
0.475431
-0.606907
0.120729
-0.980258
-0.776283
1.064636
0.422755
0.571966
0.727095
0.373528
-0.239096
-0.731509
0.224089
0.563705
-0.103815
-0.916531
-0.633838
-0.825444
-0.844218
-0.058386
-0.695499
0.004434
2.372611
0.317968
1.101666
-0.189941
-0.865097
-0.815527
-0.721347
0.032422
-0.867999
-0.737391
0.697958
0.328412
0.551359
-0.587035
-0.531628
-0.507434
-0.397886
-0.897250
-0.282343
0.971061
-0.671533
-0.014376
-0.587607
-0.032234
-0.053143
-0.316020
-0.231298
1.102799
-0.475998
-0.157690
-0.563677
-0.936169
0.619010
-0.244933
-0.603187
0.368300
-0.747270
-0.369389
3.489558
-0.426735
-0.593114
0.522334
-0.482056
0.440802
-0.465243
-0.238589
-0.668710
-0.910636
-0.602590
-0.689944
0.924749
-0.615740
-0.731698
2.134283
0.572833
0.149714
0.661628
0.170049
-0.157020
-0.519507
-0.772245
-0.466492
-0.688140
1.228063
-0.173393
0.421627
-0.403870
-0.771892
-0.554723
-0.715638
-0.777793
-0.290218
-0.864472
-0.002389
-0.423533
0.147138
-0.341359
-0.274876
0.325829
0.249794
0.939001
0.870503
0.573471
-0.287659
-0.594462
-0.502682
-0.305600
-0.039614
0.101948
-0.724189
3.286423
-0.581646
0.296900
0.292806
-0.687153
0.522922
-0.399509
-0.338910
0.815565
0.355172
0.032374
0.141994
-0.469036
-0.389080
-0.843386
0.306901
2.120785
1.176148
0.070744
-0.712796
-0.814450
-0.668981
-0.701616
-0.727945
-0.583485
0.615172
-0.908004
1.584446
-0.226970
0.143449
0.698282
-0.889782
1.234126
-0.343560
-0.497809
-0.192871
-0.784507
-0.988681
-0.381125
-0.169534
-0.769698
-0.019509
1.063032
0.651909
0.261804
0.233363
0.913819
1.682402
0.841416
-0.364330
1.301098
-0.433584
-0.889680
3.281468
0.348927
-0.464640
-0.572861
0.650914
-0.402010
-0.814778
-0.906614
-0.376002
-0.229095
-0.054683
-0.102518
0.774567
-0.550858
0.073657
1.947013
1.757555
2.010686
-0.166008
0.371144
-0.037006
-0.900427
0.490981
0.807307
-0.344829
-0.477280
2.293209
2.228644
-0.681664
0.251768
-0.645247
0.422951
-0.525674
0.443425
1.846403
0.566879
0.137426
-0.287107
1.147486
0.832067
1.275195
1.807114
2.012280
-0.135737
-0.570916
-0.476596
0.022445
-0.551715
-0.050995
-0.656894
0.944037
0.565251
2.381824
0.502059
0.238284
-0.732783
0.146690
-0.408735
-0.602595
-0.948506
-0.729159
-0.207310
-0.530923
0.031390
-0.170271
-0.638895
0.476348
-0.910528
0.441058
-0.177106
0.306628
0.073988
-0.449133
-0.435215
-0.589992
-0.872996
-0.347190
-0.519231
1.604188
-0.663232
0.831324
-0.787072
-0.929607
0.420614
-0.261927
-0.095722
-0.907264
-0.793220
-0.481393
-0.750275
-0.312498
-0.252570
-0.489677
0.730440
1.267019
-0.740578
-0.492548
-0.290233
-0.236295
-0.115565
-0.916679
-0.877538
-0.907618
0.782886
-0.139187
1.327013
0.018254
-0.676726
-0.727358
0.431398
0.599733
-0.746743
-0.262262
-0.560706
-0.678574
-0.867998
-0.528348
-0.295028
-0.931664
-0.588902
-0.599297
0.781278
-0.398997
-0.555860
-0.682379
-0.458516
-0.629932
0.310098
0.076840
0.058582
0.388522
0.871260
-0.760453
0.722636
-0.139194
-0.797501
-0.527703
0.162500
-0.212687
-0.526708
-0.742396
-0.622020
-0.623638
0.161175
-0.671111
-0.070262
-0.476048
2.487786
-0.283964
-0.788257
-0.288548
-0.714768
-0.287461
-0.110876
-0.128840
0.131190
2.882216
-0.387689
-0.191242
-0.234316
-0.122851
1.798522
-0.655351
0.216006
0.114465
-0.586244
-0.399247
-0.293894
0.101790
-0.750764
-0.885159
0.558539
1.091131
-0.171468
-0.613929
-0.324149
1.176995
-0.174568
-0.321205
-0.070111
0.366604
0.012394
0.216578
-0.476158
-0.047011
0.854942
-0.588130
-0.153648
0.011767
0.347917
-0.116931
-0.603598
-0.802666
-0.773671
0.026576
0.020243
-0.517951
1.240270
-0.198011
3.937510
-0.128067
0.491541
-0.677648
0.185734
-0.258100
-0.376011
-0.526829
-0.355845
1.445436
1.908975
-0.336254
-0.206333
0.252267
-0.227965
-0.906343
1.119881
-0.307313
0.056207
-0.247295
-0.241743
-0.896930
0.477659
0.438259
-0.593338
0.182885
1.304206
-0.089590
0.176499
-0.752821
-0.950437
-0.732964
-0.345328
-0.823342
0.129071
0.225372
2.421165
-0.671441
-0.222809
-0.200476
0.590719
-0.938265
-0.661559
-0.574392
-0.477124
-0.121969
-0.655863
-0.460855
0.160211
0.057967
-0.623098
0.291482
1.490830
-0.187787
-0.354168
0.969126
0.054338
0.484432
-0.754122
1.072717
1.098018
0.757509
0.826196
0.448251
0.563975
0.758944
0.594034
-0.531074
-0.698821
0.326563
-0.513256
-0.239082
-0.772484
0.099424
1.219018
-0.093798
-0.484332
-0.587534
-0.940971
1.400666
-0.796924
-0.586860
0.377338
-0.874757
-0.099750
0.535954
-0.950721
-0.784639
-0.109090
-0.483407
-0.228662
-0.341781
-0.751469
-0.195823
0.122325
-0.566885
-0.488009
-0.503024
0.034866
1.105916
-0.633845
-0.421381
-0.718151
-0.247831
-0.316862
3.006094
-0.128933
-0.519687
0.863760
-0.096879
-0.714614
-0.797065
-0.718291
-0.459946
1.685239
0.013659
0.889383
-0.398919
0.037396
-0.586602
0.047213
0.098577
-0.127333
-0.612586
-0.605633
0.608061
-0.125943
0.028606
-0.790369
-0.957503
-0.609689
4.914446
-0.355980
-0.431831
0.153163
-0.094888
-0.289771
-0.383309
1.749940
0.022273
-0.599933
1.724711
-0.546024
0.640505
-0.641987
0.011105
1.095064
-0.658976
-0.261173
-0.557321
-0.406047
0.003731
-0.201014
-0.543838
0.027266
0.570891
0.303732
1.503327
0.801103
0.210323
0.306632
-0.971234
0.030985
-0.386095
-0.221133
-0.716245
1.245405
-0.535802
1.142318
-0.030362
-0.113851
0.403273
0.262272
-0.611069
-0.878056
-0.225505
-0.593072
-0.456898
0.101419
-0.459718
-0.262016
-0.630025
-0.064152
2.869819
0.144118
-0.690588
-0.127185
0.377713
0.255731
-0.660537
0.383548
-0.782635
0.065294
0.387503
0.195167
-0.543156
-0.481112
0.734494
-0.773636
-0.585398
-0.440101
-0.903904
-0.840362
-0.649845
-0.706684
-0.755952
-0.549115
-0.843106
-0.542683
-0.448638
-0.033213
1.196496
-0.122831
-0.859891
-0.574548
-0.650752
0.532998
0.955174
-0.294929
0.696032
-0.409960
0.824871
-0.601470
-0.662237
-0.889304
-0.580672
-0.933535
0.462002
-0.619111
-0.224687
-0.412927
-0.310194
0.696434
-0.698059
3.009517
3.087361
1.675529
-0.548657
-0.356329
0.214828
0.628579
-0.805149
-0.036493
-0.274374
-0.651118
2.882737
2.191730
0.194051
1.211902
0.252848
2.059604
-0.200706
0.914717
-0.408842
-0.620196
0.421299
-0.694239
-0.119652
-0.719606
0.911560
-0.616364
-0.603381
0.825491
-0.318782
0.575092
-0.170252
-0.637335
0.890895
-0.481425
-0.483068
0.998753
2.100042
2.948281
-0.411344
0.012434
0.444519
-0.435555
-0.348720
-0.771656
-0.587712
-0.772218
-0.531770
-0.496594
-0.656810
1.354807
0.345234
1.961523
0.021311
0.624445
0.084477
-0.849690
-0.467196
0.330873
0.627549
-0.792821
-0.226233
1.062077
-0.180982
0.320152
-0.228974
-0.869354
-0.017230
-0.155691
1.046026
-0.107157
-0.241364
-0.245637
-0.385883
-0.723503
0.220937
-0.673308
-0.416221
-0.261609
0.050083
0.297531
-0.328597
-0.391207
-0.446910
-0.897501
-0.874082
-0.183127
-0.454957
-0.280109
1.829316
-0.068575
0.232613
-0.645974
0.067673
-0.477422
-0.826356
0.051304
0.376626
0.036086
-0.274090
-0.420959
-0.599513
-0.849998
-0.522664
-0.575080
4.080730
0.070056
-0.163639
-0.003576
0.354182
0.209829
-0.110343
-0.466014
-0.314045
1.776589
0.716093
0.529714
0.293777
-0.932160
0.200998
0.237795
-0.483529
-0.337819
-0.617664
-0.192541
-0.474757
-0.517892
0.445615
0.230643
-0.552687
0.967328
1.684824
-0.533982
-0.471663
0.106470
-0.463480
-0.235285
-0.354032
0.226550
0.327351
1.118350
0.587652
0.055200
0.744881
-0.032805
0.523784
-0.297749
0.614412
0.570888
1.136573
-0.984402
-0.613275
0.049851
-0.520202
-0.931728
0.924036
2.841419
0.791369
0.415084
-0.158812
0.576900
-0.722132
-0.701391
-0.623175
-0.303693
0.700882
1.189948
1.960911
0.126302
-0.600606
-0.492834
-0.200054
-0.578888
-0.594348
0.914506
-0.455921
0.630541
-0.813261
-0.505395
-0.500420
-0.687265
0.348454
1.248519
0.903022
0.139556
-0.133804
-0.291366
-0.352108
-0.446825
-0.650848
-0.656579
1.634465
0.761746
0.523706
0.438003
0.685276
-0.237226
-0.108852
-0.795516
-0.169287
-0.017291
-0.730719
-0.581108
-0.430504
0.340139
-0.716758
0.167315
0.702645
1.725224
-0.370573
-0.320788
0.326079
-0.911292
-0.686829
-0.593719
0.021701
-0.477329
0.939547
0.858877
0.638899
-0.388824
0.263514
-0.868191
-0.523602
-0.950341
-0.164926
-0.449744
-0.825500
-0.422080
0.140332
-0.893372
-0.820523
0.438991
0.721757
0.832690
0.132508
-0.534877
-0.079499
-0.214739
-0.166664
-0.737376
-0.409000
-0.174842
1.167269
1.758458
0.010648
-0.186415
0.420082
-0.677119
-0.680360
-0.534719
-0.808707
-0.567060
-0.531130
-0.525572
-0.308821
0.244999
-0.325133
-0.054161
0.858398
0.254338
0.524388
-0.089932
-0.562240
-0.726125
0.029302
-0.495921
-0.610871
-0.649428
0.057815
1.054061
-0.921418
0.511016
-0.177251
0.763868
-0.458581
-0.135046
-0.251964
-0.403101
-0.735667
0.059499
-0.010955
-0.359028
-0.277932
1.331892
1.050128
1.152536
1.080544
-0.948815
0.994347
-0.100117
-0.859135
-0.302697
-0.684767
0.283422
0.621948
-0.758561
-0.081506
-0.049112
-0.563940
-0.176698
-0.835021
1.054417
0.772704
0.115866
-0.266795
0.111861
0.413987
-0.214054
-0.095035
0.436701
1.427635
-0.618209
0.602741
0.724188
0.038534
-0.143350
-0.512429
1.297679
0.159754
1.195826
1.626520
-0.495250
-0.703378
-0.862836
0.000346
0.963005
-0.679251
0.365461
-0.509795
-0.884497
1.154245
0.081797
-0.407732
-0.763131
-0.498156
-0.135492
0.310707
1.609981
0.742999
-0.763460
-0.905995
-0.766144
0.449530
-0.063811
-0.172660
-0.666535
-0.744922
0.581910
0.485308
-0.330510
-0.516321
0.085681
-0.905822
-0.748540
-0.473956
-0.788981
-0.221654
-0.841101
-0.786107
-0.356707
-0.686076
-0.450491
-0.443131
1.178939
-0.024454
-0.182236
0.003134
-0.188455
0.053160
0.001597
-0.625826
-0.623129
0.267956
-0.573609
0.839930
0.575267
-0.601403
0.171869
-0.336530
-0.752753
-0.831992
-0.056875
0.444029
0.033443
-0.278746
-0.626027
-0.476241
-0.588159
0.262468
0.156715
1.058437
-0.610637
-0.475759
-0.632983
-0.908661
-0.467177
0.054577
-0.724031
-0.317141
-0.042007
-0.575573
-0.304586
-0.628570
-0.654497
-0.764143
-0.728707
1.925276
-0.879461
-0.875707
0.211656
0.118608
-0.227723
-0.474075
0.369956
0.237746
-0.247620
2.847719
0.927770
0.290744
-0.850677
0.315365
-0.322540
-0.773790
-0.642511
-0.715366
0.147791
1.340289
-0.105226
-0.918288
0.800880
-0.855804
0.757522
-0.023079
0.181872
-0.255578
-0.310110
-0.821544
-0.733726
-0.599281
0.099541
-0.431747
1.314520
2.337370
1.145122
0.198102
-0.377585
-0.716796
0.037591
0.507363
-0.555794
-0.231557
-0.181061
1.787971
0.938426
0.263180
-0.008262
0.573236
-0.179534
-0.504301
0.037852
0.768099
-0.851429
-0.492294
-0.259393
2.428295
-0.089372
0.918142
0.434800
2.926845
1.779779
0.207462
1.355612
-0.599536
-0.747744
-0.416290
-0.309530
-0.368283
-0.497095
0.421869
0.983477
0.807082
-0.905168
-0.695858
0.103090
-0.843003
0.868548
-0.173239
-0.606623
-0.730428
-0.405705
-0.439075
-0.389664
-0.682495
0.573550
0.937438
0.526240
-0.730299
-0.593936
0.719561
-0.141428
-0.562700
-0.778925
-0.383093
-0.494938
0.673951
0.754674
0.293966
0.763178
-0.550682
-0.322110
0.875728
-0.381998
0.249908
-0.926976
-0.160535
-0.229480
-0.327662
-0.755330
-0.624772
-0.196501
1.915154
0.047870
-0.536965
-0.188582
-0.655361
-0.677297
-0.572057
0.596591
-0.876994
0.547895
-0.018949
3.718215
0.371233
-0.634284
-0.013854
-0.821503
-0.007181
-0.545519
-0.671903
-0.395657
-0.596800
-0.654874
0.464094
-0.854258
-0.128073
-0.567304
0.576664
2.252219
1.888882
-0.267559
0.043975
-0.314793
-0.823341
-0.131427
-0.467050
0.496464
-0.885093
4.062994
-0.137075
-0.651137
0.828591
-0.822413
1.039114
-0.752125
-0.338924
0.095972
-0.733943
-0.711524
-0.327351
0.416626
-0.714972
-0.358105
-0.524740
-0.282006
1.571504
0.637108
-0.726787
-0.498699
0.513054
0.606802
0.136982
-0.022726
-0.540715
-0.321943
3.746608
-0.121202
-0.269484
1.054509
-0.383119
-0.080836
0.309554
-0.259909
0.621419
-0.545036
-0.338323
0.885248
0.254604
-0.856237
0.082297
0.395383
3.392820
-0.578551
0.050371
-0.598319
0.823648
-0.206452
-0.106551
-0.249987
-0.498333
1.515413
-0.326225
0.793685
0.179295
-0.956101
1.144302
-0.165524
-0.532461
-0.519151
-0.761475
-0.553655
-0.771797
0.487957
-0.691053
-0.227841
-0.463711
1.019649
0.044437
1.071471
0.564755
0.568560
-0.200830
-0.038470
-0.618305
-0.846082
-0.104035
-0.124740
2.439771
1.661919
0.370257
-0.332948
-0.418027
-0.583510
-0.749815
-0.584110
-0.485028
-0.700269
-0.833888
-0.141990
-0.407601
-0.012614
0.887194
0.894854
0.965603
-0.362095
-0.901210
0.575686
-0.811097
-0.573188
0.557300
-0.101113
-0.547121
0.543857
-0.176411
0.040649
-0.476410
-0.237619
-0.755551
-0.036163
-0.252819
-0.583207
-0.937386
-0.535505
-0.367681
-0.876104
-0.429600
-0.595597
-0.770576
-0.053270
2.573823
-0.249642
0.106877
-0.909062
1.594606
1.444271
-0.159862
-0.616125
0.523571
-0.174970
1.363331
-0.388221
-0.483164
-0.167607
-0.953346
-0.787270
-0.712217
-0.116946
-0.035193
-0.437678
-0.680317
-0.932174
0.913641
-0.425623
-0.716222
1.298742
3.850414
1.368014
0.414078
0.899428
-0.805308
-0.186896
-0.772216
-0.613139
0.713328
-0.379302
3.191106
1.309187
-0.096711
0.107378
1.052392
0.895072
-0.593024
-0.519232
-0.654886
-0.637750
-0.730756
-0.873120
-0.722144
-0.608560
-0.018217
0.732189
1.935648
0.492332
0.496485
-0.497334
-0.298834
-0.551447
0.287364
-0.394683
0.023174
3.907201
0.085734
2.613002
-0.442609
0.093668
-0.569170
-0.714629
0.122353
-0.849466
-0.648136
-0.449839
-0.303752
-0.712040
0.402949
-0.884338
-0.470132
1.122675
1.585033
0.308781
-0.138592
-0.481078
0.123634
-0.798540
0.030861
-0.525578
-0.797755
1.196006
2.965448
-0.407981
-0.331740
0.175450
-0.957814
-0.539188
-0.278034
-0.745495
-0.749876
-0.643496
-0.790602
-0.075901
-0.812802
-0.797534
0.168608
-0.550903
1.235882
-0.470453
-0.658132
-0.500946
-0.652291
0.358617
-0.109995
0.351893
0.743011
0.312539
1.515086
0.245289
0.344997
-0.473506
0.477932
-0.410512
-0.751304
-0.510996
0.184433
-0.465666
-0.439221
0.001057
-0.591543
-0.599306
-0.057047
1.170358
0.147572
0.297036
-0.600139
-0.134212
1.763964
-0.935186
-0.071560
-0.718558
-0.038078
1.205178
0.262181
0.122292
-0.680127
-0.284986
-0.320552
-0.586998
-0.789588
0.150596
-0.840189
0.010163
-0.298284
-0.414386
-0.530565
-0.894567
-0.190105
-0.926675
1.391331
-0.551252
0.693101
-0.233519
-0.545369
0.360786
0.379412
-0.591964
0.242677
0.075568
0.908550
-0.595819
-0.606091
-0.223855
0.192259
-0.740732
-0.123595
-0.517711
-0.683093
-0.918790
1.075692
0.033712
-0.203655
-0.494602
0.036194
-0.012505
2.794900
-0.700528
-0.669879
-0.630091
-0.170493
-0.908898
0.353635
0.038047
-0.870510
0.312097
2.470078
1.231089
-0.773646
-0.075398
0.488659
-0.395328
0.403092
-0.728439
0.335259
-0.763087
1.079266
-0.277049
0.086105
0.224514
0.033678
0.823408
0.332008
1.638065
-0.170610
-0.482079
-0.818107
-0.726248
1.310993
-0.421890
-0.319096
0.832308
-0.249442
-0.392903
0.446287
-0.632405
1.313056
-0.212227
-0.701661
-0.494056
-0.446906
-0.305375
0.393070
0.186100
0.547023
-0.721247
-0.397764
0.698630
3.255305
-0.719704
0.797898
0.076727
-0.141635
-0.621394
0.766118
-0.027083
-0.830223
-0.109132
-0.496237
-0.611322
0.878313
0.394339
-0.455948
-0.872098
-0.007528
-0.749188
-0.869840
-0.114402
-0.256234
0.096062
0.137434
1.024036
-0.371161
0.152499
2.834892
1.098532
-0.549528
0.052866
0.814737
-0.496237
-0.507528
-0.138978
-0.579516
-0.763114
-0.641517
3.055291
-0.021097
-0.660009
0.276744
1.474858
0.176004
-0.241063
-0.746813
-0.831765
-0.782916
-0.803368
-0.479997
-0.770584
-0.546673
-0.328729
-0.516229
1.450796
-0.516047
-0.172559
-0.182797
-0.600802
-0.085774
-0.378486
-0.755512
0.049054
-0.062878
0.129124
-0.211460
-0.608992
0.433067
-0.124215
-0.653680
-0.845249
-0.664262
0.932391
-0.468158
0.203920
0.080447
-0.479895
0.050509
1.849480
0.020284
3.396121
-0.088351
-0.768688
-0.342567
-0.318423
0.333222
0.972406
-0.601201
-0.922656
-0.809165
1.852104
0.131657
0.322410
1.102251
-0.071250
0.131296
-0.953130
-0.758575
-0.103393
0.147943
-0.348506
-0.304970
-0.611900
-0.794938
0.857497
1.611013
1.672866
-0.457168
0.398858
-0.589104
-0.136460
0.491027
-0.142245
-0.294088
0.039542
-0.357813
0.251541
0.861735
0.275776
0.340481
-0.229790
0.301748
-0.205061
0.261567
-0.351048
1.327160
-0.258302
-0.789509
0.042594
-0.317005
-0.599128
0.198735
0.881520
0.252705
0.043602
-0.346648
-0.819157
-0.389362
-0.616193
-0.640827
-0.625648
-0.374972
-0.015110
-0.322438
0.444238
-0.405388
0.446684
-0.170543
-0.923069
-0.037711
-0.512415
0.124574
-0.907129
-0.285174
-0.907427
-0.463516
0.149343
-0.589569
-0.014724
0.696169
-0.068015
-0.851743
-0.238008
0.272928
0.097607
0.385260
0.126314
-0.558416
-0.372372
2.231924
-0.169506
-0.281784
-0.626283
-0.023841
-0.737616
0.121544
-0.766964
1.816935
-0.033037
0.246595
0.894099
1.251762
-0.478575
0.788762
-0.306638
-0.696419
0.972759
0.323894
-0.612986
0.029315
0.924485
1.407273
-0.694051
0.021752
-0.717049
1.586770
3.679772
0.292059
0.349355
0.649504
-0.939566
-0.672873
-0.144175
-0.266463
-0.343653
-0.379949
0.032332
0.128677
-0.240929
-0.379197
-0.411986
1.180711
2.362622
1.009437
-0.342728
-0.828545
-0.397035
-0.353557
-0.884676
0.192080
-0.652955
-0.693837
0.546749
-0.153705
0.723825
-0.537127
-0.367603
0.160802
0.137785
-0.281865
-0.808355
1.004224
-0.577218
-0.053526
-0.185238
0.582103
0.309747
0.513095
1.115242
0.412846
-0.477563
0.135151
-0.034254
-0.778498
-0.485496
0.141352
-0.198997
-0.157632
1.015595
-0.391347
-0.482646
0.706485
-0.505836
-0.457193
0.037219
0.039209
-0.492092
-0.747316
-0.845190
-0.829475
-0.386247
-0.088168
0.171112
-0.675310
0.059302
1.157408
0.138479
-0.854690
-0.543093
-0.482868
-0.586370
-0.326731
0.309349
-0.926271
0.667749
2.879901
0.061891
-0.598984
0.010584
-0.552808
0.204043
-0.540858
-0.005721
0.187014
-0.529116
-0.972042
-0.415837
-0.446470
-0.727166
-0.869661
-0.374561
2.223829
-0.006247
-0.597249
-0.638316
0.096583
0.860355
-0.908457
0.502459
0.302366
-0.237279
1.374559
2.420081
0.800229
-0.449275
-0.360616
-0.949529
-0.725315
-0.344945
0.838451
0.036332
-0.705944
-0.389758
0.987550
-0.169204
0.780921
-0.744947
-0.415174
2.580065
0.489213
1.280691
-0.115842
0.274780
-0.632828
-0.084240
-0.755066
-0.499532
0.690644
0.130858
0.067498
2.005616
-0.532341
-0.400470
-0.792469
0.123236
-0.311718
-0.468877
-0.898264
0.381160
0.048669
-0.663557
-0.307799
0.338675
0.118008
2.601024
0.238583
-0.159588
-0.850810
-0.307688
-0.120172
0.290864
-0.576841
1.112017
0.230581
0.568146
0.001909
0.827329
1.021918
-0.427676
-0.176651
0.094642
0.595528
-0.170944
-0.525336
-0.129434
-0.762884
-0.373387
0.066114
-0.638752
0.209945
0.962208
0.998732
1.813300
-0.008320
1.454759
-0.089385
-0.531253
0.057837
-0.777056
-0.654889
-0.411826
1.110534
-0.164363
0.128474
0.846871
-0.932673
0.560575
-0.556766
-0.741083
-0.555485
-0.973920
-0.863032
-0.844723
0.129172
-0.327378
-0.519629
-0.099519
0.567869
1.065495
0.582784
0.901644
0.858812
-0.381600
-0.284102
-0.852734
-0.632603
-0.509432
1.240307
1.496362
-0.034543
0.155960
-0.386295
-0.658799
-0.379983
-0.889605
-0.771757
-0.457529
-0.704630
-0.902543
-0.778842
0.838581
-0.356403
-0.464711
0.507580
1.568480
2.192985
0.674109
-0.260584
-0.625319
0.965694
-0.866520
-0.200747
-0.653823
-0.305741
1.212745
1.627515
0.883620
-0.559912
-0.176595
0.292423
0.279336
-0.733872
0.268732
-0.342356
-0.318625
-0.797088
-0.767341
-0.935852
-0.720065
-0.714579
1.498169
2.004643
1.761789
0.156013
-0.619207
-0.257289
-0.040277
0.587162
-0.714482
-0.151941
-0.404187
1.923145
0.598084
0.679399
0.054551
1.487743
-0.774307
-0.653370
-0.918123
-0.864312
-0.573834
-0.243688
-0.851261
-0.557090
-0.582256
0.334981
-0.097655
-0.334880
0.675357
1.046755
-0.759940
-0.099998
-0.662799
-0.639504
-0.572050
-0.435061
-0.632076
-0.624878
2.987018
-0.432040
-0.638250
0.150276
-0.514058
-0.553262
-0.521892
-0.603357
-0.438424
-0.485062
-0.414207
-0.519990
-0.891906
-0.686782
-0.287663
1.164158
1.874216
-0.205948
-0.193688
-0.321582
-0.844166
1.077560
-0.557934
-0.282458
0.435058
-0.371174
0.831113
1.300920
1.678542
-0.546123
0.722987
0.445750
-0.676619
-0.835281
-0.614576
-0.424613
-0.177335
-0.635471
-0.336625
0.282360
-0.153956
0.015747
-0.009233
-0.109370
0.129207
1.042399
-0.036379
-0.766259
-0.436123
-0.208704
-0.006579
0.076762
-0.399319
1.621402
0.321128
0.131853
-0.446657
-0.861079
-0.809052
-0.662094
-0.421113
-0.629135
-0.344368
-0.831892
-0.229108
0.043898
1.040174
-0.053287
-0.439924
2.954800
0.968975
-0.903748
-0.479516
-0.625545
-0.297447
-0.209643
0.614169
-0.398849
0.162276
-0.401390
2.017473
-0.869602
0.233013
-0.028993
0.492375
-0.342987
-0.802238
-0.485544
-0.213917
-0.727809
-0.661451
-0.156761
-0.192725
-0.192016
0.263933
1.048870
4.117685
-0.591571
0.696124
-0.291861
-0.837200
-0.889355
-0.788683
-0.925931
-0.811399
0.196395
-0.179446
0.409949
-0.379226
0.083708
-0.918194
0.506634
-0.244516
-0.485184
-0.420626
-0.538302
-0.362535
2.036230
-0.656181
-0.780924
-0.355936
-0.655032
2.953434
0.113795
-0.368410
-0.835182
0.438778
0.099910
-0.705172
0.732038
-0.743736
-0.605370
2.133249
1.881318
0.024005
-0.244987
-0.056639
0.186422
0.393758
1.151901
1.041865
-0.257871
-0.727487
-0.757657
0.224801
0.770740
1.093404
-0.539259
-0.718195
0.423364
0.944347
-0.624052
-0.749446
-0.201244
-0.408823
-0.592233
-0.274850
-0.434469
1.439515
0.879620
0.616569
-0.539121
-0.735100
-0.083819
-0.189919
0.153073
0.499912
-0.896338
-0.647685
0.122863
-0.192807
-0.431900
0.169252
0.202932
-0.708500
0.314647
1.123361
-0.427310
0.143074
0.418208
-0.640331
0.134171
-0.155740
-0.401765
0.510755
3.123431
0.185007
-0.914902
-0.711437
-0.273079
1.485349
-0.010914
-0.030555
-0.733771
-0.723510
-0.776038
-0.748907
-0.733303
-0.509886
-0.433523
-0.889737
2.800454
-0.399294
0.033141
-0.387270
-0.712318
0.290501
-0.393583
-0.797256
0.227767
-0.602737
2.578122
2.137546
-0.707586
-0.708591
0.194985
-0.128398
-0.273411
-0.285953
-0.228509
0.578678
-0.630554
-0.607793
0.893493
-0.458378
-0.664922
0.251114
-0.546690
2.331231
0.562305
0.115566
-0.925105
-0.824278
-0.938460
-0.419592
-0.031232
-0.327822
1.675224
1.049026
0.060241
-0.371536
-0.308461
0.709525
0.946544
-0.352571
-0.511211
-0.585182
-0.720425
0.676853
0.542655
-0.622015
-0.340511
-0.965208
1.937031
1.266741
0.963868
-0.487488
-0.215872
-0.538583
1.815792
-0.633665
-0.141099
-0.968179
0.814556
-0.751205
0.542392
-0.626998
-0.889228
2.043394
0.175171
0.215736
-0.615224
-0.039039
-0.444100
0.141136
-0.636724
-0.289543
-0.635052
0.300854
0.155700
2.926928
0.355679
-0.925505
-0.427770
-0.056885
-0.442600
0.151250
-0.693267
-0.749141
0.737862
2.593340
-0.499972
0.694969
-0.011884
-0.024216
-0.168946
-0.852412
-0.026914
0.248717
0.029021
1.103048
0.263398
-0.856547
0.225876
-0.570993
0.101892
2.616582
0.315786
-0.221540
-0.214563
-0.400746
0.169552
-0.211467
-0.833517
-0.807403
0.377737
0.047964
2.648624
-0.321808
0.690512
-0.700960
-0.660570
0.157414
0.902623
-0.450079
-0.113515
-0.045110
-0.340853
0.002527
-0.793319
-0.400283
-0.127653
-0.425136
1.909480
-0.662867
-0.553343
-0.281123
-0.269845
-0.494938
-0.548970
0.200771
-0.754046
0.134453
-0.478650
0.780459
-0.402972
-0.457686
0.032690
0.351631
0.716928
-0.134823
-0.333318
-0.578786
-0.043600
0.363811
-0.177008
-0.915033
-0.154324
-0.208216
1.392801
0.556979
-0.040977
-0.536461
-0.775380
0.175129
-0.735223
-0.706657
-0.678215
-0.594981
0.562418
-0.170965
-0.041631
-0.714779
-0.387683
-0.002908
-0.783449
0.141150
0.055744
-0.187901
-0.882569
-0.333510
-0.857432
-0.638490
-0.454363
-0.627861
0.759773
-0.442955
1.157471
-0.295085
0.066516
-0.451167
-0.111935
0.309071
-0.764948
0.026552
0.220416
1.586023
0.298279
-0.454760
-0.414639
-0.582197
-0.820056
0.798966
-0.500783
-0.375684
0.588556
-0.786958
-0.393825
-0.513537
-0.128432
-0.413706
-0.439416
3.677378
-0.253421
0.101480
0.243596
-0.261976
-0.035916
-0.790381
-0.634233
1.067625
0.281726
1.896103
2.114177
0.611030
1.881207
-0.520983
-0.781247
-0.887937
-0.822633
-0.232160
-0.607663
-0.359321
-0.818634
-0.488374
0.419146
0.056030
0.332967
2.333487
0.903709
-0.169874
1.024255
-0.586360
0.620606
-0.165291
0.916269
-0.599372
-0.784777
1.225091
0.199223
0.916200
0.504505
-0.769968
-0.102655
1.180898
0.133675
-0.123440
-0.214627
-0.697018
-0.893616
-0.019704
-0.467450
-0.520557
-0.206383
0.954464
0.150251
-0.008780
-0.763375
-0.992054
-0.764267
-0.774804
0.722895
0.059336
-0.175605
0.814867
4.147583
0.367115
0.056896
-0.682115
-0.080779
-0.737329
0.493797
-0.772920
-0.647306
0.797446
-0.862909
0.684579
-0.567805
-0.603707
-0.441109
1.126433
1.280261
0.205296
-0.042902
0.357627
-0.196504
-0.652823
-0.437320
0.413132
-0.721013
0.451279
0.507195
1.788149
-0.735297
0.191684
0.002231
-0.721362
-0.788531
0.637481
-0.243342
-0.408600
0.075765
-0.893166
-0.424139
0.086214
-0.439664
-0.545476
-0.286725
1.204566
-0.710648
-0.881286
-0.762147
-0.177405
-0.803724
0.513850
-0.188844
-0.385122
3.211318
0.583770
0.222599
0.056924
-0.685038
0.021524
-0.817589
-0.855622
0.630713
0.304388
-0.509504
0.555870
0.431363
-0.776485
-0.924660
0.345629
1.948436
0.408895
-0.451783
-0.559367
-0.595317
-0.570959
0.294093
0.154542
-0.464520
-0.217090
1.656842
0.989268
0.675819
-0.289318
-0.321173
-0.697448
-0.274473
-0.265869
0.105492
-0.055002
-0.581700
0.881363
0.115230
-0.935883
-0.636414
-0.836326
0.283651
1.203520
0.119410
-0.238949
-0.349758
-0.416040
0.808327
-0.696543
-0.534191
0.048122
-0.425296
1.212655
1.214488
0.466509
-0.760263
0.339097
-0.773484
-0.786264
-0.825402
-0.453641
-0.637486
-0.248272
-0.652270
-0.708177
-0.529294
-0.776132
-0.238387
1.039220
0.579005
-0.681103
-0.485984
0.047235
-0.580357
0.115514
-0.736595
-0.691196
-0.148854
-0.040672
1.472931
0.870999
-0.725191
0.070728
-0.731028
-0.805954
-0.271860
0.002325
-0.526104
-0.090234
-0.483944
-0.914588
-0.291634
0.880131
-0.631443
0.665341
1.163458
0.284799
-0.484288
-0.703861
-0.052425
-0.800699
-0.800871
-0.648160
-0.491824
1.075945
-0.307722
1.041786
-0.420145
0.897372
-0.798762
-0.504078
-0.776832
0.024524
-0.294229
-0.889654
0.037016
1.261673
0.280867
-0.567810
0.271979
0.996314
0.699752
0.825835
-0.759203
0.397584
-0.099186
-0.826615
1.258852
-0.701025
-0.511584
0.144998
1.532742
0.487473
0.579085
2.339618
0.045343
-0.714608
-0.793153
-0.825732
-0.652463
0.309308
-0.164473
-0.860464
-0.943299
-0.579476
0.223619
0.110382
1.779682
-0.027102
0.991307
-0.798087
0.008866
-0.571699
0.832057
0.385014
-0.642648
-0.340749
0.218090
4.438615
0.751710
1.188508
1.241716
-0.483679
1.102491
-0.663424
-0.869807
0.447745
-0.769611
0.622855
0.099156
0.238859
-0.230850
-0.719369
0.465161
4.167101
2.310504
-0.080780
0.262807
-0.803843
-0.868097
-0.910625
-0.329610
-0.226701
-0.077569
-0.118574
5.842400
2.753513
-0.415017
-0.739982
1.153486
-0.006362
0.751799
1.324365
0.218002
2.114123
-0.946085
-0.200209
-0.125522
1.459663
-0.452200
3.742455
-0.382687
-0.559897
-0.896004
-0.609118
0.000948
-0.296335
-0.636178
-0.776121
-0.504397
2.303461
0.243253
1.194941
-0.899926
1.240554
0.106563
-0.832036
-0.795808
-0.692199
-0.771274
-0.792179
-0.881170
0.172504
0.211632
0.725006
1.975218
0.794473
0.028099
-0.252128
-0.585196
-0.652887
0.066376
-0.883367
-0.840361
-0.746121
-0.026457
0.384781
0.919556
-0.881321
0.013546
-0.625467
-0.978319
-0.642356
-0.814876
-0.456493
-0.820734
-0.452593
-0.927578
-0.677171
-0.704386
-0.859858
-0.734017
0.037529
1.467495
-0.603298
-0.852176
-0.397145
0.319391
-0.219736
-0.344375
-0.415752
-0.000365
-0.004611
0.036656
0.410887
-0.755327
-0.389607
-0.389595
-0.822908
-0.951220
-0.723800
-0.022802
-0.798259
-0.504918
-0.771529
0.085024
-0.809062
-0.298902
-0.083977
1.956364
1.731606
-0.374501
0.005670
-0.424684
-0.503547
0.340395
-0.875118
0.008534
0.724654
-0.538244
-0.081832
-0.435368
-0.418408
0.409465
-0.035088
0.270210
-0.574335
0.571202
-0.124428
-0.284543
-0.305537
-0.706530
0.343959
0.020768
-0.485045
3.388713
1.117580
-0.622795
-0.386414
0.021126
-0.191076
0.202398
0.296673
0.066080
-0.264513
-0.221570
2.416567
0.425487
-0.224848
-0.766368
-0.934693
0.402596
-0.478870
-0.489641
0.127576
-0.671921
-0.734491
-0.521569
-0.584170
-0.830169
0.574797
2.038322
1.654835
0.027284
0.699156
-0.746473
0.818305
-0.001650
-0.580183
-0.149849
-0.886491
1.572347
0.701196
0.957201
-0.235953
-0.678613
0.182593
-0.432422
-0.462571
-0.850719
-0.754665
0.273779
0.417301
-0.791264
0.320653
-0.728120
-0.563482
-0.366831
2.888698
-0.168410
-0.199141
1.012898
-0.714988
-0.582039
0.079739
0.358558
-0.864168
0.263757
1.558917
1.084365
0.579497
-0.071882
-0.304493
-0.000902
0.322738
-0.580160
-0.127213
-0.600531
-0.536906
-0.725404
-0.892896
0.054467
-0.605196
0.277630
-0.259399
1.880892
-0.648482
-0.534264
-0.745372
0.560327
-0.594977
-0.332288
-0.213854
-0.790374
0.935199
-0.301272
1.148638
-0.301433
-0.196007
0.541602
-0.779989
-0.858614
-0.860167
-0.136856
-0.896164
-0.676550
-0.484314
-0.753721
-0.655570
-0.424984
0.723872
-0.077141
3.595192
1.523999
1.219354
-0.613711
1.258336
-0.245549
-0.816497
-0.611031
1.115011
1.427836
1.801023
-0.139687
-0.603665
-0.263305
-0.558655
0.557601
-0.568335
0.579858
0.596092
-0.137667
-0.686544
0.553938
-0.039933
-0.830627
-0.662193
0.873604
2.042758
0.150786
1.057255
0.432569
-0.925958
-0.767012
-0.667897
1.353137
0.090157
1.151775
1.142237
0.775382
-0.463709
0.038009
-0.013422
0.299851
-0.419908
-0.872906
-0.696771
0.088376
-0.668759
-0.722485
-0.909552
0.168441
-0.256870
0.159595
0.579779
0.647179
-0.440988
-0.762645
-0.824117
-0.292417
-0.177275
-0.138453
-0.723432
-0.893204
1.250827
1.052464
0.048640
-0.564689
1.128130
0.048323
0.559571
-0.201975
-0.133943
-0.708740
0.426883
-0.309520
-0.525582
-0.794779
-0.148597
-0.346493
1.461092
0.020720
0.239692
0.123976
-0.480820
-0.038025
-0.769133
-0.093345
-0.341985
-0.752334
-0.548149
2.507068
1.629992
-0.381141
-0.547920
0.040596
-0.699488
-0.542561
-0.774648
-0.883370
-0.310640
-0.223598
-0.897014
-0.067061
-0.345221
-0.426750
0.211162
1.734870
-0.819648
-0.048304
1.445187
-0.460693
-0.928606
-0.569052
-0.350092
0.146940
-0.757638
0.655862
1.609415
-0.315970
-0.721458
0.289185
-0.291048
-0.402799
-0.629892
-0.255121
0.558672
-0.852589
0.323140
-0.820369
0.390434
0.514320
0.943304
1.347556
0.547547
0.421105
0.838737
-0.206365
-0.115698
-0.203145
-0.485370
-0.647483
0.202174
1.369640
-0.124749
-0.545136
0.034464
-0.905659
-0.124558
-0.666709
-0.821830
-0.678019
-0.567177
0.300934
0.589741
0.784320
-0.328483
-0.238063
0.380990
0.781085
-0.462086
-0.511734
0.578568
-0.589301
-0.843914
-0.705267
1.299120
-0.766803
-0.738025
0.995595
2.376741
1.979804
-0.773754
-0.216973
0.093055
-0.254518
-0.881507
0.801011
0.258872
-0.220083
0.332570
0.839032
-0.475527
-0.549206
1.155529
0.418055
4.492382
-0.410629
-0.694595
0.366919
-0.802001
-0.797019
-0.288147
-0.037561
0.080650
-0.736671
2.492590
0.010834
-0.275771
0.011574
-0.215045
-0.024071
-0.721380
-0.442983
-0.699240
-0.870837
0.308927
0.077326
-0.386903
-0.725221
-0.747501
-0.330230
3.533956
-0.623358
0.228940
-0.705013
-0.074148
0.698670
0.007560
0.302659
-0.368762
-0.119033
1.565610
0.598834
-0.798666
0.948860
-0.922562
-0.910497
-0.289246
-0.644022
-0.298139
0.015592
-0.282381
-0.360550
-0.752422
-0.820979
-0.916559
-0.548872
0.539537
-0.812139
-0.751180
-0.251871
-0.438337
-0.550257
0.637951
-0.594889
-0.466481
1.042767
0.467958
0.161215
1.168269
-0.922001
-0.369656
-0.248952
-0.238089
0.049978
-0.020585
0.242088
-0.772573
-0.478874
-0.271233
-0.428406
-0.909739
0.200268
0.708235
-0.164125
0.820988
-0.592355
-0.699076
0.660183
-0.161180
-0.920555
0.455679
0.044375
2.011027
1.201387
0.412179
-0.504625
-0.073239
0.303580
-0.986907
-0.871231
-0.650603
-0.631039
0.005586
-0.779214
-0.360161
0.219342
0.007772
-0.840604
0.669169
1.405197
1.255596
-0.226411
0.342495
1.066809
-0.135235
-0.947985
0.529626
-0.193778
0.050329
-0.182910
1.724655
-0.750760
-0.283917
0.078730
-0.289201
-0.141672
-0.455820
-0.789285
-0.454703
-0.908965
-0.402185
-0.112836
-0.438719
-0.137579
0.282601
2.061491
0.016762
0.308058
0.632001
-0.678210
-0.272854
-0.839674
0.139697
-0.236473
0.847917
2.466126
0.920111
1.270422
0.039320
-0.795237
-0.221174
-0.331169
-0.839270
0.510673
0.754414
-0.891975
0.900718
-0.495906
-0.337346
-0.579255
0.532920
-0.074026
3.640466
-0.730376
-0.596021
-0.324986
-0.813390
-0.259963
-0.545081
-0.464937
-0.744764
-0.051137
3.651100
1.019205
-0.268892
-0.862420
0.671310
-0.120268
-0.365630
-0.958911
-0.683377
-0.797088
-0.200613
-0.218302
-0.844926
-0.375449
-0.852452
0.377799
1.464274
-0.111080
-0.652926
0.366701
0.287070
0.513695
-0.419451
0.048426
0.844255
-0.322007
-0.328665
2.247631
0.028075
-0.334362
1.218470
0.391049
-0.342268
-0.061089
-0.615160
1.340057
-0.732624
0.795086
-0.142583
0.093501
0.562332
-0.568507
1.837994
-0.537073
0.986931
-0.570070
-0.628803
-0.954207
-0.220991
-0.518970
-0.947368
-0.477657
-0.762548
2.044474
0.750239
-0.834533
-0.591621
-0.793085
0.847943
-0.903887
-0.686136
-0.509849
-0.382238
-0.673181
-0.750653
0.614678
0.559888
0.801462
-0.057424
1.268538
0.823939
-0.525636
-0.647364
-0.791249
-0.777990
-0.053156
0.318596
-0.217900
-0.343363
1.089167
0.153653
-0.656286
1.118268
-0.466391
-0.667811
0.550448
-0.771530
-0.922495
-0.923184
-0.551680
1.576347
-0.460229
0.340032
-0.899329
0.637819
3.338277
-0.327306
0.359251
0.202442
0.091069
-0.487842
-0.360142
-0.308741
-0.535922
-0.095304
1.254763
2.848982
-0.461506
-0.294579
0.306993
-0.586480
0.991647
0.545219
-0.008639
0.289576
1.540732
-0.752161
0.720460
0.863493
0.715186
1.234201
3.379454
0.425704
0.612799
-0.381550
-0.522295
0.046122
-0.646247
-0.830209
-0.419363
-0.735998
1.063765
1.931494
0.682976
-0.211499
0.501862
-0.299942
-0.367424
-0.445209
-0.311846
-0.585551
-0.974345
-0.792657
-0.919042
-0.756674
-0.765472
0.488359
0.914029
-0.660202
-0.156363
-0.713454
-0.736938
0.435441
-0.763470
-0.422772
-0.693433
0.410603
0.004921
1.366656
-0.254549
0.301315
0.096568
-0.400200
-0.486323
0.154452
-0.466432
-0.847512
-0.428701
-0.683375
-0.845038
-0.772487
-0.059081
0.008539
-0.738179
0.179470
-0.818495
-0.402980
-0.579489
-0.732943
0.316792
-0.880640
-0.673362
-0.826657
0.093212
0.897371
0.607506
-0.802213
-0.569412
-0.760754
-0.792236
0.203110
-0.545136
0.689657
0.136587
-0.870922
1.106721
-0.840791
-0.464440
0.195308
1.525777
0.345215
0.487643
-0.730779
-0.862973
-0.731032
-0.159376
0.254288
-0.067765
-0.355042
0.428545
-0.599241
1.435154
-0.238564
0.387962
-0.164250
-0.665148
-0.584665
-0.308724
1.989573
-0.234057
1.142717
0.409852
-0.896847
2.208349
-0.581584
-0.151226
3.711868
-0.698501
0.575758
-0.716468
-0.629350
-0.115456
-0.358629
-0.848977
-0.104391
0.528016
-0.533850
1.379491
0.336004
0.934624
-0.261016
-0.051068
-0.665343
0.732949
-0.295563
0.314210
-0.062892
0.300735
-0.699727
-0.072844
-0.133868
0.475329
2.795441
-0.640664
0.714487
-0.365310
0.720506
-0.871657
-0.237676
-0.510194
-0.311768
-0.570617
0.790478
0.769448
0.546631
0.127260
-0.696604
-0.689308
0.896026
-0.792831
-0.172983
0.606229
-0.043644
0.723014
-0.818074
0.235638
-0.111266
-0.132459
2.408907
0.457888
-0.078785
-0.254534
0.193523
-0.912248
1.127078
-0.749198
-0.684913
-0.381200
-0.589921
3.848355
-0.488275
-0.207274
-0.071288
0.556182
-0.142055
0.089820
-0.733169
0.646137
-0.188290
-0.653073
-0.742798
-0.801957
-0.215061
0.708371
2.253481
0.474911
0.962600
-0.453644
-0.609216
0.822566
-0.887764
-0.799455
-0.101961
-0.387751
0.407403
1.096978
0.713986
-0.905395
-0.168900
-0.601243
-0.246760
-0.498819
-0.175372
-0.513007
-0.345074
-0.951237
-0.653821
0.303807
-0.692488
-0.031463
-0.344409
3.447181
-0.597614
-0.359573
0.268593
-0.364948
0.010794
0.542592
-0.208096
-0.933848
0.724811
1.374140
0.067870
-0.232957
0.524295
-0.954836
-0.351446
0.059999
-0.638606
-0.366245
-0.626614
-0.510468
-0.727064
0.857777
0.804294
-0.017504
-0.133515
0.412474
0.388421
0.138483
-0.665295
-0.916127
-0.594245
-0.649111
-0.158660
-0.754484
-0.721848
0.397802
0.660409
0.420998
-0.745188
-0.358433
-0.527473
-0.823518
-0.644751
0.478475
0.737265
-0.329860
-0.865522
-0.598373
-0.660416
-0.107273
-0.085270
0.197892
1.599914
-0.820541
-0.608902
-0.267046
-0.342313
0.078157
0.418103
0.139289
-0.341530
-0.806932
2.021989
0.042771
-0.384639
-0.879609
-0.714540
-0.008773
-0.059371
1.127950
-0.325695
-0.585283
-0.366829
-0.453250
-0.500284
-0.369970
-0.738131
0.208447
0.608815
-0.633530
0.122222
-0.426850
-0.768964
-0.754625
-0.333584
-0.481007
-0.585585
0.535994
3.309822
-0.416196
-0.812149
0.162108
-0.451044
0.267869
0.569869
0.076223
-0.553624
-0.478139
-0.730903
-0.701811
0.644655
0.063868
-0.777263
-0.730784
3.939986
2.613287
0.080926
0.675845
-0.497504
0.459203
-0.433439
1.206882
-0.298979
-0.879576
4.186823
-0.213752
-0.546894
0.853111
0.423206
-0.280699
-0.325277
-0.335622
0.101523
1.398498
-0.496238
-0.461583
-0.461669
-0.564784
1.347492
0.429459
3.535814
1.620051
-0.524436
-0.001043
-0.769324
-0.625721
0.128726
0.373608
-0.277641
-0.630852
2.328126
-0.065693
0.168288
-0.425972
-0.702139
-0.408622
-0.371090
0.301930
-0.172999
-0.239776
-0.680053
1.890913
-0.393107
1.058907
0.251405
0.615549
1.905140
0.202583
-0.012907
-0.764611
0.242375
-0.629392
0.162364
-0.656394
0.747640
-0.588603
-0.244900
0.557934
0.436232
-0.294892
0.368884
0.039882
-0.237590
-0.638388
-0.820102
-0.338217
-0.162619
-0.244601
-0.535913
-0.777235
-0.577939
0.264410
1.631163
0.496312
-0.626143
-0.765232
-0.973394
-0.867650
0.700051
-0.665420
-0.776031
-0.753354
0.148214
2.404700
-0.222967
-0.245700
0.609860
-0.463528
-0.679846
-0.501361
-0.636543
0.290474
0.121209
-0.746255
-0.237157
-0.686598
-0.168417
-0.815833
1.982563
0.341927
0.360301
0.019998
-0.774941
-0.861587
-0.617459
-0.529387
-0.516127
-0.766266
1.319910
1.370666
0.292875
0.325589
0.289671
0.411356
-0.162884
0.156891
0.523350
-0.315551
0.690845
0.205379
-0.628540
-0.676519
0.878925
-0.139959
2.721330
2.825159
0.242807
1.052333
-0.048212
-0.259359
0.068611
-0.615993
-0.759896
1.246373
0.234704
1.129107
0.547806
0.907580
0.250527
0.023893
-0.390644
-0.574951
0.457374
-0.788075
-0.000759
0.480014
1.494781
1.558134
-0.592492
-0.532834
0.191688
-0.213013
-0.116142
7.329331
