0.000000
-0.948988
-0.936737
-0.896674
-0.897268
-0.710426
0.545722
-0.559875
0.008017
-0.297326
-0.548756
-0.144418
0.070139
0.195810
0.075995
-0.293098
0.239038
-0.270301
-0.749441
-0.887127
-0.866157
-0.875698
-0.602118
-0.884736
-0.754714
-0.856117
-0.603276
-0.722790
-0.853294
-0.326930
0.066045
-0.623863
-0.741117
-0.843011
0.857499
0.504109
0.476138
-0.456329
-0.655383
-0.874674
-0.534908
-0.913693
-0.760557
-0.758942
-0.523934
-0.116786
-0.751873
-0.347109
-0.413829
-0.691289
-0.510004
-0.898234
-0.894947
-0.417496
1.135188
-0.638547
-0.336962
-0.697211
-0.920096
-0.752036
-0.639216
-0.745289
-0.115659
0.114428
0.094408
-0.719470
-0.630841
-0.094337
-0.616502
-0.098739
-0.650902
-0.197589
-0.149071
-0.532402
0.297507
-0.469480
-0.203487
0.286812
-0.807906
1.200809
0.015524
-0.131308
0.595452
-0.735801
-0.320647
-0.283721
1.743578
-0.439666
-0.681192
-0.309304
-0.651318
-0.557425
-0.691910
-0.136102
0.011495
-0.187927
-0.326122
-0.770054
-0.760094
-0.747190
-0.299415
-0.156386
0.322155
-0.339242
0.748243
-0.541273
-0.068526
-0.404924
-0.724677
0.394350
0.758754
0.801362
0.333673
-0.845560
0.005756
-0.530006
-0.620644
-0.516097
-0.527547
0.236955
0.727535
0.015375
0.680164
0.925829
-0.696398
-0.216164
0.233473
1.110737
-0.492389
-0.667510
-0.455416
0.422202
-0.847122
-0.252901
0.212160
-0.336062
0.211055
-0.627739
-0.406929
-0.379369
0.212658
-0.114039
0.263472
-0.259454
-0.610571
0.173994
-0.315713
0.202869
-0.667351
-0.201259
2.860935
2.504893
0.993442
-0.738939
-0.442571
-0.319073
-0.481994
-0.492469
0.395399
1.828147
1.083777
0.110939
-0.283324
-0.647438
-0.328366
-0.725625
0.188348
-0.283509
-0.353020
-0.828742
-0.377772
-0.011004
-0.252852
-0.852850
2.444037
0.510307
-0.278040
-0.425631
0.062502
-0.766779
0.474871
0.361346
-0.079678
0.367450
-0.282776
0.624617
0.553445
0.551978
-0.472914
-0.328254
-0.382370
-0.154877
-0.022481
-0.319309
-0.550586
-0.361557
0.011641
-0.206062
0.366399
-0.617355
-0.311858
-0.033831
0.728330
0.239581
-0.156255
0.242167
1.136907
0.966421
0.302030
0.127744
-0.527528
-0.315654
0.587485
0.225290
-0.639036
-0.088655
-0.481532
-0.908810
0.128262
0.150372
-0.418777
1.291231
1.278210
-0.646242
-0.672357
-0.024809
-0.815979
-0.848079
-0.322642
-0.541809
0.798910
1.638795
2.597654
0.697681
-0.275757
-0.751043
-0.543521
-0.505187
0.214674
-0.719850
-0.439379
-0.107934
0.161264
-0.466339
1.364088
-0.625972
-0.032019
-0.446472
-0.090562
0.038023
1.025013
-0.507965
0.115970
-0.655261
-0.627619
-0.497967
-0.626417
-0.105768
-0.105012
-0.251667
0.020845
-0.723710
-0.948416
-0.641871
-0.568771
-0.687346
-0.162650
-0.675222
0.998405
-0.864139
2.534006
0.332029
-0.446454
-0.576718
-0.650284
-0.434396
-0.662685
-0.551880
-0.226200
0.383522
0.554431
-0.185519
-0.319359
-0.605839
-0.272428
-0.691475
-0.163640
-0.584191
-0.261875
-0.424130
-0.354450
-0.160354
-0.022046
0.431269
4.185651
0.118422
0.478084
0.218883
-0.404251
-0.362638
0.258519
1.324506
1.749677
0.601959
1.449068
-0.538307
0.460973
-0.413691
-0.764526
-0.013463
-0.274258
-0.918891
-0.418640
-0.494456
1.717095
-0.692088
1.451771
-0.712172
-0.553243
-0.314184
1.500685
-0.107146
-0.157394
2.228202
-0.282754
-0.556078
-0.176128
0.667747
-0.330758
-0.620088
0.010135
-0.644922
0.000339
-0.369430
-0.846635
-0.810043
-0.530620
-0.747770
0.430310
0.159260
-0.014569
-0.503155
-0.504140
-0.672420
-0.257304
0.041345
-0.014053
0.204935
0.028968
-0.807888
0.885461
-0.728243
-0.554651
-0.948983
-0.613651
-0.829298
-0.281883
-0.241446
0.238847
0.459959
-0.778698
-0.770828
0.195411
-0.218230
0.027258
0.191039
3.646378
0.048746
-0.707749
1.137228
0.595516
-0.115738
0.211344
0.618159
0.251649
1.046083
2.518646
0.427940
-0.410751
-0.296077
-0.844953
-0.155959
-0.515511
-0.382035
-0.620635
-0.558711
0.179427
-0.032119
0.488095
-0.077725
3.919311
-0.163974
0.979001
-0.344090
0.760907
1.279977
1.365288
0.889678
-0.273381
0.661363
1.240809
0.562414
-0.447851
-0.694751
-0.343514
-0.204529
-0.672515
-0.279595
-0.345893
-0.599194
-0.767716
-0.371073
0.775141
0.180249
5.839138
-0.113483
0.673451
0.557366
0.815603
-0.498298
-0.335905
0.250317
-0.001761
0.749130
-0.011422
0.737825
-0.762466
-0.695366
0.294557
-0.703891
-0.897196
-0.281061
-0.512444
-0.933465
-0.763786
-0.321896
-0.469079
-0.377567
0.877310
2.074112
0.260851
-0.242389
1.274726
-0.149867
-0.637281
0.013884
0.509260
-0.662718
0.302467
-0.482504
-0.262493
-0.637908
-0.945974
-0.780124
-0.731060
0.091861
-0.547115
0.077166
-0.512354
-0.715584
0.914394
1.229358
2.244560
0.042474
0.330686
-0.927130
-0.639303
0.433266
0.360424
0.729181
0.342234
-0.250536
-0.883071
-0.898539
-0.609903
-0.621477
-0.041656
0.258128
-0.151746
-0.883200
-0.524966
-0.551121
-0.655235
-0.147578
-0.482255
-0.821705
-0.386430
-0.658947
0.077180
-0.022346
-0.195017
-0.578095
-0.911210
-0.341686
-0.736299
-0.210760
-0.663261
0.617124
-0.330519
-0.146773
-0.818758
-0.401285
-0.730982
-0.920101
-0.518224
0.023229
0.003666
-0.007106
-0.593013
-0.493650
0.750258
0.294123
-0.558793
1.417998
1.289450
-0.454355
0.093189
-0.134081
2.189686
0.053120
-0.701722
-0.643743
0.780185
-0.519682
-0.693979
3.390386
-0.345941
1.165742
-0.354286
0.107651
2.229394
1.470295
4.312259
-0.725394
1.617319
-0.491835
-0.485091
-0.462670
-0.362090
-0.430907
-0.462704
-0.252144
-0.786325
-0.560376
-0.416514
-0.523701
-0.047942
0.888656
0.623018
2.181637
4.283966
0.704828
1.946666
1.735783
1.399499
-0.760293
-0.876834
0.299101
2.899103
-0.531268
2.086620
-0.067454
0.105408
-0.632848
-0.694422
-0.434834
-0.399464
0.123973
-0.420999
1.623093
-0.721748
-0.831877
0.014732
-0.258563
0.561245
-0.890812
-0.347001
0.221949
-0.786974
-0.361867
0.143725
-0.739115
0.484088
1.199013
0.164866
-0.716121
-0.329235
-0.763374
0.389920
-0.410721
-0.013179
-0.463893
-0.398449
-0.663007
0.039289
-0.584123
0.803557
0.120871
0.357639
2.006715
0.416108
-0.897306
-0.781173
-0.441402
-0.526930
0.608162
1.652351
0.183842
-0.093512
-0.471671
-0.819350
-0.222079
-0.511342
-0.805336
-0.756866
-0.649465
0.176479
-0.864871
0.174607
-0.762113
-0.876392
-0.326459
-0.746647
-0.836422
-0.237862
-0.355973
0.476685
-0.947576
-0.235228
0.880278
2.181659
1.608449
0.601517
-0.549235
-0.810823
-0.383033
-0.744711
-0.732312
-0.639637
-0.395614
-0.019440
0.592166
1.312993
0.344245
1.299760
-0.592973
0.008773
-0.459848
-0.777105
0.391990
-0.566977
-0.836708
1.568053
1.087513
2.575937
0.784815
-0.629294
2.753417
0.725723
-0.171206
-0.333742
0.091066
0.216439
0.285289
0.311642
0.267673
-0.260300
-0.854831
-0.749288
0.057520
-0.675957
-0.719374
2.136851
4.383369
0.036862
-0.682635
-0.615128
0.028675
0.915070
-0.961443
-0.320343
-0.658138
-0.522581
-0.790880
-0.528730
0.122699
-0.609273
-0.968748
-0.099090
0.143149
1.009075
-0.205470
-0.445968
-0.738080
-0.955977
-0.671072
-0.777772
-0.296505
-0.242940
-0.786435
-0.914349
-0.747583
-0.449392
-0.791623
-0.778153
-0.662361
-0.859714
-0.673024
-0.480609
-0.831405
-0.662694
0.327289
0.104444
2.105854
-0.463992
-0.705835
-0.229629
0.443856
-0.519167
-0.740455
-0.591131
0.834478
1.045083
-0.512429
0.098510
1.456079
3.468223
0.338121
-0.317423
1.846963
0.494195
0.210005
-0.411504
-0.473935
-0.247736
-0.765746
-0.163269
-0.892908
-0.648650
-0.372924
-0.775749
-0.494257
-0.489067
0.381779
1.854342
-0.184725
-0.626211
-0.753930
0.046962
-0.521756
0.676426
2.519713
-0.886819
-0.302686
0.017884
-0.623811
-0.185042
1.068141
-0.863762
0.955071
0.953531
-0.644422
0.909522
-0.349958
-0.869312
-0.324161
-0.539342
-0.454395
-0.090677
0.571319
-0.313563
-0.402633
-0.510516
-0.827114
-0.323643
-0.769815
-0.436547
-0.243198
-0.694335
-0.707724
-0.235549
-0.687810
0.125475
-0.751086
0.026908
-0.103313
-0.623037
-0.083657
-0.761567
-0.466244
-0.591741
0.389621
-0.911230
0.148677
-0.326929
-0.340867
0.017794
-0.475019
0.944468
0.522269
-0.636425
1.187970
-0.285495
-0.473008
-0.066749
-0.030421
-0.224493
0.327654
-0.016197
-0.197877
-0.391683
0.116928
0.778560
-0.773922
-0.838383
-0.720530
0.416593
0.323353
0.008286
0.081163
0.212883
0.340175
0.982616
-0.296419
0.952421
1.086099
0.129338
-0.401633
1.895667
-0.735901
-0.099541
-0.954176
-0.170331
0.046468
0.872788
-0.643174
-0.728517
0.604026
0.419293
-0.139277
-0.807933
-0.679661
-0.365825
-0.243338
0.386329
1.172844
3.089518
0.291982
-0.796840
-0.783191
-0.463440
-0.715906
1.442564
0.202790
-0.117450
2.714976
0.881489
0.152836
-0.788233
-0.202318
-0.796137
-0.179725
-0.652349
-0.019495
-0.960050
-0.806372
-0.346307
-0.293518
-0.415756
-0.337632
-0.446015
-0.571317
-0.143518
0.968258
-0.781861
0.612248
1.212444
-0.366317
0.832236
0.017141
0.750723
-0.280253
-0.158436
-0.492470
0.062502
-0.432125
0.308653
-0.646549
-0.801915
-0.571151
-0.394730
-0.651796
-0.400992
-0.162665
0.244189
-0.318139
0.239386
1.888808
-0.050050
-0.633255
-0.212566
0.081330
0.649948
1.999457
0.477413
0.593021
-0.636571
-0.277275
-0.917196
-0.377447
-0.983647
-0.161006
0.045077
0.235643
0.170804
-0.649619
-0.529000
-0.329496
-0.743204
-0.416050
-0.346276
-0.453074
0.356537
-0.395358
2.132521
-0.907731
-0.268308
-0.590342
1.016715
-0.802482
0.804534
0.080590
-0.470007
-0.168367
-0.468594
-0.537480
-0.402855
-0.563117
-0.727705
0.155457
-0.622346
1.374511
1.667013
0.840093
-0.547696
-0.088276
-0.664882
-0.417677
0.456192
-0.889054
-0.655291
-0.911331
-0.594406
-0.542336
-0.203334
-0.039013
0.439184
0.982199
0.278850
-0.562575
-0.548493
1.510956
0.066980
0.411702
0.116380
2.709646
2.632362
-0.658181
0.169579
0.507970
0.341649
-0.396046
-0.453373
0.483510
0.141834
0.235386
1.096711
-0.524195
-0.600785
-0.013013
-0.220568
-0.559877
-0.578833
0.360371
-0.454759
1.375980
-0.764897
2.184295
-0.582448
-0.419728
1.574009
0.436097
-0.632126
-0.163870
0.162718
-0.348406
-0.704159
-0.214486
0.708300
0.174860
-0.008341
0.488952
-0.722779
1.131934
-0.905556
-0.362598
0.174462
-0.103317
-0.513254
0.066514
-0.880696
0.534113
0.512868
-0.877661
2.485863
1.693117
1.604157
-0.322701
0.604918
-0.508532
0.398704
-0.093217
-0.382464
0.175873
-0.146038
-0.638045
-0.755551
-0.632633
-0.115827
-0.736071
0.232873
-0.615276
-0.363266
-0.697904
-0.661138
-0.614418
0.968640
-0.315829
3.353864
1.101414
1.032330
-0.630946
0.234758
-0.779407
-0.512639
-0.597025
-0.756273
-0.794148
-0.243702
-0.253745
-0.159219
-0.336092
-0.716627
-0.872623
0.526443
-0.144754
0.751972
0.302877
1.431097
2.484132
-0.902168
0.820575
1.054878
1.249434
0.491594
-0.806876
-0.139664
-0.656143
-0.437668
0.098534
-0.650101
-0.146807
1.501686
2.160579
1.231964
-0.714311
0.038466
1.831831
0.294530
0.930832
-0.675896
-0.767143
-0.132507
1.633525
0.685576
6.692967
2.048767
2.406307
1.430296
-0.377522
-0.635289
-0.734749
-0.767635
-0.797905
-0.673627
-0.467816
0.450969
0.827285
-0.294722
-0.373024
0.321707
-0.818219
-0.574649
-0.536915
-0.028846
0.239701
-0.468541
-0.684927
-0.892542
-0.517416
1.824353
0.322074
0.744080
-0.726456
-0.878497
0.783498
-0.078086
-0.824937
-0.695980
-0.567948
-0.310497
0.299186
-0.611954
-0.352059
-0.189791
-0.732683
1.024352
-0.598567
-0.766732
1.399923
0.766440
0.404020
1.174360
3.545400
0.466607
-0.918868
0.891142
-0.089780
-0.771509
-0.883426
-0.381949
-0.455307
0.258728
-0.179776
-0.463016
-0.332325
-0.259312
-0.661460
-0.656635
0.328943
0.289395
-0.677978
-0.777082
-0.202151
-0.572272
0.416285
-0.155346
-0.218110
0.713370
0.755368
-0.222196
0.101459
-0.335798
-0.556900
-0.697995
-0.180874
-0.128491
-0.351830
-0.843403
-0.895520
-0.314167
-0.435980
-0.458821
-0.497033
-0.208429
-0.598919
-0.376057
-0.810850
-0.943710
-0.431953
-0.521491
2.371044
0.097131
0.123771
0.487738
-0.314851
-0.602883
0.088701
0.820618
-0.135625
-0.576409
0.198133
-0.845739
-0.286194
-0.572191
-0.157856
1.262868
0.835758
0.812349
-0.371449
-0.340226
0.207341
-0.117807
-0.204364
-0.082652
-0.822459
1.031801
-0.004032
1.462225
1.979669
-0.561287
2.004377
-0.050167
0.095477
0.175468
1.431166
-0.219479
-0.143616
-0.362075
-0.324382
-0.170682
-0.801225
-0.614453
-0.376762
-0.699656
-0.022377
-0.495326
-0.262640
-0.251955
-0.463025
0.604227
-0.155585
1.016699
0.548520
-0.846830
-0.901973
-0.086741
-0.518779
0.092403
-0.138677
-0.100389
-0.348306
-0.685239
-0.443721
-0.206720
-0.256162
-0.933867
-0.836018
-0.844714
-0.034200
-0.799912
-0.170022
-0.097550
-0.922519
2.402707
-0.158681
-0.309811
0.716705
0.805943
-0.656209
-0.771421
0.603112
-0.439589
0.177058
-0.650835
-0.229737
-0.616946
0.233276
0.848915
-0.473031
-0.642058
-0.497831
-0.404151
-0.753715
-0.748442
1.079587
-0.728717
-0.481285
2.368359
2.208864
1.336153
3.922772
-0.063463
0.331746
-0.631217
-0.695330
-0.113841
-0.017399
2.489795
-0.260483
-0.388228
-0.314862
0.474879
-0.342547
0.352901
-0.105092
0.075569
-0.682661
-0.625116
0.785290
-0.088107
0.576064
3.290442
-0.929090
-0.523758
1.042948
0.535662
-0.235892
0.298877
0.399094
-0.559481
0.360850
-0.692993
-0.945737
-0.410306
-0.671899
-0.236138
-0.929181
-0.703730
-0.516650
-0.778190
0.318668
-0.645115
-0.146155
-0.107870
-0.873349
0.001682
0.396773
-0.922136
-0.515708
0.167832
0.041135
-0.363772
-0.755574
-0.588289
0.037346
-0.561071
0.193521
0.326401
0.255600
-0.751507
-0.708170
-0.196562
0.268974
-0.977438
0.094674
-0.579820
0.479775
-0.422689
-0.226019
-0.330558
-0.169328
-0.925588
0.590432
-0.213314
-0.850125
-0.497053
-0.675249
-0.736463
0.775992
0.140248
1.043263
0.070853
0.090548
-0.480989
0.587562
0.127418
1.667114
3.045000
-0.931849
3.504192
2.375156
6.316896
0.185064
3.233074
1.152514
-0.334898
0.554283
-0.424940
-0.215301
-0.478582
-0.692718
-0.905159
-0.755186
0.173615
1.763258
-0.226332
0.241651
0.347905
-0.713315
-0.736693
-0.026755
-0.602107
-0.069356
-0.590534
0.492017
-0.705446
0.991368
1.571393
-0.794451
1.983471
-0.623823
-0.436731
0.138074
-0.304808
-0.324440
-0.577058
-0.212767
1.155537
-0.413065
-0.541131
0.012617
-0.683258
-0.046371
-0.603265
-0.718822
-0.380293
-0.113162
0.075159
0.789535
1.088777
-0.187007
2.482871
0.670523
-0.733514
-0.389025
-0.016533
0.122527
-0.214579
-0.289347
-0.090103
0.185661
-0.580993
0.095796
-0.748512
-0.970086
-0.715945
0.169279
-0.595595
0.110317
-0.721329
-0.297110
-0.165858
-0.282420
-0.220585
0.566331
0.641171
0.237848
-0.400789
-0.769688
-0.855099
-0.814905
-0.658000
-0.742185
-0.371967
-0.888975
-0.807853
-0.774517
-0.277742
-0.536335
-0.573840
-0.521939
-0.338078
-0.824100
-0.206641
-0.413127
-0.055103
-0.634520
-0.741965
-0.799197
-0.675062
-0.263893
-0.482998
0.103679
0.156895
-0.113281
-0.829456
0.095806
-0.170195
-0.831996
-0.268625
-0.929905
-0.256991
0.070157
0.481932
-0.533340
-0.494819
1.701448
1.005500
0.286805
-0.593593
0.566924
0.158614
1.077774
3.122757
1.993653
-0.582380
1.618630
-0.605452
0.663520
0.811219
1.620950
1.124108
-0.482523
-0.835464
-0.533589
0.082871
0.123838
-0.281263
0.466546
-0.879036
-0.239671
0.156124
-0.243758
0.051237
-0.627164
0.483537
-0.075959
1.612265
1.331610
0.451439
0.213934
-0.125094
-0.783818
-0.136259
-0.012555
-0.772958
-0.919032
0.052893
0.134964
0.599668
0.250373
-0.431772
-0.646455
-0.630168
0.068777
-0.281156
-0.705577
-0.655051
0.488907
-0.720888
-0.829247
0.194450
-0.542570
-0.720506
-0.520507
-0.743443
0.792359
0.286220
-0.354349
-0.366040
-0.910864
0.292948
-0.990317
-0.474105
-0.586865
-0.097204
-0.953807
-0.522229
-0.423447
-0.435928
0.390684
-0.722999
-0.243509
1.191749
-0.581719
0.256612
1.433127
4.730190
-0.697077
1.435936
1.565878
0.484093
0.228825
-0.327619
1.095654
1.066856
1.458673
-0.599027
0.326850
1.354036
-0.424100
-0.684045
0.680462
0.116062
1.050430
0.088620
0.488511
0.451804
-0.707029
2.996888
1.853939
0.267015
1.341632
-0.306741
0.199164
-0.151669
-0.007202
0.464848
-0.253182
0.829496
1.093389
-0.144495
-0.841250
-0.480490
-0.283847
-0.042160
-0.218789
-0.126583
-0.321224
-0.338828
-0.433279
0.566125
-0.395889
1.765760
0.024365
-0.733614
1.147230
0.231481
-0.010303
-0.727861
-0.834030
-0.421484
-0.492970
-0.260893
0.446951
-0.271525
-0.380465
-0.775028
-0.974933
-0.643779
-0.943815
-0.193697
-0.133844
-0.391729
-0.763954
-0.852831
-0.739981
-0.271306
-0.636923
0.141091
0.833616
-0.560172
0.096601
-0.283117
-0.592884
-0.435218
-0.178744
-0.988989
-0.344354
-0.539576
-0.250252
0.299057
-0.159820
-0.274678
-0.383252
-0.668109
-0.877281
-0.658037
-0.468616
-0.172500
0.537123
2.720561
-0.122894
0.164375
-0.412333
-0.849631
0.633074
0.312434
-0.624567
0.020407
1.462712
-0.103022
-0.696651
-0.801483
-0.255598
-0.013950
-0.590423
0.056597
0.010844
0.448561
2.938960
-0.107337
2.055413
0.775110
1.430047
4.031907
-0.364301
1.695779
2.675078
0.148293
-0.566295
-0.207177
0.253097
-0.294733
0.689750
0.999388
2.473992
-0.898799
0.579445
-0.647111
-0.769779
-0.792302
-0.275843
-0.666912
-0.319377
-0.493385
-0.412682
-0.282695
-0.209737
1.659010
-0.535269
0.721769
-0.447533
0.461997
-0.344373
0.083035
-0.342966
0.022823
-0.144825
-0.020196
-0.704552
-0.503800
-0.465442
-0.064955
-0.887864
-0.743683
-0.809417
-0.781020
-0.544042
-0.458910
-0.302372
-0.451359
1.536235
2.894177
0.594706
1.657626
-0.902895
0.382088
-0.050008
0.130850
0.427163
0.427225
-0.820859
-0.590557
-0.072549
-0.357455
-0.905186
-0.471860
-0.800010
-0.092055
-0.635319
-0.416352
0.574781
-0.711715
-0.534511
-0.228228
0.311894
0.191409
-0.554582
-0.215134
0.019914
0.612924
-0.209763
-0.331919
0.357255
-0.862469
-0.414025
-0.027837
-0.787716
-0.592172
-0.934665
-0.339252
-0.622339
-0.377012
-0.760980
-0.508807
-0.718889
-0.717952
-0.656358
-0.925288
-0.218928
1.918629
-0.588982
1.027045
-0.443908
-0.343035
-0.096314
-0.445690
0.012704
-0.527837
-0.611103
2.335904
0.933865
1.060068
-0.413411
-0.679023
-0.515909
-0.509337
-0.803885
-0.475648
-0.411571
-0.317088
-0.841376
1.403982
1.962148
1.792571
0.015960
-0.959413
0.151198
0.629549
-0.459923
0.113432
0.816317
-0.937161
0.020973
0.205682
0.494935
0.275371
-0.621161
-0.898388
-0.733621
-0.516948
-0.440426
-0.420002
-0.588414
-0.892396
1.261442
0.303362
-0.691231
3.056077
1.172610
-0.302722
1.329300
0.510927
-0.256336
-0.517864
1.455753
0.465735
4.429064
0.569133
1.560221
-0.029524
0.165097
-0.564798
-0.499927
-0.790454
-0.846272
-0.753674
-0.966949
-0.271917
-0.651503
0.265470
-0.902445
1.564368
-0.842550
-0.693601
-0.857956
-0.401011
-0.599377
0.025806
-0.201492
-0.646769
-0.326382
0.179503
0.857699
-0.824297
-0.018280
-0.858431
-0.765659
-0.882971
0.058385
-0.286993
-0.702950
-0.740459
-0.371305
-0.882352
-0.616876
-0.163225
-0.330655
1.474032
0.429335
0.307261
1.210118
-0.620571
-0.157385
-0.667811
-0.677516
0.422675
0.324888
-0.393990
0.447339
-0.122373
-0.692464
-0.488063
-0.727327
1.077214
0.734669
-0.374219
-0.180729
0.215852
1.362377
3.811658
-0.488443
-0.412545
1.915725
1.054375
-0.362110
-0.251987
0.408765
0.658713
0.771972
-0.061137
-0.219341
0.187583
-0.209737
-0.304789
-0.310582
-0.148660
-0.593886
-0.706252
-0.203793
-0.851632
-0.364598
-0.861753
-0.580970
-0.451422
-0.003705
-0.342657
-0.308746
0.988917
-0.688972
-0.833597
0.380003
0.328219
-0.605523
-0.155577
-0.907267
-0.081882
-0.160891
0.741799
-0.764613
-0.105358
0.391429
-0.502965
-0.244565
-0.628207
0.511040
-0.659888
-0.032805
-0.613500
-0.648224
-0.332540
-0.777390
-0.825572
-0.760661
-0.328108
-0.210474
-0.186241
-0.674342
0.541273
0.014258
0.499594
-0.583164
0.112343
-0.491470
-0.335336
0.198684
0.369210
-0.835494
-0.877526
-0.499070
1.215162
2.185111
2.730663
-0.437114
0.371452
0.066372
1.370175
4.130656
6.880961
0.241109
0.329760
-0.596876
0.279888
-0.668407
-0.497163
0.173576
-0.690542
-0.611084
-0.526540
-0.617092
-0.636186
1.292159
0.251265
0.200298
-0.313625
-0.471016
-0.574079
-0.360238
0.445729
0.324678
-0.629656
-0.046377
-0.828273
-0.594578
-0.938999
0.216663
1.404991
0.029124
-0.025046
-0.444156
-0.298836
-0.657398
0.279335
-0.261378
0.672632
-0.851174
-0.721672
-0.397478
0.564959
-0.110385
2.444177
0.208825
0.000914
0.113697
0.974732
2.923665
1.991238
-0.153025
-0.473122
-0.540555
-0.356942
-0.086631
0.655632
0.481900
0.876522
-0.146373
0.371234
-0.827016
-0.112702
-0.546089
-0.867934
-0.338884
0.439376
0.173110
1.369342
-0.852156
-0.204536
-0.605087
-0.936447
0.860070
-0.745227
-0.546918
-0.160995
-0.708405
0.257834
-0.380224
-0.684257
-0.719834
-0.089640
-0.882784
-0.961384
-0.467666
-0.564192
-0.817567
-0.321751
-0.682998
-0.705382
-0.462382
-0.731939
-0.653863
0.401368
-0.790962
-0.751008
0.308689
-0.674732
-0.471850
-0.358824
0.428968
-0.528184
0.222785
0.177647
-0.364246
1.022979
-0.669576
-0.540078
-0.443558
-0.886553
-0.712799
-0.771675
-0.575686
0.011249
0.717663
0.323524
0.152273
0.119491
-0.438085
0.864232
-0.510969
-0.277401
-0.448275
-0.480453
-0.628396
-0.131483
0.513361
-0.362319
0.199641
-0.598685
-0.611269
-0.617267
-0.245551
-0.712492
-0.121086
-0.107874
-0.547565
-0.147987
0.288262
-0.651605
1.485681
1.912789
-0.441292
-0.157761
-0.675770
-0.384277
-0.931378
0.048874
-0.293276
-0.285200
0.693878
-0.920952
-0.220072
-0.511052
-0.229732
-0.778529
-0.538208
0.076457
2.122527
-0.372215
0.980535
0.759518
-0.572746
2.243814
-0.798477
0.969421
-0.318009
-0.326629
0.346292
1.896575
-0.546406
0.775876
-0.190925
-0.445445
2.793618
-0.359715
0.814713
0.438289
-0.772696
-0.118702
-0.569060
-0.202836
-0.406660
-0.471898
-0.591523
2.069855
-0.121060
2.402078
0.271356
0.722310
1.284939
0.333828
0.894658
0.801331
0.537243
1.188475
1.922770
0.971250
-0.757428
-0.627526
-0.227451
-0.184910
-0.041190
-0.253624
-0.697704
-0.434313
0.178694
-0.234371
0.201863
-0.393787
0.099024
2.029393
1.414858
2.961652
2.073470
2.258915
-0.865564
0.575272
-0.311414
-0.858663
1.670999
1.855337
-0.224987
-0.091651
-0.617252
-0.621626
-0.131393
-0.604604
0.130362
0.561440
1.238594
-0.228629
0.119235
0.526147
1.962663
0.801201
-0.151656
0.374142
0.344963
2.178187
0.391154
1.213350
1.764222
1.770809
-0.719467
1.215589
2.161579
0.008877
-0.757473
-0.619596
0.140946
0.539673
5.243668
5.415854
0.244504
-0.482561
-0.571763
-0.714633
-0.078661
-0.876974
0.240960
-0.158025
-0.247510
0.771833
-0.512169
-0.839887
-0.520513
-0.196720
-0.688493
-0.386379
0.058820
0.305691
-0.443623
-0.568191
-0.848329
-0.203001
-0.209953
-0.812126
-0.800521
-0.778292
-0.293259
-0.465324
-0.112875
2.213240
-0.570889
0.008781
-0.556403
-0.762309
-0.663824
-0.959037
-0.555781
-0.839294
-0.752578
-0.553898
-0.706473
-0.844303
1.082927
2.130862
-0.721279
-0.851611
-0.637149
-0.412882
-0.318955
1.095219
-0.676629
-0.753007
-0.368438
1.497978
0.410950
1.322077
-0.089194
-0.063835
-0.360836
-0.377717
-0.557985
-0.548143
-0.153551
0.680056
-0.052854
-0.483884
-0.871127
-0.636642
-0.790487
-0.017825
-0.250689
-0.459705
0.116506
-0.098606
-0.275031
-0.382023
-0.552495
2.352457
1.401534
2.447182
0.923917
-0.471643
-0.317200
-0.475129
-0.337732
0.273345
-0.413691
1.075773
1.907285
0.809625
-0.431466
0.685751
-0.596605
0.012112
0.157730
-0.387612
0.466315
-0.758023
0.259104
-0.484732
-0.792050
-0.491603
1.210065
1.213283
-0.618638
0.655182
-0.756676
1.207617
0.718914
0.493615
-0.750214
0.998023
0.250272
-0.013711
-0.371798
-0.200696
-0.407195
-0.917212
-0.188485
0.039947
-0.864036
-0.945543
-0.550342
-0.724987
-0.220495
0.607977
-0.602672
0.817261
-0.008728
-0.767176
-0.281279
-0.071364
-0.851490
-0.677805
-0.550524
1.037598
0.298943
-0.428989
-0.542222
-0.412843
-0.910314
0.148175
-0.747931
-0.189812
-0.818485
0.791652
0.383216
-0.740162
-0.707081
-0.870507
0.050149
0.040262
0.135513
-0.210789
0.007092
-0.765720
-0.062469
-0.478036
-0.723273
-0.647525
-0.933831
-0.743189
-0.742497
2.478460
-0.717975
0.282194
1.685267
-0.648890
0.669206
-0.693937
2.053530
3.119046
0.699780
5.931212
3.105732
0.682475
-0.553898
-0.101587
-0.098590
-0.686639
-0.671532
-0.517908
-0.664616
0.540110
0.491455
-0.541562
-0.407032
0.669131
-0.237470
-0.115435
0.010876
-0.715387
-0.567660
-0.741541
0.148157
-0.607510
-0.705864
2.651306
0.468166
3.095508
-0.042061
-0.604106
-0.522531
-0.661188
-0.853310
-0.336948
0.068790
0.262976
0.798094
-0.572479
-0.102753
0.148558
-0.365245
-0.127533
-0.843393
2.623532
2.033269
-0.856658
0.009003
0.444477
-0.224884
1.037711
0.331923
-0.720314
0.921660
0.415524
-0.040242
-0.787786
0.226545
-0.768659
-0.560915
-0.348559
-0.286561
-0.208573
-0.647287
-0.507480
-0.306115
0.248720
-0.560047
-0.484670
-0.903908
-0.847192
-0.747985
-0.725250
-0.331105
-0.398057
-0.284151
0.006628
-0.538664
-0.728835
-0.391969
-0.827039
-0.590248
-0.859196
0.222893
0.452671
-0.419757
-0.168155
-0.483876
-0.696156
-0.616001
-0.313658
-0.414784
0.284933
-0.494549
-0.439236
-0.894899
-0.711288
-0.837353
-0.581303
-0.577464
0.333675
-0.286811
-0.384000
-0.748063
-0.637899
-0.276671
-0.380272
0.325670
0.563737
1.016743
-0.759688
-0.114765
-0.945619
-0.308196
-0.711371
-0.904026
0.141509
-0.472814
1.269688
1.175621
-0.875944
0.173286
-0.012962
-0.403871
-0.064817
0.349960
1.279452
0.648405
1.289783
-0.243686
-0.774206
0.686256
1.845162
0.433486
0.083023
-0.284836
-0.774202
-0.125193
-0.587084
-0.739965
-0.408786
-0.526603
-0.137228
-0.892166
0.595638
-0.024934
2.265260
-0.241942
-0.448247
-0.767615
0.293795
0.406348
1.056464
0.142512
0.760918
-0.704128
-0.240975
0.140877
-0.454445
-0.867986
-0.124661
-0.685348
-0.549397
-0.339398
0.290878
0.453492
0.168755
-0.488035
0.426806
0.372494
2.828037
0.075381
0.554605
0.067995
0.570396
-0.324903
1.137084
-0.444953
1.556942
1.124318
-0.289062
-0.557939
-0.077039
-0.003513
-0.371124
-0.202731
-0.977895
-0.361185
-0.058006
-0.559734
-0.370913
-0.955245
-0.712358
-0.218995
-0.605195
-0.870579
-0.395596
0.152721
1.079908
-0.772654
-0.808517
-0.600595
0.148461
0.488960
-0.041839
-0.403272
-0.415159
-0.095935
-0.885468
-0.676783
-0.643411
-0.564974
0.371897
-0.077951
-0.662864
-0.374052
0.237552
-0.764974
-0.074069
-0.169887
-0.540776
1.350965
1.524034
2.003421
-0.790077
-0.803166
1.256736
1.923878
1.038073
-0.084512
-0.469223
-0.877140
-0.644782
-0.786815
-0.157620
-0.764150
0.888669
-0.716370
0.529661
0.420048
0.572139
-0.502743
0.062770
-0.335362
0.177687
-0.051525
0.486400
0.418145
0.347247
2.933189
6.044950
0.014274
-0.802007
-0.840103
-0.489350
0.082145
-0.659723
-0.813465
-0.825541
-0.787284
-0.602256
-0.415931
-0.831611
-0.140873
-0.406117
-0.487883
1.858837
-0.565404
-0.462118
-0.716228
-0.833125
0.297002
-0.571255
-0.846213
-0.776469
-0.154343
0.999392
0.118732
0.984026
-0.328805
-0.159353
-0.359537
0.498537
-0.618782
-0.743496
-0.511936
-0.410740
-0.243534
-0.542688
0.178131
3.029458
1.287880
1.763294
-0.683017
0.013250
0.700885
0.698498
-0.425651
-0.302462
0.460183
0.272044
0.599248
-0.494078
-0.768436
-0.325247
-0.481659
-0.478174
-0.776907
-0.923132
-0.606370
0.015076
-0.498448
0.146506
1.033734
3.134605
-0.756600
0.075832
0.701785
0.277699
-0.212504
-0.301465
0.262613
0.065888
0.574164
2.325031
-0.387059
-0.859171
-0.120111
-0.497032
-0.393094
-0.798044
-0.883361
-0.694991
-0.419192
0.096818
0.204337
0.786934
0.246160
3.740500
0.347837
1.284601
2.089486
-0.671062
0.410934
0.175354
-0.410808
0.163717
0.343151
-0.480665
-0.231179
-0.283946
-0.362933
-0.875658
-0.228683
-0.595042
-0.730828
0.383829
-0.342824
-0.369338
0.148584
-0.042210
0.246181
0.056775
-0.227230
-0.436338
-0.174134
0.835035
-0.156498
-0.860624
1.346676
0.334252
0.215929
-0.456399
-0.228507
-0.204983
-0.605136
-0.697405
-0.356587
-0.151718
-0.935240
-0.817367
-0.396879
-0.561208
-0.609162
0.093702
-0.064922
-0.746581
-0.431562
0.844019
1.404391
0.732930
-0.387559
0.066066
-0.646091
-0.199841
-0.034014
1.025179
2.205744
0.170806
-0.444828
-0.475207
-0.184935
-0.419596
-0.726379
-0.720010
-0.143083
-0.295138
0.495058
-0.630305
-0.876145
1.194600
0.131061
0.252864
-0.065688
2.391335
-0.370928
1.811448
0.253960
-0.254275
-0.761506
0.919474
4.925988
0.641461
-0.767763
0.423881
0.098089
-0.809264
-0.824610
-0.625460
-0.551869
-0.576034
-0.773491
-0.856319
-0.688692
-0.057038
-0.793879
0.372681
1.619467
-0.718373
0.031997
-0.320787
-0.488280
-0.349465
-0.261696
0.643976
0.993842
-0.732592
-0.610788
-0.444659
-0.771837
-0.914262
-0.106094
-0.894764
-0.852143
-0.752105
-0.348048
-0.514544
0.631143
1.389153
-0.606918
-0.707822
0.155839
-0.958350
-0.682017
-0.476717
-0.724926
-0.206389
0.030218
-0.256627
-0.611240
-0.080268
-0.705519
-0.337939
-0.037447
-0.606033
-0.867622
-0.310503
-0.533076
-0.340362
-0.691697
0.553031
0.319391
2.308097
1.762621
0.367783
0.074490
-0.668372
0.342763
-0.724292
-0.648870
0.244290
-0.113278
-0.540041
-0.754873
-0.723704
-0.758739
-0.401582
-0.329378
-0.839675
-0.406924
-0.061617
0.496571
0.601834
0.272986
-0.398715
0.433273
-0.423616
-0.748025
1.666440
-0.598370
-0.720283
0.285842
1.372406
2.170529
-0.497497
-0.058870
1.817986
-0.545817
0.238887
0.414903
-0.915429
0.338612
-0.224492
-0.033480
0.410409
-0.658648
-0.722419
-0.425158
0.079726
0.861385
0.633551
-0.654733
-0.088754
-0.842940
-0.061286
0.261059
0.060562
2.086081
0.521289
0.554658
0.620293
1.069345
-0.210796
-0.712689
-0.475708
0.598706
-0.528669
0.057017
-0.216688
-0.753711
-0.797187
-0.652062
-0.680332
0.718952
1.220737
-0.780796
-0.186821
1.074643
-0.025118
0.995508
0.631521
2.197708
0.709211
0.932391
-0.254334
0.342652
0.033894
0.262757
-0.540531
-0.826833
0.390988
4.679535
4.102942
0.808095
-0.553651
-0.744872
-0.424998
-0.783088
5.743163
1.163794
4.296213
0.879951
0.341161
0.024871
0.238682
-0.238675
0.087115
0.887625
1.254306
0.942213
0.683431
1.434737
-0.790019
0.206075
0.122667
-0.686408
0.546070
1.156423
0.068689
-0.471931
-0.350920
-0.832982
0.989578
0.990212
-0.508434
0.794653
-0.849321
0.445278
0.854463
-0.111421
0.096738
-0.807469
-0.086641
0.495231
-0.347872
-0.932778
-0.967302
-0.822113
-0.793850
-0.549399
-0.667838
-0.432231
0.178906
-0.648965
1.277540
1.042863
-0.826904
0.589755
-0.874559
1.163257
-0.734694
-0.249276
-0.666082
-0.354891
-0.844563
-0.447578
-0.593332
-0.968170
-0.412552
-0.418187
-0.309964
-0.483323
-0.536928
-0.927012
-0.585159
-0.391648
-0.650450
-0.662108
-0.911992
-0.536257
-0.857254
-0.779608
-0.679905
-0.667229
-0.038307
-0.058177
-0.470784
-0.580143
-0.862213
-0.666212
1.008435
0.952837
-0.622846
-0.805810
-0.730128
-0.926594
-0.865617
-0.254577
-0.552564
-0.757210
-0.188668
0.006682
-0.899873
0.056423
-0.549782
-0.739908
1.061249
2.228822
0.090055
1.273911
1.027398
-0.697362
-0.203522
-0.163425
1.893363
-0.851687
2.290248
0.641871
-0.413854
-0.358991
-0.155702
-0.510931
-0.566802
-0.755307
-0.503148
0.072859
-0.515355
-0.756432
-0.112012
0.540160
0.051238
-0.239346
0.606325
-0.401749
0.618411
0.358523
-0.007597
0.418197
0.281855
-0.867327
-0.954540
-0.002679
-0.374662
-0.414530
-0.190281
-0.189991
-0.811976
-0.730152
-0.786301
-0.649547
-0.434280
-0.384086
-0.504879
-0.223435
-0.682659
1.760491
2.334390
-0.357025
0.540700
-0.082011
-0.426842
-0.777998
2.034419
-0.493224
-0.480496
-0.034435
0.090299
0.059687
0.113245
-0.386598
-0.444904
0.090889
-0.408018
-0.400059
0.363416
1.048065
-0.550426
0.742171
1.368745
-0.601070
3.055924
-0.271631
-0.618686
6.366356
0.881738
-0.336807
-0.665340
-0.286707
1.002969
0.502371
-0.706800
-0.123535
-0.458047
-0.828521
-0.926639
-0.674773
-0.603753
-0.420249
0.058806
-0.584289
0.605949
-0.735368
-0.321562
2.074112
-0.131713
-0.912556
-0.701431
-0.567913
-0.500973
0.228467
-0.353905
-0.520041
-0.819022
-0.841085
0.033896
0.020386
-0.585349
-0.341755
-0.597256
-0.569770
0.009985
-0.395388
1.062679
1.287798
4.506945
2.075528
1.736665
0.753197
0.286357
-0.010248
-0.842433
0.087482
0.449639
-0.811652
0.009967
0.457457
-0.172025
0.639743
0.165625
-0.558971
-0.282204
-0.292545
-0.757052
-0.302208
0.743557
-0.177087
-0.385824
-0.533362
0.925358
2.012740
-0.570008
1.382356
-0.574336
0.099874
-0.505630
0.176407
1.098453
0.762728
0.051359
-0.223186
0.239402
-0.598258
0.529469
-0.392027
-0.767916
-0.720272
-0.432439
-0.604355
-0.268829
-0.596676
0.317624
-0.667684
3.811415
-0.605800
-0.756447
1.311947
0.613339
0.021788
-0.147243
-0.363089
1.187019
0.128743
-0.543764
0.122289
0.094384
-0.621047
-0.383045
-0.766626
-0.925628
-0.350767
-0.652384
-0.847436
0.757813
-0.238295
0.306986
1.673887
-0.565542
2.582619
2.707834
0.196748
1.325755
-0.416521
-0.794176
-0.422061
-0.380723
2.417697
0.367112
-0.116510
-0.876629
-0.501306
-0.849096
-0.213424
-0.513431
-0.963658
-0.416361
-0.627379
-0.649989
0.354830
-0.650691
0.721112
2.418655
-0.457145
1.009795
1.874562
-0.150904
-0.123385
1.347806
0.871429
0.078132
-0.745460
-0.026210
-0.151923
-0.852072
-0.096405
-0.703889
-0.562762
-0.399355
0.529937
-0.649430
0.117651
-0.317879
-0.853414
-0.771768
-0.986620
2.104057
-0.714879
-0.529217
0.209287
-0.600360
-0.230786
0.014336
0.285809
0.695997
-0.322514
-0.330757
-0.078976
0.156044
-0.418802
-0.544744
-0.161716
-0.658305
-0.750264
-0.828447
-0.922118
-0.428955
-0.701658
-0.425446
0.210857
1.284055
-0.469214
-0.808860
0.662185
-0.088112
-0.717104
0.379538
0.061042
-0.008916
-0.115906
-0.660594
-0.368396
0.586329
-0.415004
-0.592617
-0.925096
-0.248617
-0.922355
-0.688208
0.283355
-0.465677
-0.742116
-0.818353
0.399413
-0.655470
-0.638020
1.339569
1.414026
-0.203734
-0.032421
-0.377861
-0.701828
-0.107658
1.634599
2.164682
-0.161873
-0.611712
-0.081630
-0.552902
-0.531142
-0.504854
-0.029812
-0.272552
0.079082
-0.637349
-0.778015
-0.851861
-0.430863
-0.320568
-0.656246
0.422297
-0.666039
0.417403
-0.715716
1.419039
-0.429215
0.804525
0.501232
0.450457
-0.883483
-0.781557
-0.398820
-0.827228
-0.806246
-0.797546
-0.578532
-0.485095
-0.814128
1.601809
-0.235374
-0.701745
-0.226046
-0.039584
-0.724035
-0.273371
0.328826
1.581985
0.633197
0.259086
0.545435
-0.845563
0.096941
-0.357079
1.370989
-0.771871
-0.722951
-0.243985
-0.035791
-0.280135
-0.587757
-0.137106
-0.667877
-0.264299
0.059854
0.177067
-0.581351
2.524964
-0.732572
0.785018
0.129045
-0.309997
1.072608
-0.312424
-0.758957
-0.896954
0.071324
-0.132011
-0.410974
-0.321172
-0.511424
0.704719
-0.109082
0.002093
-0.477963
0.873111
2.430415
-0.784618
-0.510834
-0.544506
-0.707693
1.673825
1.123855
-0.863891
1.934165
-0.747494
-0.903214
-0.705002
1.099988
-0.506058
-0.701793
0.561251
1.438223
-0.666133
0.667297
-0.878331
-0.598180
0.186932
-0.365821
-0.273921
-0.749589
-0.765876
1.343499
0.040924
1.345270
-0.143593
1.139339
-0.762923
0.599980
-0.318127
-0.132176
1.000763
0.608347
-0.567201
1.300023
0.118281
0.888288
0.355462
-0.727157
-0.092233
-0.063708
-0.692723
0.705205
-0.603190
-0.277450
-0.125421
-0.405173
-0.719304
1.173374
2.529222
-0.318350
-0.696187
-0.623662
-0.738766
0.654167
0.446108
-0.648722
1.799279
0.785681
1.292767
0.269065
-0.473480
-0.860036
-0.587019
-0.457128
-0.798728
-0.232729
-0.287511
-0.682273
-0.162344
0.109810
-0.201456
-0.452489
2.927886
-0.615649
0.129629
0.505822
3.047035
0.233865
-0.287391
0.049025
0.152215
0.680928
0.181094
-0.202326
-0.428565
0.057411
-0.987282
-0.930252
-0.809859
-0.404909
-0.214401
-0.840048
-0.791038
-0.893869
0.341453
-0.011974
4.674242
0.218664
-0.024760
2.415166
0.899173
-0.105365
0.101276
0.612901
0.019567
1.281850
-0.636339
-0.272937
-0.301922
-0.985624
-0.758138
-0.649943
0.253619
-0.180638
-0.967473
-0.908748
-0.788667
-0.680270
-0.494497
-0.600329
1.329573
0.269836
0.308637
0.395744
-0.844591
-0.433224
0.275591
-0.042266
0.581177
-0.797730
0.014482
-0.116014
-0.551048
-0.095188
-0.722108
-0.497904
-0.737221
-0.784869
-0.594152
0.053497
-0.151777
-0.608547
-0.755516
-0.407136
-0.533104
-0.320454
1.530559
0.162934
1.023688
-0.196435
-0.768855
-0.676574
-0.794427
1.585757
-0.127611
-0.672047
-0.449379
0.096464
-0.637988
-0.871725
-0.373058
0.001500
-0.828362
-0.945594
-0.363066
0.227431
-0.171043
0.532665
-0.353144
-0.243333
1.850359
-0.413863
0.049776
0.505247
0.577236
-0.195670
1.534085
2.352601
-0.770851
-0.435324
-0.509708
0.700495
1.056837
0.384366
0.450645
-0.615385
-0.728421
-0.825077
-0.824472
-0.929255
0.839652
0.419813
3.221053
-0.523766
-0.481117
-0.789395
0.553776
1.596317
0.878538
1.842812
1.643670
-0.235686
-0.810916
-0.831848
-0.599297
0.001441
0.937620
-0.338113
-0.568579
-0.862935
-0.206431
0.059125
0.166903
-0.199131
3.164373
-0.773540
0.912033
1.512223
0.249451
-0.325096
0.339454
-0.212397
-0.678223
0.266934
0.985750
0.390119
1.818432
-0.885546
0.053817
0.346031
-0.365510
-0.231360
-0.804585
-0.593826
0.184671
-0.702231
-0.192957
-0.578775
0.350853
0.170429
0.660040
0.193928
-0.494924
0.474626
0.353139
0.625498
-0.757633
-0.783572
0.101302
-0.698816
-0.730665
-0.843828
0.685726
-0.547117
-0.547697
0.001518
-0.609342
1.587624
1.476389
-0.756406
-0.653285
-0.703767
-0.907114
-0.705336
-0.508909
-0.795428
0.273031
0.100401
0.745910
2.055235
-0.173712
3.400813
-0.384806
0.139677
0.314319
-0.428619
0.237328
1.382519
-0.166277
0.047118
-0.591152
-0.881248
-0.385060
-0.584877
-0.855166
-0.413052
0.093470
0.083579
0.486101
-0.726311
-0.268179
1.004064
-0.802102
0.345086
0.029853
-0.931772
1.091690
-0.460448
-0.862626
0.204571
-0.660724
-0.707837
-0.227643
0.265525
-0.233691
0.466091
0.114385
0.624267
-0.887272
-0.573260
-0.862246
-0.193884
-0.529627
-0.775376
0.813439
0.201722
-0.661272
-0.795958
0.204033
0.538115
1.016048
-0.371531
0.853827
0.089357
0.057779
-0.132015
0.110055
-0.733283
-0.702770
-0.705513
-0.340876
-0.792714
-0.513520
-0.310418
-0.785405
-0.372873
-0.106075
-0.409125
-0.510814
1.484370
1.349827
0.631125
0.901434
-0.068680
0.095272
-0.551336
0.066268
0.445345
-0.242049
-0.926771
-0.214656
-0.522199
-0.069020
-0.554874
-0.655152
-0.462614
-0.577129
-0.234815
-0.062250
-0.511925
3.874334
1.548182
0.609115
-0.654161
2.767968
2.233421
2.002884
0.978684
1.002299
0.488530
0.801097
-0.680290
-0.744072
-0.902022
-0.692770
-0.821017
-0.874491
-0.836187
-0.230191
-0.298686
-0.432116
1.000199
0.431963
-0.414526
-0.147848
-0.402834
0.129102
1.716935
-0.479344
-0.514025
0.333539
-0.264246
0.123119
-0.571056
0.629105
-0.027012
0.202025
-0.178037
-0.379547
-0.873479
0.054724
-0.716651
-0.223321
-0.490517
-0.718248
-0.633388
-0.763519
-0.496677
-0.317887
1.605024
1.716276
-0.188426
2.060125
0.438422
-0.717144
-0.537941
-0.692787
0.728651
-0.634351
-0.154889
-0.650652
0.752125
0.206026
2.250462
0.569768
2.562592
2.019943
1.381297
2.514134
0.672564
1.096915
0.909289
3.476290
-0.095794
1.542005
0.138777
-0.808885
-0.852167
-0.756315
-0.477865
-0.116197
0.133044
0.842265
0.895204
-0.388771
-0.362606
0.790619
-0.838214
-0.829140
-0.914610
-0.709710
0.798001
0.634671
0.376457
1.622249
-0.433016
0.782968
0.784693
2.323468
-0.310671
-0.555775
-0.766232
-0.192040
-0.712815
-0.724205
-0.129422
0.843664
0.387988
-0.755162
-0.529360
-0.548220
-0.790804
-0.700185
-0.951656
-0.812803
1.081989
0.547752
-0.862018
-0.103430
-0.535472
2.445970
-0.458547
-0.280431
-0.108721
1.674056
-0.894059
-0.723131
-0.026340
-0.823563
-0.643443
-0.358246
-0.464530
-0.643667
-0.874632
-0.340125
-0.610076
-0.794483
-0.477377
-0.825923
-0.260150
-0.265192
-0.205482
-0.940345
1.793219
-0.272748
1.742334
0.144688
1.654574
0.001284
-0.422067
-0.915019
-0.906039
-0.331052
-0.298347
-0.591265
-0.745064
-0.695434
-0.469014
1.471747
1.361930
-0.260269
1.566869
-0.270916
1.161090
0.266262
2.362477
1.223715
-0.091860
-0.559675
-0.513654
-0.921686
-0.801154
-0.423389
-0.376482
-0.754511
-0.635825
-0.516242
-0.363346
0.258500
0.071773
-0.050277
0.049385
0.215342
-0.093315
-0.415370
-0.504602
0.019750
-0.282883
0.311125
-0.224099
-0.062092
-0.164364
-0.599851
-0.506001
-0.068945
0.244160
1.217457
-0.636981
-0.723876
0.066143
0.655077
-0.099186
-0.350349
-0.962118
0.590673
-0.213566
-0.807032
0.130072
-0.392722
-0.430284
-0.701171
-0.839109
-0.862654
-0.744221
-0.151670
-0.626372
1.461114
0.600950
0.051884
-0.259589
0.679451
-0.081905
-0.155632
0.110493
-0.327845
-0.327061
0.748701
-0.760416
0.091578
-0.713985
-0.064210
-0.924813
-0.711659
-0.724629
-0.613008
-0.177497
-0.653354
-0.904893
0.402345
0.832942
3.986418
-0.145508
-0.572098
3.989804
0.640299
0.028197
-0.441978
-0.296627
0.017959
-0.080821
-0.055286
1.111356
1.816881
0.200120
-0.600785
0.585927
-0.178557
-0.377236
-0.097743
1.051441
-0.413765
0.502876
2.086981
0.345189
3.857752
0.035446
2.724257
0.578742
0.646261
-0.421245
-0.264411
-0.162649
0.296267
0.561710
0.135966
0.504041
-0.299807
-0.674956
-0.709320
-0.506685
0.014620
-0.603561
0.393219
-0.452240
-0.000767
0.208085
-0.804009
-0.863701
2.036509
-0.786786
-0.362311
-0.765493
0.918617
-0.609012
0.115051
-0.542137
-0.219011
-0.597158
-0.886450
-0.886646
-0.075416
-0.589127
-0.101382
-0.744050
-0.799618
-0.725613
-0.775284
-0.548010
-0.434342
-0.288946
-0.167069
-0.898506
1.340805
0.902025
-0.231849
0.794252
-0.868976
-0.789827
-0.577639
-0.474918
-0.490474
-0.509726
0.483423
0.234215
0.759724
-0.419179
-0.664119
-0.210941
-0.819418
-0.462332
-0.265137
-0.919796
1.121695
-0.661105
-0.723794
2.206821
2.676507
-0.290123
5.496703
-0.497282
-0.849322
-0.184395
-0.735096
-0.270134
-0.440995
1.418139
-0.551515
-0.180181
-0.427018
-0.316877
-0.800846
-0.847286
-0.882234
-0.340409
-0.152265
-0.419592
-0.939195
-0.073667
0.756730
-0.728163
3.105585
0.249431
0.047248
1.433923
-0.247818
0.110130
0.587770
0.671817
0.535352
-0.818537
-0.579262
-0.340404
-0.478312
-0.384861
-0.827716
-0.697608
-0.523423
-0.475941
-0.669535
-0.572514
0.780509
-0.633881
-0.516805
-0.013017
-0.069581
-0.665612
0.629515
1.371535
0.464267
-0.706413
-0.888496
-0.332587
-0.542982
-0.094073
0.834362
0.472946
0.005922
0.074202
-0.732214
-0.550326
-0.158719
0.087674
-0.250024
0.104496
-0.052890
-0.721826
-0.413095
-0.748424
0.086381
-0.792930
-0.573948
-0.585436
0.171288
0.077779
-0.700183
-0.178393
-0.264231
0.523853
-0.175261
0.179888
-0.183566
-0.732098
-0.686696
-0.701223
-0.855274
-0.148705
-0.480602
-0.282120
-0.181112
0.064194
0.669398
0.406620
0.179065
-0.712615
-0.465410
0.009784
-0.676384
0.011962
-0.462254
-0.571385
-0.358394
0.964645
1.003358
1.315678
-0.288576
-0.024288
-0.242141
-0.972797
-0.583037
-0.860494
-0.970648
0.071657
-0.603796
-0.159641
-0.068960
-0.913282
-0.665646
-0.057521
1.378429
-0.432825
-0.794289
0.535119
2.107848
0.193519
-0.607639
-0.661209
-0.774782
0.131629
0.920225
-0.655557
0.088897
0.797525
-0.213399
-0.776020
-0.282219
0.001062
-0.787181
-0.922636
-0.776680
0.699592
-0.505459
-0.670938
0.357067
-0.593532
-0.296528
1.674859
-0.414594
0.233959
-0.063632
-0.287718
0.655633
-0.563448
-0.087793
-0.336229
-0.585637
-0.829224
0.076190
-0.449784
-0.492250
-0.520567
0.361929
-0.254956
-0.472705
1.583221
1.537027
-0.477933
1.070154
-0.229797
-0.509845
0.363943
1.192533
-0.510680
0.753873
-0.415554
1.746040
0.144573
-0.194084
-0.762567
-0.647672
-0.417030
-0.607755
-0.813535
-0.384054
1.285709
0.122297
-0.622403
0.133207
2.244074
2.286972
0.254548
-0.479488
0.691352
0.191683
-0.812015
1.098969
1.140458
-0.566953
0.168270
-0.213666
-0.396671
-0.611017
0.278668
0.018457
-0.588220
-0.956534
-0.397113
-0.864419
-0.834603
-0.395501
0.094911
0.426480
-0.534649
2.938026
0.327360
-0.710352
-0.113761
-0.062279
-0.686489
0.293445
-0.844583
-0.319025
1.335226
1.241018
0.693186
0.006801
-0.747466
-0.679100
-0.656829
-0.953888
-0.844068
-0.587395
-0.460888
-0.362702
-0.417253
0.665181
1.920279
3.502823
-0.416156
-0.145683
1.242353
0.477718
1.644590
1.714141
1.862279
2.403678
-0.841982
-0.121716
-0.274169
-0.556183
-0.890381
0.196478
0.867015
-0.718905
-0.704630
0.183055
-0.832262
-0.200439
0.229965
-0.064251
1.385583
0.035533
-0.062616
-0.105288
-0.698235
-0.103067
-0.829131
-0.036501
-0.417497
-0.886264
0.188749
1.318133
0.516095
-0.030055
-0.078034
-0.632316
-0.498726
-0.377836
0.724250
-0.671449
-0.085191
-0.410081
0.105787
-0.588483
3.147540
2.281273
0.206308
-0.226192
-0.716850
-0.560246
-0.167648
0.893763
0.666151
0.507448
-0.018804
-0.278563
0.076639
1.128073
-0.487613
-0.638695
0.061626
0.186823
1.139970
1.152042
-0.387936
-0.955306
-0.770465
-0.669677
-0.517032
-0.736790
-0.746311
0.197091
0.022761
-0.503309
0.823575
-0.970112
-0.114649
1.137367
-0.846742
-0.077514
-0.608752
-0.617717
-0.714956
-0.344799
0.004553
0.796582
-0.762191
-0.366385
0.165605
-0.413040
0.350613
-0.175549
-0.725167
-0.330402
1.064775
-0.059135
-0.117841
2.289270
-0.208752
5.724680
-0.262570
-0.583041
-0.569334
0.545954
-0.187122
-0.289856
-0.371361
-0.211322
-0.734601
-0.856501
-0.751519
-0.540235
0.189350
-0.268301
0.042183
0.173946
0.003921
2.593204
0.257724
-0.646524
-0.405300
-0.066437
0.191593
1.640999
-0.696884
-0.058442
-0.206259
1.010506
0.764291
-0.590566
-0.678174
0.385286
-0.050355
-0.327351
-0.622459
-0.702059
-0.492967
-0.876484
-0.541386
0.892282
-0.386369
1.241121
-0.358716
1.070821
-0.719386
0.291000
-0.782966
-0.142109
-0.343627
-0.869491
-0.343146
0.151812
-0.063206
1.571736
1.082929
-0.533247
-0.145874
-0.726459
0.597221
1.167725
0.473908
-0.429391
1.597975
1.164726
3.343937
3.368577
0.122652
3.247525
-0.495266
-0.697971
-0.532628
-0.612558
-0.597731
-0.277803
0.247143
0.840254
0.542320
0.141525
1.061582
0.053909
0.506848
-0.560970
-0.151335
-0.274631
0.899790
-0.135445
4.542383
0.685023
1.025253
-0.601541
-0.389688
0.535066
-0.611563
-0.505645
-0.392803
-0.729850
-0.236251
-0.527457
0.100086
0.574173
1.337051
0.516944
0.194655
-0.116487
-0.406150
-0.868206
-0.634769
0.144948
-0.532189
0.542066
0.554219
-0.018819
-0.831266
2.974508
0.285404
1.673972
0.933859
-0.279498
-0.697311
-0.342611
-0.495768
-0.595395
0.006755
-0.398129
0.344444
-0.868336
-0.805167
-0.309879
-0.895266
-0.250318
0.285544
0.473510
0.913794
0.650801
-0.941949
-0.367221
-0.327456
1.878571
-0.548043
-0.053940
0.571854
0.113570
-0.421360
-0.766057
-0.083910
-0.840140
-0.631919
-0.340230
0.274869
0.309773
-0.248318
-0.399861
-0.523080
-0.813587
-0.940921
-0.884961
-0.791907
-0.747203
-0.510661
-0.626301
-0.376609
0.887187
0.093626
-0.255323
-0.391963
0.522797
-0.557128
-0.231576
-0.609679
-0.672395
-0.414086
0.147003
0.364403
0.431173
-0.334372
-0.840500
-0.119721
-0.819002
-0.938508
-0.622324
-0.812513
-0.553075
-0.418890
0.289422
0.856312
3.345584
-0.029917
-0.569268
2.037606
0.135004
0.168100
1.198700
0.083091
-0.144161
0.552144
-0.599703
0.279875
0.376592
-0.919850
0.687617
0.689106
-0.636669
-0.899381
-0.402162
-0.831979
-0.618601
-0.155251
0.716947
-0.683996
0.193674
-0.887789
-0.934205
-0.734521
-0.870950
-0.343291
-0.858292
-0.704052
-0.910141
-0.308898
0.474621
0.206018
-0.599196
-0.480447
-0.702932
0.269059
0.717689
1.019990
-0.341344
1.719995
-0.843722
-0.172730
2.054296
1.791952
0.366170
0.623513
-0.065146
-0.688140
-0.068624
-0.599067
-0.669901
-0.915361
-0.422641
-0.116095
0.126705
-0.550838
-0.718134
1.586878
-0.450767
0.047557
-0.674405
0.269802
0.606734
2.870644
-0.230639
2.098064
-0.274580
-0.409777
3.345893
0.411684
2.376255
-0.386285
-0.922048
-0.981336
-0.268721
0.462186
-0.702770
-0.580663
-0.380586
-0.476797
-0.771116
1.277569
0.698948
0.216094
-0.368123
-0.434089
0.691693
-0.743543
1.112795
-0.037786
0.321600
-0.349005
2.014758
-0.585932
0.716022
0.606262
-0.417162
-0.536348
-0.430975
-0.126263
-0.708722
-0.375109
1.684340
0.912328
0.704655
-0.575066
-0.796414
-0.811248
-0.807441
-0.316226
0.152798
-0.364856
-0.219081
-0.002009
0.389116
2.175867
2.664666
-0.891711
0.785035
-0.059230
0.608792
0.225134
0.429504
0.585597
-0.647406
0.581149
-0.852203
0.160952
-0.630076
-0.551075
-0.917563
-0.471077
-0.558839
0.376670
-0.730343
-0.794187
0.207981
-0.882385
1.461555
0.640863
0.444200
-0.809395
-0.184256
-0.419648
0.893519
-0.195745
0.073938
-0.358054
0.869093
-0.807704
-0.844543
0.116485
-0.645049
0.325826
-0.515801
-0.363443
1.250057
-0.604814
-0.312810
-0.542322
-0.603688
0.471567
-0.523003
-0.310598
-0.836172
0.876073
0.397071
1.141078
1.132718
-0.458822
-0.824702
-0.920128
-0.507794
-0.233790
-0.410549
-0.566252
-0.650610
0.544712
-0.508423
0.651981
-0.512889
0.088086
-0.834917
-0.165303
0.143225
-0.194757
-0.735403
0.207352
-0.860631
-0.669130
-0.417895
-0.193086
-0.571758
-0.394594
-0.243277
-0.500929
-0.723134
-0.255389
-0.475769
-0.582800
-0.350169
-0.360470
-0.206490
-0.662283
-0.662109
-0.400096
-0.439609
-0.748918
-0.643003
-0.569992
-0.911578
0.026887
-0.746543
0.284040
-0.005388
-0.622882
-0.731592
-0.403837
0.584963
-0.508598
1.258662
-0.557648
-0.381943
-0.886606
-0.627379
-0.644254
0.128816
-0.762267
-0.452662
-0.530568
-0.641027
-0.287198
-0.166554
-0.665264
0.106982
0.036869
2.403910
2.507798
-0.935105
0.059065
-0.324366
1.871144
2.371371
2.333234
1.268109
-0.602790
-0.141887
0.895461
-0.222743
-0.564172
-0.727555
-0.713469
-0.451092
0.164241
0.744193
-0.132403
-0.194963
-0.064318
-0.120463
0.939663
3.275851
1.205055
0.353037
-0.557678
1.531712
-0.623365
-0.601222
0.196800
0.235871
1.273178
1.020292
0.321338
0.295179
-0.030690
-0.442223
-0.236510
-0.364517
0.212811
0.615420
0.553288
-0.271321
-0.441542
-0.063563
-0.257429
-0.779865
-0.901004
-0.493896
0.048631
-0.520278
-0.794537
-0.651620
-0.676803
-0.897606
0.910651
-0.550459
-0.684753
0.434497
-0.268359
-0.622494
-0.697853
-0.670640
-0.773830
-0.497762
-0.368326
-0.066925
0.231727
-0.500941
-0.590110
-0.339267
0.435337
0.512589
1.122332
-0.712637
-0.709547
-0.855109
-0.504977
-0.796050
-0.130368
-0.211846
-0.866853
-0.164797
-0.732781
-0.352182
-0.065115
0.075866
-0.207399
-0.734217
-0.748303
-0.800243
-0.371504
-0.775743
1.453898
2.725129
-0.060720
0.451628
-0.825655
0.003577
-0.637767
0.069876
0.333223
-0.851258
0.903608
0.721142
1.878763
0.216627
0.418074
-0.005008
0.610595
0.888524
1.452849
0.430802
0.401454
-0.395632
-0.410702
2.689219
-0.682054
4.788013
0.768138
1.288884
0.956601
1.479851
-0.497399
0.381634
-0.389822
-0.519871
-0.127265
-0.371079
0.808140
0.112464
2.842965
0.921160
0.031763
-0.755848
-0.828262
-0.755592
-0.470207
0.938931
1.550042
1.071033
2.310017
1.252029
-0.328697
0.651764
1.560692
-0.254997
-0.586991
-0.466494
-0.610458
-0.812555
0.244398
0.806909
2.461179
0.271680
-0.450540
-0.889292
-0.614332
-0.229758
-0.849396
-0.846320
-0.871709
-0.357559
1.049330
1.734896
0.418990
3.698564
0.320838
0.184861
0.502414
0.156464
-0.457751
-0.351088
-0.440858
-0.029297
-0.148639
0.055205
-0.485554
-0.749206
-0.776539
0.268566
-0.780568
-0.055678
-0.654177
-0.925542
-0.740792
-0.571243
-0.830525
-0.871334
0.249208
1.698987
0.622234
-0.814618
-0.554495
0.608879
0.110934
-0.229985
-0.227238
-0.928224
0.182623
-0.619008
0.085584
-0.823525
-0.115500
-0.761708
-0.416555
-0.487121
-0.284270
-0.293782
-0.454401
-0.708083
-0.543651
-0.797016
0.626979
1.842294
-0.665762
-0.305303
1.595928
-0.713564
0.061963
-0.320263
-0.086463
-0.530965
0.229251
0.788360
0.368368
-0.339491
0.393023
-0.570502
-0.898173
-0.744830
-0.735514
-0.969801
-0.605669
-0.614897
-0.602230
-0.149935
0.136039
1.753429
0.226382
0.087956
-0.090355
-0.720242
-0.362579
-0.080686
0.697521
-0.372774
0.642310
0.651853
-0.478678
-0.881526
-0.328582
0.282885
-0.691284
-0.059988
-0.935097
-0.702720
-0.724496
-0.810865
-0.694496
0.064004
1.007734
2.000968
-0.157728
0.520359
-0.414380
-0.835742
-0.025884
0.745110
0.835825
-0.413801
-0.971440
0.262429
0.593532
-0.453576
-0.542034
0.171912
-0.529217
-0.359132
2.166903
1.543094
-0.851070
-0.699100
-0.521701
0.564760
-0.410070
3.837194
0.061721
1.156069
-0.697224
1.781276
-0.110447
0.196979
-0.364017
0.420820
0.993919
1.912888
-0.232955
-0.501973
-0.469473
-0.614686
-0.556837
-0.815371
-0.525185
-0.405237
-0.931211
-0.657087
-0.514172
-0.249306
-0.426898
0.542481
2.486285
-0.360795
0.936410
0.258337
-0.428618
-0.577457
0.158222
-0.293783
0.297693
-0.724274
-0.330716
-0.737982
0.094889
-0.889564
-0.888419
-0.326988
-0.733862
-0.732168
-0.933237
-0.946579
-0.342895
-0.808112
-0.944158
1.145016
1.016400
-0.809857
0.219160
-0.749736
0.038345
-0.240626
0.108882
0.629086
0.135261
-0.282161
-0.495046
-0.863909
-0.862001
-0.378143
-0.649403
0.418890
-0.619715
-0.646615
-0.659445
0.610937
-0.008412
0.958804
-0.702666
2.102060
1.364921
-0.934675
0.758743
0.279187
-0.364614
-0.117823
-0.679432
2.473326
1.796081
1.703193
0.733616
-0.071153
-0.811856
-0.658038
-0.406598
-0.105671
0.481818
0.356560
-0.523538
-0.637931
-0.919387
0.257936
-0.639342
-0.910094
-0.517480
-0.005901
-0.699819
-0.815013
-0.786750
-0.800715
1.426561
-0.853939
0.142769
-0.733322
0.324698
-0.082417
-0.497370
-0.295243
1.323384
-0.522053
1.194328
-0.383800
0.051897
-0.615449
-0.494207
0.625929
-0.327405
-0.707775
-0.054361
0.956776
1.837361
0.588127
-0.721124
-0.881309
0.449941
0.358883
-0.361604
-0.446380
-0.379377
0.003747
-0.917689
0.026597
1.639270
-0.056739
0.227211
-0.450331
-0.043133
-0.258445
-0.301939
0.369952
-0.803307
-0.361127
3.965206
5.813206
0.244255
2.210112
-0.452811
2.496729
0.226318
1.053835
2.776424
4.820068
0.507293
-0.330041
-0.844606
-0.585974
-0.644068
0.822771
0.272771
0.922715
1.162914
1.012662
1.426217
-0.480443
-0.165458
-0.669169
-0.791602
0.640993
-0.893514
-0.422696
-0.475389
-0.326010
6.531349
11.943744
4.350780
-0.073214
-0.124129
-0.921952
0.159256
-0.690961
-0.887753
-0.637291
-0.100677
0.953588
-0.853456
-0.620773
-0.426208
-0.425483
-0.204010
1.288899
-0.021623
0.031076
-0.807931
-0.638490
-0.653244
-0.307517
-0.599371
-0.495489
-0.110622
-0.023671
0.107509
-0.592537
-0.600452
-0.475432
-0.908905
-0.861245
-0.631703
-0.541700
-0.728331
-0.975349
0.022353
-0.644830
-0.353679
1.891772
-0.562757
-0.909257
-0.305518
-0.068579
-0.284572
-0.028396
-0.714394
0.099897
-0.881262
0.027516
-0.676262
-0.842310
-0.166595
-0.573011
-0.772070
-0.832363
-0.767410
-0.724747
-0.922296
-0.840488
-0.831870
-0.633742
-0.344064
-0.312791
-0.192700
-0.375316
0.668511
-0.533256
-0.307017
-0.529559
0.088860
0.790794
3.485333
6.998956
0.944801
0.372991
-0.675394
-0.679542
-0.857106
-0.722863
-0.942092
-0.796291
-0.225334
-0.071250
-0.293759
-0.152854
-0.332408
2.007571
-0.394879
-0.692737
-0.766977
-0.699167
-0.589665
-0.751282
-0.539886
-0.165776
0.069880
1.003660
-0.779357
-0.157295
-0.543868
-0.608309
-0.065542
-0.831959
-0.773281
-0.220932
-0.184149
0.502954
-0.924702
-0.680451
0.359281
1.660198
-0.743083
-0.463275
-0.848395
-0.881821
-0.610423
-0.819098
-0.823484
-0.523242
-0.907147
-0.148479
-0.040191
-0.867025
-0.271778
-0.350960
-0.767486
-0.662398
-0.560147
-0.514958
-0.886046
-0.296967
-0.308044
-0.353537
-0.271351
0.174177
-0.882327
-0.360689
1.337127
0.873481
-0.135875
-0.554201
0.040253
-0.302362
-0.525472
-0.564435
-0.280378
-0.520119
-0.372477
-0.791771
-0.061008
-0.757378
-0.788678
-0.263380
-0.597876
0.885180
-0.717681
0.672946
-0.268290
3.116038
2.622036
1.186093
0.842346
-0.482073
1.096539
0.480975
2.296997
0.750584
1.834952
2.551378
0.442934
-0.192556
0.814963
-0.508382
-0.567958
-0.906882
0.241679
0.073865
1.578940
5.121086
0.173660
-0.443491
1.523026
2.446754
-0.701815
4.623834
0.854612
-0.697201
-0.409709
0.207282
-0.448645
-0.261702
0.139617
1.116755
0.284263
-0.735852
0.123171
-0.757412
-0.795806
-0.857280
-0.590958
-0.698998
0.268383
0.007272
-0.100331
-0.344637
-0.104671
1.059540
-0.465886
-0.080903
0.635367
-0.047925
-0.220698
-0.403798
-0.312312
-0.098853
-0.217504
-0.361870
-0.036463
0.420127
-0.573887
-0.629660
-0.689104
-0.800083
-0.586390
-0.436733
-0.541906
-0.292718
-0.941549
-0.618422
-0.411260
1.722618
-0.352548
-0.106351
-0.299894
-0.797399
-0.138167
-0.833146
-0.868497
0.038968
0.160289
0.049053
-0.775238
-0.572858
-0.638309
-0.167139
-0.539645
-0.859177
-0.130595
-0.809861
-0.481608
-0.304406
0.056834
0.180380
-0.374102
-0.737153
0.671433
2.115659
1.363343
1.244707
0.185236
-0.560069
-0.072045
0.470392
-0.158930
0.760641
0.354041
-0.427600
-0.695556
-0.044619
-0.693970
0.030784
-0.696216
-0.227018
-0.750795
-0.692298
-0.047644
-0.765098
0.185634
2.033929
-0.366554
-0.533718
-0.803738
-0.456439
0.887225
0.109907
0.084995
0.315661
1.360111
1.137754
-0.521414
-0.671774
-0.845237
-0.658666
-0.508901
-0.231356
0.387310
-0.499816
-0.416067
-0.524333
-0.579812
0.933002
-0.578409
-0.031034
-0.573329
0.151871
3.132906
0.568041
0.150943
-0.703340
0.821211
0.090771
0.204612
-0.435365
-0.609408
-0.361953
-0.032131
0.268910
-0.473825
-0.570641
-0.492972
-0.340952
1.294894
-0.736917
0.537335
-0.155165
0.252471
2.098450
-0.608521
-0.392200
-0.424807
-0.558158
-0.116501
-0.687852
0.453213
-0.614817
-0.110071
-0.726468
-0.547729
-0.711642
-0.509940
-0.714456
0.281280
-0.581592
-0.640940
0.806004
-0.423787
1.347626
1.481660
3.454224
0.312032
3.257520
-0.547383
-0.451796
0.429463
-0.003135
0.025269
0.191745
-0.783111
-0.051177
-0.208962
-0.144206
1.280122
1.175546
-0.319251
0.026319
-0.253885
0.406389
-0.619202
-0.616397
-0.400544
0.129929
-0.214896
0.261836
-0.298124
2.446231
-0.773879
1.635734
0.537051
0.215554
0.599412
-0.461056
0.136479
0.607309
-0.079463
0.334012
0.194835
0.091688
-0.015148
0.797586
-0.477944
-0.243569
-0.614411
-0.276956
-0.668591
-0.160853
-0.552670
1.197649
2.137521
3.835304
-0.741311
1.260484
-0.474570
-0.178571
-0.419439
-0.722369
-0.519302
-0.103770
0.170571
-0.453035
-0.299385
-0.016915
-0.751424
-0.622635
-0.493045
-0.832301
-0.794631
-0.713176
-0.541899
-0.354909
-0.894631
-0.182594
-0.335632
1.482895
-0.735083
0.884507
-0.285698
-0.437571
1.678070
0.023558
0.796983
0.721278
2.324420
-0.488637
-0.603113
-0.906233
-0.774355
-0.402294
-0.319180
-0.689210
-0.697509
-0.221463
-0.605684
-0.475343
-0.734947
-0.644218
0.423722
1.608376
1.159609
-0.689749
-0.094596
-0.600144
-0.758147
0.047649
0.257973
0.813412
-0.762793
0.408171
-0.750898
-0.579674
-0.715554
-0.167208
-0.508694
-0.816383
-0.700619
0.290224
0.029371
-0.039095
-0.850013
-0.182178
-0.484525
-0.097706
-0.896988
-0.437078
1.323394
-0.218015
0.395679
-0.738202
-0.561524
-0.431903
-0.910838
-0.233572
-0.305845
0.184671
-0.522705
-0.509666
1.531367
-0.839623
-0.667671
-0.567411
-0.353873
-0.929179
-0.326246
0.681742
0.993409
1.133619
0.896887
-0.557516
-0.006994
-0.631792
-0.902617
-0.306767
0.000575
-0.875952
0.372071
1.092060
3.052102
2.683385
-0.187540
-0.308737
-0.298434
-0.235464
-0.284077
-0.122590
-0.726495
-0.114950
-0.050352
-0.170359
0.612348
1.034614
-0.639923
-0.749901
0.479933
-0.549732
0.475952
-0.433542
-0.484710
-0.653629
2.835134
1.439537
0.592592
-0.271115
-0.971832
-0.630013
-0.658860
0.333377
-0.769131
-0.812085
-0.531927
-0.777720
0.017104
-0.095428
-0.338619
1.790768
-0.753640
-0.012108
-0.723995
0.270384
0.793713
1.029868
1.080839
-0.926223
-0.680014
-0.513419
0.490660
-0.543514
-0.635218
-0.786096
-0.750703
-0.569815
8.888497
7.089724
0.442435
-0.350752
-0.559962
1.857893
-0.479713
3.301901
0.495381
2.570187
-0.097420
-0.869413
-0.682057
-0.867695
-0.871432
-0.729706
0.338208
0.453193
0.131424
-0.523256
0.487182
0.575363
-0.919862
-0.000603
0.113332
-0.403365
-0.844233
-0.780318
-0.166321
-0.632809
-0.888776
3.669890
1.026826
2.609747
-0.509343
-0.116586
-0.221413
-0.421990
-0.665396
-0.314782
0.352977
0.794069
0.391012
-0.023784
0.126434
0.259152
-0.481234
0.082068
-0.908229
-0.565387
-0.808161
0.059156
-0.777724
-0.878888
0.310581
4.197431
3.848426
-0.287932
-0.419832
-0.857019
-0.648120
0.005906
-0.420415
0.191622
-0.264731
0.046041
0.629859
-0.420137
-0.848361
0.130231
-0.754379
-0.457501
-0.969125
0.258530
0.244888
-0.944833
-0.700873
-0.788303
-0.167761
0.235223
0.787086
-0.078938
0.912885
-0.688701
-0.189516
-0.220899
-0.794462
-0.341258
0.158433
0.128536
-0.509847
0.015955
-0.517337
-0.914233
-0.248100
-0.952137
0.000527
0.713386
-0.959514
-0.758220
-0.594742
-0.702613
-0.923412
-0.305594
-0.834604
0.344595
0.448450
-0.291798
0.072559
0.637451
-0.612183
-0.729695
2.872237
0.068210
-0.368189
-0.376739
-0.634890
-0.953576
-0.479679
-0.413619
-0.349943
0.073385
-0.910029
-0.081455
-0.569076
-0.549220
-0.121228
2.248725
0.661123
0.208335
0.465902
-0.679353
-0.451265
-0.315235
-0.804179
-0.681407
-0.414654
0.428682
-0.557382
0.900015
-0.518300
-0.316599
-0.426854
-0.062502
0.611096
-0.692786
0.783711
-0.784103
-0.088606
-0.894122
1.079681
3.216915
-0.401212
2.190589
-0.220956
0.148515
-0.519663
-0.327415
0.823946
-0.609096
0.011133
1.339664
2.386909
0.600828
1.137773
-0.725013
-0.695845
-0.414463
-0.760518
-0.887536
-0.818007
1.323279
-0.034134
-0.190044
-0.572786
0.317527
3.793838
-0.122779
1.707404
-0.220627
-0.725596
-0.867086
-0.292232
-0.627919
-0.292151
1.028584
1.396756
-0.611186
0.562605
-0.285520
-0.896805
-0.807842
-0.534903
-0.772663
-0.143773
-0.009573
-0.425863
-0.619781
0.255745
0.626558
0.934930
0.786500
-0.770992
-0.044528
-0.396200
-0.175666
0.002524
1.048721
0.608823
0.287053
-0.313096
-0.544059
-0.149887
-0.783502
-0.655725
-0.580723
-0.016692
0.101670
-0.497995
-0.714971
-0.480466
0.000139
0.333684
3.283985
0.494270
-0.289408
-0.321170
-0.003810
0.724780
0.166235
-0.352865
-0.239246
-0.423140
-0.296728
-0.846808
-0.561115
0.063817
0.326624
-0.690133
-0.769417
-0.159036
-0.626453
-0.148536
-0.765433
-0.770570
-0.840385
-0.519376
2.547668
-0.136463
0.143050
0.876026
-0.389477
-0.516023
-0.291539
0.370126
-0.346699
-0.621451
0.585570
0.553509
0.358515
-0.638382
-0.506200
-0.766920
-0.985677
-0.826661
-0.970594
-0.966033
-0.482755
-0.144970
1.557699
-0.409766
3.654811
-0.758756
0.834284
-0.077984
1.340300
0.169949
0.494240
-0.777208
1.054902
0.443601
-0.805774
0.459759
-0.971594
-0.867175
-0.776270
-0.479816
0.038022
-0.634296
-0.283977
-0.209020
-0.837911
-0.549763
0.491355
0.920306
4.706470
-0.553107
0.751002
0.088330
1.242054
-0.228218
-0.360602
0.474243
0.819001
0.616275
0.820461
-0.504057
-0.623601
-0.657298
-0.410221
-0.711535
-0.567668
-0.182501
-0.299768
-0.196785
-0.637745
-0.603747
-0.433870
-0.632095
2.776264
-0.619823
0.205870
-0.688732
-0.007501
0.223567
-0.287141
0.060705
-0.544488
0.766801
-0.549105
0.952511
-0.620978
-0.671780
-0.159147
-0.219962
-0.855411
-0.234915
-0.395738
-0.666335
-0.007222
-0.603854
-0.793250
0.038380
2.251304
-0.522021
-0.513291
0.129858
1.497134
0.572797
-0.590577
-0.183693
-0.194794
0.702693
0.310565
-0.210889
0.423197
-0.849029
-0.398468
0.296687
-0.476516
-0.536754
0.084202
-0.583461
-0.670683
-0.778825
-0.253893
-0.298656
3.345612
0.514668
-0.649568
-0.297605
-0.632321
-0.318197
0.384416
-0.152643
-0.324071
-0.622008
-0.120663
0.683984
-0.900149
-0.136892
-0.068624
-0.570785
-0.795927
-0.137133
-0.846608
-0.715043
-0.806501
-0.825081
-0.090135
-0.514499
3.820707
-0.133808
-0.102479
0.879236
0.706185
0.409177
-0.708075
0.617807
-0.627362
0.639673
0.890867
0.126192
-0.334406
-0.535656
-0.309115
-0.580216
-0.628230
-0.496874
-0.684226
-0.789304
-0.226791
-0.804238
-0.468176
-0.399123
2.740590
-0.042137
0.394901
1.814000
-0.462536
1.042369
-0.039756
0.125990
1.321785
-0.356913
-0.432332
0.933723
-0.544462
-0.824836
0.436752
-0.346012
-0.280434
-0.748554
-0.335213
-0.863660
-0.289782
-0.725235
0.481734
1.685033
4.921835
0.464617
0.621959
2.827032
4.688942
0.582702
1.051124
-0.776938
0.131254
0.423226
0.757829
-0.056346
0.126552
-0.828068
-0.475276
-0.764069
-0.056088
-0.898479
-0.570567
-0.453233
-0.470815
-0.732934
-0.548270
-0.505854
-0.019177
-0.489944
0.339471
-0.263709
0.940448
0.475238
0.171760
-0.691413
0.086233
0.295204
1.044852
0.205761
-0.082273
-0.200376
-0.298065
-0.260177
-0.768071
-0.919096
-0.830724
-0.726612
-0.631606
-0.814088
-0.478339
-0.380350
-0.002523
-0.678153
-0.454983
-0.895378
0.352739
0.033118
0.207267
0.101887
-0.196583
-0.125549
1.079759
0.100213
-0.862501
-0.420937
-0.867883
-0.836242
-0.935022
-0.516694
-0.852696
-0.483454
-0.724026
-0.597081
-0.657781
0.231964
-0.252794
-0.645988
-0.728163
1.032570
0.261993
-0.078308
-0.483042
0.083029
0.150015
1.800642
-0.278772
-0.534163
1.054508
-0.037529
-0.334151
-0.453185
-0.706980
-0.712797
-0.887342
-0.561356
-0.589371
0.541405
0.269501
0.151695
1.779705
0.518402
-0.694081
-0.554135
-0.329994
-0.103475
-0.639666
-0.779294
-0.783301
-0.165426
0.452881
-0.786277
-0.775958
-0.166198
-0.519196
-0.540051
1.871618
-0.472672
0.435619
-0.409583
0.591340
0.457688
-0.234659
2.399839
2.893927
-0.357628
0.194417
-0.425731
0.195014
-0.583381
0.508291
-0.410462
0.498861
1.782290
-0.480581
0.144239
-0.215348
-0.789236
-0.580489
0.250074
-0.594342
-0.642658
-0.760889
-0.338939
0.332850
-0.808101
-0.585596
0.524475
2.182747
0.587516
-0.533094
-0.805696
0.202030
-0.706359
-0.107086
-0.356394
0.584799
-0.482049
0.369780
-0.649698
1.015771
-0.841731
-0.541995
-0.357440
-0.845155
0.290443
-0.086119
-0.737207
-0.426336
0.184403
-0.818494
-0.542792
-0.744965
-0.704502
0.811454
1.849825
0.332022
-0.669493
0.652830
-0.726318
-0.844203
-0.468672
0.436631
-0.257643
-0.564422
-0.857592
-0.202790
-0.539005
-0.209071
-0.051387
-0.264874
0.250119
-0.545584
-0.953797
-0.344909
-0.960436
0.705113
-0.819294
1.835011
-0.647681
-0.711566
-0.539169
-0.610149
-0.522130
0.883375
-0.197036
-0.413007
-0.539390
-0.140711
1.704716
-0.885959
0.406616
4.735068
1.252754
4.931217
1.077916
-0.080757
0.151939
-0.054464
-0.259333
-0.943614
-0.935531
-0.926304
0.409061
-0.581069
-0.920427
-0.423653
-0.136515
-0.871829
0.783841
2.106148
2.933445
2.302469
0.967402
1.022911
0.994232
-0.479895
2.225484
0.113040
0.405862
-0.396579
0.911319
1.062205
0.483576
4.531550
1.172956
2.514671
0.981364
0.818273
0.265283
-0.129658
0.531160
0.609458
-0.154541
0.635293
0.370366
-0.582458
0.547563
-0.589107
-0.320966
0.288116
-0.538256
-0.461889
-0.785441
-0.893864
-0.414216
0.078057
-0.433400
2.339846
-0.482010
0.334894
-0.344034
-0.624399
-0.042181
0.040104
-0.285069
-0.051698
-0.385134
1.031519
-0.373365
-0.080572
-0.919214
-0.851546
-0.302663
-0.407198
-0.268694
-0.689878
-0.263711
-0.335805
-0.557974
-0.644501
1.191458
-0.048730
0.778822
-0.924698
-0.549978
-0.599769
-0.358527
-0.528354
-0.020149
-0.386955
-0.019292
-0.337856
-0.671534
-0.231526
-0.100577
-0.473505
-0.381342
-0.021996
4.296297
2.539559
-0.756022
0.354006
0.012886
0.067668
0.312441
1.856156
-0.804238
-0.501181
-0.623264
-0.186912
-0.620421
-0.578184
-0.902540
-0.490131
-0.054505
-0.082979
-0.845937
-0.548752
-0.393732
-0.893976
-0.324887
-0.210603
0.750107
0.454770
-0.260055
-0.566484
-0.608081
-0.802200
-0.486795
-0.029760
0.242971
0.082994
0.766815
-0.057994
-0.579794
-0.123382
-0.545443
-0.303828
-0.535925
0.621430
-0.226865
-0.671583
-0.501308
-0.826432
0.237755
-0.211347
-0.737624
-0.693157
-0.291239
-0.317388
-0.471851
-0.005208
-0.579055
1.316029
0.252987
1.107819
0.371536
0.690283
1.373305
-0.073926
1.991275
-0.070247
-0.747588
-0.660980
0.075194
-0.362487
0.488224
-0.327230
-0.579199
-0.872921
-0.503815
-0.287429
-0.765079
-0.083019
-0.603065
-0.067054
0.332822
2.333821
-0.874214
-0.861990
1.684274
-0.728113
-0.722853
-0.563027
-0.685162
-0.401453
-0.013368
-0.773384
-0.272301
-0.112801
0.096952
-0.740931
0.034775
1.424022
-0.574763
0.027580
-0.135755
-0.352873
1.772560
0.842344
0.945453
3.509124
3.645250
-0.215888
-0.310903
-0.868400
-0.455664
-0.305311
-0.730329
-0.916081
-0.799811
0.549818
-0.907062
-0.504518
-0.552499
-0.523728
-0.839387
1.940011
4.291068
0.762620
2.183737
1.785280
0.563139
0.222627
-0.705201
3.060497
3.025128
3.642588
-0.219706
-0.581565
-0.663640
-0.323728
-0.088453
-0.346779
-0.186518
1.124552
1.447808
-0.882020
-0.673830
0.567143
-0.629897
-0.505464
-0.320158
-0.699797
-0.600252
-0.714779
-0.340336
-0.529011
-0.886150
0.317618
-0.160413
0.045603
-0.778443
-0.631826
-0.969349
-0.935148
-0.801607
-0.816361
0.112754
0.431337
-0.237617
0.064635
-0.948669
-0.399436
-0.868632
-0.573961
-0.893591
-0.509447
-0.865955
-0.864014
0.368155
-0.368335
-0.650774
1.659572
0.617569
-0.369768
-0.456381
-0.846439
0.586209
-0.919023
-0.468749
0.214073
0.557247
0.631640
-0.767776
-0.912092
-0.351169
-0.757632
-0.222471
-0.786464
-0.727010
-0.831319
-0.886187
-0.886888
-0.944229
0.481840
0.451711
4.020947
-0.713034
-0.725977
2.789470
0.197250
-0.325149
0.940935
0.859345
-0.065750
0.593847
-0.021186
-0.429819
-0.629158
-0.560668
-0.215122
-0.566365
-0.774032
-0.467991
0.048446
-0.513234
-0.606818
-0.614362
-0.218825
0.233804
-0.172505
-0.073506
-0.931384
-0.367539
0.241043
0.300575
-0.065276
0.600635
0.198261
-0.137078
0.064723
0.044475
0.018075
-0.802975
-0.835433
-0.683985
-0.892443
-0.579074
-0.213352
-0.516433
-0.770861
-0.983151
-0.883449
-0.584508
-0.520903
0.344257
1.322272
-0.399001
-0.543604
1.273434
-0.434990
-0.027704
0.807089
-0.812388
0.422668
0.418852
-0.687415
0.079514
-0.875250
0.463317
-0.070498
0.996202
-0.735759
-0.196379
0.775080
0.270913
0.250351
-0.493235
3.878679
-0.304450
0.038420
-0.681707
2.020537
0.672353
1.921009
0.347227
1.404853
0.174206
1.372061
0.416914
0.109317
-0.700702
-0.174286
-0.202273
-0.738373
-0.255759
-0.026271
0.369395
-0.489879
-0.320678
-0.166839
-0.713144
0.649262
-0.503868
-0.204266
0.185080
-0.505145
-0.438831
0.728463
2.010764
2.498650
0.180467
1.322608
0.136836
-0.320281
-0.773927
-0.396282
-0.480364
-0.662505
-0.522889
-0.152409
-0.872314
-0.406306
-0.123390
-0.314361
0.430387
-0.267258
0.235034
2.187015
-0.700023
-0.110799
-0.865583
-0.438019
1.059031
-0.677687
-0.038326
-0.542806
-0.347826
-0.671976
-0.856106
0.592333
-0.361152
-0.678945
0.467088
-0.838285
-0.232206
-0.754567
-0.546184
-0.548010
-0.337167
-0.983132
-0.302947
0.575188
-0.087664
-0.282257
-0.730436
-0.321003
-0.913489
0.653159
0.387635
0.334042
-0.813234
0.206335
0.530289
-0.405612
-0.838605
-0.443365
0.017340
-0.704939
-0.817515
-0.107681
-0.669718
0.756291
-0.093759
0.600894
1.183809
1.483224
-0.531965
-0.753695
-0.766644
1.061248
-0.144058
0.037515
0.419084
1.049341
-0.749429
-0.274144
-0.211932
0.132498
-0.441976
0.173879
-0.293930
0.404208
-0.530720
0.090459
-0.902255
-0.268829
-0.240561
0.750219
-0.454939
-0.159228
-0.103432
0.553448
-0.599594
-0.554141
0.262385
-0.756270
-0.511273
0.702513
-0.297803
0.440395
0.239390
1.354918
-0.456036
0.308835
-0.754351
-0.036260
1.014299
0.962295
0.538582
-0.171653
1.077452
3.875300
1.296628
0.128311
-0.394766
-0.542110
-0.437445
0.116245
-0.810275
-0.528022
1.271338
-0.777566
0.482359
-0.591058
-0.741497
-0.949784
0.702834
-0.149095
0.599033
-0.654827
-0.688479
-0.807891
-0.696324
-0.030885
2.314356
5.663456
-0.497441
-0.464045
1.696342
0.341916
0.219245
-0.013358
0.363941
0.455635
0.505531
3.043378
-0.928746
-0.793669
-0.307868
0.037987
-0.514053
-0.710206
-0.608713
0.327874
-0.788671
-0.340635
-0.824984
-0.638283
-0.367323
1.347598
-0.590522
-0.772863
0.169283
0.034154
-0.333977
-0.084904
1.439757
0.831084
0.284418
-0.488758
0.308556
-0.775860
-0.212472
-0.122079
0.196404
0.689761
-0.491522
-0.413453
0.434693
-0.257787
-0.405996
-0.375977
1.291017
0.474695
0.314392
-0.767108
1.507820
1.551120
1.054277
-0.437687
2.174186
-0.555520
0.242623
0.008110
0.937713
-0.220727
-0.322729
-0.123569
-0.693159
-0.938685
-0.294752
0.351339
-0.399879
-0.819529
0.172615
-0.336221
-0.752089
-0.839266
0.317819
1.271274
1.229055
0.198582
1.804176
0.797346
0.551055
-0.551778
-0.180791
-0.927553
-0.774417
-0.336940
-0.809825
-0.313718
-0.636031
-0.731522
-0.683413
-0.486874
-0.484861
-0.820220
-0.892740
-0.793038
-0.654637
-0.737070
0.099548
0.050552
0.148628
0.138499
-0.162721
-0.405637
0.720460
0.243213
0.249678
-0.327153
0.133275
-0.493346
-0.351087
-0.629456
-0.824827
-0.414339
-0.490283
-0.414202
-0.724861
0.757366
0.151458
-0.598913
-0.795873
-0.113264
-0.087027
-0.273755
0.456128
0.091996
1.308690
0.623050
0.330790
0.009851
0.611588
0.077134
-0.434785
0.873508
0.354394
-0.580753
-0.619994
0.317847
-0.419670
-0.627024
-0.673852
-0.088480
-0.412266
-0.311903
-0.494730
1.835688
0.055686
0.421198
-0.733810
-0.490119
-0.736353
0.577863
-0.361135
-0.778460
-0.534743
-0.476495
-0.018386
1.138393
0.870529
-0.682121
-0.873218
-0.043831
0.118215
-0.246817
-0.754618
0.771911
-0.558280
3.312617
1.149821
2.651416
-0.682392
0.788864
1.964760
2.030602
-0.624152
0.143367
-0.291727
-0.920336
-0.434273
0.403093
0.667794
2.141072
2.400970
0.123950
1.639533
-0.956231
0.019062
0.055358
1.114339
-0.900431
4.516858
4.735403
0.850923
-0.812079
0.498581
-0.948693
-0.514993
-0.385221
-0.837359
-0.810670
-0.927572
-0.794905
-0.155210
-0.245360
1.068863
1.042525
-0.516776
-0.707977
-0.517861
2.523064
1.762854
0.697429
0.810929
-0.235594
0.258093
-0.194894
0.875891
3.534561
0.210778
-0.363695
-0.069842
-0.748279
-0.783546
0.265897
0.466294
-0.006115
-0.589949
0.241025
-0.501565
-0.768022
-0.038673
-0.763867
-0.681457
-0.651233
-0.445416
-0.801743
-0.932797
-0.729708
-0.867454
-0.902331
0.298279
1.133267
-0.464785
-0.192484
-0.259296
0.094474
-0.324201
-0.873978
-0.304847
-0.035491
-0.096801
-0.167478
0.534856
-0.055134
-0.680512
-0.894536
-0.664790
-0.766608
-0.878752
-0.861624
-0.829814
-0.739225
-0.935862
-0.755211
0.711673
2.627963
-0.308858
-0.850858
0.956627
0.054638
0.031342
0.898489
1.415078
0.791647
0.873580
0.496826
-0.279937
-0.432975
0.288404
-0.654730
-0.838452
-0.702164
-0.730152
-0.320391
-0.437985
-0.591605
-0.569546
0.104869
1.155684
2.247318
0.026212
0.816795
-0.779612
1.692709
-0.219466
1.081845
-0.011174
-0.390998
0.001133
-0.505833
-0.589214
-0.830834
-0.377752
-0.537421
-0.458189
-0.659460
-0.859455
-0.477979
-0.831508
-0.897682
-0.679106
-0.351122
-0.757872
-0.400922
-0.366775
0.210223
-0.186032
-0.514315
-0.628335
-0.564577
-0.823810
-0.756271
-0.569155
-0.433512
-0.718080
-0.061713
-0.182630
-0.074175
0.156945
0.095309
-0.298192
0.142230
-0.166669
1.319803
-0.747877
-0.268269
-0.664186
-0.092421
-0.569157
-0.149327
0.155344
-0.593820
-0.115690
-0.250740
-0.044789
-0.634464
0.219728
-0.087442
-0.022529
-0.642550
-0.533731
-0.662175
0.230302
-0.564527
-0.153517
-0.465718
-0.228147
-0.050567
-0.374000
-0.330818
-0.537592
0.396973
0.374301
-0.428916
-0.817381
1.315944
1.544343
-0.106654
-0.371418
1.159420
1.051062
-0.416481
0.319282
0.254625
0.537125
0.521313
-0.250885
-0.463805
-0.669866
-0.720784
-0.245639
-0.479194
-0.511223
-0.869390
-0.396231
-0.428080
-0.265976
0.672411
-0.526196
0.963062
-0.586504
-0.832789
0.787934
-0.676380
-0.305157
0.600570
1.755994
-0.836192
0.265767
1.126929
-0.067592
0.104648
0.177715
0.330183
-0.854027
0.350976
0.453722
1.210503
1.618177
4.134824
3.269911
-0.511882
-0.425629
4.256428
2.352349
-0.158113
0.940793
1.593777
2.381764
1.589800
1.313833
1.371351
2.202117
-0.438949
-0.144373
0.270633
-0.785656
-0.430721
-0.729061
-0.040147
-0.585627
0.280241
-0.390643
-0.198035
-0.822276
1.473306
2.012585
0.924703
0.316705
0.016787
-0.531787
-0.583257
-0.554221
-0.781502
-0.785414
-0.219238
-0.494727
-0.642789
-0.154029
-0.569811
-0.859257
-0.705926
-0.218534
-0.441101
-0.196391
-0.271137
-0.611308
-0.934491
-0.404150
0.127452
-0.442104
0.247361
-0.429462
-0.639254
-0.414066
-0.661635
-0.345883
-0.156164
-0.381264
-0.562453
-0.908993
-0.827728
-0.538509
-0.479143
-0.650689
0.079130
-0.555858
-0.828232
-0.578979
0.093208
0.435537
1.944028
-0.721356
-0.579936
-0.136235
-0.405114
-0.688172
0.360426
-0.735212
-0.281402
-0.817305
-0.459687
-0.707869
-0.164362
-0.859336
1.129775
-0.065645
-0.036193
-0.061735
0.003065
-0.168689
-0.748231
-0.529969
-0.456371
-0.504264
-0.584196
0.516181
1.145374
1.079639
1.652564
0.657960
0.617816
1.145504
0.957096
-0.980054
1.728030
-0.280023
0.908064
-0.426897
-0.670385
-0.723684
2.395488
1.145281
0.324760
-0.362433
0.996274
-0.695479
-0.273300
-0.646456
0.760531
0.842157
-0.540497
-0.234237
-0.897130
-0.235188
0.642923
-0.881631
-0.871421
0.482502
2.187720
-0.433561
0.010170
-0.808582
-0.292921
-0.448254
-0.205008
-0.717513
-0.530592
0.338438
0.317139
-0.130776
-0.032532
2.130386
1.443688
2.044841
1.845998
0.604893
0.000439
-0.399246
-0.300226
-0.617523
-0.538340
-0.191463
-0.307806
-0.776086
0.981995
-0.359682
0.500941
-0.095854
-0.508748
-0.320680
-0.611582
-0.252090
-0.571284
-0.540362
-0.007024
0.270523
2.281237
-0.794042
-0.248509
-0.353808
-0.205513
0.386006
0.151058
-0.800797
0.227676
-0.117386
-0.473668
1.411104
0.051793
0.808047
-0.764969
-0.063803
-0.348469
-0.631653
-0.615619
-0.476808
-0.700141
-0.710047
-0.445824
-0.787938
1.679522
-0.089472
1.097183
0.063213
-0.200022
-0.739662
-0.877692
-0.795997
-0.649093
-0.124150
-0.364658
0.250998
-0.271207
-0.267513
0.740178
1.990929
1.270985
-0.762187
2.124478
1.812424
-0.744964
-0.426379
-0.717783
-0.525776
-0.136048
0.295267
-0.869669
-0.625689
-0.226023
0.189640
-0.539948
-0.619617
-0.902781
-0.203393
0.425737
1.392083
-0.364863
-0.632681
3.213125
0.376391
0.039235
1.090798
0.454324
1.964772
0.843650
-0.749084
1.029029
0.403148
4.540316
-0.459696
1.731574
2.086124
-0.826439
0.594722
-0.885141
-0.700638
0.252030
-0.155448
-0.478150
-0.515771
-0.738238
-0.189026
1.857059
2.207753
1.622696
-0.289186
2.781732
5.015018
1.506960
-0.405637
-0.422421
1.390689
2.842445
-0.024354
1.313273
0.281338
-0.798771
-0.694563
-0.800043
-0.696106
-0.304524
-0.327103
0.202383
-0.707371
0.878943
-0.737195
0.468997
-0.727448
-0.848592
-0.464341
-0.831861
-0.766308
-0.991330
-0.645885
0.741268
-0.285110
1.667262
-0.734795
1.549075
-0.274955
-0.234970
-0.792764
0.207339
-0.319685
-0.547041
0.041969
0.842602
0.599386
0.182071
-0.485930
-0.650436
-0.765872
-0.688400
0.856687
0.691406
-0.629487
0.835383
0.020438
-0.582607
-0.717625
2.762205
0.080303
-0.579777
-0.486720
-0.360166
-0.066199
0.097056
0.534685
-0.610951
-0.135363
-0.680532
0.094237
-0.792511
-0.034707
-0.790800
-0.844587
-0.753348
-0.891286
-0.518854
-0.660846
-0.442996
-0.580975
-0.727460
0.684555
0.249145
0.038419
-0.708385
-0.468653
-0.053484
-0.066227
0.698290
-0.637080
-0.674489
-0.966471
1.067017
-0.215572
0.541334
-0.659353
-0.682844
-0.534350
-0.623824
-0.755954
-0.515120
-0.129674
-0.209000
-0.338627
-0.934032
-0.561454
-0.602590
0.023872
0.567776
-0.638407
-0.139957
0.333232
1.556837
0.542149
1.026307
1.288418
2.428916
0.060111
-0.400331
-0.547504
-0.422723
-0.359600
-0.480553
-0.600930
-0.598544
-0.238007
-0.821042
0.151333
-0.298150
-0.590075
0.932608
-0.411884
-0.557395
-0.183605
0.402185
2.645187
-0.329140
-0.620821
0.326732
-0.037945
-0.764820
-0.849703
-0.330110
0.231695
-0.869392
-0.071336
-0.553296
0.857872
0.462519
-0.860196
0.174139
-0.027156
0.503945
0.554159
2.419479
1.616812
-0.817189
0.097048
-0.659713
-0.796663
-0.890759
-0.120334
-0.354626
-0.727720
0.674883
0.556551
-0.063960
-0.689802
-0.655002
-0.597689
-0.472845
-0.659694
-0.512122
-0.396609
-0.606949
-0.787462
-0.445354
-0.595692
1.253025
0.095291
-0.347895
0.569127
-0.180154
-0.593462
-0.658682
-0.114177
-0.207047
0.680281
-0.178733
0.229747
-0.082550
-0.341989
-0.596814
-0.423988
1.184770
-0.358341
0.477196
0.869661
-0.075358
0.048078
-0.476153
-0.306355
1.239077
-0.115926
-0.673463
-0.787517
0.229801
-0.625008
-0.600159
-0.475658
-0.516814
0.265447
0.697238
0.940752
-0.507773
-0.047222
-0.344186
-0.335847
-0.443943
-0.695264
-0.112105
-0.298867
-0.881830
-0.172511
0.065311
1.070374
3.245404
0.176102
-0.158696
0.142834
1.803248
2.218395
1.018637
1.264760
-0.378796
1.355596
-0.127945
-0.532028
-0.414264
-0.736680
0.050201
-0.679540
-0.307230
-0.720100
-0.835920
0.054627
0.162742
0.049680
-0.729668
0.653965
1.731307
-0.525408
0.491870
-0.801712
0.115331
-0.932002
0.429628
-0.252180
0.624056
0.315013
1.652682
-0.245022
-0.500298
-0.362471
-0.220273
-0.503644
-0.358552
-0.691240
-0.377290
-0.301768
-0.555890
-0.618541
-0.785134
0.049356
-0.161278
-0.422486
0.051370
0.280858
-0.149770
-0.236845
1.268936
-0.209777
-0.313533
0.024736
-0.588142
-0.635912
-0.362382
-0.758454
-0.944092
0.565753
-0.261383
-0.485671
0.546938
-0.175085
-0.713113
-0.642251
-0.494314
1.822194
0.207092
0.177571
-0.513829
0.535972
0.009064
-0.369654
-0.434590
0.421541
-0.375381
0.624109
0.291541
-0.752929
0.028519
-0.674672
-0.891086
-0.293351
-0.198315
-0.066378
-0.198529
1.455722
1.111388
0.010769
1.281258
-0.419564
1.519515
-0.012215
-0.709246
-0.703366
-0.287458
-0.522404
0.679764
-0.189847
-0.405805
-0.392396
-0.461414
-0.301557
-0.885877
-0.128221
0.454298
-0.405928
0.870437
-0.547519
0.878987
-0.847115
-0.231485
1.198613
1.064450
0.835769
4.096809
0.796905
2.804841
-0.298711
0.665433
0.668408
-0.301550
0.785252
-0.092880
1.240423
2.456644
-0.477900
-0.746280
-0.211826
-0.661956
-0.501216
0.476889
-0.405803
1.033900
-0.936034
1.225091
-0.495329
-0.151608
2.292454
3.168861
3.146248
1.616319
1.037309
0.448127
0.662932
0.366322
0.989882
1.013051
1.086499
0.629391
0.955287
-0.171132
0.005924
-0.455737
0.578438
-0.038279
10.741237
