0.000000
-0.543319
-0.017446
-0.266316
0.181717
0.266465
-0.109967
0.262678
-0.383074
0.813511
-0.274882
0.055279
0.134845
0.136574
0.003392
0.006868
0.253803
-0.109779
0.001600
-0.187353
-0.178900
-0.424636
-0.417210
-0.156304
-0.080795
0.021442
-0.757689
-0.357830
0.073154
-0.251252
-0.252189
-0.189014
0.170360
-0.214274
0.109088
-0.509068
0.244149
-0.103926
0.068564
0.489759
0.670656
0.067468
-0.319440
0.606540
-0.576477
-0.000509
-0.835134
-0.267496
-0.552872
-0.635374
-0.567469
-0.366272
-0.580359
-0.493351
-0.464237
-0.251815
-0.122928
-0.274259
0.438666
-0.625677
0.368393
-0.444559
-0.077575
-0.189960
-0.100960
-0.158144
-0.261280
-0.184960
-0.000336
-0.166573
0.017661
-0.332108
-0.048179
-0.175324
0.015001
-0.016313
-0.011607
0.008288
-0.003216
-0.447611
-0.332088
-0.538188
0.126085
0.483977
0.667319
1.143272
1.258258
0.995755
1.331747
0.947007
1.014821
0.993819
0.832766
0.498822
0.697360
0.201724
0.366072
-0.192695
0.213121
-0.482919
-0.323254
-0.458880
-0.243479
-0.138080
0.184393
0.346351
0.409385
0.332745
0.354088
-0.184807
0.220143
-0.561542
-0.371484
-0.692007
-0.553051
-0.811137
-0.796868
-0.750059
-0.612571
-0.684628
-0.706561
-0.689031
-0.463703
-0.722810
-0.354314
-0.517232
-0.041033
-0.454816
0.113358
-0.282416
0.476720
0.138950
0.578857
0.499242
1.126405
1.159024
0.972262
1.358032
1.161468
1.420992
0.848599
1.096533
0.550849
0.852731
0.115397
0.173845
-0.244249
-0.284098
-0.507807
-0.412698
-0.355019
-0.271119
-0.485339
-0.317993
-0.558290
-0.429999
-0.588024
-0.416796
-0.511170
-0.498086
-0.399633
-0.399229
0.078182
-0.298836
0.108942
-0.418621
0.312512
-0.513710
-0.183555
-0.623469
-0.262012
-0.734048
-0.676545
-0.722794
-0.689587
-0.650127
-0.703895
-0.511927
-0.506284
-0.354981
-0.469523
-0.317894
-0.471690
-0.426045
-0.550512
-0.494986
-0.676186
-0.708758
-0.729576
-0.780495
-0.787838
-0.712869
-0.445569
-0.800226
-0.415059
-0.859886
-0.275041
-0.572514
0.008383
-0.055080
0.121552
-0.083942
0.463993
-0.313398
0.909568
-0.102185
1.281878
0.162827
1.302408
0.584138
1.167809
1.257912
1.117828
0.912555
1.083940
1.334153
0.732060
1.268401
0.560290
1.030773
0.613493
0.805224
0.621839
0.387931
0.756316
-0.001078
0.824512
-0.090986
0.427729
-0.692062
0.750268
-0.817372
-0.007453
-0.706679
-0.493987
0.300968
-0.624421
0.333511
-0.483540
0.898373
-0.526270
0.360946
-0.328982
-0.028963
-0.041887
-0.222426
0.261441
-0.137031
-0.101709
-0.031066
-0.124364
0.028100
-0.694783
0.442583
-0.812459
0.404821
-0.916336
0.208306
-0.794189
0.113084
-0.202253
-0.145744
0.318926
0.110172
0.954088
0.496707
1.387733
1.114523
1.437060
1.081672
0.884265
0.663862
0.916113
0.323773
0.397337
0.109494
0.065070
0.058960
0.150269
0.085177
0.162732
0.099922
0.435579
0.118548
0.414997
0.421791
0.410259
0.455922
0.497864
0.575416
-0.110146
0.010696
-0.173630
-0.097379
-0.362078
-0.085673
-0.388695
-0.270473
-0.373447
-0.049518
-0.215019
0.156279
0.058215
0.063206
0.676393
0.073777
0.644366
0.302712
0.880724
0.508420
0.619643
0.828534
0.618643
0.586511
0.659807
0.629996
0.626758
0.504392
0.814488
0.779428
0.581887
0.605832
0.557895
0.604112
0.333124
0.450416
0.205330
0.021242
-0.202026
-0.361919
-0.353369
-0.478739
-0.455890
-0.539534
-0.542995
-0.561907
-0.531804
-0.621937
-0.525135
-0.629390
-0.626800
-0.547629
-0.737698
-0.509768
-0.612740
-0.588336
-0.403162
-0.591914
-0.464012
-0.788932
-0.424962
-0.767906
-0.760386
-0.606026
-0.827783
-0.696281
-0.678640
-0.535961
-0.604670
-0.524045
-0.788312
-0.696979
-0.661963
-0.725462
-0.769845
-0.739590
-0.731438
-0.713948
-0.756244
-0.589244
-0.685909
-0.737557
-0.648130
-0.673588
-0.546401
-0.523085
-0.304120
-0.505303
0.105329
-0.393358
0.577423
-0.171908
0.407654
-0.092485
0.865483
0.418727
0.548314
0.571758
0.394430
1.125008
0.195660
0.651707
0.683631
1.150062
1.161785
0.549038
1.542958
1.127257
1.230524
0.748399
1.227327
0.671188
1.041417
-0.120804
0.852204
-0.247384
0.658884
-0.280138
0.289033
-0.632589
0.549534
-0.755128
0.255962
-0.679282
0.152986
-0.704515
-0.323075
-0.468673
-0.439784
-0.417159
-0.355598
-0.378953
-0.532531
0.017203
-0.177105
0.250874
-0.060741
0.378908
-0.177038
0.184500
-0.023558
0.105786
0.149350
-0.251765
0.180484
-0.394087
0.268164
-0.585558
0.204149
-0.734355
0.398790
-0.654145
0.151325
-0.359546
0.568264
0.743035
0.472779
1.302730
0.881787
1.863004
0.933206
1.446709
0.883831
0.899048
0.309541
0.177378
0.122961
0.043231
0.073964
0.287028
0.118799
0.187596
0.359948
0.339220
0.389553
0.300227
0.617790
0.482526
0.600700
0.414042
0.252470
0.310870
0.149723
-0.073776
-0.191681
-0.027929
-0.345849
-0.270880
-0.295960
-0.174673
-0.297045
0.222502
0.045007
0.149351
0.565287
0.503901
0.661331
0.545161
0.668600
0.795920
0.918159
0.668225
0.749668
0.999851
0.656293
0.890962
0.673806
0.853934
0.788531
0.699047
0.874524
0.786893
0.689971
0.418735
0.613191
0.451266
0.231449
0.307124
-0.047799
0.044315
-0.259144
-0.377107
-0.621602
-0.596621
-0.543427
-0.630473
-0.483426
-0.522665
-0.411336
-0.578687
-0.540417
-0.607514
-0.683047
-0.615985
-0.666065
-0.696308
-0.499123
-0.661008
-0.527468
-0.706252
-0.364987
-0.727917
-0.613302
-0.766100
-0.506997
-0.823114
-0.793705
-0.827746
-0.719561
-0.758336
-0.614443
-0.842437
-0.632414
-0.826509
-0.541460
-0.791623
-0.725163
-0.830831
-0.616816
-0.726677
-0.754429
-0.608553
-0.621986
-0.391383
-0.628273
-0.551760
-0.514010
-0.620363
-0.562225
-0.470888
-0.138139
-0.499095
-0.044554
0.241757
-0.158581
0.354209
0.313200
0.527815
0.370619
0.961913
0.209874
1.059707
0.106056
1.116088
0.664148
0.845622
0.655263
1.190652
0.518888
1.353416
0.775646
1.172062
1.309428
0.831229
1.030886
0.710160
0.943337
0.358535
0.819266
-0.079982
0.527903
-0.366362
-0.189232
-0.297175
-0.184824
-0.746635
-0.389545
-0.771682
-0.429626
-0.618343
-0.433697
-0.399392
-0.144457
-0.474202
-0.157130
-0.039173
0.335226
-0.416977
0.453244
-0.259772
0.554779
-0.153685
0.126029
-0.100957
0.057232
-0.538763
0.004156
-0.327233
-0.073324
-0.401051
0.081330
-0.347360
0.121531
-0.378849
0.125312
-0.025257
0.435434
0.676649
0.707390
1.033448
0.957091
1.824250
1.088269
1.582827
1.012247
0.714989
0.996235
-0.115736
-0.123307
-0.575726
-0.354205
-0.476944
-0.340716
-0.315984
0.255081
-0.190600
1.157600
0.002269
1.488027
0.346171
1.700611
0.215749
1.107807
0.209867
0.739894
0.218272
0.318688
-0.130981
0.236578
-0.287081
0.042616
-0.258209
0.210541
0.003114
0.024061
0.068515
0.310285
0.474238
0.889207
0.594395
0.982945
0.645570
1.234635
0.490364
1.294553
0.655358
0.970119
0.762749
0.936449
0.605697
1.022379
0.676152
0.918664
0.640446
0.827219
0.687318
0.884822
0.708444
0.754668
0.660571
0.359216
0.336415
0.108015
0.092515
-0.511818
-0.221630
-0.804135
-0.531609
-0.771934
-0.642337
-0.651147
-0.579060
-0.731755
-0.745059
-0.719733
-0.754540
-0.741118
-0.546591
-0.720247
-0.597875
-0.525334
-0.568529
-0.453828
-0.648372
-0.597632
-0.681279
-0.533527
-0.662809
-0.574883
-0.774375
-0.744124
-0.714750
-0.764485
-0.554699
-0.745997
-0.563871
-0.629262
-0.706574
-0.455425
-0.719179
-0.415177
-0.672781
-0.496448
-0.708675
-0.367753
-0.502921
-0.656263
-0.658440
-0.621774
-0.608106
-0.664744
-0.635530
-0.521384
-0.592194
-0.573922
-0.371188
-0.578737
-0.040801
-0.223082
0.415509
-0.333095
1.317230
-0.315186
1.343979
-0.478573
1.673852
-0.516425
1.213063
-0.350872
0.920657
0.141885
1.043869
0.537375
0.609443
1.284570
0.250240
1.020676
0.285897
0.865430
0.204904
0.753203
0.186133
0.766186
0.189942
0.026338
0.113329
-0.057760
-0.691371
-0.366144
-0.696038
-0.399113
-0.628097
-0.532443
-0.596461
-0.655483
-0.697512
-0.601987
-0.222792
-0.429503
-0.229206
0.072795
-0.084005
0.210424
-0.047667
0.592948
-0.111087
0.103809
0.205873
0.019613
-0.005865
-0.348872
0.247462
-0.173421
-0.214346
0.101521
-0.041752
-0.145215
-0.598263
-0.344650
-0.224033
-0.232548
-0.081486
0.233334
0.605278
0.600514
1.538379
1.432694
2.082255
1.881770
1.732098
1.544661
1.099116
0.699434
0.456422
-0.004862
-0.182189
-0.705594
-0.504426
-0.565935
-0.784744
-0.389238
-0.260832
0.312868
0.396949
0.312649
0.758247
0.564680
0.953619
0.708929
1.075932
0.565956
0.610929
0.364842
0.162352
0.086241
-0.093411
0.195019
-0.335981
-0.021098
-0.418440
0.323915
0.067570
0.272351
0.829763
0.549909
1.053770
0.451151
1.117631
0.764208
1.106975
0.790755
1.283797
0.857378
0.976352
0.933328
0.762247
1.011351
0.792332
1.087220
0.766997
1.048704
0.928893
0.899939
1.004214
0.899218
0.828206
0.652827
0.346082
0.382886
-0.020279
-0.046482
-0.478313
-0.365831
-0.692641
-0.644272
-0.744212
-0.816414
-0.779406
-0.841355
-0.883221
-0.640686
-0.883808
-0.715260
-0.932526
-0.472375
-0.710399
-0.657979
-0.478595
-0.657437
-0.362248
-0.801676
-0.408276
-0.770003
-0.656389
-0.784227
-0.789364
-0.743915
-0.817119
-0.600785
-0.695715
-0.635372
-0.681860
-0.655485
-0.683481
-0.619610
-0.624996
-0.535603
-0.614632
-0.398061
-0.534394
-0.562773
-0.391213
-0.544763
-0.474971
-0.440514
-0.350782
-0.363472
-0.265835
-0.382424
-0.407963
-0.206594
-0.554646
-0.069020
-0.307990
-0.064622
0.250047
0.157947
0.191570
0.552732
0.375408
1.052122
0.320672
0.644653
-0.162703
1.671463
-0.109709
1.315031
0.323744
1.608462
0.447312
1.712255
0.567115
1.182499
0.777136
0.390539
1.176253
0.000629
0.797011
-0.094992
0.960076
-0.169792
0.076972
0.335835
-0.059345
-0.132004
-0.408903
-0.357388
-0.574472
-0.437594
-0.793246
-0.560787
-0.722155
-0.695633
-0.457181
-0.079205
-0.952618
-0.812405
-0.296791
-0.608024
-0.239063
-0.843608
0.253796
-0.711573
0.438889
-0.746241
-0.160857
-0.360339
0.311956
-0.552447
0.091958
-0.703792
-0.138526
-0.406328
-0.554746
-0.193538
-0.567750
-0.167130
-0.523286
0.647408
0.309055
1.359435
0.676962
2.100225
0.984208
2.070228
1.512125
1.754946
1.412859
0.928459
1.017167
0.571084
0.495530
0.353723
0.573578
-0.140125
0.032616
-0.259910
-0.077755
-0.018993
0.037819
0.062816
0.623174
-0.027952
1.459202
0.215243
0.922869
0.209703
1.034505
0.161949
0.198106
0.210717
-0.282008
0.001527
-0.227853
-0.265123
-0.230304
0.089018
-0.572738
0.116068
-0.118093
0.228521
-0.257338
0.202698
-0.043400
0.135794
0.224680
0.352980
0.653347
0.722483
0.873573
0.625235
0.985232
0.425811
0.742790
0.531014
0.256983
0.245824
-0.240123
-0.035466
-0.297793
-0.282079
-0.327667
-0.345527
-0.353314
-0.439101
-0.385878
-0.543412
-0.431922
-0.471834
-0.488564
-0.465311
-0.595514
-0.706866
-0.761802
-0.579251
-0.895982
-0.754899
-0.737095
-0.751503
-0.871480
-0.852560
-0.813219
-0.815715
-0.740397
-0.732026
-0.532165
-0.706215
-0.552932
-0.605308
-0.439724
-0.472089
-0.598802
-0.626628
-0.631267
-0.586317
-0.491084
-0.609548
-0.036268
-0.460957
-0.409916
-0.383105
-0.415081
-0.314832
-0.421262
-0.145792
-0.344573
-0.192159
-0.025262
0.213223
0.076776
0.600952
0.282222
0.990497
0.556509
1.011615
0.968611
0.541752
0.814629
0.489990
1.240327
-0.052618
0.926650
0.519322
0.980416
-0.122062
0.980310
0.194068
0.979311
0.757844
0.771078
0.641500
0.948037
1.159506
1.157754
0.521317
0.817614
0.717802
0.923296
0.085217
0.684498
0.374316
-0.027303
-0.025897
0.218310
0.165424
-0.075830
-0.106575
-0.162468
-0.166690
-0.696370
-0.197358
-0.413151
-0.358788
-0.563566
-0.423714
-0.540819
-0.629015
0.036964
-0.580767
0.185491
-0.471189
0.364387
-0.253276
0.079254
-0.258103
0.151728
0.147843
-0.607583
0.058233
0.016794
0.424971
-0.652533
0.281928
-0.445966
0.042771
-0.632023
0.072885
-0.383174
-0.257472
-0.008269
0.423686
0.001547
0.751335
0.799598
1.242311
1.374103
1.202261
1.477881
0.902183
1.183995
0.804267
0.809348
0.218675
0.247565
0.439317
0.077088
0.131508
0.122921
0.006616
0.238375
-0.020078
0.503214
0.068285
0.431442
0.126652
0.392372
0.247303
0.360184
0.080604
-0.113395
0.086767
-0.496864
-0.368795
-0.475655
-0.320514
-0.366361
-0.436812
-0.400505
-0.190872
-0.022224
-0.301052
0.332917
-0.073820
0.375798
-0.055360
0.546926
0.103942
0.325400
0.729247
0.416165
0.763451
0.293245
1.159301
0.247742
0.915914
0.613563
0.858413
0.249186
0.536691
0.337593
-0.132913
0.075083
-0.566047
-0.357787
-0.562677
-0.690663
-0.433013
-0.673415
-0.537602
-0.646494
-0.397594
-0.596834
-0.404760
-0.406140
-0.555879
-0.467388
-0.594885
-0.670860
-0.609585
-0.643537
-0.528969
-0.499568
-0.467910
-0.476222
-0.555215
-0.398128
-0.553206
-0.386140
-0.659900
-0.127189
-0.673068
-0.472758
-0.701313
-0.552250
-0.740658
-0.737493
-0.501498
-0.686082
-0.442733
-0.635777
-0.202151
-0.586755
-0.442125
-0.677318
-0.406430
-0.665860
-0.681861
-0.415042
-0.599658
-0.589571
-0.434494
-0.098437
-0.463232
0.322000
0.000405
0.462788
-0.038897
0.751758
0.342820
0.822692
1.015764
0.492054
1.360575
0.287212
1.003441
0.216545
1.039621
0.000363
0.747601
0.424092
0.749011
0.773213
0.868032
0.982862
0.993431
0.643043
0.827588
0.222663
0.736373
0.558887
0.708092
0.478152
0.458596
0.436103
-0.086690
0.079022
-0.342402
0.053648
-0.073994
-0.476982
-0.256781
-0.232222
-0.431762
-0.555920
-0.689448
0.224740
-0.585795
-0.097221
-0.277314
-0.286968
-0.242055
-0.206089
0.027381
0.025136
0.228170
-0.105428
0.089690
0.215913
-0.203222
-0.259790
-0.190417
0.120318
-0.390683
0.106193
-0.074944
-0.618230
0.126713
-0.462108
0.271298
-0.494044
0.421356
0.191566
0.248465
1.202775
0.212313
2.337811
0.572830
2.007643
0.683960
1.505953
0.442959
0.644828
0.467101
0.269048
0.223648
0.112740
0.252483
0.190970
0.122279
0.314316
0.112985
0.611379
0.101818
0.596461
0.218181
0.543258
0.457901
0.295961
0.171330
-0.072901
-0.013900
-0.492907
-0.205285
-0.193214
-0.398994
-0.166672
-0.499214
0.008372
-0.478303
0.417336
-0.052873
0.615338
0.185824
0.719398
0.396643
0.438669
0.760320
0.307815
0.607495
0.492152
0.601827
0.563596
0.608840
0.830855
0.280766
0.822250
0.396721
0.973640
0.427266
0.738658
0.529967
0.530331
0.323828
-0.101316
0.343894
-0.171740
-0.064531
-0.611210
-0.238679
-0.627315
-0.415637
-0.611725
-0.506833
-0.601680
-0.570226
-0.633466
-0.657970
-0.627249
-0.690141
-0.707788
-0.572635
-0.670513
-0.337404
-0.698062
-0.443625
-0.503531
-0.547030
-0.441908
-0.659145
-0.391373
-0.738560
-0.488837
-0.794094
-0.736486
-0.775812
-0.687645
-0.736194
-0.435282
-0.438602
-0.505309
-0.585892
-0.575127
-0.525070
-0.707482
-0.758791
-0.720171
-0.779849
-0.692458
-0.578673
-0.770539
-0.618502
-0.627571
-0.673080
-0.548792
-0.333727
-0.406285
0.208118
-0.419976
1.047390
-0.429135
1.020380
-0.228355
0.835862
0.445488
0.247451
1.235652
0.299716
1.398753
-0.148615
1.339013
0.297916
1.139846
0.437250
1.267431
0.609917
1.075148
0.937506
0.576384
0.562629
1.057514
0.835100
0.600922
0.089105
0.491108
0.335607
0.214424
-0.422493
0.042986
-0.600254
0.001455
-0.699155
0.083695
-0.565901
-0.419230
-0.624695
-0.212943
-0.468457
-0.386106
-0.142061
-0.353777
-0.025304
-0.176730
-0.491882
0.701062
-0.366594
0.617987
-0.295917
0.334814
-0.295142
-0.036284
0.053996
-0.276186
0.296040
-0.550992
0.383138
-0.688325
0.476163
-0.923639
0.396922
-0.347205
0.276916
-0.311803
0.913158
0.413904
0.678030
1.004899
1.136836
1.658956
1.226478
1.055759
0.997499
0.602820
0.384158
0.027131
0.501702
-0.111346
0.084797
0.022633
0.087725
0.207631
0.220908
0.261681
0.411871
0.203793
0.406587
0.503659
0.437913
0.546181
0.520937
0.340417
0.205835
-0.064533
-0.154822
-0.334236
-0.228020
-0.327367
-0.242441
-0.212365
-0.306185
0.084987
0.157903
0.121556
0.323741
0.317260
0.626065
0.513133
0.667410
0.600768
0.807934
0.758003
0.714004
0.825111
0.652707
0.674056
0.794937
0.730647
0.625116
0.636578
0.773422
0.599320
0.771455
0.593620
0.756256
0.461430
0.607064
0.496751
0.437816
0.046561
-0.143095
-0.304090
-0.461061
-0.596126
-0.587541
-0.577174
-0.555499
-0.582758
-0.601519
-0.642585
-0.623564
-0.644454
-0.619830
-0.620309
-0.749968
-0.513253
-0.745955
-0.732940
-0.324388
-0.729858
-0.435645
-0.645677
-0.600035
-0.826300
-0.759362
-0.618812
-0.836078
-0.621415
-0.709103
-0.780474
-0.773089
-0.749142
-0.799263
-0.708132
-0.803767
-0.635140
-0.709189
-0.570215
-0.806140
-0.595913
-0.742539
-0.475368
-0.679958
-0.649109
-0.654400
-0.617085
-0.592253
-0.656695
-0.547437
-0.492324
-0.391887
-0.461208
-0.033055
-0.023738
0.362950
-0.195016
1.005950
0.033972
1.596773
-0.074970
1.495806
0.680875
0.329193
0.854757
1.234115
0.927135
0.931788
1.260505
0.522110
1.897910
0.330174
0.854790
1.148324
0.488336
0.487648
0.448985
0.646477
0.493755
0.598473
0.515993
0.076439
0.833255
-0.225161
-0.019993
-0.667137
-0.263342
-0.454072
-0.461555
-0.692911
-0.645076
-0.546096
-0.621095
-0.534796
-0.235912
-0.373643
-0.251899
-0.286768
0.052633
-0.104442
0.256415
0.205736
0.316360
-0.249530
0.555332
-0.164679
0.135771
-0.413485
0.117412
-0.238194
-0.204268
-0.562966
-0.171910
0.166991
-0.322684
-0.199354
0.001499
0.126954
0.085069
0.854853
0.781440
1.587156
0.685137
1.694763
1.053549
1.973138
0.557985
1.239691
0.197425
0.362172
-0.215652
-0.373865
-0.263335
-0.301753
-0.204074
0.184882
-0.092109
0.425803
0.247774
0.607816
0.778176
0.772482
0.831225
0.775332
0.877066
0.658794
0.504112
-0.102109
0.536844
-0.104823
0.167448
-0.305688
-0.103828
-0.249105
0.167230
-0.275137
0.211608
0.248172
0.328342
0.669292
1.012867
0.730124
1.060597
0.643424
1.168341
0.757424
1.063931
0.663440
1.034527
0.832467
0.871608
0.797987
0.755072
0.705526
0.784579
0.632964
0.808393
0.421919
0.769187
0.620363
0.579536
0.331782
0.491625
0.113612
-0.181108
-0.075603
-0.322544
-0.395314
-0.789710
-0.719404
-0.713684
-0.748662
-0.677458
-0.766285
-0.636979
-0.692482
-0.629995
-0.778294
-0.571705
-0.736908
-0.542113
-0.654111
-0.564057
-0.693907
-0.491756
-0.669951
-0.561730
-0.689278
-0.659784
-0.732074
-0.684307
-0.736944
-0.745065
-0.660990
-0.742967
-0.685018
-0.686029
-0.603034
-0.575141
-0.541437
-0.550594
-0.671166
-0.514529
-0.579631
-0.669946
-0.500953
-0.708672
-0.586912
-0.361764
-0.681258
-0.389009
-0.505742
-0.454982
-0.649110
-0.456910
-0.270037
-0.414836
-0.408258
-0.370362
-0.139617
0.168157
0.202157
0.480253
0.495664
0.927833
0.270579
0.068770
0.588003
0.666391
0.604389
0.084381
0.834460
0.276669
0.873262
0.313249
0.941514
0.435060
0.644953
0.639084
0.353219
1.143489
0.159671
0.793013
-0.146555
0.888496
-0.220250
0.287403
-0.647918
0.242422
-0.260664
-0.748929
-0.700183
-0.327712
-0.964679
-0.744624
-0.683505
-0.769853
-0.692342
-0.769478
-0.155607
-0.457085
-0.210689
-0.304030
-0.226944
0.043664
-0.386404
0.335109
0.473840
-0.068787
0.225530
0.338429
0.622003
0.102122
-0.194287
0.635323
-0.202390
0.558956
-0.131632
0.069321
0.005969
0.004119
-0.218865
-0.169554
0.697935
-0.230159
1.008388
0.590952
1.537291
1.006950
1.970798
1.228720
1.662237
1.129041
0.841730
0.450060
0.332996
-0.470784
-0.571862
-0.738629
-0.764160
-0.461780
-0.495563
-0.113887
0.319282
0.125974
0.879971
0.430184
1.040157
0.769604
1.152312
0.760412
0.968431
0.514604
0.136283
0.329580
0.084634
0.454901
-0.287266
0.438777
-0.348520
0.169222
-0.252302
0.371014
0.098090
0.330545
0.530841
0.475449
0.896385
0.474585
0.954494
0.951809
0.758238
0.927836
0.882511
0.909461
0.923290
1.022672
0.804472
1.032580
0.937172
1.103574
0.795211
1.383841
0.708416
1.228468
0.662664
0.874296
0.696354
0.565120
0.292146
0.183834
-0.064817
-0.410091
-0.493897
-0.400878
-0.641321
-0.614648
-0.729759
-0.777319
-0.804911
-0.834352
-0.868781
-0.861113
-0.852354
-0.582779
-0.891141
-0.710833
-0.519102
-0.561394
-0.522815
-0.620670
-0.312560
-0.711821
-0.670730
-0.593028
-0.745126
-0.694221
-0.727091
-0.742284
-0.754951
-0.710189
-0.796244
-0.625694
-0.673810
-0.592943
-0.675770
-0.590614
-0.679102
-0.548794
-0.525472
-0.503813
-0.621740
-0.529729
-0.534332
-0.579574
-0.570129
-0.522698
-0.536165
-0.456314
-0.513558
-0.374609
-0.444770
-0.261154
-0.290487
-0.278687
0.072925
-0.330205
0.922619
-0.363855
0.944614
0.310837
1.006083
0.233336
0.706352
0.162959
0.633868
0.235515
0.624607
0.617758
1.110507
0.723154
0.798842
1.518206
1.058604
1.477532
0.742692
0.841201
0.529437
0.706703
0.280001
0.315021
-0.096292
0.095936
-0.218212
-0.040177
-0.136441
0.064204
0.064654
-0.511464
-0.123667
-0.682816
-0.621447
-0.636473
-0.548278
-0.860289
-0.603506
-0.676105
-0.581683
-0.364748
0.054440
-0.280032
-0.514730
-0.026801
-0.555277
0.218002
-0.683516
0.336781
-0.598229
0.177682
-0.711792
-0.102437
-0.277988
-0.436869
-0.249860
-0.743551
0.001659
-0.671643
0.327195
-0.737870
0.129784
-0.170428
0.676692
0.890869
1.138823
1.422751
1.493669
1.993356
1.431002
1.635377
1.453369
1.596599
0.422076
1.042347
0.213205
0.232150
-0.217645
-0.081560
-0.188808
-0.183755
-0.258130
-0.063112
-0.106856
0.356885
0.328337
0.509712
0.415106
0.864114
0.533207
0.699570
0.840267
0.188701
0.722623
-0.183033
0.255287
-0.287750
-0.064858
-0.390916
0.179752
0.009831
-0.314612
-0.010472
0.156283
0.409217
0.219927
0.392837
0.191769
0.844949
0.048229
0.831617
0.414897
1.057151
0.633690
1.016819
0.762835
0.722317
0.917050
0.431396
0.496945
0.413337
-0.040178
-0.053687
-0.356280
-0.229934
-0.282357
-0.347227
-0.359320
-0.442871
-0.498457
-0.531147
-0.280982
-0.505600
-0.160412
-0.641297
-0.464510
-0.666890
-0.702199
-0.858490
-0.778435
-0.925651
-0.787455
-0.680321
-0.589371
-0.862983
-0.823198
-0.667648
-0.649730
-0.749340
-0.616177
-0.674182
-0.681851
-0.199119
-0.652694
-0.433691
-0.736375
-0.363462
-0.619213
-0.223195
-0.612571
-0.561068
-0.580762
-0.559411
-0.552531
-0.285400
-0.414381
-0.309687
-0.343072
-0.379214
-0.168480
-0.274448
-0.272047
-0.107962
-0.124965
0.333330
0.049429
0.748160
0.269695
1.037293
0.580125
0.882939
0.970465
0.695190
1.462346
-0.445191
1.114615
0.416860
1.076273
-0.099224
0.818385
0.219096
0.697208
0.736398
0.715818
1.037914
1.160191
0.649309
0.969389
0.895581
0.215616
0.664749
0.969885
0.648103
0.216637
0.339393
0.036925
0.625303
0.040079
-0.532704
0.256748
-0.618660
-0.006139
-0.344910
-0.220886
-0.782368
-0.177494
-0.535114
-0.460050
-0.603857
-0.314747
-0.210191
-0.151216
-0.540272
-0.037776
-0.826434
0.166745
-0.405226
-0.127073
-0.453872
-0.036340
-0.292307
-0.260909
-0.109650
0.408762
-0.054672
0.213888
-0.183071
0.131853
-0.395090
-0.149594
-0.220172
-0.412325
-0.199657
-0.176609
0.433994
0.378956
0.746125
0.710860
1.205312
1.661426
1.173862
1.095162
1.255479
1.073043
0.966551
0.489090
0.608298
0.269910
0.354389
0.218754
0.029514
0.190571
0.071003
0.094946
0.148892
0.231801
0.380960
0.363505
0.413155
0.344647
0.244976
0.588896
-0.113947
0.114481
-0.389973
0.369748
-0.582854
-0.109457
-0.345147
-0.219280
-0.444740
-0.029095
-0.372427
0.132908
-0.220678
0.095948
-0.084348
0.075095
0.112053
0.038122
0.507290
0.154287
0.359255
0.346787
0.581155
0.434291
0.575440
0.652210
0.610268
0.666018
0.644840
0.632114
0.443752
0.452137
-0.133056
0.170655
-0.534758
-0.182779
-0.713074
-0.569002
-0.707735
-0.716455
-0.645601
-0.645179
-0.353263
-0.504021
-0.135130
-0.645634
0.049720
-0.522683
-0.492464
-0.611831
-0.682240
-0.571230
-0.152294
-0.581236
-0.063037
-0.572541
-0.015426
-0.536677
-0.570449
-0.414294
-0.608843
-0.623402
-0.398109
-0.669717
-0.368850
-0.735789
-0.562413
-0.707723
-0.538665
-0.743321
-0.595821
-0.615674
-0.669549
-0.403773
-0.615259
-0.571184
-0.753478
-0.481556
-0.723624
-0.568878
-0.147298
-0.630046
-0.143830
-0.427612
0.170219
-0.456178
0.357205
0.218128
0.221414
0.543718
0.616497
0.567129
0.722073
0.805616
0.542498
0.583798
0.770630
0.142534
0.547477
0.499527
0.611300
0.056409
1.004084
0.590138
0.845757
0.613305
1.075096
0.764934
1.092862
0.558778
0.817393
0.427592
0.284800
0.405932
0.006990
0.231265
0.249933
0.010465
-0.083947
-0.047013
-0.180762
-0.336477
-0.334199
-0.302514
-0.108324
-0.704851
-0.328007
-0.379343
-0.509305
-0.182610
-0.434688
-0.257420
0.120659
-0.119972
-0.192798
0.193803
0.075538
-0.259903
0.077865
0.024194
-0.033660
0.018464
-0.268790
-0.064448
-0.231428
0.080747
-0.265903
0.208838
-0.228059
-0.092766
-0.158120
-0.401919
-0.044672
0.328633
0.545075
0.564722
1.139452
1.151206
1.406524
1.206725
1.284907
0.879820
1.215177
0.445574
0.606525
0.053566
0.322785
0.055548
0.115966
0.161698
0.187492
0.033190
0.282080
0.109567
0.473076
0.236072
0.411099
0.655327
0.239390
0.488522
0.298691
0.103022
-0.010522
-0.271126
-0.126419
-0.407037
-0.369919
-0.469225
-0.267058
-0.217981
-0.192462
0.125381
0.125730
0.311959
0.334708
0.215704
0.503622
0.323202
0.691085
0.103646
0.503966
0.555440
0.636225
0.744895
0.606935
0.690368
0.682712
0.712650
0.732572
0.677206
0.998002
0.464655
0.724440
0.282258
0.509450
0.103845
0.108920
-0.156091
-0.021566
-0.384330
-0.484247
-0.618646
-0.482503
-0.570595
-0.600150
-0.631559
-0.541825
-0.647075
-0.608074
-0.625646
-0.672629
-0.691465
-0.725091
-0.460968
-0.764142
-0.520520
-0.659934
-0.303126
-0.743311
-0.121262
-0.735668
-0.537663
-0.727983
-0.502580
-0.696870
-0.720888
-0.333173
-0.560893
-0.465796
-0.451793
-0.466372
-0.614515
-0.647477
-0.661401
-0.712355
-0.771079
-0.607975
-0.757173
-0.809910
-0.745351
-0.661546
-0.713782
-0.738602
-0.680941
-0.644800
-0.354091
-0.429223
-0.261196
-0.338504
-0.205941
0.311660
-0.361900
1.014481
0.190203
0.791395
-0.060595
1.065238
0.584009
0.415902
0.644264
0.938244
0.763563
0.500899
1.004003
0.568744
1.227264
0.533066
1.059972
0.835648
0.938590
0.697979
0.897114
0.877961
0.778901
0.354334
0.131407
0.552807
0.031663
0.338593
-0.467866
-0.081492
-0.256427
-0.697001
0.070323
-0.698055
-0.132483
-0.543722
-0.013112
-0.627635
0.246142
-0.650138
0.392948
-0.647204
0.133200
-0.389736
0.153855
-0.015675
-0.222759
0.557294
0.004848
-0.071411
-0.308567
0.568284
-0.481893
0.295053
-0.419345
0.479853
-0.584070
-0.046411
-0.467281
0.320324
-0.474256
-0.226838
-0.215028
0.209360
0.367342
0.441670
1.366980
0.735480
1.589833
1.033742
1.661185
0.922428
1.086056
0.627033
0.215864
0.437719
-0.014886
0.177978
0.041718
0.023508
0.368722
0.057367
0.159861
0.193262
0.534278
0.352168
0.316899
0.532862
0.487629
0.408880
0.176984
0.180572
0.209866
-0.341389
0.128199
-0.400474
-0.079190
-0.392090
-0.109774
-0.260715
0.123849
-0.103759
0.054809
0.293528
0.320797
0.467512
0.341901
0.913880
0.373927
0.815247
0.861876
0.600970
0.680386
0.737493
0.781441
0.632938
0.754571
0.666245
0.853652
0.678985
0.592779
0.636462
0.785926
0.500647
0.653035
0.540505
0.433262
0.167192
0.266923
-0.134063
-0.045519
-0.566203
-0.397216
-0.622713
-0.336798
-0.605597
-0.528119
-0.575679
-0.530030
-0.665686
-0.612882
-0.697734
-0.641119
-0.714991
-0.536255
-0.737546
-0.666234
-0.762460
-0.495863
-0.564383
-0.622696
-0.549508
-0.792296
-0.670552
-0.735683
-0.744573
-0.796909
-0.716045
-0.701137
-0.700460
-0.696560
-0.789973
-0.646419
-0.701516
-0.490842
-0.777099
-0.739294
-0.525179
-0.800791
-0.777909
-0.846942
-0.698279
-0.534563
-0.777523
-0.593072
-0.523653
-0.615861
-0.581533
-0.243188
-0.542103
0.080373
-0.529441
0.476959
-0.475363
0.746488
-0.010388
0.586154
0.754953
0.978007
0.395479
0.911443
0.361855
0.997502
0.224319
1.294107
0.551862
1.318753
0.403617
1.445659
0.887816
1.491248
0.443290
1.572156
0.323091
0.990530
0.039339
0.872748
0.166060
0.787782
-0.154347
0.102630
-0.040768
0.178149
-0.413708
-0.042554
-0.870432
-0.003858
-0.760233
-0.687222
-0.735361
-0.275187
-0.390013
-0.562345
-0.043382
-0.479307
0.305738
-0.143502
0.110536
-0.093792
0.281250
0.231222
-0.027804
0.178462
-0.237099
0.445697
-0.440887
0.120689
0.131286
0.031699
-0.138773
-0.343678
0.526490
-0.592240
0.413801
-0.774016
0.633535
-0.296858
0.870054
0.475983
1.099507
1.251633
1.000063
1.912698
0.784602
1.621086
0.540364
0.688326
-0.116795
0.088870
-0.426382
-0.304289
-0.286546
-0.088364
-0.216788
0.191856
-0.027782
0.777814
0.231798
0.845234
0.784334
0.894343
0.787549
0.704438
0.794886
0.165556
0.818307
-0.081306
0.188780
-0.173105
-0.156758
-0.143102
-0.404408
0.157795
-0.385218
0.223411
0.132713
0.625611
0.380853
0.613945
0.814225
0.766959
0.918830
0.776723
0.908760
0.858023
0.963308
0.763508
0.962465
0.773396
1.012761
0.705520
0.749686
0.768537
0.713590
0.856810
0.371536
0.897682
0.439588
0.858642
0.397493
0.540061
0.279631
0.223096
0.098043
-0.448608
-0.291883
-0.668363
-0.479235
-0.649840
-0.769136
-0.657026
-0.592701
-0.794702
-0.645374
-0.748435
-0.650255
-0.692900
-0.694139
-0.678323
-0.710430
-0.594618
-0.336196
-0.746964
-0.514116
-0.688654
-0.485092
-0.633115
-0.628971
-0.641126
-0.619070
-0.832314
-0.777996
-0.752491
-0.836636
-0.874010
-0.589846
-0.565366
-0.645343
-0.567424
-0.639550
-0.357178
-0.587340
-0.480387
-0.670651
-0.232277
-0.685800
-0.568516
-0.725934
-0.401999
-0.640300
-0.643923
-0.597567
-0.584408
-0.567087
-0.342778
-0.772219
-0.228248
-0.616077
0.117282
-0.286836
0.632326
-0.020197
0.159896
1.118744
0.376454
0.955895
-0.439898
1.206124
0.708764
0.673993
0.051994
0.575305
1.490010
0.201853
1.151843
0.692326
1.286047
0.881544
0.977587
0.696833
0.392945
0.475630
0.056648
-0.008939
-0.023662
0.068333
-0.411261
-0.491834
-0.319900
-0.207410
-0.762384
-0.443427
-0.739874
-0.558617
-0.634930
-0.389994
-0.454581
-0.343482
0.270430
-0.179014
0.492382
-0.120139
0.651805
0.158280
-0.302983
0.443770
-0.039231
0.673480
-0.818829
0.330964
-0.356692
0.457404
-0.725884
-0.086204
-0.420836
0.187762
-0.346792
-0.693924
0.581584
-0.284811
0.540789
-0.042662
0.686462
0.768402
1.464714
1.183242
1.273786
1.863840
2.035014
1.052262
1.434345
0.653669
0.888219
-0.489042
-0.384088
-0.788540
-0.778255
-0.301236
-0.098220
-0.222058
-0.319201
0.413481
0.038590
0.450808
0.209078
0.850546
0.800274
0.942848
0.707831
0.517297
0.829924
0.455028
0.386201
0.327590
-0.208530
0.359261
-0.168080
-0.009325
-0.032557
0.319203
-0.040188
0.147163
0.506052
0.242231
0.883894
0.290008
0.665845
0.351713
1.084661
0.767721
0.566462
1.009538
1.164980
0.674799
0.784086
0.696666
0.994691
1.298290
0.473521
0.993892
1.073165
0.947865
0.385442
0.998541
0.448551
1.022703
0.271210
0.363050
0.044350
0.333020
-0.307152
-0.556987
-0.542627
-0.760651
-0.354061
-0.528975
-0.848753
-0.679444
-0.874150
-0.874660
-0.651900
-0.748398
-0.796974
-0.851357
-0.432770
-0.896987
-0.625756
-0.493204
-0.565052
-0.130520
-0.837275
-0.451952
-0.772321
-0.488151
-0.201089
-0.747823
-0.899608
-0.449601
-0.783014
-0.630669
-0.337170
0.153478
-0.298664
-0.711460
-0.660433
-0.687412
-0.770251
-0.666292
-0.646671
-0.742022
-0.618816
-0.275764
-0.080177
-0.360227
-0.266860
-0.479108
-0.019846
0.156527
0.121667
-0.209337
-0.016262
-0.337762
0.215885
-0.469247
-0.628592
-0.038590
0.107020
1.371653
-0.109882
1.388194
0.397489
1.193232
0.307111
-0.350927
1.376916
-0.232248
0.630980
1.761567
2.046911
-0.634229
1.224601
0.540657
0.287663
0.270211
2.939922
-0.166181
0.697548
0.390952
0.110311
0.066391
-0.686856
0.240704
0.381334
0.005015
0.208366
-0.377566
1.303732
-0.714566
0.929538
-0.786846
1.645673
1.481380
-0.897796
0.131304
0.692748
0.828247
-0.400935
-0.503045
-0.368623
0.285346
-0.950376
-0.486837
-0.613254
0.802700
-0.249679
-0.462231
-0.684934
0.043318
0.303436
0.359675
-0.279171
-0.700383
1.775720
0.427177
-0.593998
-0.623341
-0.301278
3.008614
0.671388
1.419707
3.186907
0.233421
0.791336
0.108004
2.708583
3.304918
0.224757
0.791377
1.633576
3.620407
2.139372
3.617344
0.421898
1.985349
4.049908
3.200168
2.816199
-0.458307
1.756803
1.895866
1.554428
-0.486441
-0.061566
0.286463
0.783101
0.915993
-0.825842
1.696599
0.275424
0.043449
0.929416
-0.140985
1.422000
0.268132
0.070759
1.085838
0.013025
0.999609
0.374542
-0.401759
-0.284659
-0.719288
0.489137
0.921325
-0.553423
-0.894590
-0.120680
-0.765842
-0.283055
-0.140187
-0.818124
-0.402062
-0.802907
-0.961242
0.071885
0.769892
0.323077
-0.391745
0.312441
1.255120
0.366824
-0.389182
0.003316
0.165291
-0.663399
0.966251
-0.568635
1.030217
0.797230
0.007396
0.256755
-0.388699
0.539698
-0.653359
0.187027
-0.323728
0.515694
0.547090
-0.044110
0.234135
-0.457576
-0.472032
-0.630315
0.497085
0.866268
-0.827190
0.193970
0.114982
0.281200
-0.729187
-0.895518
0.633664
-0.287581
-0.282273
0.211451
-0.344834
0.608874
0.698679
-0.808706
-0.341946
-0.324475
0.240879
0.776973
0.445819
-0.843639
0.196696
0.097445
-0.772181
1.054484
-0.205671
1.104322
-0.540285
-0.277139
-0.871927
-0.712956
-0.502192
-0.494938
-0.469029
-0.681500
-0.673697
-0.793772
-0.310521
-0.656179
-0.666847
-0.325520
-0.600253
-0.634966
-0.880988
-0.680354
-0.647687
-0.642642
-0.744643
-0.423918
-0.195407
-0.367791
-0.635054
-0.916455
-0.844872
-0.804763
-0.181643
-0.738446
-0.630924
-0.662157
-0.502086
-0.756061
-0.726672
-0.528692
-0.358145
-0.503480
-0.907598
-0.706906
-0.437822
-0.743247
-0.892121
-0.816706
-0.676081
-0.176950
-0.340623
-0.718155
-0.622745
-0.197953
0.235177
-0.835541
-0.166591
0.542154
-0.387886
-0.673463
-0.270398
-0.779962
-0.541696
-0.212067
-0.845481
-0.375566
-0.565731
-0.400301
-0.403849
0.111654
-0.876246
-0.218774
-0.860525
-0.657289
0.512698
0.465014
0.233336
0.819597
1.614179
0.545618
0.408521
0.156625
0.766585
0.456954
0.727307
-0.009612
0.691532
0.546957
0.234303
0.008506
-0.085951
0.198630
0.786521
-0.046819
0.397576
-0.265030
-0.612111
-0.832209
-0.495018
-0.544528
-0.277040
0.416506
0.753387
0.459538
-0.213365
-0.185948
0.409606
-0.707756
-0.895092
-0.323827
-0.502898
-0.482993
-0.891881
-0.373966
-0.767204
0.354550
0.200768
0.288004
0.657622
0.589423
0.092917
0.006635
0.662807
0.424645
1.174198
0.098725
1.123523
0.562807
1.391128
0.034911
0.821877
0.571764
0.237798
0.108151
-0.395157
0.037563
-0.645549
-0.337025
-0.442215
-0.488545
-0.774247
-0.344738
-0.704314
-0.058716
-0.592634
-0.299506
-0.723957
-0.344430
-0.633786
-0.684163
-0.241604
-0.257078
-0.720443
-0.615427
-0.404751
-0.718889
-0.817529
-0.846411
-0.591915
-0.586931
-0.590174
-0.622538
-0.095507
-0.453004
-0.191370
-0.337321
-0.469961
-0.671858
-0.398344
-0.723321
-0.532604
-0.677434
-0.377832
-0.761813
-0.374516
-0.407656
-0.109198
-0.578889
-0.536834
-0.659897
-0.099203
-0.632982
-0.548425
-0.462035
-0.235049
-0.355586
-0.758915
-0.128598
-0.697948
0.269831
-0.152041
0.500716
0.281608
1.357330
0.544110
0.364968
0.822972
0.317605
0.850353
-0.092720
0.479040
0.968927
0.896652
0.722679
0.584428
1.791935
0.317322
1.713621
0.251606
1.075191
0.358881
1.063173
0.124513
0.284384
0.360872
0.347748
0.515672
0.111922
0.845660
-0.601688
0.287880
-0.460149
-0.071634
-0.216525
-0.321690
-0.178520
-0.843103
-0.242436
-0.836565
-0.224359
-0.216059
-0.186052
-0.015905
-0.157288
0.125857
-0.255547
0.189673
-0.024965
0.149017
-0.446602
-0.035540
-0.049896
0.046574
-0.359646
0.439024
-0.345509
-0.168934
-0.362331
0.115655
-0.059944
-0.437462
-0.459449
-0.024390
-0.188216
0.351148
0.193122
0.958238
1.027137
1.222343
1.315959
1.101055
1.368283
0.939901
0.793742
0.808597
0.271748
0.199513
0.582374
-0.061717
0.353817
-0.048183
0.223102
0.174156
-0.035416
0.209906
0.101641
0.703977
0.448477
0.580796
0.334316
0.672056
0.261995
0.308704
-0.132925
-0.068835
-0.182700
-0.563938
-0.451837
-0.463056
-0.207135
-0.167363
-0.408262
0.146327
0.033108
0.531526
-0.190322
0.646575
0.250244
0.732192
0.172772
0.715411
0.187099
0.721227
0.415188
0.639089
0.592515
1.037980
0.404910
1.008568
0.233613
0.940601
0.280095
0.961645
0.355588
0.998101
-0.004375
0.716905
-0.194795
0.313687
-0.495219
-0.168384
-0.479545
-0.601923
-0.604023
-0.568422
-0.447816
-0.588118
-0.498519
-0.607825
-0.338859
-0.624959
-0.563339
-0.583696
-0.716691
-0.527862
-0.783598
-0.672797
-0.589155
-0.574647
-0.260093
-0.610538
-0.481305
-0.521975
-0.568169
-0.581655
-0.551189
-0.373641
-0.683634
-0.400908
-0.615499
-0.627356
-0.692598
-0.535716
-0.738594
-0.633620
-0.727857
-0.716794
-0.826434
-0.533296
-0.721133
-0.529240
-0.888735
-0.600709
-0.654734
-0.646792
-0.684970
-0.537951
-0.313595
-0.310323
-0.375374
0.137797
-0.134333
0.281656
-0.135396
0.283385
0.464929
0.079085
1.022516
0.328867
1.150064
0.453135
0.617031
0.868597
0.288646
0.541165
0.726848
1.308251
0.914768
0.781347
1.255277
0.908172
0.849776
0.727029
0.438884
0.702708
0.511724
0.356222
0.084884
0.232395
0.147584
-0.051766
-0.140186
-0.558972
0.312293
-0.538347
-0.141093
-0.786580
-0.163231
-0.610801
-0.658405
-0.499938
-0.729325
0.442700
-0.632505
0.148780
-0.741784
0.880396
-0.111385
0.477322
0.048058
0.398702
-0.073495
0.088401
0.039483
-0.397241
0.150639
-0.592165
-0.067895
-0.084849
-0.236691
-0.212372
-0.472782
0.177112
-0.411900
0.171146
-0.094774
0.552655
0.436478
1.008115
0.631539
1.789447
0.989394
1.930539
0.842703
1.308326
0.241406
0.862557
-0.037723
0.192530
0.019930
0.258798
0.208277
0.139885
0.217945
0.376364
0.184650
0.496911
0.087304
0.839980
-0.019812
0.659488
0.262594
0.461034
0.198476
0.147739
-0.219172
-0.064739
-0.196697
-0.368302
-0.191269
-0.315702
-0.110474
-0.201587
-0.015247
0.101634
0.130339
0.512994
0.089267
0.925358
0.407448
0.907060
0.576680
0.974556
0.552349
0.619290
0.686716
0.669873
0.661652
0.452853
0.692120
0.740768
0.651881
0.649544
0.696545
0.866832
0.429738
0.718640
0.404927
0.429050
0.236760
0.272280
-0.035056
-0.263221
-0.475047
-0.427676
-0.540545
-0.625825
-0.592956
-0.548791
-0.558956
-0.592949
-0.622573
-0.692969
-0.624151
-0.714499
-0.646851
-0.775176
-0.605695
-0.698698
-0.482337
-0.782141
-0.526220
-0.553465
-0.668244
-0.782934
-0.579714
-0.765143
-0.797871
-0.700383
-0.754549
-0.748963
-0.738579
-0.613926
-0.584503
-0.775639
-0.721444
-0.760969
-0.699393
-0.762243
-0.628422
-0.753275
-0.618975
-0.752291
-0.716988
-0.683053
-0.613878
-0.589771
-0.423204
-0.488601
-0.610075
-0.398092
-0.558965
-0.381684
0.048402
-0.340669
0.304559
-0.067000
0.736014
0.193548
0.795850
1.026433
0.528094
1.338091
0.307552
1.694897
0.675002
0.820761
0.417282
1.661580
0.806164
1.116603
0.864735
1.138927
1.191176
0.586261
1.239697
0.198972
1.133134
-0.365777
1.206038
-0.369100
0.563822
0.026041
-0.177137
0.102283
-0.587184
-0.194918
-0.678527
-0.337824
-0.191590
-0.754013
-0.450208
-0.730548
-0.336874
-0.709608
-0.280433
-0.290542
-0.124841
0.009305
-0.295367
0.695704
-0.341520
0.301928
-0.032788
0.148510
-0.054285
0.014099
0.396923
-0.396161
0.371215
-0.581624
0.330885
-0.488840
0.010020
-0.520662
0.272673
0.087863
-0.186927
0.812987
0.166331
1.902968
0.147929
2.190487
0.500066
2.188767
0.606517
1.368518
0.495694
0.267448
0.334277
-0.302787
0.100869
-0.356457
-0.231447
-0.059659
0.118540
0.085141
0.672239
0.366707
0.828597
0.458608
1.148394
0.564271
0.702169
0.600926
0.702769
0.296106
0.175320
0.285091
-0.073830
-0.018940
-0.236648
-0.161181
-0.246249
-0.094752
-0.092676
0.438028
0.068522
0.577155
0.517472
0.972969
0.511443
1.169595
0.447352
1.398434
0.527963
1.146116
0.558606
0.931992
0.661307
0.766808
0.778775
0.676903
0.625836
0.705914
0.573483
0.753428
0.510456
0.845043
0.632517
0.571032
0.503626
0.428469
0.226847
0.039870
-0.139306
-0.432921
-0.332354
-0.661303
-0.707570
-0.680285
-0.694274
-0.729224
-0.665783
-0.728227
-0.697011
-0.653365
-0.642240
-0.732806
-0.603115
-0.641281
-0.607976
-0.690017
-0.477998
-0.624194
-0.692857
-0.415001
-0.640993
-0.429452
-0.568493
-0.626746
-0.725848
-0.778570
-0.787604
-0.610527
-0.781799
-0.631889
-0.810344
-0.650411
-0.693076
-0.752310
-0.604061
-0.571388
-0.623068
-0.585266
-0.716147
-0.577520
-0.556826
-0.677692
-0.270594
-0.625266
-0.589351
-0.685874
-0.515881
-0.538406
-0.631293
-0.576877
-0.281755
-0.517652
-0.048990
0.156859
0.177223
-0.060268
1.294732
0.015702
0.497712
1.077111
0.037856
1.266123
-0.221421
1.834930
-0.195341
1.418897
0.064371
1.167659
0.532232
0.120596
0.478825
1.202924
0.931088
0.403907
0.752688
0.246637
0.568594
-0.046248
0.702994
0.015835
-0.102855
0.046840
-0.630030
0.237646
-0.899636
-0.342072
-0.576594
-0.167109
-0.726655
-0.354099
-0.554506
-0.555849
-0.417575
-0.571365
0.010440
-0.504306
0.646975
-0.400503
0.638319
-0.378184
-0.118147
0.442715
-0.337825
0.510903
-0.136983
0.393170
-0.406360
-0.130144
-0.386052
0.135531
-0.021586
-0.181129
-0.344229
-0.216948
0.136529
-0.433012
0.874518
-0.004006
1.025232
0.991356
1.407247
1.576935
1.472709
1.605906
1.086508
1.303715
0.315489
0.879705
-0.179849
-0.282406
-0.580602
-0.811436
-0.764041
-0.311161
-0.600706
0.129552
-0.260531
0.881363
0.296701
1.082411
1.025318
1.446951
0.964252
1.286307
0.787152
1.053719
0.659781
0.382799
0.081604
0.265543
-0.123833
-0.058548
-0.224651
0.077355
0.019326
0.106313
0.158833
0.552890
0.807729
0.541863
1.080092
0.734468
1.224819
0.632064
0.903783
1.026476
1.102637
0.587555
0.700155
0.995544
0.517679
0.922009
0.615422
0.922892
0.682119
0.703256
0.782559
0.587008
0.805895
0.433800
0.610538
0.227435
0.154838
0.196777
-0.167586
-0.335926
-0.439437
-0.672563
-0.540478
-0.688305
-0.759986
-0.747771
-0.573029
-0.717257
-0.839161
-0.731905
-0.804191
-0.784628
-0.797575
-0.492562
-0.759418
-0.329439
-0.543191
-0.571691
-0.511215
-0.729874
-0.472474
-0.682228
-0.725336
-0.700666
-0.787097
-0.734461
-0.449288
-0.697428
-0.510677
-0.699885
-0.548761
-0.759580
-0.598769
-0.709714
-0.458683
-0.704273
-0.429363
-0.514311
-0.508478
-0.389778
-0.507537
-0.310083
-0.572156
-0.273630
-0.532583
-0.329124
-0.220843
-0.414674
-0.265797
-0.468786
0.024161
-0.315477
-0.284625
-0.040596
-0.221883
0.331234
0.405135
0.076592
0.813952
0.217062
0.972642
0.020497
1.111966
0.030066
0.878840
0.239147
1.111612
0.818570
0.865837
0.618934
0.796882
0.874898
0.735742
0.077049
0.403455
0.240508
0.499225
-0.283126
0.264933
-0.305495
0.074295
-0.399265
-0.729294
0.161371
-0.718678
0.036716
-0.695291
-0.022687
-0.665966
-0.085592
-0.680266
-0.544147
-0.545211
-0.614566
-0.773922
-0.544307
-0.377891
-0.542773
-0.207334
-0.335512
0.159358
-0.212329
0.167192
-0.000227
-0.097783
-0.509435
0.048852
-0.100730
0.011130
-0.240984
0.156971
-0.660773
-0.140520
-0.500445
0.158683
-0.369479
-0.179985
0.474596
-0.046980
1.105994
0.213877
2.152677
1.020925
2.093567
1.072895
1.564647
1.464048
0.884256
1.095443
0.139562
0.320735
-0.077399
0.358349
-0.299925
-0.020972
-0.285474
-0.255785
0.207038
-0.262977
0.343632
0.069461
0.615500
0.533748
0.410109
0.859794
0.315442
0.905230
0.032808
0.735185
-0.023031
0.304157
-0.070916
0.085690
-0.368147
-0.162648
0.098501
-0.361787
0.297665
0.137082
0.454540
-0.186364
0.674926
0.092655
0.770181
0.150275
0.708019
0.468159
0.956691
0.668260
0.805876
1.264436
0.843966
1.046487
0.796346
0.794695
0.571347
0.368079
0.247961
0.014061
-0.257117
-0.338153
-0.080370
-0.430768
-0.445704
-0.455717
-0.323117
-0.553956
-0.332726
-0.693763
-0.291102
-0.747138
-0.588013
-0.834901
-0.753186
-0.761775
-0.835321
-0.903958
-0.587660
-0.880406
-0.650737
-0.808334
-0.645697
-0.741109
-0.551483
-0.633404
-0.693135
-0.600139
-0.555837
-0.582102
-0.678786
-0.501980
-0.582371
-0.440687
-0.676294
-0.372898
-0.584014
-0.513652
-0.573523
-0.537324
-0.481050
-0.499020
-0.435054
-0.440300
-0.303911
-0.371048
-0.000018
-0.381841
-0.030101
-0.196222
0.683081
-0.195235
0.628687
-0.057987
0.823599
0.125769
0.507969
0.427758
1.357334
0.142463
0.611867
0.408586
0.746325
0.131198
0.514093
0.259852
0.468059
0.567025
0.607874
1.022817
0.540399
1.184760
0.775882
1.225601
0.703091
0.896481
0.739128
0.712837
0.352760
0.637075
0.220436
0.517272
0.109589
0.034720
0.503647
-0.056973
-0.341974
-0.288983
-0.281407
0.204955
-0.568414
0.010558
-0.809150
-0.228980
-0.754103
0.105665
-0.744313
-0.151320
-0.243925
-0.899869
0.221182
-0.752596
0.365181
-0.726516
0.198038
-0.747289
0.183162
-0.322519
-0.192074
-0.011614
-0.375764
0.228063
-0.306786
0.219195
-0.241696
-0.030170
-0.475614
-0.522431
0.042560
-0.452205
-0.193459
-0.014847
0.827518
0.802065
0.950884
1.093436
1.217593
1.820070
1.389718
0.775866
1.203664
0.737234
1.065186
0.317045
0.738236
0.236224
0.084646
0.141120
0.000409
0.109611
0.007558
0.152569
0.302584
0.139435
0.608518
0.179258
0.428304
0.522976
0.504869
0.123050
0.025737
0.101650
-0.254380
0.114604
-0.422493
-0.156493
-0.478425
-0.140406
-0.402496
0.152953
-0.407148
0.198705
-0.002591
0.452369
0.139629
0.081041
0.247935
0.288442
0.611236
0.340003
0.160969
0.873356
0.237007
1.143275
0.427215
0.907606
0.552343
0.792787
0.495068
0.211947
0.500590
-0.259551
-0.118890
-0.505928
-0.428527
-0.641437
-0.586198
-0.624452
-0.556564
-0.554862
-0.504495
-0.430378
-0.555202
-0.364705
-0.551383
-0.477190
-0.678606
-0.592077
-0.614858
-0.715765
-0.731119
-0.642259
-0.664980
-0.175511
-0.670000
-0.472140
-0.647109
-0.274244
-0.662400
-0.582574
-0.664397
-0.573960
-0.471420
-0.729802
-0.731087
-0.699709
-0.724428
-0.727262
-0.676576
-0.657094
-0.598046
-0.566339
-0.551566
-0.522885
-0.506666
-0.511123
-0.598883
-0.598344
-0.535339
-0.449000
-0.447837
-0.376753
-0.078142
-0.106383
-0.199926
0.430610
0.634650
0.462168
0.950607
0.627491
1.289972
0.329428
1.433010
0.499947
0.893753
0.148552
0.983715
0.396877
0.533163
1.232530
0.022922
1.805020
0.253074
1.947759
0.480446
1.515441
0.644218
1.209166
0.687973
0.272019
0.730218
0.216355
0.505428
0.144794
0.225900
0.097268
0.616397
-0.314266
0.096234
-0.041414
-0.429044
-0.317150
-0.605985
-0.424310
-0.485254
-0.359371
-0.089845
-0.355449
-0.012994
-0.823559
0.375778
-0.379783
-0.009964
-0.024040
-0.084408
0.297074
-0.511070
0.102593
-0.688972
0.267950
-0.684146
0.205300
0.177951
0.099858
-0.239939
-0.229748
0.126016
-0.523819
-0.251324
-0.026524
0.068823
-0.051273
0.203141
0.657046
0.895651
1.323712
1.107722
1.604403
1.090150
1.574359
0.266950
1.304877
0.318848
0.429543
0.280554
0.193369
0.243071
0.162239
0.145237
0.269811
0.148310
0.507774
0.160381
0.191501
0.511205
0.261011
0.847289
0.146766
0.595271
-0.214612
0.327293
-0.271392
0.202489
-0.289792
-0.386179
-0.420981
-0.383844
-0.258094
-0.392328
0.044669
-0.063481
0.403717
-0.201408
0.406607
0.435253
0.381954
0.539715
0.332535
0.768956
0.316071
0.771566
0.385027
0.721741
0.510426
0.714406
0.517521
1.016900
0.598893
0.639524
0.515570
0.517314
0.523548
0.286509
0.192199
0.316627
-0.180624
-0.140603
-0.330091
-0.515462
-0.472994
-0.515419
-0.608879
-0.623608
-0.561887
-0.546220
-0.555555
-0.642256
-0.648365
-0.671427
-0.657628
-0.718498
-0.574590
-0.712510
-0.386996
-0.709623
-0.441481
-0.688915
-0.419264
-0.599610
-0.537578
-0.552157
-0.538212
-0.664799
-0.710011
-0.744132
-0.761520
-0.707986
-0.720006
-0.790890
-0.565584
-0.718493
-0.753479
-0.552285
-0.546213
-0.335548
-0.413934
-0.348622
-0.609330
-0.567377
-0.582589
-0.555079
-0.637547
-0.438230
-0.243073
-0.467286
0.036001
-0.409927
0.093532
-0.253889
0.248260
0.165229
-0.029421
1.163613
-0.092417
0.750866
0.118936
1.710383
0.059890
0.708503
0.992442
0.440984
1.268292
0.359901
1.032733
1.113980
1.264626
0.439870
1.045962
0.685244
0.719594
0.628112
0.783044
-0.067038
0.522426
-0.070396
0.519615
0.232913
0.184283
-0.147373
-0.295983
-0.370586
-0.694648
0.052699
-0.764256
-0.473439
-0.653175
-0.266124
-0.593324
-0.489018
0.022490
-0.576861
0.127255
-0.167497
-0.142805
0.007643
0.093517
-0.138291
0.342449
-0.178761
0.331584
-0.203003
0.337560
-0.297196
0.089164
-0.173159
-0.558936
0.164842
-0.182309
-0.153884
-0.229667
-0.013106
-0.274512
0.124577
0.532109
0.398637
0.855011
1.257505
0.779636
1.427179
1.416978
1.218119
0.690882
1.103114
0.335597
0.508207
0.192448
0.136357
0.148101
0.231419
0.162239
0.170302
0.280036
0.152269
0.425308
0.287283
0.706456
0.581163
0.463344
0.822682
0.136570
0.336341
0.155512
0.191053
-0.226131
-0.250149
-0.191291
-0.411422
-0.302319
-0.214234
-0.200236
-0.131355
0.147146
-0.042635
0.490099
0.106031
0.569649
0.277505
0.722599
0.559411
0.748383
0.887774
0.540393
0.576811
0.693337
0.806679
0.526155
0.862279
0.491008
0.764683
0.702738
0.867555
0.750037
0.732863
0.474575
0.679494
0.435012
0.181104
0.246560
-0.212600
-0.181559
-0.366376
-0.393948
-0.597449
-0.577530
-0.467592
-0.597603
-0.517750
-0.625319
-0.551980
-0.633627
-0.734875
-0.713708
-0.675476
-0.739415
-0.439438
-0.755809
-0.287439
-0.766234
-0.444920
-0.691240
-0.348824
-0.777861
-0.524643
-0.752375
-0.780095
-0.763636
-0.798360
-0.757753
-0.689716
-0.724675
-0.734136
-0.656537
-0.723176
-0.731427
-0.700345
-0.795691
-0.735338
-0.712244
-0.798636
-0.760995
-0.603704
-0.774311
-0.677732
-0.481557
-0.619282
-0.560928
-0.524588
-0.578735
-0.356404
-0.444263
0.171787
-0.429570
0.150829
0.434183
0.862787
0.391221
0.698179
0.899048
0.698254
0.688708
1.068182
0.424916
1.059967
0.409291
0.525105
1.033843
1.644954
0.607971
1.093909
1.132854
0.950282
0.627684
1.032886
1.119377
0.517041
0.649691
0.473931
0.285752
0.255735
-0.281870
0.172275
0.095102
-0.492668
-0.407487
-0.707918
-0.677154
-0.571084
-0.274057
-0.565029
0.158044
-0.545273
-0.128971
-0.283182
0.165918
-0.487720
0.234501
-0.087797
0.056609
0.011654
0.101540
-0.207782
-0.050234
-0.144421
-0.272530
0.174808
-0.094159
0.117570
-0.568442
0.128119
-0.733301
0.653573
-0.404946
0.149351
-0.590674
0.834301
-0.042231
0.504904
0.857890
0.950510
1.387258
1.431883
1.357300
1.420235
0.872364
0.952100
-0.009128
0.592696
-0.172214
-0.160911
-0.064595
-0.116522
0.099381
0.182635
0.276268
0.354397
0.516326
0.738324
0.832797
0.619024
0.896922
0.836526
0.412551
0.548845
0.111768
0.142875
0.050305
-0.177863
-0.026793
-0.329391
0.047429
-0.311044
0.346668
-0.114789
-0.003807
0.596182
0.255387
1.036784
0.110535
1.249958
0.536168
1.139435
0.744058
0.814667
1.091918
0.726686
0.752298
0.695621
0.834210
0.685827
0.581923
0.725723
0.816479
0.550568
0.864790
0.339135
0.740665
0.288984
0.684714
0.227847
0.430960
0.068419
-0.059590
-0.073847
-0.630174
-0.674720
-0.577670
-0.681726
-0.695551
-0.731410
-0.675907
-0.679190
-0.600796
-0.705940
-0.721674
-0.693032
-0.672909
-0.640271
-0.667646
-0.630022
-0.642575
-0.295363
-0.747888
-0.495101
-0.695452
-0.343065
-0.538792
-0.625080
-0.621664
-0.642402
-0.571328
-0.843091
-0.652098
-0.798558
-0.801830
-0.662174
-0.735352
-0.518249
-0.734304
-0.312599
-0.723010
-0.353274
-0.675948
-0.492038
-0.675694
-0.390351
-0.733380
-0.671329
-0.681214
-0.611804
-0.558212
-0.616495
-0.509024
-0.274043
-0.477552
-0.367163
0.202378
-0.235367
-0.030373
0.243222
0.307278
0.274296
0.622747
0.194489
1.408276
0.514159
-0.041033
0.436638
1.258710
0.430883
0.638330
0.538273
0.922133
0.522117
0.966919
0.526664
0.514367
0.880122
0.264289
0.677233
0.579439
0.300380
0.341144
-0.117724
-0.043888
-0.227155
-0.108816
-0.496712
-0.505824
-0.377666
-0.768862
-0.606474
-0.785300
-0.677793
-0.693707
-0.797706
-0.763188
-0.602151
-0.096492
-0.236660
-0.033574
0.508356
0.048137
0.423217
-0.313620
0.537189
-0.169151
0.794987
-0.223524
-0.165088
-0.061495
0.149758
-0.275847
0.013494
-0.378852
-0.189574
-0.299649
0.066623
-0.403801
0.484127
0.002985
0.403675
0.669795
1.020008
1.594662
1.906199
1.466738
1.681394
1.682514
1.083013
0.673785
0.763893
0.268624
-0.097158
-0.717451
-0.802829
-0.564112
-0.479198
0.070445
0.239452
0.094818
0.312963
0.660954
1.031058
0.657979
0.996228
0.620540
1.240488
0.717346
0.810450
0.286044
0.289411
0.333013
0.027055
0.112110
-0.064671
0.021376
-0.234285
0.116977
0.199943
0.576915
0.302639
0.595545
0.615628
0.965062
0.980888
0.845655
1.099642
1.129973
1.041587
0.848861
1.010080
0.749972
0.714189
0.651257
0.778839
0.525268
0.837824
0.505313
0.488768
0.762893
0.966436
0.650018
0.665550
0.613688
0.440651
0.345399
0.070686
-0.132955
-0.117053
-0.351443
-0.564677
-0.708016
-0.752934
-0.767902
-0.750398
-0.723413
-0.800386
-0.782449
-0.824951
-0.692639
-0.729243
-0.818168
-0.824770
-0.647646
-0.588517
-0.547656
-0.708051
-0.548798
-0.582340
-0.525547
-0.757826
-0.576488
-0.725980
-0.773128
-0.584829
-0.727127
-0.635621
-0.692010
-0.706012
-0.361260
-0.514026
-0.436457
-0.672629
-0.307944
-0.534860
-0.419870
-0.701246
-0.437329
-0.556612
-0.570191
-0.425087
-0.518400
-0.269510
-0.500131
-0.369424
-0.505550
-0.434299
-0.478293
-0.432676
-0.492981
-0.177968
-0.265142
0.029625
-0.064912
0.297143
-0.024197
0.626641
0.204539
0.665511
0.573993
0.455750
0.543580
-0.187084
0.947301
0.037543
1.291953
-0.196817
1.319911
0.750625
0.304787
1.083654
0.446680
1.461791
0.009072
1.066703
0.071596
0.230870
-0.365069
0.294369
0.138730
-0.670962
-0.110081
0.079442
-0.410533
-0.432465
-0.354418
-0.600774
-0.254621
-0.715043
-0.225762
-0.564315
0.260837
-0.673992
0.047302
-0.588122
-0.601740
0.151874
-0.729808
0.371616
-0.560091
0.464198
-0.661681
0.565581
-0.704194
0.382898
-0.552159
-0.101566
-0.375760
0.132856
-0.612901
-0.056457
-0.311126
0.124161
-0.570397
-0.503296
0.013681
-0.145055
0.104780
0.222693
0.905140
0.973720
1.277763
1.736967
1.407145
1.433910
1.635569
0.981177
1.125980
0.511853
0.538846
0.045755
-0.055786
-0.361984
0.097050
-0.337242
-0.323806
-0.338715
-0.160692
0.171945
0.004879
0.552205
0.319717
0.692028
0.346659
0.840671
0.153554
0.902010
0.159764
0.249617
0.175302
0.013525
-0.013475
0.030334
0.075670
-0.091750
0.194464
0.077057
0.653231
0.064119
0.557245
0.482390
0.769256
0.344067
0.656150
0.463228
0.459476
0.851629
0.617280
1.210943
0.561452
1.104395
0.851824
1.168729
0.591008
1.169719
0.313579
0.651512
0.286982
0.033096
0.065016
-0.370403
-0.068692
-0.248064
0.115435
-0.168934
-0.138266
-0.522494
-0.442016
-0.678749
-0.490177
-0.733461
-0.753339
-0.518263
-0.548449
-0.715719
-0.807860
-0.915023
-0.774128
-0.828560
-0.834775
-0.716543
-0.722197
-0.523140
-0.774717
-0.665287
-0.551625
-0.691352
-0.629920
-0.658955
-0.423034
-0.581405
-0.469930
-0.684142
-0.608536
-0.753893
-0.656475
-0.590367
-0.598199
-0.459214
-0.560748
-0.535666
-0.485139
-0.435474
-0.485103
-0.423936
-0.395983
-0.190123
-0.276342
-0.130806
-0.152866
0.098653
0.011159
0.434036
0.356982
0.142445
0.832313
0.429747
0.574275
0.440955
0.882896
0.158615
0.200443
0.143842
0.677361
0.163304
1.064679
0.099137
1.126888
0.699936
0.176022
1.567560
1.042929
1.079068
0.482845
1.412576
0.364452
0.851616
0.483163
0.460251
0.600194
0.202270
0.430055
-0.239776
0.337046
-0.450801
0.462656
-0.472090
0.084114
-0.679500
-0.186263
-0.113350
-0.651492
-0.201543
-0.931325
-0.128626
-0.926930
-0.320830
-0.685979
-0.116107
-0.296458
-0.175931
-0.527566
0.024229
-0.030375
-0.332196
-0.407858
0.096072
-0.401832
-0.062486
-0.324928
0.048877
-0.014771
-0.337959
-0.256972
-0.294013
-0.307815
-0.243473
-0.559392
-0.158339
0.003938
0.300195
0.500912
0.760419
1.177531
1.167387
1.499556
1.136626
1.471942
1.399344
1.045822
1.249739
0.524399
0.909223
0.249700
0.641070
0.156666
0.213357
0.099220
0.183247
0.127449
0.232724
0.183515
0.413391
0.239314
0.478958
0.509261
0.020574
0.836314
-0.211308
0.595765
-0.300578
0.058013
-0.138216
-0.437583
-0.192406
-0.350252
-0.051042
-0.518612
0.146404
-0.219548
-0.050545
0.150911
0.015304
0.411183
0.370979
0.329084
0.489404
0.153993
0.703336
0.105743
0.845886
0.213680
1.041071
0.248531
1.004507
0.561750
0.878309
0.284125
0.416692
0.107975
-0.022650
-0.310035
-0.329773
-0.464090
-0.571170
-0.544914
-0.557935
-0.553746
-0.476359
-0.605561
-0.363377
-0.613172
-0.353453
-0.638672
-0.377147
-0.666438
-0.687577
-0.728691
-0.729703
-0.698083
-0.539389
-0.697546
-0.562819
-0.625152
-0.482946
-0.557151
-0.602769
-0.557374
-0.606413
-0.440480
-0.611921
0.030251
-0.509900
-0.648232
-0.643095
-0.727063
-0.593778
-0.740904
-0.482838
-0.560491
-0.379515
-0.639618
-0.575434
-0.477533
-0.566116
-0.392180
-0.536876
-0.489732
-0.237890
-0.395324
-0.234987
-0.293528
0.354907
-0.130353
0.371641
0.461123
0.840014
0.619052
0.976162
0.802132
0.716644
0.937043
0.752138
0.574115
1.218918
-0.083415
1.013421
0.712736
0.482937
0.874095
0.221735
1.654656
-0.005130
1.190673
1.007290
0.795733
1.162456
-0.044922
1.124893
0.055578
1.002767
-0.280997
0.936119
-0.207447
0.222505
-0.235298
-0.265130
-0.354859
-0.409940
-0.470434
-0.508585
-0.137948
-0.713648
-0.470986
-0.375803
-0.191509
-0.598142
0.043537
-0.274388
0.235674
-0.063988
-0.117716
0.014185
-0.017125
-0.052348
-0.200272
-0.171820
-0.130697
-0.120115
0.012582
-0.283080
-0.091636
0.211784
-0.424214
0.137297
-0.108981
-0.166295
-0.132750
-0.261143
-0.050928
-0.183449
0.928011
0.724927
1.138202
1.077029
1.433270
0.919778
1.449155
1.111754
0.883129
0.858963
0.258777
0.659422
0.151043
0.358503
0.271026
0.251519
0.194978
0.205590
0.338487
0.334206
0.463040
0.453318
0.214545
0.806301
0.096631
0.613350
-0.070214
0.462059
-0.311830
0.144945
-0.583811
-0.265300
-0.403189
-0.491142
-0.396644
-0.293619
-0.137148
-0.319626
0.477579
-0.189068
0.546460
0.147543
0.582269
0.293874
0.768232
0.364183
0.626520
0.310555
0.650266
0.500817
0.820906
0.539565
0.765290
0.552318
0.654823
0.717038
0.604853
0.706668
0.444615
0.479687
0.293688
0.143645
-0.008338
-0.087597
-0.330164
-0.414376
-0.478558
-0.577834
-0.425925
-0.528204
-0.461977
-0.589513
-0.603807
-0.572847
-0.597001
-0.661331
-0.614566
-0.612318
-0.568287
-0.672972
-0.298469
-0.664107
-0.549275
-0.504639
-0.420743
-0.424076
-0.652732
-0.455329
-0.646856
-0.585219
-0.726327
-0.697736
-0.787256
-0.692999
-0.768951
-0.680635
-0.705315
-0.687697
-0.646062
-0.747963
-0.715435
-0.788279
-0.658784
-0.733548
-0.656498
-0.776272
-0.597376
-0.753034
-0.627907
-0.665075
-0.485618
-0.570425
-0.071082
-0.522880
-0.089622
0.109905
0.020024
0.546245
0.377979
0.905707
0.395893
0.674296
0.454017
1.026237
0.559676
0.139646
0.978067
0.700455
0.446405
0.738312
0.981869
1.138419
0.596615
0.972531
1.121695
1.021263
0.735731
0.602671
1.146996
0.334478
0.826099
-0.018518
0.696675
-0.344943
0.417144
-0.466426
-0.085801
-0.398496
-0.351702
-0.567813
-0.327930
-0.280649
-0.654130
-0.297154
-0.634750
0.040603
-0.491619
0.034359
-0.087103
-0.068080
-0.150124
0.031463
0.190762
-0.428848
0.347776
-0.208771
0.380694
-0.353854
0.212429
-0.079032
0.174499
-0.329100
-0.025579
-0.367560
-0.120598
-0.620522
-0.256024
0.028900
-0.085084
-0.233758
0.303382
0.643923
0.941445
0.860235
1.429988
1.361644
1.294590
1.368414
0.978655
1.161293
0.526938
0.555920
0.255133
0.303039
0.282728
0.180976
0.191676
0.421011
0.161845
0.741390
0.169599
0.974401
0.098679
0.948661
0.123136
0.686760
0.392410
0.138736
0.048851
-0.206718
-0.125172
-0.396003
-0.116034
-0.390581
-0.108031
-0.315145
0.001033
-0.117639
0.073224
0.355781
0.102311
0.581953
0.307528
0.642767
0.451079
0.813743
0.725719
0.672394
0.621278
0.635046
0.679839
0.746234
0.521510
0.665788
0.564792
0.748187
0.722844
0.530763
0.655742
0.634668
0.657547
0.325113
0.453197
0.325913
0.162196
-0.067853
-0.262561
-0.284579
-0.490710
-0.502499
-0.479634
-0.557489
-0.433036
-0.576892
-0.544920
-0.588148
-0.623052
-0.584793
-0.725470
-0.610209
-0.789908
-0.354313
-0.695413
-0.356029
-0.654639
-0.559676
-0.565257
-0.729872
-0.514173
-0.772870
-0.441356
-0.665566
-0.557199
-0.482543
-0.771883
-0.756681
-0.768605
-0.675263
-0.774006
-0.654516
-0.696805
-0.716028
-0.834986
-0.670064
-0.619673
-0.355169
-0.618598
0.026129
-0.180431
0.173821
-0.228406
-0.426871
-0.570496
-0.576507
-0.486606
-0.276376
-0.507613
0.082419
-0.474000
0.573993
-0.264006
0.738103
0.054578
0.389286
0.493309
0.281335
0.818179
0.227775
0.483222
0.705089
0.680129
0.705236
0.268914
1.352016
0.602116
1.029199
0.269219
1.216995
0.349507
0.951601
-0.223208
1.175836
-0.147684
0.444077
-0.455473
-0.096309
0.077837
-0.414911
-0.441384
-0.475387
-0.473635
-0.384323
-0.762098
0.265027
-0.474453
-0.366874
-0.647561
0.164803
-0.676605
0.112992
-0.696587
-0.079025
-0.033448
0.039275
-0.272529
0.168744
0.048783
0.038037
-0.428748
0.007342
-0.227306
0.151287
-0.151995
-0.390723
0.192659
-0.601056
0.311770
-0.015092
-0.117336
-0.205128
0.139623
0.490410
-0.154026
0.583943
1.339258
0.709892
1.879058
1.036614
1.837616
0.650877
1.651769
0.040633
0.679056
-0.190783
-0.274858
-0.181440
-0.139446
0.024044
0.246190
0.213186
0.452776
0.488320
0.430420
0.912245
0.250880
1.133267
0.084915
1.181655
-0.054145
1.029643
-0.238041
0.772660
-0.239917
0.191810
-0.278903
0.246767
-0.302666
-0.097457
0.117725
-0.029962
0.574104
0.046866
0.741037
0.349712
0.885772
0.867599
0.645571
0.923343
0.763760
0.852708
0.537915
1.080710
0.759583
0.879584
0.722649
0.735654
0.775873
0.608000
0.640403
0.686301
0.559048
0.432872
0.631765
0.297018
0.524096
0.086686
0.423699
-0.204191
0.028459
-0.521126
-0.276665
-0.740885
-0.492241
-0.592616
-0.585608
-0.591856
-0.658953
-0.578929
-0.634103
-0.646758
-0.623428
-0.714886
-0.657454
-0.763902
-0.387476
-0.771298
-0.584119
-0.688599
-0.580308
-0.693046
-0.785490
-0.629149
-0.612431
-0.609095
-0.663798
-0.772908
-0.793927
-0.695992
-0.866485
-0.546682
-0.652287
-0.604001
-0.782829
-0.694937
-0.526529
-0.736553
-0.383380
-0.758337
-0.577569
-0.678995
-0.574936
-0.497146
-0.637771
-0.356079
-0.524144
-0.318128
-0.025608
-0.508540
-0.144286
-0.503133
-0.134341
-0.446500
-0.116540
-0.070883
0.806701
-0.118791
0.398754
0.611969
0.909000
0.171656
0.505557
0.765346
0.332597
0.237919
0.786808
0.271181
0.929648
0.270882
0.845379
0.830255
0.901761
0.527953
0.712089
0.821977
0.742018
0.212444
0.074853
0.549893
-0.105097
0.017101
-0.162157
-0.157386
-0.675929
0.458529
-0.707653
-0.361677
-0.558498
-0.772640
-0.654439
-0.489644
-0.493210
-0.782363
-0.249628
-0.662372
-0.628872
0.042644
-0.596678
0.976606
-0.591674
1.090090
-0.633130
0.997220
-0.506149
0.367924
-0.036473
-0.437534
0.002012
-0.505954
0.136099
-0.307820
-0.030608
-0.326065
-0.067454
-0.235587
-0.097317
0.424065
0.402868
0.585201
0.578533
1.283822
1.420458
1.070415
2.107293
1.252268
1.847078
0.691709
1.050028
0.234485
-0.183450
-0.224770
-0.786449
-0.586779
0.008506
-0.516800
-0.109882
0.041644
0.214583
0.737102
0.314347
1.163337
0.455511
1.466921
0.493308
1.390671
0.653658
1.085576
0.230841
0.492721
0.299189
0.002189
0.233912
-0.257638
0.300055
-0.142275
0.194461
0.197332
0.274671
0.958464
0.141398
1.322264
0.593780
1.069897
0.634789
0.769962
1.361451
0.367561
1.461713
0.222289
1.416644
0.472579
1.048707
0.768121
1.033222
0.706291
0.664304
0.967643
0.508546
0.650319
0.518981
0.575565
0.324477
0.212384
0.189666
-0.094357
-0.023721
-0.503837
-0.504424
-0.717924
-0.793684
-0.747285
-0.807009
-0.791775
-0.675279
-0.808091
-0.606594
-0.790032
-0.642160
-0.752789
-0.695696
-0.684297
-0.830626
-0.444819
-0.830136
-0.209393
-0.802829
-0.302246
-0.726989
-0.498272
-0.765747
-0.688014
-0.739070
-0.685535
-0.715443
-0.732408
-0.715309
-0.474697
-0.744140
-0.530382
-0.688573
-0.344439
-0.645827
-0.428501
-0.627589
-0.472060
-0.610137
-0.444370
-0.679373
-0.537136
-0.555275
-0.559756
-0.422618
-0.380860
-0.476939
-0.165575
-0.350888
-0.285354
-0.276312
-0.544816
0.128683
-0.371885
0.525178
-0.010039
0.806288
0.104786
0.925342
0.487099
0.713312
0.626684
0.510173
0.327651
-0.319075
0.462173
0.198547
0.620109
0.353627
0.705944
0.911202
0.921432
0.259102
0.965338
0.698479
0.440393
0.299142
0.041630
0.482157
-0.901283
0.328095
-0.730957
0.119182
-0.647357
-0.470916
0.561878
-0.613742
-0.237868
-0.730519
-0.465602
-0.438360
-0.702529
-0.355567
-0.670653
0.443944
-0.454913
0.422022
-0.643551
0.745197
-0.431963
0.691180
-0.315008
-0.084803
0.260464
-0.304274
-0.343111
-0.076346
-0.411582
-0.054401
-0.138077
-0.197067
-0.710387
-0.094639
-0.166342
-0.399296
-0.362244
-0.302563
-0.005793
-0.011683
0.315693
0.866893
1.187546
1.219042
1.547250
1.871171
1.505217
1.170901
0.901941
0.905252
0.245366
0.129717
-0.001729
-0.249290
-0.221822
-0.407730
-0.248413
-0.386067
-0.103264
0.000908
0.423177
-0.026806
0.716929
0.445415
1.029876
0.311369
0.897216
0.151682
1.048847
-0.201435
0.368072
-0.199120
0.089457
-0.448062
-0.125297
0.291313
-0.392030
0.370423
0.005833
0.893912
0.276505
0.857470
0.763275
0.929080
0.566194
0.512439
1.405151
0.439512
1.114829
0.519785
1.383255
1.027385
0.964038
1.161628
0.860172
1.360515
0.425004
0.880349
0.275800
0.270560
-0.067471
-0.065244
-0.289903
-0.336971
-0.492719
-0.406805
-0.537312
-0.629415
-0.567353
-0.723165
-0.735577
-0.692745
-0.679222
-0.883451
-0.822368
-0.852871
-0.845635
-0.820421
-0.687017
-0.842579
-0.681942
-0.804528
-0.515367
-0.771956
-0.541774
-0.676876
-0.719695
-0.475253
-0.707242
-0.535193
-0.630020
-0.393722
-0.666157
-0.752190
-0.656785
-0.768466
-0.621353
-0.699048
-0.528804
-0.585540
-0.446487
-0.355566
-0.351269
-0.399356
-0.340947
-0.289183
-0.424975
-0.354174
-0.360788
-0.275676
-0.299517
0.070268
-0.051526
0.687872
-0.026422
0.893417
0.535381
0.797591
0.420623
0.177525
0.854947
0.326042
1.156362
-0.286559
1.664508
-0.065208
1.005127
0.427031
1.448836
0.842090
0.784612
1.267460
0.717843
1.205018
0.338905
1.139079
0.302475
0.675385
0.907578
0.519029
0.810210
-0.059815
0.881128
-0.184606
0.261434
-0.181411
0.014542
-0.314202
-0.238004
-0.218577
-0.689956
-0.506828
-0.354047
-0.730087
-0.649392
-0.080070
-0.898471
-0.357146
-0.668469
-0.726551
-0.243184
-0.694522
-0.091928
-0.374297
0.231923
-0.577396
-0.015688
-0.199093
-0.058779
-0.113950
-0.237187
-0.126671
-0.336584
0.215824
-0.651698
0.073046
-0.563283
-0.253022
-0.607348
0.199095
-0.546176
0.714711
0.256694
0.828892
0.491599
1.790815
0.958039
1.333356
1.334323
1.319242
1.210282
1.084296
1.058189
0.727119
0.362148
0.662761
0.131795
0.505458
0.167924
0.364975
0.212149
0.052059
0.773178
0.017879
0.818637
0.261783
0.370433
0.657768
0.121546
0.993616
-0.403971
0.817991
-0.273258
0.177455
-0.345653
-0.166106
0.018148
-0.533684
0.193166
-0.630100
0.380714
-0.601034
0.449414
-0.180524
-0.007370
0.186219
0.090151
0.635968
0.032022
0.655621
0.353226
0.750282
0.226336
0.541328
0.770786
0.606973
0.438310
0.466289
0.338927
0.263679
0.161051
0.180977
-0.412209
-0.171758
-0.534399
-0.507022
-0.548076
-0.566126
-0.447478
-0.592494
-0.569689
-0.599414
-0.376337
-0.541254
-0.135798
-0.632886
-0.398765
-0.655919
-0.573568
-0.754621
-0.708901
-0.740451
-0.602978
-0.760648
-0.317909
-0.739476
-0.537186
-0.689917
-0.508722
-0.643555
-0.675170
-0.527655
-0.572367
-0.567564
-0.726950
-0.557865
-0.525751
-0.558469
-0.630166
-0.519276
-0.696110
-0.499151
-0.613578
-0.292703
-0.694401
-0.305267
-0.576590
-0.112849
-0.519085
-0.099441
-0.291985
-0.206638
-0.127430
0.585873
-0.123213
0.456554
0.188232
0.840941
0.087481
1.526438
0.427241
0.941750
0.532971
0.833612
0.805849
0.170017
0.539130
0.140192
1.528868
0.270317
1.184072
0.421268
0.898206
0.671718
0.887941
1.556721
0.452321
1.426735
0.369695
1.084508
-0.388202
0.935085
0.144111
0.615518
-0.058394
0.250130
-0.091783
0.046590
-0.511423
0.037078
-0.400776
-0.156933
-0.738024
0.031525
-0.873297
-0.062386
-0.462410
-0.319627
-0.375647
-0.404931
0.079423
-0.173128
-0.304633
0.025958
-0.129093
0.048061
-0.417800
0.423521
-0.345104
0.015767
-0.225303
0.014520
-0.303083
-0.300853
-0.108445
-0.451215
0.335040
-0.475228
-0.091101
-0.485043
0.236149
0.239229
0.404680
0.401293
1.169438
1.083048
1.327662
0.991729
1.617016
1.154085
1.345053
0.562479
0.749208
0.366936
0.189389
0.190881
0.073969
0.262204
0.108602
0.225583
0.153003
0.351392
0.164480
0.602631
0.082045
0.775861
0.080753
0.702049
0.398435
0.376153
0.038473
0.104719
0.019329
-0.491768
-0.376798
-0.423682
-0.486118
-0.344482
-0.281299
-0.123571
-0.102484
0.013845
0.279793
0.261007
0.213597
0.481340
0.664823
0.430442
0.401781
0.371361
0.756233
0.523298
0.403872
0.623802
0.701393
0.723226
0.494578
0.828127
0.543885
0.883689
0.283378
0.797957
0.051438
0.513896
-0.204047
0.026416
-0.177046
-0.462399
-0.320316
-0.659467
-0.246220
-0.603937
-0.450645
-0.471720
-0.452248
-0.635249
-0.668827
-0.664447
-0.694647
-0.444672
-0.406996
-0.666053
-0.604533
-0.660937
-0.483685
-0.641174
-0.602685
-0.509166
-0.631977
-0.261353
-0.646944
-0.401629
-0.746423
-0.646587
-0.753736
-0.477906
-0.759476
-0.729416
-0.723073
-0.726219
-0.783000
-0.751813
-0.691325
-0.663113
-0.678785
-0.511346
-0.703569
-0.726016
-0.696765
-0.612807
-0.621282
-0.477912
-0.589619
-0.454496
-0.555808
-0.105179
-0.016583
-0.011896
-0.138956
0.305020
0.815044
0.165372
0.084378
0.939985
0.137218
0.664497
-0.194299
1.271894
0.514215
0.998584
0.517047
1.294897
1.097582
0.898924
1.239982
1.152012
0.363640
0.881910
0.699908
0.912214
0.434814
1.031281
0.274249
0.562155
0.190449
0.679451
-0.111581
0.078645
-0.200029
-0.061243
-0.346772
-0.298592
-0.586003
-0.118711
-0.468166
-0.616873
-0.659742
0.319296
-0.523152
-0.240267
-0.454845
0.172182
-0.321850
-0.051210
-0.113623
0.002577
0.291745
-0.427596
0.281631
-0.277877
0.081203
0.186110
-0.046861
0.033578
-0.478520
0.199064
-0.617767
0.034792
-0.974975
0.001236
-0.590242
0.309449
-0.241620
0.128975
0.625171
0.741367
1.146171
1.228803
1.958941
1.037164
1.568044
0.780692
1.360846
0.603793
0.488294
0.597906
0.283539
0.383489
0.421341
0.230567
0.330944
0.123536
0.699852
0.150336
0.389416
0.507000
0.382634
0.725420
-0.065762
0.666732
0.016558
0.110763
-0.147605
0.083515
-0.388839
-0.249760
-0.269086
-0.251299
-0.298227
-0.239771
0.133835
-0.022657
0.329531
0.191620
0.397446
0.413311
0.456968
0.614215
0.567670
0.784930
0.531833
0.969007
0.556424
0.664122
0.623803
0.648303
0.719501
0.519025
0.770731
0.395773
0.540480
0.615494
0.426717
0.586742
0.300136
0.778574
-0.052758
0.365103
-0.240529
-0.109379
-0.508769
-0.539906
-0.519963
-0.656248
-0.553603
-0.551016
-0.583282
-0.519443
-0.652157
-0.647856
-0.645564
-0.558088
-0.766692
-0.468281
-0.754709
-0.494847
-0.459221
-0.528444
-0.378138
-0.777638
-0.351676
-0.803506
-0.486066
-0.879641
-0.776668
-0.786594
-0.744957
-0.718811
-0.461846
-0.610186
-0.581797
-0.642783
-0.793916
-0.652826
-0.823458
-0.472746
-0.729875
-0.613526
-0.736451
-0.695901
-0.763570
-0.667552
-0.465900
-0.486294
-0.443318
-0.503618
-0.537787
-0.600122
-0.400874
-0.539311
0.411293
-0.441961
0.284059
0.082309
1.134483
-0.018305
1.639955
0.207952
1.351762
0.154867
1.312547
-0.026991
1.107592
0.505149
0.740207
1.223447
0.056258
1.447584
0.890819
1.304865
0.856192
0.748936
0.830095
-0.132948
0.981951
-0.423353
0.840308
-0.424986
0.748694
-0.837281
0.295951
-0.716648
-0.602425
-0.430597
-0.748257
-0.309214
-0.785687
-0.668228
-0.522741
0.064107
-0.552838
-0.331689
-0.260735
0.341285
-0.320967
-0.221020
0.521499
-0.124010
0.194003
-0.722121
0.551825
-0.345862
0.112337
-0.189633
-0.272600
0.545734
-0.671633
0.504532
-0.764869
0.442339
-0.536231
0.329167
-0.283852
0.135359
0.441343
0.500031
1.033212
1.050148
1.528669
1.125055
2.180570
1.099700
1.424327
0.893242
0.665321
-0.011798
-0.205003
-0.145064
-0.051591
-0.031466
0.478414
0.106512
0.695314
0.364836
0.920201
0.575908
1.150376
0.592618
1.085174
0.733315
0.717430
0.773536
0.335736
0.040907
-0.031863
-0.087824
-0.295113
-0.272038
-0.176821
-0.300371
-0.237475
0.062264
0.051624
0.346313
0.150914
0.710784
0.405194
0.610591
0.672105
0.820033
0.621887
0.653505
0.862111
0.717925
0.758201
0.625880
0.894379
0.719080
0.737371
0.473314
0.642377
0.734154
0.489748
0.581626
0.560767
0.599639
0.322135
0.522097
0.095015
0.367706
-0.324632
-0.087908
-0.573280
-0.588054
-0.721136
-0.793567
-0.659927
-0.684240
-0.631260
-0.630963
-0.580551
-0.575489
-0.658429
-0.531808
-0.677819
-0.512474
-0.832747
-0.320234
-0.854711
-0.434547
-0.706265
-0.562773
-0.793676
-0.654841
-0.797894
-0.955659
-0.886580
-0.879897
-0.778100
-0.587010
-0.820457
-0.501195
-0.761517
-0.399802
-0.664975
-0.434860
-0.488009
-0.305793
-0.614670
-0.290051
-0.432612
-0.471917
-0.574086
-0.445893
-0.687262
-0.546865
-0.700447
-0.641201
-0.595872
-0.543939
-0.392931
-0.477062
-0.265984
-0.176609
-0.331225
0.004415
0.049540
0.051161
0.407575
0.560934
-0.065581
1.103017
0.148903
0.864038
0.324565
0.440417
0.310884
0.421272
0.635861
0.693128
1.048514
0.696317
0.981715
0.695667
1.281423
0.681244
0.653116
0.643816
0.814596
-0.479021
0.138007
-0.113448
-0.104338
-0.681806
0.513136
-0.736943
-0.138857
-0.963813
-0.620110
-0.814713
-0.871118
-0.567743
-0.245526
-0.027814
-0.175006
0.032697
-0.729940
-0.236768
-0.363072
0.173831
-0.372902
-0.082813
0.226632
-0.375405
0.336965
-0.598363
0.398638
-0.419239
-0.074745
0.225743
0.230266
0.268570
0.163005
0.069824
0.095506
0.147036
-0.404280
0.097249
0.033775
-0.093959
0.758003
1.370300
1.584137
1.938993
2.634969
1.599001
2.263814
1.742414
1.447058
1.032148
0.345975
-0.140197
-0.549370
-0.813144
0.080734
-0.475639
0.338488
0.611481
0.481242
0.954782
0.896646
0.643869
0.782098
1.745636
0.852190
0.812536
1.215859
0.461558
0.400112
0.040119
0.074027
0.038899
-0.396185
-0.246609
-0.244213
0.183427
-0.269729
0.214953
0.517461
0.939724
0.288935
1.047558
1.068647
0.638522
0.688358
0.553139
0.560593
0.332422
0.918502
0.655722
0.636373
0.785041
0.338951
1.372884
0.307309
0.676306
0.718148
1.048499
0.282263
0.311866
0.337689
0.040670
0.302837
0.067676
0.067848
-0.207132
-0.206452
-0.779129
-0.354393
-0.667089
-0.765848
-0.762430
-0.832678
-0.506800
-0.659038
-0.402993
-0.639313
-0.789248
-0.793838
-0.468446
-0.962578
-0.643113
-0.606722
-0.537567
-0.925240
-0.753420
-0.773466
-0.416574
-0.767284
-0.233055
-0.341438
-0.276437
0.540080
-0.565070
1.096142
-0.670133
1.892854
