0.000000
-0.348890
-0.748209
-0.766637
-0.738705
-0.758069
-0.485591
-0.616643
-0.410446
0.442659
-0.605576
-0.555737
-0.427925
-0.354601
0.177848
-0.268587
-0.191766
0.270883
-0.516597
-0.492917
0.053610
0.166750
-0.242597
-0.121486
0.092910
-0.232275
-0.780494
0.175836
-0.570869
0.495985
-0.037161
-0.362342
-0.484828
-0.759596
0.487277
0.048484
-0.232786
0.067019
-0.575538
-0.436553
0.199450
-0.362616
-0.524858
0.019916
-0.248303
0.020394
-0.446465
0.145805
0.180076
-0.733595
-0.625953
0.223664
-0.139467
-0.431177
-0.862399
-0.646790
-0.209901
-0.477264
0.061062
-0.858940
0.380736
-0.200039
-0.313039
-0.063740
-0.189335
-0.365887
-0.500352
-0.752917
0.466313
-0.411412
0.338373
-0.323675
-0.428444
-0.316379
-0.296826
0.000673
-0.285390
-0.240749
-0.415237
-0.225900
0.514939
-0.667396
-0.273549
0.895333
0.408878
1.505655
1.007410
0.051749
1.627982
0.468965
0.565645
0.646558
1.439331
0.212594
-0.142157
-0.232450
0.129194
-0.789573
0.761193
-0.429120
-0.339910
-0.538742
-0.338196
-0.641881
-0.498849
0.056300
-0.581351
-0.090746
0.396602
-0.455255
0.387940
-0.424861
-0.462699
-0.088753
-0.239256
-0.796631
-0.665502
-0.706556
0.393527
-0.470644
-0.742714
-0.420086
0.468321
-0.648915
0.150250
-0.134214
0.380238
-0.222771
0.354391
-0.320743
0.969735
0.302894
0.087249
0.272462
1.545402
1.338167
0.165002
1.041601
1.260841
1.243305
0.319498
0.721900
0.398248
1.564988
-0.274174
0.131871
-0.169216
-0.635091
-0.636686
-0.601197
0.042046
0.610871
-0.484943
-0.019475
-0.153776
-0.385809
-0.659247
-0.268409
-0.262656
-0.432192
-0.451355
-0.282209
0.841512
-0.253283
-0.297030
-0.509902
0.274833
-0.415639
-0.671924
-0.408966
0.158587
-0.126447
-0.644754
-0.641898
-0.604923
-0.621489
-0.620247
-0.487771
-0.154989
-0.220309
-0.465534
-0.529301
-0.588466
-0.712068
-0.496257
-0.501055
-0.250631
-0.418905
-0.695395
-0.524431
-0.671512
-0.463162
0.235116
-0.589863
0.090277
-0.628213
-0.535932
-0.479414
1.324145
-0.313465
-0.257505
0.278748
0.024414
-0.793326
1.345343
-0.668497
1.653450
-0.317685
0.799636
-0.280580
0.658243
2.167290
0.171666
-0.637010
1.664471
0.548327
0.378782
0.556935
-0.126935
0.726601
0.257047
0.347270
0.966972
-0.816490
0.691975
-0.057024
0.361395
1.128674
0.197977
0.693908
1.953630
-0.876718
0.250119
-0.827899
-0.546296
0.857564
0.004540
-0.120699
0.499810
2.026355
-0.535299
0.142768
-0.208304
-0.759302
-0.318141
-0.535706
0.243694
-0.022497
-0.638656
0.014356
0.329625
-0.260036
-0.498526
0.708600
-0.811033
1.002223
-0.897243
0.198270
-0.836600
0.409098
0.171551
-0.174476
0.262395
-0.079248
0.684719
-0.341429
1.127619
1.281425
1.061283
0.840953
-0.663012
0.276901
1.623584
-0.118156
0.081453
-0.264958
-0.282664
-0.086044
0.464547
-0.042129
-0.091432
-0.101655
1.081938
0.591864
0.143990
0.199999
-0.078310
0.239267
0.628128
0.853502
-0.311363
-0.371353
0.288517
0.176516
-0.247532
0.295273
-0.042634
-0.601280
-0.099222
0.208207
-0.480435
0.423385
-0.114499
-0.252689
1.412201
-0.426940
0.380119
-0.079561
1.147184
0.201199
0.071204
1.300588
0.434567
-0.072490
0.906783
0.442528
0.491190
0.151126
1.097518
0.783104
0.309229
0.596217
0.263942
0.464629
-0.140832
0.555730
0.622807
-0.369979
-0.365520
-0.478989
-0.272931
-0.612677
-0.408920
-0.628365
-0.439449
-0.644250
-0.595449
-0.658289
-0.296808
-0.542821
-0.573766
-0.536800
-0.554994
-0.300067
-0.669087
-0.645702
-0.425708
-0.216673
-0.706933
-0.096577
-0.148412
-0.748459
-0.577457
-0.175212
-0.772405
-0.767366
-0.228220
-0.095743
-0.241565
-0.500165
-0.493245
-0.605100
0.126506
-0.910123
-0.191130
-0.762121
-0.465399
-0.583416
-0.686253
0.000469
-0.533508
-0.322683
-0.344126
-0.573318
-0.628177
-0.482310
-0.142923
-0.363729
0.351022
-0.557349
0.884475
-0.354621
-0.514887
-0.410270
1.219618
-0.009790
0.570219
-0.357123
0.303540
1.623757
-0.661183
-0.177779
0.515724
0.963617
1.203903
-0.214485
1.905342
0.186726
-0.369182
0.498861
0.472113
0.346428
0.819132
-0.274939
0.928540
-0.684542
0.694293
0.126279
-0.363666
-0.834123
1.125574
-0.195997
0.843849
-0.576899
0.829734
-0.179762
-0.269420
0.240998
-0.812304
-0.512398
0.370135
-0.359267
-0.617668
-0.676100
0.484499
-0.275275
-0.294019
0.006601
-0.727523
-0.020122
0.009119
-0.393490
0.208234
-0.704291
0.430888
-0.219983
0.039842
-0.726109
0.665530
-0.660922
0.839411
-0.307462
0.446897
-0.455747
1.323542
0.715748
-0.272294
0.957244
0.339891
1.314403
0.630785
0.360562
1.033023
0.600908
-0.278250
0.021335
-0.098131
0.075812
0.312961
1.112952
0.156778
-0.109298
0.405068
-0.209738
0.225993
-0.187954
0.227545
0.384444
0.481802
0.525840
-0.178628
0.307225
0.696228
-0.204848
0.028871
0.754939
-0.270548
-0.182204
0.384121
-0.151274
-0.415835
0.914159
-0.219796
-0.333350
1.090414
0.285909
0.071249
0.629982
-0.151241
0.648976
1.353403
-0.120805
0.600531
1.043911
0.302321
0.920831
0.638579
0.556392
0.498170
0.281580
1.274060
0.859973
0.305213
0.231140
0.943937
0.081768
-0.198787
0.513182
0.139240
-0.059412
0.146939
-0.499513
-0.631769
-0.489629
-0.424216
-0.647634
-0.267814
-0.267345
-0.139810
-0.430598
-0.485572
-0.596385
-0.646127
-0.543534
-0.625816
-0.509117
-0.457664
-0.208864
-0.790653
-0.438046
-0.246047
-0.644110
-0.711775
-0.806221
-0.207451
-0.613268
-0.781289
-0.356221
-0.455388
-0.039164
-0.710334
-0.906658
-0.652522
-0.568174
-0.729323
-0.834371
-0.643945
-0.440078
0.152381
-0.771761
0.214799
-0.489708
-0.461143
-0.282917
-0.173580
-0.618726
0.201709
-0.258878
0.279788
-0.608268
0.688900
0.002821
0.204369
0.450783
-0.335079
-0.021985
0.208960
-0.657966
0.297287
0.927744
-0.460335
0.591107
-0.516743
0.729955
1.158085
-0.579624
0.691130
0.558256
-0.673756
0.911215
-0.523406
0.359689
1.418881
-0.180522
-0.067209
0.184558
0.276117
0.058405
0.508909
-0.844037
0.836620
-0.224691
-0.525099
-0.195482
0.146478
-0.526938
0.146921
-0.636817
0.288173
-0.406406
-0.814565
0.108364
-0.000326
-0.801758
-0.549064
0.136737
0.143182
-0.436469
0.163250
-0.680402
0.574656
-0.235047
-0.481104
-0.163998
-0.404233
-0.639155
-0.093734
0.048173
-0.286034
-0.401205
0.507740
-0.427214
0.250165
-0.035191
-0.149637
-0.208222
1.171783
0.305434
0.359814
0.130207
0.306374
2.631506
-0.029322
1.400725
0.516904
0.234834
1.634486
0.113130
-0.556341
-0.516031
-0.097585
-0.470954
-0.353776
0.380905
0.199041
-0.340511
1.085854
-0.083345
1.006875
0.048613
2.090500
-0.243874
0.763584
0.016059
0.681738
0.556307
0.413618
0.072514
0.906649
0.174847
0.678971
-0.419963
1.196713
0.519702
-0.214308
-0.349254
-0.094184
0.553515
1.530881
0.118742
0.457588
0.382433
1.085316
-0.014624
1.769400
0.239136
0.767145
0.715554
0.854854
0.387103
1.344388
0.626085
1.066944
0.110035
0.709541
0.633491
0.776921
0.517261
0.756350
0.496161
0.063533
0.049909
0.155777
-0.006459
-0.528220
-0.160951
-0.691475
-0.563307
-0.673879
-0.706953
-0.164802
0.098634
-0.591827
-0.534114
-0.719853
-0.679833
-0.654138
-0.145377
-0.262706
-0.784002
-0.121464
-0.654407
-0.545176
-0.752229
-0.524276
-0.560324
-0.509384
-0.117519
-0.290864
-0.728520
-0.283394
-0.726442
-0.803558
-0.402877
-0.252408
-0.092394
-0.570972
-0.527566
-0.357305
-0.809046
-0.430542
-0.750425
-0.696816
-0.708993
-0.259208
-0.628212
-0.739545
-0.676779
-0.518021
-0.692498
-0.432093
-0.092918
0.104285
-0.482440
0.537372
-0.243771
0.525629
0.008442
0.226418
-0.251275
-0.222509
1.235659
-0.482074
0.784470
0.672964
1.573757
-0.521013
0.511005
-0.632830
0.170378
-0.182694
1.106831
-0.472085
-0.511064
0.940432
-0.041205
0.207086
-0.942194
0.569016
-0.026870
-0.104951
-0.607924
0.888192
-0.059848
-0.427069
-0.072487
-0.192566
-0.625745
-0.310854
-0.303634
0.528535
0.316454
0.158980
0.446273
-0.643546
-0.334460
-0.672669
-0.226695
-0.188237
-0.437317
0.004659
-0.807308
-0.440263
-0.270731
0.516518
-0.499862
-0.625577
0.284391
-0.538321
-0.416820
-0.437105
0.541124
-0.445739
-0.557500
0.223272
0.673430
-0.359207
-0.313590
-0.335597
0.414613
0.298901
-0.377787
0.560233
0.120074
-0.185940
1.600636
0.398603
1.795548
1.423581
1.015427
1.436560
0.330555
0.048821
0.509365
0.204429
-0.164924
-0.653410
0.033175
-0.552581
-0.460772
-0.635738
-0.608066
0.813246
0.300561
-0.479658
0.172966
0.202009
0.164964
0.344242
1.327072
0.284551
0.488393
0.273854
-0.044288
0.059360
0.426050
0.604768
-0.081163
0.280347
-0.476406
1.161063
0.095106
-0.150516
1.379400
0.301011
1.442689
-0.035634
0.630190
0.953921
0.511389
0.800960
1.787958
0.628118
1.267102
0.750738
0.456574
1.139407
0.761910
1.464823
0.343767
1.119809
0.903211
0.477565
0.934819
0.716768
0.754638
0.142172
-0.062672
0.560629
-0.205985
0.062194
-0.682182
-0.513379
-0.489980
-0.585296
-0.720450
-0.820321
-0.718642
-0.725004
-0.704190
-0.414346
-0.641911
-0.716978
-0.600154
0.058882
-0.843032
-0.805990
-0.516344
-0.521595
-0.362805
-0.442062
-0.509469
-0.732593
-0.781505
-0.641815
-0.681388
-0.737792
-0.615993
-0.259398
-0.335299
-0.396647
-0.336252
-0.623602
-0.549067
-0.444160
-0.627307
-0.653556
-0.255912
-0.350012
-0.241948
-0.271004
-0.243944
-0.544586
-0.459830
-0.537564
-0.634472
0.304986
-0.113985
-0.447822
-0.329345
0.863362
-0.411820
0.007027
-0.361165
-0.270424
0.460548
-0.085875
-0.150848
0.578347
0.394089
1.503621
-0.238878
-0.291381
-0.396225
2.180802
-0.718887
0.417994
0.286255
0.506824
-0.589159
1.752267
-0.811694
1.311463
-0.512701
-0.433640
1.484785
-0.882327
0.231217
-0.019999
0.958728
-0.234820
-0.780681
0.904720
-0.295597
0.023210
-0.620800
-0.765840
0.025928
-0.351343
-0.053537
-0.400419
-0.834279
-0.047622
-0.127281
1.136579
-0.871435
-0.673660
0.428215
-0.389580
-0.868883
-0.695011
1.033992
-0.704135
0.737571
-0.267857
-0.710098
0.244405
0.511020
-0.470803
0.206514
-0.143736
0.118434
-0.376540
-0.568407
1.025659
-0.697061
0.084910
-0.509731
0.000751
1.319979
1.073618
-0.316420
2.245223
-0.399673
1.448167
0.760469
1.049843
1.134391
-0.092535
0.709857
-0.118454
-0.350323
0.891236
0.262262
-0.284538
-0.329741
-0.191283
0.042518
0.042675
-0.306387
0.218895
0.158757
0.169004
1.840676
-0.317871
-0.114322
-0.209914
0.913060
-0.113108
-0.262185
0.477700
-0.380083
0.388323
-0.038716
-0.706188
0.494962
0.077197
-0.686622
0.166616
0.383073
0.674552
-0.758472
0.630677
0.147857
-0.542145
0.058660
0.754411
0.563138
0.777339
0.435045
0.586912
0.904378
-0.395032
0.767560
0.943613
0.289874
0.461956
-0.155615
0.338354
-0.297734
-0.136059
-0.359105
-0.362244
-0.249883
-0.398218
-0.424316
-0.501631
-0.336466
0.076664
-0.489424
-0.490650
-0.507193
-0.390394
-0.421090
-0.082568
-0.637372
-0.432002
-0.004992
-0.621841
-0.755941
-0.606043
-0.564341
-0.683278
-0.600082
-0.455353
0.049863
-0.329400
-0.285684
-0.596994
-0.282332
0.076431
-0.569054
-0.035895
-0.645712
-0.155357
-0.499002
-0.488574
0.763109
-0.061135
-0.515523
0.042165
-0.119523
-0.071848
-0.667723
0.175151
-0.419357
-0.180298
0.485778
0.202299
-0.511992
-0.231927
-0.517874
0.680433
-0.382592
0.602335
0.698592
-0.219951
0.329342
0.256118
1.096355
-0.253322
0.762721
1.334501
0.303090
-0.541696
1.318633
-0.424857
0.815073
0.459995
0.313956
-0.291417
0.000322
1.176096
0.985648
-0.939804
0.354451
0.273030
0.451935
-0.370265
0.789619
0.471968
-0.863135
-0.772349
0.393335
0.826101
-0.317214
-0.559824
0.298425
-0.328531
-0.772116
0.364935
-0.287619
-0.141831
-0.060184
-0.486425
-0.754765
-0.099310
-0.196106
-0.747181
0.315367
-0.803496
0.348143
-0.162513
-0.350044
-0.576163
0.176776
0.477009
0.152291
-0.480599
1.208928
0.334608
-0.617300
0.429491
-0.493901
0.158859
-0.931612
0.807582
0.100100
-0.824023
0.693022
1.208409
-0.631150
0.339586
0.176561
1.420369
1.222373
0.924230
0.718184
-0.219968
1.048655
0.698411
0.587175
-0.122053
-0.347997
1.019454
0.091279
-0.013194
0.103740
-0.101424
-0.062246
-0.101330
0.568475
-0.232716
0.092590
-0.247877
0.303314
-0.006818
0.528559
0.146589
0.131601
0.062063
-0.445292
-0.404815
0.019668
-0.260489
0.404669
-0.425194
-0.565318
0.470781
0.185800
-0.531708
0.249262
0.504057
0.378959
-0.321470
0.707468
-0.626118
0.123539
1.245858
0.457176
0.510215
-0.278520
1.383932
-0.006588
0.144632
0.773716
1.303443
-0.539892
0.880053
0.467165
-0.460643
0.820837
-0.739811
-0.297459
-0.252993
-0.715220
0.287859
-0.608950
-0.637936
-0.673477
-0.076984
0.013982
-0.510271
-0.050706
-0.660743
-0.411158
-0.043872
-0.503227
-0.411340
-0.569974
-0.753332
0.428308
-0.458580
-0.422561
-0.595232
-0.386794
-0.474304
-0.574933
-0.593729
0.329503
-0.655019
-0.605186
-0.525590
-0.429460
-0.703053
-0.521518
-0.426738
-0.599901
-0.422778
-0.547374
-0.338040
-0.132222
-0.531323
-0.537512
-0.063127
-0.572943
-0.296808
0.443527
-0.580954
-0.213409
0.356147
-0.047359
-0.253151
0.199552
-0.060496
0.267392
-0.536895
0.250311
-0.351580
-0.101607
0.425318
0.500241
0.786763
-0.064909
0.185171
-0.061213
1.539120
-0.443533
0.200764
0.257648
0.397529
0.283768
0.227685
1.007248
0.654080
0.120304
0.478567
-0.667547
0.572662
0.559452
0.169668
0.464612
0.383600
0.254684
-0.534917
0.099863
-0.962846
0.599802
0.526903
-0.614352
0.204794
0.304961
0.002218
-0.673831
-0.291467
2.012575
-0.765923
-0.315102
0.019900
-0.773705
-0.294483
-0.631534
-0.492386
0.316913
0.034318
-0.518654
0.057525
0.610200
-0.542598
-0.618664
0.115402
0.014697
-0.570889
0.913345
-0.407972
-0.803074
0.503883
0.182633
0.427374
-0.590783
1.241112
-0.114103
-0.198980
1.219160
-0.663696
3.200536
-0.194646
1.241733
0.416298
1.042976
0.091174
-0.206120
0.231674
0.298574
-0.090256
-0.145119
0.007377
-0.040848
-0.025376
-0.119693
-0.150180
0.934520
-0.020806
0.255804
-0.069455
0.421725
0.589506
0.263101
-0.234230
0.389630
0.280753
-0.254573
0.018139
0.707079
-0.329589
0.539827
-0.546460
-0.382438
-0.393213
0.843508
0.215951
0.331880
-0.374451
1.447371
-0.340592
0.129468
1.016271
0.124686
0.420026
0.387838
0.512701
0.629765
0.838625
0.999594
-0.389153
0.781279
0.323405
1.109723
0.093416
0.561599
0.864430
0.706342
0.049194
-0.758429
0.827837
0.526855
-0.397411
-0.724515
-0.007248
-0.585094
-0.398348
-0.647426
-0.448599
-0.577136
-0.481844
-0.702211
-0.602218
-0.627838
-0.550228
-0.574444
-0.577291
-0.660417
0.004758
-0.400038
-0.646625
-0.618244
-0.379243
-0.604969
-0.351282
-0.412283
0.061497
-0.399919
-0.471722
-0.619113
-0.762928
-0.561695
-0.732549
0.110535
0.411332
-0.738183
-0.703208
-0.519275
-0.310114
-0.653675
-0.705505
-0.598140
-0.638064
-0.260472
-0.618879
-0.654918
-0.535784
-0.222861
-0.554990
-0.187843
-0.463470
0.527636
-0.235103
-0.450392
1.555077
0.513735
0.764650
-0.444854
0.200741
0.724673
-0.100669
1.250029
0.380798
0.848454
-0.486705
0.599106
1.023648
-0.215773
-0.043685
1.182857
-0.327508
0.939220
0.453401
-0.854439
-0.396939
1.442247
0.791531
0.381290
-0.111877
0.200832
1.476781
-0.464042
-0.729881
0.153262
-0.609507
-0.013115
-0.852134
0.742699
0.237582
-0.650951
-0.400146
0.412029
-0.754355
0.072655
-0.056408
-0.589872
0.134598
-0.394204
-0.634234
0.962179
-0.490136
0.831078
-0.365740
-0.462350
-0.645799
-0.385564
-0.041502
-0.390685
-0.141276
-0.512108
0.781454
-0.692928
1.195350
-0.487710
-0.173133
0.583563
0.176491
-0.784882
1.830492
-0.265648
-0.052849
0.202233
0.480712
2.055057
1.280747
-0.039879
0.544826
0.383173
0.109618
-0.156530
1.062838
0.342754
-0.177807
-0.092314
-0.178964
-0.005877
-0.040265
-0.128947
0.621182
-0.140292
-0.224922
0.495590
0.169101
0.263783
0.481136
0.676010
0.049142
0.028805
0.154338
-0.422013
0.126087
-0.141618
0.301401
-0.051745
-0.177285
0.620340
0.743579
-0.177218
-0.134712
0.016676
0.620597
0.714323
0.225606
0.077896
0.761655
0.697698
0.801487
0.747234
0.175699
0.365392
0.984082
0.952889
0.421865
0.679402
0.626574
0.604248
0.626374
0.513081
0.764741
-0.020635
0.297303
0.940133
0.390290
-0.221265
-0.271628
-0.274705
-0.428821
-0.641600
-0.417737
-0.325324
-0.319615
-0.488018
-0.532784
-0.664751
-0.686908
-0.662251
-0.586020
-0.607753
-0.687074
0.112536
-0.174713
-0.598693
0.021217
-0.370405
0.002603
-0.440604
-0.794479
-0.269831
-0.682519
-0.100263
-0.432609
-0.373380
-0.683442
-0.685167
-0.669713
-0.852308
-0.685153
-0.795590
-0.475764
-0.560536
-0.091565
-0.611674
-0.705919
-0.596941
-0.448801
-0.302952
-0.164823
-0.693245
-0.527772
-0.699281
-0.562935
-0.009884
-0.275379
0.067743
0.302526
-0.459339
-0.350376
0.704693
-0.447961
-0.549112
0.735207
-0.089385
1.572262
-0.482651
0.856719
0.896294
0.303778
0.533698
1.649784
-0.669409
1.240055
0.054760
-0.814757
2.684676
-0.463552
-0.198265
1.464755
-0.705914
-0.095824
-0.307600
0.202364
0.356571
-0.042161
0.086576
-0.588950
1.100408
-0.026489
-0.188118
-0.910129
-0.915153
0.588101
0.475211
-0.815585
-0.847898
-0.120939
-0.537473
-0.569084
0.026407
-0.542388
-0.400623
-0.553465
-0.464341
-0.771839
-0.119054
0.237341
-0.108006
-0.690264
-0.096010
-0.225203
0.224097
-0.635635
0.140518
0.151067
-0.487585
-0.580821
-0.609918
1.400361
0.235452
-0.513021
0.001283
0.025970
-0.408476
1.120785
0.435533
1.443434
-0.166846
1.134569
0.500135
2.168416
0.022121
1.203157
-0.242897
0.473644
-0.423860
-0.482760
0.332255
-0.249109
0.342587
-0.112849
-0.083179
0.534839
-0.325032
-0.191482
1.539198
0.187222
0.020215
0.647670
0.731322
1.724138
-0.018176
0.159462
1.493365
0.344226
0.637633
-0.225699
-0.411051
0.226674
1.389155
-0.451637
0.557897
-0.180729
-0.097929
1.258965
1.017081
0.115491
0.929590
0.004477
1.413384
0.398125
0.868404
0.186454
1.242338
0.845414
0.918444
0.633635
0.647370
0.813273
0.664124
0.636357
1.254795
-0.529124
0.831950
1.074842
0.189230
0.135413
0.948643
-0.450619
-0.634796
0.189496
0.013973
-0.331505
-0.490296
-0.498225
-0.235321
-0.732779
-0.735887
-0.591791
-0.423703
-0.482597
-0.617388
-0.705976
-0.413562
-0.331140
-0.563908
-0.501298
-0.632698
-0.684358
-0.533465
-0.627320
-0.460589
-0.668472
-0.700615
-0.584839
-0.668092
-0.636852
-0.601972
-0.723208
-0.594712
-0.667319
-0.478097
-0.440467
-0.274341
-0.682687
-0.676161
-0.626618
-0.361039
-0.571234
-0.614810
-0.366343
-0.284190
-0.725251
0.168282
-0.618761
-0.644560
0.040416
-0.618518
-0.311776
-0.306509
-0.094838
0.219918
-0.436139
-0.401080
-0.387029
-0.405642
-0.068888
0.504342
0.049640
0.882151
-0.454808
0.092764
0.671965
1.386223
-0.492599
0.201323
0.481002
0.098558
0.178998
0.195264
0.962590
-0.141396
-0.472379
0.482862
-0.175691
1.153659
-0.417752
0.655341
-0.793074
0.859393
0.482026
-0.200787
0.013636
1.276845
0.515646
-0.246323
-0.077031
1.149645
-0.798041
-0.348579
-0.270188
-0.116542
-0.492532
-0.900271
0.367663
-0.641154
-0.370639
-0.687509
-0.593379
-0.071106
0.176949
1.010861
0.426360
0.079190
-0.033154
-0.266009
1.019740
-0.648527
-0.161324
0.642010
-0.461184
0.829333
-0.018523
-0.572731
0.829932
0.175406
-0.654372
-0.342313
1.157724
-0.341370
0.694218
0.056337
1.007519
0.145501
1.599213
0.494871
0.850326
0.674605
0.847077
-0.097262
-0.061735
-0.345358
-0.574813
-0.364449
-0.506638
-0.221653
-0.300359
-0.387528
0.058752
-0.279341
0.271563
-0.101174
-0.095797
0.400412
0.915642
0.637656
0.746872
0.165387
-0.358267
0.032987
0.307863
1.179227
-0.569989
1.049339
-0.388745
-0.176684
0.066018
1.151114
-0.553572
0.269543
0.721111
0.403965
0.905439
-0.109562
1.097936
1.508593
0.041120
1.122416
0.626928
1.202226
0.687156
1.076256
0.844057
0.702064
1.273413
0.857116
0.254103
1.932732
0.255255
1.422929
-0.232512
0.675886
0.850342
0.358630
-0.047144
0.324498
-0.192024
-0.689783
-0.528277
0.131710
-0.237936
-0.087771
-0.749444
-0.723519
-0.778232
-0.711260
-0.389759
-0.771218
-0.623534
-0.279107
-0.702877
-0.719304
-0.303553
-0.731011
-0.688002
-0.679614
0.110429
-0.572773
-0.690894
-0.332924
-0.639496
-0.640719
-0.807399
-0.476623
-0.534926
-0.452799
-0.684994
-0.120562
-0.611881
-0.537155
-0.559670
-0.467223
-0.530360
-0.752445
0.004525
-0.631902
-0.576535
-0.514786
-0.715120
-0.562489
-0.374246
-0.538622
-0.409778
-0.473413
-0.637158
-0.176182
-0.320995
0.430044
-0.415130
-0.358560
0.267161
-0.047090
1.714759
0.016306
0.181827
0.568469
0.066203
0.187111
0.288098
-0.254148
0.832122
-0.268468
0.253416
0.000283
1.226724
-0.280268
-0.541700
0.874042
0.656078
0.992065
-0.816884
-0.130087
0.165891
0.258852
0.511131
0.073151
-0.604516
0.456586
-0.534849
-0.935279
0.033902
1.170000
-0.343117
-0.865279
0.657111
-0.501383
-0.939616
0.410766
-0.009030
-0.474679
-0.569794
-0.670067
-0.944992
0.081750
1.114069
-0.398022
-0.348367
-0.493700
-0.394516
0.250202
-0.457054
0.866296
-0.574039
-0.380312
-0.560152
-0.299134
0.120434
-0.042818
-0.639653
-0.605891
0.634980
-0.589483
0.926936
-0.135560
-0.032342
-0.142732
0.909511
0.892199
1.077026
0.917889
0.609011
1.662254
0.882680
0.182658
1.402407
0.960560
-0.335979
1.132467
0.302342
-0.204123
-0.216559
-0.486425
-0.075361
-0.305134
-0.138534
-0.204695
0.010507
0.176343
0.391760
-0.179966
-0.064802
0.678808
-0.394888
0.347473
1.119113
-0.249227
0.707642
-0.520291
0.264980
0.058475
-0.587011
-0.631999
1.189594
0.724475
-0.717772
-0.602766
0.352549
1.025331
0.453655
-0.126200
0.569120
1.030708
-0.536792
0.987327
0.085653
1.166031
0.571973
1.415704
0.151201
0.090644
1.359835
-0.148827
0.533992
1.197921
0.082546
-0.114427
-0.381610
-0.256322
-0.493021
-0.129606
-0.406940
-0.131016
-0.529418
-0.493899
0.273601
0.174429
0.224966
0.095035
-0.600535
0.451289
-0.557531
-0.657263
-0.446560
-0.564114
-0.627704
-0.544749
-0.485770
-0.340888
-0.536120
-0.270023
-0.240733
-0.669637
-0.597448
-0.702143
-0.331590
0.388076
-0.615416
-0.764690
-0.152560
-0.459456
-0.614379
0.350715
-0.477417
-0.577797
-0.555336
-0.568524
-0.488974
0.320402
0.494953
0.351207
-0.470204
-0.383724
0.168407
-0.360748
-0.477292
-0.570504
-0.399028
0.232299
-0.160169
0.315303
-0.448382
0.127149
-0.188745
0.389390
0.332007
0.128330
1.778119
1.256060
0.469314
1.262126
0.904938
-0.073956
0.315693
-0.693048
0.327884
0.492494
0.364101
0.412216
0.583439
-0.176549
0.543834
0.467504
-0.871077
-0.269092
1.836414
0.165445
-0.356196
-0.476228
-0.684228
1.993149
-0.526207
-0.653437
0.766608
-0.548978
0.187429
0.860570
-0.787811
-0.464509
0.786147
-0.477074
-0.198381
-0.637993
-0.430045
0.622089
-0.643469
-0.415655
0.361144
0.336644
0.627304
-0.498359
0.033304
-0.606861
-0.127905
-0.551278
-0.323950
-0.020748
0.962362
-0.857323
0.106146
-0.321746
-0.098072
-0.740792
0.162350
-0.049395
-0.464565
-0.277854
-0.153185
0.785089
0.619958
-0.101986
0.044021
0.892344
1.565662
0.696237
-0.051455
0.403624
1.263829
0.504740
-0.168044
0.191540
-0.093172
0.058983
-0.116916
-0.290288
0.215089
-0.095063
0.073738
-0.280911
-0.032208
0.257733
0.083413
0.114906
-0.170830
0.006539
0.780026
0.055240
-0.192300
-0.343603
1.317419
-0.462209
0.069735
0.096980
-0.576165
-0.078393
0.338171
-0.589543
0.939225
-0.610126
0.284642
0.018726
-0.224719
0.414658
-0.157937
0.635149
0.655735
-0.294695
0.589433
0.505744
0.353577
0.323471
0.752045
0.200342
0.407364
0.788821
0.497312
0.711911
0.396698
-0.253873
0.348063
-0.659883
0.623443
-0.421590
-0.651615
-0.088873
-0.616152
-0.482930
-0.427062
-0.494339
-0.185129
-0.024959
-0.628638
0.232315
0.350753
-0.710855
-0.275793
-0.505808
-0.453753
0.125816
-0.232029
0.261764
-0.060253
0.586481
-0.349519
-0.101189
0.286616
-0.697576
-0.668424
-0.089745
0.153171
0.377826
-0.483641
-0.665101
-0.698244
-0.473368
-0.773687
-0.651921
-0.511571
-0.764839
-0.186766
-0.393057
-0.726157
-0.550100
-0.271531
-0.584546
-0.422604
0.176856
-0.527719
-0.169135
-0.562661
0.209642
0.368769
0.080726
0.412506
-0.447004
0.030697
-0.139295
-0.418488
0.280987
0.174025
-0.231567
-0.062931
0.865502
-0.420784
0.156777
0.657010
0.809292
-0.533141
0.725301
0.730209
-0.321827
-0.023980
0.522652
-0.354872
0.885856
-0.032677
0.418353
-0.491934
-0.032134
0.642961
-0.676470
-0.513739
1.100320
-0.545053
0.154908
0.064896
-0.986159
0.013981
-0.564545
0.249736
0.840831
-0.110085
0.220309
-0.001283
-0.708484
0.315069
-0.772501
-0.782485
0.749664
-0.565782
-0.699750
0.507108
-0.371124
-0.742386
-0.126725
0.192391
0.000275
0.019769
-0.603475
-0.555701
-0.353310
-0.022517
-0.140969
0.765766
-0.213878
0.273329
0.054776
-0.862126
0.110294
0.591213
0.700026
0.393200
0.679637
0.610783
1.538002
0.824659
0.336897
0.205039
1.419774
0.468593
0.325786
-0.335247
-0.027944
-0.096410
0.519096
0.117157
0.444233
-0.129626
0.034646
-0.064715
0.646075
0.049099
-0.088509
0.948765
-0.050445
0.457879
0.532340
-0.470595
0.198982
-0.041081
0.516854
-0.337086
-0.094182
-0.200122
-0.030149
-0.180779
-0.209326
0.055928
0.490337
0.723790
-0.137844
-0.285946
0.850373
0.476714
0.976902
-0.599839
0.570010
1.089092
0.419046
0.863842
0.582501
0.408824
0.503023
0.612566
0.139971
0.782841
1.520200
-0.111140
0.864999
0.014859
0.509410
0.316782
-0.272912
-0.342452
0.645726
-0.093989
-0.587278
-0.642277
0.124005
-0.575691
-0.718057
-0.599514
-0.648063
-0.464666
-0.455277
-0.168607
-0.667658
-0.577618
-0.454279
0.003664
-0.737810
-0.450571
-0.250728
-0.335633
-0.225324
0.226677
-0.751150
-0.622451
-0.532562
0.114555
-0.415791
-0.051754
0.194835
-0.640029
-0.385503
-0.207236
-0.486347
-0.817465
-0.518548
-0.392317
-0.574215
-0.759539
-0.381066
-0.463532
-0.539257
-0.543206
-0.698010
-0.241234
-0.552361
-0.132126
-0.567590
0.228391
-0.353516
-0.231583
-0.052465
-0.232236
0.358233
0.184871
1.253885
0.045577
-0.066919
-0.571117
-0.035198
0.955144
-0.461171
-0.211997
1.512264
-0.530811
0.367982
0.511516
-0.422177
1.066695
-0.556494
0.755369
0.312925
-0.564058
0.504229
0.096730
0.535598
1.026630
-0.549165
-0.109763
0.239542
-0.190532
0.981891
-0.789868
-0.040944
0.115788
-0.757147
1.113790
-0.106838
0.157486
0.319115
-0.388580
-0.903267
0.226748
-0.513355
0.857488
-0.811822
0.128723
-0.885683
-0.509325
-0.001619
-0.580145
1.172541
0.113128
-0.342707
-0.404120
0.486527
-0.556660
0.457529
-0.559727
0.917331
-0.867625
-0.575645
0.213861
0.720883
-0.614795
0.155762
-0.424016
0.165516
-0.036475
0.440341
1.118911
0.392046
0.995562
-0.094749
1.813031
0.534633
0.838677
0.190713
-0.293778
0.678373
-0.313806
-0.009196
0.571899
-0.124909
0.738487
-0.140901
0.044481
-0.166617
1.050518
0.093913
-0.247982
0.250041
0.164414
0.376742
0.383785
0.022002
0.220749
-0.217940
1.331943
-0.182984
-0.279152
-0.321966
0.233884
0.189053
0.372868
-0.462174
0.165818
-0.132449
0.362557
0.310250
-0.070201
1.133029
-0.231610
0.336994
1.483306
-0.055420
0.447181
0.718393
0.457347
0.688549
0.477875
0.591577
1.207897
0.529133
0.331935
0.221076
0.965536
0.187609
0.777950
0.597345
0.176222
-0.322916
0.627502
-0.167601
0.220142
-0.757052
-0.502401
-0.374091
0.014115
-0.658508
-0.532903
0.129377
-0.635398
-0.322856
-0.218348
-0.449130
-0.525571
-0.553799
-0.162140
-0.718160
-0.311156
-0.721454
-0.245396
-0.394979
-0.667682
-0.636098
-0.503853
-0.735169
-0.700399
-0.758126
-0.656165
-0.832373
-0.646031
-0.727344
-0.732963
-0.707660
-0.841813
-0.751931
0.284142
-0.410863
-0.501707
-0.343562
-0.548490
-0.502027
-0.327498
-0.700728
-0.588358
-0.476650
0.053280
0.134122
-0.698936
-0.062481
0.705239
-0.593821
-0.135520
-0.527641
0.607382
-0.209003
0.314162
-0.043870
-0.300442
0.191784
0.788593
-0.535059
0.906157
-0.498663
0.420676
-0.598543
1.300458
0.348516
0.600989
-0.868003
0.963687
0.142665
0.959238
-0.625613
1.648319
-0.115190
0.007999
-0.697872
1.299560
0.393228
1.159785
-0.799860
-0.711553
0.114715
0.565887
-0.375607
0.246921
-0.665394
1.107285
-0.366180
-0.251570
-0.554708
0.728203
-0.449032
-0.858983
-0.165808
-0.728159
-0.271202
0.155735
-0.742577
-0.609913
0.150870
-0.103605
0.025622
-0.381275
-0.294403
0.722826
-0.801768
-0.415365
1.112806
-0.348715
-0.707523
-0.153798
0.908792
-0.163147
0.739690
-0.539155
0.019850
-0.158950
1.125058
0.457071
1.140610
0.013826
0.219671
2.619947
-0.371885
1.504567
0.476050
0.197727
0.475425
-0.133648
-0.634200
-0.275951
-0.172079
-0.289386
-0.383609
-0.247200
-0.350454
0.892978
-0.020351
0.599774
0.801677
0.103279
0.268713
1.058317
0.071558
0.154183
1.519639
-0.209207
0.495210
0.164112
0.164695
0.307262
-0.357668
0.988619
-0.383470
0.018986
0.943347
0.633060
-0.204832
0.619130
0.980575
0.144564
0.749567
0.942858
0.404532
1.111748
0.665610
0.732606
0.821903
0.615717
1.137814
0.559654
0.766387
0.954334
0.667965
0.968491
-0.021714
0.946496
0.415644
0.681674
0.321167
0.684326
-0.163994
0.128683
0.303330
-0.684566
-0.447402
-0.581783
-0.004819
-0.617874
-0.691243
-0.450955
-0.525269
-0.707248
-0.575967
-0.725063
-0.712620
-0.467228
-0.715527
-0.704747
-0.594314
-0.657538
-0.222324
-0.721096
-0.775037
-0.447358
-0.689946
-0.264124
-0.304375
-0.370583
-0.108565
-0.508414
-0.331915
-0.552330
-0.825885
-0.686052
-0.363438
0.052168
-0.248972
-0.456703
-0.789503
-0.476310
-0.719142
-0.780068
-0.679010
-0.070774
-0.572012
-0.715521
-0.347396
0.156547
-0.761844
-0.433566
-0.423908
-0.374146
-0.467623
-0.391296
-0.399341
-0.287468
-0.554019
0.012076
0.009298
0.177629
-0.499892
-0.071616
0.860241
0.326959
0.837343
0.481893
0.706512
1.675795
0.435933
-0.583302
-0.038038
1.425430
-0.390899
0.630770
-0.192310
-0.483954
0.311225
1.163455
0.571855
-0.755031
-0.244665
0.006737
0.513153
-0.163889
-0.462496
0.031611
-0.688871
0.633783
-0.031763
-0.709357
1.273932
-0.679085
-0.478378
0.589106
-0.752876
-0.140317
0.051164
0.127623
0.452915
0.993937
-0.315332
0.393853
-0.016279
-0.543646
-0.067307
-0.434549
0.315422
-0.422775
-0.427533
-0.261542
0.844621
-0.520845
-0.482573
-0.281454
0.582083
-0.671990
-0.610566
1.093416
-0.384545
0.912149
-0.516380
-0.126034
0.545572
0.767165
0.879768
0.605046
0.159611
2.152420
0.798124
0.571230
0.002696
1.063355
-0.751486
0.531735
-0.588767
-0.555295
-0.681386
-0.503298
-0.503258
-0.315636
0.738821
-0.432550
-0.068270
0.044507
1.785586
-0.275598
0.207828
0.553770
0.184542
0.810364
0.064506
0.640896
0.636792
-0.326112
0.622530
-0.460410
0.159505
0.605268
-0.304068
-0.603196
1.375474
0.696136
-0.467055
1.732926
-0.727184
0.784882
0.996997
0.160213
1.345276
0.749479
0.587510
1.653343
0.239409
0.831540
0.648351
0.705840
1.212156
0.494650
1.023326
0.913772
1.118435
0.273292
0.496606
0.374139
1.465134
-0.230573
0.449718
-0.117848
0.200384
-0.672377
0.136009
-0.630685
-0.379456
-0.050837
-0.682527
-0.295213
-0.278452
-0.729318
-0.499075
-0.253739
-0.700498
-0.870389
-0.568315
-0.145981
-0.826934
-0.413597
-0.619193
-0.411115
-0.248034
-0.676469
-0.692016
-0.466530
-0.377914
-0.831565
-0.653472
-0.440795
-0.473955
-0.584615
-0.550783
-0.575035
-0.709050
0.012061
-0.504843
-0.640782
-0.510701
-0.662458
-0.467056
-0.612913
-0.477703
-0.694443
-0.541731
0.226253
0.274855
-0.613197
-0.652681
-0.356783
-0.261362
-0.365204
-0.320895
-0.307175
-0.116464
-0.128910
-0.452503
-0.456454
0.697487
-0.364547
1.000410
0.015124
-0.158979
-0.319949
-0.286019
1.614154
-0.523420
0.873883
0.086582
0.372280
0.083114
3.222410
-0.653872
1.243773
-0.597687
0.916524
-0.587870
1.370580
-0.874455
-0.636501
0.903709
0.141570
-0.258634
0.543159
-0.610852
-0.665407
0.306735
-0.385839
-0.349090
-0.022898
0.519357
-0.548068
-0.726599
0.284039
0.116922
-0.595957
-0.368913
0.047081
0.022711
-0.911629
-0.578844
0.267617
-0.699520
-0.248215
-0.516684
-0.703304
0.886318
-0.827739
-0.356303
-0.214089
-0.154832
-0.542673
-0.606679
1.140526
0.146642
-0.611194
-0.602184
-0.208919
-0.154810
0.654124
0.213760
-0.519880
1.281327
-0.115505
0.085052
1.493212
1.523487
0.604138
-0.031277
2.069309
0.131194
-0.100272
1.429890
0.566197
-0.211504
-0.181890
0.317680
-0.175137
0.806397
1.159077
0.456800
-0.310446
-0.034480
0.152572
-0.341804
-0.016602
-0.114191
0.559992
-0.320611
0.631815
0.752802
-0.504990
0.102894
0.295192
0.135987
-0.125158
-0.116964
-0.149103
-0.653443
1.087414
-0.387164
0.720497
0.047573
0.011771
-0.072963
0.483839
0.646085
0.798075
-0.197456
0.662793
0.339700
0.315450
1.325266
-0.026621
1.325695
1.092615
-0.261193
0.482790
1.301775
-0.315163
0.332998
0.906926
0.423188
-0.515854
-0.145248
-0.332868
0.278310
-0.600278
-0.513109
-0.391884
-0.434782
-0.399976
-0.566919
-0.592474
-0.561364
-0.436272
-0.231228
-0.207755
-0.219390
-0.233078
-0.336645
0.824272
-0.359318
-0.782945
0.105493
0.029375
-0.332132
-0.549132
-0.643261
-0.539097
-0.793619
-0.620367
-0.396888
-0.667756
-0.019222
0.368671
-0.689804
-0.399494
0.666139
0.074295
-0.639231
0.145560
-0.527243
-0.316962
-0.586090
-0.380412
-0.618681
0.395613
-0.219631
-0.498513
-0.499078
0.064244
0.203064
-0.431449
-0.498377
-0.146430
-0.503166
-0.344163
1.170701
0.382489
-0.488687
0.342407
-0.568977
0.171742
-0.059496
1.264203
0.072722
1.887920
0.845899
0.085579
0.728572
0.930642
-0.062073
-0.374217
0.574136
0.793167
-0.941070
0.775822
-0.295538
-0.030221
0.104637
0.448754
0.391256
-0.868414
0.559052
-0.520154
0.036686
-0.075523
-0.048291
-0.479076
-0.279469
0.186852
-0.768774
0.882034
-0.948425
-0.715102
-0.314241
-0.317255
0.481263
-0.800708
0.547555
-0.227398
0.688907
-0.449926
0.080228
-0.445279
-0.919694
0.329446
-0.050760
-0.251939
-0.580734
-0.786701
0.202735
-0.600219
0.159462
-0.225077
-0.776990
0.503869
-0.602077
0.719674
-0.157762
0.822220
0.527262
-0.330067
-0.936408
0.630626
1.526593
0.573956
1.294701
1.095174
-0.021478
0.399881
0.726900
-0.339689
2.451660
0.001677
1.129308
-0.015398
-0.002737
0.054763
0.015550
0.508307
-0.100831
0.300308
-0.124296
-0.172388
0.406378
0.143288
-0.354845
0.863397
-0.146575
0.219697
0.303026
-0.133944
-0.445925
0.523739
-0.272489
-0.416340
0.583485
-0.031667
-0.376056
-0.673702
-0.031227
0.985621
-0.615492
-0.040629
0.176217
0.139557
0.889602
-0.267072
0.111553
0.056627
0.795698
-0.173480
1.137565
-0.118103
0.563397
-0.275326
1.571968
-0.223239
0.945107
0.373594
0.083768
0.330183
-0.380959
0.433064
-0.741101
0.000895
-0.149709
-0.573906
-0.562122
-0.341959
-0.198530
0.687946
-0.552734
-0.605959
-0.616654
-0.301692
-0.677372
-0.681863
-0.114515
-0.369174
-0.647316
-0.106512
-0.594937
-0.607936
-0.739695
-0.671842
-0.090483
-0.551146
-0.438483
-0.715811
0.196791
-0.494742
-0.786394
-0.310202
-0.336669
-0.730152
-0.421557
0.364369
-0.709923
-0.678948
-0.525753
-0.300814
-0.044250
-0.532700
-0.702172
-0.315042
-0.421746
0.129853
0.242719
-0.166687
-0.396397
0.106337
-0.265256
0.568378
0.076342
-0.688599
-0.033998
-0.349703
0.191660
0.005044
-0.410114
0.884646
0.008938
-0.033966
1.222081
-0.348752
0.580858
-0.450127
0.406290
1.099523
0.354137
0.352332
0.599876
0.624371
-0.682202
1.497038
0.034711
0.108810
0.483416
0.925780
0.275815
-0.646563
-0.337688
0.775006
-0.043081
0.891640
0.879530
0.034006
0.477772
-0.602762
-0.380571
0.057638
0.299706
0.396712
-0.896374
0.014207
0.199237
0.139463
0.573609
-0.640532
-0.176880
-0.831544
0.092758
-0.905857
-0.410829
0.383445
0.440337
-0.544176
-0.884309
0.305553
-0.140329
-0.854902
1.130340
-0.855604
-0.401552
-0.750081
0.394673
0.829371
-0.769024
0.165129
0.449695
-0.357975
0.664222
-0.423623
0.990191
0.815507
0.504917
1.463664
0.003843
1.539441
0.204955
0.227843
0.918727
-0.213577
0.229309
0.010594
0.006083
0.801278
-0.004325
-0.023203
0.426034
0.317386
-0.067725
-0.113755
0.730156
0.707079
0.009884
-0.277838
0.924466
0.131561
0.486680
-0.371078
0.644845
-0.026904
-0.399223
-0.080030
-0.412828
0.312238
0.608127
-0.192585
0.180003
0.252074
0.587394
-0.554417
0.456910
0.517657
0.529910
-0.131506
1.119935
-0.559219
0.985749
0.273766
0.151571
0.423061
1.731826
-0.306359
1.046095
-0.171323
0.993250
-0.202799
0.957152
0.432641
1.245264
-0.806368
0.993160
-0.570753
0.652412
-0.687834
-0.149143
-0.192106
-0.519337
-0.613078
-0.556422
-0.557350
-0.426757
-0.666203
-0.686090
-0.537889
-0.371704
-0.147875
-0.450112
-0.492161
-0.371584
-0.593784
-0.555128
-0.759536
-0.636826
-0.050334
-0.611180
-0.646027
-0.651293
-0.209047
-0.706501
0.098586
-0.063638
-0.648566
-0.255353
-0.384300
-0.717190
-0.732943
-0.422813
-0.647584
-0.736221
-0.651148
-0.524068
-0.746816
-0.406492
-0.791167
-0.601152
-0.662185
-0.528682
-0.208454
-0.323282
-0.643226
-0.327967
-0.051250
-0.485401
-0.382335
0.059483
-0.249322
0.465917
-0.656392
0.425129
0.117647
-0.601477
0.994418
0.172531
1.130075
0.138350
-0.144059
1.667631
-0.648941
0.036844
0.271398
1.858076
0.426471
-0.116979
0.876446
0.230466
0.362966
0.571399
-0.570945
0.626607
0.893220
0.047324
-0.772114
0.739157
-0.060945
0.733231
-0.938537
-0.893428
1.178298
-0.513353
-0.395340
-0.612380
0.304359
-0.153337
-0.394434
-0.499503
-0.741519
1.952533
0.067719
-0.571640
-0.676324
0.804179
-0.212671
-0.157167
-0.415560
0.205271
-0.714956
0.879348
-0.073898
-0.692853
0.404744
-0.458808
0.226842
0.877220
-0.117038
-0.156547
-0.547882
1.132643
-0.208708
-0.268876
0.229830
1.066784
0.255075
0.191747
-0.027118
2.033607
0.003280
2.241422
0.547815
1.001826
-0.288790
0.537505
-0.208146
0.026891
-0.252964
1.135577
0.254103
-0.033413
-0.071831
0.526638
-0.100839
-0.209433
-0.093772
1.623116
-0.052274
0.182325
0.418813
0.293574
0.640611
0.362093
-0.360384
0.567725
-0.064010
-0.197323
-0.448242
0.124381
0.336978
-0.132357
-0.079344
-0.013053
0.443869
0.683873
-0.541677
0.721126
0.422697
1.052586
-0.045402
0.925514
0.524058
-0.002550
0.774459
0.772103
0.402530
0.471339
0.585407
0.640847
0.542755
0.611550
0.883803
0.847348
-0.061490
0.836148
0.194088
0.100266
0.197215
0.637853
0.072802
-0.558814
-0.624792
-0.118055
-0.542237
-0.474169
-0.316785
-0.084367
-0.282427
-0.162409
-0.705183
-0.561880
-0.585073
-0.636893
-0.330138
-0.444761
-0.600411
-0.307983
-0.537248
-0.178445
-0.494044
-0.468870
-0.760244
-0.727766
0.077168
-0.149635
-0.365185
0.050955
-0.255533
-0.778980
0.273144
-0.020404
-0.111235
-0.512069
-0.525873
-0.707629
-0.625064
-0.505478
-0.790038
-0.536793
-0.575376
-0.651821
-0.330771
-0.682109
-0.663190
-0.392712
-0.014999
-0.497534
0.068523
-0.653307
-0.668155
-0.492231
-0.296891
-0.186658
-0.563433
-0.469573
0.235163
-0.540983
0.729063
0.488605
-0.244394
0.972845
-0.466465
1.204437
0.629201
-0.688343
-0.355345
1.284953
0.232267
0.233605
-0.092156
0.895717
-0.167572
0.020437
0.596269
0.286674
-0.150365
-0.967317
1.638653
-0.667898
0.521497
-0.188156
-0.750795
1.143267
-0.890979
-0.218877
-0.718504
0.056319
1.211723
-0.584956
-0.546245
0.108416
-0.071013
-0.792696
-0.483274
-0.498383
-0.081362
-0.453162
-0.414657
0.504148
-0.638142
0.054841
-0.113338
-0.534631
-0.462077
0.164394
0.370407
-0.870225
0.315854
-0.201046
0.568196
0.050966
-0.360571
-0.634727
1.174200
0.177992
-0.346470
0.449192
0.202874
2.253965
-0.677816
1.169035
0.079893
2.534394
0.093238
1.480096
-0.149103
-0.256448
0.668793
-0.289313
0.078625
-0.243551
-0.261849
-0.193758
0.397136
-0.267336
0.794355
-0.297292
-0.009353
0.513720
0.742853
0.454748
0.030538
0.618799
1.309842
0.163412
-0.303044
1.321922
0.512995
0.337668
-0.600384
-0.419327
-0.139996
0.450667
0.263870
0.900015
-0.197552
0.700619
0.348737
0.759993
0.275110
1.121432
-0.363182
2.006492
0.268837
1.215423
0.174272
0.906378
0.581423
0.898018
0.813138
0.725673
0.746706
0.902181
0.346662
0.642157
0.397369
1.012161
0.820428
0.263303
0.111719
0.802881
0.062643
-0.137190
-0.053325
-0.564441
0.332018
-0.433328
-0.745857
-0.004527
-0.122590
-0.606857
-0.057202
-0.349922
-0.644600
-0.659074
-0.469918
-0.721348
-0.439998
-0.309070
-0.932235
-0.560443
-0.075025
-0.470226
-0.291792
-0.378632
-0.346631
-0.060468
-0.413939
-0.657335
-0.768185
-0.596347
-0.695458
-0.025512
-0.470886
-0.222058
-0.674682
-0.662075
-0.125868
-0.477694
-0.329746
-0.449410
-0.618764
-0.468039
-0.420980
-0.467293
-0.748476
-0.279777
0.219437
-0.669826
-0.765624
-0.336310
-0.504892
-0.182979
-0.385501
-0.817410
-0.334106
-0.507953
-0.575889
1.165161
-0.477986
-0.555672
1.292308
-0.359160
-0.516309
0.501237
-0.281303
0.589642
-0.012664
2.020028
-0.441631
0.412779
0.103158
0.629633
0.228784
-0.591132
-0.831583
1.560663
0.348788
-0.042823
-0.199707
-0.106896
-0.595308
0.044771
1.082305
-0.727251
-0.293203
0.051611
-0.697735
0.737896
-0.481454
-0.603535
-0.514720
0.300510
-0.873247
0.550348
0.104016
0.008766
-0.442000
-0.472707
0.081532
-0.790411
-0.542911
-0.401069
1.218323
0.116365
-0.551261
0.092611
-0.233130
0.751943
-0.310908
-0.543945
-0.113912
-0.295296
-0.171738
-0.106641
-0.368163
0.379707
-0.432245
0.399062
0.179928
-0.359286
1.691820
-0.199459
0.033107
1.073002
1.054989
0.670033
1.106438
1.133221
0.226889
0.627949
-0.132335
1.695820
0.140441
-0.523936
0.047814
-0.541480
-0.431833
-0.469002
-0.494535
-0.053923
-0.304496
0.270228
-0.480562
0.287575
0.392552
1.310321
-0.272495
1.458029
0.322979
0.753303
1.151362
0.449590
-0.415670
1.175686
-0.330463
0.596461
0.207760
0.540302
0.191710
0.013482
0.314019
0.752393
0.375407
0.153110
0.744794
0.438689
1.382280
0.268558
-0.027689
1.274490
1.258628
-0.574404
0.573985
0.890618
0.237641
0.987541
0.201981
1.184543
0.376912
0.400003
0.710715
0.122115
1.118728
-0.076806
0.183968
-0.242967
-0.005180
0.533101
-0.621390
-0.668417
-0.358965
0.775648
-0.746012
-0.658709
-0.453868
0.923660
1.159663
2.978166
11.587409
-0.914374
5.731134
2.911288
3.458090
1.790221
1.198389
0.143019
-0.396873
-0.302861
-0.479649
-0.112185
-0.148932
-0.129753
-0.714635
-0.834508
-0.798436
-0.723255
-0.613003
-0.757481
-0.772733
-0.713474
-0.686967
-0.750831
-0.869494
-0.721719
-0.580181
-0.742702
-0.808909
-0.827489
-0.884342
-0.846784
-0.852547
-0.744500
-0.793927
-0.693638
-0.697710
-0.811557
-0.600172
-0.843112
-0.608252
-0.768605
-0.369236
-0.837375
-0.788193
-0.639861
-0.788115
-0.533855
-0.600377
-0.886436
-0.589752
-0.806567
-0.670904
-0.911623
-0.317375
-0.816142
-0.904558
-0.735056
-0.299893
-0.716859
-0.648505
-0.734879
-0.540748
0.038286
0.350303
-0.910447
-0.520847
0.496841
0.166856
-0.763215
0.076042
0.382442
0.739667
-0.713638
-0.861224
1.081904
-0.757317
0.852692
-0.771091
0.184848
0.187959
0.208510
-0.265692
-0.522239
0.262075
-0.607446
-0.159964
0.371174
-0.305341
-0.649800
-0.077128
-0.771743
0.095768
-0.490764
0.143536
0.694162
-0.569684
0.633265
0.037048
0.287562
0.163609
0.166596
-0.074484
-0.351727
0.010884
-0.260875
1.219445
-0.566986
0.173428
0.918858
-0.158974
0.332694
-0.175016
2.801416
0.060922
1.143289
0.531652
0.218317
1.349092
0.274906
0.959163
-0.482768
-0.335751
0.251658
0.733805
0.041704
0.156354
-0.481237
-0.530267
0.236680
-0.223017
-0.114037
0.006827
0.734166
-0.522240
0.224684
0.335777
-0.079299
1.034946
-0.538290
0.284777
-0.035127
-0.405002
0.368447
0.588922
-0.389920
-0.114313
1.071115
-0.606671
0.573758
0.779394
0.088804
-0.400421
0.903806
-0.415864
0.910154
0.599944
0.464054
-0.122058
1.363984
0.116950
0.435354
1.553622
0.635126
0.476099
0.656268
0.770031
0.844805
0.008632
0.666806
0.469884
-0.883749
-0.568701
1.119093
-0.780477
-0.755431
-0.067183
-0.469038
-0.673272
-0.269422
-0.479228
-0.225327
-0.279839
-0.622682
-0.176639
-0.168171
0.029035
-0.446604
-0.439591
0.308306
-0.288537
-0.190713
-0.285417
-0.151761
-0.334954
-0.317393
-0.282209
-0.445039
-0.070688
-0.585966
-0.726367
-0.602321
-0.592279
-0.260453
-0.613999
-0.282160
-0.140562
-0.549365
-0.813975
-0.632375
-0.577729
-0.605179
-0.627406
-0.575741
-0.819655
-0.184623
-0.523353
-0.522754
-0.349376
-0.166649
-0.246398
1.399179
0.111038
0.555321
-0.529206
0.217821
-0.176785
-0.160046
-0.334319
1.830367
-0.508693
0.252927
0.139183
0.845986
-0.008435
0.157875
-0.128587
0.357452
-0.343237
1.137713
0.473814
-0.697810
0.583522
-0.152106
1.120758
0.204998
-0.547933
0.646052
0.195739
-0.118026
0.841698
-0.669950
1.268699
-0.620121
-0.412981
1.931020
-0.370951
-0.868112
-0.767621
-0.278245
0.939133
-0.021440
0.378663
-0.207549
-0.828337
0.192350
0.818866
-0.874187
0.476509
-0.085795
0.547746
0.383733
-0.456900
0.910395
-0.611738
-0.296478
-0.905012
0.082854
-0.467571
-0.056109
-0.766538
-0.384523
0.178286
-0.779763
0.230308
0.239892
-0.083767
-0.664464
-0.273011
0.940770
-0.892078
-0.294980
-0.250654
1.525967
0.769624
0.670340
0.345552
0.015458
2.403061
0.920285
-0.455755
0.618423
0.307385
0.871591
-0.193426
0.736729
-0.141192
-0.114821
0.234496
-0.090371
0.008140
-0.189734
0.017080
-0.038127
-0.186137
1.013737
-0.165599
-0.138592
1.344059
0.760994
-0.144986
-0.566490
0.020959
-0.089153
0.708762
-0.617883
0.044790
-0.505246
-0.237431
0.183804
-0.111257
-0.691060
0.800923
-0.399720
1.198303
-0.003871
-0.290258
-0.225220
0.290121
1.743043
-0.042610
-0.503705
0.954260
-0.490765
1.671720
0.303821
0.369692
-0.039353
1.247592
0.087967
-0.195508
1.366783
-0.414847
-0.150445
-0.082730
-0.363877
-0.334921
-0.358521
-0.488348
-0.055830
-0.263994
-0.446691
-0.620644
-0.501565
-0.420390
-0.569413
-0.589427
-0.320763
-0.528805
0.399482
-0.436106
-0.573397
-0.381688
0.139142
0.214665
-0.326135
-0.542831
-0.656415
0.390091
-0.210213
-0.055633
-0.703760
-0.190748
-0.300758
-0.628310
-0.700099
-0.442180
-0.760142
-0.536532
-0.461506
-0.486405
-0.340900
-0.363110
-0.454310
-0.368601
-0.761096
-0.147628
-0.477254
-0.170094
-0.155259
-0.492847
-0.622953
-0.368294
0.723226
-0.447815
0.278438
0.692973
0.775490
-0.527595
-0.132556
0.172248
0.492268
-0.355078
0.761072
1.092338
-0.321872
-0.506147
0.949250
-0.062592
0.816841
0.995179
-0.271294
1.195787
-0.196225
1.744516
-0.911297
0.285749
0.238610
1.094480
-0.378936
-0.529464
0.708758
0.019189
-0.293659
0.345213
-0.714320
0.126265
1.293806
-0.739699
0.000373
-0.069537
-0.041482
-0.229713
-0.786010
-0.324421
-0.383166
-0.095137
0.287660
-0.040249
-0.301938
-0.429082
0.664676
-0.518085
-0.924695
-0.141195
0.037526
0.517757
-0.801970
-0.290249
-0.547860
0.218440
-0.111994
-0.053751
1.035187
0.656834
-0.815257
-0.282866
0.398400
-0.716142
-0.327828
0.997692
-0.393627
0.536357
-0.132243
0.384181
0.279552
1.008791
1.218529
0.829438
0.622918
1.444511
-0.479312
1.228582
0.011095
0.067632
0.240962
0.098231
-0.051086
0.195263
-0.128992
-0.027515
0.005592
0.750704
-0.095022
-0.111617
0.149635
-0.120693
1.608878
0.318107
0.035412
-0.382338
0.186844
0.183433
0.825395
0.006692
-0.520284
-0.136518
0.091899
-0.406120
-0.199350
-0.078103
0.726996
0.583567
-0.257627
0.437121
0.847499
-0.013778
0.667652
-0.121315
0.752788
0.005488
1.163881
0.327541
0.016623
0.903607
0.458811
-0.196825
2.013157
0.126547
0.364598
0.638399
-0.121774
1.073859
0.126397
0.006626
0.905638
-0.588230
-0.124869
0.005583
-0.604396
-0.475737
-0.046580
-0.679797
-0.424677
-0.558599
0.174760
-0.290540
-0.520557
-0.515398
-0.594449
-0.306092
-0.532442
-0.578236
-0.638701
-0.362241
-0.742881
-0.552662
-0.183668
-0.032171
-0.709288
-0.603433
-0.346124
-0.542339
-0.741103
-0.802660
-0.440221
-0.616279
-0.725999
-0.591188
-0.520350
-0.126256
-0.550477
-0.062374
-0.613746
-0.424737
0.194759
0.339279
-0.139397
-0.769442
-0.637357
-0.136351
0.441760
-0.666270
-0.103270
0.019426
-0.438864
0.108437
0.016485
-0.520113
-0.537020
-0.049637
-0.469111
-0.181469
0.646751
-0.368530
-0.122027
-0.728589
2.664482
-0.598552
-0.591000
1.547744
-0.594888
1.255297
-0.470257
-0.243337
1.519242
0.661119
-0.484605
0.488733
-0.072003
0.145726
0.892508
0.403803
-0.514200
-0.004070
-0.848089
0.879200
0.152775
0.139300
0.298034
-0.867153
-0.839613
-0.296325
1.023332
-0.783459
-0.077650
-0.796625
0.345847
-0.424996
-0.767652
0.539509
-0.493783
0.339467
0.028886
-0.879808
-0.056575
-0.376798
-0.408459
0.280184
-0.825063
0.209175
-0.278397
0.292880
-0.635383
0.495598
-0.601010
-0.641838
1.127721
0.086446
-0.189074
0.193537
0.116969
-0.559329
0.244509
1.303773
-0.258379
0.550863
1.417168
-0.244318
1.092927
1.803803
0.919338
-0.185280
1.175684
0.370552
0.184229
-0.156470
-0.077846
-0.095396
0.304342
-0.105017
0.008392
0.436753
-0.022439
0.055653
-0.140438
1.148254
0.216512
0.104077
1.078968
-0.177128
0.250745
0.230146
0.798587
-0.017044
-0.247512
0.788421
-0.351698
-0.378200
0.204905
0.061541
-0.010788
-0.118667
0.091757
1.182958
-0.353399
0.604585
-0.308798
0.559396
0.781826
0.669947
1.236414
0.206921
-0.253121
1.173134
1.067301
-0.058561
1.396234
0.479506
-0.192964
0.845401
1.341766
0.979293
0.146319
-0.079498
1.159358
0.197957
0.209836
0.402645
-0.631869
-0.068717
0.168618
-0.247325
-0.088018
-0.496060
0.095646
-0.574051
-0.635933
-0.690610
-0.422146
-0.614140
-0.479970
-0.739283
-0.512224
-0.518790
-0.643409
-0.633587
0.396586
-0.126800
-0.725245
-0.511937
-0.176742
-0.278991
-0.130634
-0.741535
-0.229199
-0.646952
-0.589620
-0.551677
-0.718330
-0.472538
-0.775601
-0.524038
-0.784350
-0.763969
-0.579465
-0.735166
-0.486712
-0.645551
-0.515063
-0.775643
-0.677285
-0.381290
-0.460028
-0.079077
-0.708868
-0.205070
-0.486345
-0.404497
-0.269295
-0.635395
0.419801
0.272095
0.006030
0.190174
0.435091
0.115504
-0.253854
0.415175
-0.328464
-0.224462
1.777198
-0.609277
1.103535
-0.465381
-0.406644
1.363924
2.229485
-0.774344
-0.321329
0.771426
1.019716
-0.725961
0.606116
1.272256
-0.695865
0.597357
0.492748
-0.358054
-0.011900
-0.882972
0.276778
1.303789
-0.684953
0.170694
-0.466042
-0.832521
-0.799832
0.216712
-0.744362
1.325593
-0.028905
-0.207131
-0.137226
0.148554
-0.561151
-0.142271
-0.729329
0.131468
0.071436
-0.504942
-0.502003
0.249145
-0.698518
-0.670173
0.655856
0.594492
0.347887
-0.326385
-0.372729
-0.675738
1.928694
0.393422
-0.501211
-0.253428
2.534403
-0.715942
0.027773
0.726305
0.179299
1.100265
0.732440
1.186800
1.241601
0.007650
0.925558
-0.310263
0.954451
-0.158901
-0.488655
0.557221
0.009303
0.080092
-0.141446
-0.265410
-0.263705
0.304899
0.711977
0.278951
-0.038874
0.750057
0.405667
0.403152
0.438470
-0.145058
0.767353
0.308915
-0.111347
0.245875
-0.258851
0.221769
-0.382082
1.226456
-0.351971
-0.067118
0.700374
-0.057774
1.084614
-0.386700
1.055831
0.487039
0.824721
0.447394
0.195440
1.755262
0.482158
0.406850
0.530560
0.996125
0.782364
0.046514
0.662106
1.171361
0.892472
0.943524
-0.186081
0.557626
-0.049337
1.223053
-0.245087
0.333536
0.203885
0.087486
0.332817
-0.471726
-0.563507
0.107108
-0.267475
-0.618418
-0.649022
-0.495100
-0.745773
-0.087059
-0.660685
-0.547009
-0.724912
-0.711688
-0.487915
-0.574114
-0.688308
-0.563130
0.074378
-0.708015
-0.663475
-0.682465
-0.239810
0.048420
-0.466803
-0.747382
-0.647271
-0.533705
-0.721358
-0.545014
-0.791041
-0.650507
-0.741136
-0.413869
-0.548382
-0.795822
-0.203332
-0.597679
-0.524501
-0.274959
-0.779635
-0.016078
-0.351968
-0.786063
-0.574452
-0.702454
-0.634227
-0.021331
-0.640316
0.258471
0.071731
-0.024036
-0.305723
0.842536
-0.581001
-0.453268
0.292892
-0.478836
0.232106
-0.259465
-0.379791
2.406237
-0.036514
0.013433
0.020281
1.232809
0.705652
-0.139793
-0.139188
0.668561
-0.411812
0.921039
0.029410
-0.800941
0.871992
-0.486323
0.496992
0.781103
-0.495285
0.325669
-0.425967
-0.197233
-0.075992
0.061696
-0.543418
-0.215498
0.071475
-0.852502
0.410845
-0.582763
-0.281074
-0.259838
-0.849901
-0.292645
-0.475101
-0.344711
-0.908413
0.132259
0.567559
-0.584067
-0.698296
-0.405625
0.826523
-0.606082
0.942811
-0.533684
-0.504122
0.062759
0.461248
-0.535066
0.470585
-0.136717
-0.435725
-0.133072
1.359479
-0.540972
1.083888
-0.037269
-0.077661
0.210648
0.303143
1.658737
2.012488
-0.086303
1.425239
1.584637
0.139681
0.051584
1.051312
0.627104
-0.056360
-0.128400
-0.558891
-0.443003
-0.474108
-0.609274
0.740316
-0.290972
-0.510492
0.649743
0.959726
0.492170
0.129236
-0.342715
1.410464
1.167088
1.009806
-0.118032
-0.442202
0.932445
0.207154
0.713414
0.189405
0.141709
-0.599601
0.341844
1.026449
0.421177
0.255552
0.757690
-0.292460
1.266795
1.074649
-0.237635
1.201213
1.381679
0.516152
1.103076
1.341133
0.365117
0.252452
0.902548
1.264023
0.666131
1.188705
0.423825
-0.201660
0.809781
1.619651
0.077395
0.542265
0.764623
0.070082
0.076899
-0.215999
-0.598443
0.238517
-0.125384
-0.640369
-0.710999
-0.748014
-0.715596
-0.682951
-0.494805
-0.510351
-0.715449
-0.739563
-0.173969
-0.482479
-0.693982
-0.641394
-0.665611
-0.551752
-0.165328
-0.727636
-0.642714
-0.367562
-0.590032
-0.275763
-0.772293
-0.528582
-0.671706
-0.212116
-0.227946
-0.517613
-0.419082
-0.709363
0.200112
0.013335
-0.639706
-0.630063
-0.275471
-0.596023
-0.340543
-0.475231
-0.377601
-0.812405
-0.686634
-0.443564
0.070254
-0.032722
-0.577205
-0.511512
-0.353779
-0.341972
-0.465673
-0.522744
-0.436723
0.471578
-0.209612
-0.329449
0.336093
-0.003652
-0.449350
-0.065415
-0.356639
0.849837
0.496712
0.221823
-0.414906
-0.180162
0.703882
-0.062155
0.846325
-0.890796
1.793332
0.398397
0.125191
0.421990
0.613169
1.224055
-0.546732
1.014994
0.341041
-0.898647
-0.885627
0.870236
0.466082
-0.325712
0.260987
0.491170
-0.633209
-0.244175
-0.543866
-0.667645
0.031338
-0.841832
-0.684214
0.191789
1.042732
-0.100478
0.272525
-0.862063
-0.899826
0.843369
-0.653287
0.419810
-0.014200
0.194389
-0.657042
0.341904
-0.304530
0.779270
-0.639953
-0.655533
0.008229
0.179708
-0.123322
0.017818
-0.324676
1.395341
-0.100069
-0.664352
1.080274
-0.020797
-0.017587
-0.423455
0.999641
0.664009
-0.214823
2.121863
0.630958
-0.162777
1.617657
-0.171052
0.463071
0.038462
0.070227
-0.213172
-0.552710
-0.182373
0.733748
0.483303
-0.401407
-0.439357
-0.219316
-0.168956
-0.391119
-0.000906
0.481328
0.088527
-0.522391
0.830263
-0.390758
0.954665
0.058347
-0.605760
0.474323
-0.301048
0.335474
-0.513615
-0.127175
0.428414
-0.201745
-0.238751
1.256702
-0.398172
-0.065522
1.262181
0.504739
0.345316
1.140289
-0.496809
0.136415
1.415532
0.402492
1.834015
-0.323340
0.226134
1.477154
0.685567
0.454791
1.213976
-0.126392
0.944412
0.195367
0.187147
0.228219
-0.516696
-0.079991
-0.149908
1.163435
0.119707
0.477693
-0.569044
-0.762864
-0.603483
-0.083544
-0.691814
-0.717179
-0.366515
-0.024358
-0.572641
-0.763326
-0.618509
-0.687528
-0.614835
-0.557065
-0.690883
-0.234063
-0.429210
-0.723617
-0.656150
-0.206121
-0.461659
-0.507853
-0.583558
-0.027382
-0.294304
0.001722
-0.162137
-0.634388
-0.517868
-0.380166
-0.390764
-0.612302
-0.273277
-0.717628
-0.376038
-0.618926
-0.651426
-0.428479
-0.537734
-0.441589
0.513325
-0.507960
0.204389
-0.004865
-0.464321
-0.305972
0.871034
-0.377523
-0.408945
0.274951
-0.323234
0.186258
0.525679
0.755164
0.131564
-0.164779
0.073778
0.813597
-0.097396
1.666249
-0.334238
1.288144
-0.286189
0.303234
2.249490
1.518787
-0.599525
-0.505843
1.293303
-0.292437
-0.122554
-0.072704
-0.130538
0.701642
0.416935
0.236875
-0.856188
-0.501473
-0.029062
0.594895
-0.401748
0.143462
-0.617045
0.047346
0.513861
-0.570752
0.400453
-0.630596
0.246173
-0.711237
-0.362727
-0.867368
0.293922
-0.027601
-0.197660
-0.180985
0.507901
0.433691
-0.648924
-0.748000
0.725071
-0.779610
-0.239092
-0.920679
0.015780
0.549198
-0.486329
-0.632992
-0.628071
0.580290
0.377223
-0.652960
-0.283006
0.393652
0.529898
0.598469
0.304224
0.556897
1.010238
1.040094
-0.026071
0.822198
0.868996
0.869117
0.630446
-0.223173
0.497305
-0.031547
0.635784
-0.202477
-0.025695
-0.035641
-0.099428
0.261034
-0.123416
0.292171
0.109185
-0.159463
0.841359
0.197348
-0.298775
1.120202
-0.223001
1.139893
-0.226662
-0.386161
0.076739
-0.495926
-0.002209
0.168658
-0.171154
-0.415233
1.273091
-0.569768
-0.343805
0.342152
-0.397048
0.825730
0.375040
0.220656
0.779653
-0.659996
1.260469
-0.172028
0.416090
0.370275
1.277829
-0.807935
1.083989
0.824455
0.861196
-0.049767
0.730566
-0.292943
0.293039
-0.307740
-0.026734
-0.215332
-0.571380
-0.356912
-0.297539
-0.535612
-0.423639
-0.590668
-0.120981
-0.585531
-0.425663
-0.095824
-0.312063
-0.234099
-0.418531
-0.473467
-0.292773
-0.623535
-0.584341
-0.144294
-0.669672
-0.193585
-0.753216
-0.359430
-0.526391
-0.601664
-0.662379
-0.556621
-0.151597
1.430579
0.305815
-0.210027
0.218170
-0.726223
-0.526458
-0.443879
-0.311151
-0.099453
-0.058288
-0.559999
-0.646371
-0.018838
-0.510038
0.092723
-0.646538
-0.156357
0.809339
-0.525364
-0.589919
-0.498026
0.555735
-0.386597
-0.611915
0.368753
0.424774
-0.377088
0.753992
-0.314651
-0.611426
1.372512
-0.365439
0.904941
0.805277
-0.280360
1.871463
0.108712
0.076694
0.155203
-0.431502
1.664720
-0.637814
0.306240
0.860915
0.360377
0.967850
-0.434179
0.448680
-0.187837
0.685812
-0.506492
0.695336
-0.393068
0.139175
-0.613738
-0.494400
-0.102271
-0.093041
-0.771246
-0.073441
-0.042994
-0.559552
-0.383162
-0.033398
-0.350438
-0.726901
-0.246676
-0.430570
0.610124
-0.931734
-0.489447
0.497121
-0.707195
-0.036633
-0.069194
-0.765885
0.045837
-0.040293
0.236534
-0.646739
0.237850
0.913475
-0.218479
0.434768
0.485805
0.223838
0.109606
-0.414632
-0.372538
-0.802857
1.186064
1.419125
0.435717
1.021233
0.395231
0.178505
1.313463
0.664709
0.595260
0.572153
-0.317542
0.986307
-0.025206
0.121356
0.067558
-0.050355
0.369792
-0.128279
0.523227
-0.038248
0.589437
0.209041
-0.233569
0.728609
-0.002657
0.354622
-0.141921
0.727052
-0.117157
0.697486
-0.138319
-0.048370
0.329013
-0.093628
-0.339780
0.065911
-0.479985
-0.497383
1.381797
-0.457688
0.371296
0.287284
0.113987
0.118410
0.901914
0.214842
0.725237
-0.170638
0.383401
0.540579
0.995803
0.462160
0.681979
-0.161502
0.866076
0.817650
0.386911
0.587014
0.363688
0.170708
0.773477
-0.227881
-0.106085
0.315709
-0.540674
0.109254
-0.627179
-0.240090
0.125041
-0.567982
-0.288305
-0.640041
-0.645615
-0.608170
-0.362815
-0.661904
-0.472099
-0.248025
-0.643251
-0.557802
0.048125
-0.618845
-0.375924
-0.413822
-0.396917
-0.435051
-0.666437
-0.622738
-0.087542
-0.253884
-0.715750
-0.488306
-0.735035
-0.341792
-0.585881
-0.698365
-0.636322
-0.502682
-0.027543
-0.790600
-0.513861
-0.658536
-0.625843
-0.267108
-0.518819
-0.626235
-0.622683
-0.763018
-0.419238
-0.469067
-0.629702
-0.574059
0.885122
-0.247944
-0.520905
0.378484
-0.362252
0.713997
-0.329238
0.173947
0.506240
-0.265188
-0.191366
1.334126
-0.129503
-0.565552
1.594605
0.001485
-0.021912
0.530281
0.817260
0.777042
-0.531300
0.159858
1.422878
0.303118
-0.571863
0.256845
1.076226
-0.435987
0.759624
-0.300093
0.605083
-0.875826
0.690491
-0.192585
-0.626696
0.049648
0.250381
-0.786057
0.771253
0.186380
-0.201254
-0.297188
-0.348771
0.353603
-0.432497
-0.762151
0.844193
-0.467730
-0.642978
0.809585
-0.531959
-0.680181
0.583282
-0.675461
0.210678
-0.698777
0.163460
-0.228168
0.022569
-0.293590
0.160828
-0.599650
0.551154
-0.808418
0.320415
0.923529
-0.229026
-0.223459
-0.059827
0.730157
1.150047
0.087296
1.440154
0.617435
0.871846
0.888095
0.886694
1.239109
-0.179149
0.003170
0.070059
0.147658
0.344739
0.234153
0.331390
0.036582
0.068716
0.329576
-0.020193
1.160847
0.148140
1.130459
-0.127382
0.452389
1.082474
-0.280723
0.437767
0.111912
-0.391360
0.300758
0.284123
-0.379569
0.231285
-0.274960
0.359601
-0.217734
0.021822
0.731985
-0.200268
0.460854
0.006314
0.262013
0.273500
1.053636
0.853205
0.473564
0.260169
0.265224
0.695592
1.236130
0.057425
0.783989
0.111148
1.032729
0.990639
0.254256
0.081661
1.151390
0.563427
-0.104102
0.482827
0.367989
0.193017
-0.066573
-0.472140
0.055837
-0.526049
-0.516246
-0.305583
-0.041632
0.183975
-0.487279
-0.681622
-0.579034
-0.682987
-0.444725
-0.634090
-0.636837
-0.466294
-0.055264
-0.667467
-0.362012
-0.779856
-0.576975
-0.731461
-0.584523
-0.567009
-0.669319
-0.497697
-0.630921
-0.272339
0.129043
-0.757429
-0.745977
-0.339632
-0.291546
-0.709990
-0.322301
-0.473743
-0.781018
-0.867926
-0.476312
-0.164480
-0.774469
-0.763488
0.147941
0.415265
0.612634
0.691224
-0.762172
-0.344404
-0.631885
-0.123353
-0.156153
-0.399868
-0.089110
-0.464854
0.167941
-0.539872
1.226534
-0.519825
-0.328717
0.219042
0.118281
0.495498
0.157533
-0.592106
0.697491
0.765864
0.803357
-0.423516
1.619826
-0.103397
0.196385
-0.009580
0.548257
-0.128461
0.257391
-0.214252
1.100649
-0.373252
0.681089
-0.381755
-0.236341
1.196350
-0.682549
-0.413148
-0.304437
-0.609524
0.145619
-0.664232
1.502997
-0.001212
-0.676546
-0.387321
0.528160
-0.390896
0.104866
-0.410306
-0.758704
0.140891
-0.106787
-0.736756
-0.136931
0.600084
-0.270612
-0.186190
-0.294734
-0.293026
1.058142
-0.673702
-0.641295
0.832163
0.003198
0.981628
0.584536
-0.346199
-0.494660
0.502226
1.262530
-0.404876
-0.234750
1.450088
-0.260101
1.609698
0.825464
0.704258
-0.278530
1.822057
-0.537177
0.809758
-0.291716
-0.167365
-0.028194
-0.144676
-0.194423
-0.416029
-0.096731
-0.199213
0.321178
-0.250086
0.613282
-0.172007
1.388565
-0.105701
0.936470
-0.200199
1.199986
-0.379499
1.230078
-0.347068
0.053372
-0.363585
1.226382
-0.407970
0.232964
0.273631
0.224081
0.593584
-0.523229
0.447930
0.118549
0.564088
1.365914
-0.204063
0.783259
1.037774
0.154103
-0.046966
1.551544
0.776909
0.675619
0.455560
0.548475
1.046051
0.371007
0.641186
1.060570
0.114398
0.317398
0.745633
0.074973
0.802729
-0.190301
0.534180
-0.378617
-0.189513
-0.272900
-0.275833
-0.749052
-0.391148
-0.666325
-0.498820
-0.520082
-0.554201
-0.449811
-0.331102
-0.754570
-0.314873
-0.622057
-0.673227
-0.779414
-0.114207
-0.485755
-0.756530
-0.663981
-0.303926
-0.717057
-0.583436
-0.641152
0.082138
-0.255535
-0.654905
-0.380909
-0.420687
-0.570162
-0.822930
-0.060305
0.128774
-0.273422
-0.889373
-0.427484
0.098624
-0.678488
-0.163364
-0.550823
-0.412744
-0.680231
-0.406204
-0.701466
-0.778341
-0.405996
-0.599911
0.013227
0.997932
-0.595734
-0.476957
-0.417425
-0.643925
-0.323816
-0.438059
-0.279205
1.667220
-0.446201
-0.584504
0.239064
0.922695
-0.671103
0.074842
0.805802
-0.518566
-0.389467
1.219462
-0.403536
0.738647
-0.120436
-0.409814
1.220489
-0.164725
-0.628344
0.057961
0.364961
1.551126
-0.723559
-0.733806
1.225881
-0.265486
-0.663210
0.937211
-0.329600
-0.750762
1.849572
-0.654460
-0.525091
-0.289850
0.462444
-0.727426
-0.072458
0.212890
-0.749047
0.456379
-0.605177
-0.749198
-0.623492
-0.583970
0.816046
-0.523890
0.713564
-0.236997
0.964741
-0.262584
0.097773
0.277743
-0.551309
0.282517
-0.486734
-0.077166
0.552884
-0.335600
-0.368090
-0.105112
-0.368389
0.087530
0.620385
0.618514
0.079241
-0.148739
1.524395
0.256054
0.110194
1.984262
0.357051
1.657496
-0.351106
1.145275
-0.196631
-0.553633
0.218337
-0.511534
-0.384329
-0.047323
-0.568531
-0.441474
-0.090003
-0.421619
0.824251
0.095911
0.352355
-0.047571
0.898512
0.087255
1.254671
0.715848
0.917929
-0.276871
1.014287
0.275648
-0.052472
0.763577
-0.559517
0.968560
-0.134489
0.427718
-0.034990
0.581091
0.924726
-0.472488
1.413138
0.768797
0.788508
0.012271
0.734711
1.902621
-0.166936
2.203462
-0.605533
1.492531
0.742993
0.606216
1.153825
1.439039
0.158535
0.516316
1.272163
0.397412
0.418267
0.593812
0.649948
0.119494
-0.101149
-0.063955
-0.133927
0.527256
-0.754632
-0.621055
-0.638570
-0.513943
-0.696076
-0.757115
-0.518589
-0.753411
-0.812676
-0.653944
-0.226948
-0.609244
-0.195591
-0.489013
-0.268150
-0.617904
-0.536579
-0.658444
0.139864
-0.556608
-0.461156
-0.441366
-0.688999
-0.733171
-0.646924
-0.700214
-0.423016
-0.268333
-0.782956
-0.270600
-0.334121
-0.749810
-0.690991
-0.493081
-0.097008
-0.345070
-0.619543
-0.599927
-0.674597
-0.483909
-0.247258
-0.324716
-0.365518
-0.402180
-0.692463
-0.490297
-0.593298
-0.538256
-0.015661
0.141137
0.424774
0.167868
0.388091
0.406744
-0.398290
0.254218
-0.090724
-0.236906
-0.200964
0.395347
0.206077
-0.147788
0.181128
1.191847
-0.326418
-0.375010
0.724098
-0.268780
0.326350
0.573098
-0.664702
0.563652
0.476346
-0.746271
0.212264
0.405988
0.419933
-0.447747
0.387664
0.385028
0.098830
1.168574
-0.858787
0.673378
-0.411326
-0.787514
2.512051
-0.044951
-0.680213
-0.357358
-0.566743
1.184224
-0.915213
-0.803662
-0.349960
1.016299
0.114868
0.531610
-0.139258
0.628127
-0.885045
0.973644
-0.274911
-0.886151
0.900547
-0.603385
-0.329557
0.481339
-0.526180
0.182588
0.192292
-0.682279
-0.321377
-0.209790
0.393750
0.264910
-0.681972
-0.204688
0.134066
-0.156332
0.251740
0.643850
0.342623
0.239585
1.147028
1.299308
0.049969
0.450828
0.498673
-0.084321
-0.522769
0.089638
-0.316661
-0.042172
-0.557117
-0.210334
-0.019571
-0.475022
-0.241041
-0.204083
0.545177
-0.140924
0.112445
0.143234
1.022148
-0.495421
0.006762
-0.088360
1.468278
-0.594782
-0.258375
0.004180
0.755850
-0.310473
0.186166
1.156153
-0.874490
0.025209
0.326711
0.426818
0.147228
0.651305
0.989362
0.782810
-0.687649
0.768452
2.064659
0.029007
0.821652
-0.044510
1.400784
1.065163
0.641334
0.588690
0.345146
2.065646
-0.246081
0.934806
0.181028
-0.114177
0.387188
0.050029
-0.253577
-0.481294
-0.584393
0.271715
-0.570157
-0.584290
-0.211070
-0.188045
-0.659784
-0.071025
-0.680277
-0.746101
-0.737943
-0.620415
-0.674785
-0.611436
-0.625894
-0.695498
-0.743232
-0.561345
-0.210995
-0.753822
-0.485120
-0.548661
-0.639774
-0.714250
-0.642003
-0.658862
-0.576985
-0.257646
-0.605314
-0.586008
-0.617622
-0.444973
-0.694260
-0.526316
-0.479299
-0.371542
-0.401441
0.334452
-0.280804
-0.601195
0.003206
-0.263829
-0.369479
-0.222720
0.102127
-0.385451
-0.322123
-0.425411
-0.163875
0.838902
-0.342468
0.219035
0.770496
0.106926
0.121977
-0.317272
0.333836
1.379611
0.762524
-0.354475
1.716911
-0.251822
-0.029290
-0.023680
1.890123
0.258797
-0.420153
0.947090
1.026119
0.348349
-0.240608
1.243798
-0.840681
-0.270419
1.495459
0.457340
0.246513
-0.532715
0.642703
-0.306726
0.181172
-0.193307
-0.123930
-0.410224
-0.024001
0.916971
-0.124950
-0.383873
1.228333
0.367663
-0.292862
1.212794
-0.435412
0.614483
-0.863436
-0.616280
0.142106
-0.730602
0.100769
-0.108744
-0.064465
-0.594358
-0.797292
-0.685869
0.024559
0.163346
-0.902625
-0.858750
-0.264633
0.822408
-0.908374
0.290000
-0.447804
-0.654766
-0.450597
0.935578
-0.727743
0.978323
0.448339
0.368648
-0.292654
2.328132
-0.035565
0.949389
0.313491
0.808653
0.338734
0.875272
0.841589
-0.064390
-0.239797
0.492775
0.078025
0.679563
0.082277
-0.240577
0.018325
0.164670
1.340240
-0.216578
0.775171
-0.229551
0.151721
-0.086359
-0.113186
1.076789
-0.364431
0.730884
0.352064
-0.452823
-0.543075
0.645714
-0.000977
-0.521036
0.525957
-0.431517
0.544092
-0.773040
1.276976
-0.199809
-0.455654
0.317410
-0.193277
0.834366
-0.178866
0.531749
0.794243
0.409307
-0.480859
0.319224
1.115786
0.748500
0.001206
0.282592
0.268127
0.087956
0.604934
0.678715
-0.472790
0.077774
-0.590526
-0.570850
0.054627
-0.435118
-0.480150
-0.549793
-0.694326
-0.361052
-0.372798
0.300974
0.379327
-0.686920
-0.531006
-0.608671
-0.722633
-0.658377
-0.493175
-0.609418
-0.652517
-0.495750
-0.007388
-0.557171
-0.537896
-0.499538
-0.625265
-0.642624
-0.210252
-0.176697
-0.214489
-0.129080
-0.329778
-0.132810
-0.007572
-0.300918
-0.681225
-0.449443
-0.502215
-0.615291
-0.627494
0.196858
-0.153074
-0.277016
-0.745094
0.038980
-0.313783
0.491522
-0.568962
-0.252522
-0.398911
1.613541
-0.417875
-0.328573
-0.330988
0.169230
-0.508195
1.969833
-0.217590
-0.014227
0.063652
0.822245
0.731455
-0.455778
-0.483319
0.020404
2.302495
0.417070
0.551549
-0.255649
0.349950
-0.521316
-0.216096
2.080943
0.028889
0.950437
-0.325478
0.450142
-0.505994
0.939108
0.268002
0.401756
-0.068975
0.227616
-0.647826
0.267478
-0.827200
0.361070
0.028153
-0.033845
-0.653163
0.590684
-0.734257
0.808104
-0.804520
0.186982
-0.542051
-0.659876
0.816698
-0.200017
-0.575396
0.126913
-0.287747
0.011266
-0.755248
0.390126
-0.548795
-0.388344
0.148376
0.334355
-0.844886
-0.625565
-0.217747
-0.450520
1.412931
-0.351138
-0.345879
-0.519935
0.415744
0.587132
-0.213714
0.224878
1.494623
0.662183
0.475049
0.421716
1.429743
0.446708
1.477708
-0.189892
0.779736
-0.046503
-0.238955
-0.123431
0.095426
0.154485
-0.310279
-0.009673
-0.075467
0.122246
-0.105733
0.735616
-0.079856
0.844516
-0.198504
0.729717
0.689290
0.190329
-0.018037
0.450287
0.200398
-0.382342
0.158163
0.252031
-0.435180
0.052866
0.289424
-0.029441
-0.350895
0.057140
0.699441
0.230625
-0.563319
0.644825
0.934750
0.559423
-0.010672
-0.092259
1.356884
0.751069
-0.451020
0.920375
0.613264
0.836714
0.312646
0.578239
0.487523
0.959718
0.188496
0.854911
-0.301899
0.947062
-0.344645
0.207974
-0.080407
-0.559318
-0.189480
-0.635951
-0.031307
-0.706205
-0.685311
-0.434429
0.061598
-0.664788
-0.566779
-0.533852
-0.605817
0.199804
-0.015952
-0.453702
-0.528151
-0.683199
-0.624732
-0.608524
-0.680837
-0.509960
-0.527067
0.294166
0.247843
-0.419043
-0.612543
-0.589072
-0.587308
-0.265700
-0.330542
-0.737602
-0.322242
-0.574305
-0.375206
-0.194208
-0.383879
-0.368305
-0.706506
-0.132494
-0.649475
0.139704
-0.380805
-0.283725
-0.261326
0.043161
-0.505235
-0.150591
-0.011037
-0.572824
0.482101
0.145737
-0.027037
-0.262951
0.755811
-0.407044
-0.476247
1.012867
-0.546907
0.595926
-0.017523
1.290413
0.024065
0.292232
0.031470
0.902191
-0.071161
-0.071794
0.870191
0.890498
-0.495970
0.664037
0.013909
0.151372
0.186709
0.998590
-0.908690
-0.184819
0.039196
0.945323
-0.717668
0.154270
0.214817
-0.731792
-0.789416
0.436645
-0.569371
0.302109
0.083528
-0.410556
-0.214099
1.553668
-0.381000
-0.750977
-0.685874
0.445387
-0.811469
-0.236196
-0.837006
0.241325
0.255721
-0.493456
0.149575
-0.841613
-0.528206
0.830389
-0.626764
-0.364702
-0.809727
0.784880
-0.040146
-0.283834
-0.515478
0.534053
-0.349472
1.074224
0.182214
-0.793522
0.578707
0.365631
0.039517
1.731355
1.440681
0.566374
0.679952
-0.037044
1.296351
0.183248
-0.124052
0.344893
0.439396
0.215075
0.846259
-0.095137
-0.022507
-0.070848
0.764575
0.062634
0.403413
0.295129
0.050540
0.946546
-0.121442
0.911893
0.284871
-0.354828
0.366929
0.603401
-0.293128
-0.082599
-0.338659
0.252782
-0.311919
-0.370179
0.596406
-0.125755
0.153809
0.134231
0.091904
0.425617
0.110755
0.369604
0.662893
0.223111
0.350578
1.441771
0.084345
0.202806
0.432425
0.882215
0.525930
0.505328
1.077565
0.389836
0.031790
0.706509
0.559381
0.259865
0.009896
1.349373
-0.407005
0.171141
-0.004801
-0.067692
-0.744351
-0.543516
-0.366729
-0.547207
-0.428315
-0.462238
-0.655137
-0.455038
-0.481786
-0.271934
-0.590843
-0.451675
-0.648673
-0.341328
-0.365492
-0.370465
-0.390851
-0.558558
-0.597603
-0.701787
-0.381075
-0.563235
-0.371568
-0.485199
-0.632069
-0.678967
-0.766035
-0.593601
-0.233439
-0.527079
-0.415376
-0.617216
-0.406410
-0.806950
-0.701001
0.090465
-0.404324
-0.580179
-0.347685
-0.791160
-0.705842
-0.310774
-0.019554
0.040100
-0.676198
-0.151800
-0.249057
-0.028904
-0.566584
-0.323776
1.592306
-0.457068
-0.407890
0.066273
0.742982
-0.173215
1.811072
-0.070682
-0.151767
-0.128856
1.098395
-0.394890
1.213072
-0.484611
1.075208
0.921952
0.049124
0.919647
0.984872
-0.021036
0.776709
-0.246442
0.446140
-0.874251
0.372960
-0.055606
0.255829
-0.404517
1.069363
-0.165139
0.928860
-0.726706
-0.381644
0.215406
-0.168683
0.623828
0.388097
-0.418447
-0.499388
0.540040
0.056068
-0.480992
-0.471802
0.850193
-0.016243
-0.605790
0.567200
-0.015683
-0.697476
-0.172573
0.636387
-0.662817
0.058512
-0.608443
-0.778081
1.243172
-0.848704
0.164361
-0.568858
0.291301
0.122495
0.272177
-0.351714
-0.735546
0.884760
0.392781
0.033021
0.866917
0.161104
-0.084076
2.341094
0.326292
0.239012
1.004037
0.563064
-0.515936
-0.321093
-0.208158
0.089520
-0.541710
0.576255
0.071759
0.171376
-0.270486
0.056886
0.812558
0.762766
-0.238928
0.854515
0.228000
0.632605
1.023100
0.081659
-0.383733
0.383236
0.325753
-0.255412
0.307216
1.141647
-0.413009
-0.272488
0.125493
0.103889
0.661657
-0.143744
0.735448
-0.118596
0.094164
1.123533
0.530912
0.220992
0.546771
0.990523
0.648452
0.120184
0.676621
1.032495
0.844845
0.872785
-0.214271
0.496062
1.576473
-0.089393
0.397266
0.773604
0.512748
0.185476
0.399831
0.002609
0.508073
-0.558377
0.209185
-0.493864
-0.740424
-0.492344
-0.751994
-0.533352
-0.832419
-0.705413
-0.742855
-0.694668
-0.653813
-0.574730
-0.442542
-0.339359
-0.477590
-0.578033
0.014151
-0.718564
-0.559516
-0.805332
-0.731837
-0.760494
-0.643057
-0.738709
-0.617699
-0.677755
-0.778871
-0.479307
-0.532973
-0.456485
-0.210476
-0.538698
-0.294142
-0.584033
-0.793529
-0.517733
-0.502505
-0.274038
0.077634
-0.722984
-0.801001
-0.588940
-0.589749
-0.571688
-0.643272
-0.108991
-0.142511
-0.528891
-0.383507
-0.307292
-0.492745
0.079718
0.019775
-0.368290
-0.054529
0.082341
-0.383485
1.194071
0.215870
0.461347
1.962679
-0.098313
0.559467
0.806810
-0.245922
-0.115962
0.066357
0.752689
0.472617
0.523816
0.154606
-0.334879
-0.829624
1.980110
-0.263951
-0.291725
0.785401
1.254651
-0.513912
-0.185091
0.449944
-0.078864
-0.539397
1.390272
-0.457480
0.268506
-0.841574
-0.317366
-0.860970
0.337499
0.164515
-0.126680
1.305667
0.426600
0.283382
-0.124855
-0.805260
-0.053547
-0.186746
-0.705507
0.298395
-0.863485
-0.946685
1.002148
-0.720955
0.350423
-0.716240
-0.510047
-0.029861
0.040873
-0.174292
0.186988
-0.403647
-0.083936
0.065382
0.416745
0.416952
0.898089
-0.422678
0.268356
1.355794
1.013216
1.051508
1.328959
0.276352
1.268458
0.645863
0.690411
0.478040
0.599162
-0.433767
-0.312300
-0.301276
-0.563965
-0.163315
-0.423303
0.045269
0.004647
0.826682
0.520339
-0.716297
0.029075
2.395063
-0.333362
0.293477
1.866157
-0.077401
0.505324
0.197657
0.756061
1.162212
-0.591479
-0.289153
0.907459
0.377411
-0.265792
0.274775
0.449359
1.279496
-0.590639
0.898050
1.110233
0.553598
0.624003
0.773716
1.165696
0.089704
1.676909
0.812434
0.817433
0.585042
0.474131
1.488996
0.434297
0.851169
0.439424
1.249138
-0.009899
0.164974
1.020950
0.145642
0.194837
0.259433
0.038993
-0.596833
0.166981
-0.871114
-0.414569
-0.300115
-0.608555
-0.598825
-0.915951
-0.291627
-0.555514
-0.633844
-0.356228
-0.680006
-0.937848
-0.425597
-0.802574
-0.436493
-0.831344
-0.019155
-0.603591
-0.792563
-0.337824
-0.615441
-0.727868
-0.351900
-0.312634
-0.049612
-0.378530
-0.025415
0.695907
2.109818
7.115159
