0.000000
-0.425325
-0.950640
-0.672863
-0.780888
-0.870569
-0.544673
-0.824347
-0.731480
-0.537969
-0.667878
-0.928141
-0.673871
-0.673559
-0.603154
-0.791234
-0.601656
-0.736868
-0.856665
-0.742537
-0.630698
-0.771167
0.050770
-0.612033
-0.118838
-0.749976
-0.280031
-0.523530
-0.275606
-0.465744
0.048430
-0.519002
0.213152
0.781571
0.744387
-0.263813
0.246694
0.891153
-0.723216
-0.662608
-0.063610
-0.466344
-0.819087
-0.053777
-0.957938
-0.344419
-0.417555
-0.743407
-0.479735
0.006948
-0.495234
-0.746673
-0.758470
-0.351935
-0.686992
-0.389282
-0.683072
-0.583262
-0.691349
-0.873973
-0.583762
0.430145
-0.896313
-0.528808
-0.009127
-0.637565
-0.561060
-0.677711
-0.449106
-0.427079
-0.122736
-0.659534
-0.231227
-0.684638
1.463976
-0.413258
0.052330
0.549196
-0.368945
0.126805
-0.474108
-0.496514
0.758503
1.161130
-0.233829
0.089626
0.222289
0.936762
0.327073
-0.234322
0.516332
-0.027105
-0.272946
-0.186140
0.206270
-0.152323
-0.348436
1.421903
-0.005381
-0.487354
0.170743
-0.270222
0.773235
-0.581504
0.334361
-0.687382
-0.449446
0.001741
-0.596509
-0.729470
-0.990625
-0.570244
-0.448948
-0.035114
-0.186840
-0.168392
-0.337477
-0.508760
0.075608
-0.582011
1.107143
-0.076708
-0.489138
-0.606487
-0.222513
-0.166701
0.043669
-0.411703
-0.043870
0.456819
-0.111008
0.418386
-0.756510
0.150392
0.209739
0.406737
-0.612175
-0.951898
-0.601424
0.529116
-0.535849
-0.186832
-0.822295
-0.959070
-0.289361
0.521563
0.940718
1.418758
0.351038
0.836565
0.227770
0.158432
-0.404961
-0.233732
-0.363815
-0.372496
0.177166
-0.069803
-0.167138
1.033079
-0.200879
-0.689219
0.296633
-0.560069
-0.718872
1.041948
-0.337807
-0.052010
0.269251
-0.834317
-0.902158
-0.496906
-0.626413
-0.097614
-0.584568
0.730489
-0.080756
-0.638156
0.856834
0.007786
0.562529
-0.227117
0.959945
-0.167277
0.864362
-0.253829
0.067104
-0.542899
0.275971
-0.454677
-0.053230
1.564595
-0.077414
-0.132677
-0.553309
0.410010
-0.389578
-0.195388
-0.753584
-0.449654
0.260081
-0.890040
0.777804
0.041992
0.659266
0.364815
0.924932
-0.053329
-0.378328
-0.890478
0.863689
0.200202
2.548117
2.061665
0.795654
-0.227278
0.647587
-0.450403
-0.021176
-0.575839
-0.364319
-0.675771
-0.281650
-0.268502
1.182743
-0.407285
-0.700634
0.406511
0.034852
0.254688
-0.903829
-0.005933
0.077881
0.596581
-0.394892
1.077355
0.020063
-0.205287
-0.188060
-0.668553
-0.392954
-0.024481
-0.314373
-0.575707
-0.413977
1.195536
-0.414826
-0.363680
0.185649
-0.234900
-0.307905
-0.257456
0.763945
0.276900
-0.817778
-0.477771
0.432042
-0.468853
1.203519
-0.672005
-0.102242
-0.331043
-0.318398
1.633919
-0.211055
-0.603657
-0.526453
0.060833
-0.148620
0.154571
1.908891
0.069314
-0.718672
-0.353124
0.991626
0.506041
0.120866
0.085297
0.007275
-0.180135
0.356563
-0.344481
0.470755
0.046828
-0.801189
-0.075062
-0.546042
-0.577520
-0.241115
-0.066896
-0.182331
0.029016
0.259389
-0.016773
0.611022
-0.407864
-0.622674
-0.863144
0.436346
0.414961
-0.857407
-0.359202
0.174704
-0.599012
0.103851
0.147608
-0.645402
-0.091410
0.315839
-0.341161
0.468050
-0.411653
-0.792443
-0.825012
-0.598508
-0.259428
-0.443253
-0.509591
-0.388791
-0.096111
-0.028850
-0.569705
-0.103402
1.197918
-0.739392
0.670669
-0.277549
0.699728
0.091868
0.591195
-0.098567
-0.649549
1.520041
0.330805
-0.864879
-0.032098
1.195550
-0.486631
-0.021699
-0.267159
0.493058
-0.943443
-0.056221
0.887568
-0.638152
0.450413
0.807568
-0.674105
0.527367
-0.424584
-0.551857
-0.713134
-0.284280
-0.683294
-0.502768
-0.218434
-0.528843
-0.541020
0.112693
0.220561
-0.423439
0.063706
0.683644
0.203998
0.040966
0.321429
1.055779
0.570536
0.964479
0.687371
-0.269363
0.149419
0.076828
0.112594
-0.587403
0.472498
-0.651051
0.561137
-0.138347
1.015135
-0.513208
-0.468830
-0.606876
2.150035
0.259921
-0.007718
-0.646245
-0.691383
0.110107
-0.612945
-0.619489
1.681031
2.453771
3.058953
1.785580
-0.204971
-0.525085
0.496177
-0.200711
-0.311982
0.369295
-0.127435
-0.112979
1.222562
-0.487259
0.861488
-0.165547
-0.158633
0.517402
-0.153553
-0.155565
1.345847
0.037750
-0.201953
-0.738414
-0.822321
-0.303257
0.586756
-0.480988
-0.804687
-0.086911
-0.336215
0.171940
-0.582337
0.959814
-0.377789
-0.353770
0.089145
-0.750127
-0.402146
1.266379
0.545259
-0.692109
-0.026440
-0.776443
1.901279
-0.448251
0.301989
-0.323042
-0.692976
-0.068073
-0.236601
0.431688
-0.916022
1.502312
-0.049312
-0.803086
-0.756454
0.316944
-0.343344
0.678297
-0.082261
0.708008
-0.159612
0.144099
1.234886
0.394980
-0.273927
-0.481139
0.397597
0.798988
0.307024
-0.114925
1.421724
-0.077793
0.392845
-0.748894
-0.406254
-0.968451
-0.237036
-0.201303
-0.570291
-0.384475
-0.655054
0.281336
-0.896388
-0.715917
-0.098325
-0.264810
0.324634
-0.756671
-0.063553
-0.094111
1.107923
-0.467893
-0.213238
-0.804116
-0.756165
0.036261
-0.882267
0.034251
0.264654
-0.360781
-0.909369
-0.941275
-0.191961
-0.839117
-0.303306
-0.705095
-0.913601
-0.754378
-0.489086
-0.479601
-0.655433
-0.529283
0.606245
-0.574564
0.680531
-0.147731
-0.601863
-0.032072
-0.475866
-0.546659
-0.292275
-0.654129
-0.548497
0.596302
-0.731421
0.371564
-0.502679
-0.846756
-0.585552
1.822093
0.420209
-0.217933
-0.161205
-0.623213
-0.604524
0.219280
-0.685015
0.506398
-0.456598
-0.286621
-0.307167
0.197072
0.217115
0.957034
-0.348936
-0.519673
-0.441697
-0.734544
0.437026
0.544488
0.014318
-0.591667
0.252011
-0.478860
-0.278755
1.018694
1.252925
-0.747806
1.066982
-0.296072
-0.573110
1.006630
2.832146
0.801790
-0.391110
-0.793024
-0.353774
-0.558163
2.110008
0.150302
-0.509293
0.288550
-0.298574
0.896340
-0.687568
1.616487
0.498355
-0.806871
0.736594
-0.676875
3.771033
2.772891
3.006127
1.894141
0.848608
0.421110
-0.765837
-0.382103
-0.373617
-0.525145
0.029684
0.649112
-0.545602
1.749556
0.215175
-0.274741
-0.595676
-0.772251
0.636047
0.075437
-0.316462
-0.690851
0.866545
0.325085
0.522424
-0.496454
-0.261511
-0.622803
0.084370
-0.772683
-0.519642
-0.229203
0.533323
1.326883
-0.424657
-0.886661
0.047169
-0.366468
-0.208452
2.449835
-0.476472
-0.801326
-0.668427
2.169056
0.411391
0.036686
0.143250
0.380780
-0.947074
-0.443735
-0.387707
1.687698
-0.216601
-0.042822
-0.455593
-0.841617
1.193221
0.415519
-0.476126
-0.670813
-0.149150
0.909061
-0.791057
-0.080961
1.380548
-0.096863
0.692801
-0.228198
0.310186
-0.559988
-0.746665
-0.576312
-0.509316
-0.129500
0.013114
-0.627874
1.368482
-0.575989
1.214807
-0.584777
0.683350
-0.780980
-0.108285
0.320496
0.363287
0.223400
-0.439348
0.062611
-0.388470
-0.505042
-0.024764
0.044259
-0.639093
1.025809
-0.708070
0.376111
-0.167327
0.188360
-0.572180
-0.811364
-0.669029
-0.365318
0.706748
-0.075130
0.045353
-0.239625
-0.682873
-0.405980
-0.701739
-0.677322
-0.921173
-0.771675
-0.654921
-0.638557
-0.526606
-0.800823
-0.232877
-0.001015
-0.654448
0.682884
-0.656197
-0.574460
-0.009354
0.310815
0.241999
0.807644
0.066367
-0.284882
-0.148071
-0.619548
-0.302454
0.217574
-0.191123
1.440103
-0.263478
0.095599
0.023420
-0.268834
0.763559
-0.721836
-0.286291
-0.552530
-0.355141
-0.612370
0.797446
0.696288
-0.719261
0.898652
0.862281
0.486872
1.382239
0.324356
1.225690
0.023435
0.627288
-0.141988
0.118725
0.363179
-0.781174
0.491011
2.079664
0.554248
0.964141
-0.005389
0.452090
1.109495
0.309014
-0.612797
-0.519009
-0.791583
0.936767
0.159248
-0.505081
0.925643
0.354378
-0.807900
0.443077
-0.711001
0.016299
-0.902972
2.165132
1.659016
1.087380
0.636112
0.181830
-0.041751
-0.407356
0.240128
0.791451
0.578522
-0.800727
0.025661
-0.297663
-0.708481
0.769051
0.054762
-0.816675
-0.796562
-0.212041
0.310653
-0.847872
0.700481
-0.349071
-0.447366
-0.306195
0.456995
1.495850
0.433512
0.171405
-0.135620
0.133104
-0.686634
-0.926056
0.105975
0.666100
0.118304
0.506064
-0.804122
-0.160100
-0.687203
2.171262
0.189716
0.167358
-0.827342
0.885416
-0.211853
-0.089261
0.820685
-0.298454
0.157980
-0.663597
0.607794
-0.616213
0.453967
-0.255552
-0.685480
-0.100457
-0.208772
0.445125
-0.700755
-0.535894
0.375131
1.152691
-0.457705
0.554473
0.482740
-0.720514
-0.358263
-0.779863
-0.749721
-0.686182
0.690139
0.046039
-0.764194
-0.599586
-0.274982
0.615782
0.609676
-0.772320
-0.553040
-0.811866
-0.542300
-0.684621
-0.647835
-0.071290
0.190396
-0.774554
-0.068618
-0.463650
0.400631
0.152465
-0.534409
0.443127
-0.905083
-0.834003
-0.197903
0.059588
0.177886
-0.185817
-0.529427
-0.085884
-0.554419
-0.317800
0.598320
0.393787
-0.573874
0.699584
0.366340
-0.919489
1.491119
0.637372
-0.578138
-0.962506
0.193730
0.037762
-0.767098
-0.740640
1.051832
0.809705
0.300872
-0.185676
-0.656794
-0.671687
1.106254
-0.443799
0.030681
-0.873759
0.469918
0.501222
-0.472195
-0.173867
0.610185
-0.426151
-0.309951
-0.813217
-0.345624
-0.639433
-0.799046
-0.476046
-0.496240
0.290265
-0.611155
1.326684
-0.180152
0.501208
0.350771
-0.836405
-0.100991
-0.400132
-0.298578
-0.504741
-0.542508
-0.444651
-0.418205
-0.251410
0.876613
0.342674
-0.536891
0.154445
0.282710
-0.799266
0.068585
0.658946
0.236580
-0.204464
0.833929
0.442800
0.639197
-0.105766
0.961954
-0.254536
-0.294750
-0.986036
-0.443739
0.374418
-0.530477
-0.912220
2.009689
1.089509
2.536967
0.729959
1.404126
1.602876
-0.523404
-0.564641
-0.545514
1.206328
-0.537718
-0.670405
1.331651
-0.780305
0.256420
-0.933930
0.422008
0.410529
0.839326
0.347535
0.178241
-0.835819
0.092746
-0.472236
-0.810884
0.160163
-0.416482
0.056558
-0.659281
-0.338284
0.893001
-0.746918
-0.949677
-0.319585
-0.644215
-0.635249
1.462663
-0.627357
1.551202
0.008368
-0.066958
0.649737
-0.476500
-0.343359
-0.417827
-0.828050
1.252899
0.396650
0.351064
-0.631915
0.393478
-0.757880
-0.756125
0.482815
1.581744
-0.917248
-0.186040
0.442641
0.088234
-0.397865
0.523070
0.322272
1.040709
-0.519759
-0.624509
-0.549831
-0.187771
-0.151266
-0.741999
-0.018535
0.928444
-0.239351
-0.564009
-0.792860
0.592383
0.297064
1.764010
0.015285
0.060186
0.095542
-0.627461
-0.866215
0.235284
0.807053
0.961087
-0.688675
0.454999
-0.827705
0.150148
-0.854975
0.118248
0.067413
-0.360437
0.234418
-0.875105
0.673274
-0.237959
0.647981
-0.197439
0.245689
-0.841960
-0.558510
-0.888468
-0.346353
-0.793398
-0.159152
0.402513
-0.351800
-0.257541
-0.758813
-0.703331
-0.116671
-0.325288
0.320162
1.824693
-0.436458
-0.850844
-0.211731
-0.635957
0.653656
0.215981
2.407809
0.418322
0.062970
-0.510465
0.285885
0.601335
1.093826
-0.283082
-0.322265
0.752328
-0.714073
-0.981877
-0.433292
-0.146265
0.482058
0.298212
-0.217172
-0.361977
0.539119
0.267991
-0.440291
1.121034
0.976301
-0.509084
0.149488
1.360530
-0.046307
0.463870
1.205847
-0.066537
-0.098393
0.064263
0.563832
-0.596806
-0.249940
-0.462983
-0.265753
-0.354117
0.130631
-0.142386
-0.771298
-0.727621
-0.212549
0.985478
-0.162774
-0.644354
-0.202467
0.322755
-0.155233
-0.019818
0.551150
-0.245269
-0.057605
0.400104
-0.390871
1.410586
1.890916
-0.353456
1.773865
2.233863
-0.333165
-0.587254
-0.189002
-0.167512
-0.443037
0.084546
-0.583567
-0.235394
0.728307
-0.352489
-0.381547
-0.885506
-0.359331
0.759588
0.505433
-0.836231
-0.185318
-0.496134
0.909449
-0.368291
-0.068166
1.654933
-0.211047
0.152782
0.174340
-0.607922
-0.457793
0.845095
-0.430886
0.619213
0.368905
-0.454409
-0.727616
0.127254
1.553221
-0.747708
-0.409877
-0.081722
0.267134
0.190595
-0.785239
-0.743557
0.496219
0.384538
-0.179104
0.746073
-0.703609
0.571125
-0.002717
0.221138
-0.304014
-0.320838
-0.807312
-0.575670
1.045360
-0.454665
0.695450
0.606160
0.580275
-0.675777
1.788768
-0.334209
-0.643908
0.020974
-0.603827
-0.786306
0.158206
-0.846964
-0.948513
-0.065715
-0.435460
1.338884
0.474240
0.359461
-0.132555
-0.871510
-0.802160
-0.166148
-0.790767
0.415257
-0.636781
-0.325443
-0.102361
-0.271425
-0.782742
0.326704
1.132093
-0.203285
-0.849110
-0.455116
-0.652381
-0.792382
-0.177446
-0.211044
-0.331021
0.479447
0.826548
-0.836064
-0.244542
-0.071427
0.892916
0.241806
0.486972
0.352278
-0.305063
-0.725160
-0.716020
-0.591503
0.621883
-0.556389
-0.105308
0.034821
-0.458287
-0.334521
-0.663111
-0.535513
0.717244
1.416098
-0.753002
-0.879240
1.487664
0.099287
0.193330
-0.737723
-0.182204
-0.508870
0.390335
1.024522
-0.804790
0.345966
1.574122
-0.109029
-0.304318
-0.522297
-0.796677
-0.749868
0.176104
-0.425239
-0.112982
-0.635944
-0.886274
-0.523156
0.012101
-0.727676
-0.216192
-0.426564
0.007647
0.315427
0.531376
-0.557972
-0.809172
-0.683856
0.822562
-0.044194
0.360105
-0.613315
0.852189
1.316498
-0.892245
-0.541482
0.169231
0.372580
-0.893671
-0.041114
1.964040
1.956992
0.294057
1.300730
-0.224699
0.851973
-0.334760
1.338202
1.250742
1.975899
1.318533
1.075606
0.717340
-0.360128
-0.264151
0.334068
0.298340
-0.665681
-0.435244
0.282101
1.183267
-0.215873
-0.216662
-0.521761
-0.161647
-0.304479
-0.948141
-0.178183
1.114489
-0.775298
0.371816
-0.743492
0.649310
-0.727404
0.297273
-0.271429
0.781284
-0.777480
1.311711
-0.059629
0.116377
-0.596361
-0.105204
0.108928
-0.567833
-0.572357
-0.541502
0.728971
0.577956
0.277099
0.901385
1.276790
0.514709
-0.373804
-0.204666
0.300701
0.235661
-0.449467
-0.840745
0.145724
-0.099893
-0.803064
0.736263
-0.912780
-0.712114
0.254299
1.265852
-0.524400
-0.247131
0.583100
-0.148367
0.904734
0.407679
-0.827688
0.056851
0.217777
-0.586934
0.115183
-0.749664
-0.832504
0.730998
-0.513850
0.411596
-0.754340
-0.026868
0.085614
-0.608814
-0.446280
-0.130668
-0.446671
-0.496484
-0.196548
-0.483200
-0.865715
-0.345558
-0.669730
-0.192142
-0.743293
0.514519
-0.335019
-0.626469
-0.370800
-0.123957
-0.618263
-0.494378
0.192865
0.418214
0.485958
-0.474566
0.041020
-0.936055
0.071668
-0.161124
-0.075510
0.528662
0.390652
0.441634
-0.740132
-0.945183
-0.222754
0.011629
-0.603462
0.887219
-0.660870
0.030904
-0.400386
-0.511341
-0.745703
-0.045684
-0.595271
0.010146
-0.202710
0.234291
-0.294454
-0.736529
-0.968812
-0.419931
0.253068
2.063145
1.618479
1.079763
-0.905662
0.121742
0.339999
-0.317680
-0.142802
1.111487
-0.051986
1.274350
0.281804
0.586129
0.113910
-0.170566
-0.807167
-0.496798
1.096611
1.515191
0.227697
0.732376
-0.113214
-0.797014
-0.261151
-0.086353
-0.536697
-0.447527
-0.667532
-0.859924
1.008535
-0.260448
-0.775704
-0.296209
0.328098
-0.749461
0.578576
1.082222
-0.634654
-0.680883
0.489491
2.103563
0.580228
-0.916110
0.186869
0.227466
0.248555
2.450696
0.142055
2.886835
0.429746
2.597587
-0.068217
-0.159049
-0.449655
-0.166530
-0.571997
-0.213631
-0.207345
0.981985
0.724910
-0.583663
0.237170
-0.643637
-0.163087
-0.632975
-0.678242
0.219642
-0.905072
-0.040277
0.577672
-0.664864
1.051277
1.108484
-0.350130
0.012646
0.772791
-0.635207
1.063133
-0.664996
1.253007
0.154004
-0.671114
0.513176
0.663397
-0.844865
0.066718
-0.674979
0.060396
1.159950
-0.316205
-0.648234
1.062190
-0.888299
0.282460
-0.364047
-0.277278
0.773080
0.094137
-0.785525
-0.740461
0.951355
-0.673291
-0.419528
0.627214
-0.989551
1.169148
-0.541008
0.847563
-0.003497
-0.803794
-0.185539
-0.366340
0.067279
0.536500
0.271000
-0.377257
0.446739
0.030600
-0.404658
0.776170
-0.483433
1.607116
0.040678
-0.006040
0.424386
-0.825043
-0.666047
-0.891303
-0.497084
-0.701151
-0.650421
-0.088932
-0.682040
0.433709
0.121934
-0.239053
-0.848023
0.054834
-0.915439
-0.688597
-0.189746
-0.345200
0.323551
0.842967
-0.093905
-0.889130
-0.096218
-0.533829
-0.769752
-0.934699
-0.061013
-0.160533
-0.845897
-0.766125
-0.014710
0.401469
1.227210
0.975866
-0.535824
-0.020664
-0.742910
-0.885402
-0.054926
-0.457225
-0.225576
-0.383847
0.842292
0.147938
0.570273
-0.182548
-0.720682
-0.605324
-0.918824
-0.034072
-0.333151
-0.462290
-0.273124
0.228545
1.289221
1.276010
-0.036572
-0.284925
-0.758532
-0.322001
-0.385699
0.537555
-0.633259
0.471713
1.078942
-0.414310
-0.449263
1.533520
1.769813
-0.119962
0.242447
-0.347453
-0.327236
-0.164588
-0.435796
-0.554813
-0.595590
0.408366
1.366139
-0.677478
0.332579
-0.468134
-0.196274
0.245831
0.531843
0.220805
-0.309033
-0.580108
-0.117295
-0.719393
-0.332573
1.585238
-0.325786
-0.600932
0.908707
-0.704460
0.300782
-0.654340
-0.278812
-0.155541
-0.576704
2.856671
0.158550
2.151306
3.503764
0.781283
0.913794
-0.818096
-0.107974
-0.266943
0.658176
-0.719440
-0.801629
0.810300
-0.117873
-0.412701
0.089218
1.367843
-0.869330
-0.295286
-0.807306
0.545312
-0.617034
0.703259
-0.409777
-0.321452
0.009578
1.108692
0.510819
-0.469856
-0.617706
-0.195328
-0.301468
-0.800878
1.021210
-0.222420
-0.877616
-0.376210
0.477800
1.159871
-0.547189
0.239572
-0.192416
-0.099558
-0.530879
1.784166
0.104255
1.115261
-0.088841
0.531855
-0.539714
0.607449
-0.367333
1.674600
-0.818745
1.232355
-0.936676
-0.880464
0.609066
-0.796158
0.314111
1.504689
0.152152
0.824785
0.281450
-0.020388
0.099196
-0.272545
-0.436951
0.956048
-0.465926
-0.662189
-0.890075
-0.506342
-0.147783
-0.315544
0.668759
-0.631749
-0.799407
-0.770032
-0.120320
-0.742487
0.484613
0.059376
0.035247
0.297595
-0.200584
0.055763
0.115790
-0.278829
-0.913780
0.183777
-0.538864
1.008871
0.172328
1.760611
-0.146193
-0.854928
-0.584681
-0.608392
-0.058228
-0.517933
-0.623253
-0.849208
-0.567798
-0.465845
0.536965
-0.445206
0.145270
-0.222768
-0.858328
0.246452
-0.341299
-0.509761
-0.392404
-0.786216
-0.204110
-0.186699
-0.215190
-0.264402
0.218059
1.186064
0.843013
0.382955
-0.670228
-0.190351
-0.640306
-0.023130
-0.666274
-0.178161
-0.748142
0.253357
-0.611143
0.693912
-0.494498
0.469066
-0.078149
-0.292315
-0.289836
0.104718
0.029275
-0.844598
-0.509984
-0.787710
-0.189466
0.032631
0.687593
-0.512761
-0.344198
-0.250547
0.737495
1.289214
0.527553
-0.213532
-0.395674
-0.423874
0.883996
0.065821
-0.013967
-0.495800
-0.240511
-0.058457
-0.851910
0.398193
-0.773284
-0.715045
0.199160
-0.809075
-0.887478
-0.804582
-0.852731
0.834844
1.144359
-0.634738
-0.449132
-0.530635
0.433567
0.176751
0.024039
0.717056
1.166466
2.478051
3.352489
2.978379
1.342652
-0.450550
-0.796346
0.827634
1.516447
0.631332
1.230497
0.178212
-0.052590
0.493024
0.802154
1.823965
-0.650804
1.383616
2.142091
-0.324342
0.037399
-0.310553
-0.183948
0.668518
-0.110798
-0.440083
-0.349634
-0.727856
-0.472678
0.007895
0.354151
-0.140736
-0.479905
1.296342
-0.589021
-0.289280
-0.490880
-0.882807
1.555232
-0.329009
1.523847
-0.594935
0.110423
0.815017
-0.077194
-0.549085
-0.173050
-0.856539
-0.737708
1.426663
-0.619211
-0.380673
-0.898621
0.461454
0.167929
-0.065536
-0.779990
1.035093
0.065754
-0.670744
-0.726753
-0.558106
-0.011673
-0.355946
0.829589
1.429240
-0.175275
-0.605673
1.009879
-0.382253
-0.541031
0.030921
0.479722
1.433361
-0.065969
-0.001539
-0.686504
-0.293454
-0.303310
-0.310599
-0.901586
-0.501541
-0.650720
0.778598
-0.612667
0.436183
0.028428
-0.012295
-0.785144
-0.787313
-0.794339
0.469909
-0.547253
-0.726749
-0.259429
-0.441682
-0.715629
-0.387162
-0.652660
0.054835
-0.577190
-0.208077
-0.240407
-0.140961
0.014214
-0.092652
0.206864
0.761446
-0.645872
-0.871464
0.377980
-0.429993
-0.249450
0.385331
0.047249
-0.980003
-0.154236
-0.661744
-0.525460
-0.085721
-0.511467
-0.763694
0.390344
-0.474616
0.594537
-0.637236
-0.197266
0.775303
0.119526
0.311573
-0.299679
0.648552
-0.710058
0.182294
-0.757089
-0.725277
-0.053366
1.297258
-0.089835
-0.802116
-0.075144
0.776213
1.375032
-0.694204
0.270399
-0.894064
-0.636970
-0.375240
-0.712234
-0.137667
-0.285073
-0.573058
1.713183
0.838115
-0.164949
-0.394380
1.514154
0.714752
1.215906
-0.446050
-0.773789
-0.508544
1.354409
0.821390
-0.710783
0.500706
0.201538
-0.588061
-0.488717
0.270541
-0.439434
1.157971
-0.730447
1.441284
0.172931
-0.362331
-0.310553
0.491208
-0.460283
0.701999
0.695114
-0.331043
0.721991
1.220976
3.516494
-0.382915
0.517454
-0.580659
0.557848
-0.852401
-0.516013
-0.536690
0.065475
-0.847901
0.020238
0.027835
-0.132279
0.628373
-0.626960
0.699434
-0.225975
-0.378822
-0.902871
-0.509918
0.550385
-0.414218
-0.322936
-0.451802
0.779941
0.299418
0.421670
1.359873
-0.460159
-0.691356
-0.792479
-0.064340
-0.389611
-0.019654
0.879485
0.765054
-0.941362
0.041764
-0.224377
-0.732931
-0.786173
0.131795
1.200054
0.701460
1.060648
-0.286597
-0.701770
0.373612
-0.306552
1.536089
0.548860
-0.844055
-0.670600
0.005756
1.159475
-0.601293
-0.723414
0.911065
-0.392614
-0.624065
0.366048
0.187732
0.789255
0.138707
-0.468754
0.036040
-0.241970
-0.522779
0.620923
-0.418706
0.332331
-0.403466
-0.231142
-0.565434
-0.195058
-0.502094
0.421281
-0.239589
0.239381
-0.591535
0.855007
-0.779694
-0.479324
-0.458913
-0.469784
-0.713183
-0.151942
-0.650265
-0.333614
0.348999
0.941905
-0.659012
-0.264849
-0.504425
-0.654569
-0.611498
0.091729
-0.972498
0.219093
-0.677137
-0.472480
-0.615206
-0.042876
0.284206
0.462716
0.308631
0.848994
-0.757382
1.296023
1.359849
-0.032349
0.195856
-0.699841
-0.717534
-0.496486
1.983639
0.384598
-0.436638
-0.849942
0.037501
0.846132
-0.656541
-0.027066
-0.765277
-0.558820
-0.009707
0.484744
-0.363561
0.088405
0.971507
2.090493
0.113225
0.337664
0.609669
-0.906274
-0.838468
0.527784
0.104637
-0.191070
-0.691091
0.029654
-0.533484
-0.087553
-0.061942
0.310764
-0.201926
-0.211863
-0.093546
-0.012223
-0.439989
0.246209
0.417947
1.728363
-0.175454
-0.660739
-0.849159
0.296161
-0.554339
1.806235
0.226100
-0.492086
0.069515
-0.232251
0.067221
-0.560899
-0.020596
1.038229
-0.198443
0.743447
0.365480
-0.746805
1.221396
-0.050725
-0.432657
0.819432
3.257088
1.806358
1.498840
-0.670996
-0.684787
-0.223552
0.552768
0.389815
-0.696508
0.257548
-0.181485
0.670408
0.792087
-0.357329
-0.845417
0.047434
0.627560
0.466854
-0.425326
0.048799
0.047098
-0.188053
0.314046
0.249251
0.493390
-0.296591
-0.505550
0.321011
-0.566708
0.039112
-0.345462
-0.448075
-0.047209
-0.583238
-0.181659
0.201211
1.258919
-0.196206
-0.727806
0.472815
0.052657
0.872779
-0.826222
-0.808009
0.328371
1.250601
-0.710312
-0.264088
-0.526299
-0.458404
1.711392
-0.006830
-0.661822
-0.162313
-0.527565
0.328559
0.538880
-0.484768
0.108299
-0.036402
-0.386694
0.310861
-0.397128
0.660967
0.488637
-0.701392
-0.747660
-0.700595
-0.857392
0.047247
-0.121617
-0.181503
-0.587650
1.416024
2.208876
-0.287221
-0.786606
0.885898
0.115049
0.260235
-0.841767
-0.418920
-0.719284
0.245345
-0.231825
-0.702719
-0.629511
-0.921424
0.128384
0.833116
-0.528734
-0.391915
0.091905
0.253187
0.404566
-0.254392
-0.671956
0.240291
-0.780544
-0.188911
-0.388243
0.920705
-0.209449
-0.065543
-0.303513
-0.152832
0.270393
-0.762007
-0.720972
0.836613
-0.678018
-0.061257
-0.786919
0.065897
0.579605
-0.611602
0.061340
-0.096056
-0.661584
0.240247
2.029018
0.858600
-0.929956
-0.198541
-0.569237
0.307655
0.407826
-0.246163
0.931794
-0.537828
0.549193
-0.068324
0.042710
-0.312151
1.230283
0.600311
-0.547382
-0.644553
-0.705453
-0.693937
-0.173103
-0.940443
-0.058259
-0.509832
-0.540079
-0.767999
0.001885
-0.115671
0.795628
0.729427
-0.832376
-0.709775
0.081362
1.034485
-0.233807
0.527926
-0.158336
0.262130
-0.863972
0.222713
-0.971014
-0.148221
-0.059245
0.025199
-0.715316
-0.763228
1.128412
-0.678969
2.071652
0.013848
-0.335919
0.003788
0.942022
-0.227812
1.768166
-0.579878
0.904815
1.829387
2.232233
-0.030365
0.756580
-0.331209
0.119416
-0.586877
-0.446136
-0.524276
0.202292
-0.695508
0.933310
-0.749637
-0.408176
0.188126
-0.423570
1.069375
1.190668
-0.535611
2.075356
0.226847
-0.422868
-0.417667
-0.472310
-0.508092
0.566318
-0.408409
0.554983
0.297568
-0.402945
-0.425194
-0.630482
0.447667
-0.519192
0.210952
-0.787954
-0.672725
-0.070245
0.149742
-0.195546
0.405250
1.376771
0.966868
0.669731
-0.887604
-0.465096
0.248903
-0.392891
0.258351
-0.756952
-0.673243
-0.828120
-0.050659
0.516616
0.332073
-0.127802
-0.406480
-0.533368
1.628774
0.353183
0.272120
0.207686
-0.334977
-0.624999
-0.463123
-0.480023
-0.642005
-0.634943
-0.824645
-0.740761
-0.512302
0.240675
-0.485438
-0.529082
-0.846298
0.079400
-0.457108
-0.289018
1.392476
0.259954
-0.415889
-0.105856
-0.767718
0.006404
-0.114094
0.474378
0.292371
-0.397904
-0.255273
0.249149
-0.880266
-0.377669
0.127358
-0.762326
-0.596735
-0.297217
-0.544731
-0.355384
-0.562471
0.474185
-0.609453
-0.834318
-0.777250
-0.596303
0.220716
-0.236009
0.401601
0.929459
-0.748358
0.078998
-0.868344
0.787568
1.611333
0.302183
-0.635513
0.764914
-0.403497
0.312425
-0.493673
0.283362
-0.260411
-0.663453
-0.773870
0.453407
-0.548410
-0.480532
-0.574318
-0.682503
1.812159
-0.461050
-0.702179
-0.733959
-0.198220
0.812221
0.166376
0.063136
-0.773562
0.786288
0.280041
-0.473858
0.917382
1.578039
-0.641247
-0.464185
-0.593874
1.571122
0.069458
-0.874102
-0.329871
1.014137
-0.215729
1.067869
-0.866409
-0.112730
1.398006
0.901551
0.854814
-0.286780
0.111545
-0.057731
-0.085470
-0.727719
-0.856591
0.015359
1.305055
1.807213
0.962746
-0.466212
-0.467596
-0.581391
0.456381
-0.908098
0.567290
-0.747729
-0.807730
0.400030
3.670390
2.742353
1.188781
0.369388
0.797349
0.557443
1.250422
0.059795
-0.983580
-0.387725
-0.354434
0.342829
0.471220
0.276465
-0.385713
-0.693892
0.692049
-0.600676
-0.079638
0.017536
0.918555
-0.237061
-0.428644
0.863743
0.061075
0.450856
-0.950265
-0.705184
-0.683345
-0.764898
0.216669
0.182008
-0.239888
1.148046
-0.546909
0.461057
0.470485
-0.544674
-0.724577
-0.008378
-0.434369
2.410316
-0.765247
-0.357387
0.664725
-0.296754
-0.699948
0.206683
-0.060364
0.963192
0.226167
-0.751497
-0.515004
0.300456
1.092375
-0.719218
0.845154
-0.720987
-0.467382
1.595332
-0.235763
0.809354
-0.317194
0.459841
0.171403
-0.325508
0.662241
-0.068343
-0.758760
-0.641823
0.351031
-0.424415
-0.083423
-0.545238
-0.383718
-0.869805
-0.144575
0.095966
-0.704722
-0.554446
0.615932
0.292062
-0.930973
-0.867339
-0.890123
-0.155238
-0.401254
-0.430853
-0.675725
-0.699312
0.094163
0.310692
-0.903817
1.174921
-0.361099
-0.486009
-0.730723
0.269197
0.171638
0.606328
-0.517122
0.393488
0.460715
2.562212
0.380159
0.067157
-0.650269
-0.069135
-0.251423
-0.790766
-0.258320
-0.014863
-0.786633
1.259554
-0.833334
-0.258773
-0.794045
-0.384811
-0.499797
0.251163
-0.780120
-0.428613
-0.579682
-0.350544
1.419302
-0.750435
0.093342
0.245489
-0.433287
-0.693866
-0.018439
-0.480485
-0.316907
0.381667
-0.094775
0.088418
-0.554050
-0.780239
-0.763676
0.206320
-0.209842
0.593245
0.013967
-0.571280
-0.654479
-0.650014
1.097266
1.053101
-0.309780
-0.148869
-0.579298
-0.069354
0.980109
-0.377067
0.619643
0.672612
0.627250
1.237505
0.999058
-0.183354
-0.878896
-0.898718
0.125037
-0.333568
-0.247182
-0.728722
-0.469163
-0.442374
0.938587
1.734365
0.412111
-0.556121
0.018566
-0.170450
0.244931
-0.219440
-0.142015
-0.856601
-0.175999
0.642277
1.278887
1.991547
4.781325
-0.124801
2.395466
0.019964
1.860695
-0.599937
-0.415485
0.483083
0.417811
1.426908
-0.423055
-0.480358
1.014543
0.776052
-0.634942
-0.373717
-0.650708
-0.810267
0.573836
0.317252
0.096737
0.977234
0.310081
1.184551
-0.080813
-0.923469
-0.399889
0.338728
-0.954582
-0.259812
-0.004787
1.453551
-0.821882
-0.903489
1.462375
-0.234375
-0.122018
-0.542482
0.824318
0.845550
-0.034989
1.716602
-0.114133
-0.641928
0.059814
1.293307
-0.096117
-0.735279
0.635352
0.213164
-0.936062
0.013393
-0.554216
0.556788
-0.785922
0.511361
0.397501
0.056757
-0.743239
0.262971
1.969619
0.986625
-0.062516
0.048292
-0.751599
-0.604940
-0.456453
0.171960
-0.292064
0.307071
0.425454
0.222673
0.532769
0.172008
-0.668952
-0.813864
-0.572697
-0.478005
-0.703472
-0.073938
0.595847
-0.250661
0.146434
-0.684453
-0.614302
-0.849866
-0.798199
-0.310919
-0.049804
-0.423018
-0.206638
-0.435622
-0.738564
-0.221972
-0.593258
-0.792195
-0.383047
-0.833879
-0.771420
0.195777
0.027411
0.306987
0.356463
-0.927973
-0.493763
-0.722417
0.671671
-0.879654
0.005779
0.506575
0.465142
-0.719097
-0.697114
-0.091119
0.776708
-0.268460
-0.234032
-0.516703
-0.656938
-0.188146
0.905319
-0.347439
-0.081058
-0.297294
0.169847
-0.834353
0.810725
1.196745
-0.380107
-0.562013
-0.860784
-0.617419
-0.218220
-0.936846
-0.585936
-0.002018
0.945231
-0.263546
1.700053
1.878644
0.239567
-0.770857
0.508914
0.439213
-0.495951
0.911168
1.650128
0.120399
0.836545
1.636793
-0.493981
0.952309
-0.069777
0.193955
-0.515568
-0.800784
-0.454469
-0.447481
0.416693
-0.645423
-0.884670
0.601359
1.074462
-0.832509
-0.984558
-0.494814
-0.208935
-0.542263
1.515851
0.196526
-0.764512
-0.597348
-0.028930
-0.369566
-0.457630
-0.909967
-0.260458
0.337503
2.246244
2.977680
0.299585
3.204416
-0.410030
-0.692359
0.946829
-0.787354
-0.873608
0.382580
0.262568
-0.371509
0.154047
0.305538
0.425041
-0.683639
0.448281
-0.699609
-0.440131
-0.762591
-0.391312
0.391101
-0.446358
-0.335497
0.365356
-0.803053
-0.079887
1.005294
0.160919
-0.738011
-0.443878
-0.244438
-0.356844
0.194610
0.828331
-0.792355
0.440493
-0.668198
0.713583
0.470446
-0.542480
1.204154
-0.825921
0.075665
1.005148
-0.161964
0.192735
0.342957
-0.893689
-0.603799
0.884401
0.229750
-0.344221
-0.012972
-0.796881
1.005147
1.544627
-0.114352
-0.146150
1.419812
-0.766080
-0.389244
1.364118
1.334214
-0.678487
0.519034
-0.815197
0.294556
-0.082157
-0.555016
0.200477
-0.048320
-0.918659
-0.857913
0.969935
-0.783020
1.129597
-0.310131
-0.684338
0.444105
0.741694
-0.777137
0.740532
0.219767
-0.640137
1.056834
-0.242930
-0.259196
-0.761490
-0.937149
-0.198659
0.110590
-0.862853
-0.205514
-0.509253
-0.457014
-0.343362
0.214107
-0.564150
-0.668934
-0.232744
0.758361
-0.899125
-0.677037
0.040014
-0.682531
0.747792
-0.139712
-0.315166
-0.513203
0.615801
0.231846
-0.900495
-0.944608
-0.277724
-0.478740
0.259850
-0.552136
-0.729065
-0.452012
-0.571889
0.085846
0.122019
0.406835
-0.507415
-0.246757
-0.827050
0.977222
0.823154
-0.470715
-0.480206
-0.731552
-0.218249
-0.680648
-0.700098
-0.421860
-0.548958
1.444709
0.540140
1.214311
0.575015
-0.446026
-0.827179
1.630310
0.498651
-0.795984
0.368931
-0.970854
0.111398
-0.210858
-0.630272
-0.800838
-0.292824
-0.790016
0.022609
2.627371
-0.842789
-0.669331
-0.894520
-0.774113
-0.743597
1.470258
-0.277078
-0.551896
0.001157
-0.523071
1.917460
-0.488091
0.073097
0.955848
1.146347
-0.827998
0.264683
-0.474241
0.191565
0.871988
-0.296427
1.443887
0.907204
0.126395
1.218139
-0.660441
3.074594
1.484774
2.285465
-0.646391
1.329403
0.240822
1.639756
0.957123
0.170262
-0.231796
-0.128361
1.041552
0.428332
-0.919068
-0.563930
0.299882
0.042871
0.447021
0.151104
-0.855342
-0.884705
0.398385
-0.196192
0.877632
-0.635449
0.045466
-0.821529
-0.937450
-0.333702
-0.904720
0.277844
0.112418
-0.690993
-0.956200
0.402483
-0.421805
-0.514085
0.777029
0.578536
-0.197959
1.082280
0.482335
0.986901
0.002125
-0.900885
-0.588974
0.691911
-0.872252
-0.295836
-0.179031
-0.910416
0.858610
-0.405098
1.161271
-0.666923
-0.490633
-0.209799
0.444478
-0.514667
-0.754525
1.231530
0.458062
0.281580
-0.092733
-0.693388
1.119733
-0.709712
0.161029
-0.697270
-0.914698
0.520719
-0.824104
-0.599620
-0.604606
-0.482774
-0.878942
0.686122
0.740365
-0.253965
-0.290195
-0.277221
-0.310299
-0.884656
0.024471
0.299375
-0.790726
0.486660
-0.061019
-0.641407
0.175504
-0.156660
0.861320
0.668443
-0.403390
-0.715286
0.717907
-0.178055
0.480845
-0.466525
-0.761639
-0.741884
-0.554118
-0.870278
-0.098969
0.270121
0.032882
1.255991
-0.251183
-0.949671
-0.203149
0.061556
0.769392
-0.210911
0.033072
-0.642381
-0.083885
0.750561
-0.814179
-0.205835
-0.386738
1.143269
0.081325
-0.356958
0.032984
0.610840
-0.792859
-0.100475
1.471500
0.226946
-0.851665
-0.264545
1.180985
-0.587821
-0.566501
0.007860
-0.600324
-0.277575
-0.176081
0.659826
0.860470
0.941330
-0.505208
1.823642
0.426463
-0.401618
-0.728942
0.626941
-0.820572
0.124342
-0.072049
1.454810
-0.466660
-0.008012
-0.403042
-0.226861
0.590382
0.406518
-0.244255
-0.704305
-0.248072
0.830736
0.407554
-0.695525
0.653558
0.208481
0.828429
-0.299459
-0.061080
-0.429117
0.336591
-0.166261
-0.471588
1.118367
2.476921
1.919376
2.475441
0.384711
-0.453627
0.483003
-0.391964
-0.143090
0.990603
0.584012
-0.459891
-0.091574
0.079798
-0.922383
-0.016573
0.357586
-0.802490
-0.624414
-0.516888
-0.477286
-0.255405
0.716328
0.889863
-0.075444
-0.525397
-0.604317
0.413945
0.236244
-0.405502
-0.537855
-0.002053
-0.155555
0.509411
0.003828
0.077268
-0.277824
-0.155244
-0.011200
0.819350
0.084134
-0.304851
-0.161790
-0.772856
-0.176686
0.017548
-0.895029
-0.784932
0.180368
0.926104
0.071155
0.088489
-0.765931
-0.660597
-0.450107
2.141153
-0.874295
-0.601081
0.484494
-0.496247
0.498178
-0.352211
-0.359775
0.802980
1.381329
-0.858045
-0.635465
-0.262779
-0.719283
-0.937043
-0.508901
-0.335407
-0.750933
-0.515466
-0.959268
-0.701253
-0.077902
-0.111311
0.612502
-0.366907
-0.746598
-0.815698
-0.157143
-0.829562
-0.347996
-0.533785
-0.972479
-0.756028
-0.751239
-0.033601
-0.931940
0.592438
-0.477439
-0.189182
-0.975077
0.068536
0.751191
-0.638775
-0.187673
0.979900
1.052497
0.465915
-0.830878
0.059853
0.801181
-0.548117
0.446894
-0.487324
-0.308631
0.683704
0.102950
-0.358980
-0.703995
-0.866185
-0.413932
2.208277
0.867050
0.075828
0.459325
1.077399
0.355394
-0.738967
-0.218583
-0.905615
-0.214104
0.410267
0.744454
-0.477640
-0.228609
0.306220
0.778510
-0.294864
0.226654
0.241808
-0.217676
-0.730286
-0.111658
0.156931
-0.402132
1.680976
-0.052493
-0.396870
0.115186
-0.140947
-0.469473
-0.154145
-0.523883
0.256505
0.849289
-0.620270
-0.066216
0.750503
0.682663
-0.349681
1.549518
-0.284521
-0.038034
-0.794356
1.489556
-0.698263
0.371841
0.752745
-0.028987
0.522484
1.266468
-0.078812
-0.866742
-0.355960
-0.852510
0.136178
-0.839013
-0.021758
-0.738006
0.048592
-0.488379
1.739326
3.095273
0.889751
0.388529
3.913800
-0.192535
0.496556
0.097332
-0.324048
0.194184
-0.001041
-0.230865
1.231512
-0.058108
-0.370916
-0.571809
-0.646483
-0.635562
-0.293518
-0.369528
0.306561
0.519498
-0.603925
-0.648954
1.242627
0.246947
-0.557048
0.532931
0.083726
-0.195698
0.156016
-0.615601
0.103652
-0.005547
0.339215
-0.187472
-0.413604
-0.671602
0.752233
-0.450950
-0.379329
0.912453
0.145881
0.845942
-0.840938
-0.012012
-0.584060
1.422795
-0.099860
-0.661483
-0.686423
0.352433
-0.564229
-0.026693
-0.721530
1.513185
-0.613198
-0.135890
0.039325
-0.406032
1.166985
-0.562920
0.227963
0.436996
2.402521
-0.418848
0.406073
-0.049141
-0.041416
-0.822671
-0.061084
-0.633342
-0.021456
0.306882
-0.914949
-0.336515
-0.678991
-0.591509
-0.565283
-0.736191
-0.496854
0.076065
0.727318
-0.700215
-0.100646
-0.304778
-0.432989
-0.287178
-0.332714
-0.068081
-0.766891
-0.867062
-0.493196
-0.206802
-0.056712
0.952312
-0.826819
-0.590667
-0.685809
1.331701
-0.610472
-0.152127
-0.052431
-0.538624
-0.538497
-0.658736
-0.798366
0.851797
-0.827463
-0.136175
-0.597227
-0.286002
0.345737
2.105604
-0.535922
-0.557277
-0.459731
-0.208536
-0.503346
-0.183455
-0.150293
-0.488117
0.332835
-0.522074
2.027819
-0.327971
0.615641
3.118066
1.015570
0.392996
1.721666
-0.053456
0.159412
0.250266
0.094283
-0.782299
0.865142
-0.213180
0.541128
1.316254
-0.514088
0.335099
0.487489
0.814427
-0.358319
0.131034
-0.053778
-0.367607
0.676601
-0.699105
-0.659053
-0.697898
-0.210575
0.170127
-0.851521
-0.243192
0.114523
0.961648
0.208337
0.890614
-0.688111
0.705358
-0.801292
-0.905849
-0.627318
-0.133748
-0.571789
0.257224
0.043613
-0.920717
0.011773
-0.423496
0.014876
-0.405075
0.031620
-0.796971
2.501561
1.144839
2.258802
2.067538
0.368957
-0.318793
0.258877
-0.379410
0.363846
-0.546630
0.038209
-0.590701
0.577407
1.399538
-0.210304
0.078641
-0.181957
-0.325196
0.652404
0.907915
1.104276
1.395929
-0.490387
-0.194992
-0.196341
-0.649961
-0.504952
0.655958
-0.601576
-0.829768
-0.741791
-0.068948
-0.838505
0.391087
-0.632097
-0.281254
1.522240
0.684862
-0.408831
-0.565761
-0.885867
0.950841
0.277254
-0.288699
-0.631883
0.972074
0.034803
-0.201700
0.177962
-0.514231
0.501939
-0.120807
-0.204779
-0.227303
-0.682041
0.446336
-0.209730
0.455257
-0.184251
-0.124881
-0.908361
0.962885
-0.491406
-0.062127
-0.289440
-0.305997
1.367262
-0.705681
-0.826763
-0.484169
0.298097
-0.061587
-0.563490
0.587313
-0.652397
-0.178675
1.753286
0.266263
-0.604908
0.084832
-0.102967
0.383432
-0.889211
-0.292931
-0.191523
-0.462626
-0.485839
-0.903718
0.327387
-0.078003
-0.724106
0.048410
-0.368618
-0.340114
-0.241885
0.090765
-0.458171
-0.757521
-0.225066
-0.427817
-0.192514
-0.039448
-0.700404
0.959709
1.131013
1.036260
0.256834
0.161432
-0.226508
-0.268982
-0.949753
-0.754869
1.059216
0.355042
-0.280341
-0.406029
-0.101566
-0.519149
-0.420130
0.756838
-0.170748
2.152899
0.382722
0.123049
-0.098742
1.205415
-0.767468
-0.464432
-0.242094
-0.814515
1.253054
-0.640472
-0.871267
-0.840725
-0.847100
-0.159361
-0.056776
-0.124722
-0.725260
-0.029656
0.020097
0.101807
0.935003
0.639144
-0.072162
-0.701915
0.534342
-0.638455
-0.381911
-0.732080
-0.005782
-0.386845
0.201780
0.210069
0.318340
-0.123162
0.612777
-0.138191
0.423369
0.123011
0.927290
-0.839504
-0.364424
0.373817
0.454610
0.437592
0.700563
0.756684
0.531162
2.342479
1.009097
-0.474007
-0.688940
1.084896
-0.717257
-0.454246
-0.603253
-0.283695
1.567200
2.552580
1.763802
1.699583
-0.030695
0.718997
0.190838
0.389761
0.348762
-0.449535
-0.125243
-0.144258
1.037108
2.426710
-0.521702
-0.656816
0.840447
-0.587543
-0.462396
0.616840
-0.537068
-0.033108
-0.161122
-0.737420
-0.753229
-0.494354
-0.537884
-0.618770
0.152435
-0.167886
-0.307952
-0.111516
-0.021166
0.378272
-0.178513
-0.055469
0.404581
0.231730
-0.917318
-0.570045
-0.251379
0.602982
0.030748
-0.646706
1.363211
0.123834
0.636108
0.599174
0.670974
-0.137747
0.315544
-0.131979
-0.062388
-0.089708
-0.718284
-0.549659
0.229012
1.354586
-0.080578
-0.528876
0.241981
0.143153
0.556511
-0.525057
-0.630020
1.128445
-0.707973
0.428562
-0.731975
-0.752304
-0.011179
-0.884873
0.057278
-0.141523
-0.704659
0.213442
-0.880292
-0.306801
0.352558
-0.098775
-0.736217
-0.513980
-0.778758
-0.742120
0.259548
-0.377476
-0.031043
-0.305849
-0.526020
-0.599314
-0.819468
0.313248
-0.272296
-0.269280
-0.261461
0.612881
-0.160652
0.254844
-0.910025
-0.921641
-0.519969
1.000781
0.062891
0.216596
-0.182208
-0.129547
-0.314104
-0.652356
-0.640680
-0.086869
0.624039
-0.603280
-0.214519
-0.232098
0.164709
-0.163066
0.066149
-0.395173
0.379309
-0.350496
-0.523005
-0.271915
0.313807
-0.782567
0.569353
0.605986
0.023131
-0.081678
0.430640
0.069401
-0.541750
-0.600683
0.062802
-0.455112
-0.200781
-0.124194
0.841031
1.042908
-0.082992
-0.367512
-0.595649
-0.053943
0.507510
-0.889169
-0.105185
-0.187029
-0.456324
0.134499
0.330029
0.183389
-0.647925
0.514047
-0.487446
-0.215767
0.868625
1.138525
0.330731
-0.392584
0.441183
1.091138
0.726897
-0.394310
-0.180496
0.856427
1.261854
-0.802570
0.165415
0.368488
-0.377728
-0.971379
-0.158560
1.835556
-0.699611
1.273344
1.422291
0.185495
-0.188292
1.180149
0.137213
2.883039
3.430315
1.561067
-0.159114
0.202972
0.384326
-0.427196
-0.187839
-0.511337
-0.357877
0.142529
-0.924095
1.073017
0.447393
-0.845452
-0.632226
0.179065
-0.803715
0.459164
-0.572491
-0.424634
0.502520
-0.756176
-0.699918
-0.524909
0.009145
-0.460904
-0.755031
0.533695
-0.505964
-0.677089
0.063742
-0.765267
-0.401651
0.540946
-0.130639
-0.730814
0.975760
-0.590786
-0.592721
2.182199
0.927409
0.100115
0.770797
-0.281485
-0.272847
-0.621568
1.386758
-0.041987
-0.742658
0.281526
-0.648549
0.186404
-0.139520
1.112995
0.322196
-0.039825
-0.192585
0.348609
-0.273558
-0.369150
-0.271004
-0.486121
0.089271
-0.484751
-0.392157
-0.841593
-0.198179
-0.548989
-0.114203
-0.416451
-0.618520
-0.146899
0.220471
-0.481772
-0.507686
0.633268
-0.729475
-0.094149
-0.238381
-0.191355
0.616983
-0.229346
-0.620557
-0.314437
-0.794672
-0.027174
-0.820276
-0.567292
0.749867
-0.657097
-0.711689
-0.017756
0.468576
-0.745126
-0.209807
0.741791
-0.466120
2.260675
0.414462
-0.808442
0.491204
-0.483222
0.543629
-0.740778
1.075468
-0.692929
0.251272
-0.450374
-0.738644
-0.898004
-0.258290
0.284238
-0.275607
0.491806
0.035008
0.261679
0.116556
0.465556
2.119985
-0.870674
0.440465
0.659020
-0.112794
-0.122995
-0.154656
0.287238
-0.519660
0.833602
0.457339
-0.031459
-0.933454
-0.263563
-0.435651
-0.856635
-0.297885
-0.099463
1.075276
-0.465706
0.257325
-0.376973
0.012969
-0.419290
-0.761504
-0.595681
0.126593
-0.315309
0.051597
0.487163
-0.580099
-0.484151
-0.563712
-0.021338
-0.756176
0.096785
0.131066
-0.577163
1.464771
-0.786162
0.134745
0.790150
-0.300480
1.242011
-0.108643
0.986299
-0.348690
0.468700
-0.362370
-0.546434
-0.307440
-0.416083
0.209043
2.108606
0.530465
1.519871
-0.699996
1.605992
1.994517
2.017239
-0.334606
1.196739
-0.048286
-0.175122
-0.395723
0.056739
0.303801
-0.277134
-0.356957
-0.664285
-0.658966
1.626576
0.822890
0.278753
-0.565672
-0.246373
-0.579869
0.808796
1.320197
-0.407072
-0.733895
0.802622
-0.733005
-0.216529
-0.927316
0.166475
-0.705075
-0.075355
-0.447516
0.091931
-0.178052
-0.965132
-0.233597
-0.506089
-0.815195
0.437922
-0.536697
-0.854463
0.728000
-0.427552
-0.374721
-0.310641
0.651396
-0.660606
-0.632332
0.680550
0.232311
0.276953
-0.082595
-0.335115
0.165879
0.028177
0.395578
0.018602
0.229958
-0.259094
0.070938
1.735345
0.043388
-0.383348
-0.759063
-0.882080
-0.104654
-0.700814
0.481410
-0.037370
-0.104379
0.997544
0.203977
-0.162818
-0.747174
0.879936
-0.092986
-0.745686
-0.465693
-0.456761
-0.613396
-0.746422
-0.152104
-0.852261
-0.801457
0.844481
-0.074169
0.421833
0.399580
-0.602434
-0.323620
-0.144537
-0.447345
-0.318567
0.228801
-0.493703
-0.646139
-0.407964
-0.374485
0.159320
-0.351598
-0.198787
0.394938
-0.880125
-0.734008
-0.539127
-0.588337
-0.360272
-0.687939
0.489892
-0.484398
0.978325
0.034818
0.180727
-0.354262
1.279138
-0.395742
-0.287338
-0.389413
-0.284774
0.135230
0.261888
0.026156
-0.696089
0.517507
0.243563
0.010499
0.031517
1.066660
-0.540396
0.554272
0.956387
-0.367123
-0.683358
0.356517
-0.915573
0.115414
0.029778
0.174801
1.944899
0.810456
-0.558056
-0.543913
-0.209073
-0.541194
0.631845
-0.561484
1.964082
1.378448
-0.033520
-0.602686
-0.539536
-0.011893
0.772469
1.813480
1.835516
0.555389
-0.189027
-0.679466
-0.370242
-0.386000
0.197975
0.342181
-0.465826
0.659173
-0.430653
0.499711
-0.427206
-0.226598
0.572385
-0.456229
0.413114
0.671995
-0.403352
0.182457
2.979897
1.209856
1.295276
2.798407
-0.243449
-0.151817
-0.269434
-0.042233
0.462050
0.573608
-0.574590
-0.174237
0.447304
-0.163594
-0.702370
0.339236
-0.720166
-0.451797
-0.771590
0.032758
-0.668929
-0.292704
0.219034
-0.570418
-0.934757
-0.221540
0.901741
-0.803945
-0.793785
-0.790452
-0.055206
0.290843
0.660810
-0.802440
0.530485
-0.735391
0.834615
-0.224667
-0.190227
-0.586442
0.763843
-0.865033
0.549353
0.016330
-0.296240
-0.630963
-0.441080
0.877839
-0.351890
-0.496339
0.085664
-0.355968
-0.279260
-0.622105
1.577040
0.063624
-0.297374
-0.051818
1.192220
0.184118
0.471379
1.298214
0.766335
0.958856
-0.102019
0.575722
-0.092189
0.304850
-0.217759
0.046174
-0.010989
-0.861058
-0.422485
-0.738838
-0.281926
-0.821900
-0.169360
-0.365138
-0.335689
-0.095734
0.128166
-0.755699
-0.528325
-0.142030
-0.085455
-0.132440
-0.024659
-0.507663
-0.719548
-0.511880
-0.379673
-0.428046
0.890202
-0.468406
1.730296
-0.585620
1.101271
1.083874
-0.510394
1.531609
-0.374910
-0.386184
-0.554995
-0.547540
-0.749216
-0.897252
-0.133375
0.381134
-0.762178
-0.394238
-0.763573
0.058967
0.245913
-0.608313
1.724167
0.210301
-0.415096
-0.135059
-0.604351
-0.327357
-0.608043
-0.636300
0.501380
-0.456828
-0.521135
1.000405
-0.080298
0.273480
-0.061853
0.265730
-0.420010
-0.461957
-0.332529
1.187830
0.808466
0.379236
0.132686
-0.757629
-0.233319
-0.407620
-0.532219
-0.912636
0.521411
-0.065002
0.611916
0.511622
-0.836104
0.031455
-0.380206
-0.183683
0.570155
-0.401000
0.395001
0.398828
2.201716
0.425987
0.336177
1.255139
-0.152338
1.209023
-0.750657
-0.303744
-0.542188
1.099363
-0.698988
-0.914017
0.084723
-0.397967
0.623092
-0.018201
-0.486348
0.026915
-0.383780
1.694320
-0.149747
2.739132
2.286914
0.299643
-0.196547
0.670511
-0.204751
0.316631
-0.291891
-0.365092
-0.146867
0.337459
-0.473112
0.556057
-0.448305
1.524446
-0.125519
-0.014458
-0.672574
-0.296673
-0.519435
0.215974
-0.150188
-0.136559
-0.561734
-0.375271
0.077626
-0.214092
-0.424726
-0.639623
-0.307630
-0.539961
-0.309056
-0.499622
-0.278842
-0.021391
-0.590033
-0.538738
-0.466476
-0.456408
0.621266
1.139806
-0.217456
0.788234
-0.117761
-0.851497
0.378968
1.013460
0.544528
-0.536113
1.880870
-0.367800
-0.200214
0.359922
-0.363419
0.861778
-0.595860
0.292109
1.761881
-0.545471
-0.253565
0.076458
0.588882
0.666452
-0.349895
-0.176485
-0.424074
0.288020
-0.075634
-0.887087
-0.638695
-0.347110
-0.795273
-0.241148
-0.766645
0.630825
0.047413
-0.268889
-0.326124
-0.304107
-0.259785
-0.004516
-0.580780
1.318043
1.230901
-0.320168
-0.492224
-0.781393
0.092077
-0.302411
-0.663376
-0.828975
-0.649256
-0.566637
0.159410
-0.039144
-0.500376
0.569954
2.163306
0.410139
0.161776
0.229151
-0.492343
-0.272915
-0.721741
0.479541
-0.456100
0.250826
-0.203335
1.383625
-0.514679
-0.571635
0.538756
-0.273288
0.618921
-0.514347
1.397484
0.724784
0.693847
0.432193
-0.276301
-0.055666
-0.506143
1.124547
-0.189869
-0.768952
0.062965
0.132220
0.436150
0.616771
0.344098
-0.115389
-0.821648
0.268839
-0.098615
-0.027819
0.924055
-0.541491
0.258606
-0.658743
-0.511511
-0.482288
-0.685240
-0.788018
0.317719
-0.541098
-0.375389
-0.594056
-0.678446
-0.491232
0.339294
-0.625025
-0.580216
-0.079041
1.621116
-0.560135
0.340936
-0.601609
-0.441064
-0.218420
-0.044537
-0.254315
0.552850
-0.121030
0.270917
-0.624502
-0.273321
1.606173
0.031705
-0.402638
2.031779
-0.562580
-0.367794
1.303900
-0.487943
0.500242
2.587551
-0.409733
2.825470
0.806999
0.746452
0.348672
0.183751
-0.184400
-0.382644
-0.572157
-0.759155
1.137793
0.775008
0.888519
0.420751
-0.412172
-0.504353
0.290984
1.281649
0.008474
0.172729
0.259109
-0.347454
0.206245
0.456620
-0.414835
-0.060381
-0.508108
-0.275626
-0.129080
-0.043205
-0.251236
0.156401
1.583454
1.637037
-0.194057
1.033435
0.467880
1.410385
1.798080
1.846816
1.097032
0.806125
1.498426
1.560440
-0.017291
-0.540932
-0.392039
-0.909979
-0.466679
-0.579355
-0.555888
-0.565628
-0.865708
-0.429216
-0.583206
-0.848411
-0.435025
-0.557729
0.087084
-0.085489
-0.215044
-0.389773
-0.784164
-0.135258
-0.978309
-0.083553
-0.523729
-0.274194
-0.792489
-0.044353
-0.816198
-0.581555
-0.404209
-0.500615
-0.291832
-0.264051
-0.612299
-0.838908
-0.522626
-0.193975
-0.639518
-0.804544
-0.437960
-0.402673
-0.104977
0.431718
-0.476940
-0.896911
0.329997
-0.126205
0.098921
0.062325
-0.475109
-0.858349
-0.134203
0.636589
0.577831
0.152264
-0.870450
2.229550
8.132908
7.210997
2.332576
-0.166546
2.730222
3.714022
2.678004
0.958451
-0.190295
0.153347
-0.915764
-0.672627
-0.612485
-0.871322
-0.542516
-0.549393
-0.600158
-0.624292
-0.035886
0.900760
0.979603
0.743901
-0.167185
0.874988
1.091468
0.748096
0.159620
0.039317
1.285018
0.833468
-0.269520
-0.825947
1.662626
0.266783
-0.922681
0.388296
-0.728892
-0.546373
-0.851721
-0.929229
-0.411362
-0.720645
-0.365093
-0.863632
-0.865761
-0.842958
-0.627206
-0.458790
-0.753064
-0.286729
-0.453155
-0.566103
-0.466458
-0.655802
-0.055940
-0.674991
-0.811508
-0.910094
-0.913738
-0.196976
-0.945638
-0.187957
-0.649667
-0.726834
-0.121000
-0.606040
-0.799979
0.011088
-0.752661
-0.695142
-0.588096
-0.759725
0.003189
-0.679621
-0.230927
0.204610
-0.785896
0.245033
-0.700084
-0.276610
-0.657582
-0.766141
-0.542887
0.025169
-0.362855
0.181518
0.591815
-0.149246
3.812397
8.701698
7.131215
1.461328
0.709008
2.256570
2.531103
3.569720
0.991452
0.022989
-0.947616
0.019824
-0.791849
-0.061328
0.263408
0.127735
-0.636596
-0.664531
0.515533
-0.465965
-0.297924
-0.705847
0.109670
-0.602123
-0.490211
-0.011435
-0.544334
-0.211604
0.358120
-0.847431
-0.658300
-0.545817
0.041733
0.171630
0.442503
-0.803735
-0.319522
0.192663
-0.718495
-0.583302
0.573204
-0.677200
-0.602731
-0.515594
-0.261512
0.075680
0.319011
-0.277537
-0.631136
-0.662413
-0.414116
-0.535583
-0.437958
-0.738591
-0.535628
-0.316493
-0.373205
-0.776464
-0.754643
-0.763949
-0.083233
-0.491918
-0.398480
0.038407
0.130239
-0.149713
0.085934
-0.905279
-0.615534
-0.781716
-0.924049
-0.542908
-0.780009
-0.693949
-0.034243
0.129035
0.502565
-0.612028
-0.681349
0.049237
-0.858073
-0.555677
0.418475
-0.682514
0.118290
-0.544944
-0.442223
0.229453
0.216138
1.173328
0.989393
0.056094
0.696929
-0.900730
-0.471233
0.065857
0.260994
-0.309672
-0.578343
-0.777414
-0.217668
0.767019
1.152007
-0.874991
-0.330647
-0.119087
0.048086
0.571338
-0.695948
-0.694973
-0.378589
-0.175249
0.310294
0.036328
-0.212888
0.249599
0.412249
-0.446519
-0.775249
-0.426289
0.105962
-0.595223
-0.706423
1.876186
0.529840
-0.519439
-0.022200
-0.315669
0.455654
0.226541
-0.250489
-0.101126
-0.348063
-0.096706
0.783850
0.767216
0.230136
-0.688663
-0.362772
0.722515
-0.624647
0.131370
-0.485417
0.662457
-0.175333
-0.321396
1.012135
0.096824
0.067241
-0.119980
-0.053847
0.393960
-0.179056
-0.314197
-0.513271
-0.927743
1.270071
-0.237388
-0.798331
-0.454495
0.361365
0.220235
-0.132727
-0.416181
0.267779
1.816140
1.757306
2.810377
0.727746
0.600293
0.051268
-0.132669
0.108581
-0.157531
-0.506638
-0.532319
0.296688
0.128205
1.637405
0.816410
-0.697288
0.950871
-0.444834
-0.839384
-0.067785
-0.616731
-0.558144
-0.639931
-0.267208
-0.732343
-0.379247
-0.283592
0.011879
-0.551463
-0.570553
-0.721015
-0.484311
2.087187
-0.279596
-0.771677
-0.129139
-0.247319
0.374657
-0.382282
0.508361
0.111029
-0.030235
-0.222866
-0.638287
0.536958
-0.352505
-0.557110
0.628360
-0.942405
0.103267
0.668394
-0.013554
0.497147
0.438751
-0.338487
0.607168
1.027211
0.435373
0.094158
0.122592
0.748080
-0.312286
1.273880
-0.779592
-0.149131
-0.453143
0.030074
1.273492
-0.593694
0.055830
0.830502
-0.166080
-0.535033
0.189820
-0.215058
1.079151
-0.171779
0.389042
-0.222962
-0.301860
-0.722197
-0.783104
-0.431593
-0.219825
-0.622318
-0.344876
-0.549132
0.268396
-0.427538
0.416858
-0.718548
-0.653370
0.659488
-0.881017
-0.468325
-0.340640
-0.699102
-0.295935
-0.162366
-0.677047
-0.922870
0.758978
-0.286382
0.183079
-0.079318
0.450102
-0.652966
-0.005698
0.034986
-0.446117
-0.872580
-0.227359
1.224415
0.077440
0.681547
-0.461491
-0.698612
-0.472838
-0.067061
-0.767034
0.266073
-0.793577
-0.848700
-0.119974
0.340741
-0.202145
0.507364
-0.085760
0.276724
1.628499
1.240115
-0.258931
0.183845
-0.864865
0.178086
-0.504618
-0.301902
1.470301
2.115310
-0.479343
-0.180591
-0.243709
-0.851988
0.015106
-0.204756
-0.236151
-0.169925
-0.684767
0.962965
1.384549
-0.402041
0.558329
0.050612
0.036264
0.349035
0.210367
0.318386
1.219104
1.241128
0.176460
-0.496992
0.192122
-0.078178
-0.909410
-0.828971
1.592580
-0.702568
0.121465
-0.533773
-0.095292
0.298223
-0.181871
1.156887
-0.573599
0.983264
-0.000968
2.601221
1.560843
0.280324
0.624794
0.288873
0.225003
0.195473
-0.481119
0.672588
-0.591120
-0.425142
0.488171
-0.745778
-0.428254
-0.395991
-0.120977
-0.632210
-0.309614
0.239603
-0.794387
0.027814
-0.970153
-0.059888
-0.860972
-0.693317
0.032371
-0.884028
0.083232
-0.209107
-0.104575
-0.183224
0.284571
0.507194
0.150397
-0.506413
0.116760
-0.135981
-0.417594
0.126987
-0.570891
0.369685
-0.671782
-0.407246
-0.085557
0.202589
0.304151
-0.164348
0.927880
0.135653
0.243139
0.478981
0.063453
1.034792
0.958160
-0.001448
-0.006584
-0.052455
0.517062
-0.104236
0.138627
0.858746
-0.257114
0.407978
0.932978
0.826729
-0.720598
-0.744817
0.413880
-0.296984
0.084270
0.133836
-0.470532
0.728002
-0.307800
-0.444911
-0.392977
-0.275536
-0.837770
-0.864395
-0.593548
-0.804970
-0.736553
-0.675193
-0.543761
0.133203
0.865351
0.952746
-0.682136
-0.102995
-0.661912
-0.409485
-0.732213
-0.748183
-0.840665
1.338659
-0.242667
0.153589
-0.427970
-0.516498
0.527958
1.756431
-0.550110
-0.888099
-0.748044
-0.681210
-0.413344
0.070253
-0.714553
-0.225048
-0.199398
-0.830039
-0.290941
1.133864
-0.703845
0.749100
0.242736
-0.665257
-0.679341
-0.235120
-0.817671
2.019683
1.745993
0.597402
0.470693
0.206702
-0.042155
0.722167
0.008563
-0.863315
-0.863339
-0.883211
-0.644005
0.556214
-0.006177
0.911642
1.220009
-0.022498
-0.903661
-0.715812
-0.743502
0.662475
1.234547
-0.705826
-0.979669
-0.808011
-0.656930
0.287718
-0.330447
-0.291227
0.601079
0.854508
-0.617997
-0.484308
2.036490
0.061878
0.798329
-0.758744
-0.324418
-0.743262
-0.279735
3.002245
0.506932
-0.677015
1.081637
-0.031136
-0.158324
1.020539
-0.501671
-0.439019
0.103245
-0.297365
-0.283793
2.960205
0.967427
2.005670
0.489199
0.988208
0.796632
-0.406390
-0.058724
0.024661
0.536992
-0.209029
0.722004
-0.616249
0.465125
-0.238961
1.631257
-0.862537
-0.582197
-0.832441
-0.369736
-0.922342
-0.178109
0.297371
-0.223049
-0.642716
-0.573745
-0.354476
1.308763
0.363806
-0.211354
-0.747759
-0.301942
0.225022
0.153689
-0.249788
-0.079641
-0.289665
1.229545
-0.209712
-0.290136
0.729303
-0.458556
0.259225
0.062147
-0.502860
0.124631
-0.855481
-0.588333
0.487029
-0.875298
-0.398615
-0.278314
-0.773581
-0.185282
0.551219
-0.467913
0.178698
-0.204568
1.446135
-0.494561
0.257336
-0.165179
0.052529
0.453567
-0.020810
0.278162
0.650437
-0.329890
0.064100
0.057513
-0.855674
1.223847
-0.589271
0.613423
-0.762934
-0.120821
-0.720599
-0.821038
-0.546348
0.089114
-0.021988
-0.775402
-0.159426
-0.794074
-0.825201
-0.091920
0.409695
0.569643
0.326178
-0.611568
0.266894
-0.573022
0.051804
-0.659145
-0.656558
-0.403229
-0.470448
1.308617
0.367584
-0.652630
-0.368611
1.151137
-0.595849
-0.472118
-0.017289
1.850775
-0.219124
-0.311647
-0.790020
-0.491929
0.374709
-0.845663
-0.615343
0.122750
0.676279
1.259609
0.081136
0.016347
-0.002430
-0.430963
-0.404427
-0.762071
-0.726971
-0.753253
-0.133149
-0.790073
0.244754
-0.533822
0.538069
0.224431
0.889521
0.536801
-0.582397
0.021094
-0.039422
-0.088118
-0.941112
-0.082756
0.604037
0.586998
-0.681833
-0.626720
1.405205
0.713591
-0.209930
-0.579689
-0.970956
0.723651
-0.380219
0.779349
-0.548848
0.861050
-0.832873
-0.636117
1.763469
0.089430
-0.228478
-0.204143
-0.549781
-0.510143
0.964504
0.783451
1.366952
-0.322637
0.863910
-0.763885
0.376698
-0.831680
-0.179578
1.927350
0.035342
1.093463
0.147515
0.579526
-0.450332
1.311742
0.734100
2.337513
2.281699
0.131572
0.682013
-0.560654
-0.433428
-0.291496
0.006897
-0.583969
-0.462886
1.203416
-0.320088
0.759268
-0.967052
0.088053
-0.397797
0.160803
-0.212995
-0.741288
-0.209082
0.655239
-0.749514
-0.239045
0.754571
-0.115549
0.021840
-0.016273
-0.551155
-0.395667
-0.506112
0.218005
0.305847
0.380647
-0.529753
-0.792819
-0.089941
0.348098
-0.718330
1.146188
0.558931
-0.160817
-0.635149
-0.166003
0.939168
0.164170
-0.822850
-0.092657
-0.003820
0.542745
-0.073702
-0.508884
0.383085
1.362746
-0.688888
0.137722
-0.753705
0.034656
0.200351
-0.472924
0.355856
-0.126495
-0.405430
0.127915
1.297389
0.272313
-0.008031
-0.459317
-0.105249
0.441473
-0.869114
-0.636641
-0.038365
-0.603867
0.091867
1.481974
-0.530625
-0.864133
-0.027987
-0.008384
-0.599895
-0.497141
-0.346227
-0.098686
-0.124818
0.132307
0.399434
-0.787982
-0.460702
-0.480045
-0.907221
-0.394689
-0.725347
0.260028
0.330959
-0.313501
0.404462
-0.213066
-0.707071
-0.403945
0.337393
0.318504
0.544898
0.363552
0.607799
-0.340862
0.579022
-0.617592
-0.274250
0.037515
-0.521857
-0.083122
0.795534
-0.402072
-0.235997
-0.264157
-0.733392
0.768292
-0.672569
-0.095621
-0.506863
0.120455
-0.407575
0.573880
-0.890915
-0.085581
-0.420814
-0.144218
0.976537
-0.660242
0.346015
0.437974
-0.042286
0.500750
0.566722
-0.195238
0.974901
-0.664499
0.721597
-0.777107
-0.240828
0.314979
-0.176136
-0.218804
-0.640971
0.561479
1.227429
0.221422
0.856034
-0.540580
-0.101847
0.492338
-0.193176
-0.375138
-0.692420
-0.690636
0.672685
-0.642167
0.323854
-0.479454
-0.651753
-0.307789
-0.164120
-0.407490
-0.645689
0.567890
-0.526788
0.321602
-0.708244
0.786482
1.092672
-0.539244
0.130293
-0.145786
0.612166
2.096628
-0.441219
1.558246
0.503170
3.432290
2.272531
0.323592
0.057802
-0.383439
0.329456
-0.831289
-0.351037
0.223772
0.832966
-0.399091
1.700796
0.709617
0.284245
-0.553842
-0.344255
0.225938
-0.435737
0.012990
-0.629674
0.645364
1.777394
-0.257986
-0.593081
0.533015
-0.043175
0.286419
-0.598881
0.082577
-0.739146
-0.090494
-0.727936
-0.863189
0.536686
-0.496391
0.472715
-0.150866
1.151294
-0.141410
-0.447692
0.535941
-0.539834
0.641000
-0.446273
0.383886
-0.793520
0.541146
-0.329258
-0.287920
-0.073703
-0.325159
-0.173745
-0.035959
-0.722083
-0.681592
-0.326757
1.699222
-0.806143
-0.834155
1.373575
-0.644562
-0.471002
0.732755
0.569075
-0.326292
-0.775757
-0.694017
-0.555352
-0.663561
0.022398
-0.888965
0.793846
0.049838
-0.569826
-0.689585
0.068484
-0.794689
-0.294815
-0.707162
-0.179331
-0.722423
-0.494933
-0.857930
-0.501781
-0.670584
-0.837009
-0.455048
0.083909
-0.280491
-0.476737
-0.203874
-0.770662
-0.022941
0.155943
0.122975
-0.229227
-0.342330
-0.142785
0.920198
-0.244067
0.444533
0.717741
1.146711
0.739326
-0.548326
0.150071
0.524645
-0.635038
-0.143302
-0.524560
0.555419
-0.437137
-0.076530
-0.506008
0.216534
-0.370768
-0.148355
-0.019715
-0.204731
1.010357
2.668861
2.120552
0.902823
1.276362
0.321159
0.661267
-0.278610
-0.354313
-0.754355
0.052961
-0.180037
-0.504093
-0.200883
0.012624
0.149434
-0.660657
-0.211413
-0.900080
-0.783840
-0.596026
-0.610928
-0.886180
0.635355
-0.260281
0.308035
0.412552
-0.124685
-0.174014
0.466906
-0.288847
-0.114561
-0.484138
-0.588704
1.525526
0.104476
0.095632
-0.124913
0.043136
0.848853
-0.691462
-0.192250
0.240621
-0.790911
-0.336719
0.136907
-0.468857
0.801600
-0.521051
0.736621
-0.353407
0.531086
1.389064
-0.607745
-0.529333
-0.084425
-0.927653
-0.181733
-0.250656
3.197994
0.579196
2.245004
3.232790
1.959355
0.132748
-0.794706
-0.611969
-0.128840
-0.277665
-0.702603
-0.371432
-0.142687
2.346507
0.424308
0.035432
1.282542
-0.706643
-0.024952
0.230574
-0.802178
0.696500
-0.894063
-0.610580
0.160600
-0.445127
0.013149
-0.212019
0.083324
0.233305
-0.908400
-0.013610
-0.415847
1.479678
-0.626626
-0.673465
-0.548746
1.890606
0.680223
-0.709349
0.321974
-0.211529
-0.544744
0.111071
1.160679
1.057113
-0.507380
-0.381154
0.567377
-0.580756
1.131778
-0.316763
0.580875
0.041386
-0.368436
0.194852
0.371693
-0.622740
-0.822343
-0.473310
0.915305
0.059472
0.483142
0.642368
-0.467884
0.629810
-0.620522
-0.724171
0.151817
-0.059186
-0.763374
0.309528
-0.556631
0.160780
0.097607
-0.660661
0.494308
-0.302496
-0.285318
-0.611598
-0.461862
-0.528112
-0.711296
-0.269430
-0.048769
-0.551302
0.024789
1.051204
0.502525
-0.796926
-0.582032
-0.385113
-0.186685
-0.073517
-0.877474
-0.951670
-0.593579
-0.375293
-0.595871
-0.243092
-0.534559
-0.433381
0.340075
-0.753199
0.671261
-0.835386
-0.927041
-0.524419
-0.664377
0.687015
0.798281
-0.893844
-0.806010
-0.840117
-0.679765
-0.285914
0.442935
0.963753
0.444314
-0.495870
0.262774
-0.814077
-0.224866
1.649206
-0.475432
-0.579817
-0.657135
0.283076
-0.129951
-0.462133
0.160303
-0.776118
1.838765
-0.773707
0.056215
0.277304
-0.594494
0.532024
1.193065
-0.491300
0.365600
-0.423008
-0.321988
-0.567760
-0.766891
-0.652521
-0.043278
2.314942
2.076490
-0.183210
-0.417072
0.409771
-0.705261
0.450156
0.244478
-0.792788
-0.105596
2.041010
-0.459868
0.106867
0.169747
0.565584
-0.156559
0.099462
-0.327262
-0.883770
-0.554527
-0.712450
-0.163844
0.148463
0.984121
-0.776049
0.324663
0.444602
-0.003877
0.590941
0.718330
1.005427
1.057560
-0.061920
1.293115
0.071997
1.580512
4.163097
0.508013
1.362028
-0.223076
0.654477
-0.715102
-0.688541
-0.201406
-0.560760
-0.800534
-0.647222
0.536673
0.153092
1.909992
-0.233466
-0.064538
-0.811674
-0.204743
-0.763708
0.496259
0.668322
0.740802
0.551612
-0.631964
-0.683619
0.044332
-0.781373
-0.004234
0.178163
-0.889463
-0.955975
-0.574116
-0.118002
0.280996
-0.593235
-0.503064
0.779081
-0.250523
0.154752
0.846398
-0.490932
-0.143009
0.091697
0.525811
-0.589552
-0.627333
-0.214397
1.271808
0.498817
-0.621175
-0.554170
1.327013
-0.191536
-0.822437
0.770931
-0.694958
0.333454
0.621442
-0.078847
1.059356
1.467025
-0.620117
-0.722931
-0.186487
-0.435403
0.960889
-0.031978
-0.620022
-0.273240
0.275314
-0.066977
-0.259396
-0.360495
-0.577917
0.693407
0.456094
-0.431533
-0.363327
0.387625
-0.413577
0.769461
-0.702058
-0.408548
0.382776
-0.648265
-0.656720
0.366163
-0.794451
-0.149112
-0.092913
-0.473205
-0.147619
-0.295572
-0.368558
-0.612338
-0.903603
-0.538528
-0.154439
-0.334194
0.588782
0.307694
0.019612
-0.533514
-0.617393
-0.646424
-0.203726
-0.255492
0.539166
0.271299
-0.283685
-0.628977
-0.475814
-0.120904
-0.838315
0.315871
-0.158195
-0.662175
0.675152
0.618109
-0.136560
-0.776174
0.915093
0.393324
0.587677
0.352437
-0.258344
-0.705950
0.594601
-0.005833
0.337257
0.956893
0.173001
-0.765432
0.909789
-0.927039
0.768430
-0.457036
-0.501972
-0.588398
-0.379403
-0.262171
-0.845744
-0.834278
0.336825
0.173804
0.595667
-0.807096
-0.168807
1.185827
0.109220
-0.068387
-0.538166
0.409860
0.582691
-0.543690
-0.678492
-0.787592
-0.786232
1.827629
-0.640218
-0.116611
0.454035
1.571484
-0.924054
-0.008267
-0.585232
0.193457
1.246972
0.119269
0.094341
-0.948868
-0.794160
-0.302957
0.108859
0.921872
1.038888
-0.674864
-0.571210
1.699940
3.123228
-0.794735
1.840582
-0.472721
1.830472
0.740310
-0.014300
-0.789702
-0.347385
0.002739
0.181085
-0.806505
0.006104
-0.336587
0.291188
-0.432411
-0.280829
-0.609442
0.514113
-0.035569
-0.165049
2.003782
-0.838458
-0.500752
-0.833044
-0.365237
-0.789620
0.212182
0.221146
-0.377595
0.748333
-0.706072
0.072278
0.931794
-0.471894
-0.917500
0.280917
-0.576360
0.084172
-0.474611
0.056560
-0.289940
-0.678063
-0.628725
-0.192196
1.121868
-0.741556
-0.339555
1.196462
-0.603665
-0.430640
1.146161
0.191915
0.510242
0.302584
0.284250
-0.779647
-0.306574
0.205260
1.024833
-0.603790
-0.687393
-0.420329
-0.230401
-0.231868
0.339332
-0.372338
0.730412
-0.185617
0.283283
0.183457
-0.182192
0.548430
0.110666
-0.087558
-0.786500
0.427487
-0.809959
-0.558495
-0.475642
-0.455113
-0.394197
-0.468414
0.010626
0.703108
1.274139
-0.809926
-0.503871
-0.509342
-0.011607
-0.540645
-0.117975
-0.409695
-0.349955
0.878866
-0.536789
-0.706559
-0.383490
0.132796
-0.081449
0.986210
0.356077
1.610898
-0.397795
0.433675
-0.079988
1.769310
-0.130231
1.294373
0.088404
0.074492
0.767388
-0.272321
0.336339
0.552229
-0.387211
0.579077
0.267697
-0.775153
-0.781839
0.185852
-0.427843
0.887971
1.099825
0.273953
0.060853
0.731102
0.627054
-0.743079
0.304109
-0.422012
-0.410873
-0.852941
0.534081
0.008114
-0.854052
-0.220845
-0.810495
-0.595557
-0.821627
-0.614221
-0.491251
0.172001
-0.261709
-0.829003
1.032701
-0.820223
-0.688072
-0.828354
-0.135291
-0.271822
-0.133100
-0.096822
-0.440808
0.036447
1.302293
1.227778
1.121712
0.187788
-0.154860
0.463997
-0.478416
0.876687
0.227430
0.088378
1.430281
-0.436929
0.684605
0.303582
-0.265649
1.383438
-0.359473
-0.727896
0.881126
-0.696596
-0.607112
1.644139
2.034592
2.333569
1.370120
0.364306
-0.692483
0.001034
-0.391318
-0.689170
0.512605
0.184721
0.426176
-0.349199
-0.435330
-0.070896
1.077730
1.260161
-0.254162
0.245299
-0.318903
-0.457669
0.011994
-0.458564
-0.206542
-0.324722
0.045038
-0.328765
-0.438092
0.222570
-0.133740
-0.172614
-0.697693
-0.774871
-0.819044
-0.516296
0.242035
-0.803158
-0.754966
0.436790
-0.301728
0.064880
-0.759104
0.635483
0.118521
-0.722138
-0.303139
-0.573518
1.189165
-0.513479
-0.857125
0.534659
-0.540063
-0.633876
0.141798
-0.822619
1.295000
-0.239593
0.942705
-0.143891
-0.667650
0.068437
-0.485891
-0.247031
2.532097
-0.447753
-0.773592
0.555594
-0.098443
-0.606613
-0.835325
-0.556053
0.331249
2.138992
-0.725856
2.021045
0.760676
-0.457282
-0.579735
-0.225780
-0.408197
-0.525336
-0.040402
-0.953603
0.614158
-0.573035
1.009902
-0.456373
0.313751
-0.878916
-0.458388
-0.642766
-0.320037
-0.535483
-0.500370
-0.899686
-0.326719
0.422320
0.846466
-0.881076
-0.767768
0.051175
-0.171021
0.615474
-0.340658
-0.367627
-0.268343
0.866682
-0.112595
-0.017812
-0.916492
0.399805
0.062980
-0.523016
1.080814
-0.657644
0.403422
0.773630
-0.479919
0.424358
-0.651268
-0.314966
0.258921
-0.705464
-0.930681
-0.476276
-0.102924
0.568313
-0.630026
-0.770784
-0.608379
-0.278273
1.342196
-0.635702
0.329096
-0.068022
-0.099345
-0.415372
-0.463533
-0.527789
-0.462451
-0.795990
0.045860
0.500124
-0.753093
-0.495910
0.738461
-0.460493
-0.252815
-0.720397
-0.845438
0.281264
-0.084422
0.035033
-0.579713
0.972839
0.068877
-0.097174
0.753307
-0.120215
-0.482550
-0.563378
1.648945
0.621084
-0.618911
0.671682
0.313561
-0.778068
-0.723137
-0.301908
0.542170
1.301582
-0.716096
-0.088974
2.335298
0.694880
-0.246039
2.758609
0.037817
1.894860
0.983268
3.448349
0.331117
0.614238
-0.611526
-0.517079
-0.083201
-0.079736
-0.573746
0.271810
-0.806632
-0.055189
0.776809
-0.398317
0.499636
-0.438039
-0.125554
0.406997
-0.188292
-0.325170
-0.664913
1.615946
-0.651445
-0.372475
-0.763376
-0.490641
0.152090
1.666419
-0.275669
0.147236
-0.133016
0.935472
-0.210915
-0.068831
-0.285032
0.112067
-0.533118
-0.672337
0.997206
0.399970
-0.620561
-0.345196
-0.193611
0.098114
0.116182
0.583881
-0.961088
-0.403287
-0.213052
1.531301
-0.178498
0.809725
-0.177595
1.306152
-0.745040
0.725528
-0.053131
-0.725241
-0.549827
-0.561504
-0.310748
-0.305366
1.338724
-0.280253
0.883216
0.975036
0.508856
-0.768843
0.126551
-0.324772
-0.035461
-0.159687
-0.287368
-0.905438
-0.684983
-0.537967
-0.810636
0.766659
1.153020
0.229260
-0.491775
-0.413808
-0.287031
-0.095468
-0.871127
-0.803595
-0.779898
0.866636
-0.091682
1.061144
-0.386330
1.807731
0.722083
-0.442021
-0.583591
-0.107770
-0.713713
-0.272614
-0.316874
-0.198200
1.012587
-0.384283
0.182856
-0.231352
-0.393835
-0.230772
-0.580587
-0.050084
-0.444803
-0.181976
-0.842695
-0.372701
0.114774
-0.154821
-0.303490
-0.417788
-0.151518
-0.345575
0.179063
0.143255
0.115483
-0.201045
0.888633
-0.683979
-0.178303
-0.307182
0.051316
-0.663699
0.169548
0.431836
0.822732
0.420378
0.861718
-0.204311
-0.276897
-0.068200
-0.445864
-0.575883
-0.520670
2.065443
0.844805
0.066960
0.386375
0.003504
-0.288661
0.563470
-0.315000
-0.375495
-0.228113
0.626559
0.490280
0.422507
-0.741453
-0.452517
-0.481722
-0.020055
-0.600674
-0.717643
-0.222993
-0.576189
-0.887154
0.900755
0.037841
0.510294
-0.594166
-0.710381
1.674749
0.104877
-0.373471
0.290424
0.514932
0.660688
0.034633
0.661543
0.731631
1.840650
1.004829
1.255969
2.524751
1.167880
2.419153
-0.354148
0.339221
1.128513
-0.483323
1.296432
-0.444334
-0.631346
0.310731
-0.612107
1.405365
-0.004066
0.759665
-0.666965
-0.641221
0.190083
0.000696
-0.535128
-0.035374
-0.163993
-0.393597
-0.226697
-0.479440
-0.368641
0.877125
-0.898078
-0.293153
-0.619390
-0.650169
-0.236202
-0.353118
0.639764
-0.676888
-0.221139
-0.210360
-0.612270
-0.094519
1.474523
-0.945655
1.271521
-0.253943
-0.277206
-0.583749
0.525212
-0.104370
1.220541
-0.788508
-0.606797
0.581869
-0.823587
-0.381679
0.659848
0.654237
-0.584517
0.452274
-0.442757
-0.188888
0.038894
-0.564315
0.053597
-0.581138
0.627605
0.034078
1.817845
0.139251
-0.552678
-0.573138
0.094569
-0.727287
-0.489905
-0.081207
-0.449270
-0.502931
1.095038
-0.063049
0.568079
1.348985
-0.886748
-0.510812
0.213658
-0.413395
-0.014614
-0.578501
-0.418086
-0.461497
-0.827309
-0.164611
-0.141070
0.376548
0.541704
-0.738303
-0.686894
0.690312
0.433998
-0.069779
-0.798626
-0.663317
-0.607207
-0.683402
0.177804
-0.582714
-0.760401
-0.243347
-0.152678
-0.614121
-0.408776
-0.371178
-0.549221
0.089111
-0.715892
-0.846490
-0.754320
0.194294
-0.183585
-0.733977
-0.482746
1.300038
-0.095578
0.269942
-0.543822
1.269701
-0.759781
0.161931
0.105871
-0.597611
-0.136644
-0.257323
-0.596462
0.711459
0.017946
-0.568661
0.822472
2.156315
-0.549730
-0.703715
-0.677833
-0.402819
-0.608814
-0.834483
-0.840061
-0.798596
0.463393
0.408035
0.112619
0.394126
0.228683
1.582744
-0.401369
0.226169
0.735718
-0.771346
-0.139775
0.800278
0.984381
-0.069482
-0.558409
-0.472187
-0.312413
0.319603
-0.812712
0.701111
0.152575
0.326934
1.126612
-0.623941
-0.665890
-0.233439
1.076655
0.858695
1.425599
-0.899599
0.077289
1.205354
-0.422555
0.354345
0.915590
-0.360476
-0.566235
0.973849
1.077929
3.566963
2.222174
2.740539
-0.487745
0.077058
-0.610173
0.542246
1.064846
-0.694114
-0.238697
0.688396
-0.774991
0.967662
0.842284
-0.164288
-0.777370
-0.457772
0.219661
-0.392348
0.081708
0.305115
-0.537260
0.539817
0.961528
-0.263001
-0.622627
-0.606836
-0.430447
0.072741
-0.554807
0.467302
-0.308553
-0.945011
-0.710075
0.549164
-0.527316
1.358861
-0.144114
-0.483630
1.258602
0.043008
-0.266088
-0.114607
0.356844
1.150953
1.012282
-0.565594
-0.199456
-0.269400
0.399978
0.786588
-0.542819
0.167756
0.043855
-0.097012
-0.295072
0.219440
-0.733067
1.875977
-0.459017
0.354667
-0.601376
0.045151
0.034164
-0.633717
-0.089678
-0.032643
-0.672459
0.301809
0.255259
-0.519083
-0.599997
-0.731346
-0.384346
-0.781173
-0.582609
0.328689
-0.849027
-0.305664
-0.074566
-0.549714
-0.191305
0.197925
-0.809270
-0.225052
0.208379
-0.594003
0.707657
0.543276
0.842032
0.834798
-0.632359
-0.779720
-0.663693
-0.225231
0.876915
-0.551807
0.539686
-0.669322
-0.529889
-0.477338
-0.210916
0.414458
-0.598308
-0.580628
-0.444879
-0.716023
-0.539263
0.396315
0.551911
-0.633095
-0.353603
0.229023
-0.563356
-0.307746
0.459569
-0.504627
-0.202814
0.197155
0.381241
0.393723
-0.389671
-0.420620
-0.329911
-0.623535
1.486562
-0.763148
-0.223559
-0.558183
-0.658933
-0.295332
0.481408
-0.606978
-0.314573
-0.254991
-0.540338
-0.557489
0.232902
0.897052
-0.219849
-0.604261
0.118701
0.998094
-0.241931
-0.105444
0.864256
-0.481811
-0.205615
0.270797
-0.064011
-0.182629
0.170808
-0.387127
-0.166087
-0.004380
-0.189483
-0.566187
0.284129
0.671949
-0.688061
-0.234623
-0.138204
0.032183
-0.414944
0.020779
-0.518486
1.032723
-0.182134
-0.760904
-0.754416
0.933962
-0.891058
0.315043
-0.223636
1.075689
1.231875
-0.343826
0.120148
0.556344
-0.202093
3.813906
1.028230
3.808753
1.086755
2.674166
-0.461797
0.132510
-0.506973
-0.489478
0.191900
-0.127798
0.976669
-0.023698
0.377520
-0.172745
-0.072934
0.766840
-0.481018
-0.559058
-0.672416
0.200499
-0.813100
0.415970
-0.222993
0.419774
-0.681711
0.115469
-0.528630
-0.599855
-0.409293
0.415467
0.572440
-0.093924
1.520037
-0.390627
-0.525808
0.437629
0.638022
0.264043
1.553497
0.684701
-0.030183
0.212988
0.813367
0.148273
0.190870
0.943956
0.239375
1.060610
0.915157
0.170472
-0.242470
0.431143
0.055936
0.242208
-0.527114
0.084921
1.010234
-0.196198
-0.592096
0.203017
-0.719053
0.445427
-0.117752
1.112579
-0.863907
-0.346617
0.096174
-0.590921
-0.873442
-0.091835
0.163880
-0.143514
-0.574262
-0.662373
-0.504561
-0.726389
-0.392557
-0.407148
-0.203631
-0.376077
-0.629386
-0.052112
-0.729232
0.981188
-0.225428
-0.501452
-0.077892
-0.433199
-0.879868
-0.299498
-0.024031
-0.181042
-0.458839
-0.073204
-0.574083
0.249875
1.453530
-0.185846
-0.361598
-0.508630
-0.244082
-0.096103
0.602752
-0.124060
0.500563
-0.342070
-0.347298
0.484650
-0.901134
-0.556836
-0.524384
-0.572535
-0.397120
-0.578143
0.330356
-0.011590
0.627302
-0.374305
-0.192855
-0.562757
-0.761681
-0.459344
-0.339854
-0.354997
0.220877
0.590677
0.530862
0.019313
-0.027380
1.032640
-0.778705
-0.019274
-0.298049
0.346338
-0.203810
-0.494538
-0.747967
-0.639045
-0.297631
-0.755142
-0.375094
0.927924
-0.858905
-0.861928
0.778226
1.553739
0.009514
0.815334
-0.523817
-0.826806
2.142312
-0.136798
-0.911485
0.053661
0.486212
-0.877161
0.377539
0.989242
-0.655649
-0.946849
2.017221
-0.096500
1.499626
-0.634928
0.382239
-0.363257
-0.375858
1.237709
-0.648939
0.881764
-0.428930
0.364464
2.004832
-0.594244
0.820854
1.526323
5.414782
