0.000000
-0.526862
-0.677313
-0.736232
-0.790723
-0.850866
-0.864024
-0.832412
-0.769686
-0.825587
-0.847385
-0.908584
-0.774796
-0.959965
-0.846544
-0.642722
-0.853462
-0.595653
-0.568691
-0.720946
-0.790007
-0.795004
-0.502838
-0.540469
-0.626533
-0.772552
-0.517822
-0.490044
-0.294110
-0.610331
-0.599904
-0.582191
-0.605650
-0.651406
-0.732415
-0.825555
-0.685547
-0.822876
-0.699824
-0.704624
-0.729383
-0.689385
-0.697630
-0.669697
-0.551270
-0.676275
-0.596270
-0.909213
-0.745296
-0.959889
-0.887840
-0.920528
-0.835125
-0.858147
-0.932815
-0.820148
-0.641480
-0.903234
-0.641820
-0.856266
-0.258604
-0.527947
-0.337541
-0.931655
-0.899990
-0.706020
-0.484720
-0.496634
-0.707990
-0.340158
-0.614935
-0.515044
-0.321837
-0.712700
-0.948383
-0.347591
-0.587853
0.376524
-0.031622
-0.375037
-0.053447
-0.310529
0.441884
-0.416518
-0.300843
-0.484135
-0.613763
-0.403236
-0.315640
-0.416149
0.053143
-0.146905
0.999608
0.284346
0.507289
0.087377
-0.416456
0.240287
0.639441
-0.796748
0.934183
-0.022225
0.783788
-0.465872
-0.539161
0.447459
0.576108
-0.579234
-0.660682
-0.691447
-0.775398
0.018804
-0.538329
-0.559953
-0.373341
-0.011172
0.069164
-0.686263
0.728639
1.374819
2.423993
2.164008
2.297954
1.296901
1.289754
0.371923
0.051740
-0.480388
0.579670
0.431778
-0.328957
1.408696
0.575753
0.523395
0.858467
0.855376
1.583092
0.731567
0.650053
0.579970
0.623402
0.971377
0.558544
0.344402
1.185393
0.334178
1.193343
0.485187
0.502572
1.496986
0.421829
0.433780
-0.062298
-0.337255
-0.168944
-0.315476
-0.525892
0.114492
-0.466183
0.287731
-0.039345
-0.479352
-0.284601
-0.011759
-0.178161
-0.452973
-0.751092
0.130003
-0.222420
-0.127488
-0.166147
-0.336958
0.234733
-0.270077
-0.459903
-0.412892
0.211329
0.111527
-0.410374
-0.340233
0.017342
0.000844
0.327934
-0.404741
-0.201315
-0.258906
0.106886
0.302024
0.116327
0.250021
-0.571734
-0.175735
-0.463589
-0.443764
-0.746309
-0.599230
0.147933
-0.741153
-0.483877
-0.662062
-0.729954
-0.518540
-0.706207
-0.354131
-0.148941
-0.288476
-0.743400
-0.877098
-0.427330
0.012792
-0.841291
-0.136462
-0.988902
0.045175
-0.663120
-0.775926
-0.790349
-0.214989
-0.585391
-0.077863
-0.605457
0.461605
-0.509293
-0.319584
-0.128685
0.307872
-0.684157
-0.724038
-0.414288
0.226378
0.226956
-0.912159
-0.835448
-0.492591
-0.688602
-0.601375
-0.512429
-0.431266
-0.318410
-0.417592
-0.174965
-0.788528
-0.488948
-0.658372
-0.143654
0.159074
0.183306
-0.320745
0.314577
-0.207255
0.928145
-0.478212
-0.253008
1.285543
-0.228721
0.677132
0.434027
3.249220
-0.326193
-0.686362
-0.799378
0.584028
1.141621
-0.042664
0.930110
0.517789
0.527448
0.515255
-0.132215
-0.269050
-0.333982
1.081089
1.069692
2.196751
2.057127
2.694246
2.958078
1.499724
0.604946
-0.047332
-0.136741
0.383083
-0.586099
1.084361
-0.053186
-0.701643
0.315321
-0.156015
1.762770
0.544788
-0.024579
0.739670
0.547917
0.176146
-0.269167
-0.349616
-0.135536
0.082908
-0.456502
-0.233866
-0.670215
-0.611984
0.502757
-0.672748
0.291342
-0.461434
-0.324270
-0.942372
-0.038632
-0.747257
-0.780277
-0.452488
0.140984
0.881433
-0.377514
-0.404797
-0.383728
0.569585
0.400775
-0.272156
0.543699
-0.272418
0.550782
0.002995
-0.420156
0.729283
-0.153255
0.853717
-0.182951
0.119404
-0.156677
0.695880
0.558946
0.302872
0.146838
0.002825
-0.292072
-0.063630
0.502106
1.440680
-0.565783
-0.159308
0.145246
-0.320448
0.101264
-0.641641
-0.222508
-0.733064
0.722434
-0.034588
-0.634585
-0.211675
0.263492
-0.240400
-0.282241
-0.420758
-0.812498
-0.761749
-0.742697
-0.384930
-0.514720
-0.177783
-0.107494
-0.261012
-0.508886
-0.367760
-0.079406
-0.221938
-0.360673
-0.544863
-0.377669
-0.204074
0.492057
-0.231099
-0.601424
-0.084342
-0.571590
0.038661
-0.803313
-0.276905
0.422798
-0.558025
-0.167584
-0.802310
0.512462
0.364308
-0.431991
-0.109640
-0.125253
-0.619733
-0.074289
-0.472249
-0.690534
0.382169
-0.497373
1.010099
-0.289437
0.369134
-0.573933
-0.622345
-0.328468
0.463326
0.256283
2.303975
-0.464824
-0.765969
-0.777654
-0.534040
1.064501
-0.294680
-0.173303
0.113394
0.540935
-0.757727
0.737949
0.013309
0.217307
-0.398254
-0.132717
0.008517
-0.192563
0.290113
-0.289001
-0.110398
0.411603
-0.653331
2.239304
2.024108
3.448752
2.118270
1.057886
1.780816
0.534324
0.307162
-0.089793
0.067778
-0.161898
-0.343326
-0.043071
-0.137453
0.866442
-0.638585
0.292803
1.002152
0.178464
0.640585
-0.354307
0.037651
1.149338
0.083029
-0.562331
-0.606871
0.424885
-0.561907
0.048345
-0.590629
-0.905149
-0.501629
-0.724877
-0.576749
0.139461
-0.712680
-0.671901
-0.288129
-0.501680
-0.163444
-0.474323
-0.230914
-0.489809
-0.635414
-0.443273
-0.155635
0.490953
-0.117169
-0.384889
-0.118142
0.905877
0.025471
-0.872048
0.601620
1.075274
-0.339503
1.295740
-0.485156
0.725264
-0.294163
0.626792
1.092045
1.118615
-0.053185
-0.420314
0.424956
-0.264732
-0.561171
-0.911114
-0.712402
0.604386
-0.656726
-0.245708
-0.111281
-0.800764
-0.560044
-0.620219
-0.213631
-0.781389
-0.455194
-0.507688
-0.071170
0.169834
-0.655626
0.137550
-0.509025
-0.501962
-0.218357
0.031694
-0.251171
0.091024
0.221140
-0.443936
0.660222
-0.813336
-0.253093
-0.427715
-0.163102
0.218453
-0.592040
-0.108436
-0.823161
-0.250431
-0.085091
-0.468593
-0.460232
-0.648079
-0.257114
-0.095255
-0.647798
-0.623976
-0.515925
0.825212
-0.422843
-0.881338
0.275727
0.347767
0.133325
-0.491692
-0.231843
-0.516684
-0.308936
0.637370
-0.461742
-0.562887
0.935272
-0.007563
0.554953
-0.394150
-0.602138
2.682980
-0.380370
0.685916
0.370412
-0.197651
0.666477
-0.539596
-0.602528
-0.813791
0.987384
0.359112
-0.393302
0.026999
2.337207
0.239846
0.703189
0.429832
-0.082105
2.038432
0.797938
1.583887
1.775748
2.658667
3.383821
2.183902
1.348168
0.762924
0.296305
0.443120
0.548639
0.839262
1.083175
-0.070453
0.569323
-0.033629
1.231282
0.470998
0.174269
0.298542
0.512037
0.589724
0.186632
-0.579520
-0.579116
-0.165131
-0.471792
-0.249525
-0.339867
0.131363
-0.560457
-0.669906
-0.814794
-0.458230
-0.698354
-0.253861
-0.151474
-0.740725
-0.242491
0.072132
-0.157500
-0.183421
-0.255002
-0.341178
0.167751
-0.490004
-0.693456
-0.403690
-0.323916
-0.280997
0.122144
-0.072929
-0.558219
-0.726877
-0.024119
0.144649
-0.578650
-0.307654
-0.439710
0.184741
-0.006317
-0.219602
-0.400616
0.372406
-0.285006
1.119226
0.057595
0.460870
-0.619269
-0.206759
-0.970330
-0.628964
0.188422
-0.846158
-0.736784
-0.234233
-0.662626
-0.121399
-0.673422
-0.711347
0.087122
0.580715
-0.086349
0.024570
-0.336822
-0.011843
-0.748888
-0.385945
0.621290
0.107995
-0.388717
-0.626285
-0.381688
0.513057
-0.109034
-0.805128
-0.512099
1.172156
-0.720671
0.096585
-0.482239
-0.387060
-0.040905
-0.671495
-0.959468
-0.338449
-0.835788
-0.240454
-0.502832
-0.695012
-0.456458
-0.873652
-0.657046
0.266466
0.096877
-0.071816
-0.357342
-0.401343
-0.551223
0.087059
-0.274201
-0.506768
-0.514631
1.129377
0.419586
-0.407892
-0.774320
-0.112087
0.796137
-0.135192
-0.053933
-0.841468
0.071522
0.873224
-0.422571
-0.916681
2.580922
-0.334764
0.201987
0.183857
-0.087161
0.945496
-0.518438
0.158986
0.831903
2.109730
1.814342
0.220075
0.145420
0.057861
1.201356
2.909749
0.937092
1.703364
4.671388
3.084212
3.185043
0.469281
0.060427
0.593112
0.654969
0.170641
1.540246
0.962153
-0.051772
0.511392
0.302190
1.347229
0.170375
0.282458
0.308037
0.301588
0.358085
-0.264577
-0.324519
-0.621153
-0.209859
-0.771292
-0.723098
-0.648399
-0.251547
-0.566365
-0.154787
-0.537243
-0.327234
-0.135136
-0.625943
-0.081753
-0.167651
-0.322139
-0.429216
0.089714
-0.195439
-0.349806
-0.035677
-0.174857
0.640127
-0.649223
-0.035687
-0.368330
-0.164380
0.642993
-0.800621
-0.415040
0.585380
-0.326851
-0.081222
-0.577140
-0.164281
0.053305
0.669584
-0.597315
0.567835
-0.382963
0.172806
-0.567539
-0.447710
-0.411317
0.793337
-0.441434
0.940864
0.158359
-0.657610
-0.732810
-0.399127
-0.158120
-0.469166
-0.599775
-0.482389
-0.614297
-0.259902
-0.381878
-0.927370
-0.579299
-0.060709
-0.395147
-0.295159
0.299257
0.518183
-0.809253
-0.651956
-0.788563
0.363247
0.222448
-0.467228
-0.634297
-0.630653
0.253533
-0.133393
0.317776
-0.364976
-0.657693
-0.083405
-0.140534
-0.471764
-0.831257
-0.579287
-0.541513
-0.544084
-0.400266
-0.419360
-0.321599
-0.557249
-0.469157
-0.289295
-0.376506
-0.771848
-0.413530
-0.238628
-0.078790
-0.629918
-0.028370
0.562776
-0.146256
-0.280310
0.291251
-0.209035
1.703440
0.340829
-0.734189
-0.019853
0.070553
0.290854
-0.494525
-0.534874
1.832540
0.505501
-0.528461
-0.312373
1.381549
0.446969
1.109380
-0.377439
-0.259211
-0.679278
-0.501290
1.074735
-0.385257
1.631019
-0.337364
1.565707
0.334339
-0.220480
1.251175
2.717063
3.667729
2.974906
3.501217
1.373189
0.866267
0.645534
0.414539
1.501914
0.752024
0.021984
0.458720
-0.057057
1.126699
0.146809
0.612738
0.509910
0.652355
0.567050
0.905229
-0.311645
-0.520536
-0.326707
-0.187115
-0.562603
-0.590657
-0.878861
-0.410708
-0.253855
0.246020
-0.107643
-0.255115
-0.252261
-0.257779
-0.350638
-0.712339
0.317448
-0.688024
0.655071
-0.574306
-0.359850
-0.329757
0.081626
-0.211987
0.074485
0.277802
0.139669
-0.061049
0.803814
-0.499060
-0.900794
-0.005010
-0.313142
-0.042995
-0.156624
-0.867822
0.183503
-0.271779
0.285244
-0.615769
-0.275726
0.333384
-0.480267
1.306104
-0.421510
0.043713
-0.714896
0.122434
-0.560188
0.482158
-0.845942
-0.705715
-0.383612
-0.162500
-0.088986
-0.761224
0.414505
-0.805273
-0.543486
0.017448
-0.235538
-0.298410
-0.676136
0.019569
-0.433057
0.312871
0.052526
-0.696230
-0.028282
-0.576022
-0.039791
1.262834
-0.830072
-0.653874
0.466784
-0.796916
-0.497631
-0.445453
-0.444850
-0.149997
-0.566314
-0.502748
-0.725009
-0.657214
-0.797574
0.179748
-0.351099
-0.609422
-0.791600
-0.676477
-0.529997
0.332697
-0.607324
-0.760746
-0.545208
0.343002
0.780418
0.379228
-0.367567
0.414880
0.017808
-0.164105
0.110379
0.071009
-0.576206
-0.605840
-0.513763
-0.166770
0.897248
0.007739
-0.390936
-0.089486
0.357113
0.288039
-0.850761
0.377254
0.856373
0.493202
-0.246665
-0.843949
0.486553
-0.131576
0.855927
-0.575399
0.086986
1.115844
0.556956
-0.722795
0.225081
0.627678
0.878335
3.550030
1.036665
3.098817
4.227180
3.067380
0.853886
1.011625
0.298044
0.199303
0.653458
1.586575
0.252716
0.146525
-0.063908
-0.225075
1.676169
0.659072
1.235453
0.109264
-0.423140
1.553701
-0.815517
0.397603
-0.433939
-0.152327
-0.287382
-0.844318
-0.702458
-0.105686
-0.060044
-0.154795
-0.668474
-0.928401
-0.002679
-0.483010
0.980747
-0.827473
-0.603528
-0.415903
-0.305297
0.572077
-0.558619
0.160015
0.310307
-0.178798
0.958523
-0.296352
-0.158319
-0.397529
0.538755
-0.075370
-0.153963
-0.366325
-0.065716
-0.245650
0.450430
-0.123835
-0.767970
0.996747
0.117449
-0.398719
0.493346
-0.575457
1.097024
0.340221
-0.225354
-0.480636
-0.569921
0.379609
-0.353650
0.804670
0.324618
-0.831222
-0.608320
-0.089385
0.009482
-0.874495
-0.347235
-0.294119
-0.478437
-0.437835
-0.661641
0.098184
0.264474
-0.072769
-0.745113
-0.634707
-0.611702
0.383622
-0.097373
-0.981464
-0.690724
-0.559980
0.150252
-0.306047
-0.369905
-0.676552
-0.286358
-0.414155
-0.467572
0.228469
-0.647686
0.187113
0.842339
-0.317123
-0.704579
0.291422
-0.298637
-0.546507
-0.436332
-0.990600
-0.134338
-0.240937
-0.388616
-0.057875
-0.737492
-0.605886
-0.444707
-0.142305
-0.607408
-0.649159
0.199067
-0.501567
-0.523818
-0.260441
0.573710
-0.365720
0.213715
-0.079282
-0.520277
0.872296
-0.356379
0.175531
-0.766337
-0.561800
2.294251
-0.287470
1.087309
-0.507305
0.431994
0.240151
0.365153
-0.588359
-0.401906
-0.083025
0.936142
-0.200786
-0.451308
1.273341
-0.252154
1.982652
-0.111026
1.807470
1.510226
3.577954
4.203387
1.890048
1.604165
-0.044403
0.237699
0.015420
1.762407
0.482389
0.615333
-0.133106
0.149600
1.257341
-0.010531
1.250915
0.142358
0.639981
0.435393
1.154418
-0.225815
0.392296
-0.428489
0.100718
-0.758556
-0.827187
-0.720517
-0.161704
0.558215
-0.625624
-0.560035
-0.465118
-0.257773
0.131275
-0.731972
-0.435569
-0.928453
0.544737
-0.553264
-0.023926
-0.582419
-0.471857
0.293858
0.105208
0.761543
-0.177032
0.145788
0.058262
0.512855
0.915644
-0.579942
0.174627
-0.136668
0.978498
0.218083
-0.770549
-0.150288
-0.214571
0.179020
0.803434
-0.454720
0.136957
0.112242
0.901258
0.236038
-0.305179
-0.151552
-0.050997
0.150614
0.021792
-0.001247
-0.320616
-0.522143
-0.427727
-0.596100
-0.297386
-0.457353
0.311108
-0.699652
-0.489816
-0.096366
-0.909423
-0.413912
-0.238048
-0.537785
-0.807435
-0.498553
-0.876921
-0.195849
-0.674191
-0.015530
-0.613861
-0.665500
-0.394114
-0.270216
-0.257820
0.045857
-0.373709
-0.412217
-0.240341
-0.214911
-0.189568
0.111185
-0.602116
-0.428733
-0.670041
-0.450207
0.102421
-0.252111
-0.454150
0.211714
-0.298971
-0.282140
-0.446806
-0.541371
-0.608707
-0.853298
-0.190969
0.115700
-0.093826
-0.534824
-0.317429
-0.556009
0.061850
-0.693218
0.373652
-0.459963
0.113432
-0.353799
-0.834368
0.488512
-0.417925
0.664966
-0.242813
-0.092147
-0.045336
1.911124
0.540235
-0.569402
0.163188
-0.114367
0.795374
-0.539849
-0.047039
-0.262761
0.257251
0.579087
0.798090
-0.638565
0.258976
0.795558
2.340557
1.750141
1.837848
3.531407
3.252097
2.288740
1.071812
-0.528670
-0.013854
0.389407
-0.036427
0.294230
1.023431
0.074113
0.950092
-0.030688
0.934819
0.242806
1.516021
0.962906
0.075251
-0.582800
0.367060
0.102784
0.031674
-0.654812
-0.609400
-0.878451
0.180989
-0.761552
0.494777
-0.565997
-0.617525
-0.360074
0.034000
-0.580817
-0.356554
-0.611744
-0.618285
1.548173
-0.203357
0.773866
-0.767050
-0.503804
0.962488
0.072976
0.667273
-0.626798
0.290197
0.660750
0.270121
0.458515
-0.638492
-0.030179
0.066027
0.276027
0.034248
-0.304490
-0.062904
-0.258750
0.531845
0.136821
-0.112244
-0.144060
-0.417710
0.153772
0.078587
0.511692
0.324117
0.404752
-0.341596
-0.302912
-0.007305
-0.325925
-0.278158
-0.630452
-0.900745
1.296147
-0.751609
-0.257530
-0.397313
-0.785546
-0.515862
-0.768395
-0.621088
-0.464087
-0.846043
-0.251954
0.270443
-0.717619
-0.368158
0.068628
-0.480782
-0.515178
-0.451999
-0.476121
-0.066393
0.021873
-0.537207
0.457535
-0.653646
-0.476882
-0.435407
-0.256050
0.152042
-0.847535
-0.496208
-0.298752
-0.516771
0.943704
-0.209099
-0.544332
-0.807669
-0.527305
0.183008
0.214223
-0.469934
-0.967788
-0.591749
-0.943256
-0.707392
0.213043
-0.761690
-0.653555
0.465964
0.304038
-0.710251
0.012486
-0.585364
0.496593
-0.096370
-0.549776
0.438163
-0.089619
-0.746791
-0.328935
1.565090
-0.698994
1.349681
0.591583
1.274799
1.149282
-0.735246
-0.130789
-0.581705
0.549488
0.462898
0.369176
-0.017768
-0.080650
0.045504
-0.621267
-0.804281
-0.205994
1.044078
0.758227
4.001836
2.140903
2.402479
2.878408
1.819097
1.440698
-0.081222
-0.160550
-0.280016
-0.618627
-0.577892
0.482421
-0.390423
0.692973
-0.809149
0.206353
0.687844
0.923424
0.944705
-0.375465
0.422842
0.970928
-0.535350
-0.635843
-0.035778
-0.421260
-0.150999
0.080280
-0.756011
0.117399
-0.536253
-0.677128
-0.673444
-0.655283
-0.766240
-0.634751
0.341210
-0.174195
-0.353136
0.216349
-0.717874
0.517141
-0.708530
-0.682363
0.739213
-0.647889
0.283162
-0.348795
-0.806009
0.921905
-0.500359
-0.460624
1.378629
-0.741729
1.645961
0.456251
0.293424
0.414756
0.596373
-0.058092
-0.369687
0.669297
1.267703
0.531303
0.050487
0.099287
-0.459682
-0.471684
0.463043
-0.411876
-0.571389
0.534713
-0.113251
-0.791042
-0.153775
-0.490250
-0.109892
-0.228848
-0.347493
-0.462849
-0.380431
-0.482683
-0.711865
-0.726674
-0.654646
-0.670289
-0.482408
-0.513498
0.422173
0.076015
-0.327356
-0.279543
-0.379791
0.628606
2.090625
-0.550341
-0.163029
-0.215531
-0.551611
0.132813
0.178614
-0.838431
-0.146074
-0.057233
-0.290815
-0.256075
-0.942594
-0.470795
-0.895248
-0.205968
-0.758291
-0.214839
-0.582336
-0.486873
-0.530192
-0.677973
-0.433210
0.187511
-0.632219
0.174991
-0.768643
-0.235279
1.080948
-0.679328
0.557830
0.324082
0.194904
-0.368411
0.513351
-0.655033
1.151671
-0.700964
0.824650
0.409346
0.350482
0.970753
0.574159
0.164595
-0.621668
-0.637509
0.308671
-0.450868
0.771902
-0.367317
1.501700
-0.335802
0.526407
0.946480
-0.049500
-0.133789
1.084541
2.678243
3.634900
2.008081
2.521935
1.815298
1.738996
0.448217
0.227020
0.837658
0.291990
0.242510
0.102099
0.424604
1.033730
-0.522026
0.778135
-0.631522
1.725349
0.146063
1.056274
-0.542479
0.218438
-0.216788
0.012232
-0.330908
0.142373
-0.205536
-0.045394
-0.600505
-0.355069
-0.671370
-0.054042
-0.513897
-0.552700
-0.832228
-0.058607
-0.817075
-0.185526
-0.096367
-0.280072
-0.611804
-0.692916
-0.349628
0.357582
-0.338553
-0.131395
0.017134
0.039780
0.431132
-0.833915
-0.573046
0.162677
-0.259241
0.848341
-0.374635
-0.354997
-0.009696
-0.040732
0.545482
-0.281788
-0.075607
0.525947
0.483058
-0.029689
1.206977
-0.498996
-0.321714
-0.055363
-0.931698
-0.791711
0.231400
-0.768336
-0.934129
-0.783828
-0.522575
0.275141
-0.647534
-0.963171
0.237304
-0.864026
-0.167098
-0.325956
-0.767313
-0.890398
-0.133730
-0.878429
-0.073337
-0.763581
-0.527737
0.018003
-0.364077
-0.558324
0.146234
2.046169
-0.774984
0.113551
-0.800733
-0.647781
0.944386
-0.297725
0.325528
-0.063821
-0.552014
0.682367
-0.684505
-0.213655
-0.627852
-0.508848
-0.709373
-0.747933
0.433654
0.633790
0.351764
-0.630468
0.031831
-0.082119
-0.323022
-0.657819
0.918855
0.119594
-0.166421
-0.332931
-0.314025
0.609549
0.535122
-0.600993
0.293237
1.787738
-0.260769
-0.692027
-0.341087
0.699166
0.643358
0.282565
-0.843333
0.422752
-0.102975
1.137860
0.700187
0.408103
-0.304480
1.653461
0.296715
-0.043405
0.783834
-0.057830
1.299887
1.481139
-0.177072
0.941055
0.306456
4.172938
1.751312
2.862283
2.200162
0.338179
0.674631
0.087426
0.561993
0.462473
1.402006
-0.245245
0.231716
0.407329
-0.065415
1.461112
-0.079022
0.368063
-0.211773
0.881014
1.177268
-0.582039
-0.491354
-0.559695
-0.267498
-0.598006
-0.533077
-0.592418
-0.427335
-0.203555
-0.629340
-0.685885
-0.565982
-0.745892
-0.711752
-0.556356
-0.610178
-0.550614
-0.489805
-0.460220
0.107759
-0.187194
-0.457267
-0.313802
-0.221313
0.757543
-0.720456
-0.155570
-0.670045
-0.000779
-0.180715
-0.262879
0.608191
-0.702589
-0.159567
0.207169
0.160002
0.019020
-0.696532
-0.003843
0.555674
0.398656
-0.683748
-0.344074
0.306622
0.225515
0.261859
0.238208
-0.714560
-0.150174
-0.938291
-0.924819
-0.852049
0.113922
-0.927325
-0.702641
-0.602805
-0.773132
0.626865
0.327006
-0.017817
-0.151621
-0.600238
-0.249953
-0.462712
-0.821159
0.204288
-0.652417
0.132052
-0.328493
-0.573507
-0.389778
-0.702614
-0.145243
0.186885
-0.246322
-0.675593
-0.782115
0.131831
-0.424954
-0.379668
-0.346554
-0.562652
1.069245
0.098048
0.007438
-0.717663
-0.475165
-0.121017
-0.493242
-0.628948
-0.811600
-0.961940
-0.630690
-0.823061
-0.219963
0.262575
-0.596622
0.719933
-0.254366
-0.498998
-0.407380
-0.058081
0.367452
0.273569
-0.261583
-0.311711
0.476201
1.441916
0.244598
-0.858459
0.586694
0.299433
1.452393
-0.691216
0.379898
0.291856
0.457833
-0.805544
0.394256
1.474705
-0.365803
0.177263
0.208516
1.499278
1.022205
1.008289
-0.351518
0.567062
-0.606660
2.510969
2.140180
1.134103
3.273792
3.112076
3.523249
1.821102
0.105623
0.327568
0.065454
0.715964
0.982375
0.655362
0.095736
-0.293975
0.593727
1.664905
0.392642
-0.227851
1.643755
-0.074053
1.404225
-0.434103
-0.449466
-0.511345
0.010196
0.134933
-0.363265
-0.553929
0.344333
0.201933
-0.102984
-0.364581
-0.306117
-0.175346
-0.543620
-0.766193
-0.413304
0.192813
-0.545076
-0.164975
-0.155419
-0.333020
1.283392
-0.138065
0.167742
-0.196773
-0.071576
0.743879
-0.210215
0.219687
-0.096337
0.006667
-0.548287
-0.593982
-0.228284
-0.347948
-0.642341
-0.599048
0.289706
-0.647185
0.766007
-0.527154
-0.276248
0.087456
-0.702428
0.090747
0.665998
-0.259432
0.383859
-0.004235
-0.186661
-0.694949
-0.447469
-0.916796
-0.744037
0.021445
-0.276687
-0.696337
-0.863315
-0.677991
0.342167
-0.696883
-0.664843
-0.095028
0.188052
-0.618996
-0.324920
-0.910386
-0.261021
-0.626819
-0.247916
-0.756304
-0.860334
0.016012
-0.783156
-0.101382
-0.955437
-0.036381
-0.449159
-0.695342
0.662160
0.172268
-0.202593
0.504488
-0.239637
-0.962883
-0.695841
0.128304
0.855306
-0.800441
-0.743299
0.248900
-0.510525
-0.040774
0.626122
0.379427
-0.309201
0.037505
0.972570
-0.124141
-0.619552
-0.198559
-0.304132
0.229502
0.208797
-0.633572
1.251891
-0.052864
-0.240176
-0.443302
0.953980
-0.442585
-0.381558
0.178903
1.886276
0.093030
-0.535314
0.308498
-0.042468
0.449049
-0.792430
-0.776155
0.570951
-0.124912
1.145801
-0.177652
-0.212453
0.089492
0.511754
0.090564
1.153843
0.589635
3.098351
3.138429
2.497520
3.297851
0.409163
2.473203
0.334963
-0.335808
0.699663
-0.290954
0.862938
0.085594
0.617453
0.129588
-0.538504
0.060628
1.390232
0.733309
0.633404
-0.304139
0.057109
0.308203
-0.153156
-0.477001
-0.910221
0.010791
-0.431354
-0.728780
-0.810557
0.637684
-0.849281
-0.121914
0.032657
-0.778250
-0.156106
-0.650593
-0.906996
-0.719626
0.303657
0.683196
0.027401
-0.308130
0.456950
-0.191660
-0.117855
0.063378
-0.473263
0.486740
-0.046544
0.208815
-0.582124
-0.534384
1.034661
-0.535667
0.410580
-0.779944
0.225532
0.115740
-0.299110
-0.052203
-0.271663
0.672877
1.016777
-0.165231
-0.210024
-0.107785
-0.362686
-0.430773
0.720664
1.349232
-0.676734
-0.348168
-0.724546
-0.814390
-0.322659
-0.149184
-0.164819
-0.001142
-0.280643
-0.684889
-0.725082
-0.329914
0.051073
-0.572005
-0.492079
-0.237912
-0.074723
-0.257961
-0.909778
-0.520807
-0.637097
-0.661726
-0.673316
-0.550608
-0.572770
-0.753893
-0.024316
0.176329
-0.074275
-0.724324
-0.342923
-0.611559
-0.201270
0.154654
0.363795
-0.643590
-0.668896
-0.184696
-0.263018
-0.548248
-0.893046
0.175499
-0.641949
-0.587842
-0.392719
-0.576773
0.508185
0.433731
-0.630218
-0.703040
-0.348684
-0.131867
0.755320
-0.493182
-0.363331
0.407373
0.203601
0.772554
-0.671387
-0.101492
0.597073
0.450602
0.092871
-0.598520
-0.911300
1.576111
-0.327271
0.050139
-0.379169
0.807424
0.886646
-0.858842
-0.365690
1.883530
-0.589664
-0.656863
-0.037329
-0.274367
2.094199
0.666773
-0.557756
0.961100
0.612546
3.297078
3.322254
2.436125
4.066959
0.273008
1.393379
-0.103829
0.419731
0.522137
0.008489
0.674166
0.208094
1.169346
0.412902
-0.319090
1.747328
0.295399
1.213779
0.360119
-0.073463
0.229977
-0.590357
0.509690
-0.780179
-0.906765
-0.766782
0.386922
-0.221680
-0.858448
0.101741
-0.438200
-0.665895
-0.780825
-0.696161
0.101072
0.600318
-0.600712
-0.554516
0.596288
-0.014752
-0.417608
-0.132641
0.447794
0.433805
0.246237
-0.473383
-0.403338
0.693693
0.167942
-0.021233
-0.667657
0.417694
0.109731
-0.358511
-0.290129
-0.338212
0.641317
-0.216590
-0.596250
-0.057599
0.286587
1.039892
-0.318476
-0.158451
-0.432099
0.412348
-0.221927
0.161344
0.217613
0.337769
-0.721087
0.339811
-0.685043
-0.767406
-0.519004
-0.441750
-0.371052
0.512523
-0.422402
-0.333063
0.193427
-0.639087
-0.343585
-0.251843
-0.628344
-0.429327
-0.788451
-0.359525
0.521449
-0.639549
-0.550703
-0.405108
-0.644386
0.562062
-0.351080
-0.541160
-0.182300
-0.542496
-0.415732
-0.536845
0.427413
-0.263027
-0.401900
0.382192
-0.136657
-0.259333
0.025818
-0.601463
0.168980
-0.523328
-0.810332
-0.784663
-0.800908
-0.704275
-0.957850
0.704724
-0.451787
-0.199844
-0.792862
-0.202011
0.201877
-0.101699
-0.385111
0.456525
-0.209231
0.364258
0.910115
-0.099491
-0.602078
-0.037619
0.965739
-0.094930
-0.231841
-0.860868
0.000609
1.089725
-0.830756
0.160250
-0.366467
0.498882
0.824993
0.731125
0.037859
0.176924
0.719769
0.799419
-0.216775
-0.673007
0.100275
-0.017841
0.887263
1.155846
-0.168894
3.569011
2.220063
4.640702
1.063053
2.113729
-0.184867
-0.346962
-0.525358
1.359467
0.349313
0.926883
0.241668
-0.556227
1.311129
0.476792
1.333150
-0.029749
0.452974
1.072906
-0.052848
0.699057
-0.831087
-0.720281
0.291840
-0.465325
-0.364780
-0.522909
-0.081219
-0.058536
-0.786140
-0.556981
-0.220288
-0.282438
0.631722
-0.913810
-0.617177
-0.160808
-0.083221
0.818386
-0.295208
0.892425
-0.502627
0.647855
0.177727
0.155751
0.237708
-0.223918
0.487946
0.280698
-0.060495
-0.061263
-0.571132
0.052373
-0.378827
0.972980
-0.741798
-0.092215
-0.245574
0.612016
-0.471757
0.196993
-0.528162
0.353338
0.919172
-0.208172
-0.504582
-0.062881
0.737518
-0.400554
0.070135
0.729164
-0.361882
-0.776006
-0.690785
-0.851333
0.125069
0.055816
-0.205794
-0.718930
-0.870970
-0.517531
0.355935
-0.075573
-0.271720
-0.744882
-0.832001
-0.810425
0.011927
0.311787
-0.549886
-0.561665
-0.172642
-0.572035
0.374832
-0.469465
0.586991
0.202069
-0.205980
-0.479044
-0.493114
-0.534744
-0.091505
-0.413307
0.042105
-0.321617
-0.659379
-0.761857
0.512738
-0.919077
-0.711376
-0.304202
-0.844794
-0.517130
-0.617365
-0.341962
0.428000
-0.873754
-0.747397
-0.822903
-0.699227
0.849571
-0.723216
-0.060533
-0.632021
0.028602
0.304176
-0.482323
-0.066082
-0.663570
-0.744493
-0.078052
-0.155333
0.843150
-0.705900
0.848172
-0.806641
-0.606547
1.923926
0.135835
0.802207
-0.286863
-0.648657
0.875490
-0.836738
0.335811
0.040307
1.729931
-0.420918
0.329871
0.324922
0.274307
-0.168754
0.939161
0.295428
1.044942
1.855953
4.053913
3.359269
2.658806
1.181700
-0.037886
-0.557868
-0.589744
1.091522
-0.399272
1.642023
-0.618945
0.244313
-0.340096
-0.129060
1.920568
0.433380
-0.182915
0.627579
-0.007444
1.408584
-0.903243
-0.347393
-0.620966
-0.403580
-0.015200
-0.031056
-0.268934
0.344398
-0.704744
0.430989
-0.015532
-0.732535
-0.619706
-0.405746
0.071645
-0.135847
-0.848567
0.143818
-0.885036
0.886841
-0.145193
-0.789499
0.469513
-0.184642
1.057703
-0.859107
-0.882789
0.358800
0.199308
0.514944
0.713024
-0.909706
0.377353
-0.554879
1.198863
0.237905
0.511000
0.288034
-0.014705
0.814393
-0.265889
0.221248
-0.557070
1.016442
-0.094133
1.078870
-0.970809
-0.126374
-0.504085
-0.701689
-0.343994
-0.051538
-0.257707
-0.614933
-0.694419
0.349430
-0.983921
-0.303950
-0.688581
0.398644
-0.429000
-0.493273
-0.639211
-0.739583
-0.848399
-0.280769
0.516925
-0.105750
-0.461565
0.148845
0.841281
-0.616088
-0.424818
-0.538489
-0.536467
0.284091
0.268953
-0.372322
0.212773
-0.324621
0.759262
-0.443535
-0.739351
-0.537630
-0.346847
-0.590172
-0.118180
-0.333794
-0.799017
-0.455549
-0.013745
0.125046
0.134318
-0.518610
0.569778
-0.105795
-0.677468
-0.723372
-0.379141
0.710649
0.575376
-0.852504
-0.835600
-0.671811
0.483761
0.238850
0.475892
0.080868
0.175301
0.832236
0.351368
-0.217480
-0.609462
0.337444
0.365649
0.115025
-0.051424
0.357639
1.619149
-0.620283
-0.205904
-0.464519
0.855445
0.146004
-0.548957
-0.964633
-0.416965
1.023163
0.176269
-0.447445
-0.720202
0.112031
1.824340
1.055340
1.588949
2.905091
2.181289
2.652500
-0.472189
-0.187916
0.343984
-0.614570
0.838994
-0.340050
0.050880
-0.766015
-0.669766
1.106117
-0.726113
1.533289
-0.655465
0.763460
1.327342
-0.066945
0.033311
0.058928
-0.244305
-0.107460
-0.370469
-0.488474
-0.640778
-0.453211
0.653785
-0.525057
-0.281342
-0.378106
-0.470994
0.280074
-0.185878
-0.582815
-0.639028
-0.171497
-0.262927
-0.597860
-0.717747
-0.860797
-0.273362
-0.561252
-0.611095
-0.917908
-0.681494
-0.091725
-0.196942
0.563932
-0.809963
0.696621
0.045887
0.356935
-0.290237
-0.562083
0.572706
-0.486851
0.153106
1.270591
1.397451
-0.337169
1.344534
-0.073361
-0.188192
-0.161800
-0.441551
-0.679207
-0.094244
-0.310674
-0.200038
-0.686286
-0.328290
-0.758341
-0.560942
-0.632848
0.117787
-0.487522
0.727738
1.105271
0.788604
1.562752
0.592509
-0.959714
-0.331136
-0.922483
-0.226569
0.767399
-0.150775
-0.382527
-0.374109
-0.382899
-0.684879
1.172625
-0.399918
0.143615
-0.340739
0.043592
-0.348925
-0.539966
-0.662796
0.571039
-0.453226
0.045973
0.003966
-0.302900
-0.729181
-0.588747
-0.866985
-0.296850
-0.164685
-0.290948
-0.394449
-0.155849
-0.607562
-0.001480
-0.798819
-0.428724
-0.880034
-0.022042
0.449613
-0.532889
-0.112064
-0.100056
2.818109
-0.436103
-0.496075
-0.056873
-0.328589
0.434404
1.090620
-0.719913
-0.958657
1.477858
-0.708669
1.878459
-0.617267
1.052706
0.240686
0.393014
-0.770302
0.082732
0.424633
0.424910
0.782931
0.820419
-0.215009
0.727430
0.562558
0.623966
0.748139
2.089154
2.501018
3.391454
2.905512
1.906879
-0.583382
0.718866
-0.165284
-0.004362
0.536762
1.126468
-0.277825
-0.366874
0.374473
0.950611
0.983520
-0.009644
-0.508546
1.395426
-0.232509
0.574938
-0.106202
-0.480301
-0.723479
-0.330279
-0.434108
0.460450
0.271749
0.463185
-0.710958
-0.450486
-0.775793
-0.191139
-0.042483
-0.832146
0.186847
-0.458177
-0.596111
-0.183492
-0.373197
-0.579390
-0.587204
0.165882
-0.380167
-0.391507
0.031037
-0.643761
-0.196954
0.436781
-0.145898
0.265835
-0.825226
-0.927121
0.855398
-0.941691
0.812873
-0.405693
-0.128057
0.801574
-0.526529
-0.215857
-0.122393
-0.038099
-0.261874
1.112023
-0.177657
0.354811
0.003153
-0.834668
0.278210
0.149952
-0.702765
-0.281183
-0.631782
-0.246910
0.627545
-0.642041
0.176903
0.080052
-0.494187
-0.454614
-0.644702
0.253643
0.489349
-0.514481
-0.141859
-0.077161
-0.783885
-0.002681
-0.785028
-0.079303
0.035912
-0.458873
0.113579
-0.518015
-0.622826
0.009790
-0.636492
0.918538
-0.586694
-0.370308
-0.579895
0.601521
-0.647144
-0.306251
-0.110814
0.143315
0.127781
0.298137
0.098267
0.160573
-0.517338
-0.501318
-0.560283
-0.028104
-0.844660
-0.074150
-0.277627
1.481078
-0.624067
-0.850837
-0.334544
-0.736043
0.276306
0.050902
0.675059
0.257573
-0.513103
1.010661
0.377170
-0.386184
-0.662283
-0.564249
1.596706
-0.230233
0.104680
-0.036273
-0.183427
0.839744
1.261517
-0.519465
0.987138
0.002599
1.081070
-0.245313
-0.223398
0.591391
0.815248
-0.565512
0.597418
0.669831
-0.133172
2.354399
2.136541
2.309805
2.542699
1.655790
2.088456
0.117022
0.302797
0.591436
0.214762
-0.041742
0.620234
-0.578088
0.619313
-0.692460
0.721969
0.075973
0.983697
0.986393
-0.077006
0.310764
-0.512766
0.152165
-0.869538
-0.521409
-0.436343
-0.702569
-0.594007
-0.656514
0.094458
-0.604035
-0.237868
-0.948373
0.379971
-0.837749
0.011761
-0.224749
-0.536011
0.792535
-0.725186
-0.102562
-0.241211
-0.459587
0.576850
-0.063511
-0.528702
-0.270678
-0.248119
0.925363
-0.381589
-0.454043
-0.220041
-0.313141
-0.210475
-0.158576
-0.510304
-0.121797
-0.400740
0.545881
-0.249067
0.356008
-0.407793
0.078381
0.541187
-0.483433
0.188521
0.015514
0.312748
-0.582932
1.147994
-0.741563
-0.028612
-0.549114
-0.625342
-0.749967
1.024177
-0.730048
-0.129031
-0.611455
-0.427595
0.462569
-0.566283
-0.209426
-0.298533
-0.391912
0.411307
-0.605536
-0.437833
0.208202
-0.527158
-0.585447
0.015592
-0.702735
0.848199
0.117795
0.100339
0.583567
-0.611876
-0.654705
-0.599720
-0.443137
0.861738
-0.637878
-0.212383
-0.596640
-0.378105
0.009181
-0.534209
0.141978
-0.180074
-0.879990
-0.808622
0.128238
0.932449
-0.326898
0.516003
1.591448
-0.579628
0.106340
-0.357885
-0.250832
0.353495
-0.589177
0.148956
-0.484197
-0.601310
0.423259
0.211409
-0.031994
0.131420
-0.455396
-0.060416
-0.529324
-0.046161
-0.025825
1.365641
-0.389255
0.085278
-0.488524
1.280197
0.698894
-0.631195
1.273385
-0.680505
0.316702
-0.705201
0.395921
-0.265539
0.098318
1.716035
-0.593570
-0.821350
-0.575669
-0.056966
2.172228
2.217200
1.880685
2.376321
3.447153
0.919087
0.379483
-0.928076
0.968347
-0.574700
-0.067462
-0.366790
0.896664
-0.506128
0.436646
-0.758559
0.598158
0.688040
1.281838
-0.211969
-0.326079
0.003674
-0.407339
-0.783452
0.016788
0.098763
-0.241876
-0.412770
-0.290685
-0.814916
-0.632811
-0.488146
1.169541
-0.064302
-0.207304
-0.544394
-0.498557
-0.273028
-0.056259
-0.177038
0.093910
-0.707240
0.259149
0.556123
-0.109159
-0.346648
-0.300516
0.568603
0.316495
-0.776894
0.095224
-0.883005
0.376469
0.240185
-0.509502
-0.341626
-0.681955
0.612992
-0.758894
0.625035
-0.606458
-0.802898
0.985097
0.107759
0.950535
-0.787423
-0.746838
-0.759858
0.712443
-0.192516
1.273518
-0.837477
0.255043
0.009081
0.254105
-0.870970
-0.352330
-0.737858
-0.500110
0.645301
-0.490516
-0.351056
-0.718909
-0.609889
-0.041024
-0.654465
-0.245074
-0.173852
-0.353582
-0.829937
-0.173032
-0.410864
-0.104659
-0.537230
-0.516434
-0.813198
-0.291228
-0.366057
-0.422455
0.051704
-0.353200
-0.162369
0.402070
-0.178021
-0.070867
0.049941
-0.490773
0.019383
0.082873
-0.487783
-0.530205
-0.914435
-0.001073
-0.910940
-0.527015
-0.881963
-0.455006
1.525113
-0.016107
-0.413074
0.124184
1.371702
0.709274
-0.309588
0.845832
0.426798
-0.416810
0.616593
-0.410043
0.463534
-0.288329
-0.444752
1.130468
-0.681978
0.718610
0.037640
1.545492
-0.795990
0.164990
0.281558
-0.876731
1.757460
0.579769
-0.242443
-0.280570
0.496755
0.122769
1.460564
0.081485
1.271360
0.961190
1.157599
0.380588
0.514630
2.038867
3.007498
2.862206
2.520402
1.927374
2.925623
0.337971
0.464632
0.320300
0.152222
-0.518166
0.768258
0.156588
1.332263
-0.185044
1.228364
0.706769
1.054128
0.814941
0.701118
0.139772
0.189771
0.129495
-0.559177
-0.700280
-0.697566
0.070202
-0.758086
-0.174382
-0.823281
-0.720237
-0.156988
-0.597145
-0.181494
-0.310624
-0.345725
-0.091337
-0.458655
-0.580767
-0.681451
0.445612
-0.314270
0.349760
-0.530464
0.004980
0.015310
0.088504
1.571880
-0.829697
0.596283
-0.015705
0.340941
0.731670
-0.786975
0.201064
-0.427857
0.202426
-0.046241
-0.225503
-0.320173
-0.110849
-0.105899
-0.400534
0.000817
-0.534396
0.037799
-0.776427
-0.749503
0.604303
0.052522
0.637045
-0.297164
0.709198
0.222555
-0.811248
-0.543129
-0.761336
-0.037997
0.770813
-0.299932
0.061532
-0.530431
-0.368629
0.466855
-0.730901
-0.875902
-0.153114
-0.288404
-0.385932
-0.672672
-0.411278
-0.414862
-0.233842
0.147866
-0.044950
-0.505545
0.301527
-0.521186
-0.046399
-0.730250
-0.707588
0.017097
-0.303626
-0.020214
-0.861555
-0.634467
0.658436
-0.791208
0.170381
-0.796809
-0.338301
-0.251905
-0.246937
-0.788737
-0.557140
-0.393827
-0.422384
-0.498794
0.071160
0.200361
-0.513049
-0.109865
-0.149979
-0.282562
-0.386554
-0.510186
0.120039
-0.511344
-0.230346
-0.306498
-0.397573
0.776863
-0.092624
-0.384237
-0.538945
0.302018
-0.171944
-0.559264
0.879537
-0.778065
-0.493917
-0.119169
0.092839
0.178352
-0.656633
-0.228331
1.001885
-0.290153
-0.349335
-0.331979
0.387115
0.953706
1.201219
0.398761
-0.079852
0.125324
0.035639
-0.210255
-0.036697
-0.062122
-0.051932
0.193969
0.478373
0.452252
1.791278
0.912909
2.647048
0.669596
2.090161
0.155473
1.782356
0.144844
0.831440
0.184864
0.518736
0.363001
-0.233005
0.100834
-0.528300
0.627135
-0.656046
0.491761
-0.541814
0.850096
-0.613882
0.606997
-0.415976
0.549990
-0.358113
0.801448
0.292940
0.825585
0.562683
0.764295
0.180772
0.232272
0.065659
0.255981
0.102262
0.414005
0.180734
0.074568
-0.246990
-0.416884
-0.410270
-0.611592
-0.527337
-0.518804
-0.650908
-0.399648
-0.563800
-0.597320
-0.862646
-0.731285
-0.825370
-0.930720
-0.738293
-0.799767
-0.892342
-0.551816
-0.661972
-0.339934
-0.476872
-0.488405
-0.327921
-0.558998
-0.113586
-0.130168
0.067946
0.186443
-0.511543
0.282004
-0.369302
-0.033389
-0.487868
0.496486
-0.148844
0.076360
-0.327121
0.160932
-0.431689
-0.157743
-0.158544
-0.021682
-0.719524
0.163014
-0.253028
0.096842
-0.266878
0.848920
0.471709
0.837264
0.815783
1.055890
0.544747
0.765931
0.839061
0.685280
1.169331
1.188749
1.358667
1.017593
1.148135
0.811279
0.766221
0.511609
0.637092
0.382158
0.826366
0.454001
0.834763
0.442202
0.856818
0.206603
0.873699
0.123395
0.606861
0.018450
0.498504
-0.063758
0.498714
0.117008
0.682468
-0.104270
0.566344
-0.342645
0.341219
-0.549986
0.251600
-0.619032
0.229656
-0.706041
0.096681
-0.793359
-0.586000
-0.300699
-0.812644
0.014079
-0.575464
-0.214686
-0.695860
-0.374325
-0.929297
-0.864901
-0.726613
-0.734082
-0.614362
-0.487425
-0.604828
-0.258871
-0.171399
-0.020833
0.163278
-0.001825
0.045593
-0.257669
-0.212034
-0.575087
-0.495680
-0.600473
-0.799526
-0.737503
-0.683142
-0.784673
-0.247461
-0.361141
0.063065
-0.011259
-0.198128
-0.294844
-0.439309
-0.369783
-0.733240
-0.575224
-0.739350
-0.841016
-0.671788
-0.758579
-0.506328
-0.131396
-0.158386
-0.084254
0.392831
0.158322
-0.205652
-0.181925
0.245793
-0.575091
-0.356747
-0.706045
-0.215928
-0.197571
-0.788047
-0.276226
-0.243645
0.659415
0.425443
1.085021
1.176320
1.257129
0.883987
1.455885
1.029264
1.141447
0.407665
1.307963
0.535576
1.081027
0.654440
1.107297
0.865773
0.418446
0.374359
-0.299496
-0.016770
-0.575804
-0.522442
-0.815425
-0.535067
-0.723824
-0.502712
-0.818542
-0.100465
-0.653555
-0.331197
-0.589632
-0.405802
-0.363515
-0.568637
-0.245639
-0.181068
-0.308875
-0.445708
-0.779838
-0.620928
-0.555237
-0.637611
-0.166796
-0.148020
0.250398
-0.372705
-0.104142
-0.594581
-0.732717
-0.584597
-0.115884
-0.485259
-0.004746
-0.117390
-0.019932
-0.095992
-0.145200
0.262205
-0.015797
0.635487
-0.021514
0.529617
0.114263
0.162951
0.119181
-0.223036
0.298031
-0.079960
0.174224
-0.458321
-0.101567
-0.285993
0.189575
-0.059935
-0.066400
-0.164401
0.404263
-0.384773
0.482936
0.853480
0.874285
0.872694
1.132156
1.025574
0.322778
0.746811
0.623185
0.443653
0.393907
0.807410
0.733801
0.083770
0.859015
-0.333853
-0.369148
-0.632873
0.405102
0.296601
0.086129
0.310225
0.343208
0.676123
0.134876
0.459108
0.182301
0.573238
0.013751
1.893683
2.065310
1.607292
1.947671
2.435709
3.763780
4.119762
2.985780
1.325358
1.263018
-0.401240
-0.349337
-0.813115
1.297013
0.083689
0.735219
-0.485901
0.907532
1.013285
0.973447
0.786648
-0.248501
1.531290
0.143790
0.661120
-0.255683
-0.716950
-0.119805
-0.856420
0.308156
-0.525919
-0.955422
-0.412239
-0.240027
-0.385169
-0.799193
-0.649344
-0.633217
-0.681179
-0.628067
-0.001403
-0.450564
-0.193132
-0.394314
0.164599
-0.014135
-0.913222
0.400161
0.357641
0.780403
-0.134680
-0.149386
-0.025326
-0.041967
0.506056
0.415931
-0.153547
-0.237215
0.399015
0.141258
0.730332
-0.676789
0.026283
-0.038514
0.638216
0.536759
-0.750483
-0.509443
-0.590962
-0.732437
0.056629
-0.249242
0.939045
0.484184
-0.652130
-0.113500
-0.428208
0.196506
0.673321
-0.528468
0.257546
0.240890
0.568914
-0.258872
-0.497247
-0.844612
-0.239926
-0.661037
-0.137411
-0.681790
-0.228141
-0.069860
-0.864808
-0.713975
-0.863732
-0.767471
-0.198458
-0.796984
-0.267019
-0.619208
-0.423342
-0.539014
-0.517898
0.408861
-0.179642
0.139789
-0.342295
-0.148359
-0.550319
-0.324653
-0.596139
-0.154206
-0.242495
-0.732307
-0.593601
-0.344373
-0.590381
-0.735064
-0.528343
-0.569303
-0.668356
-0.125971
-0.321815
-0.052337
0.787449
-0.585526
-0.415832
-0.332373
0.252869
0.486730
-0.565112
0.193364
0.243957
-0.507110
-0.491646
-0.233199
0.459009
-0.424188
-0.208814
-0.757923
-0.264769
1.772470
-0.716235
-0.213689
0.424358
0.242397
0.199109
-0.138446
-0.925381
1.343509
-0.006648
-0.451298
-0.586253
1.389834
0.015126
0.798833
0.203219
-0.575342
0.767328
-0.601683
1.118570
0.084460
3.329574
2.368883
2.164495
1.449545
0.203847
1.425626
-0.414725
-0.680908
-0.324402
0.138217
-0.500022
-0.502767
0.453846
0.062676
0.640584
0.107023
0.171501
1.101629
0.482551
-0.617092
0.375916
-0.327618
0.415816
-0.664998
-0.614695
-0.265602
0.253988
0.212800
-0.485229
-0.817703
-0.590484
0.356708
-0.199185
-0.478514
-0.159004
0.993378
-0.931723
0.332004
-0.007487
-0.818255
0.024817
-0.838287
-0.549542
-0.365016
0.882056
-0.570937
-0.198245
-0.833684
0.137761
0.547354
-0.398193
0.424403
-0.428504
0.678429
0.729755
-0.724164
0.825345
0.258410
-0.546972
-0.789499
0.595451
0.931519
0.609050
0.553820
0.129230
-0.919919
-0.763665
0.422170
0.467174
-0.249267
0.458740
-0.760890
-0.709480
-0.150259
-0.853931
0.066173
-0.506616
0.035915
-0.473746
-0.764224
-0.350418
-0.869969
0.486680
-0.624937
-0.529510
-0.132271
-0.349991
-0.612874
-0.455605
0.923833
-0.002640
-0.282622
-0.217915
0.544013
-0.519602
-0.052978
-0.751873
0.258386
-0.073938
-0.428619
-0.847762
-0.945436
0.054082
-0.894225
-0.833027
-0.380450
-0.632118
0.287109
-0.200330
-0.401626
0.815615
-0.142370
0.297768
-0.128290
-0.600204
-0.078168
-0.396578
-0.821104
0.038857
-0.359857
0.448081
-0.919176
-0.276973
0.601848
0.005438
0.816608
0.666728
-0.410083
1.707598
-0.233073
0.278818
-0.489555
1.391258
-0.066074
0.586137
-0.553480
0.458601
1.774238
-0.611919
0.399718
-0.686368
0.041906
-0.203359
0.854877
-0.083800
0.065134
1.259323
0.038232
-0.132722
-0.347394
0.918812
1.067621
0.018017
2.300737
2.332060
2.964802
3.138882
2.079036
-0.531758
0.449386
-0.734216
0.751172
0.494185
-0.547198
-0.649346
0.139824
0.562375
0.924106
-0.710498
-0.111222
0.808123
0.493021
0.810541
-0.811446
-0.431678
0.032420
-0.386021
0.122305
0.605548
0.123392
-0.654591
0.074105
-0.626701
-0.748763
-0.594142
-0.600140
0.140591
-0.812777
-0.442098
-0.534042
0.056003
-0.699324
-0.716831
-0.612479
0.148887
-0.062934
-0.372305
-0.040294
-0.414648
0.064712
-0.649661
-0.167170
-0.866428
0.201241
0.330565
-0.575149
-0.155374
-0.500524
0.900826
0.033278
-0.407126
0.581357
-0.398632
0.134810
-0.490674
1.412002
0.350925
1.501473
-0.011321
0.750987
-0.322826
-0.367274
-0.825066
-0.247398
0.169175
-0.272579
-0.577635
-0.740131
-0.637488
-0.256962
-0.599890
-0.633753
-0.350716
-0.368618
-0.691143
-0.670894
-0.003479
-0.185048
-0.792884
-0.189318
-0.711461
-0.589362
0.182075
-0.505982
-0.066625
-0.358280
0.055348
-0.401259
-0.132630
-0.153047
-0.397064
-0.564799
0.103495
1.395816
-0.361601
-0.513024
-0.652068
-0.325195
0.262161
-0.632978
-0.581005
0.111626
-0.465902
-0.773299
-0.173511
-0.747903
0.503469
-0.390566
0.401907
-0.724654
-0.498609
0.057158
-0.515181
-0.231872
0.397680
-0.390010
0.747297
0.991780
0.163768
1.602010
0.524730
0.585755
-0.529727
1.589961
-0.082140
1.098834
0.169804
2.031963
0.160930
-0.094872
0.215141
-0.251418
0.585141
1.861575
-0.959773
-0.226096
-0.043364
0.301627
0.645463
0.066675
0.476500
0.967957
0.187525
0.215146
0.236187
0.767482
1.268953
2.447436
3.070611
1.778639
1.982261
2.384745
0.539802
-0.892806
0.023221
-0.140332
-0.201834
0.227244
-0.173060
1.014688
0.020678
-0.388075
-0.182837
1.195374
-0.038767
0.669729
-0.206285
0.149773
-0.073346
-0.838475
-0.092451
-0.105258
-0.489292
-0.610985
0.036104
-0.357813
-0.243767
-0.109046
-0.804535
0.215344
-0.925709
-0.449781
-0.660587
-0.520926
-0.025275
-0.149372
-0.332052
-0.159743
0.145641
-0.108868
-0.112660
-0.465518
0.382899
0.464261
-0.029339
0.213677
-0.619754
-0.144428
-0.001917
0.018437
-0.491094
0.009202
-0.664636
0.150558
0.685494
-0.474101
-0.019746
-0.082046
0.064202
0.365178
-0.364005
0.242148
0.804669
0.769121
0.691353
-0.818647
0.302022
-0.821952
-0.666084
-0.564634
-0.480151
0.803398
-0.590316
0.266732
-0.370788
0.237140
-0.213756
-0.488211
0.227199
0.741298
0.589554
-0.081040
-0.635009
-0.215456
0.559464
0.205448
-0.752359
-0.433051
0.169606
-0.715936
-0.475229
0.001369
-0.658972
-0.206555
-0.564313
-0.417721
0.403057
-0.652944
-0.319078
0.212457
-0.034460
-0.274968
-0.601770
-0.517737
-0.077065
-0.743931
-0.233791
-0.046547
-0.469623
-0.122160
-0.518208
-0.686574
-0.291276
-0.696408
-0.225802
-0.519000
0.473378
-0.558550
-0.527263
-0.173760
-0.612562
0.901818
-0.169366
-0.381549
-0.235756
0.177068
1.121236
0.184747
-0.388009
2.213815
-0.683149
-0.520783
0.205142
-0.579230
0.796254
0.037249
-0.559234
1.845104
-0.267150
0.558802
-0.705254
-0.524857
1.223787
0.256681
0.304303
-0.349943
-0.131588
1.018894
0.187230
-0.311717
0.922135
1.848602
1.284926
3.733100
1.315582
3.070583
1.332663
1.108456
-0.635317
0.529469
-0.526370
0.630192
-0.402052
0.145811
-0.026976
0.722271
-0.606016
0.757231
1.158129
0.301736
-0.157397
-0.291148
0.906181
-0.130921
-0.461900
-0.398716
-0.723696
-0.228963
-0.804657
-0.512629
0.047877
-0.536987
0.188629
-0.658516
-0.745718
-0.225916
0.209651
-0.649342
0.735758
-0.424483
0.801187
0.625700
-0.311392
0.471219
-0.581496
0.483305
-0.188691
-0.452392
-0.017484
0.231616
0.381662
-0.744730
-0.367588
-0.202427
-0.062726
-0.679478
-0.203189
-0.742356
-0.229877
0.030692
-0.385209
0.050274
0.272961
0.975828
-0.335661
-0.041103
-0.416735
-0.297620
-0.539152
1.897925
0.326457
0.400428
-0.965090
-0.612966
0.472682
-0.266448
-0.531700
0.169341
0.097381
-0.099146
-0.564538
-0.599715
-0.104938
-0.188053
-0.034818
-0.075276
-0.548592
-0.511421
-0.696729
-0.598728
-0.619449
-0.538732
-0.080998
0.029282
-0.580193
-0.114751
-0.365295
-0.204006
0.121165
-0.075947
-0.459332
0.215291
-0.308651
0.181989
-0.777998
0.015396
-0.629773
-0.687123
0.030664
-0.740857
0.046298
-0.124361
-0.176907
-0.081311
-0.702453
0.322971
-0.017839
-0.806457
-0.200509
-0.535523
-0.174049
0.649660
-0.613974
0.118649
0.280437
-0.021846
-0.453976
-0.430352
-0.079461
0.333895
-0.107199
-0.385474
0.842725
0.358667
-0.416924
0.199343
-0.207565
1.612436
-0.150241
0.386380
0.023235
-0.077798
1.214611
-0.278775
-0.824445
0.162763
-0.085738
1.489730
0.667805
0.252770
1.037500
0.030961
0.742320
-0.586571
0.174176
0.787127
0.397535
2.744044
1.219097
3.526333
3.161344
1.270643
1.016036
-0.442979
-0.051418
-0.489633
1.751640
-0.141636
0.449900
-0.568861
-0.742325
0.975875
-0.207892
1.383934
0.242434
0.001556
0.824958
-0.006257
-0.938632
-0.830918
0.004486
-0.480922
-0.325777
-0.494664
-0.716714
-0.144648
-0.602532
-0.692936
-0.674544
-0.287323
0.991751
0.191360
-0.544765
-0.792463
-0.064750
-0.003741
-0.724692
-0.307098
0.987636
0.510616
-0.090064
-0.315408
-0.318720
0.717250
0.154239
0.600755
-0.546672
-0.008515
0.570259
-0.686251
-0.088526
-0.111735
-0.287287
-0.227149
-0.375533
-0.669221
0.076557
0.039504
0.654828
-0.572732
-0.409667
0.620387
-0.200927
0.235747
0.591028
0.637818
0.034028
1.076592
-0.775973
-0.475381
-0.334246
-0.422064
-0.718654
-0.091402
-0.030626
-0.501911
-0.531258
-0.557085
0.612295
-0.239898
-0.479431
-0.451829
0.060663
-0.725418
-0.499999
-0.647832
-0.054973
-0.679673
-0.421811
-0.260349
-0.660970
-0.596089
-0.582017
-0.298349
-0.558225
-0.682734
0.330247
-0.062379
-0.558937
0.468435
-0.741385
-0.315969
-0.567812
-0.656169
-0.244917
-0.704115
0.314253
-0.639826
-0.155719
0.147915
-0.728339
-0.264263
-0.736225
-0.761615
-0.044000
-0.813733
0.762422
0.514634
-0.433217
-0.483258
-0.582694
-0.617213
-0.429218
0.208596
-0.092653
-0.015578
2.047756
-0.100523
0.449151
0.860061
2.181623
0.886831
-0.079413
1.152824
-0.727418
1.045607
-0.741074
-0.553601
1.085907
0.950302
-0.426790
-0.589678
0.777789
-0.655265
1.443551
-0.432113
0.168187
-0.045217
1.022409
-0.270509
0.045879
0.631735
3.177779
2.463092
2.740341
2.030843
3.587549
1.421475
0.803999
-0.330362
0.403638
-0.026711
0.263925
0.365237
0.565244
-0.504456
-0.056080
1.371279
0.825260
-0.397058
0.654247
-0.234012
0.707534
0.851745
-0.847920
-0.449484
-0.762281
0.258466
-0.556397
-0.902350
-0.318048
-0.033504
-0.827432
-0.875200
-0.514571
-0.541849
-0.045975
-0.669450
0.422164
-0.818535
0.612950
0.663919
-0.950158
0.246456
0.181297
0.670668
0.797451
-0.686200
0.688326
-0.287629
0.364771
-0.269655
-0.703669
0.107633
0.301021
-0.878369
-0.371873
0.889084
-0.688710
0.584654
-0.516990
0.140079
-0.454941
0.516859
-0.494826
-0.109239
0.359754
0.242781
0.205879
-0.074125
-0.711193
-0.079919
-0.210816
-0.085442
0.792980
-0.785032
-0.009611
-0.467273
-0.382213
0.454256
-0.658556
-0.649821
-0.214823
0.220935
-0.188406
-0.439127
-0.439958
0.012853
-0.696793
-0.739270
-0.585249
-0.226708
0.051539
-0.508031
-0.704018
-0.243979
-0.478044
0.038595
-0.601783
-0.617613
-0.369618
0.122339
-0.015683
-0.483955
-0.232989
0.447777
0.118653
-0.458390
-0.575594
-0.441139
-0.085894
-0.052989
-0.454223
-0.498689
-0.440071
-0.720129
-0.695219
-0.720281
-0.319321
-0.934428
1.207777
-0.698229
0.187971
0.481007
-0.703744
1.061925
0.233107
0.066309
0.609503
-0.042852
-0.187611
0.341564
0.046809
-0.369149
-0.397477
0.691649
1.293678
0.021389
0.764623
-0.336344
1.575815
-0.496855
-0.175098
-0.710979
-0.654701
1.640741
0.033108
-0.397606
0.250400
-0.250415
1.512332
-0.233476
-0.229535
-0.218841
-0.043669
2.412178
0.580583
0.191240
0.994041
0.647517
4.332623
3.047298
2.493150
1.466677
-0.516493
0.779495
-0.060463
0.062569
0.898752
0.505209
1.163875
-0.204585
-0.357650
0.906258
0.461889
1.759214
0.105252
-0.644960
0.881556
-0.438957
0.992534
-0.846022
-0.628636
-0.780928
-0.453635
0.356753
-0.882896
-0.617875
-0.005485
-0.541745
-0.614620
-0.386884
-0.287088
-0.274984
-0.435569
-0.712866
-0.329374
-0.188987
0.872891
-0.100440
-0.865120
0.168404
0.102908
0.909491
-0.118588
-0.239174
0.022599
-0.039122
0.383041
0.024834
-0.798694
-0.508501
-0.115739
0.169500
-0.021696
-0.491834
-0.133329
-0.528344
-0.093274
0.627791
-0.403000
-0.125216
-0.345215
0.164677
-0.650930
-0.288560
0.847992
0.576750
0.064938
-0.086979
-0.438659
-0.637493
0.513284
-0.919161
-0.252055
-0.732453
0.673899
-0.400423
-0.561919
-0.696345
-0.500803
-0.165589
-0.233571
-0.513881
-0.669695
-0.033602
-0.420594
-0.306216
-0.682466
-0.746507
0.174635
-0.595160
-0.460480
-0.196833
-0.401386
-0.460479
-0.556415
0.293094
0.150468
-0.279229
-0.396407
-0.309712
-0.501765
-0.487936
-0.287800
0.332304
-0.027848
-0.228555
-0.563919
-0.673384
0.010908
0.048106
-0.562414
-0.690698
-0.553988
-0.071141
-0.432763
-0.373263
-0.269596
-0.569941
1.228315
-0.137649
-0.646503
-0.041156
-0.468468
1.343006
0.264727
0.152369
0.253933
-0.074087
-0.286246
0.894548
-0.310495
-0.570841
0.702658
1.144608
0.162737
-0.238663
-0.395763
0.432364
0.546122
-0.154179
-0.826314
0.878137
0.285938
-0.311412
-0.150313
0.457795
-0.167338
0.760231
-0.025759
-0.156119
0.490645
-0.312804
0.807883
-0.770147
2.214776
2.727044
2.629772
3.403778
1.061859
2.003760
0.855697
-0.231056
-0.253536
-0.119344
-0.163297
-0.331090
0.393277
-0.131757
-0.610516
0.838633
-0.652172
1.303789
-0.366863
0.550508
0.290868
-0.398402
1.075070
-0.826673
-0.934429
-0.324921
0.034088
-0.009151
-0.868496
-0.781240
-0.088485
0.094466
-0.030779
-0.554241
-0.085304
-0.069344
-0.243289
-0.210561
-0.082602
-0.029151
0.720395
0.394803
0.133271
-0.313109
0.184011
0.488198
-0.868505
-0.392272
0.022636
0.235629
-0.510240
-0.505261
-0.131190
0.150622
0.157086
-0.332509
-0.000006
0.671653
0.891242
-0.739341
0.278598
-0.806855
-0.824906
-0.050835
1.306319
-0.087250
0.984144
-0.261436
-0.551795
-0.944331
-0.375670
-0.959291
-0.335950
0.320468
0.003026
-0.775321
-0.740535
-0.457821
-0.767018
-0.895358
-0.496387
-0.410139
0.547157
0.345966
-0.309541
-0.475139
-0.441766
-0.664490
-0.075555
-0.566496
-0.365423
0.372553
-0.421724
-0.340335
-0.151252
0.371189
0.497151
0.023978
-0.479485
-0.115181
-0.171218
-0.118603
-0.133531
-0.576337
-0.719019
1.540180
-0.270550
0.275455
0.501885
-0.899925
1.368584
-0.903697
-0.113996
0.115544
-0.464581
-0.122969
-0.017975
-0.058037
0.200605
-0.871673
0.199174
-0.913753
-0.495854
-0.056108
-0.236283
-0.405389
-0.799781
-0.513524
0.076494
0.416280
-0.531757
-0.621297
1.262990
-0.583366
1.500141
-0.591341
-0.075483
1.737698
-0.534032
0.448264
-0.564749
0.982898
0.095778
-0.826121
-0.225453
-0.381320
0.192233
0.474981
-0.487994
0.356889
0.100958
0.060186
-0.306953
-0.335114
2.067428
2.372674
1.810795
2.667493
1.725223
2.881097
1.453047
-0.933964
0.274922
0.837792
-0.953613
-0.299036
-0.043360
0.014621
-0.590721
0.128535
0.137510
0.363807
0.706056
0.201808
0.344979
0.521168
0.755090
-0.016661
-0.240503
-0.738547
-0.236186
0.069244
-0.123388
0.093573
-0.299597
-0.284748
-0.210748
-0.512151
-0.642808
-0.672797
-0.797702
-0.477191
-0.412643
-0.562032
-0.673573
-0.174093
-0.584164
-0.769020
-0.746407
-0.224384
0.565507
-0.631002
-0.499160
-0.258629
0.485203
-0.501471
0.456658
0.119413
-0.891597
1.006821
0.621761
0.308270
-0.545522
-0.112279
0.490090
-0.840785
0.666749
0.903904
0.973913
0.544352
-0.329508
-0.731925
-0.571498
-0.563786
-0.821432
-0.699321
1.369013
-0.815229
-0.363597
-0.937817
-0.363802
0.438976
-0.885228
-0.175883
0.404106
-0.783081
-0.086160
-0.468482
-0.594658
0.012856
-0.361167
-0.578210
-0.118281
0.293210
-0.362493
-0.429923
0.341229
-0.217262
-0.236847
-0.583113
-0.192357
1.410850
-0.510209
0.983524
-0.690750
-0.646334
-0.682577
0.924564
-0.169628
-0.627121
-0.431092
-0.287937
0.067472
-0.844619
-0.368028
0.159763
-0.987631
0.295345
0.121506
-0.822254
-0.371734
-0.320824
0.269774
1.562962
1.260811
-0.347251
-0.359693
-0.463156
-0.466419
-0.318806
1.828482
-0.040329
-0.231562
-0.139653
0.682799
-0.382638
-0.578797
2.095727
0.028849
0.838603
1.638473
-0.310178
0.702373
1.133802
0.050948
0.598291
-0.123986
0.739696
0.196954
0.076386
-0.176308
-0.887571
1.211032
0.247402
1.060124
-0.856806
0.313001
0.610713
2.847309
1.420769
2.614351
1.996349
2.128801
2.131650
-0.609784
-0.164829
-0.672361
0.485477
-0.358566
0.430786
0.091836
-0.814499
0.252915
0.215724
0.450250
1.104505
-0.738769
0.487546
0.364783
-0.050357
0.202455
0.017379
-0.053601
-0.643581
-0.073147
-0.422374
-0.114689
-0.775026
-0.394977
-0.004484
-0.496292
-0.616128
-0.767277
0.122060
-0.805518
-0.464471
-0.670154
-0.684640
0.144969
0.230552
-0.687772
-0.399378
-0.639205
0.512769
-0.289441
-0.217601
0.174751
0.110915
0.282352
-0.417118
-0.608964
0.093563
0.266677
-0.663527
-0.298582
-0.388876
1.208387
-0.594692
0.786774
-0.697028
-0.723745
-0.280609
0.483803
0.173186
1.273946
0.434789
-0.547327
-0.388876
-0.430830
-0.353529
-0.788357
-0.469160
-0.626754
-0.079559
0.138381
-0.813020
-0.396648
-0.853284
-0.444249
-0.727739
-0.080837
0.407639
-0.632145
-0.344054
-0.146437
0.183655
0.726847
-0.801216
0.310710
1.058594
-0.022431
1.026106
0.072173
-0.226334
0.640075
-0.567641
-0.071328
-0.723813
-0.666328
0.559074
-0.723074
0.352179
-0.263221
-0.230331
0.092455
-0.378000
-0.354223
0.279295
-0.057310
-0.402457
-0.336930
0.074968
-0.883490
0.252862
1.184871
-0.648480
0.331490
-0.355148
-0.039485
1.387115
-0.467477
-0.554041
-0.485823
-0.594809
1.306286
-0.194653
-0.164512
0.553445
-0.720577
0.241906
-0.482236
-0.626274
-0.015534
1.245737
-0.644691
0.439986
-0.753365
1.350165
0.748847
-0.481623
0.574102
0.393112
1.297143
-0.882819
0.442244
-0.623080
1.120666
0.216173
-0.487757
0.156230
0.205296
2.054403
1.393742
2.902354
1.676532
2.252974
2.286186
0.777974
-0.528636
0.489479
0.034177
0.076539
0.608404
-0.310266
-0.253703
-0.523451
0.157697
0.593823
1.162225
-0.691803
0.451404
0.164619
0.085226
-0.253699
-0.146790
0.479150
0.297559
0.202455
-0.796501
-0.336168
-0.442860
-0.710723
0.179303
-0.759589
-0.942898
-0.903573
-0.218682
-0.159129
-0.583513
-0.195045
-0.242288
0.344964
-0.146875
-0.592471
-0.608216
-0.215297
0.177178
-0.243459
0.982785
-0.635503
0.356284
-0.257589
0.861434
-0.802220
-0.124405
0.032664
0.137828
-0.342774
-0.308797
0.274807
-0.655137
0.445592
-0.708201
0.754135
-0.278434
-0.175383
-0.718898
-0.417523
0.593018
-0.357686
0.394554
-0.466571
0.888719
-0.310922
-0.497986
-0.654162
1.030210
-0.693307
-0.153296
-0.648767
-0.464446
0.731967
-0.666806
-0.043227
-0.270195
-0.412907
-0.213722
-0.611002
-0.834654
-0.418527
-0.782721
-0.178066
0.360884
-0.628082
-0.381927
0.001833
-0.689647
-0.427960
-0.586924
-0.630992
-0.472285
-0.410147
-0.754905
-0.715930
0.026178
-0.735963
-0.646186
-0.551287
-0.567244
0.234497
0.642978
-0.807005
-0.652081
-0.587211
-0.180153
-0.694281
-0.188701
-0.666726
0.529303
0.358424
-0.693410
-0.327671
-0.662976
-0.572887
-0.335623
-0.020325
-0.013173
-0.164332
0.321665
1.018112
-0.347878
-0.248136
0.815081
-0.647598
1.718567
-0.014502
0.540772
0.990653
0.571658
-0.565165
1.598095
0.300782
1.243837
-0.444758
0.064626
1.797401
-0.727275
2.744491
1.088678
2.122841
-0.299571
-0.609227
-0.851869
0.386541
1.115996
2.327085
3.075104
1.546738
3.219233
3.025910
1.472462
0.828540
0.392620
-0.558746
0.371843
0.099951
-0.463909
0.310632
-0.918749
0.750894
-0.534915
0.777279
1.050993
1.112402
-0.538966
0.493969
0.231309
-0.353873
-0.793036
-0.489012
0.467834
-0.465818
0.399549
-0.497223
-0.920206
-0.635087
-0.421259
-0.852814
-0.865997
-0.560218
-0.405052
0.014587
-0.593258
0.385992
0.328784
0.838854
-0.199303
-0.766531
-0.209559
0.396312
0.314980
0.244609
-0.450119
1.094599
-0.769511
1.157674
-0.816626
-0.299153
-0.203858
-0.621305
-0.082021
-0.567628
-0.503218
0.592919
0.074398
-0.145172
0.069190
-0.197113
1.036253
-0.709471
1.211230
-0.483479
-0.518564
-0.348952
0.811301
0.828598
-0.259759
-0.805350
-0.594162
-0.609967
0.152538
-0.760094
-0.724135
-0.602716
0.552765
-0.803796
0.680294
0.244318
0.485541
-0.044304
0.232908
-0.868074
-0.288282
-0.269591
-0.567146
-0.431969
-0.526055
0.565420
1.296662
-0.375950
-0.360293
-0.489758
-0.515834
-0.470882
-0.697839
-0.338355
-0.360063
-0.255431
-0.387817
-0.750040
-0.188806
-0.619598
-0.804299
-0.066113
-0.718640
0.577154
-0.762166
-0.341241
-0.581330
-0.905444
-0.118653
0.149165
0.256252
-0.486247
-0.802739
-0.375632
-0.552651
-0.481095
-0.642448
0.195792
0.924782
0.240888
0.798945
-0.625699
-0.460256
-0.250435
0.225692
0.336684
-0.842328
-0.156923
-0.374411
1.629875
-0.702680
-0.380720
-0.155831
0.944071
1.565034
0.329715
1.735154
-0.679359
1.577328
0.150815
-0.186029
2.309951
-0.289405
-0.297321
-0.319106
0.330369
2.552724
3.055071
1.856216
4.118316
0.961228
2.674851
0.206181
-0.088018
-0.674098
0.694491
-0.918725
1.143992
1.306995
-0.721695
-0.171730
0.177877
1.436620
0.273662
0.412997
0.674169
-0.162384
0.686744
-0.706945
-0.077202
-0.853165
-0.107160
-0.536658
-0.365727
-0.241288
-0.387568
-0.338265
-0.828453
-0.238729
-0.433626
0.403157
-0.266692
0.339403
-0.879499
-0.005911
0.081629
0.640823
-0.432001
-0.711487
0.134860
-0.305191
0.867889
-0.696967
-0.274468
0.826594
-0.041264
0.320173
-0.847062
-0.034555
0.334638
-0.573783
0.894598
-0.342019
0.067379
-0.430876
0.934406
-0.634336
0.533398
-0.152819
0.680871
0.709678
-0.557990
0.088605
-0.854941
-0.731592
0.166552
0.262731
1.083315
-0.165712
-0.683896
-0.921376
-0.861707
-0.299421
-0.375416
-0.423538
0.271600
-0.744604
0.115588
-0.296365
-0.623743
-0.770976
0.031419
-0.928957
-0.577429
-0.230449
-0.708338
-0.889943
-0.572747
-0.415021
-0.419508
-0.402753
-0.401997
-0.264678
-0.602350
-0.402392
-0.494748
0.018629
-0.249088
-0.387711
-0.360557
-0.667620
-0.248813
0.417657
0.153970
-0.511357
0.402324
0.797659
-0.235163
-0.538614
-0.629279
-0.653844
-0.466328
-0.837306
-0.703387
1.083339
-0.765343
0.149710
-0.749626
-0.107334
1.448412
1.014934
-0.411404
-0.053733
-0.043070
0.631414
1.006807
-0.280533
-0.250421
-0.438269
2.307347
-0.598014
-0.777225
0.194180
0.151752
0.834756
-0.659583
-0.492271
-0.336365
1.415535
1.158204
-0.083502
-0.355812
0.705934
-0.412359
1.225455
-0.027820
-0.243504
-0.255626
1.287958
1.533726
0.665367
0.919348
3.433793
2.948287
3.450338
0.470525
0.061535
-0.594506
-0.161376
-0.689888
0.777768
0.869354
0.725556
-0.593539
0.578105
-0.162619
1.471185
0.956289
0.410470
0.409186
-0.060148
0.291304
0.154749
-0.394491
-0.710336
-0.629596
0.469161
-0.881236
0.302546
-0.279385
0.540279
-0.504135
-0.285570
-0.183749
-0.589584
-0.096860
-0.881627
-0.030175
0.682511
0.260977
0.446546
-0.874377
0.661522
-0.127855
0.621619
0.288441
-0.171386
0.016989
0.160806
0.612232
-0.341917
0.607384
-0.553334
0.341482
-0.417554
0.445536
0.129505
-0.769599
-0.529117
-0.928139
0.608067
1.043472
0.344967
-0.494638
-0.198230
-0.329211
-0.380229
-0.194748
1.057467
-0.227038
1.028016
-0.664237
-0.362381
-0.678108
0.209851
-0.260718
-0.290823
-0.414681
-0.360817
1.123816
-0.817067
-0.197232
-0.608376
-0.531651
-0.772529
-0.805218
0.054166
-0.612846
-0.656648
-0.557691
-0.651711
-0.606618
-0.613106
0.192326
-0.757194
-0.289090
-0.651120
-0.262453
-0.284024
-0.331429
-0.537580
0.547788
-0.500093
-0.708611
-0.018204
-0.432750
0.503194
-0.530466
-0.327145
0.120219
-0.174323
-0.247117
-0.809020
-0.657857
-0.712900
-0.536705
0.032508
-0.763494
-0.109286
-0.403806
0.263257
0.547274
0.028480
-0.179354
-0.465404
-0.654627
-0.638992
-0.493507
0.307342
-0.710863
0.775925
-0.865330
0.267541
1.469035
0.055561
-0.808918
-0.891495
1.070549
0.134496
0.544773
-0.937170
0.339685
1.841502
0.827491
0.135049
-0.229794
0.035622
-0.803143
1.469284
-0.250229
-0.102798
0.604925
1.786387
-0.180680
-0.344101
-0.250557
3.469960
2.499602
2.248744
2.933554
1.749775
1.165077
1.300851
-0.193171
-0.035133
1.168903
0.104236
0.181934
-0.267927
-0.216655
1.447724
-0.860800
0.760392
0.295144
1.501266
-0.262402
-0.130528
-0.390534
0.101571
0.170688
-0.439818
-0.978685
-0.749060
-0.439991
-0.128506
-0.851561
0.063116
-0.906051
-0.314525
-0.842594
0.940075
0.357826
0.060934
-0.476762
0.500712
0.457745
-0.373739
0.421327
-0.314221
0.867726
-0.349231
-0.413267
-0.359651
-0.048245
-0.073434
0.916958
-0.642703
0.100087
-0.405041
0.462701
-0.319941
-0.066432
-0.260314
0.225969
0.221617
0.727483
-0.375530
0.403451
-0.287575
-0.408383
0.057726
0.481830
0.390815
0.241860
-0.884091
-0.475803
-0.716728
-0.681473
-0.737322
-0.275084
-0.168964
0.036770
-0.383288
-0.728815
-0.821137
0.731112
-0.442217
-0.365752
-0.806763
-0.136404
-0.113821
0.070034
-0.389351
-0.067418
-0.067814
-0.518123
-0.093509
-0.609982
-0.582750
-0.088241
0.036195
-0.528465
-0.591916
-0.504017
0.561762
0.529831
-0.153828
-0.001877
-0.757069
0.112200
0.120659
0.028547
-0.350896
0.019165
1.410643
-0.818240
-0.779667
-0.566196
-0.402023
-0.343271
0.038112
-0.686556
-0.395049
-0.872896
-0.897624
-0.578113
0.419218
-0.757046
-0.431204
-0.750593
-0.652986
0.082751
-0.470649
0.521111
-0.697218
-0.209202
-0.798054
-0.424209
1.101924
-0.206325
-0.549112
0.100134
0.356502
0.755555
-0.153392
-0.892698
1.554349
-0.032673
-0.062944
-0.270976
-0.852997
0.784484
-0.110868
0.318380
-0.234641
1.628454
0.289881
0.676663
0.613618
0.117557
0.671262
1.899191
1.272747
2.551719
2.003651
1.990640
3.120872
0.044427
-0.358552
0.194046
-0.759215
-0.949962
-0.661055
0.945550
-0.601122
-0.536045
-0.154417
1.180006
1.084003
-0.874134
0.660137
1.158339
0.930333
-0.175314
-0.710144
0.284449
0.364882
-0.705499
0.187129
-0.571684
-0.036786
-0.495822
0.413448
-0.622648
-0.430551
-0.138680
-0.401210
-0.165749
-0.634405
0.027382
-0.198374
-0.875643
-0.012018
-0.238883
-0.255637
-0.104450
-0.676494
-0.459106
-0.704790
-0.409954
-0.710143
0.814034
-0.721893
1.022368
-0.640511
0.838584
0.371443
-0.642713
0.849759
-0.423712
0.538030
-0.290064
0.999154
1.182018
1.428387
-0.139250
-0.478954
-0.707827
-0.218280
-0.840068
-0.261163
-0.695809
-0.603581
0.233324
-0.766976
-0.352405
0.014963
1.206008
-0.343206
-0.167467
-0.765650
-0.754832
-0.597184
-0.787898
-0.681108
-0.186863
-0.618868
-0.332662
-0.158411
0.487911
-0.331981
-0.620472
0.357142
-0.389233
0.014770
-0.350472
0.125332
-0.242578
0.529898
-0.132348
-0.435778
-0.350839
2.090654
-0.729699
-0.661261
-0.727652
-0.238954
-0.105168
-0.682321
-0.048179
-0.868742
-0.272990
0.951087
-0.504228
-0.683426
-0.187560
-0.584469
0.939681
-0.186788
-0.037372
-0.620751
-0.515084
1.742956
-0.660696
-0.216737
-0.195612
-0.273344
1.176907
-0.215240
0.533076
-0.417274
0.894679
-0.087533
-0.364044
0.003695
-0.582695
2.170774
-0.440119
0.039356
-0.023651
0.355449
0.627725
0.541986
-0.543781
0.287731
-0.840734
1.834802
-0.560563
2.035018
-0.467795
0.801297
-0.453634
0.755134
0.797121
1.506774
2.234520
3.434992
2.572037
1.885687
0.607029
-0.277177
-0.870733
-0.415596
1.009546
0.015246
0.910174
-0.680724
0.457712
0.115861
1.062278
0.840347
-0.518178
0.561684
-0.383689
1.543061
-0.638084
-0.183034
-0.368447
-0.519320
-0.493839
-0.703538
-0.279657
-0.720746
-0.681183
-0.186586
-0.830589
-0.255907
-0.154645
-0.069782
-0.473864
0.140087
-0.667034
-0.481925
-0.474067
0.070078
-0.244138
0.554653
-0.596049
-0.538725
-0.422907
-0.046901
-0.169348
-0.715443
-0.279677
0.081243
-0.904702
0.773658
0.034437
0.235724
0.057449
0.622786
0.581028
-0.528670
0.642471
-0.809441
-0.394360
-0.547480
0.823544
0.568303
1.839547
-0.386690
-0.559820
-0.246578
-0.915514
-0.719573
-0.756457
-0.501629
-0.096933
0.250865
-0.142905
0.831576
0.355434
0.526479
-0.517078
-0.276242
-0.496133
0.252574
0.707455
-0.360069
-0.641601
-0.171239
-0.316238
0.598302
-0.460228
-0.558924
0.276670
-0.515117
-0.712444
-0.119572
-0.034034
-0.547823
-0.803455
-0.287941
-0.021089
-0.543977
-0.344800
0.353621
-0.052095
-0.246777
0.144597
-0.514097
0.270016
-0.694456
-0.728941
-0.516539
-0.854538
-0.711084
-0.101654
-0.083683
0.641933
0.533920
-0.280172
-0.021915
-0.359095
-0.224497
0.021508
-0.288142
1.753981
-0.270545
0.049849
-0.332612
-0.127469
-0.352398
0.978397
-0.769107
-0.515137
1.226537
0.680337
-0.689165
0.102284
0.082823
0.992999
0.718432
-0.793638
1.008617
-0.783672
1.776830
-0.393857
0.434882
-0.499274
1.414229
0.617350
0.364789
-0.173732
-0.469679
0.891092
0.974075
0.373612
2.218003
1.649056
3.584389
2.550870
1.662249
-0.176737
-0.259864
-0.007318
-0.427880
0.474733
0.298657
0.166790
0.375174
-0.424464
1.448341
-0.138611
1.320875
0.211050
-0.483467
1.145891
0.433140
-0.178216
-0.634763
-0.791712
-0.532660
-0.905963
-0.348952
-0.221973
-0.171222
-0.798606
-0.085234
0.235130
-0.853351
-0.976123
-0.679982
-0.011818
-0.314986
-0.337895
-0.451003
0.113988
-0.576851
1.164625
-0.429568
-0.362001
0.797682
-0.305719
0.690346
-0.327218
-0.646115
0.038119
-0.685986
0.346848
-0.371407
-0.543394
-0.064371
-0.727280
0.495969
-0.362515
-0.788228
0.796139
-0.185146
-0.038710
0.391687
-0.616623
-0.436715
0.290352
-0.565342
1.857530
0.480935
0.012636
-0.521467
0.157730
-0.561852
-0.358227
0.086831
-0.769567
-0.467210
-0.245759
-0.564963
0.253644
0.000351
-0.092341
-0.733908
-0.247627
0.994834
-0.225804
-0.626044
-0.481203
0.577339
1.727464
-0.586569
0.324338
-0.291053
-0.558733
0.362642
-0.164348
-0.390642
0.003074
-0.188484
0.583348
-0.822019
-0.556060
-0.745345
-0.106350
-0.002035
-0.769306
0.094502
0.112223
-0.745084
-0.835720
-0.205565
-0.641161
-0.615587
0.246213
-0.664119
-0.734134
-0.441283
-0.772260
-0.610708
-0.393479
-0.500628
0.503265
-0.633751
0.298664
-0.289905
-0.081842
-0.259122
-0.362615
0.522958
1.657318
0.185365
0.109089
0.197491
-0.588595
1.303026
-0.703914
0.052827
-0.162899
0.307624
1.168373
-0.870611
0.062306
-0.205867
1.848537
-0.599473
0.084493
-0.477271
-0.160076
1.377675
-0.676121
0.864508
-0.529565
0.337162
0.295627
1.883189
1.968861
3.377873
3.459893
2.245696
0.627282
-0.084871
0.339476
0.054018
0.030962
0.382739
-0.040199
-0.640318
0.568113
-0.425581
1.720149
-0.395302
0.581979
0.397254
0.380654
0.892221
-0.715224
-0.666092
-0.472276
-0.867473
0.056133
-0.578418
-0.607238
-0.403431
0.142435
0.036271
-0.108793
-0.413779
-0.675406
-0.182529
-0.342684
0.476708
-0.771956
0.196189
0.636537
-0.696252
-0.568037
-0.015026
0.903290
-0.460485
-0.434399
-0.286246
0.519734
-0.171097
0.321767
-0.624989
-0.261965
0.770651
-0.676842
-0.220312
-0.725890
0.181451
0.187201
-0.556185
0.140506
-0.591113
0.588952
0.793277
-0.172895
0.345641
-0.402563
0.084892
-0.445028
0.024718
1.295418
0.577776
0.141282
-0.385176
0.221131
-0.792033
-0.524818
-0.591937
-0.004554
-0.537002
-0.246885
0.372653
0.322224
-0.061735
0.131247
-0.198637
-0.705967
0.071925
0.543251
-0.401360
0.104737
0.372176
-0.289518
-0.239556
-0.161757
0.056597
0.239919
0.190623
-0.534925
-0.487108
-0.330984
-0.276646
0.130034
-0.709448
-0.621770
-0.528125
-0.424318
-0.533152
0.062753
0.335026
-0.502867
0.239025
-0.418261
-0.287626
-0.095346
-0.372139
-0.008808
-0.462769
-0.551742
-0.477362
-0.583481
-0.699585
-0.455631
-0.269009
-0.238613
-0.431032
-0.106306
-0.553158
0.121051
-0.625430
-0.106929
1.578906
-0.559169
-0.537487
-0.635424
-0.068903
1.191083
-0.193997
-0.271910
1.713583
-0.436510
1.179781
-0.752809
-0.392716
2.252656
-0.601311
-0.685494
-0.192720
-0.160634
0.630162
0.215852
-0.455622
0.482811
0.566934
0.627614
0.987619
2.039018
1.108223
3.764602
4.032048
1.028780
1.486288
-0.607046
-0.518424
-0.617983
0.659596
0.550764
0.386018
-0.395538
0.353712
0.618567
0.146260
-0.235476
0.594238
1.677183
0.042733
0.264718
-0.346952
-0.828620
0.124155
-0.602897
-0.478496
-0.670945
-0.213766
-0.398683
-0.836295
-0.750744
-0.195969
-0.599843
0.125119
-0.752828
-0.129310
1.024290
-0.531543
1.624281
-0.332556
-0.263006
0.077110
-0.146280
0.694109
-0.762810
0.659117
0.292252
0.349663
-0.332458
-0.130032
0.516928
-0.322676
0.151273
-0.629028
-0.670118
0.307059
0.178366
-0.316103
-0.378982
-0.312411
0.171582
1.337283
-0.837392
0.361444
-0.108065
0.287979
0.368521
-0.397376
0.625264
0.375760
-0.247901
0.048488
-0.153739
-0.462457
-0.297064
-0.125463
0.755079
-0.771203
0.452643
-0.673128
-0.129696
0.333216
-0.068397
0.173758
-0.373515
-0.703256
-0.659162
-0.172836
-0.395442
-0.637630
-0.592078
-0.564697
-0.570657
-0.281496
-0.659822
-0.594622
-0.105009
-0.464123
-0.279116
-0.611498
-0.578829
0.154513
-0.441884
-0.536840
0.191388
0.063905
-0.896376
-0.254276
-0.528637
0.216468
-0.432646
-0.774598
-0.482575
0.395342
-0.480482
-0.396526
-0.808888
-0.580352
1.064829
0.177986
-0.085939
-0.121690
-0.205109
0.152253
0.509360
-0.663459
0.348860
0.296219
-0.455242
0.363754
-0.370687
0.539628
-0.113720
0.343872
-0.409475
-0.068710
-0.485845
0.542709
0.035870
-0.215854
0.176442
-0.874694
1.327520
0.190187
-0.522668
-0.242161
-0.598847
-0.264096
0.911709
-0.372908
-0.585470
1.406254
0.455565
1.071611
-0.067155
1.217755
2.611703
3.230955
3.468879
1.967244
2.494202
0.839752
0.055444
-0.034797
0.525944
0.195935
0.035147
-0.023524
0.646120
0.084551
0.324230
0.495825
0.309679
1.399504
0.360680
-0.050336
-0.301105
-0.160025
-0.574540
0.352557
-0.674358
-0.779252
-0.432356
0.124642
0.277983
-0.605978
-0.705663
-0.693441
0.199523
0.272557
-0.535617
-0.018749
-0.807873
0.221720
0.813029
-0.561828
-0.351182
-0.653355
0.548436
-0.247627
0.512999
-0.654755
0.875181
1.000934
-0.028540
0.138810
-0.422652
0.916826
-0.478916
0.109597
-0.776314
-0.362721
0.116313
0.496149
-0.191612
0.304580
-0.234443
0.314008
1.027977
-0.846030
0.305724
-0.634617
-0.247282
-0.237389
0.619290
-0.576615
0.380108
-0.667290
-0.074743
-0.017313
-0.675056
-0.773250
-0.412221
-0.091327
0.580173
-0.633525
-0.772774
-0.460426
-0.146031
-0.545623
-0.583399
0.181711
0.273652
-0.777881
-0.419468
-0.347965
-0.324377
-0.402617
-0.702962
-0.383110
-0.275995
-0.073608
-0.025728
-0.342608
-0.561357
0.196035
-0.596728
0.240272
-0.419543
-0.561159
-0.339299
0.155584
-0.288997
-0.152330
-0.235863
-0.596685
0.051460
-0.507125
-0.587236
-0.410953
-0.924388
0.506886
-0.167397
-0.540816
0.051320
-0.032646
-0.716072
0.126130
-0.526259
0.095654
0.259495
-0.246869
-0.006845
-0.328179
0.191161
0.135542
-0.188038
-0.408660
-0.407715
-0.338465
0.975586
-0.477846
0.808830
-0.407417
0.436829
0.203251
-0.826827
0.773465
-0.357087
1.625463
-0.482942
-0.812029
1.257631
-0.338530
0.408160
-0.190502
-0.061679
2.123561
0.417342
0.433836
0.871746
0.485086
3.686760
2.310892
2.730960
3.449931
2.382611
1.814412
-0.640432
0.952688
-0.552173
0.589964
-0.110318
0.222506
0.697437
0.507644
-0.265646
0.782514
0.980747
0.192775
1.827456
0.010714
0.624836
-0.366567
-0.402224
-0.918075
-0.281493
0.254290
-0.208895
-0.925381
-0.923036
-0.771607
0.117641
-0.207419
-0.636911
-0.807515
-0.197246
-0.401720
0.220646
-0.707609
0.105555
0.313306
0.608500
-0.234248
-0.193798
-0.036223
-0.378646
0.773058
-0.530846
0.868211
-0.547862
-0.270853
0.224823
-0.517119
0.583405
-0.462908
0.609835
-0.770352
0.933684
-0.346510
-0.794949
0.230825
-0.389203
0.864907
-0.711512
-0.680665
-0.062398
-0.626840
-0.672481
1.537988
-0.284361
0.058991
-0.801958
-0.717805
-0.406756
-0.676801
-0.391558
-0.720507
0.173271
0.202110
-0.381342
-0.474703
-0.677624
-0.732019
0.218317
-0.732580
-0.664488
-0.436937
-0.722346
0.539092
0.278216
-0.644982
-0.061293
-0.332413
0.198493
0.520823
0.108661
0.718167
0.177815
-0.243881
0.029158
-0.446545
-0.068712
-0.164858
-0.076182
-0.661737
-0.536580
-0.485532
0.034780
-0.219853
-0.817269
-0.045132
1.036766
-0.882112
-0.680913
1.068089
-0.232704
0.370255
-0.599237
-0.409632
0.015130
-0.843398
-0.841289
-0.725703
-0.126150
-0.026195
-0.277744
-0.303387
-0.301027
-0.135110
0.395663
0.239290
-0.174180
-0.036779
0.500869
2.033314
-0.135287
-0.231197
0.465950
-0.417314
0.640401
-0.880227
-0.017565
-0.840431
1.018196
-0.590811
-0.659100
-0.576209
-0.392754
0.369390
-0.853014
0.083351
-0.576421
0.887597
0.065697
-0.202512
0.235071
0.033646
1.133272
0.354322
2.076537
2.297476
3.916500
3.467037
0.382899
0.503475
0.435571
0.893620
0.025730
-0.015454
-0.139095
-0.501546
-0.785251
-0.520619
-0.120870
1.754608
-0.660696
-0.592426
1.153265
0.649032
1.357247
-0.681247
-0.644844
-0.253214
-0.156725
-0.484333
-0.606512
-0.262584
0.100346
-0.417983
0.183212
-0.624527
-0.777838
-0.620782
-0.781693
0.601474
0.180527
-0.775257
-0.406535
-0.748347
1.298333
-0.362813
-0.768203
-0.720782
-0.197255
-0.560048
-0.172400
-0.276958
-0.557090
0.424077
-0.842039
-0.081094
0.589511
-0.067697
1.038611
-0.565788
0.892638
0.099322
0.841088
-0.186970
-0.235907
0.797981
0.263942
0.330660
-0.146904
0.805927
-0.568137
-0.103403
-0.031754
-0.734683
0.912122
-0.390301
0.151996
-0.463167
-0.322377
-0.240135
-0.797323
-0.907941
-0.750551
-0.103147
0.772641
-0.134934
-0.421797
-0.384988
-0.455106
0.440557
-0.108069
-0.151369
0.515094
0.363970
-0.683447
-0.275112
-0.478205
-0.396909
-0.529810
0.477520
-0.334214
-0.347266
-0.630451
0.344290
-0.760193
-0.105706
-0.538303
1.064449
-0.102140
-0.358598
-0.757196
-0.033857
-0.741768
0.564917
-0.058832
-0.510988
-0.301853
-0.542214
0.224431
-0.023569
0.289996
-0.451283
-0.508376
-0.728864
-0.367902
-0.075018
-0.452755
-0.161609
-0.662157
-0.208312
-0.212117
0.232396
-0.834353
-0.585611
0.487894
-0.433742
1.050569
-0.493844
0.579287
0.377374
1.179982
-0.171599
-0.907809
1.078176
0.662467
-0.297795
-0.405761
-0.750397
1.469492
0.979390
1.260528
-0.077535
1.326355
0.238191
1.177850
0.160905
0.253620
0.728753
1.628406
2.943358
1.427163
1.120524
0.886511
1.189152
-0.507487
1.154261
0.519703
1.214627
0.342630
-0.073507
0.038447
-0.027427
-0.337481
0.466017
-0.182320
-0.022513
1.012657
-0.241899
0.188004
-0.731981
-0.317414
-0.501618
0.515222
-0.582345
0.108182
-0.177148
-0.433560
-0.668444
-0.772028
-0.283200
-0.463292
-0.189564
-0.074772
-0.003252
0.188567
-0.597825
-0.232917
-0.714430
-0.072551
0.686693
-0.028130
-0.320814
-0.197307
-0.110359
-0.087309
0.049781
0.108244
-0.498680
0.863922
0.230590
0.684157
-0.772698
0.202702
0.711131
0.173261
0.727027
-0.416961
-0.615280
-0.647659
-0.710435
0.546273
0.953573
0.743698
0.909289
-0.196546
1.059488
-0.497808
-0.229150
-0.506881
-0.493293
-0.377405
-0.321689
0.157039
-0.303117
-0.199158
-0.480958
-0.881034
-0.233254
-0.494668
-0.686940
0.228218
0.022522
0.655747
-0.325279
-0.044090
0.250528
-0.453256
0.077034
-0.323422
0.039207
0.767834
-0.569015
-0.865617
-0.272165
-0.445715
0.436298
-0.274583
-0.585464
-0.571493
0.785067
-0.040446
-0.264212
-0.307509
-0.252509
0.272215
-0.367764
-0.667862
0.016796
-0.617037
-0.439328
-0.089585
-0.618372
0.140399
-0.216647
-0.418080
-0.358954
-0.526507
-0.723117
-0.911067
-0.125550
0.083803
1.508089
0.052620
0.056772
-0.580150
0.047984
-0.379788
0.153144
-0.079597
0.833906
0.207443
0.687316
0.063717
1.033551
0.181922
1.271844
0.350426
-0.619664
1.028248
-0.430985
1.764409
0.155980
1.192063
1.401109
0.969611
2.103343
0.159629
0.840439
