0.000000
-0.743620
-0.851937
-0.589782
-0.702626
-0.617877
-0.667329
-0.474176
-0.158059
0.284405
0.193811
-0.246099
-0.613840
-0.365277
0.172318
-0.188421
-0.290703
0.111307
-0.415928
-0.207993
-0.491802
-0.856161
-0.654953
-0.549862
-0.375932
-0.008676
-0.691017
-0.085658
-0.482363
0.251358
-0.182091
-0.538170
-0.421276
-0.140326
0.187387
-0.338841
0.172564
-0.834164
-0.198774
-0.701943
0.165594
-0.680166
0.012793
-0.804981
0.882708
-0.829489
-0.254177
1.353462
1.112616
-0.448413
0.586874
-0.425888
1.141892
1.779968
0.776061
0.645336
-0.431556
-0.780194
-0.508016
-0.124667
-0.136260
-0.868033
-0.403965
1.042716
0.141917
-0.318197
1.118161
-0.543321
0.087069
0.036437
0.804449
-0.541266
-0.310359
-0.176348
-0.324942
-0.334439
-0.381572
-0.399756
-0.009317
-0.513926
-0.065007
-0.026925
-0.206793
-0.880477
0.114487
0.352442
-0.608056
-0.252248
-0.411235
-0.621563
-0.770928
0.858996
0.294333
0.579079
1.225756
0.958501
-0.191811
1.061810
0.449070
0.799206
-0.207213
-0.305955
-0.609313
1.701421
4.569076
0.350604
0.170618
0.384561
-0.693146
-0.081659
-0.027827
-0.436312
-0.527669
-0.615499
0.125055
-0.368204
0.050354
-0.687122
-0.532765
-0.720384
-0.031597
-0.468220
-0.773172
-0.558449
-0.460636
-0.629437
-0.451168
0.518782
-0.855781
-0.527675
-0.722905
-0.215419
-0.359914
-0.587906
-0.331598
-0.617024
-0.434870
-0.302308
0.350051
0.082581
0.604152
-0.171627
-0.229998
-0.389727
-0.380799
0.120406
-0.735362
-0.933476
-0.638112
0.673981
0.249854
-0.903764
0.214025
0.302810
-0.600579
-0.649010
0.002441
0.569708
-0.151506
0.622520
0.896029
0.032713
-0.208637
-0.104410
-0.146402
-0.498639
0.945277
-0.149105
0.533865
1.518045
0.358311
0.401305
-0.692322
-0.000989
0.574573
-0.194784
-0.329085
-0.517634
-0.609252
-0.115828
1.828691
-0.484715
0.639593
-0.709625
0.209755
-0.894262
-0.982513
-0.179837
-0.441637
-0.517476
-0.520170
-0.375262
0.250997
-0.730747
-0.382007
-0.196195
0.384899
-0.531465
-0.108829
1.213261
0.467630
-0.064485
-0.011485
0.338230
-0.005495
3.602512
1.400909
1.634944
1.666081
-0.550343
0.291064
1.091060
2.071521
0.046917
-0.249785
-0.087285
0.033730
3.862957
3.234511
1.551318
0.294672
-0.376990
-0.677645
-0.875663
-0.970386
-0.866325
-0.282384
-0.436921
-0.892335
-0.498552
-0.783835
-0.761750
-0.341383
-0.476782
-0.330593
-0.930403
-0.520842
-0.720845
-0.260117
-0.822256
-0.635660
-0.851857
-0.849128
-0.523001
-0.396383
-0.133523
-0.660410
-0.914556
-0.077526
-0.956737
-0.700636
-0.730821
-0.683205
-0.488846
0.135986
-0.462740
-0.780672
0.329729
-0.588446
-0.151636
-0.746180
-0.797631
-0.023002
-0.750297
-0.100672
-0.610774
-0.549809
-0.545179
0.369174
1.610999
0.897165
0.496283
0.647615
1.639334
1.028630
0.354454
3.768917
0.714698
-0.297260
-0.816109
-0.602154
2.261305
0.825630
-0.161178
0.141836
-0.120702
-0.223993
0.386894
-0.391324
-0.777648
-0.835211
0.422531
-0.698886
0.046675
0.346345
0.184429
-0.666395
0.293039
-0.427434
-0.244261
-0.243972
0.172408
-0.417245
0.639853
0.152649
-0.028401
-0.364259
-0.915046
-0.289647
0.050035
0.183477
0.537283
1.426211
0.312784
-0.351207
-0.525436
-0.926020
0.602463
1.495158
0.847518
1.943337
1.071176
-0.537560
1.207611
0.617111
0.135273
2.773789
0.568359
-0.763715
2.694332
1.285930
4.269923
-0.491548
0.051719
1.312839
0.386101
-0.119180
0.469357
-0.334898
-0.893871
0.072103
-0.276039
-0.913073
0.451859
-0.669131
-0.798446
-0.278661
-0.687528
-0.308920
-0.596880
-0.575075
-0.912357
-0.747639
-0.842459
-0.726625
-0.845508
-0.407899
-0.645782
-0.863813
-0.511439
-0.837153
-0.756084
-0.848024
-0.637902
-0.658455
-0.719285
-0.853419
-0.863061
-0.328200
-0.756079
-0.427537
-0.802070
0.333282
0.095154
-0.602514
-0.616629
-0.632543
0.112747
0.226299
-0.606992
0.108552
0.186454
-0.434928
0.084342
0.324009
-0.608329
0.906475
1.596619
0.417537
-0.189621
0.906459
0.789258
2.622631
-0.016686
-0.554043
-0.284469
-0.696791
1.653191
2.607538
1.754623
-0.114159
-0.228507
-0.355185
-0.049634
0.535580
0.354043
-0.513097
-0.755177
-0.336176
0.232557
-0.141754
0.380380
-0.370650
-0.150042
2.264158
0.509600
-0.645638
-0.398418
-0.302920
-0.923006
-0.587592
-0.084195
-0.693347
-0.587002
-0.556845
-0.516002
-0.076216
-0.349213
0.016565
0.752220
0.999643
0.852378
-0.833894
1.280317
0.094629
-0.704200
0.725994
-0.323549
1.098121
0.367631
0.751197
2.083528
0.931043
-0.666859
2.104323
1.922953
2.740522
2.507079
2.037198
0.254080
-0.444215
0.514234
0.350786
-0.710011
-0.110160
-0.606867
-0.809872
-0.664001
0.066898
-0.220427
-0.425122
-0.918829
-0.731183
0.173896
-0.460556
-0.622300
-0.626568
-0.882442
-0.674988
-0.541652
-0.746347
-0.806807
-0.338825
-0.961423
-0.584937
-0.301044
-0.756113
-0.628525
-0.645949
-0.718442
-0.503591
-0.262886
-0.797086
-0.541991
-0.326485
-0.205521
-0.547037
-0.111374
0.262614
-0.924825
-0.617471
-0.586749
-0.367894
-0.181422
0.696699
0.019287
-0.612231
0.754067
0.308610
-0.524028
-0.538499
0.724496
-0.172827
0.448796
0.304553
-0.438328
0.474817
0.128443
1.761789
0.671939
0.622117
0.249290
-0.166611
1.034250
3.395296
1.627861
0.502418
-0.578898
-0.596350
-0.783261
-0.069236
-0.785450
0.942616
0.079651
-0.103303
-0.599547
-0.527756
0.904050
-0.022373
0.638551
-0.572062
-0.468972
-0.353559
-0.572844
-0.160072
0.265919
-0.418655
0.544127
0.748482
0.058749
-0.104173
0.219075
-0.786398
-0.762003
1.119675
1.240900
1.177111
-0.594189
0.705539
0.901171
3.746541
2.667737
1.096374
1.864632
1.070042
0.361371
0.678198
-0.327857
-0.752654
1.807110
1.274445
0.738806
-0.575465
1.861970
3.230962
-0.504481
1.032121
-0.739963
0.078116
-0.872168
-0.593476
-0.861067
-0.542219
1.042884
-0.564583
0.476626
-0.863578
0.025732
-0.301650
-0.496370
-0.828803
-0.179592
-0.890013
-0.517644
-0.356082
-0.987461
-0.492157
-0.813801
-0.487106
-0.926120
-0.365508
-0.823185
-0.702929
-0.827619
-0.779164
-0.394488
-0.808796
-0.923495
-0.850671
-0.863750
-0.322080
0.208920
-0.687917
-0.354182
-0.198107
-0.194832
0.314529
-0.413249
-0.846390
-0.424429
-0.225030
-0.706758
-0.139157
-0.464308
-0.181189
-0.579766
-0.474565
0.015428
0.956075
1.431828
0.305912
-0.479959
-0.515857
0.813319
-0.180790
-0.701818
-0.480804
-0.563500
2.284807
2.182474
1.483877
0.531775
-0.071573
-0.647908
-0.329530
-0.180839
-0.604789
-0.196268
-0.454078
-0.380251
0.198891
-0.234762
0.599563
-0.069468
-0.189779
0.997290
-0.365709
-0.390279
-0.152741
0.505611
0.095140
-0.791001
0.381558
-0.636256
-0.329136
0.218017
0.006614
-0.118261
0.282545
-0.018588
-0.275209
0.073124
-0.027227
0.025909
-0.537736
2.065337
2.502079
-0.472794
1.732337
1.514648
0.217080
2.728463
0.772916
0.251877
2.128870
2.639943
1.099558
3.228507
5.312434
0.291359
0.231379
-0.691000
0.611407
0.028365
-0.553197
-0.140253
-0.527108
-0.335470
-0.743016
-0.714203
-0.540851
0.079281
-0.731278
-0.624362
-0.695780
-0.822944
-0.764885
-0.309563
-0.641496
-0.646200
-0.447579
-0.519776
-0.968628
-0.311483
-0.499421
-0.422766
-0.841900
-0.416021
-0.226189
-0.431361
-0.530473
-0.120476
-0.865462
-0.657440
-0.725690
-0.389321
-0.313160
-0.523553
-0.134225
-0.134493
-0.624524
-0.252208
-0.514123
-0.580179
0.080933
-0.809382
0.137198
1.017026
-0.726536
-0.854785
1.575323
-0.744259
2.186760
-0.396667
1.933001
3.128148
-0.199276
1.877156
0.546951
-0.562212
-0.538560
-0.274965
2.051472
2.519562
0.802888
-0.089972
-0.728145
-0.690573
0.000652
-0.485692
-0.020333
-0.481194
-0.841364
-0.111515
-0.604762
0.697900
-0.525652
0.495544
-0.739710
0.086209
-0.097641
-0.176504
-0.503399
-0.520751
-0.058013
0.068352
-0.213165
-0.325539
-0.500814
0.147969
-0.647977
-0.690799
0.379404
0.907247
0.004147
0.029580
-0.350013
0.154954
1.304149
2.801531
-0.770627
1.653194
1.452005
0.679730
0.925708
0.869570
1.975841
-0.395886
0.754470
2.660736
0.729497
3.694721
2.162940
2.385296
-0.761562
0.928877
-0.628412
0.386750
-0.032260
-0.328474
-0.548183
-0.331283
-0.709228
-0.025558
-0.691689
-0.818902
-0.934648
-0.517187
-0.574964
-0.496278
-0.660496
-0.806973
-0.907365
-0.085740
-0.865233
-0.886777
-0.807149
-0.639982
-0.707189
-0.770652
-0.964361
-0.845575
0.035622
-0.615239
-0.270303
-0.256232
-0.711892
-0.550508
-0.134208
-0.299444
-0.659983
0.003038
-0.628139
-0.352912
-0.422783
-0.794827
-0.324094
-0.695296
-0.638318
0.125864
-0.303380
-0.697380
-0.070661
1.213552
0.372948
-0.030765
2.107054
0.698561
0.542936
2.741807
-0.182851
1.487501
-0.307138
-0.240876
-0.624601
0.064265
1.498025
0.351579
0.483580
-0.396592
0.209199
-0.417822
0.054622
-0.622160
0.757059
-0.278802
0.097142
-0.382038
-0.424180
-0.171183
-0.736134
-0.069763
-0.619015
-0.474402
-0.805172
-0.664417
-0.807824
-0.583012
-0.393747
-0.424822
-0.445655
0.213465
-0.513901
-0.531175
-0.408550
0.199851
-0.372202
0.091702
-0.199913
0.144639
0.947792
0.298989
1.171033
-0.344871
0.887267
1.610094
2.496860
2.557321
-0.052374
0.571416
2.644455
1.528198
4.001202
3.314800
0.914361
2.052691
-0.176749
2.127480
-0.775437
-0.409888
-0.498740
-0.319050
0.050425
-0.458337
-0.724487
-0.284344
-0.877926
-0.646575
-0.713597
-0.427399
-0.693913
-0.646066
-0.635519
-0.808839
-0.691668
-0.440661
-0.982292
-0.481040
-0.300917
-0.686583
-0.809046
-0.724649
-0.789236
-0.845614
-0.573978
-0.129653
-0.739454
-0.875989
-0.758492
-0.598863
-0.587634
-0.647080
-0.873817
-0.653566
-0.093905
-0.576240
0.328389
-0.680686
-0.575163
-0.514266
-0.698280
-0.526194
-0.966471
-0.589538
-0.369370
0.115615
-0.325668
2.280843
2.083996
0.201340
-0.604213
0.599251
2.331774
1.160546
0.034384
0.492506
-0.632225
3.435470
5.300408
1.856034
0.621493
-0.329356
-0.849008
-0.747182
-0.590123
1.470963
-0.381581
-0.698319
-0.812429
-0.090911
0.913384
-0.474536
1.744851
-0.765201
1.075466
-0.461927
0.018612
-0.505144
-0.479670
-0.204794
-0.477488
0.023896
-0.304973
-0.241464
-0.353812
-0.134469
0.082169
-0.901639
-0.241313
-0.581675
-0.141527
0.255239
-0.454256
-0.019730
1.641817
3.390328
0.715135
0.729125
0.237659
0.732194
1.960460
1.603887
0.733167
0.009960
3.457877
-0.039715
4.222644
-0.880536
-0.374236
1.166278
0.224713
1.748427
0.026290
-0.529711
-0.491440
0.202718
-0.232098
-0.951331
-0.830323
-0.443267
-0.381499
-0.253597
-0.728280
-0.490122
-0.636925
-0.651796
-0.852560
-0.749573
-0.515561
0.032212
-0.403606
-0.729088
-0.577972
-0.155278
-0.792471
-0.154360
-0.625065
-0.568535
-0.821326
-0.408727
-0.560764
-0.846081
-0.643146
-0.260138
-0.300870
-0.248282
0.263526
1.021866
-0.866565
-0.518298
-0.870032
-0.754168
-0.691199
-0.869517
-0.859992
0.941288
-0.495835
1.079171
0.294050
-0.509836
-0.127105
-0.119753
1.585078
-0.649413
0.827395
-0.792191
-0.395848
0.148136
-0.784755
0.606330
3.075461
2.138592
0.388560
-0.150451
0.803974
-0.121049
-0.536706
1.112972
0.631896
-0.254776
-0.433931
-0.869866
-0.292335
-0.344480
-0.462564
-0.388111
-0.906467
0.008564
0.280288
-0.523451
-0.832153
-0.280044
-0.537118
-0.451128
-0.044366
-0.237149
-0.154196
0.027251
-0.613586
-0.755724
-0.039857
1.264333
-0.212426
-0.851389
-0.388737
0.266798
-0.870139
1.352903
3.628959
-0.353739
2.770199
0.801143
-0.391022
1.983275
1.158718
2.397084
2.278268
0.145355
3.233164
3.468962
1.459522
0.381652
-0.025070
2.172946
-0.860812
-0.563536
-0.170084
-0.342124
-0.642685
-0.713621
-0.414124
-0.329389
-0.604960
-0.577275
-0.735474
-0.473776
-0.807290
-0.189048
-0.664621
-0.466942
-0.230430
-0.506356
-0.822108
-0.825451
-0.470675
0.240376
-0.150796
-0.053350
-0.004765
-0.757244
-0.534165
-0.351145
-0.153496
-0.532208
-0.769337
-0.686722
-0.640799
-0.351498
-0.092068
-0.624642
-0.220515
-0.426288
-0.584574
0.024998
0.126144
-0.504114
0.038759
-0.119400
-0.578201
0.388823
0.928145
-0.951909
2.926375
-0.514361
1.994441
0.616151
0.536863
-0.337955
0.007454
-0.141517
0.260448
2.671455
1.587897
-0.573783
0.432040
-0.454558
-0.925206
-0.675759
-0.330168
-0.400829
-0.759724
-0.674535
-0.187459
0.871310
0.686184
-0.240229
-0.275042
0.050787
-0.226812
-0.429271
-0.735969
0.140325
-0.954106
-0.319627
-0.616460
-0.156073
-0.688635
-0.787997
-0.816442
-0.460777
-0.395389
0.277807
-0.962496
0.123408
-0.206189
-0.521842
-0.619754
0.118013
1.179449
0.642619
0.320363
1.016481
0.878157
1.796652
2.272744
1.659339
2.260085
-0.457180
-0.113757
0.195997
-0.704367
4.577277
5.986105
0.183360
1.677304
0.981224
-0.629644
0.189421
0.306308
-0.832215
-0.717901
-0.730155
-0.801495
-0.689969
-0.603101
-0.532191
-0.741990
-0.511536
-0.617629
-0.356785
-0.844318
-0.783227
-0.198961
-0.452494
0.443287
-0.548841
-0.272025
-0.780260
-0.801988
-0.431197
-0.665390
-0.721474
-0.711911
0.080595
-0.808221
-0.829940
-0.889800
-0.745188
-0.189774
0.286702
-0.507740
0.189498
-0.514107
-0.486956
-0.858385
-0.391016
-0.707116
-0.659117
-0.493013
-0.061670
-0.538987
-0.304072
-0.430192
-0.649951
0.277139
0.411598
0.648560
-0.006835
2.255040
0.920159
-0.112774
0.863883
0.770289
0.146889
0.149244
-0.668021
2.838185
1.499401
-0.652944
-0.508121
0.165569
-0.432302
-0.293666
-0.360474
-0.170400
0.111933
-0.809541
-0.445497
-0.336512
-0.313544
0.850908
0.378399
-0.543614
-0.879795
-0.459465
-0.738515
-0.802427
-0.477748
0.548801
1.434268
0.501938
0.624393
-0.038060
-0.181324
0.021987
-0.154443
1.547085
2.695448
1.055392
0.497709
0.995989
1.917681
3.023254
-0.464709
0.241411
0.784836
0.000086
0.184152
1.204134
3.009297
0.060475
3.567993
3.180527
0.227739
0.616922
-0.865441
1.601240
0.832190
-0.443628
-0.024855
-0.518215
0.070816
-0.266696
-0.548735
-0.170530
0.046839
-0.695497
-0.228019
-0.438907
-0.737340
-0.534863
-0.484445
-0.961183
-0.617699
-0.875426
-0.915038
-0.607389
-0.777665
-0.476240
-0.889526
-0.538395
-0.808848
-0.903901
-0.791384
-0.364482
-0.600322
-0.405581
-0.777120
-0.403118
-0.344526
-0.535819
-0.441094
-0.300248
-0.689368
-0.452891
-0.407759
-0.771661
-0.677075
-0.145054
-0.375272
0.618695
0.368397
-0.191162
-0.328724
-0.558692
-0.550414
-0.622617
-0.414657
-0.598844
-0.346100
-0.225522
-0.682410
1.740728
1.035616
0.586976
1.876805
0.025206
0.107753
2.862529
1.526892
0.389765
-0.145438
-0.572332
-0.487939
0.134639
-0.080013
-0.510434
-0.141718
-0.442649
-0.913080
-0.071198
-0.160615
0.646364
0.941117
0.164767
-0.668251
-0.752015
-0.304292
-0.618627
-0.070638
0.558094
-0.190078
-0.682084
-0.574726
-0.656725
-0.461848
-0.069846
0.836239
1.793189
1.192343
-0.304542
0.288853
0.629453
-0.018620
-0.637776
2.391351
2.181227
0.815600
0.639278
10.564161
-0.422331
3.763396
-0.139268
-0.354094
-0.729933
-0.864471
0.050750
-0.509706
0.032944
-0.016171
0.281633
1.288666
0.489186
-0.634154
-0.569295
-0.783506
-0.102240
-0.648186
-0.350610
-0.324199
-0.593640
-0.535546
-0.539615
-0.523740
-0.790029
-0.627383
-0.642925
-0.478618
-0.630964
-0.651745
0.138622
-0.493919
0.028576
-0.483572
-0.975555
0.132468
0.194313
-0.766496
-0.844628
-0.433242
-0.674761
-0.565669
-0.622964
0.834678
0.538851
0.954016
0.397681
-0.269839
-0.568440
0.483963
2.237081
1.808083
0.134085
0.538799
1.378518
-0.837080
-0.892225
-0.737380
-0.075339
-0.625003
0.299369
-0.748469
-0.780483
-0.576930
-0.850952
-0.709075
0.744578
-0.642622
-0.242940
-0.230750
-0.412131
-0.747561
-0.597714
-0.437196
-0.576560
-0.366819
-0.394615
-0.458673
-0.745413
-0.871261
-0.534732
-0.890387
-0.874683
-0.621529
-0.624570
-0.848220
-0.852761
-0.267418
-0.306958
-0.298699
-0.661958
-0.718610
-0.531365
-0.507397
0.121192
0.597582
1.177626
0.793977
0.350295
1.801006
1.900564
1.406651
-0.409912
2.129961
0.086603
-0.584410
0.244673
1.069938
0.140874
-0.228890
0.049460
0.118253
0.017883
0.318790
0.195018
-0.575437
-0.625876
-0.082933
-0.674536
-0.434943
-0.546569
0.881423
0.000092
-0.373262
0.199857
-0.472429
-0.032649
0.959746
0.346824
-0.733675
-0.685981
0.068957
-0.877898
-0.240816
1.297020
-0.554035
-0.680913
-0.603688
-0.429266
-0.289013
-0.568763
-0.833121
-0.726946
0.274731
-0.280128
0.231731
1.005488
-0.679872
-0.608702
0.680371
0.689883
-0.500547
-0.262346
0.155410
-0.561504
-0.782991
0.684205
-0.401011
0.614721
-0.863637
-0.601009
0.218389
-0.481855
0.596185
2.529478
0.728622
0.845101
-0.595486
1.750068
0.702678
-0.673532
-0.240454
-0.744067
0.203921
-0.260719
0.104755
-0.308598
-0.171761
-0.309168
-0.755788
-0.607506
-0.132504
0.384622
-0.104771
-0.516385
-0.703967
-0.722756
-0.873571
0.106870
0.096379
0.135609
-0.541083
-0.258017
-0.087067
0.376878
0.463757
-0.442032
-0.707551
-0.182217
-0.084516
-0.138844
0.127106
0.588076
-0.682993
-0.795321
0.380202
0.596213
0.432265
0.935021
1.296519
0.613901
-0.076597
0.884698
-0.046300
-0.183636
-0.598210
0.685968
1.397562
-0.871822
-0.427285
1.707383
6.695959
4.853667
0.776139
1.436948
0.562980
0.099308
-0.618290
-0.496683
-0.307693
-0.889240
-0.779800
-0.170636
-0.595225
-0.569015
-0.511055
0.048811
-0.582218
-0.249059
-0.239010
-0.573766
-0.302036
-0.680911
-0.869361
-0.638129
-0.045733
-0.619959
-0.818035
0.808564
0.633828
0.125621
-0.918129
-0.997884
-0.633733
-0.290129
-0.887482
-0.721791
-0.693876
-0.925622
-0.182268
0.654269
-0.434556
-0.442098
1.021154
0.201391
0.057105
-0.207660
-0.533460
-0.094778
-0.857563
0.056035
-0.805287
0.770875
-0.179555
0.396377
-0.468857
-0.145557
-0.022866
2.175084
3.023319
1.823058
-0.393677
0.491151
-0.440854
1.317325
-0.808712
0.338464
2.538331
-0.446899
-0.003501
0.262903
0.222960
-0.801231
-0.330641
-0.777780
-0.308147
-0.639508
-0.368873
-0.284694
-0.327578
-0.212192
-0.851548
-0.619994
-0.763143
-0.931312
-0.880856
-0.738137
-0.227682
0.087343
0.216922
-0.478689
-0.515666
-0.359281
-0.018315
-0.325987
-0.275044
0.312697
0.432505
0.118082
0.820914
-0.069253
3.026338
4.652276
-0.241243
2.286347
2.808636
-0.137079
0.048595
-0.660529
1.759544
0.508966
-0.126459
2.837964
0.428014
3.077318
1.675543
1.312237
1.090833
1.289492
1.097095
0.193602
-0.915876
-0.838494
-0.050169
-0.357678
-0.340505
-0.821446
-0.183806
-0.744124
-0.733407
-0.454027
-0.869348
-0.742145
-0.714299
-0.641896
-0.456034
-0.430435
-0.564433
-0.837113
-0.435447
-0.194257
-0.123688
-0.246709
-0.835495
-0.639133
-0.849668
-0.619323
-0.460755
-0.194741
-0.466537
-0.434196
-0.150736
-0.356375
-0.914986
-0.588112
-0.257147
-0.569038
0.048937
-0.040406
-0.614826
0.125383
0.254627
0.110667
0.134791
-0.493221
0.107264
-0.515765
-0.305522
-0.118608
1.480750
2.304708
-0.606900
2.718453
-0.680749
1.339725
-0.341226
-0.596559
0.881733
0.403131
-0.064043
-0.499473
-0.000190
-0.564423
-0.209439
-0.259079
-0.566824
-0.727291
-0.867725
0.010988
-0.267330
-0.292677
0.677717
-0.366140
-0.364867
0.565157
-0.379804
0.370521
-0.674206
0.042546
-0.543027
0.145082
-0.495037
-0.588688
-0.027659
-0.930175
-0.143362
-0.629661
-0.788885
-0.549157
-0.307016
-0.055006
-0.524104
-0.516500
0.686497
-0.283040
-0.389161
1.620319
0.203941
0.010432
-0.267088
-0.629176
1.026690
-0.387099
0.117689
-0.134950
0.156328
2.272481
8.589563
8.356016
5.135561
1.767921
-0.725216
-0.881540
0.996055
-0.246727
-0.893005
-0.024648
-0.672625
-0.560615
-0.076522
-0.618300
-0.551455
-0.640582
-0.820238
-0.810783
-0.782959
-0.050320
-0.730130
-0.522907
-0.880407
-0.616685
-0.680981
-0.609021
-0.874787
-0.836730
-0.255097
-0.657310
-0.632676
-0.919745
-0.418886
-0.688656
-0.815435
-0.849038
-0.370808
-0.845559
-0.605447
-0.403122
-0.560986
-0.843968
-0.830682
-0.871150
-0.672892
-0.677584
-0.677065
0.600550
0.022959
-0.596105
-0.532511
-0.457233
-0.172425
-0.803864
1.231059
1.202914
-0.435075
0.675357
-0.084613
1.765198
2.147606
0.958749
-0.951554
0.898872
-0.706552
-0.033769
1.046377
0.202261
0.279580
-0.529776
-0.424019
0.258460
0.077458
-0.199502
-0.487767
0.503293
1.793540
1.166619
-0.107935
-0.687592
-0.693309
0.948525
0.666117
-0.666291
0.274788
-0.970158
-0.354984
0.055305
-0.803507
-0.743436
-0.856446
-0.166131
-0.055121
-0.679468
-0.830793
0.268228
0.011204
-0.376422
-0.577472
-0.415463
-0.735314
-0.507303
-0.347730
0.568271
0.943844
1.714946
0.018372
0.937541
0.190474
-0.272713
0.107026
0.355553
-0.202792
0.928953
1.334660
0.883296
3.842375
3.666247
4.661587
4.558958
-0.886898
1.445716
1.218124
2.158464
7.123454
0.764701
1.565306
-0.233449
0.025549
-0.844287
-0.709521
-0.598247
0.141106
-0.276567
-0.345837
-0.720894
-0.508880
-0.860446
-0.569836
-0.659103
-0.251287
-0.679564
-0.543030
-0.707601
-0.787805
-0.265368
-0.636705
-0.624887
-0.257672
-0.628728
-0.748427
-0.054425
-0.244195
0.209854
-0.330525
0.312324
-0.859256
-0.641757
-0.852968
-0.422924
-0.533582
-0.472874
-0.285407
0.404768
0.712617
0.686233
0.022966
-0.097679
0.109756
-0.908884
-0.817720
-0.662615
-0.607117
-0.235106
0.368187
1.121016
2.330199
0.315239
1.676692
1.311503
-0.923340
-0.944336
0.347238
0.358424
-0.353388
-0.391597
-0.009586
-0.967646
-0.429853
1.344377
-0.654933
0.741455
-0.886519
-0.024158
-0.372617
-0.503403
-0.701585
-0.166692
-0.771951
-0.873942
-0.588435
-0.646592
-0.622291
-0.674525
-0.450929
-0.456971
-0.790023
-0.065157
-0.860664
-0.907688
-0.807623
-0.283811
0.059919
0.525169
-0.520590
-0.843987
0.372574
1.075629
-0.816977
-0.635564
-0.340486
-0.470695
-0.009397
-0.594757
-0.383365
0.186076
2.596397
1.497957
1.143927
1.189561
0.010549
0.233655
8.311335
3.644965
3.783868
0.979494
-0.530118
-0.114540
0.020728
-0.232847
-0.480791
-0.257427
-0.391435
-0.193299
-0.801940
-0.656841
-0.087140
-0.107088
-0.627417
-0.600330
-0.891942
-0.790491
-0.333683
-0.872076
-0.843684
-0.835184
-0.622883
0.414845
-0.761599
-0.541868
-0.351904
-0.839592
-0.750600
-0.700910
-0.587390
-0.340802
-0.466853
-0.296853
0.083360
0.262050
-0.679980
-0.274518
0.178776
0.442874
0.228827
0.195528
-0.481436
-0.526355
-0.589085
-0.707906
-0.332366
-0.715860
-0.487806
-0.400164
-0.169808
3.420941
3.847392
1.211993
0.315542
0.394052
0.000041
1.291981
0.071830
-0.659047
0.890947
-0.674868
-0.656212
0.493447
-0.509655
-0.368670
-0.198347
0.205466
-0.492150
0.383938
0.532652
0.446767
-0.393702
0.336156
-0.509905
0.075927
0.533879
-0.537744
-0.107540
-0.153843
-0.098699
-0.159253
-0.091698
-0.526485
-0.373635
-0.411874
0.425132
0.817117
1.301238
-0.370753
-0.428692
0.048302
0.875931
0.627448
0.505244
1.018107
1.433961
0.733552
-0.124714
-0.813048
1.491353
0.095734
1.057733
1.539846
0.209236
1.440218
3.271371
2.910309
1.368466
0.742454
-0.313980
1.018522
-0.308515
-0.149928
-0.373812
-0.193293
-0.481297
-0.458426
-0.560586
-0.215289
-0.495305
1.100318
0.302582
-0.027007
-0.799042
-0.960820
-0.716400
1.179790
-0.753165
-0.132279
-0.701202
0.239177
-0.542907
0.004744
0.751471
0.155869
-0.055668
-0.936209
-0.595299
-0.318907
-0.091224
-0.531523
-0.599129
-0.510232
-0.286365
-0.413115
-0.630856
-0.406387
-0.610679
-0.828859
-0.716426
-0.397539
-0.609027
-0.773720
-0.900459
-0.867074
-0.482163
-0.150182
-0.385312
-0.516314
-0.557937
-0.815982
-0.326717
-0.619820
-0.467107
-0.143298
-0.516478
0.163242
-0.691558
0.224691
2.410032
0.101187
-0.004704
-0.627044
-0.553663
-0.257179
0.400419
-0.514935
-0.455965
-0.207139
-0.508429
-0.202807
0.571739
0.108902
-0.227061
-0.394046
1.758317
0.421848
0.826309
0.622743
-0.110498
-0.813775
-0.167040
0.163693
-0.525653
-0.106335
-0.176370
0.652405
-0.029596
-0.042202
-0.361578
-0.348059
-0.378906
-0.422404
1.058139
-0.635827
-0.638968
-0.846092
0.395342
-0.101781
-0.224721
0.592834
-0.584248
-0.014445
-0.020176
-0.305477
0.376193
-0.272143
0.837335
0.086534
2.115743
-0.781129
1.085660
-0.330062
-0.480750
0.931271
0.144656
2.092122
4.177701
-0.344128
0.255749
1.569961
-0.828444
1.094917
0.384187
0.163735
0.829757
1.540917
0.323126
2.433973
0.376405
-0.724761
0.839148
0.731020
0.160861
-0.104805
0.290331
-0.931579
0.075731
-0.482458
-0.706666
-0.756327
-0.149307
0.491455
-0.628681
-0.576822
-0.602334
-0.233978
-0.917996
-0.616519
-0.691331
-0.422591
-0.284609
-0.204103
-0.710699
-0.716561
-0.696379
-0.392845
-0.798222
-0.867170
0.355177
-0.471911
0.021475
-0.420141
-0.373428
0.085312
0.445386
0.164114
-0.756073
-0.736501
-0.771832
-0.564985
-0.157366
-0.105823
0.348698
0.180359
-0.659461
-0.005610
0.003191
0.685000
-0.707347
0.666369
1.244835
-0.779959
0.751117
-0.114483
-0.860498
-0.175446
-0.339634
-0.700680
0.210144
-0.588158
-0.272311
-0.156673
-0.479922
-0.727301
-0.480168
-0.078402
-0.091143
-0.178569
1.556872
-0.457288
0.024047
-0.508808
0.320915
-0.390835
0.945451
-0.134480
0.287796
0.105765
-0.452584
0.359546
-0.462175
-0.474459
-0.436038
-0.345763
-0.483695
-0.751347
-0.187514
-0.208916
0.147064
0.208128
-0.249105
-0.552601
0.005795
-0.261565
-0.704468
0.251836
-0.448369
0.041808
0.485744
-0.305415
-0.701971
0.770584
-0.715854
0.957533
0.434364
-0.278505
0.721815
0.180205
0.381527
-0.070022
0.451672
1.226207
0.662509
1.801873
0.809683
1.213915
0.799547
0.375643
-0.469512
-0.489229
-0.725220
1.165393
1.211003
-0.559962
0.424459
5.262530
2.439416
-0.185697
-0.217574
-0.744953
0.061601
-0.444890
-0.362254
-0.465125
-0.359203
1.365477
-0.411450
-0.550358
0.076936
-0.198771
-0.795306
-0.105757
-0.023330
-0.141872
-0.343993
0.177009
-0.122494
0.900642
1.577169
0.443316
0.685604
0.766867
0.836237
-0.804583
-0.299034
-0.868531
-0.767122
-0.750483
0.284538
-0.852909
-0.678198
-0.684915
-0.707980
-0.640639
-0.588094
-0.915586
-0.379502
-0.733743
-0.903878
-0.162322
-0.828658
-0.932719
-0.232926
0.001600
0.571211
-0.275228
-0.225704
-0.641455
-0.226576
-0.557241
-0.061538
0.115399
-0.417902
-0.716056
-0.263699
-0.292710
0.150303
-0.220042
-0.189472
-0.429553
-0.602686
1.461572
1.082025
-0.317408
0.658902
0.740895
-0.637882
0.543272
0.080298
-0.507617
0.066170
1.131320
2.118020
1.326917
1.704297
-0.590835
-0.069190
0.157052
0.415391
2.344956
-0.416841
-0.028688
0.670550
0.314727
-0.405016
0.554898
-0.634335
0.459991
0.248637
-0.233713
-0.596538
-0.035107
-0.347806
-0.277801
0.148872
0.831093
0.565086
-0.501188
0.566602
0.069807
0.044310
-0.343330
-0.665449
-0.595204
-0.192362
0.800007
-0.813789
-0.750419
0.257252
0.777730
0.620346
0.436871
0.584418
-0.430811
0.176752
0.752597
1.279161
1.283464
0.311823
-0.221898
-0.458470
-0.770014
0.719643
-0.602668
0.831120
-0.319083
0.795580
1.500223
3.746981
3.666393
0.889101
0.617267
-0.600047
0.278827
0.633232
-0.017106
-0.646440
-0.151585
-0.260075
-0.447467
-0.698005
0.018126
-0.750988
-0.031108
-0.283506
0.397697
-0.084203
0.118449
-0.904124
-0.485765
-0.414443
-0.050933
-0.442603
-0.383051
-0.026214
-0.473649
-0.901395
-0.504301
-0.639719
-0.736265
-0.588081
0.363245
-0.723237
-0.934188
0.208378
-0.977715
-0.462086
-0.887350
-0.712041
-0.527443
0.081533
-0.608346
-0.315973
-0.572619
-0.368625
-0.585124
-0.890053
-0.657208
-0.845869
-0.666854
0.472003
-0.178349
1.007090
-0.240187
1.052214
0.761319
2.455725
2.505599
-0.608506
-0.611457
0.019876
-0.031998
0.923761
0.792273
-0.454956
0.370927
0.253799
1.096615
0.274560
0.398888
-0.744143
-0.357408
0.068670
-0.200937
-0.561111
-0.798272
-0.202252
-0.790002
-0.643140
-0.132853
0.448916
-0.793040
2.325746
-0.530716
-0.939204
-0.739049
-0.302566
-0.688127
-0.865791
0.265238
1.017106
1.573319
0.986394
-0.357158
-0.254944
-0.616078
-0.599199
0.231987
-0.038733
-0.332877
-0.023667
-0.017952
-0.351263
0.097690
-0.912376
0.513307
-0.422145
1.633912
1.688066
-0.177694
0.706744
0.258196
0.099593
0.602387
0.884663
1.250353
0.952899
0.686260
-0.846003
2.652476
3.005052
3.767175
1.549537
0.268518
0.017485
1.569577
-0.660063
-0.731297
-0.483831
-0.073433
-0.431124
-0.341202
-0.520519
-0.169898
-0.762563
-0.701975
-0.732996
-0.766178
-0.798167
-0.834748
-0.282498
-0.975375
-0.715188
-0.587938
0.382151
0.540915
0.311891
-0.225805
-0.510928
-0.240779
-0.953099
-0.793008
-0.762156
-0.549538
-0.743859
-0.779510
-0.682746
-0.658149
-0.693983
-0.706333
-0.624677
-0.750790
-0.656868
-0.528589
0.998681
-0.892780
-0.685094
-0.822942
-0.966864
-0.424733
-0.565169
0.489875
-0.728445
-0.681794
-0.001489
-0.107574
-0.483119
-0.088358
0.343754
0.455074
0.926877
1.045823
-0.532080
0.053057
0.477787
1.477106
0.000160
-0.805668
1.292465
1.653176
-0.417417
-0.392518
0.155611
-0.494623
-0.884663
-0.476700
-0.301672
1.120569
-0.175010
-0.698530
-0.669028
0.303414
0.236202
-0.437426
0.650415
-0.433972
-0.403106
-0.694798
0.062439
-0.710333
-0.799536
-0.822408
-0.665789
-0.696911
-0.108071
-0.146308
0.652151
0.536168
-0.485151
-0.393149
0.745493
-0.189641
-0.001290
1.222097
0.293551
1.054724
2.331458
1.398875
-0.113913
0.077555
2.157569
1.756604
2.479018
-0.090783
1.095275
4.836181
-0.288707
-0.521287
3.510480
6.763604
-0.604836
0.821614
0.440179
1.958190
0.678743
-0.807075
0.201251
-0.239925
-0.109071
-0.449262
-0.158490
-0.494557
-0.913944
-0.626357
-0.527615
-0.599802
-0.762553
-0.605522
0.170452
-0.132318
-0.886745
-0.355821
-0.051297
-0.655190
-0.771106
-0.754960
-0.927417
-0.796803
-0.565849
-0.770721
-0.756564
-0.838407
-0.085633
-0.669183
-0.522571
-0.204306
-0.943495
-0.168304
0.331558
-0.675982
-0.348637
-0.541536
-0.624757
0.001996
-0.185667
-0.597601
-0.482243
0.285010
-0.656673
0.354981
0.639109
0.963180
1.091310
0.738915
0.786952
1.679381
1.098698
1.434256
0.199056
0.468120
0.629795
-0.837593
2.487807
0.129858
0.764752
-0.369462
0.028785
-0.494463
0.345822
0.021948
-0.526938
-0.578539
0.160143
-0.574550
-0.817226
-0.082656
0.659596
-0.057378
-0.179854
-0.736652
-0.497072
-0.904562
-0.700792
-0.894196
-0.367036
0.035494
-0.116588
0.465898
-0.652548
-0.766388
-0.472938
-0.217203
-0.640779
0.605837
1.022656
-0.339370
0.262056
-0.920072
-0.630018
2.495898
2.221241
-0.432781
1.404091
1.924776
0.439336
0.316937
1.020557
1.520951
2.889942
-0.824995
0.047332
-0.513042
4.981689
2.944356
1.750019
-0.680586
0.349914
-0.511020
0.117192
-0.617051
-0.468910
0.378516
-0.541774
-0.661944
-0.590419
-0.273363
-0.793505
-0.609505
-0.757175
-0.759901
-0.456851
-0.581375
-0.850769
-0.769870
-0.661070
-0.578026
-0.851335
-0.482965
-0.489409
-0.374939
-0.959754
-0.303833
-0.771382
-0.446676
-0.809561
-0.690410
-0.509627
-0.521720
-0.593405
-0.197556
-0.943923
-0.539766
0.119998
-0.357453
-0.133496
-0.829807
-0.469664
-0.288047
-0.573067
-0.536680
0.071888
0.078616
-0.529407
-0.011904
1.666333
-0.295346
-0.404676
1.868551
1.214228
0.238313
-0.115196
-0.843697
0.218995
-0.524270
0.384062
0.694473
1.107374
0.786203
0.133251
1.044119
0.582598
-0.498644
0.055175
1.299611
0.761242
0.676846
0.789742
0.151228
0.104274
-0.132918
0.705149
-0.698780
-0.768588
-0.427763
-0.659324
0.102982
-0.654380
-0.678635
-0.625762
-0.174263
-0.656643
-0.064170
-0.220606
-0.431246
0.031545
0.101633
0.451073
-0.734012
-0.194042
1.964182
-0.240945
1.430914
-0.180802
0.797012
1.129444
3.854421
-0.511452
-0.129467
0.041537
1.242336
0.988588
1.370264
2.433448
4.788741
1.042623
1.692211
5.592949
0.701755
1.573784
0.903628
0.104275
0.827858
-0.806379
-0.484930
-0.874580
-0.854527
-0.376364
-0.550488
-0.688747
-0.717935
-0.678960
-0.590329
-0.697658
-0.771368
-0.846391
-0.729691
-0.675782
-0.774755
-0.796711
-0.235383
-0.436459
-0.494750
-0.929921
-0.789853
-0.568833
-0.627934
-0.840199
-0.850536
-0.524655
-0.811458
-0.873602
-0.647718
-0.639772
-0.814893
-0.213373
-0.394759
-0.598845
-0.650376
-0.239166
-0.247458
-0.105721
-0.184282
-0.950803
-0.013250
-0.126620
-0.655021
-0.763419
-0.491977
-0.500660
-0.094602
1.025083
0.204833
1.336092
-0.503810
0.701504
-0.362371
-0.460683
-0.003364
0.482654
-0.012036
2.386917
0.876295
0.484736
0.798386
-0.632728
0.548279
1.056321
0.390625
-0.041489
-0.425117
-0.315248
-0.203660
3.016153
0.160491
1.000662
0.039915
0.135531
0.177167
-0.146393
-0.367909
-0.799249
-0.899530
-0.025514
-0.197944
0.004852
-0.032044
-0.555724
-0.352536
-0.356336
-0.058210
-0.180457
-0.432674
-0.597223
0.203618
-0.201030
0.331192
-0.219637
-0.890232
-0.259427
-0.353481
-0.330602
1.074283
3.258618
-0.853620
2.368908
2.049642
-0.444410
1.397356
2.150048
2.081618
3.758911
1.368446
0.150526
-0.374162
5.371804
6.967702
-0.138787
1.739988
-0.243707
-0.248114
0.055563
-0.086999
-0.591509
-0.657451
-0.659435
-0.597568
-0.805105
-0.980951
-0.836155
-0.790384
-0.912287
-0.773506
-0.858795
-0.528663
-0.813685
-0.612876
-0.607004
-0.831173
-0.709497
-0.902936
-0.871750
-0.604277
-0.773655
-0.825542
-0.721424
-0.431387
-0.714840
-0.614185
-0.839925
-0.796414
-0.703295
-0.180215
0.089770
-0.108222
-0.781113
0.254815
-0.407134
-0.122418
-0.744944
0.036983
-0.698987
-0.350795
-0.231003
-0.560616
-0.430403
-0.272881
-0.666360
-0.955216
-0.316247
1.087362
3.119139
2.773447
0.314118
0.634144
0.916509
-0.267215
0.739938
-0.097777
-0.239344
-0.171964
0.260524
-0.770076
0.150752
-0.404623
0.695361
-0.644268
-0.199408
-0.061098
0.392839
0.879756
2.001973
-0.319025
0.636203
-0.162091
0.147995
0.079379
-0.985016
-0.355110
-0.601704
-0.654545
-0.662452
-0.039232
-0.473145
-0.678484
-0.705715
-0.285540
-0.156634
-0.894252
-0.458603
-0.493261
-0.608194
-0.599939
-0.474678
-0.669223
-0.574730
-0.378383
-0.330715
-0.224038
-0.845701
-0.128514
1.642343
-0.234738
-0.586005
-0.693078
-0.364950
1.299957
2.853119
1.297073
0.491986
1.084588
3.822133
0.083569
9.563842
2.542762
2.762412
-0.887905
-0.322791
0.469801
2.094535
-0.293479
-0.193731
0.572072
0.583779
-0.211245
-0.117674
-0.169554
-0.608989
-0.415236
-0.422109
-0.314590
-0.637185
-0.858346
-0.681498
-0.508193
-0.967270
-0.952814
-0.931303
-0.671005
-0.659297
-0.641545
-0.688430
-0.734133
0.040695
0.221406
-0.378187
-0.610756
-0.802884
-0.719090
-0.713412
-0.521054
-0.722989
-0.671588
-0.650875
-0.323689
-0.682860
-0.721801
-0.097245
-0.670905
-0.749428
-0.189783
-0.497430
-0.146450
0.200385
-0.071198
0.730169
-0.339932
-0.665945
-0.184129
0.085597
0.083673
-0.584385
1.508859
0.772613
-0.032396
1.050200
1.767594
0.973348
-0.499928
1.328792
1.442875
-0.108911
1.255372
1.499831
1.325636
0.380016
-0.617000
-0.483569
-0.600503
-0.389923
-0.190493
0.096849
-0.364393
-0.440571
-0.536086
-0.944457
0.149854
-0.478368
0.175598
0.346641
-0.809703
0.211850
0.508831
-0.410127
0.184838
0.097207
-0.629114
0.497988
-0.545870
-0.642886
-0.494327
-0.880341
-0.691393
-0.230048
-0.081801
-0.421154
-0.144897
0.271338
-0.637731
-0.253813
-0.577709
1.130463
0.389344
1.836382
-0.745920
1.525575
0.911969
0.396807
0.565591
1.388168
1.247900
1.283928
0.774390
1.326891
1.170840
2.401775
-0.680151
-0.278125
0.647293
2.919480
0.056911
5.364735
5.015176
-0.462862
0.560764
-0.514949
-0.516647
-0.831748
-0.019952
-0.682646
-0.588238
-0.536679
-0.705313
-0.692544
-0.840936
-0.712222
-0.900615
-0.865095
-0.633258
-0.452228
-0.605583
-0.395670
-0.683025
-0.714956
-0.502001
-0.455911
-0.676797
-0.318693
-0.550093
-0.717587
-0.416588
-0.893218
-0.582803
-0.247539
-0.491015
-0.734143
-0.870319
-0.661968
-0.758927
-0.572696
-0.864513
-0.782300
-0.461791
-0.602549
-0.137774
-0.315603
-0.110353
-0.558188
-0.204735
0.194371
-0.785433
-0.771671
-0.383472
-0.532592
0.478703
0.529980
0.364888
-0.229133
0.394389
0.711652
0.649646
1.492973
0.069065
-0.626184
-0.720455
0.237551
1.602652
2.733320
0.170781
-0.481222
0.902967
2.765550
1.950238
0.068549
1.065992
3.195382
0.776439
2.483023
0.431880
0.202974
-0.511904
-0.596578
-0.935194
0.451156
-0.648481
0.915323
0.207573
0.119434
0.043903
0.526835
0.087261
0.852726
-0.768755
0.016954
0.588171
0.001960
-0.228728
-0.444839
-0.373961
0.285842
-0.890499
-0.469744
-0.186996
-0.639254
-0.601597
-0.555872
-0.870609
-0.231484
1.621294
0.540341
-0.696377
0.008043
-0.609130
-0.353767
0.033737
0.439959
-0.060549
1.424419
-0.146491
1.267324
2.687935
0.604750
0.788526
-0.135656
0.128919
0.944359
0.561467
0.874778
1.573125
0.409012
-0.679410
-0.505047
-0.546430
0.967071
-0.402033
0.694325
-0.979188
3.462833
-0.814252
1.678276
-0.671355
-0.461278
2.027756
-0.357629
-0.381782
-0.334498
-0.196919
-0.631128
-0.390439
0.247598
-0.495781
-0.490940
-0.306027
-0.542095
-0.744394
-0.625002
-0.814870
-0.248316
-0.810256
-0.514685
-0.750518
-0.863482
-0.962130
-0.707558
-0.771370
-0.870473
-0.625629
-0.685729
-0.599939
-0.864465
-0.680421
-0.515526
-0.752984
-0.288430
-0.479084
0.038985
-0.444597
-0.041321
-0.018700
-0.341478
-0.231462
0.404063
-0.392853
-0.572046
-0.667056
-0.861265
-0.228891
0.550017
0.566670
-0.567295
-0.387088
0.471872
-0.382203
0.099289
-0.467409
1.850340
1.018585
-0.920344
-0.426696
0.494905
1.369467
0.050289
2.926756
4.209099
0.733356
0.477562
0.038653
-0.500088
0.558757
0.788227
1.492661
-0.334911
-0.187343
-0.488642
-0.739142
-0.407110
-0.814869
-0.725765
-0.121651
-0.375743
0.145089
-0.190757
1.764390
-0.563299
0.707671
-0.454837
-0.552915
-0.114594
-0.537548
-0.243024
-0.188462
-0.693535
-0.074471
-0.781331
-0.435778
-0.322443
-0.645702
-0.616774
1.220716
-0.376716
0.382213
-0.414768
-0.510954
-0.452921
-0.761321
-0.593982
-0.073486
0.173809
-0.058249
0.399962
0.045568
-0.562917
0.255828
1.408009
0.803078
0.864371
-0.114235
-0.433343
-0.622523
-0.538715
-0.379571
0.829864
1.657081
2.267801
0.011452
5.296312
5.377389
3.373070
-0.438854
-0.708646
-0.945497
-0.711679
-0.624197
-0.104980
-0.297817
-0.456226
0.232819
-0.357707
-0.850360
0.392497
1.125040
-0.544180
-0.749661
0.069718
-0.333635
-0.692023
0.043476
-0.553175
-0.673966
-0.479505
-0.639506
-0.800777
-0.764593
-0.808305
-0.892241
-0.288751
-0.329353
-0.075641
-0.505417
-0.413955
-0.176262
-0.260960
-0.012278
-0.339100
-0.757641
-0.365458
-0.169589
-0.373660
-0.830040
-0.775011
0.010868
-0.819221
-0.102386
-0.018281
-0.245842
-0.380671
-0.160682
0.137048
0.301816
-0.625915
0.484769
0.557598
-0.544451
0.454890
0.540356
-0.098526
-0.826701
-0.529618
-0.289167
-0.674456
-0.738473
0.116605
-0.214492
0.647767
-0.226335
0.279931
2.006341
1.139070
1.729681
0.564777
0.265119
-0.875928
-0.762483
0.087069
0.537730
0.855154
1.401802
1.399601
2.402409
2.016300
2.026052
-0.076581
-0.101051
-0.759700
-0.166194
-0.530078
-0.135142
-0.255435
-0.151982
0.283935
-0.418525
-0.184242
-0.608911
-0.590945
-0.794197
-0.621287
0.674133
0.143199
1.062704
-0.239808
0.245568
0.444033
-0.413663
-0.280954
-0.235645
1.813246
1.004080
-0.340484
0.474765
-0.529852
-0.561559
-0.113967
-0.285586
-0.400840
-0.589534
-0.747332
-0.758211
-0.423027
-0.381896
-0.615576
-0.557146
0.191630
0.415331
0.110135
-0.302308
0.410960
0.628533
-0.806173
-0.721783
-0.323130
-0.768957
-0.681910
0.363319
1.108385
-0.622933
0.541024
1.403242
0.696487
1.170890
2.730889
0.110602
-0.613010
0.180446
2.497004
-0.774679
1.480667
4.546367
4.698129
-0.293880
0.423902
-0.727996
-0.512463
1.224243
0.285730
-0.189290
-0.203331
-0.388267
0.292185
-0.585067
-0.603925
-0.470184
-0.495741
-0.593507
-0.471874
-0.356570
-0.814893
-0.673865
0.157437
-0.358489
-0.352112
-0.478198
-0.732278
-0.641925
-0.417766
-0.519354
-0.680089
-0.399101
-0.339597
-0.801468
-0.764788
-0.774132
-0.586757
-0.088197
-0.731007
-0.318246
-0.299825
-0.479619
-0.941881
0.523344
-0.429421
-0.384591
1.313773
-0.192625
-0.549041
-0.955746
-0.710261
0.226429
1.311016
1.240010
-0.080144
0.556446
0.083835
-0.456840
0.100776
-0.190626
-0.171720
-0.254774
0.166919
1.013373
0.332216
-0.548574
2.723581
1.075250
-0.381276
0.134592
-0.518023
0.493580
0.893420
0.094800
-0.395851
0.960165
1.661567
-0.309115
0.885592
-0.265412
0.053915
-0.468292
-0.891028
0.087144
0.189400
-0.260659
-0.545007
1.420551
-0.094780
-0.512013
-0.617210
1.003599
-0.276590
-0.544250
0.236325
-0.173514
-0.695184
-0.786895
-0.632342
-0.421585
-0.425445
-0.429226
-0.713501
-0.390969
0.089533
0.418978
0.049030
0.419236
0.486060
0.402690
0.489037
-0.270211
-0.370631
-0.450191
1.126787
0.173899
2.159480
1.835532
-0.560423
1.714292
0.834334
2.376433
0.568777
2.289085
1.579286
2.004583
-0.179056
-0.079619
1.837457
1.114585
0.600962
4.375357
3.495267
-0.752270
-0.871815
-0.335987
-0.577212
-0.263665
0.161376
-0.591714
0.092870
0.043299
-0.659616
-0.932797
-0.662411
-0.619302
-0.871018
-0.849580
-0.589649
-0.593110
-0.477861
-0.117857
-0.721993
-0.669803
0.093255
-0.412654
-0.869062
-0.603708
-0.184701
-0.517031
-0.522952
-0.313724
-0.244198
0.048090
-0.468955
-0.308176
-0.280906
-0.515795
-0.574336
0.027381
-0.739808
0.066335
0.143771
-0.167068
-0.398710
-0.718710
0.624028
-0.589235
0.400262
0.160670
0.045850
-0.693306
-0.479018
-0.399959
0.466676
0.259437
-0.517996
-0.438135
0.958432
0.872752
1.610587
0.534095
1.871597
2.741101
1.490976
2.775045
-0.091229
0.475934
1.790838
-0.048596
-0.818479
-0.487086
-0.414439
0.541513
1.093458
-0.799716
-0.422104
0.685123
0.025424
0.546121
-0.799898
-0.320026
1.449183
-0.210329
-0.157039
5.718939
3.658023
-0.024988
-0.798280
-0.560523
-0.043198
-0.055505
0.145528
0.475324
-0.745120
-0.525019
0.500876
-0.329914
-0.304580
-0.750303
-0.856410
0.120659
-0.430321
-0.796786
-0.837713
-0.035126
-0.498437
-0.465587
-0.644476
-0.478127
-0.397459
-0.244373
-0.931198
-0.455689
-0.877290
-0.904734
-0.784049
-0.738725
-0.506986
-0.152222
-0.298971
-0.594873
-0.682998
-0.249228
-0.625122
-0.986875
-0.877967
-0.572209
-0.630564
-0.441260
-0.236860
-0.087654
-0.499019
-0.508959
-0.645220
-0.298185
-0.938029
-0.151869
2.193089
-0.241648
1.634456
1.322976
0.372519
-0.460283
-0.188355
1.419644
0.534966
1.523971
-0.370292
0.470221
0.639657
1.924988
-0.234750
0.138115
1.177954
4.045498
1.565654
0.438708
-0.365058
0.540401
-0.000060
0.701862
-0.266732
-0.844271
0.021316
-0.868644
-0.489842
0.190102
-0.848375
-0.372091
-0.362192
-0.775847
-0.665405
-0.908426
-0.582797
-0.557312
-0.228236
-0.726101
-0.188769
-0.001687
-0.409078
-0.496107
-0.263152
-0.581630
-0.283189
-0.476664
0.080308
-0.128585
0.013789
-0.841401
-0.772401
-0.499657
-0.646678
-0.432578
0.063756
0.193097
-0.102664
-0.693322
-0.539623
0.025117
-0.712435
-0.587808
-0.658234
-0.597822
-0.300663
-0.851528
-0.002954
-0.295135
1.350949
0.487283
-0.122522
-0.125966
0.189245
0.487559
0.728467
2.026360
0.899854
0.759819
1.570155
-0.422484
-0.729166
-0.825151
1.270472
-0.591184
1.118467
0.950639
-0.097412
-0.522152
-0.556089
-0.401711
0.030368
0.492559
-0.619894
0.444372
-0.324222
-0.137676
-0.257498
-0.402897
0.304893
0.114755
-0.358201
0.521239
-0.120501
-0.270186
-0.075332
-0.646978
0.065071
-0.075170
-0.378797
-0.524927
-0.695521
-0.456221
-0.182095
-0.367100
-0.465148
-0.499726
0.026778
-0.356642
-0.754008
-0.054928
0.512055
3.771210
-0.096722
-0.932260
0.899440
0.468630
-0.517586
0.427419
-0.755245
0.236318
1.834786
2.272463
1.330066
0.834869
-0.510838
3.158865
1.036513
13.051312
0.261962
3.626268
-0.689011
-0.485184
-0.192873
-0.070804
-0.802378
-0.409428
-0.499617
-0.684531
0.391906
-0.411921
-0.498403
-0.319101
-0.626259
-0.820589
-0.366703
-0.713572
-0.616670
-0.605821
-0.523505
-0.691237
-0.841833
-0.832393
-0.580664
-0.760270
-0.545520
-0.643270
-0.563423
-0.558282
-0.367106
-0.648095
-0.841131
-0.545597
-0.438278
-0.842115
-0.820325
-0.834395
-0.613603
-0.924411
-0.744577
-0.445034
-0.887353
-0.475771
-0.895549
-0.752949
-0.627742
0.599098
-0.103743
-0.388851
-0.843913
-0.703878
-0.690308
1.548913
2.400147
0.262014
0.385922
1.325809
1.488915
-0.650802
1.093322
0.102839
-0.010113
-0.816906
0.425242
1.367491
1.380228
-0.242921
0.271783
-0.242998
-0.607697
-0.256170
0.153927
-0.480507
0.159680
-0.289233
0.550410
-0.894583
0.058817
-0.583731
0.133227
0.145607
-0.503025
-0.730186
-0.614890
-0.261740
-0.711384
-0.520129
0.606543
0.264835
-0.457216
0.054800
-0.252538
-0.783587
-0.351991
-0.430404
-0.154185
-0.612189
-0.735159
-0.788417
-0.329102
-0.289826
-0.663435
1.864254
0.127710
-0.709517
0.194985
0.374073
0.268317
-0.024765
1.281051
1.055686
1.086748
1.046451
1.361889
2.646140
2.541609
0.009659
0.945960
1.247577
7.391050
10.434484
0.216342
1.690758
-0.672083
-0.383159
-0.691225
-0.475736
-0.736355
0.097873
0.512334
-0.126796
-0.293964
0.350427
0.671635
-0.787328
-0.655555
-0.420706
-0.869949
0.032569
-0.199702
-0.616429
-0.568004
-0.169437
-0.806366
-0.710200
-0.653448
0.099474
-0.214558
-0.316569
-0.399452
-0.768630
-0.319131
0.146582
0.131987
-0.088798
0.480630
-0.226537
-0.781185
-0.321825
-0.820188
-0.311213
-0.643513
-0.655942
-0.478028
-0.484521
-0.783451
-0.652400
-0.645083
-0.264103
-0.580603
-0.528666
-0.158280
0.667992
0.077096
-0.164055
-0.537534
0.108192
0.918878
-0.330575
-0.575716
-0.683309
-0.418469
-0.699443
-0.756634
-0.335160
-0.567819
1.505786
-0.210552
0.912980
-0.445015
0.163734
-0.556072
-0.403147
0.161714
0.397348
0.133917
1.452004
-0.119097
-0.423224
0.383311
-0.138977
-0.501733
0.792125
-0.599232
0.507815
-0.375991
0.178671
-0.448973
-0.662214
-0.140799
0.276614
-0.369849
-0.162461
-0.368344
-0.494734
-0.309466
-0.966169
0.082648
-0.288627
-0.787967
-0.785967
-0.052397
-0.387305
0.172873
0.989006
0.909455
1.070308
0.598375
-0.494179
0.930198
0.450640
-0.822573
-0.861212
-0.604360
0.529411
-0.882052
-0.228621
3.060229
2.034003
0.661362
1.983068
1.534856
1.508765
6.028219
7.363971
0.844416
1.117164
1.108028
-0.409315
0.178431
0.264979
-0.681793
-0.744938
-0.170064
-0.604378
-0.368521
-0.707841
-0.735460
-0.726057
-0.394296
-0.243055
-0.458750
-0.926418
-0.158666
-0.706912
-0.422480
-0.555240
-0.617785
-0.372485
-0.862973
-0.641765
-0.755197
-0.689729
-0.519413
-0.555019
-0.604396
-0.766522
-0.777459
-0.596438
-0.085705
-0.899697
-0.390169
-0.770575
-0.374956
-0.521009
-0.362547
-0.786522
-0.514582
-0.876061
-0.606334
-0.504017
-0.636377
0.508198
0.671824
-0.790969
-0.473126
0.868879
0.667516
-0.633481
-0.522580
0.908194
0.880475
2.160239
-0.633828
1.092552
0.604034
-0.885645
-0.027443
1.519094
1.963500
-0.211499
-0.195268
2.341606
0.347041
1.197255
0.072142
-0.911390
-0.602010
-0.714316
-0.550893
-0.307373
0.411133
-0.072152
-0.710567
0.372388
0.108803
0.135627
0.275702
-0.097175
-0.091840
-0.530075
-0.481748
-0.466890
-0.268452
-0.169956
-0.941923
-0.139509
0.313368
0.059267
-0.622895
-0.423625
-0.754348
-0.373509
-0.129913
0.010633
-0.689279
-0.377892
0.433937
-0.034090
0.134923
-0.647626
-0.149687
-0.889825
2.895438
3.038660
0.132541
0.579823
0.554193
1.843239
1.303886
1.700584
-0.803607
0.488418
-0.347635
3.991608
7.147869
1.861489
1.024309
0.725217
-0.092578
-0.630099
-0.088413
-0.248081
-0.916728
-0.594616
-0.809845
-0.052088
-0.864974
-0.219296
0.385416
-0.612406
-0.718242
-0.650572
-0.622705
-0.467222
-0.704819
-0.152044
-0.641066
-0.461159
-0.499766
-0.386811
-0.827894
-0.496416
-0.917179
-0.771435
-0.839736
-0.793451
-0.365346
-0.628849
-0.698472
-0.534707
-0.461676
-0.942971
-0.888414
-0.577605
-0.776778
-0.167595
-0.491867
-0.132420
-0.932388
-0.335041
-0.580637
-0.601584
-0.054686
-0.606518
-0.374226
0.412553
0.423271
-0.709296
-0.371372
0.789094
2.708220
2.326138
1.298913
0.316649
-0.044682
-0.552018
2.647488
0.320218
1.393759
1.118442
1.841138
0.106628
2.471956
0.190695
0.658499
0.693933
1.831575
2.044008
1.372072
-0.106499
0.462385
-0.674976
0.439705
-0.004024
-0.412877
-0.878287
0.641188
-0.292551
-0.574707
1.027405
0.260042
0.277372
-0.618855
-0.717890
-0.731300
-0.508909
-0.806364
-0.975596
-0.316180
-0.461683
-0.761034
0.165380
-0.556878
-0.496370
-0.696563
0.075628
-0.873750
-0.337498
0.275139
-0.125120
-0.933409
0.713490
0.702560
-0.647033
0.314932
1.624714
0.973863
1.670391
1.592581
0.106237
1.358278
0.890422
1.270833
0.722502
1.793334
4.095080
1.360234
1.582606
0.680093
2.041542
1.676356
-0.857894
-0.355101
-0.708948
0.099468
-0.066432
0.205235
-0.581921
-0.770042
-0.669566
-0.518308
-0.635024
-0.845589
-0.730775
-0.752505
-0.755198
-0.546551
-0.838289
-0.694945
-0.565005
-0.767527
-0.850530
-0.540812
-0.347335
-0.422737
-0.600384
-0.895049
-0.874388
-0.438788
-0.596246
-0.959980
-0.759335
-0.582088
-0.705664
-0.781649
-0.970892
-0.944233
-0.646614
-0.167907
-0.239897
-0.626664
-0.464922
-0.156903
0.372404
-0.322453
1.103757
-0.423780
0.341953
0.112575
1.740861
-0.278876
-0.395262
-0.277814
1.655983
1.464630
1.108803
0.157448
0.536503
1.817768
0.710299
-0.225749
0.797350
1.582698
1.249020
-0.618316
-0.432132
-0.346104
-0.269920
-0.277366
0.001833
-0.798192
-0.545322
-0.182638
-0.812275
-0.243196
1.248993
-0.703915
-0.035626
0.942058
-0.820976
-0.623460
-0.816060
-0.505734
-0.744762
-0.725127
-0.426023
-0.728025
-0.955534
-0.535036
-0.441825
0.111247
-0.123876
-0.360961
-0.181851
1.388017
-0.359509
0.452055
-0.213256
-0.171629
-0.801576
0.488907
1.651708
-0.166559
-0.426164
0.327159
2.682012
-0.235075
0.476453
4.397370
2.106738
0.897199
7.783989
3.942261
1.810785
0.171704
0.247212
-0.156764
-0.540888
-0.294132
-0.804453
-0.679202
-0.899646
-0.624592
-0.432498
-0.465266
-0.640765
-0.398740
-0.194072
-0.581043
-0.604797
-0.594097
-0.102792
-0.698996
-0.515248
-0.659450
-0.611194
-0.691293
-0.661445
-0.707919
0.092322
-0.339830
-0.457060
-0.813731
-0.767878
-0.553843
-0.767175
-0.521439
-0.744047
-0.641978
-0.308751
-0.539422
-0.683310
-0.071980
-0.720941
-0.510126
-0.703361
-0.743104
-0.765375
0.183084
-0.769169
-0.376707
0.413292
-0.587327
-0.291018
1.753782
0.605096
1.279285
-0.330490
0.848750
-0.043927
0.870066
2.922664
1.140205
-0.254855
0.780943
-0.345612
-0.281013
2.673911
0.713465
2.180699
-0.604209
-0.750878
-0.803403
0.283840
0.269832
-0.526192
-0.570299
-0.743432
-0.504840
-0.378308
0.144218
-0.493846
-0.854000
0.065747
-0.650825
-0.072898
-0.834883
-0.404874
-0.049979
-0.735755
-0.821370
-0.274142
-0.435108
-0.206825
0.163835
-0.022918
-0.048413
-0.311742
-0.753686
0.714307
-0.553653
0.531657
0.279524
-0.790997
1.544977
3.332333
0.391614
0.766671
2.007681
0.048568
1.885458
1.012255
0.440277
0.925808
2.592858
-0.443264
2.208266
3.226029
2.924272
-0.364077
1.740424
-0.438263
0.695809
-0.182404
-0.832786
-0.905787
-0.850433
-0.491282
-0.839912
-0.559863
-0.789072
-0.482883
-0.714762
-0.741026
-0.604651
-0.775607
-0.805381
-0.693377
-0.611170
-0.559092
-0.927424
-0.500598
-0.943474
-0.773361
-0.359065
-0.565855
-0.756761
-0.953485
-0.584149
-0.214151
-0.677319
-0.829031
-0.569079
-0.374681
0.060154
-0.792714
-0.146673
-0.798015
-0.743865
-0.303041
-0.256340
-0.501142
-0.799454
0.659032
0.858107
-0.254332
1.434566
-0.338823
-0.207498
2.189373
-0.247394
1.178718
-0.632430
2.363051
0.639255
1.032597
0.525034
-0.358340
0.949601
0.630282
0.580272
-0.036723
1.142807
1.730403
0.190700
-0.833697
1.056492
0.065389
-0.629924
-0.595782
0.186882
0.145718
-0.144600
-0.678067
-0.035908
-0.618387
0.046373
-0.372783
-0.450766
-0.300532
-0.548573
-0.657870
-0.063323
-0.675586
-0.551896
-0.676314
-0.337688
-0.501976
-0.916020
-0.871794
-0.169979
-0.411741
0.921415
-0.054308
-0.181996
0.531713
1.551228
3.593111
0.147399
2.552153
-0.366670
0.648260
-0.526075
0.705109
-0.518650
-0.389079
0.554457
0.822767
3.001177
3.840629
-0.344915
2.382872
3.277775
7.900016
0.861875
2.231370
1.113595
-0.194591
-0.564096
-0.589605
-0.797555
-0.316205
-0.870393
-0.696206
-0.630632
-0.343655
-0.667027
-0.680892
-0.706018
-0.678729
-0.680196
-0.949688
-0.799619
-0.557103
-0.347611
-0.222407
-0.452453
-0.822335
-0.247740
-0.223728
-0.813451
-0.919217
-0.634311
-0.439921
-0.788041
-0.699654
-0.755956
-0.938918
-0.833039
-0.734267
-0.247087
-0.892847
-0.935144
-0.479902
-0.037661
-0.362638
-0.848721
-0.629988
0.063663
0.420047
-0.832053
-0.339413
-0.627441
-0.349864
-0.737998
0.577620
-0.798360
1.051122
-0.880801
0.850324
-0.293793
-0.718942
1.050562
2.654894
0.463347
-0.040812
0.405735
-0.611119
0.387630
1.959710
1.455919
1.035946
-0.532492
-0.348846
0.151581
-0.459621
-0.224459
0.140005
0.099348
-0.254284
-0.433412
0.284220
0.279582
-0.176439
-0.420156
-0.239367
-0.398905
-0.552623
-0.932792
-0.668516
-0.613575
-0.259687
-0.288085
-0.216905
-0.157835
-0.180988
0.646403
-0.436694
-0.712166
-0.290067
0.916648
1.370180
1.339625
0.340955
0.685754
0.422406
1.980232
0.816662
0.174043
2.853381
-0.490587
-0.066821
1.758030
2.001762
-0.785449
-0.132679
1.676648
-0.276759
4.214974
6.398802
-0.532182
0.988507
0.667941
-0.476080
-0.237207
-0.520823
-0.435563
-0.629862
-0.690087
-0.858156
-0.303097
-0.713408
-0.606419
-0.568692
-0.383876
-0.690973
-0.622211
-0.692887
-0.729782
-0.189664
-0.845068
-0.692945
-0.575775
-0.511891
-0.807660
-0.870280
-0.442606
-0.761558
-0.648594
-0.567622
-0.930227
-0.738889
-0.818944
-0.771194
-0.685887
-0.565613
-0.422667
-0.723073
-0.863916
-0.395425
0.607721
-0.012949
-0.178998
-0.609235
0.902946
0.276563
-0.117977
1.044366
0.193296
-0.335287
-0.134754
1.003413
-0.324327
0.802677
-0.255505
0.619802
0.123265
0.381838
1.552512
0.447178
-0.096550
-0.148283
-0.000452
-0.639160
1.078325
2.581348
0.538196
-0.513442
-0.690382
-0.712363
-0.231892
-0.601377
-0.253221
0.307111
-0.505104
-0.292241
0.033899
0.534295
0.271229
-0.293624
-0.027919
-0.728675
-0.256298
-0.852251
-0.872158
-0.347683
-0.200549
-0.413167
-0.474037
-0.340123
-0.321277
-0.574149
-0.207830
0.347702
-0.358041
-0.458364
0.807052
-0.284610
1.471059
-0.003793
0.136923
0.751388
3.649604
2.148964
-0.216466
2.062163
1.675008
1.402636
1.718928
3.883442
1.661045
2.050155
-0.300745
2.920208
0.127295
1.107797
1.707074
1.867416
-0.532852
0.697253
0.527906
-0.112057
0.251233
-0.822742
-0.976999
-0.849938
-0.533637
-0.436830
-0.775078
-0.377432
-0.319769
-0.699789
-0.302262
-0.439052
-0.486708
-0.354116
-0.766088
-0.649444
-0.767405
-0.923251
-0.845084
-0.079144
-0.578003
-0.225942
-0.205806
-0.686679
-0.898573
-0.504443
-0.563602
-0.524565
-0.652412
-0.569416
-0.483283
-0.289875
0.500496
-0.493833
-0.488977
-0.262324
-0.529503
-0.440293
-0.324855
-0.603804
-0.737205
-0.217050
0.376719
-0.469198
0.095639
-0.338808
-0.885322
-0.243020
-0.272970
0.538703
-0.023001
0.318603
0.356109
-0.828777
1.501832
1.236853
-0.135488
0.394935
-0.698163
0.816249
1.881001
3.472117
0.669862
-0.083413
-0.414869
-0.575161
-0.304791
-0.388142
1.090349
0.112309
-0.684608
-0.240595
0.057006
-0.563744
0.017170
-0.660659
0.313888
-0.795771
0.324366
-0.519174
-0.648616
-0.306105
-0.373910
-0.336486
-0.343390
-0.762507
-0.361330
0.068260
0.370958
-0.464185
-0.358409
0.866769
-0.393653
0.108903
0.579520
-0.447857
-0.285349
2.866617
1.058187
-0.393353
0.495107
-0.129511
0.414366
3.039965
0.306927
-0.193283
4.055768
-0.627233
3.590634
2.668655
3.607183
-0.067633
1.329793
0.860138
1.112690
0.792694
-0.763963
-0.077468
-0.972226
-0.893034
-0.024828
-0.893732
-0.577056
-0.781701
-0.719151
-0.543280
-0.304249
-0.571759
-0.679875
-0.627658
-0.883433
-0.747045
-0.673731
-0.388664
-0.735865
0.009230
-0.722470
-0.737894
-0.030801
-0.094945
-0.865326
-0.791918
-0.814006
-0.713370
-0.724147
-0.064251
-0.649287
-0.022004
-0.613213
-0.036654
-0.613146
-0.294190
-0.354565
-0.317182
-0.875057
-0.465539
-0.733444
-0.565494
-0.538982
-0.497809
-0.455624
-0.248722
1.423229
-0.543710
0.195770
-0.522395
0.831219
0.399206
-0.301953
1.343328
0.433350
-0.495165
0.221082
0.797470
0.324458
0.278323
2.896769
-0.360380
0.518189
0.283282
-0.267689
0.039683
-0.799334
1.369213
0.129119
0.076473
0.525366
-0.024734
1.061715
0.239120
-0.246346
-0.430675
-0.279038
-0.563812
-0.746063
-0.863867
0.637961
-0.506121
-0.476798
0.066956
-0.443952
-0.662076
-0.275561
-0.014080
-0.375308
-0.295959
0.186287
1.507528
-0.443571
-0.257435
-0.817494
0.338238
3.792282
3.110245
0.124971
1.859953
1.071120
0.819459
0.003509
2.825335
1.976655
-0.907408
1.343293
0.585091
0.789868
4.300473
2.923609
-0.527048
-0.083180
-0.117187
-0.324772
-0.207719
-0.498055
-0.202249
-0.530198
-0.505844
-0.722874
-0.790837
-0.226798
-0.598523
-0.875894
-0.982208
-0.673236
-0.338937
-0.584704
-0.674732
-0.613007
-0.345728
-0.803653
-0.900832
-0.671631
-0.393184
-0.817155
-0.546895
-0.522983
-0.703107
-0.085862
-0.052013
-0.423061
-0.884145
-0.252061
-0.719354
-0.437335
-0.112226
-0.076605
-0.530614
-0.641917
-0.916892
-0.418014
-0.360317
0.057543
-0.445669
-0.784011
0.782406
-0.138663
0.867976
-0.842983
0.102265
0.433142
0.430714
1.786907
-0.862507
1.940417
2.912050
0.083412
1.108951
0.712076
1.095602
0.220721
0.385857
0.705974
1.532269
0.443730
-0.251406
0.357686
1.660531
0.216489
0.112968
-0.782024
1.888484
0.514821
-0.009710
-0.836293
-0.070014
0.002775
0.413709
0.384672
-0.354321
-0.546979
-0.401530
-0.084620
-0.445320
0.009466
0.273779
0.370389
-0.140322
-0.498567
0.038007
-0.675629
-0.300886
0.042150
-0.325957
0.723176
0.326825
-0.693911
-0.300676
-0.333312
-0.273454
1.894416
0.954963
-0.836919
-0.120996
-0.270155
0.949883
2.330460
-0.258449
1.013989
-0.558359
1.903463
0.153030
0.572085
0.625828
-0.361171
1.119441
-0.619740
0.069423
-0.306423
-0.210549
-0.046641
-0.142963
0.194819
-0.312447
0.198071
-0.696690
-0.278970
-0.636077
-0.067995
-0.420464
-0.786223
-0.119368
-0.066350
-0.848685
-0.808062
-0.314635
-0.073908
0.081242
-0.461907
0.087240
-0.108205
-0.903799
0.435090
0.499725
-0.287358
0.147544
-0.345595
-0.511198
-0.704517
-0.135889
-0.666692
-0.014214
-0.548593
-0.773990
-0.348244
0.575380
-0.365283
0.756956
-0.449420
0.113587
-0.519416
0.284431
1.098820
1.350256
1.970924
0.477082
1.346729
0.257825
-0.010394
1.054689
0.381162
-0.524748
0.566301
0.528027
-0.802894
2.210037
0.349263
-0.282419
-0.747645
-0.115942
-0.499847
-0.666154
1.051126
5.734248
5.513581
-0.163341
-0.572458
-0.337089
-0.004704
-0.366421
-0.386243
0.299974
0.198583
0.307540
0.377937
-0.463418
-0.730638
-0.095343
-0.205569
5.603066
2.936822
-0.172726
0.185495
-0.068735
-0.714030
-0.824635
-0.345160
-0.374561
-0.700607
-0.612030
-0.752036
-0.535520
-0.911824
-0.329082
-0.772994
-0.654057
-0.682459
-0.863480
-0.847578
-0.662589
-0.721499
-0.471019
-0.479216
-0.646525
-0.481019
-0.560616
-0.515933
-0.713296
-0.697491
-0.817375
-0.447497
-0.346606
-0.467741
-0.232212
-0.767530
-0.227804
-0.555721
-0.575444
-0.967482
-0.897176
-0.562664
-0.467051
-0.783170
-0.941168
-0.639708
-0.476849
-0.673933
-0.409464
-0.498703
-0.458406
-0.817266
-0.556355
-0.558721
0.579098
0.450782
-0.534132
-0.395048
0.545558
0.353578
0.374062
-0.727936
1.372063
0.828179
2.695128
1.107741
1.712888
2.460006
0.505848
-0.021765
-0.696797
-0.740678
-0.503301
1.759376
-0.626657
0.125156
1.035244
-0.717318
1.189503
-0.550960
-0.449643
0.312776
-0.654330
0.314228
-0.131382
-0.333963
-0.539673
-0.095717
-0.548334
-0.243755
-0.172293
0.055813
0.084531
-0.092175
0.334541
-0.032421
0.688932
0.042905
-0.560901
0.509231
0.320470
0.540905
1.124330
0.522661
-0.580622
0.157370
0.209939
-0.181376
0.879646
1.710356
1.533752
0.994142
1.161461
1.397400
0.267054
-0.306030
0.198314
0.052160
1.579653
2.611773
0.248893
-0.879833
1.738953
23.079301
15.930041
0.881840
1.146081
-0.785733
-0.564223
1.032835
0.135956
-0.847309
-0.581735
-0.280068
-0.889772
-0.771746
-0.831604
-0.432934
-0.366326
-0.892577
-0.877934
-0.548658
-0.696713
-0.523424
-0.585955
-0.310070
-0.484890
-0.517040
-0.678708
-0.657848
-0.709231
-0.332930
-0.488213
-0.486010
-0.430587
-0.394816
-0.394239
-0.403689
-0.356978
-0.207809
-0.327405
-0.041110
-0.048993
0.023547
-0.147889
-0.239940
-0.259712
-0.222149
-0.461485
-0.486016
-0.572091
-0.223036
-0.539891
-0.730086
-0.665927
-0.547205
-0.549636
0.331220
0.415577
-0.774420
-0.694533
0.123377
-0.571311
0.774517
1.197826
0.016902
-0.838210
-0.880898
-0.730992
-0.544398
-0.719566
-0.380289
-0.302798
-0.104477
-0.885112
-0.685718
-0.758723
-0.582626
-0.798364
-0.842990
-0.872170
-0.551148
-0.737692
-0.812571
-0.096526
-0.335533
-0.276711
-0.700349
-0.897189
-0.740135
-0.837008
-0.741154
-0.339326
-0.677221
-0.662279
-0.745983
-0.933623
-0.564898
-0.428866
-0.851964
0.041085
-0.469834
-0.330248
-0.679500
-0.673657
-0.405572
0.604284
0.824731
0.397564
-0.183176
0.614492
-0.661425
-0.312107
-0.821567
-0.002443
0.289859
0.483290
-0.194846
0.558503
-0.385632
-0.556627
-0.484432
4.554866
3.946053
5.236288
3.409319
3.535416
2.301999
1.501043
4.154532
2.452822
1.451499
1.137688
1.814224
-0.213355
1.828706
-0.788279
-0.770447
-0.733737
0.595545
1.195312
0.116632
0.280249
0.976585
-0.383595
-0.455941
-0.914690
-0.233413
-0.764746
-0.699671
-0.900520
-0.423961
-0.897479
-0.730561
-0.811558
-0.950671
-0.520895
-0.325403
-0.703348
-0.315213
-0.653472
-0.703772
-0.501829
-0.807361
-0.428659
-0.670806
-0.891284
-0.747705
-0.229076
-0.658357
-0.578697
-0.080947
-0.313291
-0.558566
-0.344304
0.218302
-0.602390
-0.883337
-0.464132
-0.899707
-0.370533
-0.851100
0.102665
1.272013
-0.581742
0.006605
-0.133611
0.222697
0.088759
-0.846103
-0.808258
-0.756083
-0.525916
1.064360
1.910778
-0.083635
0.281905
0.413286
1.499407
0.772845
0.524997
-0.278585
-0.524525
-0.607992
-0.548397
-0.373114
-0.829710
0.008886
-0.479375
0.021820
-0.489403
0.191159
-0.000666
-0.390459
-0.550751
0.322998
1.212425
0.545015
0.485044
-0.658442
-0.393679
-0.894711
-0.794447
-0.307788
0.078258
0.458064
0.135900
0.552921
0.033867
-0.214964
-0.434973
0.372332
0.046194
0.054570
0.719165
1.027203
2.315590
4.306652
1.250194
0.517190
1.171074
-0.003625
1.060161
0.093078
1.067853
-0.184231
0.528923
-0.472650
2.741997
6.706001
0.119824
0.608670
0.664653
0.533214
0.620007
-0.761111
-0.575173
-0.118561
-0.290597
-0.205075
-0.482133
0.032349
-0.572797
-0.596061
-0.808842
-0.355485
-0.858536
-0.783687
-0.728923
-0.807323
-0.778858
-0.641375
-0.836988
-0.695325
-0.541461
-0.452986
-0.572098
-0.864366
-0.798775
-0.534867
-0.717332
-0.849432
-0.275307
0.359599
0.457231
-0.639113
-0.854016
-0.571957
-0.549801
-0.667656
-0.567205
-0.794193
-0.349389
0.111274
-0.468296
-0.809143
-0.673710
-0.212075
0.723156
0.016627
-0.737051
-0.020832
0.122446
0.416682
-0.123758
0.386079
-0.139295
1.596870
1.798016
-0.772731
1.808556
0.785382
-0.421744
-0.519122
0.088235
-0.242838
-0.023757
0.668142
1.289854
1.522651
0.062802
-0.128298
-0.756112
-0.760257
-0.324996
-0.841450
-0.129435
-0.441027
0.568338
-0.362358
-0.671226
-0.677582
-0.335604
0.383911
-0.894391
-0.634988
-0.337596
-0.627536
-0.741044
-0.746684
0.193718
-0.187998
0.255535
-0.783953
-0.481192
-0.897443
-0.060268
-0.398255
0.415105
0.212412
0.093598
0.038217
-0.857032
0.601706
0.826010
-0.208737
1.651361
3.175098
0.315810
0.328793
1.212155
1.455484
-0.140258
2.248514
1.787066
-0.340773
0.102206
0.931340
-0.396295
0.069080
2.612110
4.868985
0.856915
1.382211
-0.021089
-0.468272
-0.839276
-0.001393
-0.527586
-0.523627
-0.470347
-0.291366
-0.452943
-0.476557
-0.220844
0.017642
-0.187981
-0.768138
-0.763348
-0.281303
-0.859232
-0.881874
-0.748754
-0.631485
-0.900027
-0.663702
-0.661048
-0.706963
-0.839406
-0.782870
-0.786664
-0.719371
-0.418105
-0.902199
-0.636083
-0.672784
-0.499819
-0.480773
-0.229732
-0.507723
-0.628431
-0.644623
-0.067476
-0.484600
0.796663
0.382023
1.254183
1.222348
1.501666
-0.514082
1.543475
0.345269
-0.292495
0.549714
-0.819961
1.489496
-0.319015
-0.547532
0.418674
-0.156651
-0.556698
2.085181
-0.011638
-0.800466
0.654849
0.866144
0.327516
1.182862
1.859359
0.015332
-0.644371
-0.712626
-0.823437
0.606601
-0.480255
-0.748644
0.100401
-0.426955
-0.350062
-0.199385
-0.054259
1.157782
0.305341
-0.330399
0.090198
-0.728228
-0.498547
0.066396
-0.715179
0.073403
0.762610
-0.038000
-0.410109
0.411469
-0.263531
-0.691444
-0.665437
-0.220176
-0.266269
-0.470822
-0.102567
0.698939
-0.673014
0.312438
0.290629
0.622959
0.348449
-0.546527
0.577378
1.524005
0.782784
-0.677915
0.317944
1.031734
1.723698
-0.120873
0.877739
-0.845501
1.390314
3.355967
1.197805
1.846111
-0.476295
4.404788
1.081182
4.206195
2.235030
0.593315
5.619897
1.002964
1.263625
-0.677495
-0.573673
-0.544019
-0.538643
-0.065775
-0.792438
-0.475850
-0.889753
-0.218410
-0.555035
-0.452294
-0.486473
-0.428120
-0.844302
-0.646475
-0.739023
-0.609071
-0.697225
-0.713758
-0.684944
-0.614724
-0.840473
-0.845426
-0.708755
-0.652489
-0.696557
-0.566018
-0.337544
-0.764104
-0.613538
-0.406924
-0.660377
-0.796974
-0.610115
-0.473344
-0.773878
-0.964788
-0.460364
0.135510
-0.295769
0.161133
-0.242427
-0.823065
-0.540365
-0.464690
-0.175833
0.587984
-0.590173
0.231884
2.118567
-0.465969
-0.284545
0.824269
-0.542812
-0.925435
0.413996
-0.920414
1.459378
0.858217
1.318258
0.833410
-0.585864
-0.586818
-0.749495
0.120595
-0.131490
0.208409
-0.073228
-0.504770
-0.520640
0.066930
-0.675686
-0.191979
-0.003320
0.065024
0.660530
-0.330695
-0.799800
-0.650694
-0.567037
-0.717309
-0.801820
-0.605905
-0.265076
0.398836
0.358035
0.102989
-0.003983
-0.758728
-0.485750
-0.078384
-0.732814
0.261253
2.167431
2.443277
2.954305
-0.766504
1.493686
1.219789
-0.881701
-0.143621
0.259691
0.586647
1.892300
-0.474972
2.787318
1.750063
-0.594156
-0.418753
1.342802
-0.304159
1.802560
2.488082
1.589053
-0.294121
-0.796539
0.075050
-0.337459
-0.350551
-0.536007
-0.148793
-0.213155
-0.915503
-0.930064
-0.809944
-0.428756
-0.416361
0.481043
-0.890050
-0.392412
-0.741445
-0.729581
-0.009230
-0.444826
-0.339491
-0.327474
-0.404546
-0.484971
-0.258199
-0.637110
-0.718719
-0.146317
-0.787138
-0.454597
-0.143180
-0.608770
-0.078114
-0.037701
-0.554123
-0.352159
-0.310541
-0.262662
-0.370947
-0.873474
-0.814897
-0.189991
0.000440
-0.320080
-0.371908
-0.312188
-0.537976
-0.866482
-0.834646
-0.798519
0.363218
0.925949
-0.344338
0.661844
2.094813
2.847919
0.686813
-0.323771
1.078551
-0.335948
0.357451
0.295975
1.596633
2.072812
1.269725
-0.105133
0.774371
0.591671
-0.523507
1.370057
0.755158
-0.227739
0.174191
-0.245724
-0.714974
-0.795045
-0.756310
-0.619755
-0.344072
0.053579
-0.077301
-0.683721
-0.466845
-0.351998
-0.166650
-0.375803
-0.466864
-0.186903
-0.608497
-0.410428
-0.956500
-0.284708
0.322470
-0.142635
-0.124994
-0.949027
-0.369146
0.770244
0.836978
0.250026
-0.155884
-0.581052
-0.443144
0.592020
-0.464707
0.046190
1.676325
0.631990
0.928572
2.892810
-0.532806
2.094991
-0.375022
1.660187
-0.429760
3.399999
6.697942
-0.719711
-0.314286
1.020905
-0.005923
0.719497
0.380771
0.541851
0.500090
-0.560995
-0.475913
-0.341466
-0.529087
-0.070319
-0.305925
-0.666648
-0.344810
-0.392504
-0.384958
-0.609351
-0.644451
0.525247
-0.364790
-0.285413
-0.424039
0.559129
-0.409648
-0.564057
0.054272
-0.735260
-0.673008
0.156193
-0.144917
0.111243
-0.472732
-0.775044
3.161929
