0.000000
-0.703779
-0.583387
-0.513976
-0.921782
-0.730825
-0.825994
-0.818855
-0.622690
-0.495324
-0.741528
-0.663014
-0.777973
-0.796673
-0.315056
0.175672
0.063719
-0.481765
-0.950272
-0.288153
-0.768831
-0.613716
-0.328695
-0.605385
-0.406748
0.442487
-0.021736
0.236077
-0.523712
-0.589748
-0.599778
-0.357877
-0.198173
-0.709366
-0.685451
-0.614245
-0.742548
-0.758991
-0.742349
-0.905466
-0.620118
0.115785
-0.401945
-0.588540
-0.498309
-0.479920
-0.634528
-0.735693
-0.728546
-0.585928
-0.354930
-0.464482
-0.705325
-0.320012
-0.660745
-0.871955
-0.916665
0.119973
0.102140
-0.468416
-0.772869
-0.848781
-0.877524
-0.754022
-0.637805
-0.894934
-0.871816
-0.788975
0.750435
-0.426165
-0.323956
-0.094854
-0.267911
-0.231652
-0.830083
-0.962662
-0.205301
-0.254673
-0.814146
-0.240004
-0.333634
-0.790006
-0.747346
-0.462985
-0.635693
0.401094
-0.711169
-0.678714
-0.777643
-0.151620
-0.325907
-0.673884
-0.430825
-0.878260
0.643074
2.321981
0.091249
-0.064061
-0.234383
-0.572302
-0.814961
-0.460418
-0.644079
-0.879239
-0.843329
-0.905852
-0.818648
-0.627406
-0.615060
-0.871675
1.257998
0.799567
0.514437
-0.372399
-0.753197
-0.411164
-0.550414
-0.520829
-0.843357
-0.761258
-0.068276
3.594965
0.035093
0.003758
0.205986
0.577146
0.712976
-0.676435
-0.258274
-0.613687
-0.485781
-0.680933
-0.575332
-0.489506
-0.244573
-0.438717
-0.387246
0.995118
2.057700
-0.319877
-0.248951
-0.569107
-0.088450
-0.460922
-0.611180
-0.844303
-0.815435
0.305576
0.404185
1.524038
-0.344017
-0.175535
-0.488733
-0.360090
0.218952
-0.920891
-0.533324
-0.801114
0.438798
-0.642780
-0.914580
-0.663935
-0.270699
0.260081
1.275495
0.826386
-0.483882
-0.717494
-0.372840
0.448471
-0.234510
-0.725112
-0.285210
0.319715
2.665282
0.304260
0.087290
1.185641
0.567228
0.160769
-0.811733
-0.700361
0.053678
0.435451
-0.801850
-0.768585
-0.571156
-0.588169
0.226985
-0.774713
1.728753
1.545801
-0.162824
-0.331178
-0.259380
0.003446
0.067070
-0.102874
-0.305181
0.021005
2.368425
2.855680
1.722893
0.700561
-0.398307
-0.208358
-0.756440
-0.151627
-0.449097
-0.479386
-0.557723
-0.435453
-0.618031
-0.531376
-0.002515
-0.324231
1.545849
1.734630
0.517100
-0.691023
-0.724419
-0.764254
-0.318890
-0.376434
-0.585474
-0.699394
0.000592
2.888439
0.081932
0.369958
-0.371649
0.427868
0.193814
-0.681832
-0.748728
-0.617480
-0.154537
-0.374823
-0.515539
-0.678324
-0.854206
-0.390716
-0.343532
1.707582
3.062426
-0.293734
-0.914203
-0.459158
-0.575738
-0.409598
-0.496207
-0.567828
-0.779666
0.206811
3.873178
-0.124470
0.080212
-0.366844
-0.188359
-0.072545
-0.449027
-0.530496
-0.188662
-0.505060
-0.575428
-0.473265
-0.506254
-0.730976
0.172507
-0.590284
4.013653
0.551984
-0.039089
-0.314962
-0.647472
-0.073550
-0.129919
-0.239777
-0.560502
-0.393580
-0.258539
2.680772
0.458849
-0.353459
0.296277
0.011804
0.300648
0.390833
-0.833817
-0.437528
-0.525195
-0.063711
0.112605
-0.368000
-0.729085
-0.714080
1.525418
1.633699
0.604690
-0.852619
-0.715042
-0.741216
-0.164794
-0.226029
-0.680991
-0.663236
0.933305
3.490094
0.568879
-0.521636
0.458462
0.556996
-0.837367
0.596946
-0.390761
0.436512
1.152603
-0.397957
-0.220540
0.282239
0.547372
1.547514
-0.395109
5.249902
-0.822552
-0.489042
-0.877878
-0.701102
-0.145935
-0.417549
-0.658608
-0.723121
-0.283419
0.783670
2.667464
-0.218508
-0.267401
-0.155953
-0.561725
-0.481069
-0.513164
-0.704604
-0.918330
-0.800258
-0.622529
-0.792185
-0.805982
-0.445537
-0.693832
2.569355
0.581219
-0.126620
-0.767730
-0.399653
-0.224359
-0.263151
-0.460009
-0.184906
-0.577600
1.577105
0.862181
-0.139526
-0.383730
0.051617
-0.229863
-0.333716
-0.907317
-0.431020
-0.282501
-0.795801
-0.730250
0.195440
-0.508052
-0.300327
-0.871151
0.279054
2.710631
-0.551595
-0.727647
-0.548512
-0.463618
-0.553511
-0.350915
-0.907364
-0.979338
0.301946
-0.266826
2.086768
-0.054753
-0.190309
-0.630888
-0.944227
-0.878520
-0.618110
-0.304212
-0.715035
-0.396758
-0.727850
-0.925886
-0.763996
0.101969
-0.316946
4.420459
-0.233386
0.660046
-0.658196
-0.377278
-0.214254
-0.187715
-0.281553
-0.311724
-0.774853
2.955965
0.872074
0.791927
-0.208083
-0.510912
-0.328584
-0.127893
-0.785223
-0.801713
-0.341400
-0.109909
-0.596908
-0.744005
-0.606718
-0.330177
-0.599629
1.410540
3.565384
-0.564025
-0.728996
-0.669528
-0.706954
-0.195022
-0.455437
-0.768774
-0.958461
-0.180752
4.666820
1.296065
0.245406
0.292844
-0.201394
-0.085580
-0.625326
-0.645733
-0.799525
-0.480826
-0.679986
-0.163188
-0.572581
-0.385010
-0.290630
0.045473
0.890798
1.686637
-0.696674
-0.662569
-0.645646
-0.571532
-0.639820
-0.788641
-0.859881
-0.804454
-0.348907
4.947143
-0.178314
-0.715433
-0.280388
-0.427252
-0.422019
-0.662325
-0.480042
-0.696073
-0.518266
-0.563042
-0.923510
-0.668029
-0.182167
0.110766
3.125271
0.452323
-0.338998
-0.778901
-0.794221
-0.462925
1.046252
0.680787
0.271763
-0.146132
-0.833712
6.136149
-0.275453
-0.697628
0.169424
2.184906
1.340777
-0.039069
0.049899
-0.146427
0.842311
-0.920744
-0.310142
-0.658553
-0.620418
-0.127099
0.879133
2.462717
0.950970
-0.562351
-0.634570
-0.939702
-0.372766
-0.326108
-0.572797
-0.321829
0.261425
4.091168
2.561505
-0.689280
-0.333614
-0.032350
-0.209702
-0.478530
-0.643652
0.112434
-0.279266
-0.541499
-0.452591
-0.726452
-0.138020
0.211715
0.481838
3.612114
1.550509
-0.807143
-0.057799
-0.332515
-0.247019
-0.283480
0.273146
-0.394881
2.813186
1.309267
3.776086
-0.021090
-0.241140
-0.300784
-0.517944
-0.458357
-0.641765
-0.843461
-0.497221
-0.843779
-0.190084
-0.454014
0.271144
-0.840520
2.005479
1.781416
0.342346
-0.707887
-0.769545
-0.511870
-0.443187
-0.670127
-0.339033
-0.877793
1.474567
2.763395
1.197108
-0.110615
-0.619440
-0.816706
-0.581571
-0.788019
-0.938010
-0.541278
-0.897208
-0.665085
-0.486808
-0.439128
0.091790
0.042953
-0.429527
3.990338
-0.328149
-0.931787
-0.787993
-0.929810
-0.761766
-0.819267
-0.879047
-0.916376
-0.783508
1.066448
2.062558
-0.321770
0.064023
-0.572329
-0.624839
-0.869308
-0.853309
-0.369481
-0.694471
-0.639616
-0.745874
-0.588164
-0.828449
-0.620621
-0.558170
1.486110
1.257746
-0.884950
-0.843256
-0.659483
-0.628387
-0.452038
-0.623299
-0.776653
-0.498557
-0.282622
4.221675
-0.122757
-0.423838
0.135755
0.090377
-0.045632
-0.371462
-0.956617
0.329861
-0.400200
-0.785741
-0.822215
-0.794183
-0.807698
-0.683575
1.677093
4.130249
1.217182
0.074417
-0.204067
-0.104814
0.231512
-0.339546
-0.249898
-0.727334
-0.678213
4.335432
0.289242
-0.494519
0.534099
0.053303
-0.258466
-0.970867
-0.060917
-0.039686
0.403366
-0.691189
-0.465961
-0.050497
0.482269
-0.780177
0.597039
6.533546
-0.687580
-0.748028
-0.862788
-0.712570
-0.452251
-0.831112
-0.582998
-0.825353
0.176376
1.989912
2.338795
-0.653278
-0.823540
-0.135991
0.054150
-0.484118
-0.672564
0.036064
-0.456153
-0.603901
-0.839888
-0.470999
-0.529733
-0.900679
-0.266618
5.105720
0.288378
-0.317823
-0.253958
-0.135380
0.045823
-0.247121
-0.086952
-0.303741
-0.665467
2.032314
2.216399
-0.538390
0.052605
-0.101535
-0.928017
-0.702957
-0.332380
-0.296352
-0.406111
-0.694566
-0.788401
-0.334303
-0.166687
-0.414630
1.497284
2.237060
0.614613
-0.611102
-0.755598
-0.562838
-0.118239
-0.516186
-0.667195
-0.629158
-0.119788
-0.792875
2.443285
-0.332723
0.137219
-0.456492
-0.813647
-0.793487
-0.662661
-0.916687
-0.577449
-0.620824
-0.388835
-0.675683
-0.165027
-0.334644
-0.186337
-0.382697
1.665249
-0.567191
-0.734065
-0.673082
-0.269248
0.064741
-0.564714
-0.490335
-0.314023
2.602594
3.691605
0.369978
-0.273779
-0.453041
-0.449352
-0.829591
-0.476375
-0.939471
-0.610765
-0.909036
-0.808117
-0.377348
-0.735331
-0.477491
-0.479019
0.568950
2.254515
-0.444061
-0.678903
-0.520797
-0.489818
-0.640616
-0.890577
-0.926554
-0.822606
0.364271
5.434890
-0.283766
-0.095432
0.481818
0.744011
-0.605098
-0.993748
-0.157772
0.185510
-0.800064
-0.421148
-0.614792
-0.556613
-0.661630
-0.501261
1.345387
1.189494
0.420785
-0.752296
0.075058
-0.202637
0.189474
-0.037642
-0.586161
-0.548485
0.350498
-0.216487
5.238291
-0.107122
-0.560523
-0.631967
-0.780043
-0.450576
-0.248205
-0.561826
-0.496761
-0.627456
-0.835998
-0.182879
-0.899790
-0.526233
-0.572348
3.410755
1.372590
0.282542
-0.344856
-0.401135
-0.493384
-0.128977
-0.488021
-0.463003
-0.669586
-0.656067
5.607864
-0.190748
0.064108
0.886978
0.743578
0.042593
-0.777224
0.171969
-0.033412
0.032587
-0.525962
-0.605356
-0.784479
-0.145140
-0.617969
1.497498
2.895244
-0.266688
-0.596493
-0.728149
-0.631256
0.294238
-0.317050
-0.430629
-0.603556
-0.429773
1.631201
3.058095
-0.006938
0.145134
0.267644
-0.953438
-0.419153
-0.707522
-0.912034
-0.800281
-0.410914
-0.582624
-0.760988
-0.047999
0.055706
1.451695
2.059736
1.949406
-0.793012
-0.643197
-0.314633
-0.618111
-0.244970
-0.884770
-0.656294
-0.570202
-0.800851
4.541240
0.313061
-0.861202
-0.196923
0.594371
-0.056970
-0.320735
-0.170468
-0.455116
-0.447928
-0.445013
-0.904000
-0.741154
-0.833658
-0.940412
2.562572
-0.205059
1.030607
-0.478783
-0.489056
-0.598438
-0.308890
0.139460
-0.517814
-0.344215
-0.782310
2.694897
0.667910
-0.822766
0.033084
-0.027663
0.161464
-0.269105
-0.913967
-0.459634
-0.236278
-0.797071
-0.642344
-0.420815
-0.849210
-0.355159
-0.315226
3.636563
1.135759
-0.232631
-0.353361
-0.615251
-0.166375
0.004635
-0.201479
-0.371719
-0.944515
3.359839
1.561656
-0.604827
-0.712082
0.306211
-0.190461
-0.517824
-0.800212
-0.656597
-0.748236
-0.395413
-0.226819
-0.728896
-0.730316
-0.481071
-0.301838
1.932937
2.505973
0.393350
-0.182864
-0.739963
-0.529863
-0.087845
-0.199604
-0.666812
-0.669797
-0.628924
6.147670
-0.287938
-0.807657
0.073126
1.003843
0.544001
-0.383615
-0.471850
-0.133582
-0.291280
0.002051
-0.931690
-0.721657
-0.240920
-0.815211
3.496026
-0.564438
0.129806
-0.520166
-0.733989
-0.654775
-0.307342
-0.493656
-0.607151
0.038982
0.075027
6.140248
-0.112541
-0.615278
1.090588
0.272490
-0.495163
0.104742
-0.728668
0.328703
0.214390
0.071189
-0.346400
0.361823
0.614271
1.358005
0.040099
3.684924
-0.432322
-0.491293
-0.264169
-0.137745
-0.125588
-0.203364
-0.544022
0.564889
0.967877
4.741450
1.185316
-0.190440
-0.637593
-0.711898
-0.819387
-0.932834
-0.661414
-0.425946
0.352815
-0.712521
-0.956609
-0.804037
-0.572749
-0.046317
2.251086
1.285076
-0.178231
-0.813020
-0.842726
-0.603985
-0.646416
-0.455352
-0.973615
0.045758
3.743659
0.511124
-0.009247
0.073225
-0.059770
-0.057155
-0.659594
-0.474832
-0.310036
-0.365029
-0.826400
-0.751645
-0.370944
-0.367011
-0.763678
0.631685
0.794323
1.409804
-0.779886
-0.392802
-0.478885
-0.308304
-0.356706
-0.586995
-0.823468
1.740021
2.710612
2.842994
-0.148744
-0.063685
-0.616860
-0.839846
-0.824555
0.146134
-0.671142
-0.776876
-0.701936
-0.636686
-0.653187
-0.718160
-0.865990
-0.595803
2.305794
0.780338
-0.208979
-0.737515
-0.233664
-0.099398
-0.445415
-0.388516
-0.561966
-0.544929
2.204770
2.640281
0.289014
-0.054174
-0.406556
-0.384680
-0.745130
-0.635174
-0.665017
-0.061139
-0.467275
-0.865098
-0.558919
-0.348307
-0.637559
0.900971
4.597386
0.962957
-0.403742
-0.915422
-0.608084
-0.808954
-0.734028
-0.499024
-0.692297
-0.334066
-0.819904
2.597245
0.603366
-0.323375
0.206848
-0.495420
-0.926805
-0.797195
-0.822027
-0.478344
-0.512486
-0.570407
-0.548147
-0.744714
-0.837600
-0.945722
2.597762
1.264558
-0.486582
-0.617970
-0.558135
-0.616606
0.004612
-0.403448
-0.751121
-0.881790
-0.411804
2.461149
1.485865
-0.271357
-0.557221
0.123336
-0.620050
0.047617
-0.303423
-0.647789
-0.805646
-0.809357
-0.542275
-0.554382
-0.383817
-0.841722
1.240219
0.950814
0.245334
-0.735740
-0.622750
-0.746307
-0.012641
-0.319030
-0.920388
-0.952441
0.242296
0.975319
2.492815
-0.128309
0.165180
0.545075
0.473338
-0.754494
-0.458132
-0.596961
0.213981
-0.318678
-0.208004
-0.897627
-0.745013
0.345629
-0.846816
1.423921
3.871720
0.301208
-0.646309
-0.420081
-0.004787
0.492505
-0.056181
-0.461184
-0.582706
1.672089
-0.507260
1.236687
-0.531691
0.468335
-0.596092
-0.519473
-0.050638
0.442524
0.078805
-0.305699
-0.291394
0.094598
0.284333
0.207865
0.823245
0.049407
4.455860
-0.243576
-0.620392
-0.710919
-0.445957
-0.078370
-0.371451
-0.607051
-0.534336
0.295454
0.511674
1.930587
-0.384693
0.478559
-0.286186
0.343738
-0.197447
-0.959070
-0.432396
-0.725204
-0.462191
-0.708652
-0.862568
-0.840164
-0.717892
-0.609840
4.397941
0.399804
-0.252331
-0.267617
-0.266301
-0.096226
0.158923
-0.284811
-0.490285
-0.151490
0.540753
2.646341
-0.503403
-0.657795
-0.715407
-0.887042
-0.362128
-0.770296
-0.516798
-0.247659
-0.854844
-0.482471
-0.664706
-0.782512
-0.720756
-0.805699
1.375787
1.655343
-0.211151
-0.750607
-0.861117
-0.240512
-0.153180
-0.652375
-0.496480
-0.520952
0.121264
1.489425
1.423402
-0.486229
0.780732
0.172686
-0.842609
0.204733
-0.812203
-0.729126
-0.774251
-0.351946
-0.692429
-0.427620
0.094085
-0.821538
1.887970
2.620783
-0.259442
-0.450148
-0.711335
-0.420745
0.049331
-0.423276
-0.777613
-0.675286
-0.357718
1.250008
1.921566
0.380499
0.146262
-0.210390
-0.783987
-0.444990
-0.497612
-0.567874
-0.790912
-0.445443
-0.304961
-0.286062
-0.348216
-0.513128
0.067180
-0.473328
3.130665
-0.580315
-0.628657
-0.913545
-0.106048
-0.212541
-0.493854
-0.463369
-0.742055
3.439667
2.523348
1.649438
-0.193353
0.395344
0.067482
-0.631805
0.143912
-0.569256
-0.754553
-0.694637
-0.822134
-0.299306
-0.816601
-0.306529
-0.190227
0.901753
0.508573
2.321599
-0.565867
-0.489617
-0.506622
-0.072106
-0.241761
-0.534826
-0.731647
-0.300878
5.210229
2.446767
0.453620
-0.217508
-0.274563
-0.090219
0.010499
-0.545124
-0.745689
-0.307154
-0.333083
-0.336875
-0.437633
-0.652183
-0.827417
-0.412431
1.972525
0.565525
0.835937
-0.528772
-0.334664
-0.003840
-0.047810
-0.163892
-0.567418
-0.420625
0.256013
2.352982
2.599660
-0.184643
0.858283
-0.762699
0.048806
-0.458612
-0.920364
-0.813599
-0.633708
-0.344796
-0.739032
-0.825870
-0.850383
-0.127961
0.260198
2.140123
1.002578
-0.550518
-0.593043
-0.612248
-0.169630
-0.296307
-0.487304
-0.564646
-0.604515
1.589058
1.945865
0.154607
-0.383429
0.087696
0.053912
0.143570
-0.823498
-0.304907
0.137208
-0.424979
-0.406685
-0.770573
-0.434259
-0.334185
-0.601951
2.732200
2.450288
-0.537988
-0.417542
-0.655206
-0.355787
0.135404
0.151698
-0.445869
-0.809134
0.490901
1.069447
3.142077
0.136804
0.576847
0.080148
-0.578123
-0.099517
-0.570813
-0.908801
-0.707993
-0.633441
-0.443103
-0.639616
-0.445458
-0.435000
-0.691560
2.354930
0.574639
-0.874843
-0.681900
-0.758035
-0.223507
-0.415517
-0.629533
-0.785675
0.048269
-0.004800
7.901882
-0.417137
-0.315715
-0.267781
0.733072
0.014638
-0.362316
-0.521134
0.679210
-0.067450
-0.475662
-0.644492
-0.243822
0.256779
0.142984
1.093427
4.163900
-0.118976
-0.461969
-0.615738
-0.393951
0.009008
-0.235503
-0.369089
-0.842640
0.083887
3.699230
1.227707
-0.931272
-0.029668
0.463237
-0.364545
-0.147573
0.166484
0.049445
0.388601
-0.695931
-0.772606
-0.732124
-0.169509
-0.689288
2.318513
1.243745
-0.601029
-0.453519
-0.660455
-0.285253
0.005081
-0.062058
-0.090506
-0.686908
0.509069
-0.338178
1.497284
-0.286521
-0.600473
-0.241994
-0.201328
-0.543686
-0.838108
-0.267655
-0.566774
-0.663739
-0.702429
-0.411034
-0.141018
-0.481631
1.916636
2.763127
-0.630280
-0.781551
-0.612148
-0.844101
-0.684243
-0.187759
-0.627978
-0.324252
-0.480612
0.886558
2.372367
-0.879493
-0.792146
-0.790325
-0.166057
-0.863909
-0.757821
-0.842255
-0.800113
-0.859823
-0.856330
-0.548833
-0.776043
-0.698980
-0.716526
3.702512
-0.314936
-0.278261
-0.632243
-0.531083
-0.115572
-0.239080
-0.598865
-0.723487
-0.418078
2.388903
0.480354
-0.159312
-0.524119
-0.105847
-0.371783
-0.701284
-0.747165
-0.277188
0.467583
-0.628895
-0.092676
-0.532739
-0.713105
-0.693089
-0.589889
4.461602
1.120201
-0.752529
-0.658217
-0.727249
-0.765465
-0.400059
-0.653722
-0.499199
0.115616
-0.276375
7.476178
0.113885
-0.684582
0.906147
1.211041
1.079039
0.190895
-0.614120
-0.444091
-0.691327
-0.714149
-0.483637
0.049059
0.792495
2.189967
0.446761
3.034261
-0.671941
-0.872878
-0.353388
-0.231099
-0.163158
0.128441
-0.372541
0.187802
5.221210
3.075507
0.850066
-0.127256
0.306538
-0.613349
-0.348503
-0.550928
0.061372
0.241102
-0.885179
-0.725204
-0.771734
-0.519495
-0.067152
0.232303
-0.013742
1.324728
-0.619422
-0.782387
-0.712033
-0.358688
-0.260642
-0.584383
-0.646263
-0.036804
0.611136
2.572144
0.248202
-0.320408
-0.155544
-0.334304
-0.734955
-0.503756
-0.753608
-0.771849
-0.818158
-0.765053
-0.300279
-0.543166
-0.487480
-0.803773
2.439895
1.091656
-0.126243
-0.424392
-0.535361
-0.213589
-0.191380
-0.435024
-0.313007
0.072826
0.376876
3.623660
-0.120289
0.275775
-0.265725
-0.924578
-0.763712
-0.540366
-0.977849
-0.089346
-0.720478
-0.441084
-0.184478
-0.784701
-0.071528
-0.119067
-0.640544
1.968171
-0.829426
-0.821812
-0.939554
-0.612356
-0.185779
-0.518454
-0.633614
0.063745
0.820676
2.119979
0.118373
0.201567
0.322116
0.250975
-0.211149
-0.929328
-0.752668
-0.463300
-0.695035
-0.453062
-0.652146
-0.112157
0.207797
0.536019
1.597792
3.796656
-0.325474
-0.489911
-0.587217
-0.782864
-0.620198
-0.649559
-0.111647
-0.299089
-0.358754
7.528442
-0.171908
-0.748711
0.174655
1.259711
1.187944
-0.380202
0.344475
0.011246
-0.546350
-0.727894
-0.639721
-0.863331
-0.746191
-0.303994
2.595468
6.100800
1.218208
-0.044272
0.609159
0.246870
0.057896
0.262266
0.394689
-0.826086
3.622699
1.905001
1.163465
-0.625351
0.015299
-0.747661
-0.591715
-0.691842
-0.704507
-0.151847
-0.702631
-0.836957
-0.655482
-0.586459
-0.179890
1.467381
0.210941
2.738939
-0.346980
-0.849809
-0.692075
-0.402606
-0.623281
-0.757790
-0.790574
-0.646492
2.673525
1.744834
0.291212
-0.193714
-0.160636
-0.433234
-0.466194
-0.760336
-0.924359
-0.705328
-0.685038
-0.413689
-0.721150
-0.451437
-0.381925
2.426438
2.462370
0.487962
-0.572378
-0.619791
-0.372775
-0.833907
-0.704918
-0.504535
-0.014144
-0.530258
2.561988
3.478907
0.076136
0.468214
0.472180
-0.648723
0.456975
-0.919674
-0.103584
-0.082114
0.040548
-0.708866
-0.219377
0.103453
0.973849
-0.027577
2.011856
0.083857
-0.755039
-0.470716
-0.503264
-0.300714
-0.392421
-0.690838
-0.511403
1.671977
2.395687
1.613284
0.268944
-0.430442
-0.795605
-0.576549
-0.936568
-0.930270
-0.495895
-0.043572
-0.807960
-0.618261
-0.706328
-0.964235
-0.186275
2.519099
0.849586
-0.332098
-0.217566
-0.273586
-0.440765
-0.696374
-0.128150
-0.852353
-0.348201
0.125349
2.145891
0.230903
0.218895
-0.844466
-0.863291
-0.824027
-0.846538
-0.424847
-0.140634
-0.816454
-0.609817
-0.481694
-0.140187
-0.046539
-0.836275
4.239892
0.127240
-0.812508
-0.942460
-0.732785
-0.486815
-0.570533
-0.713623
-0.806790
0.029803
-0.327639
1.553903
0.133129
0.208318
-0.223630
-0.647440
-0.689217
-0.724006
-0.910291
-0.575041
-0.525532
-0.398629
-0.583329
-0.811737
-0.806676
-0.410265
0.107622
1.317432
-0.494159
-0.744337
-0.765894
-0.176848
-0.385980
-0.665951
-0.685543
-0.124168
1.931375
1.165037
-0.146339
0.301884
-0.026703
-0.003639
-0.816880
-0.111438
-0.809409
0.095365
-0.932357
-0.882395
-0.940166
-0.571903
-0.183389
-0.657272
0.022928
2.390512
-0.866074
-0.374501
-0.317058
-0.674327
-0.526016
-0.446890
-0.855461
-0.664901
0.228999
-0.330859
1.200324
0.064661
-0.065504
-0.375878
-0.229838
-0.914602
-0.642840
-0.666083
-0.650262
-0.534951
-0.823401
-0.525429
-0.688823
-0.293195
0.532637
0.557503
1.771902
-0.307599
-0.419800
-0.337774
-0.131379
-0.144048
-0.698649
-0.650704
-0.198391
3.764933
1.280765
-0.649694
0.797412
0.031048
-0.397970
-0.143845
-0.627676
-0.161222
-0.604907
-0.515045
-0.432458
-0.959531
-0.589228
-0.565365
-0.039839
4.248784
-0.707376
-0.105128
0.119882
-0.475191
0.024232
-0.052550
-0.670069
-0.537925
-0.450478
0.024070
3.067261
0.462172
0.231669
0.106486
0.553302
-0.262051
-0.791170
-0.788891
-0.403827
-0.893645
-0.332730
-0.788144
-0.572729
-0.124258
-0.544894
2.361449
1.997996
-0.806748
-0.687526
-0.675967
-0.194467
0.108427
-0.167421
0.390672
-0.549207
1.093286
3.050859
1.035646
-0.627005
-0.029023
0.479629
0.496303
-0.879507
0.340258
1.062976
0.263935
-0.089305
-0.649234
-0.320496
-0.090497
0.046139
1.664027
4.238069
0.108237
-0.304277
-0.117583
-0.247142
0.324865
0.355997
-0.257650
-0.619633
1.493473
1.026551
3.962378
-0.383678
-0.864336
-0.430133
-0.605779
0.269434
-0.715070
-0.880591
-0.892942
-0.654829
-0.645333
-0.150528
0.297179
0.123840
1.653157
4.669469
1.066457
-0.509179
-0.637684
-0.462030
-0.699952
-0.825101
-0.646978
-0.881219
-0.233608
0.239058
5.012274
-0.301960
-0.516859
0.066749
0.161235
-0.213213
-0.618516
0.025621
-0.226953
-0.571228
-0.301412
-0.873398
-0.742345
-0.778793
-0.540941
1.704574
0.810124
0.329637
-0.699489
-0.212279
-0.461865
-0.217032
-0.419805
-0.738942
-0.766220
-0.090148
1.616534
1.042367
-0.939433
-0.251602
-0.924627
0.008361
-0.446262
-0.672534
-0.811754
-0.821899
-0.415995
-0.957487
-0.419958
-0.664126
-0.781753
-0.649892
4.463351
-0.002284
-0.136708
-0.378876
-0.427689
-0.536159
-0.172850
-0.357101
-0.503634
-0.955663
3.434213
0.787795
-0.913158
0.081585
-0.689870
-0.398888
-0.068511
-0.846274
0.060813
-0.725377
-0.545364
-0.845785
-0.817486
-0.204873
-0.527442
0.564702
-0.351762
0.904063
-0.901308
-0.668927
-0.698284
-0.437018
-0.256533
-0.611589
-0.683671
-0.117324
2.049018
2.534003
-0.684285
0.015072
0.104868
-0.294155
-0.641066
-0.595688
-0.520003
-0.735733
-0.696170
-0.881765
-0.802421
-0.479896
-0.075396
0.235348
3.398755
1.601028
-0.477255
-0.654132
-0.712206
-0.282437
-0.277781
0.010760
-0.828142
-0.637692
4.321246
1.372191
-0.450993
-0.231481
0.033314
0.343420
-0.320301
-0.823026
-0.240968
-0.826025
-0.873612
-0.403021
-0.336169
-0.466171
-0.104241
1.654954
0.804652
2.178607
-0.867640
-0.201103
-0.382468
-0.421415
-0.205302
-0.824409
-0.627805
2.430226
1.281560
2.634537
-0.268355
-0.776532
-0.563531
0.039012
-0.521778
-0.391040
-0.709107
0.131765
0.113046
-0.480596
-0.485406
-0.003671
-0.768295
1.537919
6.499547
0.655434
0.292008
-0.101437
-0.187168
-0.067630
-0.174052
0.191290
-0.492181
0.223813
2.301897
1.831642
-0.530525
0.529662
-0.292887
-0.832895
-0.647074
-0.606502
0.003854
-0.073124
-0.619868
-0.403416
0.145553
-0.297722
1.544780
2.995830
3.836377
-0.265296
-0.450367
-0.778062
-0.291823
-0.540624
-0.659643
-0.805797
0.093747
1.027437
-0.184299
1.412216
0.252551
-0.114975
-0.814586
-0.387751
-0.743190
-0.232873
-0.559322
-0.273568
-0.428405
-0.861825
-0.667276
-0.281243
-0.865235
0.514323
1.917744
-0.131788
-0.863015
-0.853121
-0.545567
-0.358391
-0.732015
-0.498925
-0.645402
0.863223
0.355120
0.850203
-0.469905
-0.272078
0.115478
-0.776917
-0.346576
-0.939962
-0.220546
-0.617455
-0.832471
-0.747591
-0.399336
-0.616029
-0.836765
0.488739
2.496200
-0.321414
-0.279859
-0.719588
-0.682932
0.136423
-0.685344
-0.753871
-0.848612
0.299804
-0.776448
2.488110
-0.344429
0.274591
-0.292359
-0.765229
-0.823008
-0.520977
-0.174840
-0.847463
-0.518774
-0.750648
-0.370588
-0.209927
-0.398708
1.034598
1.667310
0.358044
-0.416133
-0.573583
-0.828336
-0.388873
-0.026840
-0.786238
-0.498213
0.610642
2.381804
1.262837
0.235034
-0.100924
-0.037664
0.413835
-0.614046
-0.585644
-0.069749
0.118040
-0.576602
0.221660
-0.543675
-0.657663
-0.792469
-0.733677
4.151278
0.777679
-0.829638
-0.433111
-0.843764
-0.690229
-0.718178
-0.476658
0.316886
-0.755475
1.396133
7.365190
-0.244628
-0.453256
-0.212076
1.252342
1.302819
-0.058699
1.050009
0.752889
-0.137603
-0.522173
-0.625920
-0.955246
-0.625347
-0.915253
4.484455
1.461469
-0.006304
-0.133369
0.098232
-0.231902
0.221173
0.126701
-0.499272
-0.429006
3.178853
2.632962
0.312094
-0.159657
0.163465
-0.101573
-0.610743
-0.511654
-0.734364
0.116382
0.730160
-0.507056
-0.663647
0.276405
0.684090
1.340515
0.681797
1.688186
-0.303192
-0.910680
-0.447597
-0.096627
-0.104037
-0.572762
-0.534111
-0.451691
1.305345
2.731023
0.899994
0.386066
-0.455699
-0.602014
-0.908992
-0.405994
-0.359235
-0.887369
-0.901462
-0.840482
-0.542193
-0.775555
-0.688611
-0.232720
3.361819
-0.573390
0.336052
-0.512561
-0.403915
-0.433455
-0.715014
-0.346973
-0.423211
-0.442806
1.530688
1.281007
-0.190825
-0.659633
-0.233223
-0.676750
-0.358516
-0.878253
-0.865982
0.204448
-0.491869
-0.684674
0.001896
-0.272763
-0.088319
1.066671
3.524263
2.563554
-0.624815
-0.871414
-0.874520
-0.467513
-0.482167
-0.732198
-0.977654
-0.833057
0.765660
3.494636
0.249330
-0.829109
-0.640419
-0.909296
-0.723743
-0.692225
-0.796612
-0.780293
-0.872135
-0.648524
-0.322840
-0.764192
-0.846469
-0.626065
0.206192
2.208366
0.869720
0.040622
-0.751380
-0.351717
-0.295493
-0.502581
-0.265826
-0.845379
-0.850647
1.624686
1.441187
-0.382314
0.182905
-0.078247
-0.524751
-0.662584
-0.963257
-0.549347
-0.160947
-0.834806
-0.748323
-0.484231
-0.661692
-0.575643
0.487516
0.089042
1.761621
-0.849517
-0.551627
-0.646360
-0.520916
-0.547213
-0.839431
-0.731027
-0.521053
2.489258
-0.161874
0.508392
-0.408092
-0.233935
-0.289641
-0.150770
-0.612905
-0.645204
-0.390440
-0.824590
0.089895
-0.780970
-0.780439
-0.263275
-0.613660
2.954347
2.435102
-0.413485
-0.715227
-0.839556
-0.636990
-0.504691
-0.480990
-0.635406
-0.843169
1.331584
6.097322
1.366431
-0.469896
-0.270459
0.070804
0.258191
0.151511
0.016731
-0.485074
-0.644543
-0.823727
-0.357558
-0.789075
0.527222
0.119310
-0.421600
6.147313
0.459290
0.111845
-0.084610
-0.115978
-0.080733
-0.129531
0.459185
0.136208
-0.137448
3.076166
2.575950
-0.818304
0.217840
0.852968
0.780369
0.110640
-0.303828
-0.495236
-0.470511
-0.282049
-0.801966
-0.945977
-0.225459
-0.191292
0.294798
1.461447
1.322562
-0.684574
-0.511027
-0.371017
-0.059439
-0.127379
-0.176297
-0.428999
-0.863699
1.323472
2.712247
-0.388546
0.184545
-0.984748
-0.915026
-0.942965
-0.691140
-0.481494
-0.266157
-0.373065
-0.611661
-0.348170
-0.308019
-0.182016
0.993752
1.386716
1.746810
-0.588593
-0.616991
-0.785687
-0.464801
-0.600985
-0.753711
-0.830119
-0.003783
0.578697
1.147041
-0.026281
-0.614896
0.187535
-0.246268
-0.797066
-0.787136
-0.530619
0.124539
-0.759829
-0.772549
-0.274703
-0.521745
-0.084367
-0.557794
0.448420
1.783923
-0.706727
-0.915510
-0.387990
-0.135031
0.005380
-0.450476
-0.658358
-0.712713
2.143810
2.936206
0.724650
-0.016800
-0.450833
-0.424369
-0.922641
-0.317131
-0.917555
-0.186393
-0.489942
-0.602686
-0.847553
-0.869119
-0.505248
-0.692617
1.363922
2.159689
-0.297597
-0.547647
-0.695039
-0.690352
-0.333231
-0.353149
-0.783404
-0.887510
0.810293
4.287815
-0.080284
-0.683382
0.858802
-0.630656
-0.263234
-0.905056
-0.702995
-0.847075
-0.611368
-0.803572
-0.555775
-0.776833
-0.754435
-0.355318
-0.016724
4.466067
0.443155
0.150218
-0.031511
0.125816
-0.157198
-0.036914
-0.338784
-0.117717
-0.766075
2.631404
2.593967
-0.396823
0.101646
-0.209696
-0.331322
-0.677126
-0.864764
0.006545
-0.756332
-0.326100
-0.662251
-0.806186
-0.167449
-0.116577
0.047370
-0.764549
4.133514
-0.893068
-0.786631
-0.744952
-0.683782
-0.382155
-0.595533
-0.626826
-0.535969
-0.150182
2.812292
1.526343
-0.540984
-0.326181
-0.484253
-0.207015
-0.067493
-0.772714
-0.284129
-0.173289
-0.117441
-0.582392
-0.815732
-0.618035
-0.428209
-0.260494
0.879743
0.846649
-0.260875
-0.583619
-0.637888
-0.128850
0.020024
-0.323256
-0.193685
-0.016991
1.881670
2.686609
-0.844202
0.187013
-0.072724
0.674278
-0.881525
-0.044619
-0.617570
-0.390639
-0.754631
-0.828307
-0.517154
-0.876734
-0.755500
-0.278360
3.165337
2.125808
-0.657311
-0.635186
-0.803840
-0.756620
-0.215746
-0.501831
-0.899060
-0.541666
0.216162
5.070656
-0.760091
-0.662036
0.298362
0.955668
-0.064276
-0.351136
-0.264966
-0.046561
0.032820
-0.390722
-0.492504
-0.874380
0.074334
-0.503091
2.463399
4.150920
0.558433
-0.153016
-0.306732
-0.835559
-0.134885
-0.196220
-0.052261
-0.062814
-0.765115
6.964757
-0.531408
-0.781352
-0.259233
0.620556
0.510139
0.022379
-0.889498
-0.874483
-0.843228
-0.672375
-0.763801
1.049223
0.995269
0.874133
1.919102
3.748138
-0.692077
-0.772109
0.212938
-0.117696
0.468804
-0.001749
-0.214494
-0.008221
2.442950
4.870837
1.208856
0.518849
-0.471283
-0.885964
-0.432352
-0.424582
-0.737107
-0.408874
0.181305
-0.546028
-0.811561
-0.700140
-0.237919
-0.659848
2.804022
0.887208
-0.098668
-0.845288
-0.839693
-0.466016
-0.389089
-0.605640
-0.564799
-0.637158
1.217678
-0.372301
0.034155
-0.489741
-0.387920
-0.188339
-0.707214
-0.919527
-0.926965
-0.109130
-0.900911
-0.895389
-0.412723
-0.359116
-0.598877
-0.099340
-0.535579
2.681660
-0.853866
-0.856333
-0.915217
-0.801508
-0.533743
-0.848773
-0.873672
-0.147147
-0.247059
3.008933
0.614863
-0.290694
-0.794759
0.047033
-0.040536
-0.517005
-0.855034
-0.243522
-0.884525
-0.191891
-0.540869
-0.769661
-0.652062
-0.264092
3.427974
0.932980
-0.398772
-0.590639
-0.333574
-0.417879
-0.586806
-0.534403
-0.509665
-0.003242
1.534893
-0.042218
0.787496
-0.194450
-0.202671
-0.352308
-0.379462
-0.115181
0.012605
0.104673
-0.663756
-0.243824
-0.267989
-0.767828
-0.662663
0.006864
0.375357
4.974651
-0.744626
-0.711789
-0.772775
-0.579796
-0.103819
-0.322755
-0.175935
-0.882802
3.795419
1.515632
1.900711
0.176238
0.452790
0.750931
0.458475
-0.765854
-0.643725
-0.408839
-0.007626
-0.066970
-0.741474
-0.836383
-0.096152
-0.879211
2.075705
0.709697
0.386749
-0.226889
-0.226940
-0.260687
-0.088968
-0.176305
-0.108029
-0.989818
1.811666
1.196847
0.416570
0.053245
0.065641
-0.289823
-0.491586
-0.270549
-0.511135
-0.137934
-0.558056
-0.498242
-0.183543
-0.419680
0.069128
-0.837817
2.134700
3.298816
-0.422800
-0.812835
-0.681570
-0.616652
-0.605969
-0.432854
-0.760219
-0.926058
-0.824350
2.582206
-0.127630
-0.271923
-0.367909
0.346120
-0.086519
-0.649726
-0.691693
-0.173914
-0.662381
-0.749733
-0.546662
-0.745823
-0.631093
-0.599077
-0.644452
5.386171
1.542975
0.471298
-0.086058
-0.222385
-0.042618
-0.074840
-0.122639
-0.328124
-0.333079
2.786822
1.626184
-0.518732
-0.670094
-0.415112
-0.012863
0.067396
-0.215987
-0.096453
0.110020
-0.799528
-0.824664
-0.575881
-0.251866
-0.282833
2.191144
1.129171
1.057944
-0.772879
-0.683246
-0.437567
-0.378664
-0.451706
-0.631909
-0.875578
-0.652266
3.480130
1.682068
-0.568248
-0.523896
0.024607
-0.407094
-0.761608
-0.814408
-0.147009
-0.871374
-0.807965
-0.500926
-0.346754
-0.423163
-0.342046
1.289667
1.721385
0.825458
-0.791278
-0.727729
-0.850163
-0.378939
-0.456185
-0.828026
-0.806308
0.915168
1.258321
2.539695
-0.120098
-0.664516
-0.163060
0.328371
-0.666908
-0.950760
-0.291829
-0.729553
-0.632574
-0.910410
-0.817715
-0.862222
-0.711762
2.430978
1.899851
0.942139
-0.423598
-0.386016
-0.205198
-0.287326
-0.094574
-0.119347
-0.023137
0.318745
3.497920
1.595296
-0.677174
0.860639
-0.115018
-0.699862
-0.721461
-0.340993
0.160899
-0.181153
-0.938044
-0.639867
-0.029643
0.009800
0.549562
0.497487
4.370826
-0.709545
-0.427525
-0.489235
-0.681558
-0.540914
-0.721928
-0.414162
-0.708526
2.154251
2.831385
1.204473
-0.133710
-0.028307
-0.302510
-0.711953
-0.476750
-0.775867
-0.596823
0.414571
-0.742135
-0.448470
-0.796287
-0.611344
-0.737027
1.585302
1.787211
-0.231833
-0.720871
-0.709171
-0.341592
-0.394281
-0.499171
-0.797289
-0.567980
1.732213
2.527222
0.439687
-0.049503
-0.308144
-0.769414
-0.452802
-0.901124
-0.078159
-0.683866
-0.256663
-0.070409
-0.771932
-0.711418
-0.663892
-0.772826
-0.565279
2.574746
0.774504
-0.084925
-0.448040
-0.133153
-0.415158
-0.973795
-0.584357
-0.798311
-0.796541
1.864608
1.587605
-0.820771
-0.274070
-0.462308
-0.332413
-0.565797
-0.534524
-0.415979
-0.520213
-0.742787
-0.125783
-0.597446
-0.615618
-0.848040
0.399853
-0.074765
1.311208
-0.508166
-0.574542
-0.422925
-0.185320
-0.224296
-0.517264
-0.809717
-0.923037
2.042707
1.906429
0.119079
0.427237
-0.300382
-0.428692
-0.511434
-0.675731
0.262679
-0.284126
-0.269464
-0.204840
-0.674674
-0.614581
-0.496223
-0.034678
0.583766
1.320560
-0.791891
-0.540802
-0.438502
-0.368817
-0.312574
-0.503563
-0.388819
-0.035511
0.975504
4.633464
0.200219
-0.243285
-0.598024
-0.853641
-0.133557
-0.580986
-0.606826
-0.312548
-0.498192
-0.703566
-0.167993
-0.570436
-0.184490
-0.005271
-0.708562
5.212881
-0.734499
-0.651116
-0.890139
-0.740171
-0.151547
-0.409958
-0.963267
-0.561583
1.257448
1.807905
2.372772
-0.312115
0.780250
0.374518
0.056259
-0.600336
-0.638242
-0.489079
-0.747055
-0.188559
-0.100790
-0.151713
-0.312019
-0.410426
-0.172731
5.165064
0.700796
-0.340693
-0.717354
-0.769965
-0.560479
-0.470797
-0.262914
-0.875805
1.001661
0.437991
8.547890
-0.607926
-0.318830
0.930903
1.541687
-0.691412
-0.203534
-0.901159
-0.829973
-0.136503
0.140036
0.170910
0.845236
0.517802
1.809339
-0.521666
1.833728
-0.831185
-0.203016
-0.090115
0.218274
0.283508
-0.530982
-0.312792
-0.308106
3.148967
2.881934
0.450667
-0.782092
-0.208481
-0.549511
-0.742311
-0.650115
-0.101696
-0.110760
-0.891782
-0.670969
-0.783448
-0.876316
-0.525730
-0.358495
0.797682
1.157775
-0.815483
-0.757322
-0.602601
-0.685418
-0.323839
-0.389467
-0.435552
-0.833702
2.052419
1.577110
-0.824754
0.398640
-0.829810
-0.270647
-0.536030
-0.851976
-0.395356
-0.517269
-0.689512
-0.886272
-0.207379
-0.249000
-0.547254
-0.369196
-0.452402
1.965244
-0.715966
-0.465909
-0.581859
-0.341239
-0.218783
-0.950389
-0.548582
-0.495591
1.814847
2.636813
-0.590502
0.028619
-0.265240
-0.309628
-0.803448
-0.763284
-0.890350
-0.733965
-0.851209
-0.769933
-0.826581
-0.773369
-0.388549
0.220251
2.013553
0.567099
0.118753
-0.314570
-0.685966
0.019510
-0.467374
-0.316593
0.091500
-0.375310
1.268229
0.393998
0.849512
0.135774
-0.167976
-0.079953
-0.043998
-0.879600
-0.556981
-0.575950
-0.477205
-0.692786
-0.152135
-0.495757
0.107341
-0.798464
1.871182
3.002582
0.322559
-0.557889
-0.078251
-0.404994
0.138563
-0.494544
0.215711
-0.989857
3.060769
5.499327
1.141054
-0.475949
-0.482115
-0.418009
-0.693116
-0.448698
-0.609783
-0.521811
0.086417
0.000119
-0.554484
-0.976862
-0.585662
-0.220067
2.110711
4.026996
-0.462227
-0.683609
-0.624015
-0.596171
-0.639229
-0.503423
-0.860257
-0.550466
0.281489
4.655272
1.015805
-0.564957
-0.080200
0.017751
0.076544
-0.795427
-0.736974
-0.379182
-0.674624
-0.660790
-0.659431
-0.705974
-0.902967
-0.585453
-0.255446
2.143950
1.796451
-0.910689
-0.588086
-0.765943
-0.397327
-0.355745
-0.848734
-0.869419
-0.587332
0.192592
4.898274
-0.247230
-0.473182
0.406710
0.683347
0.286345
-0.641530
-0.656902
-0.587447
-0.948692
-0.635083
-0.124158
0.033507
-0.321584
0.049621
3.800168
2.194374
0.564734
-0.442504
-0.032090
-0.287480
-0.116122
0.139834
-0.869821
0.062407
2.107542
1.799037
0.395180
0.426386
0.308556
0.316791
0.259125
-0.781243
-0.056205
1.432106
0.639390
-0.390912
0.078861
0.710813
2.052676
-0.426708
6.361812
1.169850
-0.528503
-0.329343
-0.878657
-0.678706
-0.461438
-0.849515
-0.921241
-0.521612
2.780814
1.654130
0.568954
-0.836432
-0.865681
-0.040288
-0.873501
-0.645403
-0.568667
-0.870648
-0.031548
-0.499281
-0.785338
-0.993527
-0.955285
-0.870090
4.281710
-0.064008
-0.125402
-0.548981
-0.570460
-0.289970
-0.403481
-0.223226
-0.538648
-0.894809
1.968355
1.391285
-0.082161
-0.211964
-0.184069
-0.171601
-0.669905
-0.932612
-0.612024
-0.239914
-0.460595
-0.846689
-0.416598
-0.545726
-0.282153
-0.057835
-0.205637
1.461258
-0.340523
-0.811642
-0.537220
-0.258587
-0.306021
-0.596324
-0.563942
-0.243942
0.645928
3.373060
-0.440291
-0.479345
-0.485047
-0.841471
-0.745359
-0.821819
-0.613772
-0.634335
-0.826411
-0.779825
-0.397527
-0.364804
-0.694430
0.146848
-0.677653
2.164504
-0.986923
-0.733410
-0.566496
-0.660260
-0.192469
-0.793641
-0.632215
-0.230878
-0.524173
4.284565
0.037018
-0.420576
0.081645
0.539981
-0.350771
-0.825282
-0.319945
-0.194909
-0.753610
-0.570843
-0.650578
-0.441315
0.151787
0.017228
0.879828
3.009172
-0.785055
-0.823192
-0.481169
-0.507889
-0.617592
-0.479643
-0.748407
-0.940157
1.081393
1.499651
0.969509
-0.827413
0.459476
0.095036
-0.334892
-0.812569
-0.565153
-0.079259
-0.790697
-0.474524
-0.581640
-0.552568
-0.671483
-0.606804
1.390420
6.210475
0.564343
0.056016
-0.485611
-0.344109
0.109261
-0.121607
-0.008202
-0.492686
-0.605732
5.944534
0.540376
-0.742421
0.078576
0.557925
0.012038
-0.710826
-0.021880
-0.279638
-0.620048
-0.713750
-0.497532
-0.940157
-0.341440
-0.577166
2.502077
3.597363
-0.188335
-0.894956
-0.294897
-0.443290
-0.244200
-0.501521
-0.436519
-0.696143
2.478591
3.567707
1.434071
-0.040877
-0.183795
-0.754875
-0.365147
-0.393921
-0.884833
-0.577583
-0.336654
-0.678607
-0.137535
-0.320664
-0.469009
0.003404
0.260075
1.619368
-0.424783
-0.718699
-0.704800
-0.317191
-0.632927
-0.786981
-0.817095
-0.045652
2.936478
1.123906
0.423537
0.007870
-0.101832
-0.646306
-0.517638
-0.505390
-0.809823
-0.338908
-0.766248
-0.326817
-0.608848
-0.668723
-0.782881
-0.748353
1.712239
1.851003
-0.590130
-0.619392
-0.733183
-0.464366
-0.743440
-0.887477
-0.728636
0.561548
0.053755
4.543046
0.435815
-0.430535
0.345539
-0.143559
-0.718541
-0.552007
0.186148
0.468061
-0.210518
0.367029
-0.259717
-0.638160
-0.823726
1.987843
-0.256651
2.186453
-0.687844
-0.724313
-0.160375
-0.011119
0.237597
0.181599
-0.301329
-0.241066
1.351261
4.802347
0.978023
0.123054
0.505931
-0.597096
-0.369145
-0.668200
-0.714457
-0.764409
-0.609255
-0.333384
0.279836
0.234051
-0.477598
1.187972
4.372824
0.370284
-0.906935
-0.848760
-0.650625
-0.301953
-0.373837
-0.629340
-0.623515
-0.458633
1.913376
2.558034
0.105254
0.316204
-0.473356
-0.913253
-0.705547
-0.867139
-0.847521
-0.338820
-0.823560
-0.791918
-0.317059
-0.571837
-0.256618
-0.713097
0.432189
2.386488
-0.507113
-0.817168
-0.897963
-0.651112
-0.530423
-0.799840
-0.841427
-0.926790
-0.548007
3.167610
0.112683
-0.168131
-0.236021
-0.157742
-0.158726
-0.817906
-0.649907
-0.527190
-0.839167
-0.750854
-0.953747
-0.896909
-0.723445
-0.785678
-0.598548
3.322218
0.584919
-0.051395
-0.271160
-0.315082
-0.273903
-0.445748
-0.400185
-0.930964
-0.090376
1.206513
2.037190
-0.659451
-0.101172
-0.237284
-0.159411
-0.695351
-0.788080
-0.675062
-0.669944
-0.464995
-0.575959
-0.325057
-0.948469
-0.568690
-0.753216
2.803962
0.980585
0.147151
0.026553
-0.173593
-0.409224
-0.169816
-0.370192
0.082235
0.152268
0.923973
4.660156
-0.005829
-0.279186
-0.474617
-0.797675
-0.324858
-0.636662
-0.236020
-0.411169
-0.725173
-0.792236
-0.788314
-0.454231
0.361578
0.202520
-0.450607
4.869743
-0.771301
-0.927549
-0.488800
-0.765499
-0.374003
-0.619277
-0.923895
-0.867152
0.128130
2.495350
2.334890
-0.859989
-0.041681
-0.339988
-0.931135
-0.795426
-0.699135
-0.674882
-0.813167
-0.767599
-0.688496
-0.820644
-0.796154
-0.864114
-0.334410
6.059408
-0.789634
-0.128442
-0.299909
-0.789769
-0.176718
-0.348903
-0.140817
-0.460648
-0.543174
-0.225700
8.007582
-0.469043
-0.358034
0.475592
1.126310
0.099591
-0.837041
-0.189027
0.345941
-0.163015
-0.510669
-0.878602
-0.802492
-0.119093
0.541477
0.328549
2.447561
-0.753883
-0.809143
-0.509931
-0.503208
0.007534
-0.484712
-0.572521
-0.382880
3.259910
0.689492
0.158455
-0.487923
-0.073592
0.392534
-0.664917
-0.132187
-0.734988
-0.538430
-0.668542
-0.514254
-0.803219
-0.890795
-0.425012
-0.424771
2.989889
1.384947
-0.693025
-0.726642
-0.618696
-0.563933
-0.434692
-0.748168
-0.789024
-0.214087
-0.404218
5.649634
-0.298356
-0.748121
0.242058
-0.293895
-0.280773
-0.863318
0.328891
-0.135807
-0.004122
0.008692
-0.064409
-0.891624
-0.344367
0.528426
6.197634
1.352187
-0.146308
-0.742444
0.207463
0.004190
-0.025310
0.377637
-0.719672
-0.732481
4.503923
1.892342
1.298547
0.398709
-0.018028
-0.649464
-0.383945
-0.633537
-0.643260
0.028570
-0.808016
-0.461056
-0.050879
0.188670
-0.173051
1.693780
4.742580
1.115245
-0.551456
-0.687508
-0.735735
-0.396624
-0.445416
-0.692075
-0.566649
-0.518352
2.568987
1.573428
0.071413
0.386727
-0.025399
-0.743355
-0.512306
-0.539440
0.208998
-0.554913
-0.968367
-0.923629
-0.575743
-0.147640
0.315075
0.092917
3.821516
-0.652174
-0.763370
-0.890366
-0.716295
-0.455323
-0.703805
-0.762980
-0.698313
-0.164101
-0.456780
1.783001
-0.186505
0.092986
-0.655399
-0.643627
-0.723390
-0.571748
-0.845301
-0.678627
-0.666038
-0.991138
-0.531795
-0.504892
-0.802497
-0.199567
0.242341
1.070889
-0.550947
-0.720496
-0.464900
-0.389234
-0.197291
-0.682229
-0.455254
-0.348236
0.074715
2.316291
-0.196474
-0.034809
-0.687652
-0.241798
-0.709100
-0.362652
-0.210993
-0.579976
-0.554461
-0.471944
-0.450119
-0.877335
-0.550004
-0.546968
2.024157
1.130565
0.363523
-0.282435
-0.389194
-0.174686
-0.171363
-0.607588
-0.355442
-0.623931
2.994135
3.166456
-0.270075
0.328565
-0.237591
-0.549670
-0.458206
-0.815178
-0.858138
-0.410316
-0.422753
-0.852751
-0.153772
-0.625127
0.082232
-0.580728
1.243783
3.355228
-0.191392
-0.796317
-0.512403
-0.483679
-0.360391
-0.356843
-0.856628
-0.553470
1.388121
-0.907785
2.460556
-0.410653
-0.128263
-0.641966
-0.600251
-0.831594
-0.883241
-0.903372
-0.645091
-0.646524
-0.769167
-0.616718
-0.691755
-0.407942
0.004049
5.243265
-0.539456
0.394137
-0.337014
-0.551131
-0.168949
-0.432978
-0.115895
-0.789016
-0.502195
2.285130
1.717835
-0.080413
-0.173404
0.098977
0.245037
0.279452
-0.583089
-0.726735
-0.360693
-0.918909
-0.062980
-0.857478
-0.495422
-0.123624
-0.685509
2.480725
0.517033
-0.387219
-0.707549
-0.302841
-0.832029
-0.166699
-0.384010
-0.463664
-0.689110
-0.314851
3.886170
0.208419
-0.593506
0.151308
0.363486
0.119098
-0.638254
-0.815325
0.174945
-0.379681
-0.725355
-0.803315
-0.627983
-0.088832
0.477401
1.505288
4.931806
-0.794310
-0.425604
-0.604140
-0.812123
-0.442827
0.003962
-0.840733
-0.646942
0.021235
3.139898
0.627573
-0.843312
0.368415
-0.324361
0.017547
-0.575568
-0.536235
-0.319676
-0.585957
-0.557839
-0.934925
-0.680015
-0.779209
-0.329141
0.364090
4.424100
0.836122
-0.123151
-0.016498
-0.274829
0.164776
0.016193
-0.117086
-0.689040
1.792212
0.080460
2.043933
-0.272545
-0.101714
-0.390577
-0.205018
-0.753226
-0.147543
-0.316872
-0.867184
-0.513788
-0.433882
-0.604471
-0.362471
-0.199505
1.643395
1.663615
1.361183
-0.630740
-0.910760
-0.097476
-0.182242
-0.736033
-0.781368
-0.696461
-0.395677
5.205514
1.049919
-0.803485
0.209497
0.394276
-0.399601
-0.728259
-0.322024
-0.561025
-0.455647
0.029546
-0.671056
-0.572515
-0.637790
-0.154219
5.350996
0.742679
1.193410
-0.803382
0.029125
-0.312892
-0.689570
-0.503176
-0.673552
0.613778
6.077314
1.580984
0.511030
-0.523288
-0.790760
-0.981338
-0.439629
-0.255467
0.635909
1.001797
-0.566642
-0.422431
0.100164
-0.294709
-0.380433
3.992827
3.890122
2.046020
-0.316478
-0.655966
-0.562659
-0.448058
-0.230632
-0.646947
-0.715701
-0.898051
3.310697
1.085409
0.516563
0.231532
0.417153
-0.915266
-0.473672
-0.230792
-0.870888
-0.084047
-0.517488
-0.879577
0.393004
0.166106
1.257271
2.965917
1.875475
-0.766771
-0.867895
-0.592275
-0.598589
-0.485111
-0.920193
-0.592697
-0.782258
1.186197
0.154859
2.307401
0.461443
-0.458823
-0.963573
-0.774587
-0.885818
-0.635536
-0.488308
-0.797144
-0.935998
-0.724069
-0.390460
0.003270
-0.906682
0.824914
2.154048
-0.257219
-0.340585
-0.681148
-0.313754
-0.405964
-0.404781
-0.814364
-0.765588
0.720686
1.817036
1.651103
-0.022445
-0.208443
-0.726547
-0.823375
-0.247419
-0.556783
-0.687339
-0.954262
-0.716972
-0.524739
-0.829773
-0.680723
-0.692390
-0.206373
-0.614074
1.230124
-0.208832
-0.858046
-0.628214
-0.420696
-0.595293
-0.924549
-0.707025
-0.047593
2.350071
0.606466
0.599892
-0.015175
0.393444
-0.431341
-0.742199
-0.379918
-0.763841
-0.400110
-0.830527
-0.487789
-0.307368
-0.881304
-0.395246
-0.613314
1.878268
2.278772
0.338715
-0.450076
-0.744354
-0.662401
-0.336456
-0.229631
-0.740028
-0.872729
-0.309941
0.882847
1.807660
0.220208
-0.189173
-0.378008
-0.249827
-0.722817
-0.739029
-0.108007
-0.912098
-0.917356
-0.724784
-0.487883
-0.787641
-0.475582
-0.165691
-0.270892
3.409564
-0.209318
-0.682873
-0.550881
-0.602191
-0.592989
-0.599318
-0.868985
-0.899442
2.977585
-0.279612
1.371307
0.078548
0.281989
-0.411503
-0.252206
-0.566149
-0.557535
-0.212244
-0.656409
-0.596017
-0.636126
-0.561879
-0.740395
-0.139741
0.969834
2.993157
3.341515
-0.200781
-0.753135
-0.463330
-0.350041
-0.017463
-0.641180
-0.579326
-0.286046
3.763126
-0.267176
0.305033
-0.703816
0.136587
0.029187
0.156335
-0.424565
-0.654489
0.141644
-0.594465
-0.541383
-0.497917
-0.759681
-0.903671
-0.528840
1.156576
3.956547
1.167492
0.356745
-0.614497
0.044691
-0.575908
-0.054256
-0.588036
-0.050150
-0.547299
3.650166
0.812627
-0.715561
0.205705
-0.129815
0.289828
0.066456
-0.774225
-0.724428
-0.319694
-0.366079
-0.511232
-0.496006
-0.938594
-0.199621
-0.664198
4.431046
-0.424002
-0.390418
-0.336384
-0.611979
-0.220284
-0.044388
-0.237432
0.030496
-0.134490
3.078030
0.900186
-0.561718
-0.322173
0.442082
0.309963
-0.471369
-0.978037
0.051557
-0.318556
-0.734114
-0.889215
-0.687685
-0.926962
-0.452445
0.025520
2.120883
2.046301
-0.726594
-0.735708
-0.745110
-0.489843
0.026581
-0.036220
-0.709629
-0.764105
2.906197
1.603963
-0.709379
0.035590
-0.199240
0.016591
-0.736055
-0.653843
-0.252352
-0.200972
-0.319031
-0.839419
-0.368910
-0.209075
-0.179029
1.107877
2.164849
1.893079
-0.522247
-0.676544
-0.801891
-0.572200
-0.628364
-0.653605
-0.457627
-0.412732
3.214010
1.357277
-0.544231
-0.562654
-0.508618
-0.583614
-0.547712
-0.704662
-0.679797
-0.154317
-0.664256
-0.513597
-0.703757
-0.660704
-0.270167
-0.591113
5.155679
1.442033
0.604557
-0.511822
-0.517732
0.268285
-0.202369
0.065135
-0.642136
-0.194394
4.372485
0.031291
-0.187457
0.619370
0.447296
-0.786930
-0.471411
-0.256162
0.373998
-0.483685
0.547303
-0.370614
-0.079911
0.753605
0.268314
2.760447
3.142942
1.346647
-0.621256
-0.874527
-0.244403
0.002839
-0.423970
-0.487065
-0.319446
1.108096
1.157719
2.742511
0.540201
0.240253
0.081330
-0.114033
-0.594021
-0.844633
-0.650873
-0.813506
-0.769290
-0.901338
-0.407727
-0.460973
0.092396
2.053397
1.186301
0.767741
-0.473956
-0.934667
-0.873779
-0.760077
-0.585686
-0.799022
-0.909536
-0.495248
4.195155
0.250282
-0.246707
0.183037
0.419302
0.288619
-0.661327
-0.751678
-0.747730
-0.869223
-0.493061
-0.396933
-0.790495
-0.560444
-0.352679
1.118549
4.719456
0.053437
-0.019861
0.009383
-0.265007
-0.626020
-0.573567
-0.808096
-0.178676
4.021714
1.107361
0.814954
-0.439966
0.081875
-0.423132
-0.581170
-0.478184
-0.323290
0.271488
-0.068336
-0.095419
0.180966
-0.142959
-0.468288
2.716766
1.755169
2.602247
-0.026463
-0.563972
-0.349201
-0.522845
-0.121984
-0.438374
-0.593525
0.850682
-0.403053
1.633536
0.717528
0.327551
-0.029980
-0.711658
-0.811602
-0.410045
-0.861623
0.293896
-0.071898
-0.812231
0.022509
0.363840
1.698177
4.012923
2.499306
-0.636980
-0.669059
-0.950578
-0.878491
-0.413853
-0.951139
-0.651235
-0.777786
0.847404
-0.030010
1.286356
0.335612
0.442671
-0.451254
-0.815306
-0.871076
-0.418218
-0.526917
-0.766592
-0.323618
-0.805833
-0.866659
-0.883487
-0.558863
-0.530011
2.963076
0.256639
0.362402
-0.346522
-0.535273
-0.336155
-0.550485
-0.626313
-0.721152
-0.403779
-0.915076
1.447569
-0.272788
-0.759629
-0.554969
-0.415573
-0.862873
-0.683613
-0.556167
-0.506541
-0.972438
-0.763067
-0.657575
-0.693022
-0.823334
-0.307393
-0.521106
1.261278
-0.578505
-0.490012
-0.498751
-0.668174
-0.553223
-0.728462
-0.809422
-0.950420
1.075843
2.306742
-0.085864
-0.377014
-0.495208
-0.324966
-0.835688
-0.625589
-0.580305
-0.598135
-0.781358
-0.838287
-0.114819
-0.775449
-0.226494
-0.274956
-0.006519
3.872909
-0.204232
-0.666543
-0.912776
-0.694736
-0.858439
-0.393972
-0.858259
-0.539156
-0.123077
1.561355
1.305456
-0.462789
0.473929
-0.420207
0.004235
-0.730698
-0.550992
-0.781404
-0.644910
-0.797195
-0.671788
-0.789159
-0.934777
-0.543021
-0.728367
3.000866
1.923970
-0.050532
-0.346484
-0.883135
-0.275302
-0.483854
-0.546688
-0.821706
-0.440249
3.476870
0.758610
-0.190750
-0.279819
-0.504386
-0.394422
-0.394345
-0.805661
-0.266957
-0.218695
-0.787730
-0.698089
0.033580
-0.640160
-0.574730
-0.637569
1.185001
1.873522
1.129243
-0.298649
-0.132648
-0.178850
-0.276569
-0.264763
-0.469433
-0.691238
0.545553
2.066800
1.384656
-0.634711
0.435597
-0.241377
0.337159
-0.025005
-0.677997
-0.499772
-0.667983
-0.013522
-0.776603
-0.774379
-0.786278
0.088720
-0.737461
3.842211
0.781293
-0.297355
-0.637696
-0.592216
-0.257529
-0.438298
0.259171
-0.846327
0.508778
5.285451
-0.649281
-0.679999
0.365773
0.357814
0.267204
-0.605857
-0.772116
-0.429814
-0.551810
-0.703465
-0.447484
-0.495381
-0.873260
-0.280451
0.629751
-0.133080
2.502974
-0.839905
-0.350332
-0.143219
-0.388155
-0.059659
-0.086378
-0.207462
1.609373
0.464331
5.182089
-0.832615
-0.896507
-0.413269
-0.581176
-0.454037
-0.115563
-0.166187
-0.773306
-0.303641
-0.562654
-0.738867
-0.766650
-0.538411
-0.320164
3.105605
1.037826
0.125554
-0.806739
-0.754328
-0.477525
-0.470822
-0.528787
-0.922858
-0.010229
2.149518
1.956932
0.174294
-0.452688
1.253815
0.117886
-0.299006
-0.671205
-0.490928
-0.663742
-0.013054
-0.363806
-0.718026
-0.115374
0.329831
-0.729625
1.866780
6.634476
-0.235444
0.048856
0.011569
0.156990
-0.450556
-0.270995
-0.640614
0.064383
0.039350
4.781652
0.557837
-0.742478
-0.739613
2.115988
-0.506673
0.152245
1.854628
1.535366
0.628624
-0.267227
0.323925
1.551578
1.701850
0.356675
6.172984
2.114351
-0.910354
-0.488862
-0.485692
-0.383160
-0.820379
-0.782485
-0.682945
-0.364776
2.266648
1.370352
0.901345
-0.325182
-0.792100
-0.407538
-0.726841
-0.801454
-0.671241
-0.414111
-0.450398
-0.849450
-0.375750
-0.550549
-0.407109
0.370880
2.138694
0.264886
0.013316
-0.676848
-0.776658
-0.524533
-0.414982
-0.300320
-0.202153
-0.551639
1.668873
2.186853
0.499905
-0.335264
0.007356
-0.145427
-0.622425
-0.671357
-0.707274
-0.354746
-0.656866
-0.602105
-0.578047
-0.770835
-0.444104
-0.766237
0.526469
0.952854
-0.068617
-0.574328
-0.959943
-0.540501
-0.401085
-0.766293
-0.945018
-0.637935
-0.551553
1.602058
0.343282
-0.505099
-0.086233
-0.089836
-0.569357
-0.767049
-0.901324
-0.787404
-0.928903
-0.914164
-0.704850
-0.670902
-0.612443
-0.238375
0.907322
0.739958
0.863131
-0.608477
-0.545227
-0.510198
-0.183913
-0.399841
-0.510126
-0.673433
-0.904168
1.332968
2.698658
-0.388398
-0.299862
-0.485101
-0.472739
-0.640016
-0.670095
-0.695212
-0.580202
-0.790277
-0.470838
-0.358992
-0.740133
-0.942844
-0.167651
3.111711
-0.651450
0.275628
-0.032933
-0.697488
-0.246300
-0.187989
-0.518755
-0.162456
-0.690484
0.399650
0.934044
1.135815
-0.265499
0.023155
0.301502
-0.357758
-0.447310
-0.841134
0.362684
-0.874667
-0.159663
-0.407348
-0.025905
0.212448
-0.412661
1.513333
3.706077
1.050150
-0.655357
-0.627032
-0.729951
-0.252176
-0.286271
-0.833165
-0.638954
-0.849371
2.842450
2.422629
-0.571817
0.009284
-0.225449
-0.662562
-0.615009
-0.693964
-0.600513
-0.829237
-0.642282
-0.579238
0.077172
-0.417658
-0.836809
-0.142831
2.038332
5.092534
1.171303
-0.104547
-0.526727
-0.132061
0.180762
-0.551011
-0.053521
-0.726681
0.241927
2.840817
1.007472
-0.631428
-0.343358
0.569996
-0.154053
-0.680090
-0.499016
-0.798991
-0.697976
-0.959250
-0.458467
-0.635107
-0.281758
-0.690685
1.828827
1.920393
0.322753
-0.671830
-0.154452
-0.487188
0.171944
-0.480074
-0.220677
-0.737326
1.740131
1.269215
2.731914
-0.570656
-0.295577
-0.497095
-0.472605
-0.414808
-0.775124
-0.639445
-0.394092
-0.698344
-0.712149
-0.466665
-0.122616
-0.384238
1.345935
4.110756
0.579868
-0.641311
-0.594022
-0.739346
-0.486928
-0.640085
-0.815525
-0.712579
0.336292
0.988448
3.056333
-0.048789
-0.582802
-0.024345
0.334934
-0.691567
-0.875904
-0.536359
-0.598128
-0.719853
-0.776448
-0.644551
-0.542551
-0.589178
-0.807786
3.307424
2.792047
0.239200
-0.741624
-0.723233
-0.659814
-0.248246
-0.502497
-0.803662
-0.942914
-0.518847
3.574893
-0.452413
-0.692068
0.242894
0.314036
0.043253
-0.723604
-0.540006
-0.171156
-0.870247
-0.498359
-0.728480
-0.826663
-0.835702
-0.847094
-0.287204
5.487281
-0.057513
0.032058
-0.158369
-0.070227
0.232991
-0.226606
0.006735
-0.600842
-0.487790
1.984240
1.706476
-0.898681
-0.075484
-0.274482
-0.684523
-0.792256
-0.929882
-0.405627
0.025913
-0.781973
-0.507891
-0.619472
-0.397691
-0.586126
1.925749
2.790004
2.185101
-0.743556
-0.846470
-0.504349
-0.477178
-0.224953
-0.685300
-0.733023
-0.404674
1.153128
2.759724
-0.125249
0.122938
-0.502735
-0.255767
-0.376347
-0.553815
-0.753275
-0.561169
-0.299541
-0.648948
-0.672728
-0.703703
-0.239223
-0.141968
2.379616
-0.659481
0.854040
-0.364452
-0.513151
-0.244298
-0.408277
-0.125801
0.017199
-0.636464
3.459130
4.061910
0.765502
-0.512123
-0.812332
-0.660390
-0.733429
-0.668659
-0.457112
-0.257327
-0.674728
-0.783067
-0.580277
-0.588725
-0.592921
-0.375343
-0.612093
1.956350
1.154037
-0.439035
-0.729705
-0.572204
-0.214401
-0.285204
-0.439118
-0.528300
-0.524866
4.120852
0.129417
-0.657059
-0.404906
0.366781
0.287572
0.050461
-0.931950
-0.260517
-0.338611
-0.865516
-0.242480
-0.598574
-0.753764
0.046847
-0.089649
2.871477
1.222281
-0.182539
-0.745096
-0.759464
-0.479714
-0.616636
-0.112883
-0.608569
-0.561517
-0.406636
5.729672
-0.605842
-0.553790
0.184441
0.551156
0.347256
-0.427169
-0.903929
-0.628328
-0.672334
0.141476
-0.619471
-0.862887
-0.600603
0.069130
0.188406
6.361930
-0.833722
0.586829
0.037863
-0.413491
0.100399
-0.278488
0.220841
-0.678653
0.397747
3.399468
1.112848
-0.825239
-0.268197
0.087241
-0.381443
-0.738214
-0.590974
-0.778262
-0.537270
-0.168049
-0.630502
-0.663655
-0.906680
1.022779
4.819280
2.478497
0.527108
-0.575588
-0.731845
-0.477491
-0.264647
-0.202388
-0.705176
0.027290
1.773790
1.943262
0.660578
0.129309
-0.431331
-0.231820
-0.275171
-0.503289
-0.096473
0.734878
-0.297658
-0.104478
0.235821
0.815985
2.146534
0.995258
4.570449
0.717637
-0.774825
-0.538134
-0.817419
-0.725195
-0.561055
-0.427156
-0.451074
-0.158206
1.213650
2.873209
0.453895
-0.262950
-0.464617
-0.680923
-0.638992
-0.732094
-0.479529
-0.920721
-0.512598
-0.748129
-0.568790
-0.041137
-0.337023
1.466852
2.225765
0.322258
-0.726078
-0.782929
-0.856739
-0.580247
-0.449676
-0.572312
-0.672288
-0.521615
2.851169
0.114825
-0.438254
-0.060272
0.204445
-0.450029
-0.824657
-0.724202
-0.341797
-0.843144
-0.768622
-0.406394
-0.823318
-0.678170
-0.713709
-0.672764
4.433681
-0.577663
0.347484
-0.539654
-0.541372
-0.222593
-0.489423
-0.751180
-0.847117
-0.444060
3.894176
-0.233221
-0.258403
0.246087
0.351234
-0.204951
-0.663428
-0.730268
-0.624343
-0.497416
-0.737752
-0.638552
-0.793043
-0.756464
-0.257961
2.537270
0.111810
0.594228
-0.465501
-0.533732
-0.196081
0.003466
-0.292117
-0.154264
-0.514335
3.096904
1.052281
1.982314
-0.171138
-0.531702
0.160697
-0.264202
-0.469411
0.161016
-0.572464
-0.651419
-0.335481
-0.346684
-0.636157
-0.775279
0.456818
3.506663
2.950436
0.487145
-0.345202
0.098810
-0.328857
-0.701770
-0.124195
-0.792854
0.244255
1.699186
3.046418
0.849234
-0.513649
-0.243768
-0.741094
-0.913630
-0.448464
-0.399458
-0.530609
0.157596
-0.087411
-0.693310
-0.256094
0.038089
1.639295
3.235040
0.345345
-0.642725
-0.795483
-0.957053
-0.623816
-0.617000
-0.605408
-0.621502
1.018980
0.314056
1.511953
0.082534
0.263157
0.021770
-0.728224
-0.395386
-0.712474
-0.396865
-0.968912
-0.919553
-0.447381
-0.211736
-0.566537
-0.050212
-0.613686
3.119118
-0.512249
-0.878766
-0.738097
-0.834031
-0.835236
-0.771046
-0.311502
-0.257519
1.136958
0.606180
0.914515
-0.416600
-0.233417
0.134595
-0.138525
-0.785122
-0.252504
-0.766359
0.541948
0.394889
0.008487
-0.785215
-0.778705
-0.608102
2.635672
3.030277
0.950995
-0.283388
0.083008
-0.110941
0.068398
0.117835
-0.527025
0.055855
1.858881
3.260147
0.696162
0.191579
-0.046667
-0.418015
-0.791527
-0.730617
-0.675204
-0.712213
-0.709906
-0.669259
-0.114018
-0.425972
-0.798974
0.397143
-0.025285
2.710327
-0.806058
-0.440899
-0.532848
-0.557074
-0.825002
-0.659812
-0.917873
0.014079
0.192914
1.903945
-0.206004
-0.238597
-0.369973
-0.513814
-0.539022
-0.465122
-0.581891
-0.856168
-0.856594
-0.424778
-0.401666
-0.281912
-0.799259
0.101067
1.338808
1.054620
-0.675534
-0.669331
-0.428838
-0.507968
-0.620643
-0.850858
-0.837658
-0.739755
0.525786
1.944795
-0.443224
0.166676
-0.470731
-0.323939
-0.623297
-0.561047
-0.793758
-0.753068
-0.236745
-0.602105
-0.579453
-0.809892
-0.810851
-0.503864
2.765401
0.547534
0.578360
-0.019708
-0.252933
-0.089630
-0.123105
-0.327989
-0.340120
-0.191827
0.010333
4.178411
1.044021
-0.403140
-0.511119
-0.513093
-0.844471
-0.359358
-0.798203
-0.554301
-0.689943
-0.774611
0.106090
0.117986
-0.157390
1.021292
3.131897
3.679471
-0.785344
-0.566336
-0.251060
-0.790779
-0.558105
-0.811928
-0.671989
-0.627512
-0.676803
3.725986
1.383888
-0.205804
0.277080
0.222669
-0.828455
-0.180298
-0.267161
-0.566549
-0.421852
-0.589252
-0.366184
-0.772444
-0.389704
-0.624114
1.391401
-0.460170
3.197743
-0.378480
-0.737764
-0.856571
-0.450009
-0.357474
-0.726576
-0.649350
-0.617189
1.060628
0.592684
1.509078
-0.665510
-0.171193
-0.662845
-0.724599
-0.992158
-0.894557
-0.717196
-0.834236
-0.571842
-0.762951
-0.802952
-0.817075
-0.652504
-0.247840
5.473690
-0.668347
0.570429
-0.241587
-0.286494
-0.203194
-0.459746
-0.228720
-0.198029
-0.331087
2.844433
1.710550
0.000277
0.154690
0.146241
0.622425
0.305355
-0.793881
-0.540086
-0.097004
-0.861284
-0.746767
-0.591135
-0.869332
-0.006354
-0.505149
0.930795
1.917064
-0.462179
-0.428980
-0.361547
-0.179675
0.009336
-0.260053
-0.638480
-0.447773
1.932331
4.418539
0.519653
0.108039
-0.856351
-0.956236
-0.580791
-0.395657
-0.925108
-0.658355
-0.533671
-0.875559
-0.453566
-0.766514
-0.265843
-0.344684
1.560539
2.886352
-0.134015
-0.522066
-0.894352
-0.474324
-0.457007
-0.013364
-0.271818
-0.850288
0.330432
0.028600
2.702396
-0.295860
0.423073
-0.748457
-0.438819
-0.654807
-0.452342
-0.945470
-0.716632
-0.889981
-0.800573
-0.589104
-0.626371
-0.423892
-0.833483
0.466114
2.442035
-0.774129
-0.476746
-0.924052
-0.635956
-0.613395
-0.673158
-0.906236
-0.756443
-0.485456
5.520096
0.539897
-0.429458
0.433919
0.293596
-0.360039
-0.739568
-0.224652
-0.580324
-0.851187
-0.906797
-0.204685
-0.388618
-0.695093
-0.632769
1.263440
-0.126541
1.045310
-0.758135
-0.364083
-0.685854
-0.116633
-0.466250
-0.702305
-0.506656
0.140571
2.326680
2.972766
-0.312528
-0.609035
0.289124
0.227442
-0.446128
-0.587581
-0.167368
-0.307813
-0.787789
-0.189199
-0.472694
-0.774082
-0.601901
-0.353635
4.598788
0.597907
-0.125896
-0.322382
-0.642051
-0.329081
0.159133
-0.032129
-0.577591
-0.541648
0.613244
0.404557
0.105342
-0.437783
-0.134639
-0.002807
-0.313571
0.443014
-0.744050
-0.037940
-0.208420
-0.505418
-0.356598
-0.466893
-0.696634
-0.519348
0.877123
3.875669
-0.662073
-0.353204
-0.691612
0.005808
0.319605
-0.363159
0.453103
-0.896035
3.132421
2.928367
2.084497
-0.411593
0.666554
-0.702413
-0.851895
-0.479741
-0.627991
-0.202700
-0.831190
-0.866084
-0.764084
-0.429721
0.145707
0.371690
1.024331
4.913243
0.260979
-0.907860
-0.711984
-0.942663
-0.682589
-0.534957
-0.919014
-0.911201
1.019573
4.594287
-0.510964
-0.293741
-0.545962
-0.069909
0.764997
-0.280946
-0.538390
-0.784845
-0.704278
0.188363
-0.915617
-0.629081
-0.544072
-0.856545
-0.243016
3.628792
4.897022
0.940793
0.134929
0.157367
0.263704
0.031221
-0.285955
0.022322
-0.519081
2.902855
0.398484
-0.253636
-0.028767
0.146351
-0.250162
-0.518028
-0.552634
-0.582903
-0.244473
-0.802717
-0.516074
-0.618966
-0.634709
-0.634625
-0.685420
3.565223
1.150109
0.192432
-0.472194
-0.378706
0.030882
-0.308641
-0.176765
-0.408102
-0.936680
1.769914
3.216489
0.017581
-0.459541
-0.288656
-0.612002
-0.805628
-0.791204
-0.939053
-0.428681
-0.704619
-0.868520
-0.380003
-0.548553
-0.444536
0.997051
3.058576
2.345602
-0.574722
-0.850735
-0.459255
-0.916263
-0.629810
-0.885075
-0.744726
-0.454355
-0.793273
2.045907
0.806292
-0.670188
-0.377064
-0.370133
-0.772433
-0.828264
-0.333233
-0.349208
-0.866087
-0.502612
-0.559719
-0.773190
-0.354848
-0.863103
1.795879
1.152419
0.389639
-0.798579
-0.450600
-0.366908
-0.189668
-0.288434
-0.846777
-0.316963
0.083125
-0.068671
3.450629
-0.529621
0.084897
-0.763297
-0.710360
-0.491183
-0.829337
-0.801929
-0.724267
-0.733151
-0.273514
-0.878186
-0.595350
-0.794687
-0.814246
3.288811
0.822665
-0.483734
-0.588653
-0.443117
-0.314751
-0.365509
-0.772287
-0.508879
-0.443210
-0.797228
6.441582
-0.648522
-0.360173
0.888335
1.144498
0.621558
-0.920112
-0.483344
0.243735
-0.360368
-0.221074
0.249346
-0.237010
0.004852
-0.151245
3.613672
-0.074593
0.144227
-0.729018
-0.718455
-0.796242
-0.384333
-0.329300
-0.695057
0.179285
-0.671905
5.262570
-0.164603
-0.701088
-0.322662
-0.430575
-0.712003
-0.538602
-0.198267
-0.539973
-0.816327
0.118997
1.276803
2.150782
1.770043
2.453586
-0.725013
3.965463
-0.492124
-0.669494
0.153626
0.168631
0.107806
-0.181489
-0.235089
-0.866139
2.668666
1.396785
1.538333
0.110427
-0.157903
-0.767718
-0.617968
-0.607081
-0.437681
-0.055283
-0.445245
-0.877247
-0.928127
-0.742945
-0.596441
-0.143317
1.499593
0.371750
0.661871
-0.786095
-0.279743
-0.337370
-0.506778
-0.445994
-0.509994
-0.698967
1.696725
1.876382
0.904046
-0.472554
-0.439651
-0.675325
-0.563927
-0.736934
-0.647140
-0.419092
-0.880481
-0.605227
-0.524776
-0.472362
-0.640138
-0.769339
0.786129
2.573809
-0.440839
-0.627065
-0.943171
-0.134107
-0.149089
-0.546223
-0.662878
-0.931233
0.303782
-0.174832
3.173117
0.052563
-0.136235
-0.497461
-0.321716
-0.084485
-0.568319
-0.902803
-0.714823
-0.555783
-0.740939
-0.467808
-0.106700
-0.712192
0.892161
4.166107
0.245398
-0.741225
-0.790500
-0.805724
-0.763200
-0.423679
-0.608442
-0.600061
-0.273743
1.836641
0.908037
1.012464
0.230299
-0.045845
0.251106
-0.786137
-0.684377
-0.539920
-0.875425
-0.512770
-0.477049
-0.398238
-0.605020
-0.631287
-0.800621
2.853172
2.459348
-0.029430
-0.620937
-0.789972
-0.746817
-0.333629
-0.523539
-0.822960
-0.516314
-0.552838
4.429990
0.544766
0.317910
-0.656817
-0.330940
-0.191348
-0.896308
-0.761493
-0.699901
-0.579495
-0.793622
-0.290151
-0.447073
-0.355460
-0.507295
-0.167675
3.316575
1.846664
-0.356711
-0.711766
-0.946261
-0.801565
-0.324221
-0.453886
-0.927537
-0.557306
-0.799196
4.339501
-0.168662
-0.546243
0.132495
0.174751
0.437695
-0.815839
-0.650793
-0.793088
-0.493655
0.082643
-0.603305
-0.733615
-0.863999
-0.060211
2.171425
2.093450
0.527342
-0.187613
-0.427395
-0.324126
-0.067150
-0.107095
-0.557863
-0.426636
-0.698830
4.119016
0.105304
-0.792976
0.571022
-0.057426
0.443441
-0.551695
-0.173238
-0.688848
-0.669696
0.535733
0.815420
-0.432615
-0.020845
-0.857523
3.510785
0.991817
0.750557
-0.757439
-0.718175
-0.825569
-0.677677
-0.790812
-0.867313
0.427679
-0.003872
4.735491
3.479426
-0.856629
-0.672921
0.325420
0.266088
-0.219417
1.107120
1.742109
1.188783
1.373530
0.442737
1.027790
1.215040
2.685448
2.074745
3.075105
-0.482799
-0.721155
-0.337936
-0.067525
0.192671
-0.086033
-0.096515
0.210691
1.199664
3.919755
0.721191
0.264872
-0.120695
-0.062666
-0.375721
-0.391360
-0.345409
-0.489673
-0.833992
-0.531119
-0.275509
-0.353942
-0.075441
0.131346
-0.004053
2.131786
-0.681161
-0.884420
-0.566031
-0.831179
-0.705066
-0.757816
-0.805090
-0.850141
-0.490220
2.350458
0.207655
-0.342454
-0.167796
-0.089199
0.289736
-0.126931
-0.739763
-0.135641
-0.284270
-0.800478
-0.743740
-0.620226
-0.565989
-0.607029
0.638881
2.978827
0.038747
-0.335763
-0.212449
-0.400188
-0.229821
-0.431745
-0.347386
-0.970841
-0.221434
-0.232332
1.028068
-0.200624
-0.436604
-0.730596
-0.949510
-0.774369
-0.842824
-0.856571
-0.906094
-0.535993
-0.793599
-0.675640
-0.646340
-0.593869
0.213154
0.950610
0.111504
-0.848730
-0.784484
-0.429506
-0.615892
-0.757369
-0.961005
-0.631253
0.091017
0.194471
2.338383
-0.288404
0.152191
-0.763195
-0.445405
-0.038825
-0.423929
-0.775039
-0.590575
-0.686055
-0.649311
-0.823549
-0.821830
-0.618122
-0.022188
0.221871
1.046734
-0.614854
-0.414968
-0.333845
0.036590
-0.026850
-0.261510
0.220616
0.037360
3.404554
0.752486
-0.535267
-0.567547
1.098278
1.487272
-0.032780
-0.431542
-0.131776
0.456720
-0.509981
-0.492369
-0.770559
-0.784478
-0.713794
-0.590305
4.318831
1.249212
0.434542
-0.249217
0.120563
-0.307078
-0.269610
0.026579
-0.271681
-0.608815
2.446334
0.914606
0.335035
0.139311
-0.233370
-0.720940
-0.200000
-0.664661
-0.507740
0.033649
-0.676508
-0.390114
-0.018216
-0.292000
0.103168
0.971018
0.588019
4.052003
-0.840816
-0.822748
-0.500884
-0.600878
-0.300705
-0.757801
-0.708233
-0.756255
1.831541
2.774437
0.407575
-0.690603
-0.070022
-0.467810
-0.888623
-0.745807
-0.764221
-0.582221
-0.141996
-0.320579
-0.350231
-0.663797
-0.835942
-0.679907
-0.025769
3.244017
0.562386
0.094199
-0.972690
-0.379458
-0.559566
-0.349591
-0.523942
-0.676139
0.365250
3.443875
-0.705104
-0.480498
-0.372355
-0.188606
0.158810
-0.552190
-0.796501
-0.847920
-0.469412
-0.647855
-0.768091
-0.643702
-0.575913
-0.756162
-0.509351
2.735016
1.295334
-0.602884
-0.310915
-0.565603
-0.148435
-0.498768
-0.363735
-0.510677
-0.015705
2.888799
-0.088235
-0.141435
-0.397668
0.376624
-0.888398
-0.510729
-0.922118
-0.158206
0.125231
-0.170554
-0.357234
-0.556167
-0.590130
-0.194509
0.980034
1.337475
2.415991
-0.502508
-0.616237
-0.809255
-0.475119
-0.519288
-0.505159
-0.774822
-0.210588
1.156325
0.783717
0.187321
-0.269732
-0.188396
-0.708964
-0.692158
-0.821128
-0.229796
-0.419492
-0.509616
-0.897171
-0.778835
-0.625441
0.068902
0.728954
-0.832922
5.362060
-0.505797
-0.611332
-0.924964
-0.476768
-0.267143
-0.897988
-0.804440
-0.346066
1.612640
-0.239181
1.669758
-0.901288
0.038028
0.052637
-0.680536
-0.511080
-0.287395
-0.858006
-0.588119
0.086557
-0.545341
-0.877722
-0.296672
-0.123969
-0.651492
8.084903
2.163122
1.781181
-0.075084
0.246461
0.113803
-0.139238
0.256855
-0.370787
-0.806722
3.474909
0.363931
-0.790889
-0.287049
-0.006403
0.373349
-0.244163
-0.724302
-0.400105
-0.063036
-0.652368
-0.576302
-0.587801
-0.635795
-0.799342
1.553414
3.734620
1.393736
-0.306120
-0.585824
-0.867017
-0.514717
-0.673953
-0.830339
-0.701210
0.883291
-0.574767
2.783666
-0.501755
-0.713426
-0.588991
-0.590025
-0.632448
-0.694596
-0.578117
-0.373026
-0.440946
-0.431150
-0.754526
-0.915842
-0.796729
0.292626
4.812433
0.080275
0.153300
-0.370899
-0.361344
-0.247947
-0.387522
-0.023196
-0.578369
-0.564124
1.989089
1.459980
-0.854198
0.278570
-0.180071
-0.600939
-0.183534
-0.575081
-0.834324
-0.262014
-0.613872
-0.677778
-0.507442
-0.866837
-0.937602
-0.579986
0.859963
1.675589
-0.778343
-0.894278
-0.914863
-0.675179
-0.294255
-0.714812
-0.621000
0.110568
3.135226
0.038705
-0.768458
0.323714
0.085408
-0.787760
-0.586517
0.037376
-0.664856
-0.021178
-0.689798
0.389273
-0.407339
1.270868
1.980374
2.751143
2.959910
2.289155
-0.738835
-0.697604
-0.540649
0.341685
0.193393
0.658090
-0.017814
-0.223232
2.573330
3.852634
0.449547
-0.065258
1.199016
1.157918
0.282171
-0.091314
-0.096670
0.211875
-0.523201
-0.662779
-0.387617
-0.221457
-0.420061
-0.205240
0.701177
2.009393
-0.920736
-0.657624
-0.201602
-0.637500
-0.205571
-0.565918
-0.118534
-0.409410
2.290137
2.980764
-0.200609
0.102906
-0.653837
-0.602733
-0.789913
-0.783596
-0.638536
-0.728609
-0.862383
-0.640430
-0.364445
-0.272013
-0.424347
-0.557369
1.451154
1.283689
-0.814747
-0.457348
-0.914537
-0.371386
-0.329544
-0.307809
-0.615782
-0.088403
0.993653
2.222955
-0.356549
-0.735803
-0.698843
-0.229618
-0.515410
-0.640568
-0.019400
-0.672412
-0.438318
-0.844263
-0.246039
-0.456620
-0.352624
-0.500636
-0.111108
1.275031
-0.921911
-0.651529
-0.589435
-0.731667
-0.923372
-0.601996
-0.581349
-0.398066
4.554745
0.982597
-0.452269
0.245890
-0.098175
-0.446440
-0.678537
-0.486257
-0.909721
-0.664128
-0.086241
-0.385748
-0.405289
-0.667867
-0.432677
0.166068
5.976949
0.289022
-0.307232
-0.344688
-0.265044
0.644318
0.111297
0.737777
-0.237752
3.464252
0.790377
1.638587
-0.686728
0.427390
0.923701
-0.129474
-0.019559
-0.312737
-0.351380
-0.849733
-0.689430
-0.374755
-0.060739
-0.184593
-0.358586
2.831656
1.261929
1.309123
-0.524940
-0.616458
-0.348453
-0.355918
-0.880559
-0.964496
-0.544144
2.624086
0.526677
1.298615
-0.111851
0.269890
0.067697
-0.656013
-0.340829
-0.811690
-0.982205
-0.441942
-0.608530
-0.420574
-0.360631
-0.833464
1.321100
2.609240
2.468478
0.257429
-0.529527
-0.317812
-0.900155
-0.504452
-0.520384
-0.537591
-0.191226
3.172335
2.243569
0.055047
0.290386
-0.161629
-0.635340
-0.646745
-0.628705
0.090965
-0.273552
-0.964534
-0.614152
0.222705
-0.341142
-0.677209
0.855167
3.511487
0.159681
-0.813967
-0.757923
-0.699830
-0.571218
-0.512922
-0.521820
-0.414570
2.981606
2.160247
1.262172
0.522230
0.202733
-0.011874
-0.434933
-0.325015
-0.927854
-0.669930
0.019707
-0.456694
-0.894386
-0.387207
-0.105276
-0.864243
2.392268
1.145950
0.235021
-0.327325
-0.171117
-0.543085
-0.428393
-0.582132
-0.648014
-0.652810
1.542683
1.712254
0.151854
0.420663
-0.476355
-0.956982
-0.612252
-0.861711
-0.837450
-0.301822
-0.876939
-0.918761
-0.254895
-0.316977
-0.363070
0.400281
1.276908
1.897946
-0.897574
-0.579678
-0.884089
-0.512944
-0.504483
-0.882870
-0.523987
-0.150765
1.103748
1.946194
-0.140928
-0.448431
-0.397115
-0.140315
-0.788424
-0.750978
-0.828593
-0.797616
-0.711986
-0.831400
-0.179519
-0.592844
-0.244192
-0.173004
1.256801
0.934771
-0.310408
-0.228004
-0.809952
0.048184
-0.511372
-0.707738
-0.841871
-0.643176
0.886352
0.331119
0.055199
0.446155
-0.261497
-0.865167
-0.510627
-0.274788
-0.241680
-0.729811
-0.699624
-0.699907
-0.638848
-0.463401
-0.417159
0.354550
0.767546
0.740759
0.976531
-0.360651
2.891564
0.897441
-0.790614
-0.683246
0.156664
1.672595
2.546836
0.443876
0.680574
1.960286
-0.109720
-0.792109
-0.546834
3.306550
3.607733
2.156789
-0.758935
0.883291
2.001781
2.020877
-0.597745
-0.162463
0.811822
0.436190
0.688933
-0.126923
-0.715642
1.251568
0.166065
0.433299
2.103886
0.667485
1.720688
0.286183
0.017036
0.553094
-0.649167
2.211873
-0.073586
-0.186149
-0.723800
-0.856745
0.962366
0.162855
-0.171004
0.062986
-0.570931
-0.578664
1.839484
3.030141
-0.435463
-0.314881
-0.918768
-0.714862
-0.060074
-0.860611
-0.682656
-0.400220
-0.533298
0.679917
0.353164
-0.152309
-0.827971
-0.583307
-0.709431
-0.665019
-0.925086
-0.648807
-0.839187
-0.848989
-0.774273
-0.899275
-0.915913
-0.593852
-0.597866
0.819480
-0.098612
-0.469923
-0.758229
-0.796546
-0.435665
-0.399950
-0.666921
-0.840079
-0.707311
0.314871
1.466360
-0.693770
-0.542794
-0.521265
-0.621014
-0.872978
-0.655763
-0.722318
-0.823662
-0.876194
-0.568593
-0.873032
-0.574575
-0.725008
-0.802332
0.810711
0.763990
-0.730747
-0.680438
-0.799439
-0.659318
-0.545907
-0.920277
-0.636376
-0.511051
0.120800
0.839956
0.165647
-0.491170
-0.184052
-0.369937
-0.716252
-0.633224
-0.727410
-0.234164
-0.746617
-0.620167
-0.744083
-0.837190
-0.667131
-0.546388
0.038093
5.134411
-0.376073
-0.537399
-0.853346
-0.741990
-0.625512
-0.338317
-0.883347
-0.715756
-0.855923
2.110000
0.576968
-0.693169
0.270751
0.541063
-0.870989
-0.255249
-0.796569
0.048042
-0.499873
-0.806702
0.257735
-0.426620
-0.472110
-0.638782
0.935475
5.023761
1.684929
-0.794335
0.172582
-0.647394
-0.135605
-0.124325
-0.106221
-0.333371
1.494103
3.432773
1.662516
-0.304234
0.435339
-0.621658
0.104712
0.242651
-0.397246
-0.253270
-0.199042
-0.227256
0.034937
1.112040
0.914543
0.662315
1.631970
6.201375
0.001236
-0.455581
-0.599857
-0.272166
-0.372886
-0.239410
-0.832448
-0.317175
-0.639846
2.556107
3.251634
-0.051272
-0.452004
-0.534707
-0.509743
-0.205671
-0.599266
-0.280253
-0.624449
-0.833353
-0.618036
-0.947925
-0.758118
-0.454326
-0.383216
3.707995
1.089581
-0.388529
-0.201535
-0.625748
-0.337544
-0.273483
-0.488576
-0.279768
-0.655742
2.178628
1.434288
0.107799
0.022365
-0.647895
0.136329
-0.214620
-0.846141
-0.641240
-0.420880
-0.445380
-0.757409
-0.416297
-0.880593
-0.669733
-0.130980
1.200228
0.126414
0.545845
-0.150491
-0.278120
-0.258176
-0.309471
-0.360029
-0.193714
-0.527929
1.888069
4.701809
0.245795
-0.160367
-0.572059
-0.966965
-0.362743
-0.630562
-0.869562
-0.503712
-0.432856
-0.767994
-0.553022
-0.410880
-0.201861
-0.698173
1.867942
3.626515
-0.417573
-0.824384
-0.763986
-0.728085
-0.434565
-0.394009
-0.951324
-0.660827
0.469110
4.676279
0.955738
-0.390416
0.173619
-0.075615
-0.423257
-0.682857
-0.592162
-0.606494
0.188034
-0.679355
-0.919088
-0.747837
-0.053076
0.067843
-0.406029
0.351890
4.126174
-0.930116
-0.493972
-0.707057
-0.815488
-0.422438
-0.626254
-0.640247
-0.865714
-0.466446
5.958245
0.030496
-0.614170
0.243881
0.704287
0.345510
-0.092553
0.043704
0.119976
-0.871462
-0.047664
-0.482203
-0.896077
-0.469886
-0.743302
0.715375
5.425804
-0.159271
-0.049421
-0.177554
-0.141932
0.044412
-0.284788
0.239633
-0.456354
0.832469
-0.140580
0.868744
-0.875856
-0.110009
0.205080
-0.770444
-0.843399
-0.937899
-0.556000
-0.139783
-0.992070
-0.464160
-0.728596
-0.397062
-0.430742
2.487195
2.612554
-0.359539
-0.839920
-0.829786
-0.674559
-0.743370
-0.403617
-0.872326
-0.580908
-0.251612
1.572697
0.741078
-0.777065
-0.124602
-0.088756
-0.042724
-0.317832
-0.914046
-0.561827
-0.137181
-0.386669
-0.880937
-0.515554
-0.898656
-0.564353
0.605392
3.793877
0.494879
-0.459897
-0.398142
-0.373850
-0.399429
-0.379647
-0.132702
-0.275609
-0.270175
1.086650
1.696523
-0.766513
-0.715754
-0.674034
-0.509743
-0.677878
-0.873210
-0.029370
0.137979
-0.501453
-0.918216
-0.502685
-0.277992
0.836068
0.432691
5.999929
-0.628293
-0.132183
-0.221469
-0.958589
-0.741107
-0.680660
-0.384979
-0.542724
-0.574398
3.267342
0.390027
-0.743199
0.024743
0.048390
-0.675934
-0.537840
-0.516628
-0.849601
-0.256247
-0.939135
-0.719936
-0.440994
-0.758690
-0.480002
0.506516
6.817323
2.678905
1.061635
0.375504
-0.172261
-0.061895
-0.019776
-0.191846
-0.848287
0.411946
3.238972
1.658725
-0.638549
0.288331
0.713931
0.301029
-0.612625
-0.495127
-0.269048
-0.178842
-0.957757
-0.847232
-0.482817
-0.567808
0.233360
1.132764
3.664528
-0.335889
-0.720566
-0.785639
-0.610080
-0.363511
-0.866194
-0.844873
-0.152440
2.717897
-0.008987
1.291900
-0.321985
-0.590195
-0.036301
-0.595514
-0.766600
-0.098233
-0.443388
-0.730806
-0.944085
-0.321613
-0.569078
0.035425
0.232610
1.992323
2.126043
-0.130117
-0.522091
-0.565636
-0.863435
-0.610445
-0.293957
-0.602877
-0.493631
1.920828
3.421833
0.353852
-0.379613
-0.256679
-0.212374
-0.444627
-0.401984
-0.769364
-0.848192
-0.429814
-0.625246
-0.701100
-0.508397
-0.326308
0.369595
-0.237588
1.653769
-0.710527
-0.501761
-0.674056
-0.356289
-0.343984
-0.616378
-0.618364
-0.137142
-0.795431
2.580623
-0.253863
0.505298
-0.556003
-0.339168
-0.831817
-0.501873
-0.618753
-0.543336
-0.827266
-0.752265
-0.415880
-0.903590
-0.545849
-0.711542
1.962811
1.484490
-0.367888
-0.227234
-0.809192
-0.255943
-0.703321
-0.415373
-0.328431
0.019287
2.020510
1.559030
-0.239311
-0.220410
-0.255100
-0.342995
-0.753594
-0.526040
-0.803150
0.130442
-0.828387
-0.941517
-0.292721
-0.272057
0.104834
0.307802
0.433927
1.987890
-0.780071
-0.779651
-0.454985
-0.203843
-0.125985
-0.808169
-0.768990
-0.234979
2.006424
2.261434
-0.413085
0.110073
-0.238375
-0.174163
-0.838738
-0.730330
-0.400178
-0.409632
-0.495853
-0.734847
-0.655765
-0.469157
-0.304501
0.322019
1.258857
3.973856
-0.647109
-0.636059
-0.696179
-0.754600
-0.581761
-0.578932
-0.587217
-0.686097
-0.659852
5.064166
1.025316
-0.276559
0.399716
0.193704
0.568580
0.009866
-0.487153
0.385515
-0.797362
0.187953
-0.662445
-0.932449
-0.302681
-0.459205
1.587590
0.405050
0.931504
-0.360648
-0.102220
-0.271746
-0.104259
-0.110731
-0.617683
-0.649099
0.053227
0.758166
1.416186
-0.867576
0.520991
0.084777
-0.031122
-0.702806
-0.623495
-0.791138
-0.838455
-0.542150
-0.903433
-0.341808
-0.886894
-0.754077
-0.828377
5.717024
0.313337
0.113398
-0.076491
-0.059934
0.406142
-0.567242
0.167331
-0.836862
-0.660181
2.136358
2.604531
-0.135315
-0.210858
-0.411824
-0.722113
-0.699516
-0.503651
-0.659425
-0.360748
-0.849051
-0.431709
-0.451777
-0.415476
-0.646924
1.613770
4.904788
1.100037
-0.443145
-0.618604
-0.636068
-0.522479
-0.469269
-0.965898
-0.777450
-0.367902
-0.679356
4.670514
-0.547079
-0.377967
-0.849676
-0.703068
-0.334183
-0.830982
-0.653325
-0.546534
-0.654936
-0.792047
-0.773295
-0.911375
-0.777792
-0.541382
0.867796
2.051074
-0.623248
-0.672343
-0.816095
-0.180444
-0.720556
-0.650795
-0.836741
-0.272862
-0.735754
2.954359
0.914107
-0.213344
0.105125
-0.077709
-0.634868
-0.443079
-0.653532
0.393146
-0.728398
-0.126901
-0.322262
-0.354831
-0.260990
0.734192
-0.418565
6.206814
-0.487507
-0.804378
-0.690285
-0.282134
-0.194809
0.023744
-0.564918
-0.481057
-0.551054
3.498225
1.922967
-0.066852
0.724880
0.779461
1.005165
-0.923134
-0.186469
-0.200749
-0.708531
-0.621135
-0.233647
-0.912243
-0.437317
-0.832647
-0.650771
4.938942
0.478162
0.315057
0.083380
-0.315199
0.382092
-0.273639
-0.238792
-0.276603
-0.692236
2.372293
3.205439
-0.294811
0.508430
-0.128469
-0.794130
-0.691570
-0.549717
-0.738400
-0.204874
-0.423682
-0.507366
-0.932419
-0.857686
-0.660690
-0.008550
1.591748
0.477416
-0.383364
-0.646857
-0.502602
-0.461391
-0.226456
-0.654373
-0.709121
-0.715036
-0.346605
0.250588
1.672650
-0.522558
0.337533
0.437452
-0.368635
-0.661315
-0.833305
-0.386058
-0.453186
-0.170930
-0.853647
-0.775142
-0.642170
-0.786413
1.752376
2.703211
-0.222226
-0.934621
-0.709825
-0.800195
-0.019310
-0.750049
-0.676729
-0.688710
1.192006
4.394868
0.513692
-0.261987
0.018026
0.069870
-0.946026
-0.542521
0.844246
2.051282
0.970888
0.612773
0.370196
0.515405
1.008513
0.425550
1.209779
0.217711
1.841160
-0.498204
-0.112957
0.210191
0.437042
0.690122
0.003973
-0.075786
0.141360
1.127579
4.490796
0.525069
0.573006
0.309883
0.257520
-0.872105
-0.012894
-0.917817
-0.630466
-0.876305
-0.784674
-0.803736
-0.481456
-0.344288
-0.309765
0.695154
3.226737
-0.324466
-0.731586
-0.271083
-0.681811
-0.538834
-0.917445
-0.946415
-0.731002
-0.100876
1.770519
1.529957
-0.663148
-0.694636
-0.332463
-0.063701
0.056901
0.193525
0.426328
-0.199615
-0.507617
0.078663
0.310212
-0.151094
-0.041471
0.822761
2.649677
1.475605
-0.235275
-0.244311
-0.308744
-0.286532
-0.162037
-0.329599
-0.676449
-0.867263
0.556687
-0.041687
0.714188
-0.634809
0.302528
0.013729
-0.854800
-0.587590
-0.770734
-0.851306
-0.738761
-0.274743
-0.668510
-0.632328
-0.440258
-0.725340
0.048389
2.103208
0.239238
-0.736037
-0.739778
-0.768711
-0.526223
-0.441368
-0.828205
-0.773289
0.007944
2.827731
1.169257
-0.206887
-0.299878
-0.611945
0.286433
-0.238913
-0.862904
-0.264428
-0.907056
-0.691925
-0.898217
-0.801036
-0.818779
-0.962404
-0.216040
2.853925
0.109282
-0.010947
-0.328172
-0.436462
0.008930
-0.208364
-0.267613
-0.631234
-0.679875
1.342808
3.671999
0.273737
-0.120520
-0.102697
-0.796350
-0.354788
-0.517895
-0.898100
-0.732790
-0.829568
-0.527738
-0.779538
-0.482361
-0.176094
0.252417
0.353521
3.808855
-0.521935
-0.568881
-0.653307
-0.551789
-0.441553
-0.323192
-0.686217
-0.750625
0.289196
0.295677
2.682612
0.699936
0.174204
0.159429
-0.693545
-0.063915
-0.862616
-0.667696
-0.785597
-0.331036
-0.728992
-0.429526
-0.021758
-0.214404
1.490016
3.792346
1.541930
-0.826172
-0.739268
-0.811683
-0.233908
-0.330841
-0.885687
-0.790376
-0.152819
2.570426
0.207561
0.883105
0.334220
0.336382
0.147830
-0.376511
-0.719156
-0.910876
-0.767417
-0.725385
-0.320734
-0.817250
-0.673641
-0.530570
-0.534373
1.738180
1.003689
1.283893
-0.004440
-0.636962
-0.452195
-0.075609
-0.245097
-0.667247
-0.501119
0.065511
4.187808
1.381779
0.784213
0.461080
0.238077
0.062328
-0.679451
-0.584293
-0.864015
-0.048318
-0.464686
-0.530319
-0.609529
-0.853240
-0.392086
-0.082577
1.734445
2.421456
-0.167937
-0.302207
-0.529420
0.059650
-0.169368
-0.255015
-0.818852
-0.541632
1.928187
1.194706
1.856180
-0.234868
-0.072736
-0.341593
-0.471306
-0.796799
-0.360436
-0.887823
-0.634751
-0.745446
-0.853021
-0.105367
-0.063268
0.624406
1.273116
3.530310
3.433431
-0.201490
-0.760195
-0.873653
-0.290930
-0.388367
-0.591982
-0.954718
-0.439257
2.153698
2.629079
1.643806
-0.380563
0.092682
0.335594
-0.007087
-0.214611
-0.131419
-0.037267
-0.907935
-0.718459
-0.859854
-0.797222
-0.909829
-0.682454
1.578317
3.058555
1.309608
0.554648
-0.493978
-0.279230
0.131053
0.127548
-0.404988
-0.054123
-0.663297
3.326743
1.863290
0.132394
0.251000
0.214350
-0.314133
-0.426723
-0.819417
-0.783459
0.098911
-0.766244
-0.652973
-0.240588
-0.596457
-0.140572
0.006651
0.642105
2.750946
0.083705
-0.831077
-0.666649
-0.761509
-0.598358
-0.524111
-0.821598
-0.504145
-0.650821
3.564691
0.764498
-0.421860
-0.708122
-0.399464
-0.062264
-0.734089
-0.431308
-0.882463
-0.499023
-0.798241
-0.867057
-0.598559
-0.913795
-0.304873
-0.538924
2.639832
1.374247
0.561763
-0.305257
-0.419217
0.003608
-0.234986
-0.240558
-0.502996
-0.519287
0.600371
0.503472
0.199433
-0.744522
-0.149843
-0.264433
-0.026881
-0.798920
-0.759837
-0.888626
-0.851993
-0.548641
-0.756005
-0.767678
-0.690445
-0.287188
0.752100
0.110387
0.810626
-0.691811
-0.618544
-0.642144
-0.411639
-0.139690
-0.424733
-0.629991
-0.779917
2.943994
1.553836
-0.386163
0.142095
-0.705055
-0.615280
-0.559142
-0.767236
-0.739580
-0.674076
-0.514873
-0.472431
-0.550505
-0.567102
-0.648069
-0.302858
3.690571
0.253940
-0.143918
-0.393275
-0.669280
-0.055020
-0.456719
0.001157
-0.429066
-0.246291
-0.407879
3.107100
-0.072538
-0.431037
0.210585
-0.171850
-0.280855
-0.797705
-0.838091
-0.354748
-0.401387
-0.618328
-0.276805
-0.230305
0.163404
2.353565
3.174560
4.516285
-0.326856
-0.457240
-0.726645
-0.730659
-0.287719
-0.771026
-0.897188
-0.608219
0.811573
-0.495285
1.127189
-0.560593
0.132812
-0.371834
-0.452625
-0.704702
-0.531267
-0.757038
-0.393052
-0.609466
0.476055
-0.021841
-0.505767
-0.735901
-0.568901
4.936752
0.278178
0.229678
-0.754048
-0.489981
-0.148796
-0.013687
-0.349866
-0.297197
-0.152620
2.808289
0.677340
-0.605324
-0.146382
0.203992
-0.639748
-0.796947
-0.954401
-0.434768
-0.333554
-0.825574
-0.901853
-0.529201
-0.826565
-0.421485
-0.222787
-0.663704
2.620538
-0.641521
-0.679283
-0.625133
-0.241969
-0.240056
-0.695908
-0.706683
-0.608731
2.344049
2.433944
-0.210592
-0.654657
0.052598
-0.366177
-0.365252
-0.598192
-0.474007
-0.915743
-0.818744
-0.868031
-0.257823
-0.858040
-0.621154
-0.328520
1.270190
0.902491
2.822324
0.475910
-0.391965
0.006824
-0.089356
0.200984
-0.295896
-0.126209
-0.487109
4.709676
0.522137
-0.388056
-0.745797
-0.307705
1.127157
0.371879
0.167419
0.138758
-0.272896
-0.351910
-0.653429
-0.391660
-0.628362
-0.898110
-0.869860
4.847294
0.425743
-0.233540
0.091906
-0.082197
-0.043302
0.088823
0.169314
0.209420
-0.732009
1.904326
2.597392
-0.689459
-0.580573
0.119179
-0.466803
-0.507362
-0.133245
-0.819171
-0.005720
-0.849409
-0.822595
-0.265400
-0.187126
-0.095752
0.757237
1.077361
2.176838
-0.293173
-0.777363
-0.875799
-0.686849
-0.271131
-0.837795
-0.599471
-0.247263
1.855324
0.063478
-0.224126
-0.486680
-0.207128
-0.727337
-0.823992
-0.868352
-0.689482
-0.941553
-0.678412
-0.268105
-0.497486
-0.734316
-0.760543
-0.578220
2.437717
2.249175
0.613354
0.046532
-0.193502
0.179568
-0.050534
-0.290722
-0.051853
-0.721027
-0.278171
0.747229
1.584446
-0.401979
0.049805
-0.347519
-0.403917
-0.256234
-0.189333
-0.296206
-0.849791
-0.330215
-0.794742
-0.736415
-0.659930
-0.437445
-0.484768
4.991382
-0.559293
-0.307981
-0.375637
-0.856645
-0.525081
-0.650756
-0.541271
-0.550730
2.223563
5.040624
-0.333492
0.200584
0.266718
1.133901
-0.748300
1.065765
-0.370035
0.007612
0.257735
0.150101
-0.331417
0.537973
0.768917
0.976801
1.324070
5.200124
-0.001282
-0.611980
-0.658841
-0.395069
0.257333
0.151586
-0.381835
-0.491608
-0.080620
0.700205
3.486774
-0.174100
0.327192
-0.409416
-0.661855
-0.769391
-0.722448
0.059783
-0.429661
-0.782088
-0.701266
-0.663115
-0.616306
-0.556420
-0.059233
0.127453
3.007905
-0.350446
-0.766493
-0.980334
-0.445264
-0.366821
-0.478479
-0.703329
-0.740354
1.437910
0.554406
0.738571
-0.064835
-0.094863
-0.474226
-0.566140
-0.385643
-0.814799
-0.584574
-0.510016
-0.259084
-0.876937
-0.697981
-0.838205
-0.512483
-0.205515
3.231591
0.704238
0.363768
-0.785752
-0.316663
-0.294712
-0.402901
-0.547239
-0.296477
-0.698729
2.607611
0.197995
-0.190520
-0.765277
-0.152533
-0.078553
-0.087932
-0.624296
-0.621218
-0.460113
-0.409587
-0.863442
-0.723002
-0.636970
-0.739073
-0.638636
2.815354
1.411228
-0.109854
-0.562624
-0.776888
-0.487907
-0.361937
-0.280414
-0.784207
-0.623565
-0.755635
4.024959
0.263254
-0.452490
-0.182490
-0.464800
0.343621
-0.165988
-0.929436
-0.736582
-0.590263
-0.694224
-0.623393
-0.002633
-0.872611
-0.512703
-0.532038
5.609281
-0.598305
0.528850
0.316270
-0.149670
-0.152799
-0.068744
0.009107
-0.034802
-0.692672
2.526513
2.014754
-0.795312
0.014171
-0.485702
0.057568
-0.048987
-0.639234
-0.926737
-0.176338
-0.779950
-0.469966
-0.733315
-0.761531
-0.609442
-0.954646
2.564520
0.853340
-0.669025
-0.636412
-0.478293
-0.043813
0.027853
-0.166947
-0.405896
-0.486811
1.917194
0.163335
-0.040540
-0.032154
-0.333521
-0.139781
0.104081
-0.641147
-0.691908
-0.467732
-0.717845
-0.030619
-0.625864
-0.679985
-0.621168
-0.321474
2.244543
1.504885
-0.678534
-0.725459
-0.538267
-0.736543
-0.604680
-0.437227
-0.587591
-0.424911
2.148982
6.520424
0.445229
-0.560786
0.214227
0.567585
-0.960168
1.094529
-0.274879
0.209360
0.838703
0.074385
0.107217
-0.116530
0.525938
-0.145225
2.564815
2.524885
0.016770
-0.571525
-0.063726
-0.030523
0.360772
0.284979
-0.071411
-0.607441
1.984483
1.976522
2.814387
-0.644308
-0.178160
-0.080435
-0.517519
-0.944160
-0.950050
-0.492777
-0.246381
-0.638470
-0.874198
-0.648868
-0.572058
-0.739561
0.489467
-0.330038
0.560973
-0.738024
-0.729745
-0.648416
-0.302854
-0.539572
-0.522383
-0.613691
0.649502
3.854934
0.166089
-0.127666
0.061430
-0.002285
-0.227712
-0.816215
-0.312737
0.163258
-0.029371
-0.615848
-0.734473
-0.379007
-0.369145
-0.278900
0.930471
2.171047
0.881445
-0.829066
-0.650684
-0.765039
-0.397230
-0.477357
-0.814748
-0.815802
-0.931221
1.605875
1.791038
-0.428773
-0.485237
0.270832
-0.686971
-0.678229
-0.855119
-0.768836
-0.444182
-0.513751
-0.587729
-0.554487
-0.675593
-0.892015
0.254094
1.477012
1.743435
0.529371
-0.252894
-0.364351
0.020949
-0.088687
-0.266576
-0.446295
-0.653742
-0.454082
1.622397
1.944827
-0.425778
-0.065637
0.250448
-0.375639
-0.603298
-0.638528
-0.266237
-0.456078
-0.639673
-0.884913
-0.492894
-0.726307
-0.501872
0.926473
2.097214
0.743543
-0.640707
-0.908390
-0.459176
-0.027960
-0.180356
-0.585036
-0.695571
-0.855381
1.469480
2.772313
0.033100
0.660561
-0.686958
-0.495940
-0.547219
-0.580071
-0.484286
-0.698566
-0.753119
-0.514197
-0.669862
-0.645585
-0.034756
-0.836985
0.847370
2.881529
-0.435775
-0.306500
-0.707752
-0.631937
-0.003754
-0.388384
-0.651970
-0.685839
0.986796
0.322832
2.050821
0.379750
-0.070613
0.168133
-0.639205
-0.676611
-0.795151
-0.366773
-0.549469
-0.542017
-0.682574
-0.727106
-0.513748
-0.325257
2.222931
1.680057
1.601142
-0.486779
-0.586664
-0.509299
-0.570819
0.202363
-0.492969
-0.281373
-0.672491
4.524899
2.460578
0.832084
0.332905
0.102078
0.428749
-0.556827
-0.617265
-0.676962
-0.929212
-0.753772
-0.445491
-0.671159
-0.795089
-0.852424
-0.190991
4.351718
0.103525
2.428750
0.167942
-0.714753
-0.499556
-0.073631
0.040584
-0.901123
-0.724553
-0.242498
5.544780
-0.006606
0.526432
0.317202
0.853373
0.774491
0.735447
-0.788275
-0.647705
-0.645177
0.208741
0.291157
-0.134664
0.102548
-0.340109
0.487132
5.133217
3.873737
0.768941
0.020988
-0.669713
-0.666223
-0.477151
0.096584
-0.610922
-0.585889
-0.633660
6.662838
2.324162
0.267689
0.409495
-0.289316
-0.475847
0.541078
1.282993
1.433026
1.069959
-0.209495
-0.422781
-0.051641
1.022483
0.003731
3.470189
0.882477
-0.857803
-0.634312
-0.360775
-0.057733
0.108173
-0.506845
-0.755126
-0.577495
3.112666
0.552752
0.606805
0.221427
0.589527
-0.521046
0.236382
-0.571540
-0.710528
-0.761434
-0.831282
-0.694732
-0.017723
0.077776
1.175525
1.846280
1.678751
-0.766920
-0.912660
-0.911035
-0.850100
-0.568702
-0.721253
-0.747002
-0.840650
0.502147
-0.040741
2.044498
-0.343244
-0.906748
-0.975876
-0.626444
-0.912553
-0.765355
-0.957568
-0.754487
-0.834773
-0.752645
-0.807799
-0.946095
-0.835237
-0.023892
-0.384505
1.191709
-0.785442
-0.939387
-0.884998
-0.630857
-0.811338
-0.837660
-0.933148
-0.566297
1.242960
0.811004
-0.269955
-0.195626
-0.257585
-0.546303
-0.782506
-0.878513
-0.613623
-0.886092
-0.261603
-0.282595
-0.729922
-0.500738
-0.786840
-0.866421
0.275099
1.451255
0.872669
-0.379203
-0.854757
-0.484174
-0.483301
-0.521041
-0.671391
-0.855939
-0.797454
1.373355
0.645016
-0.660217
0.390205
-0.142348
0.042407
-0.325157
-0.931528
-0.551989
-0.837401
0.213393
-0.702146
-0.776105
-0.886347
-0.694786
-0.797707
4.436500
0.985046
0.320674
0.103037
0.125061
-0.048002
-0.476965
-0.144947
-0.455343
-0.116043
0.327674
4.179241
0.158423
0.070301
-0.314698
-0.994422
-0.185534
-0.335333
-0.667607
-0.684060
-0.871152
-0.441847
-0.395943
-0.771062
0.079380
0.842673
3.586771
3.834523
-0.681386
-0.500869
-0.752225
-0.742686
-0.711823
-0.758202
-0.663207
-0.253626
2.197549
1.646824
0.378566
0.414190
0.087975
0.068676
-0.360369
-0.317093
-0.590224
-0.593801
0.000737
-0.857031
-0.211761
-0.248955
-0.433618
-0.818498
0.554460
4.514969
1.015710
0.485208
-0.308035
0.274557
-0.009006
0.055249
-0.282583
-0.108288
-0.369458
1.808192
2.143968
-0.584064
0.534192
0.139180
0.485207
-0.103191
-0.779902
-0.160350
-0.336783
-0.192869
-0.936733
-0.466830
-0.521228
-0.160767
0.044765
-0.429440
3.359875
-0.633105
-0.833892
-0.763983
-0.509637
-0.695754
-0.592803
-0.655102
-0.868323
1.713386
0.348100
0.731159
-0.373822
-0.085136
-0.309376
-0.632266
-0.578061
-0.441762
-0.146576
-0.513255
-0.802836
0.076174
-0.618232
-0.628471
-0.455819
-0.513859
1.922198
3.469833
0.664844
-0.653673
-0.319749
-0.338093
-0.282908
-0.440615
-0.773654
-0.585978
3.854379
2.955609
-0.259169
-0.145075
-0.449996
0.292337
0.568459
-0.300022
-0.849275
-0.236409
-0.651645
-0.934614
-0.261549
-0.763153
-0.746172
-0.594059
0.477214
2.612243
0.844874
0.139720
-0.816888
-0.160309
-0.257905
-0.301960
0.021935
-0.545558
0.254998
2.272046
2.045412
-0.457418
0.083836
-0.438570
-0.097345
-0.464137
-0.837635
-0.293264
-0.180252
-0.906300
-0.748527
-0.738906
-0.209945
-0.036694
-0.233318
1.542034
1.848407
-0.612089
-0.734328
-0.807911
-0.466343
-0.281433
-0.294789
-0.843528
-0.666368
0.556857
2.309941
0.053247
-0.711261
-0.036422
0.058389
0.104574
-0.501206
-0.709608
-0.232924
-0.319874
-0.532063
-0.900165
-0.484286
-0.795713
-0.048472
0.861823
0.421201
0.531029
-0.130474
-0.807169
-0.516985
-0.448735
-0.159085
-0.410636
-0.826200
-0.523578
3.619232
1.467687
-0.869788
0.003917
-0.630591
-0.435385
-0.409795
-0.762035
-0.719842
-0.537251
-0.685222
-0.844437
-0.881120
-0.986822
-0.836443
-0.478026
4.136576
0.320931
-0.024942
-0.114039
-0.704217
-0.488470
-0.221363
-0.342018
-0.005974
-0.152132
0.208296
5.035601
-0.197357
-0.555881
-0.209941
0.616424
-0.214677
-0.865749
-0.174421
-0.396815
-0.586715
-0.471812
-0.651477
-0.691366
0.048170
-0.549132
1.842031
2.980466
-0.876939
-0.742033
-0.365698
-0.240086
-0.527120
-0.231991
-0.543351
-0.315009
2.658398
1.377900
0.375900
-0.565350
0.034268
-0.577950
-0.514440
-0.669328
-0.504694
-0.570239
0.153705
-0.867655
-0.876080
-0.779962
-0.667811
-0.197523
2.245715
-0.076175
0.664874
-0.260854
-0.047243
-0.143223
0.013174
-0.110201
-0.106979
-0.570520
2.600180
5.115689
1.196913
-0.306426
-0.374572
-0.927468
-0.453668
-0.519816
-0.731253
-0.456584
-0.577786
-0.489968
-0.209206
-0.477185
-0.424240
1.337473
1.474489
5.684440
-0.779302
-0.376185
0.008267
-0.699172
-0.917867
-0.819516
-0.491738
-0.493026
0.775383
4.351968
-0.402385
-0.840280
-0.213814
0.235427
0.104599
-0.417315
-0.827288
-0.597013
-0.826436
-0.672513
-0.906792
-0.803698
-0.661241
-0.864057
-0.403067
4.059238
-0.453308
-0.112107
-0.047661
-0.227592
-0.007188
-0.058706
-0.403219
-0.799438
-0.094270
1.875969
0.503592
-0.194572
0.027889
-0.428993
-0.549720
-0.775499
-0.809336
-0.673311
-0.595932
-0.664849
-0.695694
-0.724530
-0.905093
-0.920347
0.246348
1.891433
-0.733630
0.059602
-0.565195
-0.699522
-0.621210
-0.787879
-0.607425
0.781540
0.249623
2.791182
3.265833
-0.820649
-0.887094
0.134839
-0.129021
0.247788
-0.643322
-0.604006
-0.220603
-0.571688
-0.575657
-0.325080
-0.782397
-0.367964
-0.742533
2.365902
-0.358530
0.898170
-0.241540
-0.301402
-0.064344
0.346107
-0.032269
-0.093206
-0.932421
1.938532
1.876577
1.152150
0.136317
0.101928
-0.321762
-0.892326
-0.726725
-0.417416
-0.652214
-0.620100
-0.731494
0.169926
-0.114440
-0.075057
-0.053573
0.846646
3.310105
0.631899
-0.735565
-0.901224
-0.657239
-0.467087
-0.337660
-0.830797
-0.706053
-0.476989
1.118033
2.556979
-0.173367
-0.332329
-0.289750
-0.124463
-0.559718
-0.723913
-0.848740
-0.622504
-0.549729
-0.913910
-0.260340
-0.804595
-0.578128
0.342199
3.164832
-0.107937
0.677348
-0.094672
-0.278601
-0.027138
-0.039302
-0.371644
-0.282499
-0.492612
3.101373
1.859072
0.865854
0.536361
-0.261460
-0.697578
-0.881435
-0.917905
-0.749481
-0.175021
-0.604130
-0.866081
-0.557729
-0.575196
-0.100076
0.474949
-0.419714
5.216965
-0.313507
-0.866335
-0.366048
-0.843809
-0.904302
-0.582863
-0.836062
-0.430849
-0.070164
4.380836
0.980296
-0.357971
-0.000013
0.332034
0.231780
-0.888321
-0.637841
-0.675374
-0.658764
-0.822899
-0.094972
-0.766380
-0.600370
-0.302599
-0.887434
4.225273
0.035549
0.288676
-0.186068
-0.864341
-0.309968
-0.041778
-0.442651
-0.349230
-0.846812
-0.643915
3.828544
0.069377
-0.592142
0.243137
0.260159
0.149945
-0.731059
-0.335144
-0.273167
-0.860044
-0.219388
-0.772539
-0.654570
-0.742624
-0.353119
2.321430
1.105076
-0.121258
-0.729668
-0.511556
-0.726511
-0.234380
-0.246245
-0.294917
-0.594271
-0.721529
3.462802
0.279484
-0.464002
-0.434988
0.023383
-0.101705
-0.688604
-0.805842
-0.490450
-0.046107
-0.793774
-0.495934
-0.547250
-0.604210
-0.056191
1.382816
0.489352
1.185253
-0.744359
-0.610645
-0.851196
-0.081987
-0.221256
-0.778242
-0.725413
-0.751351
1.948029
1.730934
-0.255592
-0.307880
0.444383
0.848077
0.053543
-0.730093
-0.828966
-0.787491
-0.216721
0.174758
0.117513
-0.397598
-0.728131
1.443600
6.097359
-0.657204
-0.532329
-0.227410
-0.308347
-0.672614
0.034993
-0.511435
-0.258040
0.077866
1.298635
6.546451
-0.168815
-0.578785
-0.545467
-0.387621
-0.234160
0.259970
1.256387
1.366350
0.738260
-0.146180
0.249247
0.752473
2.309155
1.837704
5.046668
0.415204
-0.384104
-0.832397
-0.520349
-0.119346
-0.385505
-0.543878
-0.912579
0.519679
-0.145448
3.048805
0.850067
-0.097558
0.060141
-0.541473
-0.661440
-0.661307
-0.967169
-0.853878
-0.198363
-0.746389
-0.841739
-0.411314
-0.908889
1.690231
1.874200
-0.303727
-0.713692
-0.790992
-0.744430
-0.203270
-0.541502
-0.701398
-0.915948
-0.620415
1.375420
0.886052
0.307309
0.051648
-0.277050
-0.718531
-0.632563
-0.686222
-0.383288
-0.578666
-0.809276
-0.863682
-0.749096
-0.786108
-0.722006
0.192270
-0.764775
0.418146
-0.714818
-0.485712
-0.619448
-0.041383
-0.607433
-0.868007
-0.501518
-0.555232
1.049821
2.050321
-0.055587
-0.121578
-0.666153
-0.818269
-0.620986
-0.573014
-0.942680
-0.782325
-0.888616
-0.799603
-0.013283
-0.289057
-0.819958
1.074494
1.952530
0.874259
-0.665641
-0.870868
-0.735687
0.078869
-0.282584
-0.555415
-0.687005
0.731359
3.175402
1.157950
0.012567
0.316007
0.946989
-0.531847
-0.300217
-0.741655
0.387114
1.081551
0.062028
1.186149
-0.015812
-0.392869
1.315023
3.357392
4.222054
3.558193
-0.742213
-0.772013
-0.647738
-0.587027
0.169201
-0.647291
-0.719064
-0.824921
1.765534
0.557589
1.725390
0.086875
0.041354
0.647509
-0.649688
-0.597002
0.063954
-0.614658
-0.754574
-0.479254
0.142065
-0.677796
-0.400651
-0.785413
-0.475233
5.049409
-0.077007
0.391013
-0.643924
-0.014226
-0.487735
-0.143145
-0.257973
-0.587373
-0.666308
3.070945
1.660610
-0.920135
0.033588
-0.539699
-0.132651
0.078834
-0.904909
-0.404079
-0.151637
-0.590951
-0.765546
-0.292875
-0.974311
-0.442088
-0.763211
2.690156
0.743596
-0.572759
-0.240331
-0.734844
-0.771260
-0.780629
-0.623720
-0.959369
-0.271793
-0.252036
5.054469
-0.715494
-0.759634
0.123490
0.184293
-0.271388
-0.800093
-0.533503
-0.406717
-0.609435
-0.797283
-0.966356
-0.656305
-0.712949
-0.615390
2.043227
0.759406
0.268889
-0.409269
-0.157232
-0.440736
-0.242609
-0.084978
-0.145934
-0.602266
2.513908
2.864221
0.464575
-0.207950
-0.526027
-0.488910
-0.386564
-0.430397
-0.775135
-0.285418
-0.121894
-0.496307
-0.350188
-0.297406
0.448107
-0.080733
-0.104381
4.203906
-0.432949
-0.737455
-0.568577
-0.590469
-0.705283
-0.598557
-0.751979
-0.737525
1.623561
2.321099
1.196006
-0.159665
-0.283692
-0.919299
-0.540287
-0.627638
-0.632619
-0.556400
-0.892785
-0.212505
-0.482450
-0.746414
-0.717584
-0.631945
-0.236782
1.643715
1.080051
-0.238842
-0.906771
-0.440803
-0.277759
-0.455396
-0.600814
-0.354483
-0.864217
1.830204
2.602741
-0.489880
-0.035267
-0.527084
0.087378
-0.702873
-0.593293
-0.899583
-0.629434
-0.849330
-0.410452
-0.656566
-0.445600
-0.185861
-0.579267
1.469066
2.979206
-0.697737
-0.431525
-0.769047
-0.561906
-0.832546
-0.337425
-0.689438
-0.388037
-0.065137
5.039567
-0.440602
-0.398057
0.127294
-0.498049
-0.073221
-0.555303
-0.795092
0.389562
-0.299341
-0.540303
-0.669803
-0.851061
-0.542684
-0.355283
-0.439774
3.261203
0.692744
-0.231950
-0.594090
-0.664889
0.397233
-0.313999
-0.287922
-0.031030
0.004405
3.632996
1.466718
-0.365889
-0.857240
0.776430
1.038965
0.901714
-0.279094
-0.353111
-0.397850
-0.693219
0.179024
-0.339267
-0.483948
-0.447288
-0.722108
4.748627
2.836228
1.074994
0.302161
-0.320596
0.307304
-0.124323
0.163964
-0.263022
0.034115
3.856370
-0.011468
-0.000734
-0.207216
-0.084932
-0.336316
-0.645278
-0.613907
0.058136
0.576799
0.081325
-0.554004
-0.253051
-0.031809
-0.188956
1.219522
5.037738
0.853818
-0.374015
-0.584255
-0.946722
-0.848993
-0.230537
-0.500648
-0.618593
-0.151963
2.700229
-0.059715
0.048904
-0.120576
0.361549
-0.277580
-0.472185
0.227840
-0.231819
0.356180
0.275816
-0.037787
-0.899995
-0.560045
-0.348107
0.242020
2.658094
0.752212
-0.693860
-0.368614
-0.216302
-0.129830
-0.534350
-0.123712
-0.669754
-0.234421
0.596814
1.873683
-0.232239
0.085091
-0.102308
-0.593356
-0.586596
-0.889655
-0.679823
0.172469
-0.652465
-0.740253
-0.767539
-0.669905
-0.743806
0.592325
2.029084
0.942582
-0.212104
-0.890209
-0.606627
-0.825130
-0.144211
-0.718108
-0.647094
-0.396942
-0.669820
2.194527
-0.583492
0.664366
-0.033252
-0.171810
-0.471435
-0.660154
-0.063527
-0.471758
-0.493562
-0.036676
-0.821676
-0.604395
0.224400
0.476700
2.051198
0.728945
0.725902
-0.352351
-0.853868
-0.755392
-0.421119
-0.938971
-0.858510
-0.672034
0.897164
1.915806
0.124333
0.391190
-0.022674
0.274319
-0.902448
0.350861
0.719612
-0.428351
0.333246
0.970950
-0.722181
-0.152330
0.181969
-0.560263
3.597683
1.286711
1.697663
1.233817
1.321110
-0.897452
-0.839276
-0.477777
-0.371767
1.602748
0.004138
1.004119
1.527572
1.028166
-0.155374
-0.473125
-0.777980
-0.858812
0.919343
-0.709918
-0.487645
2.061305
1.312791
1.597607
-0.679494
-0.758399
-0.094829
0.281685
0.320581
10.516497
