0.000000
-0.549520
-0.654052
-0.934880
-0.810219
-0.907518
-0.862756
-0.847158
-0.893052
-0.811468
-0.899807
-0.822726
-0.816193
-0.929472
-0.866029
-0.100772
-0.529419
-0.557365
-0.328177
-0.483824
0.133174
-0.376694
-0.400571
-0.173230
-0.369927
-0.219485
-0.523172
-0.359998
-0.714458
-0.657467
-0.142614
-0.091747
0.426970
-0.126306
-0.582503
-0.150099
-0.409529
-0.522212
-0.266263
-0.453727
-0.331928
-0.682215
-0.252349
0.305386
0.606874
0.735638
-0.134530
-0.590875
-0.265886
-0.090553
1.583503
0.639344
-0.228105
-0.956586
-0.574366
-0.828563
-0.620001
-0.559769
-0.345460
-0.491590
-0.498469
-0.137615
-0.510779
-0.566042
-0.617067
-0.406185
-0.576868
-0.789019
-0.257273
-0.496830
-0.556691
-0.309964
-0.665982
-0.378155
-0.663908
-0.487058
-0.274003
-0.375591
-0.728016
-0.720978
-0.610045
0.117259
-0.666958
-0.343720
-0.738064
-0.757904
-0.642143
-0.678558
-0.859031
-0.411331
-0.320910
-0.293052
-0.692313
-0.601705
0.112331
-0.558376
-0.259028
-0.746513
0.389676
0.394345
-0.881899
-0.410488
-0.844873
-0.839049
-0.006899
-0.175523
-0.645176
0.995451
-0.566877
0.325907
-0.783048
-0.750540
-0.416011
0.285596
-0.618050
0.095012
-0.525855
-0.410049
-0.410073
-0.675950
-0.238380
0.556648
0.612350
0.444238
-0.588755
0.427484
0.716017
-0.543153
0.298251
0.146039
-0.335308
-0.592020
-0.779175
0.832648
-0.660663
0.885857
1.286369
0.022123
1.747609
-0.412627
1.062184
-0.178680
0.879316
2.281948
2.415332
-0.131455
1.367346
0.689973
-0.587911
-0.520035
0.373126
1.450109
0.021012
1.644326
-0.544128
1.028714
0.072595
-0.131346
0.022460
-0.291312
0.422755
-0.409495
-0.557541
-0.214139
-0.152810
-0.748579
-0.709264
-0.416581
0.673678
-0.470174
-0.468038
0.474326
-0.170620
-0.337542
-0.033238
-0.113602
-0.704023
-0.257452
-0.184158
0.088705
0.925687
-0.097028
-0.459504
-0.883282
-0.639495
-0.830141
-0.610232
-0.463857
-0.347214
-0.211300
-0.226727
0.324807
-0.487581
0.505163
-0.472891
-0.502445
0.488674
1.499705
3.385540
2.276000
0.097668
-0.625262
-0.138573
-0.076781
-0.607786
-0.695237
-0.978021
-0.484209
-0.697118
-0.803173
-0.430235
0.364867
-0.487035
-0.281382
0.744249
-0.148279
0.004865
-0.816983
-0.541490
0.646154
-0.679399
-0.403247
0.292749
-0.670786
-0.451407
0.350002
-0.616640
-0.944680
-0.266017
-0.881359
-0.351610
-0.060931
0.064929
-0.884418
0.410198
-0.623268
0.023773
-0.493243
-0.219258
-0.117641
-0.587962
-0.509781
-0.129698
0.198825
-0.427051
-0.484669
0.095862
0.271362
0.336580
-0.253152
0.700045
0.680486
-0.089713
-0.515839
0.558375
-0.660431
-0.285370
-0.471993
-0.889069
0.726973
-0.384697
-0.276798
1.070775
-0.616177
-0.625073
-0.705910
0.056091
-0.207724
-0.805018
0.113926
0.206296
-0.807161
0.022722
1.251174
-0.708933
1.185776
0.447914
-0.399136
0.460233
0.631044
1.057884
-0.461845
0.605551
0.058207
-0.459507
-0.614656
0.077822
0.929927
0.428923
0.211411
0.429001
0.770951
-0.457656
2.687361
-0.590257
1.451045
2.306888
0.460142
1.888020
1.082548
-0.533392
0.083419
-0.026300
-0.663210
-0.183283
-0.082232
-0.746625
-0.443350
0.551949
-0.482538
0.631220
-0.582427
0.102366
-0.860486
0.582230
-0.785006
0.543766
0.249610
-0.419401
0.370897
0.858105
-0.708793
-0.568350
-0.712543
0.664177
0.312975
0.573471
-0.515278
-0.383898
-0.735026
1.687195
-0.721038
0.246869
-0.714346
-0.549852
-0.690849
0.220679
0.061787
-0.260151
0.220230
0.130012
-0.228821
0.344013
-0.608432
1.104393
-0.109958
-0.296504
1.747121
-0.174652
-0.591551
0.564609
2.618818
2.666576
0.573455
1.096156
-0.722628
-0.701812
-0.575576
-0.631005
-0.670888
-0.757293
-0.839193
1.449604
0.047470
0.107000
-0.349149
-0.277899
-0.412812
-0.686449
-0.665808
0.199087
0.002146
-0.076074
-0.177988
-0.409710
0.051813
-0.804909
-0.455472
0.166425
0.053552
-0.056263
-0.289541
-0.481475
-0.176131
0.059759
-0.093539
-0.516608
-0.739586
-0.149034
-0.535247
-0.769165
-0.909589
-0.460938
-0.868121
-0.599750
1.172716
-0.529401
0.576338
-0.536860
-0.646307
-0.216011
-0.780126
0.768859
-0.376734
1.162210
-0.811630
0.306020
-0.771913
0.265603
-0.673560
0.019946
-0.500795
0.530478
-0.127572
1.100237
-0.183813
-0.657539
-0.950176
-0.529693
0.523332
-0.690548
1.066363
-0.753645
0.936457
-0.763596
-0.259061
-0.626965
-0.774722
-0.018340
0.400061
0.516114
0.584172
2.578699
-0.279474
0.503252
1.062423
-0.047152
0.278727
-0.170548
0.184886
0.314811
-0.773020
0.013509
0.321080
0.087157
2.030417
0.061336
1.455635
-0.573741
2.380095
1.077485
1.361679
-0.207029
-0.454283
0.608603
0.081095
-0.572088
-0.703766
-0.102607
-0.544103
0.345443
0.047859
0.589578
1.326934
-0.902114
-0.897034
0.829253
-0.527168
-0.405267
0.333035
0.297694
-0.727323
1.500975
0.019268
-0.648415
-0.298381
-0.303866
-0.453200
-0.565283
-0.268834
0.040850
0.203329
0.363424
-0.647788
0.043505
-0.117822
0.085982
0.452870
-0.005933
-0.647585
-0.620360
1.058293
-0.036015
-0.567257
0.044333
-0.694309
0.154848
-0.626180
0.519206
-0.857765
0.020448
-0.941059
-0.446524
0.357138
0.197223
-0.504498
0.767502
3.125680
2.996326
1.695705
-0.224949
0.063301
-0.212003
-0.638542
1.365871
-0.728810
-0.263071
-0.484674
-0.086472
-0.136021
-0.594481
-0.662934
0.039374
0.250376
-0.657568
0.277388
-0.577687
-0.825046
-0.773549
0.276563
0.113512
-0.628807
0.166500
-0.701697
0.274019
-0.115637
-0.782231
-0.656316
-0.087897
-0.854525
-0.853579
-0.103705
0.110844
-0.641049
-0.719585
-0.039659
-0.434203
-0.317409
-0.548298
-0.805441
-0.699762
-0.876738
0.959768
-0.683306
0.421022
-0.831168
-0.261891
0.706788
-0.597392
-0.131590
-0.543968
-0.743834
-0.196260
-0.587236
-0.198302
-0.409294
1.085557
-0.735857
-0.304418
-0.334367
-0.689824
0.001797
-0.742514
-0.366293
-0.048338
0.368229
-0.467840
-0.592695
-0.329611
-0.356487
-0.528714
-0.754527
0.944099
0.555156
0.907561
0.597714
-0.531299
2.093722
-0.083531
-0.921455
-0.097369
-0.594967
0.192754
-0.151361
-0.494139
1.000466
0.983088
0.006163
1.469710
1.089034
0.280772
1.234786
1.712382
-0.466392
2.419022
1.238425
1.765860
-0.672601
0.784163
0.318237
1.218075
0.397383
-0.608801
-0.412916
0.814601
-0.918448
0.565851
1.498219
-0.860977
-0.837740
0.594296
-0.566111
0.657104
-0.685954
0.367999
-0.677698
-0.122232
0.073359
0.815236
0.443251
-0.282911
-0.756216
-0.983920
0.154159
0.051516
0.455739
-0.079828
-0.914060
0.506264
1.318203
-0.635356
0.781768
-0.910427
0.818212
-0.780282
1.011918
-0.637961
-0.859362
-0.399469
-0.287824
0.316170
-0.632253
-0.778282
0.415357
-0.254424
0.084255
0.891735
-0.559295
-0.316655
-0.202761
-0.273034
2.444200
2.084964
2.591393
-0.850241
-0.372640
-0.700485
-0.763629
-0.347609
-0.577324
-0.828221
-0.514776
-0.926904
-0.022062
1.404065
-0.428009
-0.678129
-0.157607
-0.679137
1.736589
0.101663
-0.806976
1.042003
0.541176
-0.343569
0.894366
-0.866712
0.476676
-0.552814
-0.688321
1.269038
-0.882092
-0.551031
-0.433995
-0.260830
0.820315
-0.910897
-0.609616
-0.422460
-0.679238
-0.208621
-0.124524
-0.949524
-0.313193
-0.468557
0.180297
0.009517
0.157724
-0.723795
1.141227
-0.864786
-0.341738
0.310320
1.131187
-0.208150
0.396735
0.040668
-0.941427
-0.274792
-0.487514
-0.370172
-0.417861
-0.059031
-0.834085
-0.862773
-0.508018
-0.780620
-0.562390
-0.741583
-0.530455
-0.706544
-0.118448
-0.956349
0.020039
1.474391
-0.530682
-0.518713
-0.232108
0.549676
0.702094
-0.708895
0.069809
0.467726
0.386989
0.018126
0.309535
0.366547
1.008002
-0.627852
0.345450
-0.327302
1.247316
0.267926
1.959129
-0.132753
0.628530
0.115710
0.134848
1.759910
2.676706
0.064531
-0.681333
0.255590
0.204244
-0.596050
-0.839911
-0.379430
-0.266596
0.073331
1.922552
0.025371
-0.326574
0.973804
0.733582
-0.900808
-0.637259
-0.724438
0.845040
-0.443852
-0.071434
-0.694972
0.158627
-0.085180
-0.787258
-0.032501
0.374372
0.940283
1.367247
-0.478541
-0.378347
-0.474286
0.480065
-0.776765
0.345211
0.604283
0.746710
1.043063
-0.232679
-0.235504
-0.455274
0.725732
1.346631
-0.404208
0.614352
-0.593322
-0.316919
0.215299
-0.785019
-0.008293
-0.909497
2.272004
-0.200500
0.224131
0.811324
-0.192617
2.259547
1.547179
0.745595
1.214011
-0.672693
-0.862170
-0.825248
-0.242840
-0.358711
1.033695
0.014032
-0.592700
-0.646913
-0.500640
0.235381
0.384949
-0.959105
1.001855
-0.431273
0.447761
0.143148
-0.409076
-0.707465
-0.317210
-0.853606
-0.292318
-0.614598
-0.735915
-0.442992
-0.309185
-0.397824
-0.631927
0.720570
0.061650
-0.386078
-0.710467
0.240597
-0.628600
-0.519221
-0.279389
0.702817
-0.240780
-0.013282
0.460795
-0.171636
-0.723258
0.441131
-0.025371
0.786284
0.193447
-0.197563
-0.019310
-0.400601
0.515161
-0.361191
-0.161102
-0.739400
0.168521
-0.530490
0.362901
-0.457734
-0.155965
-0.423722
0.856991
0.418047
-0.807032
-0.398086
-0.851085
-0.474960
-0.001196
-0.305998
0.247460
0.376001
-0.336448
-0.121180
-0.331833
-0.799071
0.467374
-0.837993
1.353311
-0.499994
0.619077
-0.200799
0.139018
-0.180290
-0.679225
0.045083
-0.144346
1.175793
-0.136003
0.424660
0.238384
0.884067
1.536716
1.932604
1.849300
0.897710
0.735908
1.710678
0.367173
0.019028
-0.546554
0.331121
-0.508539
-0.637333
0.278135
0.738673
1.255055
-0.772385
-0.265341
1.633760
-0.602311
-0.774003
-0.463368
-0.096005
-0.745129
-0.582484
-0.775687
-0.659607
0.529622
0.043747
0.118182
-0.314967
-0.253110
-0.689431
0.773706
-0.790486
-0.429936
-0.093734
-0.070400
-0.665630
-0.408102
-0.419451
0.175848
1.102261
0.404752
1.425973
-0.056323
0.192658
0.199596
-0.581193
0.395214
0.027154
-0.582794
0.273586
-0.096542
-0.809524
-0.645995
0.077127
-0.742873
0.502688
0.349218
1.093752
0.073249
-0.650132
0.985652
2.743033
1.735680
-0.410725
-0.708154
-0.448033
-0.370651
-0.321560
0.054394
-0.357337
-0.169518
-0.633363
0.300254
-0.624618
0.218758
-0.609741
0.863891
-0.177587
-0.335481
-0.867178
-0.404302
0.114764
-0.450309
-0.770504
-0.205106
-0.496181
-0.635112
-0.735433
-0.374678
-0.822997
-0.083320
-0.364221
-0.210360
-0.172055
-0.862155
-0.597912
-0.930727
-0.939634
-0.687704
0.207315
-0.922954
-0.536641
-0.121577
-0.802986
-0.475363
0.018367
-0.403393
-0.657875
0.379584
-0.646898
-0.363425
-0.477594
-0.846369
-0.522415
1.016591
-0.812983
0.129828
-0.025581
0.648560
0.364931
-0.034645
-0.621565
-0.501984
-0.593479
-0.244896
-0.746637
0.444307
0.801207
1.321538
-0.207616
-0.735272
0.112828
-0.334662
0.237197
0.274629
-0.216527
1.486468
0.508574
-0.886046
-0.394655
0.230460
1.906623
2.937257
1.367020
-0.828596
0.907374
0.137454
-0.102529
0.513113
0.313641
0.427455
-0.924334
1.246435
-0.730522
0.638685
-0.157012
2.611722
2.721492
1.488471
2.010080
-0.371761
0.015572
-0.375206
-0.357421
-0.383870
-0.720984
-0.011454
1.023366
0.876419
-0.466307
1.198776
1.353380
0.370933
0.516275
-0.325321
0.098920
-0.526892
-0.293948
0.181406
-0.780227
-0.459171
-0.172826
0.305691
0.069906
0.777918
0.261465
-0.888096
-0.804254
0.013181
-0.451779
0.274196
-0.470483
0.723937
1.044739
0.356414
-0.708945
0.187003
0.088559
-0.668232
1.355544
0.612360
-0.456570
0.227460
-0.121934
0.406749
-0.659290
-0.404080
-0.392350
-0.237790
0.538760
-0.902102
0.060675
1.202312
0.344316
-0.475146
-0.041726
2.403118
1.647108
1.180474
1.114817
-0.403698
-0.804598
-0.786552
-0.580197
0.359801
-0.457313
-0.025286
1.116113
0.014772
0.159209
-0.260829
0.681372
-0.640302
-0.802096
-0.484950
-0.006687
-0.423302
-0.747375
0.044275
-0.667454
0.147598
-0.095314
-0.278113
-0.839339
-0.748486
-0.467187
-0.652438
-0.554212
-0.728153
-0.710709
-0.218842
-0.315070
-0.441521
-0.284944
0.456826
-0.531248
-0.546257
-0.207143
-0.612166
0.144934
-0.763891
-0.401824
-0.270531
-0.101708
-0.679012
0.321090
-0.544268
0.382449
-0.772526
0.373237
-0.134562
-0.639448
0.223998
0.094967
0.011945
0.680141
0.388463
-0.868746
-0.589141
0.131455
-0.318173
-0.142086
-0.758904
0.540074
-0.493461
0.284875
-0.759291
-0.135563
1.050129
0.642780
1.149455
-0.440669
-0.826541
-0.037416
-0.213694
0.033239
-0.503180
-0.500053
1.445924
0.243281
0.310167
-0.413457
-0.487969
-0.341092
-0.831758
0.497098
0.142959
0.904534
-0.227123
0.168534
-0.391709
0.947550
1.238725
1.680883
1.086476
1.786030
1.112109
1.024932
-0.074038
1.610192
0.033815
0.360934
-0.331787
-0.706594
1.016812
-0.564287
-0.349058
1.448244
-0.678486
1.846731
-0.831982
-0.588042
-0.107045
-0.268443
-0.307039
-0.180985
-0.390762
-0.129373
0.159880
0.174563
0.036011
-0.140957
-0.460919
-0.173348
-0.470934
-0.801370
-0.228300
-0.499178
-0.126567
0.076346
0.031844
-0.519620
-0.429219
-0.182292
-0.766698
-0.407231
-0.811144
-0.119127
-0.341956
-0.546353
-0.560262
1.019912
-0.004278
0.319420
-0.600301
0.718043
-0.844330
-0.419522
2.724118
3.571766
2.962960
0.577265
0.023905
-0.076726
0.737510
0.685891
1.239244
0.702141
-0.664038
-0.574847
0.750533
-0.505590
1.344003
-0.887701
-0.879534
-0.534509
-0.763865
-0.467505
0.822754
-0.235690
0.141176
-0.621890
-0.515073
-0.601840
-0.555508
-0.585986
0.265743
-0.220623
-0.109101
-0.673964
-0.177750
0.137430
0.018264
-0.230483
-0.614154
-0.812644
1.008484
-0.489758
-0.909737
-0.900310
-0.202263
-0.647523
-0.898576
-0.420480
0.330370
-0.846661
-0.062836
1.056141
1.043685
-0.319852
0.290198
-0.790311
2.161550
-0.863162
-0.851215
-0.643403
-0.630657
-0.026911
-0.167087
-0.872356
-0.786530
-0.614522
-0.333604
-0.823678
-0.701777
-0.797252
-0.412151
-0.969587
-0.510612
0.260285
0.605664
0.362192
0.080200
0.743343
0.403757
1.129176
0.546174
0.511813
-0.630226
-0.944357
0.927274
-0.687373
-0.472591
-0.444450
0.004187
0.418859
-0.576591
2.162070
-0.905629
0.156173
0.165019
0.882399
0.218952
1.129274
2.335146
0.576385
1.901633
-0.785231
0.870529
1.922716
-0.684338
0.631308
0.907478
-0.064973
0.001754
-0.770013
-0.390312
0.668560
-0.098761
2.487937
0.712421
-0.446685
-0.825705
0.818579
-0.761646
-0.815418
-0.147506
-0.469212
-0.222701
-0.726684
-0.854359
-0.816942
0.597213
-0.609760
-0.651105
-0.339608
0.328570
1.191939
-0.198755
-0.555484
0.032549
-0.845089
0.089538
-0.269380
-0.454675
-0.767682
0.056436
0.111256
-0.594809
0.437597
-0.013063
-0.395184
-0.163200
0.567386
-0.074705
1.235637
-0.048605
-0.458266
-0.714847
-0.458422
0.275502
-0.612493
0.247754
3.578804
2.948143
1.664219
-0.425072
-0.824377
-0.107322
-0.586592
0.404550
-0.771420
0.341450
0.035580
-0.793164
-0.113994
-0.886878
-0.249772
-0.621435
-0.531345
-0.465854
0.695476
0.617502
-0.526017
-0.456898
0.516786
-0.297864
0.070158
-0.150070
-0.544476
-0.759433
0.371654
0.211504
-0.683524
-0.792483
-0.810697
-0.876075
-0.932446
-0.067360
0.168384
-0.765445
-0.716188
-0.011719
-0.032177
0.373539
-0.544915
0.406357
0.826044
0.337353
-0.845238
-0.201265
0.420793
0.419728
-0.800996
-0.133485
-0.817420
-0.255811
0.650924
0.072613
-0.255376
-0.887842
-0.712651
-0.692562
-0.707107
0.694943
1.491669
1.085222
-0.825394
0.197970
-0.603007
0.383458
0.608927
1.597998
-0.935722
-0.313510
1.902074
0.504182
-0.638332
-0.177045
-0.737162
-0.160645
-0.226965
2.731201
-0.548625
-0.507122
0.448601
0.211396
-0.533744
0.186849
0.408221
-0.557834
-0.096515
0.879133
-0.203869
-0.764217
0.301694
-0.394901
0.079966
1.752878
1.092243
0.620739
0.522879
1.750988
0.017648
1.399068
-0.507574
-0.398672
-0.536906
-0.038394
-0.283173
-0.794587
-0.148627
1.577535
1.502766
-0.045144
0.023436
0.408081
-0.040416
-0.807375
-0.351441
-0.343112
-0.618801
-0.590777
-0.597539
-0.583743
-0.844241
-0.980822
0.221897
-0.811942
0.234472
0.827391
0.382686
-0.715236
0.336067
-0.797750
0.086385
-0.719446
-0.147036
-0.512275
-0.303740
2.060360
-0.555862
-0.330397
-0.151805
-0.811742
-0.562487
0.652435
-0.501145
0.481331
0.287216
-0.624768
0.851558
-0.848000
-0.034207
1.042931
-0.237894
-0.708687
1.782357
3.184905
0.934615
2.313758
-0.474066
-0.405284
0.640284
1.075365
-0.327996
0.221697
0.270254
0.412451
0.373625
-0.658817
0.359988
0.271346
-0.579589
0.154943
-0.617543
0.273573
0.455004
-0.613860
-0.483889
-0.800529
-0.298781
-0.607711
1.046635
-0.343787
0.639618
-0.048310
-0.458642
-0.418070
-0.050333
-0.620066
-0.844109
-0.477270
-0.828134
-0.464426
-0.413496
-0.594529
0.266654
-0.231662
-0.537974
0.361244
-0.599236
0.261331
-0.352802
0.058216
-0.318763
-0.841926
2.028785
0.410044
-0.881365
1.142888
-0.391097
-0.720643
-0.759117
-0.686013
-0.695781
-0.615552
-0.663077
-0.517995
0.734023
-0.525967
0.986816
-0.524128
0.317298
-0.260185
-0.450918
0.195107
-0.633082
-0.501045
-0.352602
-0.788089
-0.607853
0.911793
-0.397007
-0.109820
-0.657564
-0.311028
-0.843281
0.516676
0.133150
0.813161
0.190363
-0.944883
0.225231
-0.228696
-0.062260
1.565753
-0.816352
-0.043760
-0.442608
0.998026
-0.038267
0.568200
1.158415
1.134768
0.457913
2.068990
2.674652
0.258438
0.222608
-0.858976
-0.609898
0.334625
0.050762
-0.248525
-0.887921
-0.003983
-0.558475
2.145605
1.746210
-0.792793
-0.598551
-0.910407
-0.582998
0.208172
-0.154567
-0.824775
-0.814429
-0.606550
-0.328627
-0.667807
-0.463203
-0.711752
-0.477350
0.928235
-0.117788
-0.119472
-0.776959
0.158056
0.055924
0.451637
1.052083
1.099294
-0.558500
1.191581
0.222317
-0.874291
1.735725
-0.627820
-0.515567
-0.264134
0.466179
-0.614024
-0.907782
-0.378885
-0.007331
-0.546441
1.144978
1.458766
-0.687703
-0.310978
-0.382654
1.481223
2.538657
2.484684
-0.154078
-0.657858
-0.470811
1.037108
1.338247
0.637314
-0.142312
-0.664810
-0.657659
0.210412
-0.228275
0.406358
-0.295084
-0.103536
-0.666570
-0.889787
-0.485462
0.207528
0.767446
0.152856
-0.725969
-0.879247
-0.119133
-0.322378
-0.738610
-0.594848
0.226857
-0.882037
0.204420
-0.777190
-0.521541
-0.788482
-0.673627
-0.234123
0.340579
-0.454946
0.414694
-0.264661
-0.055763
1.438802
-0.807214
-0.943977
0.257718
-0.225530
0.379481
-0.816878
-0.373871
0.681176
0.316457
0.151753
0.327655
-0.810622
-0.455301
-0.346985
-0.269484
-0.324010
-0.206704
0.321431
-0.734459
-0.936804
1.325774
-0.006554
-0.614902
-0.379818
-0.661143
-0.841187
0.283308
-0.452850
0.380291
-0.506033
-0.256985
0.376728
-0.503251
-0.348195
1.137943
1.092813
0.330244
-0.315218
-0.190247
-0.438552
-0.049316
-0.625258
1.393504
0.130492
0.794328
-0.334785
0.210058
-0.656636
0.080101
2.313673
0.201546
2.120037
-0.223583
-0.359293
2.881213
-0.056780
-0.907546
1.831840
1.441676
-0.245951
-0.803559
-0.395754
0.478934
1.684629
-0.846042
-0.696875
1.259632
-0.619609
0.543498
-0.463993
-0.151548
-0.720647
-0.596440
-0.521234
-0.120118
-0.966947
0.036786
0.344249
-0.603777
-0.885043
1.049127
-0.498636
-0.776792
-0.132407
-0.591060
0.368760
0.987356
0.033866
0.037931
-0.691037
-0.416139
-0.917895
0.944148
0.135548
-0.194108
0.606408
-0.221654
-0.395728
0.133442
0.219669
1.085628
-0.070950
0.258530
-0.386123
-0.683870
-0.049897
-0.669373
0.848983
1.951368
-0.286805
-0.636327
0.757441
1.886874
3.500896
2.035915
-0.424420
-0.609272
-0.530415
0.455073
-0.413312
-0.439570
-0.819741
-0.692090
0.302399
0.266554
-0.904718
0.271802
0.058616
-0.509552
-0.256014
-0.310859
-0.552294
-0.540678
-0.157895
0.035459
-0.831713
0.397212
0.528158
-0.364207
-0.574741
-0.379638
-0.907280
-0.499990
-0.647911
-0.463835
-0.581697
-0.774508
-0.194205
-0.657101
-0.112264
0.305294
0.343328
-0.101028
0.005342
-0.528683
-0.854580
-0.607537
-0.544557
1.360995
0.337746
-0.132145
-0.826582
1.088755
-0.215999
-0.578520
0.803330
-0.673982
-0.175711
-0.675973
0.354731
-0.277230
-0.726617
-0.996617
-0.362518
0.713843
-0.629741
0.063454
0.065534
-0.515058
0.408186
-0.502586
-0.104453
1.381775
0.086327
-0.627101
-0.529237
-0.619072
-0.221988
1.018035
0.446445
-0.274968
0.667552
1.081337
-0.076091
1.951489
-0.589739
-0.474634
-0.669508
0.690031
0.200668
1.709767
0.804335
0.926688
0.559809
0.699648
0.258840
-0.435885
1.873727
0.862035
1.962562
0.766327
-0.063518
-0.687919
-0.192850
-0.094413
-0.030969
0.678276
0.080846
0.576783
0.963360
1.432772
0.153296
0.976732
-0.100632
-0.438317
0.115547
1.063367
-0.623765
-0.180909
-0.360920
0.567999
-0.656094
0.890925
0.193401
-0.810033
-0.731644
-0.062314
-0.229388
0.353495
-0.570288
0.661011
-0.479833
0.012489
1.160794
-0.264461
0.381008
-0.600439
-0.409753
1.887858
-0.858895
-0.699058
0.789514
-0.672145
-0.036408
0.192702
0.448255
-0.132120
0.220161
0.016101
-0.807393
0.224407
0.140151
-0.083889
-0.105534
0.764161
-0.655389
-0.565339
-0.164180
2.650197
1.223470
-0.493238
-0.719498
0.226941
-0.792034
-0.018897
-0.769582
-0.336504
-0.587165
1.078526
-0.957065
-0.578094
0.533907
-0.711365
-0.694441
0.018395
0.282244
0.251128
0.205087
-0.800957
-0.849371
-0.715303
-0.471186
-0.797021
0.171624
-0.190113
-0.720560
-0.639920
-0.409235
0.660291
0.015759
-0.134618
0.347813
-0.737950
0.876838
-0.772444
0.310179
-0.744078
-0.836773
0.061023
-0.939383
-0.622890
-0.431492
-0.784800
-0.018685
0.189661
-0.065894
0.426077
-0.231685
1.276560
-0.834578
-0.408180
-0.467392
-0.585414
-0.295766
-0.721313
0.553807
0.852574
0.236298
-0.070438
-0.157217
-0.464695
0.391739
-0.561633
0.342986
-0.864433
-0.605343
-0.486639
-0.119833
-0.462287
-0.906642
0.922697
-0.185501
1.833414
-0.291799
-0.789135
-0.912055
-0.075509
0.624193
-0.096438
-0.659049
0.360800
-0.682555
-0.827582
0.154465
-0.354756
0.204688
-0.726776
-0.073871
0.028170
0.258158
0.928851
0.292821
0.756671
2.504204
0.517211
3.225455
0.988843
0.438414
1.535563
-0.508247
0.009906
0.049266
-0.164300
-0.080598
0.628995
-0.114334
0.647865
-0.460271
-0.595253
0.751331
-0.244483
0.725585
-0.380157
-0.732019
-0.003661
0.262171
-0.062147
-0.847848
-0.004008
-0.443887
0.258128
-0.227878
0.085804
1.152464
0.622840
-0.294068
0.112654
-0.436661
-0.361876
-0.016591
1.068816
0.001015
0.929537
0.897755
1.140610
-0.619226
-0.482906
-0.565515
0.243146
0.158915
0.726374
-0.633176
-0.305722
-0.670524
0.148293
-0.027717
0.426339
0.911060
1.463934
0.036990
-0.529727
-0.278644
1.437311
0.551648
2.713713
0.874856
-0.937805
-0.728186
-0.216234
-0.551133
0.273360
0.153186
-0.241746
0.194580
0.299287
-0.931103
0.044317
-0.538535
-0.927211
0.116403
-0.803887
-0.730583
0.371642
0.152620
-0.215578
-0.628135
0.093365
0.008353
-0.195094
0.259065
-0.240914
-0.611790
-0.908222
-0.323940
1.008808
-0.415585
0.195702
-0.881605
-0.317506
-0.613974
0.063583
-0.737757
-0.500316
-0.842358
0.507851
-0.576041
-0.377999
0.428253
-0.519469
-0.702022
0.158838
-0.389041
-0.711357
-0.307022
0.470769
-0.551618
0.174591
-0.476690
-0.869017
0.310525
-0.592112
-0.772293
-0.403431
-0.651337
0.525242
-0.849120
-0.577648
0.360758
0.028939
1.074356
-0.438179
-0.011697
0.349200
0.087719
-0.405512
-0.652887
-0.627573
-0.343252
-0.550009
-0.184928
-0.339837
-0.222092
0.956722
-0.033344
-0.703903
-0.608109
1.093574
0.500194
0.466279
1.073171
-0.583925
0.261915
0.123690
-0.834844
-0.663852
1.546819
0.227991
-0.126184
1.033571
0.174809
1.018183
0.659165
3.106338
0.551768
1.972881
0.230269
1.667157
-0.630958
-0.025722
-0.485025
-0.368661
-0.148000
-0.208250
-0.763723
1.910650
0.976884
0.113887
-0.106069
1.103693
0.000957
-0.525481
-0.642345
-0.340916
-0.993774
-0.401129
0.525733
-0.252674
-0.439569
-0.157067
-0.348906
-0.213106
0.682255
1.464913
-0.696004
-0.424783
0.150230
-0.839697
-0.245346
1.352642
-0.927131
0.002461
-0.961250
0.761018
-0.585098
0.373309
-0.343730
0.417630
0.450486
-0.195943
-0.000437
1.419322
-0.106622
0.107121
-0.076498
2.060179
1.622419
2.314558
2.745282
0.183742
-0.282469
0.622358
-0.134982
-0.447938
-0.392679
-0.647838
-0.457853
-0.834946
-0.660226
0.189286
-0.290083
-0.875385
-0.979460
0.651802
-0.533206
-0.541061
0.493033
1.329136
-0.652935
-0.553855
-0.794403
-0.611519
-0.510747
0.375354
0.405794
-0.533469
-0.166080
-0.902471
0.168781
0.010244
-0.684221
-0.593661
-0.081389
-0.415196
-0.896767
-0.247581
-0.815087
-0.746782
0.006602
-0.398585
-0.303562
-0.532800
-0.501134
0.108253
-0.780096
-0.810988
-0.759937
0.888493
2.098199
-0.292000
-0.663226
-0.594993
0.405601
-0.520628
0.109861
0.796898
-0.917618
0.629244
-0.046825
0.107826
-0.795460
-0.854548
0.006161
-0.686687
-0.125306
-0.133517
0.413861
0.588730
0.680071
-0.363070
0.514734
0.169927
-0.198961
-0.890386
-0.545380
-0.344051
-0.864573
-0.030668
-0.104265
-0.419574
0.005075
-0.090941
1.391712
0.652830
-0.267336
-0.091786
-0.516432
0.931843
-0.728950
1.749354
0.548222
1.466379
0.457770
0.847995
0.277758
2.340022
1.531310
0.772878
0.211882
-0.350205
-0.854481
0.639746
-0.645052
-0.351780
0.670071
-0.493700
0.936980
-0.499572
0.370478
1.283848
-0.636896
-0.053721
0.746117
-0.690507
-0.729341
-0.197176
-0.488630
-0.606586
-0.826029
-0.843063
-0.522460
-0.470361
1.215193
0.504638
-0.744574
0.561600
-0.371937
1.333481
-0.290046
-0.935782
0.150237
-0.549567
0.545324
-0.218245
0.627615
0.800711
0.458203
-0.788359
-0.321202
0.121064
-0.337997
-0.054925
-0.837209
0.486102
-0.378774
0.281700
-0.777037
1.170330
-0.785792
-0.319257
-0.209806
0.804169
3.711269
1.580628
-0.505824
-0.104787
-0.486548
-0.379288
0.596455
-0.611044
-0.608536
-0.526943
-0.781946
-0.229645
-0.880276
-0.753597
-0.531324
-0.717386
-0.320522
0.575248
-0.215663
-0.677955
-0.121380
-0.795995
0.272701
-0.218539
-0.315005
-0.373537
-0.788857
-0.944914
-0.283774
-0.948396
-0.782203
-0.327337
-0.501213
0.324672
-0.681812
0.089622
-0.341909
0.715013
-0.460293
-0.915587
-0.420283
-0.700524
0.697865
-0.562752
0.397572
1.516250
0.897122
-0.436800
-0.391493
1.838259
1.356430
-0.216796
0.059490
0.120609
-0.867118
-0.510115
-0.587617
-0.197358
-0.505637
-0.660865
0.456510
-0.779212
1.949100
1.272627
-0.032641
-0.007879
0.982491
0.120617
-0.836228
-0.636624
-0.265779
0.242515
0.001798
0.380795
1.588135
-0.891124
0.728655
0.051724
0.596129
2.232391
0.237630
-0.605578
-0.222821
-0.279948
-0.633505
1.805630
-0.317298
-0.226186
-0.457609
-0.249569
-0.179384
0.497174
-0.562780
-0.664686
1.255917
2.338643
-0.732708
0.712500
1.389310
0.521047
-0.960421
0.458315
-0.427314
-0.283846
-0.829666
0.302946
-0.037009
0.479322
-0.546583
1.119446
-0.676678
0.252165
0.725862
0.645473
-0.742261
0.374868
-0.665838
0.401683
-0.291645
-0.638443
-0.241398
-0.862798
-0.826411
0.113395
-0.846923
0.815990
-0.895301
0.230347
-0.239030
0.253749
-0.768240
0.748563
0.567288
0.329999
0.059555
0.496991
0.696952
0.111377
-0.510282
-0.061036
-0.494742
0.370541
-0.115120
-0.834241
-0.644492
-0.599663
0.652651
-0.778492
-0.449591
-0.114564
0.834791
0.651739
0.212232
0.474345
2.278305
3.033828
1.307648
1.189198
-0.673088
0.570167
-0.074066
0.323798
-0.756930
-0.799843
-0.906212
-0.739457
-0.473691
1.071262
-0.046128
-0.460794
-0.420944
-0.019239
-0.017818
-0.731284
0.035894
-0.022036
0.932109
-0.741457
-0.456325
0.575116
-0.868290
0.526042
-0.079495
-0.440641
-0.179100
-0.677178
-0.763479
-0.852975
0.751017
-0.918033
0.248981
-0.364811
-0.773527
-0.454347
-0.666449
-0.382311
0.538606
0.189871
-0.276862
-0.343003
-0.016052
-0.543599
0.654274
-0.905235
0.185943
-0.076739
0.104568
0.358302
0.310345
-0.723053
0.293402
0.267676
-0.608447
-0.842892
-0.168449
-0.778604
-0.072043
-0.949839
-0.870919
-0.355630
-0.676865
0.118234
-0.712510
-0.288820
-0.007306
0.060338
-0.011330
1.168797
-0.761615
-0.787037
-0.167805
0.927593
-0.604620
1.653920
-0.092016
-0.809429
1.719296
-0.635404
-0.341607
0.231713
-0.891364
1.735712
0.176932
-0.039922
-0.926557
0.987458
-0.110263
1.542205
1.171652
0.834003
-0.413547
2.631222
1.960375
1.186681
0.575323
-0.741768
-0.136334
0.153479
-0.904715
-0.588626
-0.541851
0.997671
0.031197
-0.664547
0.387681
0.932097
-0.611794
1.994654
0.549787
-0.819560
-0.513252
-0.263430
0.862366
0.722347
-0.704767
-0.432835
-0.061598
-0.571141
-0.887943
-0.005169
-0.079615
0.022910
-0.730612
0.373176
-0.674186
-0.069952
0.914000
-0.312929
0.902075
1.069762
-0.017200
-0.778385
-0.101729
-0.879802
-0.160898
-0.854664
0.111714
0.172938
-0.020225
0.020838
-0.689525
-0.561729
-0.896171
1.995175
0.731100
-0.642064
0.199653
-0.759340
0.803470
1.846512
1.758623
0.104050
-0.523638
0.358183
-0.416553
0.090994
-0.318077
-0.750054
-0.960865
-0.898704
-0.619497
1.286366
-0.681072
0.500806
0.377518
0.030126
-0.840496
0.496081
-0.465614
0.103555
0.137943
1.129684
1.107809
-0.309885
0.330717
-0.442191
-0.411786
-0.150563
-0.891801
-0.653949
0.126924
-0.361419
-0.240266
-0.883499
-0.534466
0.152364
0.208893
-0.390619
-0.369595
-0.543750
1.070779
-0.754270
0.291902
-0.907011
0.146745
-0.168675
0.017336
0.017685
-0.896715
-0.484237
-0.458094
0.772195
0.377028
-0.863441
0.723428
0.324603
0.365289
0.012218
-0.561632
-0.931827
0.663461
-0.776576
0.066823
0.340670
0.951133
0.428836
-0.725181
-0.644095
-0.602994
-0.232527
-0.939729
-0.584389
-0.624415
0.172716
0.192370
-0.001095
-0.262498
-0.244632
-0.092269
-0.465287
-0.300591
-0.076458
-0.899233
-0.617244
0.821327
-0.645256
0.740486
-0.875951
-0.000840
-0.370136
0.204821
1.405706
1.089728
1.188040
2.532108
1.711317
0.601895
-0.088853
0.245801
0.898695
0.719444
-0.820605
0.075197
1.407795
-0.457530
0.327086
0.616405
-0.412403
-0.306338
1.851715
2.590233
-0.735441
0.208935
-0.195684
0.107194
0.077000
-0.051770
-0.723691
0.497577
-0.843116
0.110601
-0.488646
0.394492
-0.199706
0.037480
-0.135328
1.042962
-0.623004
-0.766927
-0.284175
-0.395934
-0.144359
0.692590
-0.117438
-0.954636
-0.393749
-0.046326
0.214057
-0.657664
-0.920769
-0.240062
-0.007918
0.593885
-0.420397
0.615186
-0.128818
1.153724
-0.877590
-0.826901
-0.870405
-0.538960
-0.138009
-0.519109
1.923749
2.462774
1.648038
-0.080742
0.027290
-0.256515
-0.058783
-0.418887
0.174846
-0.772213
-0.105953
-0.860197
-0.867551
-0.856438
0.025035
0.455746
-0.637582
-0.650709
1.980135
-0.569108
-0.335081
-0.589971
-0.400355
-0.795045
0.547429
-0.180013
-0.922856
0.386103
-0.905868
0.450633
-0.828903
-0.953833
0.118372
-0.851040
-0.544461
-0.592207
0.007060
1.428926
0.106276
1.796912
-0.276580
-0.761136
-0.610060
-0.319770
-0.345280
-0.918471
-0.565791
-0.818768
0.110576
1.194849
0.548012
1.062682
0.648338
-0.694954
-0.842401
-0.895736
-0.380995
-0.323335
-0.343282
-0.711763
0.147796
-0.022924
0.058168
-0.422056
-0.420685
1.291597
0.141365
-0.786152
-0.484222
2.005654
0.270320
-0.316280
-0.725002
0.045645
0.153566
-0.342217
-0.615441
-0.820661
0.322792
0.741763
0.354659
-0.520798
-0.301244
0.081347
-0.031802
0.789480
-0.877641
1.057142
-0.353359
1.282865
-0.695762
0.737285
0.396436
0.345253
-0.337444
2.372915
1.530467
1.170955
0.137366
1.556954
0.808300
0.047151
0.351987
0.635495
-0.608213
-0.002635
0.230204
1.422144
-0.211894
0.444023
-0.230413
-0.235251
0.321907
-0.185221
0.780003
-0.266942
-0.727931
0.175525
-0.445724
-0.792934
0.557276
-0.640466
-0.256284
0.983762
0.582858
-0.197315
-0.267134
-0.688036
0.567825
0.383518
-0.384191
2.032539
0.294727
0.839380
0.100572
-0.472567
0.271728
-0.068510
-0.112490
0.331512
-0.526824
0.347679
-0.256248
0.530330
-0.601074
-0.827075
0.255862
-0.752331
-0.737832
0.468849
-0.157015
2.179141
0.056240
0.512737
0.102663
-0.752601
2.489842
1.985016
2.136440
-0.314482
-0.060136
-0.124749
-0.828056
0.016990
-0.657849
-0.664280
-0.449651
-0.539581
-0.553245
0.543944
-0.451303
0.254649
-0.161638
-0.744306
0.419728
-0.454397
-0.525845
0.662575
-0.592200
-0.761004
-0.924318
0.194836
-0.625171
0.010176
-0.091473
-0.719032
-0.567009
-0.688825
-0.566958
-0.458663
-0.695913
-0.521415
0.278113
0.605827
-0.752503
-0.936379
-0.155990
-0.023022
-0.061574
-0.915704
0.792495
-0.020086
-0.559889
-0.731416
-0.296795
0.023816
0.155986
-0.825655
0.677332
-0.665413
-0.086053
-0.367670
-0.112309
-0.709128
-0.723981
0.180212
-0.268779
-0.094067
-0.528716
0.210358
0.043151
0.881730
-0.855105
0.813994
0.272091
-0.430681
-0.042511
-0.434960
-0.355916
-0.210486
-0.340217
-0.689753
-0.507659
-0.936337
-0.356524
1.941256
0.502956
0.680206
0.728751
-0.246495
1.221241
0.582262
0.747435
1.179439
0.028958
-0.108427
1.130248
-0.570409
-0.448453
-0.381036
0.543479
0.202376
0.933250
1.712630
1.903126
0.737893
0.559570
0.952341
0.181261
-0.036854
-0.311900
-0.308960
-0.405899
2.319425
0.251158
0.893718
0.053893
-0.542602
-0.632232
0.135119
0.192481
-0.716902
0.685672
-0.832293
-0.575080
0.136382
0.286518
-0.416201
-0.721558
-0.763198
-0.862084
-0.164280
0.606146
-0.636002
-0.115719
-0.611283
0.926419
0.047638
1.305632
-0.024410
-0.704346
-0.463201
1.684718
-0.002785
0.404221
-0.485298
0.007801
-0.656184
-0.859909
0.017533
-0.808496
-0.467410
0.260821
-0.490330
0.053893
-0.669630
0.241467
1.218284
0.856157
0.922725
-0.686019
2.237349
1.543358
2.227088
1.006365
-0.151029
-0.243058
-0.741834
0.210134
-0.963298
-0.767012
-0.015656
-0.233212
-0.124927
-0.544854
-0.356228
-0.432225
0.553177
-0.416370
-0.107006
-0.482620
-0.878767
-0.899487
-0.671627
-0.509132
-0.162966
-0.770369
-0.640586
-0.304314
-0.902002
-0.777416
-0.264599
-0.807664
-0.470521
0.297157
-0.096242
-0.032488
-0.758033
-0.016761
-0.670424
-0.767358
-0.864535
0.441986
-0.867844
-0.087428
-0.865259
-0.112546
0.133107
-0.742310
-0.602528
0.415250
-0.886802
0.374108
0.022345
-0.453380
0.117119
-0.119775
-0.408003
0.309573
-0.229319
0.332602
-0.696329
-0.174034
0.887209
0.297953
0.040782
-0.650275
-0.222504
-0.184402
-0.706585
-0.639632
-0.632341
-0.863761
0.129540
1.308405
-0.739823
0.303418
0.153127
-0.395445
-0.700409
1.259786
-0.775847
1.616594
0.541571
-0.541305
0.597586
-0.476193
-0.417797
-0.925345
0.789013
0.464984
-0.259121
-0.413511
1.614387
-0.188451
-0.720544
1.340237
0.067120
0.489554
2.364027
2.082834
1.612242
2.475049
2.500580
0.862173
2.140062
-0.507211
0.299506
-0.285612
-0.309964
-0.013219
-0.698096
1.016807
0.449350
0.747043
0.356447
0.166487
1.142278
-0.600477
0.214956
0.418579
-0.403931
-0.627881
-0.003435
-0.017126
-0.295307
-0.711134
-0.128976
-0.359580
-0.954544
0.035797
-0.559636
-0.224257
-0.662984
-0.671650
-0.101864
1.859520
-0.520175
-0.652604
-0.701044
0.479113
-0.305466
0.002192
1.079407
-0.504839
-0.586614
0.306004
-0.460039
-0.300497
0.496822
-0.854975
0.264077
-0.636295
0.885671
3.102165
3.274766
-0.143147
0.648219
-0.749943
-0.523286
-0.806128
-0.636831
0.381283
-0.868535
-0.402783
-0.816199
0.059045
-0.102073
0.382253
0.793538
0.908973
0.155212
0.287172
0.462414
0.814794
-0.557451
-0.460580
-0.847154
0.832496
-0.161327
0.233433
-0.722777
-0.261540
-0.833476
0.209699
-0.022433
-0.622767
-0.791710
-0.256451
-0.582092
-0.458687
-0.759907
-0.397913
-0.224600
-0.806578
-0.054310
-0.637326
-0.612588
-0.005203
-0.589046
-0.830989
-0.694945
-0.185874
-0.423309
1.050844
-0.144978
0.003215
2.099151
-0.068269
0.045764
0.470532
-0.521829
-0.909400
-0.465958
-0.190562
-0.195638
0.097206
-0.630131
0.291019
-0.592192
-0.620312
-0.825235
0.197564
-0.274643
0.010528
0.176993
0.165699
-0.788475
-0.019492
1.221620
0.792005
-0.743652
0.360520
0.612270
0.385568
-0.372796
0.618474
-0.098952
2.938800
0.212802
-0.637529
-0.549836
-0.065888
0.517328
0.120004
-0.129697
-0.646362
-0.326990
-0.303154
-0.251696
2.318262
1.370448
-0.178364
1.248622
1.263174
0.391763
-0.356258
0.347811
-0.662420
-0.172929
0.288415
0.099375
-0.147602
-0.435410
1.776633
-0.338623
0.580969
-0.716758
0.485575
0.427197
-0.772424
-0.718360
-0.693578
-0.450753
-0.248257
-0.152621
-0.287290
-0.370066
-0.711791
0.921129
-0.194461
-0.962121
0.568655
0.159189
0.606528
0.674600
-0.782684
0.006560
-0.732974
0.786225
-0.396222
-0.828475
0.862675
0.517971
-0.551135
0.664806
-0.216946
-0.518101
-0.726694
-0.579287
1.389136
-0.281869
-0.289035
0.065562
1.470775
-0.484552
-0.526359
0.145718
0.616092
2.398229
2.141087
2.222666
0.155400
0.126631
0.803430
-0.651815
-0.349612
-0.361943
-0.425473
-0.485386
-0.640888
-0.914897
-0.601461
1.140337
-0.663375
-0.349099
-0.402091
0.513449
-0.436814
-0.355788
-0.373808
-0.756729
-0.423109
-0.442206
-0.740802
-0.718201
-0.463107
0.041236
-0.250920
-0.024455
-0.655427
-0.646502
0.591126
-0.814436
0.686914
-0.950684
-0.635686
-0.239591
-0.636751
0.422043
-0.569127
-0.804068
-0.445431
-0.428546
-0.280496
-0.594148
0.453317
-0.029150
-0.202553
-0.829272
0.171716
1.259258
-0.537900
0.131311
1.025071
-0.103724
0.194382
0.841242
0.260850
0.040882
-0.893778
-0.170126
-0.294627
-0.928543
-0.307368
-0.063520
-0.641829
0.063080
-0.066608
0.089288
-0.794684
-0.842295
-0.774023
-0.887151
1.221661
-0.819047
-0.862436
-0.561284
-0.579728
0.988609
-0.737598
-0.147768
-0.001578
-0.462296
1.235432
0.530268
-0.487140
0.665563
0.134355
0.430086
0.627780
1.178342
0.706418
-0.208025
2.253489
1.081754
1.498520
0.451987
1.945925
-0.686451
1.513529
-0.698778
0.448637
-0.359627
-0.795292
-0.017163
1.633413
-0.025930
-0.653139
1.068346
0.253357
-0.792356
0.677447
0.310456
1.142550
-0.530346
-0.834102
0.414642
0.393150
-0.373259
-0.455709
-0.417429
0.839688
-0.823336
-0.620071
-0.072431
-0.788220
-0.114521
0.754317
0.205887
-0.137927
1.202714
-0.624910
0.230696
-0.631605
0.277259
-0.007784
0.602983
1.537065
-0.579870
0.060070
-0.512131
0.932388
0.043543
-0.205923
-0.293000
-0.532964
0.430154
-0.153734
0.922192
-0.683927
1.346491
-0.841206
1.111453
2.454073
1.861085
1.215488
0.380950
0.044564
0.117532
-0.509260
-0.526325
-0.122338
-0.947899
-0.364711
-0.525519
-0.080719
-0.922630
-0.718474
-0.568913
0.637004
-0.333400
-0.448342
0.942514
-0.949548
-0.374110
0.366099
-0.903992
-0.351445
-0.686616
0.213855
0.261714
-0.634153
-0.334004
-0.501788
-0.673054
-0.699920
-0.662766
-0.654111
-0.815009
-0.444350
-0.740532
0.191819
0.104764
-0.901327
0.040322
-0.358288
-0.125504
-0.454697
-0.411111
-0.668005
0.149749
-0.062432
-0.796793
-0.609242
0.583885
0.460569
-0.170759
-0.450201
-0.180463
0.547974
-0.388136
-0.762093
-0.695600
-0.278612
1.328416
-0.874589
-0.114545
0.924026
0.227784
0.248663
-0.101507
0.307767
-0.589052
0.529742
1.010156
0.153360
0.291488
-0.184619
-0.425303
-0.359550
-0.814488
-0.244131
0.621649
-0.562447
1.457747
0.267497
-0.193254
0.404090
-0.122950
-0.905314
-0.774700
-0.635415
-0.662985
-0.445511
0.233291
0.015401
-0.003523
0.334500
1.820468
1.021256
2.297169
2.120010
1.084772
1.435776
-0.307602
-0.800632
0.090393
-0.507793
1.329519
0.579279
0.939450
0.650833
-0.220130
0.551544
1.362522
-0.956928
1.281048
-0.199254
-0.789740
0.100218
1.871341
0.009719
-0.719047
-0.088665
-0.331629
-0.781398
-0.187721
-0.495843
0.428243
-0.054261
-0.698889
-0.944247
-0.593358
0.410670
-0.366228
1.098669
1.120197
-0.021984
-0.738323
0.027883
-0.814563
-0.426931
0.257389
-0.913186
0.265390
-0.831614
0.249700
-0.417471
-0.901256
-0.222195
0.302945
0.802471
0.147012
-0.006948
0.195215
-0.256305
-0.718561
1.071058
3.137850
1.366934
-0.067606
-0.548111
-0.006049
0.532466
-0.534481
-0.660141
-0.357849
0.205577
0.212913
-0.549575
-0.334559
-0.205071
1.352756
0.143361
-0.737767
-0.474046
0.657606
-0.665651
-0.912620
-0.388978
-0.133361
-0.901290
-0.807091
-0.748489
-0.548643
-0.204546
-0.135750
-0.273167
0.946333
-0.461135
0.251821
-0.161593
0.100689
-0.866898
-0.010970
-0.255406
-0.831667
-0.205099
0.280800
-0.663261
-0.645126
-0.409410
1.569184
-0.783919
-0.677489
-0.621184
-0.279465
0.576897
0.640025
-0.729369
1.366425
-0.754638
-0.068574
-0.615346
-0.837676
-0.895156
1.104293
0.400391
-0.816901
-0.756074
-0.627925
-0.384390
0.048357
-0.205914
1.783443
0.092729
0.519030
-0.342122
0.702441
-0.497917
0.017852
-0.121911
-0.024820
0.756159
0.505958
2.122327
-0.897543
-0.936614
0.508945
-0.465065
0.511357
-0.746899
-0.557743
0.152991
2.199178
-0.933959
-0.449157
-0.324527
-0.314175
1.850584
-0.214915
0.724518
3.125292
0.554786
1.070844
0.585526
0.446430
0.007036
-0.949327
0.521079
-0.419796
0.078392
1.020692
-0.773358
-0.419826
1.288394
-0.118961
-0.691349
0.468074
0.391380
-0.507910
-0.155763
0.181438
-0.705995
-0.234475
0.390565
-0.884837
-0.098287
0.555010
-0.635037
0.352436
-0.327827
-0.261627
0.750358
0.892965
-0.010611
0.959683
-0.095365
-0.189664
1.394902
0.539576
-0.330297
-0.548118
-0.417261
0.217010
0.282734
-0.283337
-0.320594
-0.401315
-0.231818
-0.478188
1.034146
-0.755267
0.101613
0.422288
0.137376
-0.872578
1.498045
0.425495
-0.195286
0.150781
0.159480
2.378391
2.703943
0.305033
-0.697595
-0.001819
-0.497252
-0.334251
-0.914889
-0.558061
-0.226586
0.319981
-0.670831
-0.724407
0.102720
-0.495697
-0.204634
0.560758
-0.804768
-0.073865
0.535029
0.269755
-0.916930
0.227484
-0.177533
0.016321
-0.441665
-0.644349
-0.784496
-0.048300
0.587704
0.894439
-0.917371
-0.922529
-0.687727
-0.148978
-0.191411
-0.829207
-0.011048
-0.796585
0.177371
-0.622675
0.228769
-0.125559
-0.562892
-0.379773
-0.527046
-0.079936
-0.659991
-0.261072
-0.877194
-0.816314
1.554305
-0.762547
-0.339919
0.369401
-0.710534
-0.348585
-0.875908
-0.561923
-0.260813
0.715519
-0.523170
0.391000
-0.250474
-0.785393
0.577300
-0.763362
-0.214787
0.027228
-0.470192
0.139603
-0.879133
0.225364
-0.071576
-0.294602
-0.335631
-0.201794
-0.840231
1.514006
0.118770
0.699330
-0.295562
1.762622
0.897123
-0.842915
-0.622152
0.685621
-0.252630
-0.843630
-0.290903
0.797282
0.250596
0.047761
1.008414
0.843696
2.837094
1.577351
0.622960
0.308329
0.869576
-0.736757
-0.671546
1.869074
-0.423172
0.473194
0.056270
1.649546
0.278201
-0.510694
0.970357
0.812265
-0.710862
0.519979
-0.589555
-0.774543
0.096036
0.152990
-0.762080
-0.408980
-0.561600
-0.458016
-0.420122
-0.685827
-0.336366
1.962211
-0.907476
-0.895592
-0.127911
-0.557331
0.942471
0.055798
1.109683
-0.733112
1.045662
1.330930
-0.135357
-0.356836
-0.820242
0.653777
-0.260123
0.608583
-0.795811
-0.745913
-0.727541
-0.591720
-0.260272
0.139228
-0.484684
-0.632601
0.165236
0.002829
0.032631
0.435045
-0.262153
-0.607200
2.204717
2.960750
1.984978
1.064408
0.450434
-0.677728
-0.462393
-0.516327
-0.438603
-0.752774
-0.399377
0.500863
-0.578536
-0.264138
-0.242967
-0.630236
-0.516377
-0.211049
-0.589484
-0.176513
-0.244659
0.806149
-0.494050
-0.405698
0.589405
-0.171139
-0.705052
0.060105
-0.481742
-0.172414
0.412950
-0.582119
-0.371625
-0.692609
-0.553459
0.151539
0.122987
-0.363527
-0.625109
0.011245
-0.648130
-0.632014
-0.522267
0.316742
0.135514
0.724939
-0.468569
0.746503
0.566392
0.170392
-0.232964
-0.177314
0.281728
0.431062
0.228990
-0.416993
-0.346553
-0.398012
-0.703596
-0.483150
-0.229888
1.157637
-0.100142
-0.484041
-0.477855
-0.784520
0.010561
-0.504982
0.640715
-0.842662
-0.408688
-0.516876
0.257778
-0.340221
-0.472916
-0.511733
-0.790268
-0.822150
-0.727760
0.547420
-0.699689
-0.722624
-0.096147
-0.177025
0.624377
-0.301684
-0.117762
1.041283
-0.938505
0.506465
0.467039
1.483628
1.493878
-0.408707
-0.320442
1.410435
3.268516
0.841436
1.685355
0.881723
-0.215327
0.587836
0.084369
0.789428
-0.524638
-0.444046
-0.178549
0.855961
1.699085
0.184663
-0.453312
0.882893
0.548825
2.118187
-0.182803
-0.011072
-0.818722
-0.841827
-0.196909
-0.283485
0.268886
0.791643
-0.798442
-0.690380
-0.637835
-0.666833
0.061406
-0.010030
0.336055
-0.698753
1.232427
0.669505
-0.289036
-0.322381
-0.309179
0.902678
-0.078802
1.193553
-0.163255
-0.705403
0.374668
-0.609112
-0.411583
-0.800148
-0.215998
-0.598279
-0.171955
1.287467
0.564287
-0.131420
-0.367777
0.065875
1.392708
-0.084239
-0.252029
0.853224
1.346882
2.910162
0.136725
-0.235372
-0.187257
0.366333
-0.243501
-0.418729
-0.276186
-0.630369
-0.358181
1.117147
0.956072
-0.697956
-0.060607
-0.068574
-0.841793
0.787010
-0.465132
-0.545692
-0.867964
-0.633149
-0.857922
-0.548858
-0.827345
0.172323
0.157343
0.180119
-0.343026
-0.940596
-0.901781
-0.006567
0.238019
-0.909043
-0.817693
0.089470
-0.020194
-0.257350
-0.831773
-0.604545
-0.844079
-0.414390
-0.068375
-0.474793
-0.308775
-0.759071
-0.447161
0.548790
-0.538776
-0.098001
0.037795
-0.235004
-0.660252
0.108155
-0.557741
0.022682
-0.500189
0.609649
0.094382
0.140370
0.484861
-0.066164
0.443902
-0.137104
0.061261
-0.953819
-0.410150
-0.014126
-0.695256
1.037458
0.417257
-0.769147
0.202950
-0.474858
-0.417219
-0.415247
0.089099
-0.337521
-0.368987
0.547394
0.785259
-0.365655
0.417410
0.485663
0.241264
-0.254429
1.728751
-0.861559
-0.264484
-0.478315
0.014947
0.603495
0.265808
-0.321924
1.394904
0.162885
1.029591
1.355556
1.179669
2.021591
2.609767
4.701737
0.450939
0.367261
-0.402212
-0.685827
-0.070245
-0.146950
-0.127163
-0.477277
-0.363236
0.463996
-0.949857
-0.625589
0.723508
-0.670514
0.411016
-0.535615
-0.711833
-0.136590
0.723237
-0.323045
-0.324302
-0.059122
0.193045
0.450105
-0.288862
-0.236302
-0.408171
-0.741552
-0.270126
0.830999
-0.440395
-0.749057
-0.185187
-0.161847
0.051507
0.497043
-0.745157
-0.624247
0.620858
-0.239874
-0.406327
0.276012
0.017725
0.078478
-0.731826
-0.800990
-0.436757
-0.446532
1.854550
4.616847
13.212081
5.420618
0.727062
-0.884258
-0.180298
-0.236037
-0.046639
0.193560
-0.221440
-0.057754
-0.851503
-0.613465
-0.891779
-0.547150
-0.506831
0.019267
-0.029967
0.056646
-0.877234
-0.423436
-0.441741
-0.577939
-0.892914
-0.232357
-0.494209
-0.947994
0.289288
-0.517224
-0.275486
-0.302310
-0.893122
-0.414428
-0.649988
-0.568302
-0.016220
0.295092
0.043690
-0.571118
-0.412256
-0.926628
-0.407889
-0.471628
-0.454173
-0.629945
-0.700378
-0.792185
-0.685935
0.067241
-0.455868
-0.165306
0.950786
0.166155
-0.762746
-0.871387
-0.664721
-0.028149
-0.445387
-0.798638
-0.384843
-0.907935
-0.436955
0.197274
-0.331434
-0.541970
-0.012117
0.426164
-0.133545
-0.924694
-0.456613
-0.056054
0.354063
-0.444873
0.220731
-0.664960
-0.673057
-0.141250
-0.137417
-0.651829
-0.642043
-0.580789
-0.587367
1.106685
-0.704466
0.639349
0.136170
-0.261852
-0.176706
1.025920
-0.730428
0.615961
0.524025
-0.222672
0.814771
1.696672
0.144225
0.959512
0.197894
1.538520
3.505463
0.749512
1.008981
-0.235155
0.336585
-0.377868
-0.531407
-0.874263
-0.001177
-0.337870
0.942517
0.339421
-0.336795
0.285795
0.065560
0.799134
-0.639847
-0.720618
-0.213147
-0.344364
-0.540734
-0.983044
0.228770
-0.059682
-0.103323
-0.582992
-0.573526
-0.342955
-0.293392
0.629423
-0.884905
-0.424064
-0.222608
0.248871
0.130595
1.232560
-0.795095
-0.321534
-0.769822
-0.854926
0.362918
-0.419832
1.454978
-0.857209
0.068854
-0.454600
-0.140395
-0.380423
-0.420317
-0.128127
1.643141
1.834817
0.846781
-0.193628
-0.382712
0.131636
2.472176
2.957111
1.453310
0.564661
-0.429717
-0.139857
-0.351200
-0.489845
0.088423
-0.255653
-0.496239
0.340395
-0.051409
-0.052820
0.141004
-0.731025
-0.599785
-0.651476
-0.525953
-0.391655
-0.721110
0.098029
-0.655530
-0.320027
0.026257
-0.532005
-0.823527
-0.764606
0.870251
-0.270729
1.181317
-0.547645
-0.637001
0.030368
0.091800
-0.857194
-0.579725
-0.559884
-0.148184
-0.273501
-0.126797
-0.319446
-0.453898
-0.133250
-0.519250
0.115726
0.391297
-0.414883
-0.455472
-0.531461
-0.927903
-0.417272
0.533573
0.416846
-0.470180
-0.708335
-0.589922
-0.081608
-0.415008
-0.665422
0.417064
-0.488217
-0.865031
-0.131853
0.041483
-0.656967
-0.405038
-0.731989
-0.234382
-0.509861
0.200411
-0.472827
-0.164101
-0.489403
-0.366367
0.392236
-0.749108
0.145672
-0.206033
1.118986
-0.667179
-0.050486
-0.036573
-0.659111
-0.637054
1.260217
-0.160682
0.738379
0.700214
-0.374149
-0.009809
1.551665
-0.054849
0.934167
0.397497
0.711988
-0.275963
1.307750
0.208483
1.870084
1.670066
-0.096529
-0.107793
-0.069058
-0.326666
0.597146
-0.368068
-0.161146
0.945848
-0.557337
1.208329
0.118136
-0.070530
-0.170190
-0.764437
0.140812
1.312825
0.072530
0.754660
-0.525743
-0.414190
-0.419714
-0.761149
-0.866374
-0.576961
1.550922
-0.110054
1.368547
-0.727834
1.734749
0.925585
-0.060407
-0.516030
-0.545751
1.107768
-0.781566
0.167543
0.492437
-0.748149
-0.408313
-0.651773
-0.727709
0.330128
-0.658392
-0.798585
-0.194235
-0.472558
0.417804
-0.171336
0.522527
-0.392293
0.789440
0.523244
-0.512018
-0.446449
2.918818
2.638973
1.900795
-0.722684
0.053937
1.198959
-0.183175
0.383065
-0.319221
-0.656495
-0.778400
0.224735
-0.351739
-0.927905
1.455054
-0.128832
-0.497085
0.070403
0.376602
-0.719967
-0.670801
-0.947342
-0.505721
-0.303292
-0.465724
-0.263846
-0.276876
-0.652856
0.212724
0.417145
0.078740
-0.174181
-0.512755
-0.625634
-0.111105
-0.725801
-0.068637
-0.038238
-0.825450
-0.514200
-0.442099
-0.244344
-0.039152
-0.689881
-0.405700
-0.562687
1.095275
0.348006
-0.639834
-0.934069
1.233811
-0.820953
-0.823937
0.474997
-0.658590
-0.833993
-0.888928
-0.071138
-0.451366
-0.616666
-0.552515
0.788257
-0.484298
-0.278897
-0.703299
-0.518921
0.176094
0.096157
-0.613143
-0.335142
-0.830163
0.547754
-0.096791
-0.951913
0.115316
-0.375673
-0.638857
1.012712
0.617255
2.523585
-0.284918
0.593326
0.254987
-0.316127
1.023871
-0.554340
2.931689
-0.703062
-0.147682
-0.061580
1.649748
-0.150782
0.382774
-0.523100
1.346341
0.161765
1.156733
-0.411606
3.325316
3.783690
1.600395
0.176304
-0.684509
0.262810
1.344041
0.255691
0.311787
-0.729625
1.094132
0.814671
0.842254
-0.513188
-0.242585
0.158410
-0.692698
0.034604
0.114621
-0.472537
0.098026
-0.327122
-0.633086
-0.772530
-0.581819
-0.609955
-0.356222
0.325185
-0.033447
0.222936
-0.702741
-0.484255
-0.463035
0.819552
-0.029259
0.701202
-0.949854
-0.129179
0.024186
-0.269081
0.181437
-0.883606
0.314834
-0.317937
-0.456635
0.202903
-0.374649
-0.296877
-0.658598
0.249114
0.220118
2.246446
-0.519046
0.480541
-0.678060
-0.858980
2.201432
2.704786
2.693054
-0.084981
-0.011667
0.171974
0.330614
0.179661
-0.726805
-0.285659
-0.339998
-0.127793
0.107286
-0.880778
-0.354912
-0.420891
0.520433
0.349108
0.598930
-0.173771
-0.094465
-0.671266
-0.592404
-0.589351
0.086441
-0.795339
-0.542168
-0.864295
-0.943396
-0.770418
-0.532336
-0.771380
-0.343676
0.250549
-0.408058
-0.598865
-0.744105
-0.727874
-0.622211
-0.509684
-0.322286
-0.246462
-0.148156
0.084754
-0.066954
-0.364710
-0.155694
-0.150024
-0.796552
-0.647250
0.286681
-0.263277
-0.133752
-0.260549
-0.905219
-0.321356
0.214167
-0.386157
-0.299071
0.520301
-0.266688
-0.934796
1.681129
-0.839700
-0.432298
0.359249
0.861521
0.280643
0.282457
0.616715
-0.544629
0.622708
1.283021
0.221408
0.612878
0.144362
-0.752039
-0.834258
-0.015442
-0.595983
1.475064
0.086080
-0.645962
-0.734528
-0.142526
0.856473
-0.876084
-0.717228
-0.795194
-0.849318
-0.736831
-0.584096
0.215788
1.351133
1.107826
-0.111505
1.958338
2.748174
2.350978
0.124131
-0.163404
-0.377534
0.922709
0.091634
-0.515544
-0.205336
-0.206568
2.079126
0.303882
0.906238
-0.751693
1.875350
1.265527
-0.273880
-0.148145
-0.669982
-0.258159
0.093604
-0.618748
-0.578297
-0.867440
0.482023
-0.720771
-0.531471
-0.596142
-0.765249
0.807653
1.355779
0.594208
1.051247
-0.908251
-0.202256
-0.181482
0.544549
-0.390835
0.125794
-0.122674
0.687181
-0.864753
1.112520
0.135749
-0.919926
-0.553609
-0.291883
-0.698392
0.297450
-0.698638
-0.800640
0.342353
0.373939
0.417321
0.009026
0.416138
-0.764925
0.559073
2.357094
2.465335
1.852419
-0.657459
-0.985135
-0.614821
-0.360737
-0.784692
-0.687699
-0.415029
-0.551940
-0.499067
0.549012
-0.125968
0.007732
1.723120
-0.477550
-0.444156
-0.360647
-0.724311
-0.810655
0.183570
-0.316395
-0.473463
-0.497269
-0.273917
-0.089796
-0.725633
-0.603007
-0.835664
-0.606723
-0.733032
0.105802
0.497464
-0.606856
-0.892939
-0.701163
-0.804285
-0.389926
-0.420489
-0.324833
-0.262686
-0.746882
0.011352
-0.808810
-0.916436
0.383003
-0.593133
0.353885
1.297915
0.112241
0.336205
1.124047
-0.327053
-0.368067
-0.233917
-0.378820
-0.329597
-0.413025
-0.076896
0.150701
-0.582435
-0.689034
0.225920
-0.196262
0.274352
-0.459318
-0.723799
-0.930189
-0.561269
-0.540710
-0.548469
-0.452181
0.965760
1.051542
-0.207966
3.577748
-0.232655
0.129435
-0.428188
1.096281
-0.098296
0.389421
-0.407247
-0.405314
-0.518009
0.680880
0.417612
-0.455662
-0.158370
0.966299
-0.122318
1.800794
0.629046
2.122529
3.178208
3.107815
0.106246
-0.808086
0.749923
-0.678835
1.083891
-0.089952
-0.214740
-0.462676
0.794262
1.338408
0.642948
0.659510
0.721068
-0.314958
-0.348449
-0.950843
-0.063353
-0.293626
-0.500323
-0.575844
0.766580
-0.308997
0.208217
1.073970
-0.711039
-0.457118
-0.716809
0.814619
-0.918101
1.264089
0.461009
0.038384
-0.494049
0.730596
-0.002087
-0.760785
-0.034522
0.532093
0.154248
-0.894772
0.195996
0.185192
0.457468
0.080473
1.288876
-0.468583
-0.488198
0.064199
-0.764088
-0.616473
1.091197
-0.540256
-0.033115
1.617747
0.560447
-0.799377
0.264095
-0.117128
0.465005
4.024046
1.093361
-0.675737
0.160498
-0.508054
-0.584488
0.389364
-0.292466
-0.467062
-0.151038
-0.113758
0.337277
-0.629941
0.061619
1.210765
-0.130662
0.409043
0.151480
-0.569664
-0.279835
-0.748183
-0.520890
-0.613439
0.443090
-0.597723
-0.417744
0.316450
-0.153353
-0.259391
-0.545974
0.091008
-0.674253
-0.131689
-0.795639
-0.504203
-0.695242
0.032712
-0.783190
0.031281
-0.376900
-0.674425
0.093713
-0.794779
0.850787
-0.635888
-0.097642
-0.524949
-0.867220
-0.172941
1.676670
0.549230
-0.477481
-0.658925
0.477193
-0.582637
1.152262
-0.174508
-0.807347
0.192640
-0.921552
-0.833582
-0.115403
-0.446727
-0.833907
-0.833598
0.065891
-0.563867
-0.624265
-0.348597
-0.673079
-0.673838
-0.570578
-0.167021
-0.752487
-0.510978
-0.184887
-0.223774
1.082133
-0.730323
-0.772339
1.056358
1.304821
-0.038615
0.048468
-0.892011
-0.190904
-0.162309
1.160839
0.579460
1.073112
0.687352
-0.144636
0.866865
0.180015
-0.264925
2.055204
1.082006
1.856693
3.351140
-0.299320
-0.089719
-0.216081
0.999845
-0.225918
0.075832
-0.520113
2.158207
-0.134147
1.595207
-0.096665
1.022643
0.710601
-0.197198
0.619649
0.414638
-0.302853
-0.028222
0.955292
0.317810
-0.226358
-0.255824
-0.607408
0.029826
-0.913220
-0.159654
-0.258254
0.737475
0.442511
-0.458096
0.648186
-0.236881
-0.166085
-0.753150
0.079493
-0.126213
-0.135267
0.413596
-0.499594
-0.866715
-0.666873
0.392080
-0.126333
-0.736802
0.048123
0.466299
-0.538104
-0.289989
-0.748997
0.058193
1.998488
0.352701
-0.402081
-0.371169
1.416186
1.759213
2.026690
-0.022877
0.500680
-0.831004
-0.416406
-0.509354
-0.501624
-0.193218
0.110008
-0.546878
-0.358082
0.105865
-0.678341
0.009003
0.110863
-0.785554
-0.861019
-0.232217
0.752245
-0.748344
0.054995
0.328650
-0.643027
-0.475576
-0.582957
0.010590
-0.089560
-0.057208
-0.334137
0.098692
-0.687330
-0.168562
-0.803469
-0.778244
-0.667172
0.189617
-0.575120
-0.831496
-0.044746
0.531566
1.824916
-0.680733
-0.659542
-0.743018
-0.291040
-0.349832
-0.723220
-0.152540
0.591730
0.153827
-0.274585
-0.593858
-0.803714
-0.694729
-0.915058
-0.911689
-0.708584
-0.871058
-0.575303
-0.283154
1.117486
-0.641945
0.332764
-0.380982
-0.636263
-0.336636
1.652878
-0.773251
-0.593630
-0.858535
0.505865
-0.640232
0.580404
-0.136828
-0.730029
0.642645
-0.457306
1.017180
-0.583015
0.805809
1.739679
-0.121124
-0.421428
0.056389
0.865626
0.075259
-0.077791
0.360791
0.672699
1.607569
-0.597685
-0.619937
-0.501267
-0.298518
1.807275
-0.699965
0.964655
1.263192
0.645516
0.935213
2.415767
2.919426
1.433982
-0.850177
-0.293645
0.734894
0.256572
-0.452746
0.129927
0.284315
-0.853815
-0.741486
-0.052120
0.114334
0.683344
-0.429452
0.945074
0.237393
-0.778457
-0.127863
0.283353
-0.791743
1.436186
-0.040234
0.010467
0.312338
0.409009
-0.607980
1.109945
-0.521306
-0.790463
0.311365
-0.314805
-0.917254
0.746149
-0.137410
0.955212
-0.764034
0.310375
-0.489251
0.040482
-0.608195
0.353774
-0.765747
1.155153
-0.282314
0.849905
0.425886
0.027906
1.237382
1.269859
2.534721
2.234552
1.326507
0.642751
-0.560328
-0.684456
-0.780348
-0.900786
-0.880418
-0.306893
-0.054666
0.598169
-0.184755
-0.896064
-0.639366
0.313498
-0.184440
-0.875833
-0.244609
0.495779
-0.298088
0.545328
-0.426807
-0.207220
0.039042
0.527709
-0.727147
-0.612150
-0.921146
-0.362765
-0.605443
-0.534682
-0.602912
-0.531169
0.153185
-0.099718
-0.775183
-0.327510
-0.415095
-0.307007
-0.786937
-0.376775
0.034848
-0.600935
-0.307092
-0.436189
-0.816023
-0.702313
0.535938
-0.254110
-0.015032
0.351351
1.301404
0.175250
-0.734367
0.668674
0.025612
-0.615955
-0.276532
0.381312
-0.626048
-0.075326
-0.259161
-0.639221
-0.245061
-0.323786
-0.408151
-0.957899
-0.362539
-0.204479
-0.548393
-0.333014
-0.819354
-0.782094
-0.791270
-0.654227
-0.779520
0.598908
-0.131202
1.739304
-0.597044
0.013871
0.684072
-0.378177
-0.698328
1.212165
-0.828088
-0.454019
-0.304758
0.740348
0.549086
-0.669914
0.162553
0.874278
1.250340
2.159648
0.204991
1.366839
-0.367163
2.765337
1.711736
0.408305
-0.444925
0.240672
0.338990
0.213089
0.165910
0.642101
-0.343476
-0.410231
-0.027099
2.018279
1.761084
0.176474
0.775921
0.156635
0.351307
-0.237833
0.303787
-0.676534
-0.280020
-0.854471
-0.259567
-0.339388
0.396972
-0.782141
-0.571154
-0.379704
-0.372300
-0.790089
-0.457071
-0.676960
-0.847369
-0.187745
0.257036
0.073079
-0.086143
0.215212
-0.237790
0.455495
-0.553892
-0.301162
-0.296216
-0.359335
0.237469
-0.834069
1.107776
-0.767213
-0.684453
0.002295
1.324958
-0.144574
-0.388266
-0.803916
0.294700
3.132390
3.401458
2.179071
0.537235
-0.142692
0.401525
1.190983
-0.325081
0.816535
0.039880
0.196523
-0.794691
-0.807901
-0.653277
0.169283
-0.307645
0.259765
0.116986
-0.736400
0.704948
-0.177824
-0.164942
-0.899255
-0.301299
-0.270980
-0.685044
-0.469070
-0.606964
0.040230
-0.937984
-0.002538
-0.910243
0.235650
-0.220484
-0.678405
-0.031499
-0.726708
-0.645032
-0.789211
-0.497793
-0.680273
0.212127
-0.659331
-0.330389
-0.483606
-0.781911
0.948923
0.068349
0.832522
0.189671
-0.836504
-0.497061
0.348607
-0.263927
-0.463410
0.476058
0.385295
-0.332036
0.001726
-0.693846
-0.778617
0.569339
-0.363139
-0.596152
0.131057
-0.638291
0.908030
-0.573574
0.344838
-0.785507
0.549089
-0.080687
0.125994
-0.264963
-0.553990
1.322506
-0.397449
-0.542910
0.980027
-0.734876
1.367711
0.372360
-0.003672
-0.440401
-0.277449
0.179772
-0.573061
-0.573189
-0.509190
-0.379936
2.477911
-0.294754
-0.782837
0.072645
-0.893373
2.104514
3.367651
0.670931
0.325111
-0.392698
-0.126747
0.576043
-0.438500
0.781792
-0.200768
0.302835
-0.712578
-0.016924
0.389290
-0.493205
0.887911
-0.128788
-0.431020
1.759282
0.183195
0.873219
-0.642103
-0.856802
-0.906794
-0.788886
-0.227123
0.202960
-0.714922
0.532636
-0.269695
0.480993
-0.421320
-0.123702
0.219999
0.223096
1.097305
-0.183529
-0.131841
-0.830789
1.138595
-0.792872
-0.689590
0.172268
0.039616
-0.347974
0.179076
0.311652
-0.208893
1.510450
-0.432800
-0.164694
0.120889
1.165089
-0.405567
-0.767770
1.140889
-0.102680
0.721831
-0.077722
1.094460
0.395265
2.567286
1.038700
0.864749
0.862955
-0.032651
-0.607574
-0.084262
-0.631125
-0.711543
-0.131576
-0.853264
-0.327082
0.706922
0.030353
0.353774
0.612145
-0.808196
-0.003992
0.631081
0.446305
-0.343254
-0.560804
-0.323126
-0.662273
-0.826179
0.392793
-0.020332
-0.709223
-0.609307
-0.766081
-0.609480
-0.629044
-0.110919
-0.269574
0.004848
0.229994
-0.642809
-0.700484
0.221157
-0.534198
-0.571142
-0.109161
-0.905884
-0.065868
0.415937
0.079989
-0.288654
-0.330884
-0.091784
0.737630
0.252463
0.016454
-0.850310
-0.854768
-0.749072
-0.287627
-0.781154
0.330137
-0.942289
-0.246396
1.547252
-0.917162
-0.149678
-0.071351
0.205131
-0.654186
1.444849
0.206450
-0.091165
0.095581
-0.313242
0.795794
0.051384
0.982303
-0.049497
-0.670494
-0.707166
1.449422
-0.045699
-0.755934
-0.814066
-0.380484
0.540652
-0.224341
0.988868
-0.417569
0.521887
0.617982
-0.354350
-0.654795
-0.222590
0.951177
1.635901
1.019729
0.092859
0.868332
1.341272
2.194228
-0.316202
-0.343748
-0.307999
-0.279004
-0.009379
-0.304504
-0.335559
-0.750293
1.434636
-0.641178
1.167306
1.234097
0.315840
0.624039
-0.843711
0.218504
-0.543364
-0.020967
-0.033825
-0.568257
-0.232462
-0.535537
-0.574343
-0.212179
-0.513670
0.501680
0.142791
-0.691263
0.639629
0.732036
-0.775414
-0.048157
-0.947114
0.069754
0.107534
0.133214
0.446062
-0.813851
0.359693
0.080755
-0.338146
0.722914
-0.177785
0.185307
0.688938
-0.159573
-0.867733
-0.664372
-0.394028
0.388854
1.022282
0.191388
1.115657
-0.427262
2.138529
2.547960
1.841949
1.149372
-0.479546
-0.809232
-0.160092
0.067532
-0.746377
-0.388014
0.977615
-0.376799
-0.677211
-0.277019
-0.425290
-0.123248
-0.684739
0.573153
-0.517231
-0.820648
0.692094
0.716956
0.179453
-0.629685
-0.194728
-0.921889
-0.662211
0.350357
0.383193
-0.832619
-0.750030
0.438382
-0.412354
-0.558575
-0.549595
-0.373728
-0.506406
-0.471125
-0.588030
-0.908800
-0.775466
-0.658318
-0.686985
-0.687553
-0.291009
-0.373365
-0.727368
-0.087037
0.718598
-0.673226
0.388681
0.313630
0.444865
-0.668490
-0.409404
-0.034516
0.024562
-0.828956
0.762411
0.300078
-0.013538
-0.953449
-0.673442
0.319430
-0.074867
-0.445952
-0.283755
0.202522
-0.120903
-0.894582
0.411649
0.455194
1.451437
0.136594
0.156379
-0.797197
-0.411023
1.163236
-0.691423
1.620754
-0.288559
-0.951883
-0.409397
-0.575988
0.606336
0.282689
2.441876
-0.081442
0.238287
-0.027777
0.496273
-0.812078
1.435484
-0.018644
2.552510
0.252365
1.329847
2.709667
0.062199
-0.081537
0.650598
-0.572126
0.044246
0.052928
0.022371
-0.097054
0.175257
-0.041002
0.346884
0.568311
-0.507043
-0.040075
0.736853
-0.475028
-0.435516
0.467247
0.489081
-0.589116
-0.343419
-0.066221
-0.336629
-0.832487
-0.863170
-0.222723
-0.187186
-0.631760
-0.735622
0.845183
-0.964875
-0.071784
1.204701
0.973917
-0.474106
-0.577559
0.883247
-0.781398
1.407586
-0.566040
-0.301143
-0.112235
-0.574441
-0.514046
-0.851073
-0.385382
-0.493292
-0.206240
-0.562947
0.136456
0.065233
0.729560
0.361900
0.433276
0.197084
1.495662
1.481943
2.930863
1.181818
0.785362
-0.513460
-0.719942
-0.760483
0.158777
-0.155709
-0.695210
-0.267922
-0.772091
-0.318166
0.419545
-0.161226
1.174828
0.540091
-0.873708
0.604284
-0.274060
-0.189772
0.397757
-0.025021
-0.075842
-0.243682
-0.686110
-0.379408
-0.857048
-0.489727
-0.884120
0.090065
-0.125569
-0.296742
-0.044823
-0.378297
-0.508070
0.072572
-0.213006
-0.806016
-0.105983
0.143502
-0.826800
-0.662244
-0.927383
0.017689
-0.567507
-0.369984
0.651917
0.934745
-0.806686
-0.903883
0.698893
0.290780
-0.218210
-0.653285
-0.642037
-0.645174
-0.801568
-0.662574
-0.511523
-0.336037
0.509751
0.234789
1.261461
0.493544
0.291651
-0.653891
-0.039422
-0.918885
0.002850
-0.441549
0.468829
-0.712661
1.162278
-0.355216
-0.423505
0.074393
0.560250
0.762421
0.224533
0.282606
0.161074
-0.941927
-0.685960
-0.964230
-0.633823
0.643494
-0.877927
1.678251
0.194873
-0.516483
1.722968
0.270258
-0.089338
1.728544
3.018206
1.267260
-0.323781
-0.491415
-0.654810
0.235990
-0.526285
1.923267
0.000702
-0.376694
0.422861
0.240754
1.316339
0.174993
-0.042396
0.133033
-0.474180
-0.675190
0.266644
-0.849212
0.776912
1.047673
-0.615627
-0.188975
-0.087483
-0.811314
0.009885
-0.485858
-0.544630
0.041646
-0.139849
0.476465
-0.455746
-0.393262
-0.509896
-0.689536
-0.403257
1.241842
0.507289
0.806217
0.454998
0.587192
-0.197453
-0.428986
0.135128
-0.455981
-0.007829
-0.527545
0.917193
0.008381
0.483091
-0.314367
0.117029
-0.852171
-0.793541
0.371650
0.877600
0.848041
-0.561977
0.934058
1.794107
2.436638
1.189821
-0.026164
0.083681
-0.794444
-0.794949
-0.667526
0.645184
-0.712317
-0.195405
-0.475501
1.093986
0.260916
-0.200605
0.700590
-0.303342
-0.385297
-0.634867
-0.808849
-0.286885
-0.550534
-0.778057
-0.314310
0.114633
-0.422717
-0.058077
0.248639
-0.534643
0.362925
-0.386904
-0.380260
0.106336
-0.687546
-0.594920
-0.721576
-0.511729
-0.129643
-0.765845
-0.394477
-0.641785
0.805412
-0.792022
-0.659466
-0.794638
-0.790339
0.252897
-0.842840
-0.136855
-0.486274
0.729069
-0.354259
0.344729
-0.807955
0.236033
-0.775578
0.134049
-0.274305
-0.712974
-0.090149
0.652769
-0.280111
0.263632
-0.560907
-0.204836
-0.535053
0.052919
-0.863149
-0.184468
-0.826838
-0.772376
-0.493934
-0.794141
0.230289
0.856050
0.454959
-0.003275
0.593928
0.433554
-0.359449
1.087691
-0.749964
-0.151818
0.066987
0.797621
-0.284366
0.628285
2.118124
-0.189906
1.540238
0.138416
0.208004
-0.438077
0.939027
0.684925
2.455852
0.681098
2.455827
0.777621
0.393526
1.348263
1.434257
0.684074
0.304326
0.346338
0.766165
0.288411
0.049768
0.532126
0.219600
-0.225388
0.178189
0.728182
-0.623059
-0.659804
-0.677595
0.294248
-0.735115
-0.559407
-0.606479
0.052728
-0.623059
-0.249240
-0.573840
-0.782366
0.902851
-0.394622
-0.492421
0.574361
-0.726983
0.062504
0.782569
0.469626
0.882785
-0.164051
1.086095
-0.159792
0.865456
-0.179198
0.102021
0.232216
-0.103226
-0.380713
-0.708950
0.185967
-0.720326
0.244124
1.321105
0.190756
-0.234512
0.562570
0.731131
-0.037064
1.881763
2.162303
2.109577
0.845266
-0.474974
-0.737170
-0.698280
0.446042
-0.700490
-0.526318
-0.634675
0.318176
-0.944287
-0.032765
-0.076149
1.234173
-0.750785
-0.072765
-0.825193
-0.802474
0.601440
-0.921085
-0.662794
-0.665975
-0.665796
-0.072598
-0.723847
-0.646227
-0.625727
-0.076757
-0.400955
0.100557
-0.983300
0.329790
-0.711133
-0.600895
-0.647693
-0.816029
-0.794817
-0.297477
-0.897844
-0.138637
0.143114
-0.715115
-0.198847
0.228518
-0.283540
-0.275387
-0.888521
-0.742968
0.396069
-0.726272
-0.056233
-0.240546
0.698272
0.384766
0.265908
0.262042
0.586955
0.143110
-0.907704
-0.456711
0.062139
-0.071583
-0.896314
-0.203755
1.222688
-0.592461
0.899315
-0.752740
-0.330129
-0.385633
-0.571338
-0.341138
0.118375
1.139109
-0.828359
-0.627069
0.107856
0.640284
-0.452810
0.240732
1.400409
-0.500840
1.722308
0.940151
-0.953837
0.696153
-0.397434
-0.130521
-0.292582
0.128090
-0.850645
-0.153954
0.746196
0.257230
0.927348
0.954536
0.428079
1.941431
1.312050
0.964627
1.475553
0.204351
1.604226
-0.946686
0.125391
-0.832901
-0.173259
0.061283
-0.911760
0.291473
-0.820172
-0.490384
-0.365806
0.124600
0.228185
0.846034
-0.260667
0.837753
0.181127
0.966411
-0.073847
-0.475654
-0.536127
-0.411459
-0.774642
0.946753
-0.686414
0.497905
-0.765345
0.275090
-0.813837
-0.948947
-0.697792
-0.467854
0.587368
-0.131725
-0.463030
-0.258884
-0.203783
-0.326894
-0.319319
0.426491
0.024040
1.712892
-0.174918
1.259689
-0.052888
0.891185
-0.005620
1.202280
2.479410
2.800656
1.669983
1.585160
-0.550393
-0.365589
-0.414639
-0.631258
0.610524
-0.230626
-0.099124
-0.862766
0.698582
-0.380933
0.351020
-0.329878
-0.033207
-0.683745
-0.137851
-0.951407
-0.648978
-0.375960
-0.745860
-0.672737
-0.793700
0.205491
0.773793
-0.177128
-0.792788
-0.804941
-0.354898
-0.484189
-0.876393
-0.084768
0.036929
-0.483315
-0.013869
0.290040
-0.784578
-0.374972
-0.872995
-0.748546
-0.499319
-0.209672
-0.252397
-0.020822
-0.372898
-0.046962
-0.759928
-0.532170
-0.132536
-0.480099
0.326491
0.610400
-0.631497
-0.253463
0.319831
0.101980
-0.923351
0.524317
-0.652225
-0.575669
-0.847887
-0.055168
0.639901
0.520274
-0.646330
-0.870873
-0.839944
-0.786925
-0.484334
0.391759
-0.577831
-0.333525
-0.652359
-0.323249
-0.339717
1.388724
-0.623782
1.832291
1.100207
0.490174
-0.242765
0.610945
-0.449316
0.628969
0.012101
0.924478
-0.637878
0.023706
-0.760873
1.471031
-0.093175
0.592746
0.463303
2.943200
1.226536
0.852025
2.487180
-0.104405
1.203430
0.461410
0.304127
0.764725
-0.084873
0.064593
-0.222557
-0.371034
2.426888
-0.292454
0.354649
1.205954
-0.635127
0.004948
-0.143901
0.829558
0.432721
-0.080526
-0.424985
-0.494926
-0.543392
-0.429052
-0.268816
0.251685
-0.639886
-0.979490
-0.470146
-0.489515
-0.188051
0.449108
-0.657631
0.108171
0.317593
-0.495655
-0.555244
0.217269
1.203696
-0.317167
-0.337390
-0.912132
0.194200
0.666475
-0.029175
0.101256
-0.684561
0.046163
-0.537372
0.629848
-0.859644
0.750014
-0.922831
0.519984
0.144464
-0.426236
1.380138
2.242030
2.151190
1.045826
-0.835734
0.260965
-0.351537
0.323353
-0.576910
-0.419073
0.165646
-0.248752
-0.520642
0.238564
-0.309366
-0.497257
0.348029
-0.285841
-0.583166
-0.505674
0.000721
-0.432530
0.280955
-0.734718
-0.788116
-0.099246
-0.204895
-0.749620
0.188816
-0.692846
0.170686
-0.677137
-0.888965
0.008822
-0.887151
-0.485306
-0.520652
-0.958972
0.789018
-0.778108
-0.013082
0.114160
0.216445
-0.458426
0.000678
-0.522744
0.629019
-0.620578
0.709585
-0.489318
-0.082109
-0.733407
-0.087024
0.212677
0.726968
-0.576826
0.055455
0.289290
0.123462
0.896987
0.539360
0.041145
-0.062621
-0.615845
-0.518385
-0.739327
-0.524698
0.074768
-0.525871
-0.861599
-0.395879
0.357064
0.490719
-0.623716
-0.306711
-0.294870
0.096089
-0.784827
0.925485
-0.324755
-0.521169
-0.153060
-0.531448
0.151321
-0.583322
0.070490
-0.505740
-0.638485
-0.745433
0.475810
-0.919518
-0.937897
1.769354
0.631553
1.080263
1.069073
0.291203
1.824687
1.905439
0.633088
0.789338
-0.134714
0.837822
-0.452976
0.872385
-0.525831
-0.349813
-0.400182
1.431115
2.283790
-0.765521
1.061349
0.894040
-0.314396
-0.782664
-0.509779
0.364247
-0.796237
0.375741
0.213716
0.705439
-0.824263
-0.395207
-0.732647
-0.274798
0.379856
-0.006894
0.762263
0.486706
0.340355
-0.758434
-0.200059
0.325893
0.729288
0.295494
0.912504
-0.644647
0.079696
1.175450
-0.480952
0.787324
-0.699052
-0.485151
0.284712
-0.502326
-0.777463
-0.432531
-0.074212
0.715255
-0.866808
-0.155054
0.940822
0.360026
-0.651874
0.761743
1.601718
1.882592
0.766491
0.652598
-0.776626
0.021539
0.942560
-0.376318
-0.768514
0.331705
-0.847813
-0.712430
-0.594652
-0.590752
-0.729151
-0.291880
-0.584907
1.230289
-0.221811
-0.767376
1.223802
-0.544818
0.520259
0.237359
-0.812768
-0.260931
-0.526499
0.680440
0.063565
-0.562772
-0.933580
-0.987685
-0.905601
-0.293496
-0.588284
-0.795885
-0.672128
-0.181157
0.012396
-0.641199
-0.773954
-0.257106
-0.269997
-0.126643
0.359964
0.336692
-0.038542
-0.242589
0.125866
-0.349039
-0.755135
0.279399
1.479580
0.100557
0.660607
-0.500338
-0.031930
-0.064101
-0.632952
0.342976
-0.456972
0.212220
0.314434
2.565936
0.060060
0.956123
-0.733914
0.910547
0.643867
0.049612
-0.932785
-0.882021
-0.339075
0.707024
-0.250937
-0.226928
1.157462
-0.768603
-0.604865
-0.640450
-0.701707
0.739547
1.620642
0.258748
1.051551
-0.657587
0.021377
0.437301
-0.783602
-0.238566
-0.328249
-0.702037
0.514027
0.636595
0.966756
1.690395
-0.464090
1.679093
1.032992
0.124895
0.881260
-0.312047
-0.027623
0.534254
-0.147558
-0.245308
-0.788087
0.495400
0.062738
-0.354814
0.964925
0.831925
-0.309884
0.085523
-0.403886
-0.832629
-0.536559
-0.786389
-0.936066
-0.742207
-0.138035
0.447557
-0.410034
-0.286104
-0.569384
-0.035396
-0.591132
-0.107082
-0.470881
1.000870
-0.936992
-0.475275
0.874414
-0.684386
0.506566
-0.332071
-0.279347
1.257331
-0.367135
1.362602
0.194874
-0.740235
-0.462504
-0.607821
-0.436895
0.848182
-0.684428
0.060784
-0.327873
0.608209
-0.573628
-0.331380
-0.673961
0.066398
3.698945
1.528422
2.262428
-0.137355
-0.356613
1.563866
-0.750427
0.185700
-0.260946
-0.588857
-0.307650
-0.276298
-0.423317
0.164814
0.528615
-0.729434
-0.644059
-0.799902
1.027243
0.281270
-0.038027
-0.525739
-0.713255
0.396877
0.136458
0.607676
-0.340019
0.476054
-0.946121
-0.794333
-0.438295
-0.579051
-0.658619
-0.539431
-0.689825
0.877231
0.708631
-0.114291
-0.842613
-0.608238
0.087868
-0.551863
-0.854740
0.472453
-0.317506
-0.593722
-0.311611
-0.894292
-0.092737
0.416540
-0.059420
-0.112042
-0.751932
0.499414
-0.577092
-0.428263
0.085239
-0.602882
0.344937
0.052720
-0.503946
0.648078
-0.260251
-0.096938
0.689712
-0.475534
0.761813
-0.484235
-0.471546
-0.292316
-0.601005
0.051860
-0.387933
0.286217
-0.288181
-0.741202
-0.275170
0.355486
1.789140
0.191280
0.840802
-0.712105
-0.553292
-0.683376
-0.213430
0.031510
0.219466
0.170190
-0.912687
-0.337510
0.873801
-0.643298
1.788459
0.791336
1.438676
2.050691
1.742789
1.109184
1.248415
-0.129595
-0.390089
-0.004304
0.406260
-0.422270
-0.693843
0.243915
-0.157235
1.035215
0.867333
0.939306
-0.356340
0.210773
0.330584
-0.655486
0.274966
-0.334087
-0.325309
-0.960806
-0.792249
0.162800
-0.344734
0.176125
-0.466914
-0.492470
-0.113879
-0.194332
0.952691
-0.379551
-0.399920
0.028205
-0.724691
0.685471
-0.127348
0.169212
0.337297
-0.152272
0.030307
-0.932159
0.943969
-0.466640
-0.940851
0.232720
-0.707382
-0.262775
-0.868224
-0.017183
-0.171914
0.515075
-0.080209
0.860469
-0.177934
-0.078143
0.771336
0.149933
1.720618
2.953140
1.646670
0.488044
-0.599562
-0.268318
-0.293000
-0.665312
-0.669155
0.363659
-0.374241
-0.468292
-0.903734
-0.240452
0.162864
-0.275386
-0.506693
0.541587
0.794856
-0.422029
-0.316877
-0.235979
-0.871966
-0.846585
-0.955903
-0.757633
-0.834197
0.157186
0.087418
-0.242428
-0.245230
0.029567
-0.300361
-0.595485
-0.910478
-0.563735
-0.324053
-0.100814
-0.260407
0.025958
0.265398
-0.389103
0.516128
-0.048172
-0.170980
-0.670220
-0.111905
-0.507068
-0.346039
0.779111
-0.738748
0.183355
-0.769405
0.092192
-0.706388
-0.044459
-0.346340
-0.211988
0.040449
0.389030
0.621157
1.280120
0.422922
0.124590
0.406974
0.002037
-0.496220
0.912150
0.477780
0.906201
0.418020
0.383636
-0.011909
0.226895
-0.218933
-0.385365
-0.044439
-0.635756
0.507438
1.312921
1.278179
-0.441358
0.334060
-0.457577
0.200210
0.049636
0.313732
-0.463277
0.315452
-0.404967
0.973092
1.108512
0.988481
1.689771
0.050083
1.874658
2.331507
2.442704
1.769259
0.544359
0.274588
0.067722
0.382485
-0.796298
0.257782
-0.099515
0.459723
0.550274
0.896847
1.062173
-0.109335
0.719617
0.047657
-0.213832
-0.354969
0.029479
-0.306047
-0.554173
-0.349551
-0.080264
-0.761994
-0.342092
-0.569665
-0.681467
-0.110240
-0.238301
-0.785203
-0.421021
0.580176
-0.465229
1.858809
1.324383
-0.070075
0.445818
-0.302049
0.595867
0.972152
-0.174520
0.491022
0.402041
-0.232397
0.678939
-0.283824
0.434104
-0.635647
-0.775939
0.549663
0.132576
-0.493531
-0.146681
0.279908
0.425937
-0.319163
-0.141257
-0.305206
0.514294
1.640695
1.410649
1.717771
0.398225
-0.226308
-0.792756
-0.506242
-0.825589
-0.543265
1.333881
1.664274
1.105675
0.395593
-0.000312
-0.360675
0.336359
-0.392573
-0.424146
-0.373762
-0.280311
-0.762403
-0.142006
-0.346806
-0.776080
-0.493032
-0.511296
-0.573229
-0.579844
-0.441610
0.050848
-0.432397
-0.668442
-0.502537
-0.542885
-0.497984
0.409365
-0.992085
-0.371530
-0.196176
-0.305239
-0.445366
-0.584838
-0.604253
-0.620108
-0.321429
1.415360
