0.000000
-0.556266
-0.783917
-0.792431
-0.898717
-0.926821
-0.908421
-0.848913
-0.897727
-0.959628
-0.773070
-0.929026
-0.907847
-0.775202
-0.664956
-0.357518
-0.618716
-0.332047
-0.847359
-0.215773
0.071936
-0.175291
-0.296162
-0.138671
-0.315614
-0.256893
-0.420824
-0.706518
-0.049184
-0.533288
-0.677122
-0.165345
0.091233
-0.154181
-0.103093
-0.061556
-0.534055
-0.329604
0.370503
-0.677374
-0.155255
-0.690734
-0.161625
0.345012
0.531005
0.197098
0.272125
-0.548930
-0.668432
-0.559416
1.137205
-0.326110
-0.275093
-0.353455
-0.914473
-0.702649
-0.524571
-0.572961
-0.653304
-0.625974
-0.586811
-0.603468
-0.025230
-0.894824
-0.783359
-0.814537
-0.673294
-0.694084
-0.639220
-0.346402
-0.374565
0.081404
-0.138597
-0.167376
-0.430530
-0.393577
-0.468024
-0.495968
-0.556586
-0.512692
-0.011682
-0.590308
-0.663573
0.078805
-0.633339
-0.584426
-0.548024
-0.507857
-0.247195
0.825648
-0.603481
-0.321346
-0.663485
-0.071101
0.486810
-0.569108
-0.667089
-0.837359
-0.868749
-0.244311
0.529636
-0.228543
-0.720353
-0.409453
-0.496459
0.047354
0.558833
0.120839
0.483177
-0.888321
-0.255652
-0.592227
0.163562
-0.429321
-0.380454
-0.105299
0.138518
-0.050769
0.412434
0.963677
-0.562569
-0.298483
0.305374
0.594909
-0.462324
-0.768664
-0.236685
-0.586562
-0.687124
-0.713624
-0.204812
0.035735
-0.622199
0.401468
0.879592
0.253742
0.073985
0.950425
0.604840
-0.132025
-0.166013
0.542551
1.047256
2.584970
1.647698
-0.265884
-0.042526
0.258716
-0.597587
-0.356569
-0.144605
1.621831
0.205541
0.802173
0.136364
0.175977
-0.190124
0.167801
0.306691
-0.484329
-0.566064
1.188470
-0.462794
-0.156240
-0.632705
0.025142
-0.192167
0.196321
-0.041809
-0.411959
-0.889835
-0.265863
0.264866
0.578494
-0.805497
-0.126658
-0.414430
0.173740
0.470420
-0.283589
0.199838
-0.294106
-0.541162
-0.563208
-0.058770
-0.379294
-0.923193
-0.679053
0.146859
-0.400966
0.745444
-0.893215
0.523496
0.992236
0.049507
0.826604
0.856939
3.342839
1.907143
1.275372
-0.074911
-0.856472
-0.551634
-0.366096
-0.747718
-0.041940
-0.864471
-0.388843
-0.895705
-0.361355
-0.091334
0.813623
-0.642352
-0.530426
-0.432775
-0.483835
-0.178309
-0.498489
-0.697095
-0.214320
-0.379195
-0.330608
-0.492819
0.028508
-0.776049
-0.756465
-0.701568
-0.197275
0.736142
0.617378
-0.601521
-0.438995
-0.796335
-0.915525
-0.048814
-0.644819
-0.492503
0.367700
-0.702777
-0.877460
-0.232247
0.626556
-0.712927
0.844853
0.369356
-0.392740
0.355933
0.126211
-0.368804
0.443532
0.656825
0.110340
-0.400147
-0.555067
-0.860690
-0.454952
-0.577541
-0.834534
0.573841
0.097661
-0.353584
1.276283
-0.398785
-0.508987
-0.652663
-0.421894
-0.655140
-0.477368
-0.379462
0.644475
0.196141
-0.589494
0.358011
0.509199
-0.005105
-0.233818
0.884329
-0.313051
-0.479649
2.284183
-0.517346
0.060839
0.269243
0.107325
-0.190143
-0.527893
2.172322
0.101736
-0.139965
0.721417
-0.004262
1.892564
-0.059479
2.022196
-0.261588
0.872303
0.781905
2.483873
-0.414464
1.149012
0.088094
-0.548393
-0.632242
-0.299792
-0.602835
0.054180
-0.679079
0.082154
1.622121
-0.381080
0.148137
-0.414840
1.977679
0.303772
-0.264642
-0.380513
-0.601974
0.154684
-0.392039
-0.893090
-0.345594
0.674900
-0.273991
-0.478038
-0.638838
-0.380096
-0.911107
1.224348
-0.013509
-0.751713
0.187003
0.063774
1.095908
-0.511721
-0.739781
0.546999
-0.028395
1.093732
-0.104137
-0.412205
-0.315935
0.672508
-0.451770
0.447739
0.268689
0.070542
-0.848756
-0.580804
1.554516
-0.255862
0.203999
2.099188
2.933641
2.037794
1.413575
-0.727671
0.328124
-0.410671
0.027592
0.182836
0.116537
-0.564135
-0.217746
-0.262706
-0.439665
-0.527524
0.029936
-0.758185
-0.278701
-0.869020
0.309867
-0.217277
0.036588
-0.487726
-0.090471
-0.953379
0.169704
-0.371003
-0.546758
-0.360788
-0.239560
-0.376753
-0.339612
-0.678931
-0.442830
-0.249071
-0.823215
-0.184744
-0.312278
-0.347619
-0.792005
-0.776967
-0.335164
0.016981
-0.280368
-0.390641
-0.838213
-0.754550
-0.592356
-0.128739
2.524002
-0.788318
-0.714895
-0.301942
-0.866308
-0.740710
-0.659281
-0.415158
0.329650
-0.055168
-0.088973
-0.950796
-0.356871
-0.370258
0.808724
-0.087148
-0.175005
-0.460830
-0.863594
-0.505967
-0.684247
0.011828
0.425412
-0.690343
0.091954
0.491694
-0.420996
-0.591630
-0.551477
-0.912634
0.342853
-0.121195
0.179791
0.877140
0.421120
1.439579
-0.699654
0.299826
1.010138
1.029189
-0.920053
-0.269886
0.437295
2.667983
-0.011939
1.764648
0.313503
0.527823
1.661875
2.959696
0.806606
0.030596
-0.494139
0.452279
0.574925
-0.053952
-0.462450
0.221139
0.406902
0.863980
0.403962
-0.398010
1.262132
-0.000198
-0.454287
1.020033
-0.215948
-0.318973
-0.749736
-0.430799
-0.704326
-0.415713
-0.636248
-0.147747
-0.387802
-0.334670
0.109845
-0.543586
-0.895020
-0.740560
-0.312911
-0.434601
-0.338853
-0.841855
2.421607
0.627385
-0.227983
0.857665
0.040843
-0.063388
-0.514693
-0.559432
-0.213127
0.226980
0.401959
-0.825501
-0.480947
-0.032681
-0.555766
-0.439021
2.099459
-0.766869
-0.413417
-0.534921
-0.264959
-0.836677
1.872132
1.873910
3.510965
0.113754
0.790148
-0.428548
-0.685875
-0.478844
-0.651271
0.454679
-0.244627
0.073807
0.004205
-0.105762
-0.415664
0.066572
-0.476795
0.334808
-0.786987
-0.179907
0.217713
-0.676133
-0.342760
-0.510672
-0.168544
-0.717622
1.041229
-0.028046
-0.500909
0.322491
-0.728492
0.430098
-0.042148
0.653623
0.310194
-0.800292
0.519750
-0.107418
0.316273
-0.521431
-0.750176
0.934867
-0.266658
-0.663939
-0.478849
-0.618773
0.102135
-0.191798
-0.364702
-0.963576
-0.493811
-0.059096
1.440395
0.326547
-0.268648
-0.107740
1.035134
-0.872638
-0.489755
0.542179
-0.209321
-0.318237
-0.058740
-0.777664
-0.608736
-0.401147
-0.647312
-0.146856
0.773629
-0.898403
-0.813620
0.377552
-0.700590
-0.581718
-0.326483
-0.675018
-0.329365
-0.050738
1.491831
0.038787
1.103576
-0.190010
-0.203682
-0.568384
0.029659
0.916353
0.053972
-0.869025
-0.308027
-0.639098
0.768920
1.126353
-0.173962
0.850934
1.031154
-0.031188
0.767197
1.338376
1.492984
2.402697
0.993944
-0.376710
-0.310337
-0.080331
0.381920
-0.816313
-0.339215
0.908893
1.223420
-0.142273
0.045933
0.604099
-0.705197
0.301894
-0.270167
-0.332499
-0.136547
0.018564
-0.625750
-0.685367
0.237074
-0.817971
0.756066
-0.262995
-0.163298
-0.660367
-0.749182
-0.856827
-0.488900
1.140607
-0.463519
0.219270
-0.226735
0.961838
-0.065868
-0.367240
-0.508530
0.449012
1.341797
-0.374370
-0.876069
0.301261
1.052538
0.525009
-0.845881
-0.229625
-0.765324
-0.662525
1.683381
-0.597903
0.273480
0.090752
0.337204
-0.824443
-0.877726
1.519197
3.030845
1.860572
-0.490608
-0.140701
-0.807129
-0.244061
-0.867631
0.299756
0.058170
0.013135
-0.765900
0.309137
-0.441987
-0.734635
0.145343
-0.586364
0.118637
0.231957
-0.121781
-0.053024
0.758539
-0.351465
0.415926
-0.667383
-0.623308
-0.762546
-0.614462
-0.847846
1.271903
-0.740254
0.290815
-0.843217
-0.165051
-0.741065
-0.836791
-0.446199
-0.476977
-0.247720
-0.115797
-0.158987
-0.615735
-0.190649
-0.408445
0.632930
-0.858739
0.076340
-0.905988
1.141283
-0.500723
-0.114124
-0.605820
0.432901
0.218889
0.300853
-0.355214
-0.237890
-0.677571
-0.625552
-0.169801
-0.393415
-0.189182
-0.716651
-0.229779
-0.368551
0.270023
-0.527090
-0.852384
-0.108711
0.203127
-0.820111
-0.164805
-0.036445
0.002517
3.319224
-0.409499
0.547458
-0.640533
0.714452
-0.270947
0.780659
0.905157
-0.223185
-0.047838
0.738815
0.528398
-0.066002
0.233771
-0.724820
-0.677267
-0.743546
1.879725
0.259864
0.339719
0.094690
3.628481
-0.549376
2.688683
1.856920
0.873829
0.960854
0.301126
-0.925842
-0.487673
-0.446497
-0.509433
0.690855
-0.688824
1.187028
0.018909
-0.290027
0.071884
0.117534
0.509359
-0.157928
-0.752504
-0.550552
-0.330048
-0.640195
-0.238569
-0.865353
-0.639473
-0.596318
-0.383136
-0.681217
-0.467934
-0.629527
-0.467588
0.217346
0.737042
-0.012671
0.021314
-0.527244
-0.026459
0.516191
1.405539
-0.559297
0.548152
-0.727749
-0.908053
-0.320317
-0.844224
-0.758700
-0.229250
-0.736298
0.179550
0.618666
0.848409
-0.618466
0.245696
-0.191721
1.590163
-0.024720
-0.216350
3.185606
2.413782
2.326387
1.413688
-0.342951
-0.589624
0.362153
-0.337774
-0.514188
0.104093
-0.518052
-0.799195
0.702320
0.188799
-0.233523
-0.677335
-0.584600
-0.162327
0.049693
-0.720159
-0.531996
-0.602076
0.363046
-0.926812
-0.626689
0.134750
-0.593114
-0.328649
-0.530876
-0.365340
0.188218
-0.782714
1.051346
0.171382
-0.739923
-0.623434
-0.649853
-0.587335
-0.438726
1.207642
-0.881262
-0.254577
-0.854663
-0.715277
0.362948
-0.943157
0.149012
-0.035285
-0.421667
-0.117690
0.910976
-0.201526
0.794888
-0.151626
-0.758399
-0.501051
-0.501276
0.269542
0.222370
-0.497481
-0.310819
-0.693699
1.018435
-0.492384
-0.057019
-0.260045
0.660422
-0.695206
-0.690617
0.139349
-0.121971
0.545380
-0.810062
-0.791752
1.047277
2.139727
0.192004
1.759306
-0.152910
1.708498
-0.383597
-0.707333
-0.788853
-0.572824
0.369889
0.616424
-0.692816
-0.381323
-0.017346
0.113049
1.047481
0.844551
-0.891687
0.804316
0.161011
2.122837
1.777417
0.669891
0.887211
1.671858
0.039809
-0.763674
0.981960
0.519522
0.540889
-0.424246
0.583893
2.124054
-0.624345
0.275297
-0.767251
1.186697
-0.434558
0.921964
0.752821
-0.677421
-0.765823
-0.766331
-0.281932
-0.388452
-0.019638
-0.501888
-0.676265
-0.383221
0.150566
-0.957337
-0.436271
-0.445589
0.269901
1.684752
0.066774
-0.212589
-0.779599
0.908214
0.683325
0.626044
0.617848
0.480577
0.509752
-0.799982
-0.161887
0.135456
-0.505722
0.157541
-0.465591
0.973009
-0.681637
0.350718
-0.701449
-0.502793
0.728061
0.850416
0.021749
-0.338837
-0.554266
2.178659
0.893134
2.048336
1.558500
-0.602708
-0.418863
-0.272800
-0.480574
-0.930121
-0.120620
-0.742980
0.506382
0.090530
-0.149533
-0.755946
0.166711
0.238246
-0.454553
0.586614
-0.799530
-0.680322
-0.338752
-0.396181
-0.887930
-0.333867
0.778982
-0.199959
-0.682219
-0.354154
-0.494033
-0.393743
-0.790847
-0.771748
-0.865980
0.356116
-0.446368
-0.726885
-0.020036
0.365538
-0.519137
-0.195363
-0.727744
-0.738620
0.068862
-0.775221
-0.500551
-0.620242
-0.037080
-0.056431
0.354815
0.551965
-0.486418
0.078750
-0.635114
-0.422164
-0.569014
-0.751131
0.332724
-0.707035
0.024763
0.933673
-0.750876
0.049401
-0.109799
-0.428944
0.599771
-0.637936
-0.699991
0.167884
0.073128
-0.114806
-0.114989
-0.652379
-0.363970
-0.868107
0.151105
0.150169
-0.758048
0.876750
1.589430
-0.917043
-0.125081
2.568781
-0.883263
2.367107
1.520279
-0.352340
0.268881
-0.498172
-0.441258
0.933185
0.103791
-0.037628
-0.645221
0.580421
-0.564712
2.619594
1.471577
0.987638
1.571600
0.367805
-0.350644
-0.182414
-0.142010
-0.145981
-0.455609
1.179198
1.797517
0.462698
-0.055901
-0.078817
0.808650
0.299958
-0.591084
-0.580894
-0.231168
0.359016
0.228110
0.038308
-0.770236
0.158306
-0.211676
-0.452662
-0.699602
-0.637289
-0.182612
-0.914356
0.015616
-0.541490
-0.362581
0.648721
-0.398399
0.895808
1.117652
0.227138
1.482308
-0.404788
0.008795
-0.638109
0.302054
1.190452
1.032989
-0.139408
-0.525274
-0.773662
0.330360
0.077631
-0.256395
-0.618673
-0.259709
1.035862
1.177875
-0.200448
0.965038
0.336654
-0.958535
2.881898
1.780382
0.838082
0.491561
0.052256
0.314237
-0.378886
-0.813667
-0.851022
-0.920289
0.384052
0.041858
0.492403
-0.818192
-0.660531
0.264345
-0.443932
-0.149556
-0.040464
-0.765921
0.537434
0.305180
-0.672625
-0.435690
-0.424056
0.126936
-0.925412
-0.600364
-0.597763
-0.633139
-0.770147
-0.395605
-0.524047
-0.912712
-0.971619
-0.654908
-0.355757
0.190020
-0.894770
-0.830846
-0.609706
-0.875028
-0.764337
-0.356425
-0.327144
0.333884
-0.001537
-0.216493
0.538748
-0.169569
-0.229203
0.019370
-0.634174
-0.644456
-0.886857
0.691274
-0.611167
-0.235579
-0.704749
0.806389
0.186879
-0.318400
1.361714
-0.784734
0.738760
0.052351
-0.550708
1.300718
0.587214
-0.584071
-0.598411
0.036548
0.224917
1.921179
-0.168789
-0.533062
-0.919617
0.944515
0.227979
0.232952
-0.589067
-0.371585
-0.124384
-0.758193
0.285938
-0.721955
-0.256571
-0.829740
-0.720618
-0.538707
-0.283580
1.007406
1.019396
0.292534
-0.480278
1.640755
0.850216
2.138374
2.065283
1.342156
0.580140
0.398855
1.338805
2.284523
0.369270
-0.626125
-0.449117
-0.061761
-0.622354
-0.685436
-0.510877
0.531566
-0.533726
3.571738
-0.574540
-0.207193
-0.813559
0.021273
-0.118238
-0.805000
-0.367982
0.732997
-0.709862
-0.799798
1.461298
-0.146309
-0.044766
-0.248231
-0.520085
0.566739
0.169856
0.243104
-0.767177
-0.563770
1.274943
-0.134855
-0.754308
1.436829
0.356576
-0.115677
-0.324007
0.173368
-0.262584
0.109529
-0.637428
-0.698184
1.239937
0.859125
-0.795126
0.973761
-0.794521
0.707048
1.178161
3.117807
2.260803
1.151060
-0.818965
-0.135547
0.292238
0.170198
0.333625
-0.361158
-0.827049
-0.971507
-0.711487
-0.458685
-0.581592
-0.258605
-0.135672
-0.365649
1.179740
0.134807
-0.027220
-0.880343
-0.275533
0.653222
-0.445648
-0.812944
-0.471263
-0.344092
0.435850
0.312147
0.018975
-0.525536
-0.116055
-0.479280
-0.973295
-0.826919
-0.062375
-0.361218
0.442830
-0.684018
-0.636500
-0.004631
-0.758946
-0.884688
-0.203676
1.166966
-0.639255
-0.164947
-0.208713
-0.274987
0.435052
0.338724
-0.196419
-0.295663
0.207375
-0.843468
-0.520669
-0.709681
-0.260336
-0.432963
0.187656
0.169362
-0.567599
-0.789576
1.131445
0.947850
-0.870548
-0.431870
-0.000150
0.199939
0.202971
-0.059801
-0.806838
-0.172355
1.279714
0.434492
-0.846044
1.484947
-0.258574
-0.220460
0.267393
-0.852621
0.404246
-0.103524
1.460288
0.066933
1.107751
-0.164503
-0.907955
1.524183
-0.110982
0.437626
-0.136719
-0.055732
0.876363
0.323402
-0.019185
-0.675969
2.032802
1.083431
0.727237
1.592152
0.010980
0.070515
-0.263979
-0.309389
-0.291100
-0.394305
-0.150282
-0.095619
-0.726010
0.602645
-0.393785
0.007319
-0.793543
1.650164
-0.620513
0.292546
-0.635134
-0.104785
-0.384033
-0.134238
-0.769145
-0.581655
-0.429422
0.459179
-0.064962
0.735687
-0.208165
-0.928261
0.033147
-0.855749
-0.283894
0.629612
1.511193
0.576635
-0.354500
0.461392
0.234835
0.583112
0.201049
-0.337196
-0.189744
-0.322016
-0.338015
0.254034
0.294035
-0.677523
-0.903359
1.377579
0.592680
0.267741
-0.534877
-0.363189
0.821925
2.007621
2.521394
1.361891
-0.143041
-0.480851
-0.194654
-0.315802
-0.511949
-0.795821
-0.680486
0.478011
-0.599747
-0.123508
-0.883931
0.869366
-0.647435
-0.805394
-0.858329
-0.232190
0.099797
-0.457673
-0.592495
0.162930
0.443717
-0.164006
-0.286169
0.734624
-0.968541
0.054345
0.492448
-0.078759
-0.932688
-0.774801
-0.127006
-0.288500
0.436276
-0.939799
-0.583645
-0.577725
-0.400750
-0.275973
0.180239
-0.263089
-0.741442
-0.432315
-0.472522
-0.681715
1.036516
-0.396053
-0.285754
-0.822512
0.471741
0.468962
0.540272
-0.286343
-0.636909
-0.336840
-0.803846
-0.185343
0.157295
0.249114
-0.053915
0.360282
0.224518
-0.574361
0.422500
-0.166081
-0.561324
0.199918
-0.369434
-0.137034
-0.347468
0.775506
0.472501
-0.045864
-0.250010
-0.820135
-0.965438
-0.009882
0.724423
0.746261
-0.501577
0.401822
-0.506874
0.758098
-0.192018
-0.942936
-0.449130
0.218322
-0.233154
-0.684740
0.384748
0.560818
-0.815068
-0.459733
2.453024
0.972980
1.622820
1.947980
1.038863
-0.332219
0.331968
-0.855461
0.409674
-0.881132
0.088197
-0.746835
-0.565191
-0.901971
0.988034
1.131126
0.206752
0.299617
0.769940
-0.438659
-0.443317
-0.274579
-0.464509
2.092432
-0.605377
-0.248058
0.552487
-0.465222
-0.844366
-0.405897
-0.320514
0.156910
-0.452453
0.404265
-0.775238
0.999305
0.850175
-0.325150
-0.624856
-0.374074
1.611919
-0.869831
0.251712
-0.285772
0.973216
-0.340745
0.229794
-0.237337
0.380060
-0.522932
-0.816523
-0.436357
-0.225791
-0.910483
-0.469751
0.252586
1.209178
-0.549431
-0.208749
1.833619
1.801363
3.501795
1.225657
0.107314
-0.857748
-0.095760
0.234977
-0.020898
-0.321542
-0.498779
0.017982
-0.166325
-0.559113
-0.491640
-0.565471
-0.424354
-0.642984
-0.562394
-0.801009
0.649727
-0.480451
0.528096
0.878385
-0.207546
-0.356120
0.076416
-0.386524
0.037974
-0.103004
-0.957341
-0.309254
0.252369
-0.195193
-0.346027
0.132338
-0.684073
-0.416438
-0.893006
-0.781616
-0.225054
-0.569185
-0.189810
-0.900632
-0.907023
-0.763329
-0.677099
-0.510398
0.605835
-0.118422
1.120805
0.350544
0.353403
-0.335057
-0.990209
0.506312
0.351245
-0.819743
-0.962689
-0.494442
-0.491773
-0.442622
-0.472142
0.515704
0.998220
1.088177
-0.154547
-0.887828
0.355819
-0.821625
-0.322998
-0.205818
1.309204
-0.678722
1.913816
-0.659224
-0.775606
1.295874
-0.810230
0.236272
0.189600
-0.951592
-0.814411
1.098175
-0.201432
-0.415159
0.729166
-0.342987
-0.844863
0.063054
0.525516
0.949678
-0.752527
-0.834021
1.189002
0.731759
1.808286
-0.803631
3.233508
0.624353
2.187268
-0.399636
-0.793125
-0.508239
-0.941327
-0.822978
-0.118704
-0.537026
1.184057
-0.539071
0.565680
1.400609
1.109767
-0.499473
0.691934
-0.569034
1.261583
-0.583678
-0.762370
0.280750
0.897127
-0.404136
0.438280
0.676351
-0.652071
0.084343
-0.374600
-0.259382
-0.357958
0.302683
-0.180573
-0.141698
-0.837373
-0.518811
2.501175
-0.337568
0.396249
-0.664225
0.601273
-0.203113
0.539578
0.347455
-0.460017
-0.601155
0.535429
-0.254515
-0.354533
-0.741989
-0.497284
0.605848
-0.184118
0.603302
-0.037495
-0.612376
-0.633960
0.731708
3.127350
0.900620
0.815163
-0.331087
0.390364
-0.163065
-0.755997
-0.159132
-0.125089
-0.707144
-0.446543
-0.103127
-0.013646
-0.448985
-0.431563
-0.524994
-0.257170
1.075468
-0.415941
1.490331
-0.881870
0.093288
-0.710541
-0.643754
0.439988
-0.882340
-0.453243
-0.149494
-0.568661
-0.215275
-0.709841
-0.895497
0.276962
-0.323448
-0.609002
-0.578005
-0.868170
-0.234672
0.190883
-0.776613
1.168084
-0.057346
-0.756256
-0.669241
0.718927
-0.310011
-0.656448
-0.287654
-0.025042
0.314251
-0.515234
0.767149
0.971117
-0.321046
-0.959578
-0.840942
0.886214
0.396496
-0.831071
0.584025
-0.664523
-0.802369
-0.733771
1.072695
1.300275
0.482931
-0.655032
-0.787262
-0.594345
0.087376
0.492986
0.202501
0.074576
-0.195808
0.276746
-0.094146
1.290420
-0.709582
0.137444
0.140771
0.645984
0.033708
1.329145
-0.519476
-0.229910
-0.842222
-0.906470
0.688117
0.623644
-0.378935
-0.768686
-0.058668
0.178679
1.907106
0.913221
0.525282
1.447461
0.735117
0.208235
1.242473
0.521869
-0.079138
-0.511407
-0.760943
-0.796464
1.242412
-0.619436
-0.122301
0.654124
-0.022044
0.839818
-0.291638
0.151015
-0.686909
1.010057
-0.332587
0.167521
-0.816178
-0.059449
-0.366750
-0.444288
-0.014104
0.243768
-0.485385
-0.168160
-0.443400
-0.774507
1.754036
-0.728206
-0.192260
1.009670
0.540534
0.984832
1.089892
-0.316753
-0.293214
0.024194
-0.138077
-0.033245
0.272801
-0.589978
-0.731857
0.599633
-0.458499
-0.206964
0.675918
-0.906725
-0.410009
-0.123707
-0.205881
0.894750
-0.253369
-0.304178
0.665139
2.051524
2.849574
2.730900
-0.701461
0.387647
-0.793105
0.119934
0.637881
0.429077
-0.321655
-0.236647
-0.394067
-0.031647
-0.939167
-0.293877
-0.329256
0.312969
-0.668188
-0.737343
-0.192608
-0.541310
-0.511143
1.151632
-0.854287
-0.983464
-0.455530
-0.833971
-0.545436
0.724881
0.272930
-0.021345
-0.485086
-0.874053
-0.196660
-0.579073
0.166525
-0.723590
-0.292167
-0.580976
-0.644212
-0.533817
-0.340018
-0.393339
0.131385
-0.529938
-0.784554
0.461615
-0.044314
-0.434023
-0.690281
0.390532
-0.649245
0.137518
0.213872
-0.068195
0.502535
1.344744
0.328456
0.147684
-0.775852
-0.410779
-0.440827
-0.208868
-0.307282
-0.346506
-0.024923
0.532903
-0.473841
1.063033
-0.822073
-0.550530
-0.943963
-0.323180
-0.635251
0.860361
0.501440
-0.797156
1.608765
2.022066
-0.323264
-0.718274
-0.824125
0.221939
0.470069
-0.209213
0.500089
1.598411
-0.671212
-0.203795
-0.660630
1.378820
0.978784
-0.454129
-0.027607
1.052963
1.709093
1.412370
0.338795
1.497220
-0.061284
-0.031801
0.509270
0.026767
-0.311731
-0.691110
0.355352
1.515296
-0.312406
0.194940
0.558029
1.338300
-0.791449
0.735242
-0.696593
0.147293
-0.275316
-0.483533
-0.026162
-0.681328
-0.808305
-0.843061
-0.300402
-0.782474
-0.623907
-0.359342
-0.008857
0.282087
0.736457
0.990136
-0.024860
0.349966
-0.262860
0.925078
-0.568559
-0.650418
-0.080015
0.452904
1.012748
0.483266
-0.774959
1.470389
0.542343
-0.035409
0.104349
-0.954006
0.027211
-0.770790
-0.121085
-0.448840
0.709188
1.356552
-0.525632
1.291104
-0.757060
-0.565292
1.473176
1.757187
1.397624
-0.681858
-0.217855
-0.571333
-0.208338
-0.266389
-0.520043
-0.643191
0.168581
0.055526
-0.800149
0.487708
-0.894378
-0.786805
-0.350511
1.112152
0.873825
0.381169
0.474142
-0.694340
-0.386633
-0.188294
-0.468535
-0.529107
0.200987
-0.637742
-0.097297
-0.532465
-0.561748
-0.885766
-0.380626
-0.758640
-0.567077
-0.573771
-0.122834
-0.808305
-0.878308
-0.855299
-0.875933
-0.837917
-0.009406
-0.835091
0.122966
-0.303834
-0.087561
-0.199541
0.280084
-0.277698
0.023211
1.002027
-0.495221
-0.832074
-0.639479
0.887453
0.728252
-0.503748
0.894624
-0.830069
1.426184
-0.350562
0.196886
-0.503616
0.353414
-0.606782
0.630075
-0.565389
-0.000578
-0.407665
-0.475303
-0.833201
-0.372358
-0.590892
0.404563
-0.670057
-0.522882
-0.511919
0.082948
0.100712
-0.426253
-0.224476
1.450229
-0.416761
0.451266
0.106621
-0.466333
-0.309026
2.752605
-0.116363
-0.840555
-0.905540
-0.634553
1.344758
2.164128
0.388871
2.325203
-0.476003
2.967437
2.706857
0.290349
2.167206
-0.378698
-0.377534
-0.288258
-0.393097
-0.600584
1.457515
0.473907
0.885098
0.983220
0.076079
0.404256
-0.178580
1.358734
-0.102422
0.611033
-0.652924
-0.282267
-0.753725
0.026254
-0.461910
-0.196927
-0.728522
-0.737942
0.143132
-0.674277
1.146217
0.073374
-0.497771
-0.231954
-0.050307
0.682856
1.116377
0.883084
0.318479
-0.238656
0.298058
-0.804128
0.590151
-0.662059
0.211995
0.787163
-0.884049
-0.643768
-0.830094
-0.820385
0.456436
0.888800
-0.304093
0.082632
0.320384
0.663280
0.544753
-0.177040
1.704018
1.594103
1.609873
1.427648
-0.734122
-0.517638
-0.285663
-0.906174
0.151926
-0.675662
-0.702388
-0.223333
0.441162
0.493402
-0.153564
-0.192531
-0.389258
0.257431
-0.354369
-0.952850
-0.718233
-0.564199
-0.884199
-0.317092
0.639486
-0.705276
-0.684687
-0.057544
0.048120
-0.017374
-0.769687
-0.804033
-0.706911
-0.692446
-0.517364
-0.653745
-0.451109
-0.032253
0.096274
-0.318138
0.699101
0.073892
-0.064173
-0.689041
-0.308679
-0.768517
0.467234
-0.173629
-0.829842
-0.309187
-0.750268
0.107625
-0.669939
0.091499
-0.634997
0.218401
0.605029
-0.528414
-0.239083
-0.822217
0.196786
-0.690471
-0.416960
1.137197
0.693900
-0.882298
-0.208206
-0.953559
-0.510708
-0.329762
-0.735463
-0.195107
0.109148
-0.349513
-0.057469
0.742952
0.668846
-0.346516
3.598581
1.803677
0.209846
0.621146
0.485779
-0.377913
0.472178
1.128675
-0.191210
-0.252952
0.647748
-0.599030
-0.940634
-0.981130
1.191767
-0.691179
-0.246741
0.868171
1.614342
0.818943
0.135886
0.877639
1.729532
0.527507
1.397958
1.260061
-0.354649
0.903318
-0.603183
0.297015
-0.085843
-0.171016
-0.249718
-0.548448
0.285313
0.732517
-0.024965
0.631684
0.114953
0.129795
-0.163951
0.071516
-0.696597
-0.220718
-0.410036
-0.441404
-0.633472
0.294739
-0.772085
-0.648729
0.030924
-0.575130
-0.568768
-0.354954
-0.574416
0.012713
-0.469123
-0.265643
0.432745
-0.634431
-0.223622
-0.014597
1.441397
-0.230721
-0.812254
-0.724103
-0.790629
0.924004
0.403649
-0.267754
0.388829
-0.692283
0.078225
0.417287
1.816902
1.679218
2.623098
3.859329
-0.957297
-0.339680
-0.631343
0.681314
-0.711763
-0.521357
-0.860250
-0.508766
0.719087
-0.418119
-0.661670
0.706150
-0.888263
-0.803954
0.817301
-0.884596
-0.497053
-0.938954
-0.568202
-0.105328
-0.829863
-0.581467
-0.709692
-0.749937
-0.668222
-0.837104
0.588715
0.508398
0.000510
-0.746639
-0.495465
-0.355717
0.054959
-0.213592
-0.781562
-0.432009
-0.203951
-0.775941
0.474943
-0.218604
-0.699285
-0.627308
-0.582517
-0.444378
-0.498673
0.631934
0.578351
0.155836
0.172398
0.685556
0.476835
-0.729098
-0.932874
-0.836207
-0.741138
1.082067
-0.798228
-0.647639
1.340263
-0.663576
0.526529
-0.604560
-0.537858
0.119793
-0.345169
0.760720
0.195137
0.195050
-0.620608
0.226343
-0.397543
-0.158864
-0.847319
-0.440164
-0.645135
-0.594212
1.381324
1.121340
0.965267
-0.215464
0.129152
-0.884142
-0.578789
0.402136
-0.859768
0.256966
-0.738449
-0.786319
0.306347
0.067367
0.809195
-0.366626
0.489275
1.297937
1.662966
0.803187
0.621377
1.569210
1.286727
-0.439121
-0.355001
-0.535659
-0.042796
0.538635
-0.684363
-0.189785
0.521731
0.177787
1.418194
1.627220
0.633877
-0.761274
-0.677435
0.512454
-0.746630
-0.592462
0.902643
-0.246963
0.681256
-0.161470
-0.475987
-0.597743
0.758957
-0.637626
0.076649
0.343219
-0.364714
-0.597494
1.959952
-0.107207
-0.695208
1.160223
1.728162
0.229229
0.752225
-0.222106
0.402568
-0.950367
-0.031644
-0.395256
-0.066417
0.123031
-0.357351
-0.806995
0.003126
-0.852667
-0.559762
0.957814
0.565928
0.066592
-0.367713
1.528583
2.504435
2.545506
2.407122
-0.484951
-0.750587
-0.528107
-0.159972
-0.686206
-0.596670
-0.803582
-0.282953
-0.077594
-0.803858
-0.026306
-0.084517
-0.264155
-0.582107
0.378468
-0.562267
0.975454
-0.004523
-0.337596
-0.630869
-0.785355
-0.608311
-0.834908
-0.745942
-0.363018
-0.734863
0.313285
-0.832063
1.718366
-0.322265
-0.012324
-0.493077
-0.516604
-0.367841
-0.232498
0.011948
-0.712089
-0.731115
-0.541315
-0.755476
-0.854124
-0.356166
0.237930
1.304206
-0.041931
0.338250
0.803178
1.304865
-0.003443
-0.591751
-0.626902
0.160648
-0.441739
-0.851447
-0.057077
-0.282953
-0.476521
-0.326970
-0.929785
0.644609
-0.632313
0.013847
-0.583952
-0.882839
0.597007
-0.576163
-0.489286
0.179083
0.874728
-0.210765
1.335536
1.191728
-0.537587
-0.188416
-0.593149
-0.187834
1.388825
1.868036
2.462599
0.051556
-0.455417
-0.301221
-0.417008
-0.136802
-0.200108
-0.578613
0.418624
0.596750
-0.513272
1.870285
-0.400558
-0.008130
1.035023
1.337433
1.511995
1.060983
1.372758
-0.169096
-0.015142
-0.321158
-0.130755
-0.765752
-0.607184
-0.129325
0.093384
1.077802
-0.724024
-0.248253
0.094269
0.015751
-0.213853
0.333082
1.174714
-0.604164
-0.664653
0.235728
-0.028986
-0.373741
-0.697772
-0.078894
-0.627498
-0.651280
0.325970
-0.471908
0.233417
-0.241039
0.011978
0.984043
-0.159208
0.120562
0.897126
0.517965
-0.556177
-0.492050
-0.151190
0.089713
0.008353
0.124735
-0.186512
-0.304872
0.808731
0.826431
-0.777371
-0.523386
-0.895338
-0.479912
0.436211
0.262691
0.157007
0.673444
-0.304194
0.407200
2.619800
2.884193
1.721725
-0.646746
-0.108718
-0.121322
0.363342
-0.361452
-0.510808
0.479988
-0.334035
-0.796768
-0.790749
-0.502306
-0.760912
-0.380939
-0.566506
-0.344005
0.403075
-0.769040
-0.818164
-0.487324
-0.525139
1.401115
0.523774
0.495502
-0.149189
-0.683224
-0.739036
-0.959967
-0.388273
-0.891253
-0.463180
-0.612245
0.055621
-0.963121
-0.359660
0.249195
-0.847913
0.018290
0.193815
-0.503303
-0.702455
-0.682207
0.073307
-0.254942
1.363747
0.256776
-0.253401
0.221221
1.124419
0.168784
-0.851555
-0.419128
1.170072
-0.757576
-0.676110
-0.641077
-0.439004
-0.738745
0.352152
-0.575483
-0.881448
0.899859
0.126823
0.537651
-0.591246
0.215781
-0.043077
-0.419787
0.463883
0.082251
-0.592933
0.138509
1.394918
0.162530
0.172599
0.382239
-0.777557
-0.278393
0.867353
-0.930805
0.007167
-0.122818
0.376675
0.638143
-0.585744
1.626855
-0.814442
-0.554944
-0.866253
0.862801
-0.314308
0.634139
1.283552
-0.290750
0.168102
1.483012
1.540840
1.114113
1.331999
-0.529800
0.170495
-0.336108
0.165715
1.704969
-0.654037
-0.724012
0.211766
0.929530
0.012174
0.260246
-0.900206
0.974127
-0.767651
-0.521895
-0.832505
-0.590492
-0.688213
0.151132
0.430630
0.454036
0.569451
-0.605523
0.363286
-0.577236
-0.693987
-0.776824
0.340662
0.383943
-0.349097
-0.395255
0.525264
-0.542186
0.866526
1.249623
1.823012
-0.724156
1.051595
0.098301
-0.835827
-0.587886
0.356566
-0.095056
-0.505035
-0.722308
-0.326309
-0.834696
0.721055
0.630467
-0.555037
-0.166744
-0.124085
-0.155659
0.973193
2.139143
3.458244
0.572320
0.236125
-0.863806
-0.946269
-0.554721
-0.684116
-0.645659
-0.924334
-0.509667
-0.492627
0.463216
-0.577695
-0.818070
-0.640800
0.447877
-0.721531
-0.803253
-0.765155
-0.558115
-0.575781
-0.467183
-0.804800
-0.659873
-0.374904
-0.454607
0.523354
0.205469
-0.050131
0.377560
-0.413345
0.087402
-0.132958
-0.038667
-0.578537
-0.646704
-0.271133
0.824631
-0.491068
0.634730
-0.765223
0.152285
-0.182139
-0.091010
-0.562858
0.135775
0.590966
-0.829735
0.842852
-0.806027
0.916844
-0.237952
-0.752989
-0.852400
-0.562792
-0.703555
0.049732
0.138017
-0.696404
-0.006582
1.576584
-0.639421
0.353354
0.780639
-0.735219
-0.397258
0.407123
-0.644881
1.081849
-0.328375
-0.802359
-0.148791
-0.730543
0.017177
0.573896
0.508979
0.783491
1.096683
0.048570
-0.827415
1.924989
-0.707552
0.234289
0.940249
1.100627
0.268587
-0.549600
-0.966672
-0.876126
0.402731
0.202386
0.176666
0.218377
-0.428461
2.274656
1.104505
1.210453
0.853199
1.049992
-0.426656
0.212513
0.034338
-0.228939
-0.489061
0.666008
0.475984
-0.786310
-0.055219
-0.902131
0.332749
-0.519027
-0.157271
0.230432
-0.085797
-0.184649
-0.450243
-0.939819
-0.776904
0.385649
-0.932554
-0.171469
0.164027
-0.247387
-0.957220
-0.900519
1.341425
0.276010
-0.787640
-0.467033
-0.794128
-0.554054
0.945849
1.580138
-0.779164
-0.761053
1.198373
0.616515
0.307615
-0.047279
1.215940
0.708183
-0.521260
0.666660
0.213135
0.110646
-0.223467
-0.849845
-0.802098
-0.637453
1.829001
0.071684
-0.459946
-0.196644
2.382592
2.690660
2.882286
0.541195
-0.594854
-0.761326
-0.525231
-0.933388
-0.738349
-0.015493
-0.769421
-0.906524
0.432188
0.441560
-0.838961
-0.547121
0.335229
-0.578995
-0.553860
-0.135487
0.673153
-0.443199
-0.038644
-0.256627
-0.858925
-0.599024
-0.875439
-0.456761
-0.204512
-0.070186
-0.835690
-0.800461
-0.251075
-0.589969
-0.711940
0.183736
-0.411258
-0.250434
1.590741
-0.896464
0.540011
-0.304123
0.012471
-0.042384
-0.983707
-0.857976
-0.465026
2.274060
0.633414
-0.381874
0.438942
0.659168
0.210191
-0.299730
0.054852
-0.164919
-0.808151
-0.459343
-0.849350
-0.836272
-0.796840
0.905941
-0.947263
-0.224823
-0.155734
-0.069703
-0.543856
0.409273
-0.514042
-0.456695
-0.603644
-0.289063
-0.752408
-0.437486
0.587073
-0.858553
0.521498
-0.550958
-0.377655
0.923460
-0.766606
1.866775
-0.099309
-0.551727
0.821587
0.195930
0.088241
-0.134150
-0.674421
-0.069210
-0.017979
-0.453467
0.269628
-0.228492
1.767059
2.303572
0.433554
2.491049
0.352926
2.592203
-0.023824
-0.004179
0.112076
1.483072
-0.322388
-0.258584
-0.331111
0.355587
1.527441
0.490161
0.284269
1.257531
0.366460
1.156776
-0.555248
-0.345764
0.767085
-0.730983
-0.372228
-0.092915
-0.802839
0.773458
-0.484719
-0.310895
-0.677045
1.097424
0.297950
0.832878
-0.088949
0.814296
0.414624
0.100885
0.179257
1.261592
0.002884
0.444088
0.200445
-0.003620
-0.933780
1.504545
0.165581
0.056950
-0.407927
1.338748
-0.370394
-0.024990
-0.351490
0.651547
1.155473
-0.330645
0.198161
0.247939
-0.384737
0.618127
-0.416609
0.110105
0.259070
1.796908
1.798592
0.359584
-0.307305
0.333346
-0.559917
-0.594094
-0.029590
-0.604676
0.532497
-0.300570
-0.111360
-0.632787
0.001708
-0.495067
1.210188
-0.234450
-0.172079
0.011398
-0.688546
-0.258123
-0.301909
-0.381491
-0.745654
-0.403014
-0.292203
-0.249664
-0.820236
-0.270997
0.002523
-0.607784
-0.712014
-0.726895
-0.880562
0.354873
-0.376366
-0.521846
-0.331148
-0.081829
-0.475718
0.175407
-0.360846
-0.801536
-0.730566
-0.200402
-0.425485
-0.837339
-0.372134
-0.832340
0.387068
0.131066
-0.582230
-0.890247
-0.425791
-0.783881
-0.306749
-0.651006
-0.869213
0.515160
-0.474550
-0.674786
0.313831
-0.239267
2.024842
-0.246560
0.358021
-0.814662
-0.290201
0.117662
-0.184550
-0.004564
-0.712566
-0.913026
-0.576721
-0.250400
-0.456103
-0.113887
-0.534079
1.419055
0.820126
-0.008811
2.102437
0.485110
1.798003
-0.086665
-0.060605
1.092279
-0.203157
0.619154
1.055742
-0.081851
2.586552
-0.240103
0.985597
0.911362
1.912605
0.657075
2.305271
1.787165
1.349739
0.261056
-0.071338
-0.485803
-0.075283
-0.455863
0.111968
0.294149
-0.364762
0.253731
0.053807
0.081769
-0.568854
0.433427
0.103031
-0.009245
0.070705
-0.641178
-0.048808
-0.223011
-0.602027
0.340549
-0.036602
-0.803334
-0.336759
0.093310
0.025476
-0.683328
-0.675785
-0.597361
0.485811
-0.416678
-0.093067
0.753173
0.632993
-0.899448
-0.047921
0.068999
0.491662
0.077754
-0.770096
-0.946438
-0.705808
-0.735473
-0.698543
-0.425059
0.089950
-0.753272
-0.178191
-0.746841
1.339231
0.500987
0.651584
0.669057
0.236600
0.885022
0.632370
2.915256
0.856453
-0.860592
-0.834519
0.498449
-0.550719
-0.764626
-0.712723
0.052991
-0.898800
0.466485
0.100522
-0.269165
-0.397545
0.898586
-0.524163
0.079503
-0.350247
-0.415279
-0.574343
-0.935125
-0.622081
-0.455131
-0.483630
-0.319670
-0.297499
-0.819318
-0.236332
1.218563
-0.831256
0.197159
0.177155
-0.752437
-0.966307
-0.587833
-0.192761
-0.347558
-0.665662
-0.148685
-0.694642
0.226174
0.253980
-0.390696
0.434426
0.332954
-0.222597
-0.216603
0.199841
-0.388846
1.768658
-0.282156
0.186559
-0.918705
-0.905921
-0.174115
0.800824
-0.367493
-0.003575
-0.676706
0.324950
0.019035
-0.638149
-0.313761
-0.825271
1.584945
-0.849519
1.203561
0.274683
0.242509
-0.567401
-0.232065
0.213040
0.409262
0.097533
0.007981
0.660496
1.181575
-0.580418
-0.821942
0.135859
0.776345
-0.238728
-0.301218
-0.919896
-0.301526
0.272699
-0.520729
-0.217704
0.650151
-0.301000
-0.197887
-0.015117
-0.408798
0.720131
-0.586280
1.528188
1.320132
0.264214
2.048137
0.506511
0.233230
2.045695
-0.768481
0.357410
0.300504
-0.589944
-0.403332
0.788270
-0.533625
0.179173
-0.727935
1.028323
1.749830
-0.945649
0.522097
-0.244756
0.551459
0.468221
-0.354532
-0.122514
0.592936
-0.393191
-0.805288
-0.486371
-0.644315
0.430951
-0.422417
-0.652536
-0.282346
1.467841
-0.782374
-0.551183
-0.781265
1.473042
-0.852070
0.782685
1.138616
-0.052794
-0.115360
-0.524832
0.275817
-0.650159
-0.132953
1.150117
-0.252998
-0.299222
1.390805
-0.580425
0.616900
-0.474634
0.559505
3.869845
2.647528
0.889873
0.361885
0.620725
-0.481528
-0.793423
0.113820
-0.184365
-0.891492
-0.495777
0.023230
-0.254817
0.333214
-0.673510
-0.742926
-0.940382
0.037101
-0.807476
0.638708
-0.669722
-0.854485
-0.163854
-0.272383
-0.456006
-0.526976
-0.240617
-0.340169
0.589729
0.370288
0.408325
-0.310447
-0.717844
-0.673286
-0.802230
-0.854795
-0.612027
-0.551458
-0.881917
-0.939746
-0.610836
-0.539352
0.388484
-0.702665
0.005513
0.113792
1.131800
-0.259311
0.730611
-0.734502
1.142878
0.569901
-0.878877
0.716755
-0.446459
-0.722617
-0.158718
-0.604912
-0.675956
0.171114
0.029584
-0.850593
-0.388272
-0.680292
-0.550622
0.590114
0.552193
0.436001
0.430449
-0.481822
-0.734377
-0.957365
-0.348668
-0.161546
-0.772736
-0.732643
2.497379
-0.617586
-0.910169
-0.839285
-0.516362
1.131254
0.344948
0.627120
0.191253
-0.799967
0.835038
0.135560
1.216959
-0.017717
-0.249863
0.645717
-0.071465
-0.498700
1.221073
-0.509270
3.441336
0.454820
0.287483
1.109786
1.341597
0.162566
-0.143439
0.187839
-0.675783
-0.136862
-0.737862
-0.576897
0.151127
-0.724712
0.792287
-0.060328
1.011380
-0.426473
-0.458385
-0.366011
-0.189973
-0.728782
-0.365954
0.344633
-0.876748
-0.800188
0.100252
-0.232532
-0.822340
-0.681259
1.225250
1.281944
-0.050935
0.181508
0.313224
-0.431515
-0.526022
0.121864
0.760266
-0.812590
1.300202
0.688006
-0.183497
0.524064
0.922228
0.095948
-0.378243
-0.726826
-0.574128
-0.833010
0.847533
-0.078577
0.008443
0.333834
1.480777
0.341530
-0.192058
0.346479
1.327524
1.900273
3.303819
0.880580
0.245043
0.076620
0.429926
0.412072
-0.645557
-0.548309
-0.534394
-0.754649
-0.386563
-0.947684
-0.041840
-0.444490
-0.817523
-0.364464
0.101003
-0.050804
-0.485698
-0.522834
-0.100098
-0.296194
-0.369081
-0.909752
-0.441152
-0.740471
-0.194857
-0.108008
-0.341747
-0.661911
-0.250292
-0.376641
-0.374795
-0.458795
-0.878063
0.098920
0.246021
-0.024963
-0.886062
-0.097658
-0.689791
-0.901727
-0.209568
-0.759096
0.428964
-0.437469
0.274480
-0.230043
0.088254
-0.817822
0.196431
0.277295
-0.497282
-0.748590
-0.359447
-0.688185
0.515398
-0.279725
-0.021839
-0.440218
0.197233
-0.393163
-0.116447
-0.243588
-0.475665
-0.152244
0.098558
-0.651224
-0.541829
-0.127878
-0.370567
-0.639333
-0.581718
-0.270956
-0.208977
0.344254
0.934389
1.592861
-0.255325
-0.535868
-0.712763
-0.132421
-0.433774
-0.504180
0.314007
0.969370
-0.154261
-0.005733
-0.403841
-0.454540
0.668728
-0.517089
0.179105
-0.761325
2.378714
1.579114
1.698845
0.800120
3.130327
-0.810404
1.654620
-0.879302
-0.564172
-0.251673
-0.684867
-0.549594
1.671011
-0.386374
0.550555
1.679090
1.050395
0.722705
-0.425838
1.075241
0.490632
0.848272
-0.039780
-0.257532
-0.024566
-0.004841
-0.586229
-0.764313
0.185043
-0.870786
-0.580024
0.369125
0.079523
-0.709435
-0.821845
-0.164987
0.707548
0.381709
-0.744128
-0.733399
-0.189270
0.659645
0.292970
-0.138834
-0.688704
-0.845675
1.805232
1.256985
-0.558199
0.403310
0.048977
-0.881141
1.156171
-0.431422
0.852494
-0.341810
0.607595
0.249474
-0.111725
0.744365
2.255479
4.110079
0.721986
-0.206000
-0.249690
0.099284
-0.624348
-0.798773
-0.335070
-0.022476
-0.052749
-0.914419
-0.892323
-0.425365
-0.570578
-0.418125
-0.563295
0.599361
-0.629933
-0.755685
-0.806950
-0.832494
-0.689753
-0.078362
0.438963
0.139685
-0.347217
0.129832
-0.705717
-0.702716
-0.647415
-0.630052
-0.808776
-0.636077
0.762019
-0.404453
0.412400
-0.977434
0.369754
-0.833149
-0.251663
-0.370497
-0.289225
-0.242710
-0.270904
-0.376199
0.025584
-0.578417
-0.198920
-0.114737
-0.803983
0.174292
0.088440
0.963693
-0.767134
-0.510449
-0.538790
-0.497356
0.477159
-0.844775
-0.675584
-0.634285
0.173857
-0.035790
0.253211
1.702646
0.881222
-0.809731
1.429833
-0.517403
-0.634168
0.180325
-0.665128
-0.243158
-0.154909
0.817078
-0.250294
1.073765
1.487603
0.931843
-0.091126
0.466152
2.040843
-0.653555
0.260165
-0.210132
-0.813435
-0.965891
-0.802777
-0.093420
0.283706
0.920639
0.647960
0.640020
0.829522
1.227205
1.527844
1.435216
2.377668
0.412933
1.180491
-0.207365
0.265281
0.554029
0.853641
-0.815179
0.173222
0.517474
-0.690073
0.879246
1.444066
2.290810
-0.829803
0.768635
-0.169037
0.120681
-0.365784
0.061166
-0.293817
-0.840850
-0.385166
-0.385249
-0.269241
-0.846449
-0.545645
-0.499154
0.590100
-0.842647
-0.179183
0.244423
-0.005073
-0.082760
0.344931
1.353458
-0.428777
-0.321862
-0.777060
0.116464
-0.475322
-0.916825
1.005132
0.039137
-0.522233
-0.135220
-0.441976
-0.018900
0.438851
-0.763669
0.061410
-0.097659
-0.621542
0.815917
-0.670674
-0.796881
0.920438
3.428273
2.184207
-0.856695
-0.086382
-0.802207
-0.881567
0.757125
-0.285963
-0.883967
-0.881065
-0.117234
0.017160
-0.902351
0.550041
-0.607623
1.248637
-0.559169
-0.442337
0.019104
-0.574203
-0.109623
-0.203958
-0.819926
-0.127750
-0.513778
-0.703483
-0.745992
-0.212661
-0.620231
-0.546828
-0.654407
-0.630857
-0.622870
-0.851082
0.222489
-0.513021
-0.366978
0.127388
-0.831217
-0.851362
-0.550990
-0.278562
0.225841
0.124094
-0.412940
1.282277
-0.749485
0.383013
0.006894
-0.527843
0.811007
0.586176
0.395663
0.997784
-0.668909
-0.783641
0.372594
-0.626308
-0.196475
-0.069601
0.592314
0.703355
-0.442861
0.473621
-0.364775
-0.349887
-0.543056
2.014121
-0.660393
-0.258792
-0.744207
0.509790
-0.623492
0.613520
0.637679
-0.651535
-0.056220
1.808176
-0.928137
-0.736753
0.850343
2.178924
0.920520
0.142205
2.126962
0.067839
-0.417751
0.464806
-0.063038
0.251086
-0.945663
1.738883
0.363251
-0.474195
1.241175
1.385351
2.758460
0.627860
-0.448892
-0.451250
0.338190
-0.134654
-0.972141
-0.812791
0.746911
-0.447602
-0.385415
-0.455451
1.369546
0.623850
0.446028
-0.576766
-0.366656
0.340813
-0.583491
0.752876
0.995800
-0.937408
-0.352197
-0.683729
-0.688485
-0.376788
0.122963
-0.831237
-0.530388
-0.300356
0.069582
0.382055
0.454498
-0.912498
-0.259281
0.054547
1.447512
0.164242
-0.270126
0.674678
-0.122023
-0.214707
-0.364196
-0.386922
-0.727479
0.336732
0.260924
0.625834
-0.892471
-0.229408
1.112144
0.716210
0.723255
-0.227288
0.014678
-0.548182
-0.523246
-0.019326
3.133925
2.540116
1.161729
-0.863182
-0.363491
-0.524111
0.484090
-0.273230
-0.083090
-0.762107
-0.362363
-0.814095
-0.218745
0.062590
-0.288014
-0.802267
0.442280
-0.502007
0.941588
-0.366008
-0.357572
-0.086730
-0.501270
0.166445
-0.212947
-0.191238
0.475765
-0.738217
-0.724614
0.353718
0.015120
-0.564867
-0.760464
-0.332948
-0.588769
-0.107813
-0.750624
-0.748579
-0.219910
-0.453850
0.020689
0.498502
-0.304040
-0.034474
-0.731389
-0.511208
-0.783253
-0.105749
-0.677183
0.594394
-0.652191
-0.411891
-0.525496
-0.316174
-0.045050
-0.180359
-0.668423
0.462433
0.379286
-0.216567
-0.545207
0.929730
0.219916
0.098176
0.630714
0.292520
1.327120
-0.621403
-0.533992
-0.270623
-0.616773
0.028051
-0.537445
-0.545327
-0.285349
-0.143416
0.400863
0.585604
0.618659
0.226732
0.675140
0.487485
-0.765119
1.116240
-0.163320
-0.656621
-0.549049
-0.484970
0.442173
-0.106741
-0.918718
0.504103
-0.201334
-0.536528
1.569010
2.589418
2.067703
0.820348
-0.727319
0.135068
0.159116
-0.178794
0.143182
0.918886
0.525006
-0.242177
1.451862
-0.243738
-0.748243
-0.101110
0.480508
0.452459
-0.808521
0.117013
-0.677982
-0.736640
0.232976
0.115351
-0.728824
-0.162172
-0.260175
-0.349884
-0.579253
-0.742449
0.221058
-0.445674
0.524020
-0.683481
-0.721020
1.608965
1.038539
0.786250
0.542266
0.185891
1.765549
0.457552
-0.153632
0.851172
0.669658
0.123832
-0.943382
0.336946
-0.631365
-0.511512
-0.246087
0.504192
-0.884858
-0.491393
-0.206290
-0.690496
1.875343
0.736030
-0.044096
-0.278657
-0.682715
2.192139
2.773988
1.486937
-0.330712
0.096381
-0.430524
0.105386
0.210353
-0.649780
-0.800825
0.418413
1.070960
-0.799141
-0.914020
-0.691703
0.419141
0.125309
0.886604
-0.644615
-0.006461
-0.098119
-0.848624
-0.571570
-0.381736
0.449068
-0.498496
-0.774180
0.052189
-0.516511
-0.325319
-0.865529
-0.678357
0.153585
-0.765258
-0.710471
-0.342345
-0.510079
-0.059966
-0.625709
-0.732657
-0.881665
-0.109342
-0.267020
-0.608430
-0.719528
-0.355218
0.495752
0.075423
-0.639864
-0.662908
-0.869466
-0.720187
0.186494
0.600307
1.149295
-0.220553
0.226412
-0.524383
0.341508
-0.859195
-0.922339
-0.486939
-0.856335
-0.157324
-0.998478
-0.163827
-0.114089
-0.730146
-0.848520
-0.181659
0.218565
0.676630
-0.220444
-0.592426
1.096346
-0.111157
-0.268644
0.986637
1.504125
-0.864423
-0.644330
0.701065
-0.054691
1.462141
-0.822897
-0.824949
-0.043674
2.364332
2.063579
-0.385460
-0.830656
-0.244724
1.141404
0.516107
-0.385251
0.610109
3.879977
0.674463
2.018881
0.528950
2.123797
-0.023182
0.288699
1.032615
0.334659
0.579879
-0.657219
1.444485
1.263470
-0.576556
1.261636
1.513247
-0.409889
0.358865
-0.327416
0.093122
-0.871563
-0.849482
0.258354
-0.191710
0.294486
0.072778
-0.499453
-0.504778
-0.554134
-0.835043
-0.888086
-0.243220
0.332060
1.229275
-0.358355
-0.280787
0.038901
-0.202332
-0.806270
-0.173699
0.302136
0.217049
1.212751
1.585954
-0.122718
-0.642037
-0.502911
-0.530413
-0.712622
-0.356793
-0.025770
-0.210616
-0.659115
-0.434161
-0.180571
1.079078
0.922652
0.359084
0.300017
1.990806
1.333481
1.287513
0.037835
-0.459555
0.066505
-0.896678
-0.206897
-0.827385
-0.704950
-0.737669
-0.502599
0.466439
0.751508
-0.847690
0.206045
-0.368850
0.744662
0.869095
-0.607625
-0.814369
-0.708254
0.163271
-0.195491
-0.427532
-0.243336
1.523560
-0.148903
-0.194394
-0.825358
-0.349270
-0.957966
-0.435717
-0.385201
0.714986
-0.573565
-0.658522
-0.165446
-0.275141
-0.607106
-0.809156
-0.601488
-0.472875
-0.301477
-0.778544
-0.650800
-0.420107
-0.837708
-0.109321
-0.512119
-0.442146
1.004839
-0.701432
-0.317209
0.509825
-0.597507
-0.690112
-0.229374
-0.447607
-0.822054
-0.289415
1.393296
-0.559721
-0.532171
-0.670959
1.171028
0.722438
-0.247110
-0.643720
0.928158
-0.811611
0.479421
2.124830
0.671920
-0.777659
-0.810459
-0.762847
1.141262
-0.479633
0.145166
0.166273
-0.737988
0.592521
-0.336325
0.055454
-0.704585
1.327477
-0.664532
-0.544748
-0.553936
0.072844
0.446347
-0.647768
0.371765
-0.508579
1.486809
1.134107
2.624508
0.976635
2.232614
2.081831
1.266925
-0.154948
1.457747
2.573805
-0.074318
-0.547976
-0.698749
-0.625978
-0.106496
0.629879
-0.434172
0.287438
1.911882
-0.564292
-0.490418
-0.140818
-0.395915
-0.803701
-0.687621
1.659738
0.037030
-0.809876
0.264973
-0.172591
0.070438
-0.817241
-0.768085
-0.757390
-0.739057
-0.906837
-0.394078
-0.150251
-0.185828
0.384068
-0.779794
0.035409
-0.693950
-0.807507
0.452218
-0.832625
0.515915
0.830229
-0.497623
-0.703314
-0.051064
0.078471
-0.105531
1.880214
-0.271715
-0.513579
0.248160
3.054026
3.924719
2.217917
0.247001
-0.130863
-0.325350
-0.559545
-0.277129
-0.916631
-0.666381
-0.082928
-0.144131
-0.799527
1.005926
-0.800019
-0.832575
-0.833878
-0.148439
-0.717828
-0.268553
0.818470
-0.826644
-0.836232
-0.540004
0.038002
0.221884
-0.025295
-0.615373
-0.697909
-0.618815
0.447693
-0.153825
-0.233437
-0.743257
-0.586261
-0.425397
-0.765219
-0.288395
-0.596304
-0.733723
-0.617980
-0.131009
-0.487502
-0.728231
-0.738046
-0.213966
-0.444482
-0.459733
0.412956
-0.742063
1.552730
-0.712997
0.938341
-0.507331
-0.189174
-0.705517
-0.786561
-0.583250
-0.081626
0.185009
-0.108394
-0.819466
0.053582
0.188095
-0.640165
-0.347811
-0.507334
-0.211046
-0.216860
-0.054216
0.058278
2.121586
0.291464
0.154541
0.602615
-0.932582
-0.433381
-0.575524
-0.376428
0.593711
2.004199
-0.917534
0.003953
-0.746962
-0.083422
-0.182115
1.383073
-0.124766
-0.116987
1.476059
0.108742
-0.117253
0.978800
0.646295
1.843544
-0.685343
1.099228
-0.286852
0.997311
2.635723
0.542984
0.945726
-0.334087
-0.598954
0.079149
0.484814
-0.361438
-0.576665
0.966681
0.483987
0.587103
0.236427
-0.226525
1.499128
-0.664345
0.004880
-0.876507
-0.604926
0.900947
-0.198972
0.245566
0.759306
-0.102412
0.613648
0.135390
0.383740
-0.294700
-0.636839
-0.869144
-0.546327
-0.426348
0.814146
-0.494959
0.150476
-0.391311
0.959729
1.554744
-0.695066
-0.510964
0.526043
-0.120154
0.642927
-0.540159
0.241555
-0.153815
0.632770
-0.647422
-0.574551
0.117150
-0.584700
-0.219261
1.257871
0.082162
-0.492682
-0.171186
2.338446
2.227079
2.930233
-0.804917
-0.392325
-0.650460
-0.659588
-0.186350
-0.237717
0.051087
-0.336212
0.922747
-0.532824
-0.318414
-0.472971
-0.791810
-0.785503
-0.547601
-0.867912
-0.315348
-0.668785
-0.680156
-0.108442
-0.187090
-0.354588
0.714919
0.008190
-0.356723
0.123682
-0.373746
-0.597754
1.230942
-0.282586
-0.644527
-0.812925
-0.278478
0.816025
-0.702027
0.618255
-0.634866
0.969536
0.343245
1.411342
0.596147
1.327143
-0.676593
-0.174436
-0.685926
0.120208
-0.690939
-0.831009
0.219301
1.188353
-0.981116
-0.351044
-0.545426
-0.035598
0.694724
-0.043462
-0.238090
-0.681238
-0.773547
-0.723661
0.646525
0.271114
-0.802154
-0.105068
-0.449658
-0.462244
-0.708258
-0.378929
0.118118
0.266810
-0.667677
-0.020532
-0.377731
0.461438
0.102969
-0.566150
0.766112
0.295342
-0.312092
-0.219991
0.216516
0.450164
1.933764
-0.809837
0.778658
-0.402041
-0.367237
0.581545
1.737293
-0.028028
-0.848923
0.512854
1.508084
1.197422
1.450027
1.403615
0.812852
2.029652
-0.245679
-0.294728
-0.749423
-0.001648
-0.706936
-0.102116
-0.126771
-0.702625
0.729771
-0.468455
0.178231
0.468418
-0.698079
-0.755530
-0.727639
-0.788803
-0.836266
-0.209077
0.393837
-0.274253
0.039388
0.139417
-0.689703
-0.692261
-0.688331
-0.794241
-0.100342
-0.646484
0.935157
0.403064
-0.485377
-0.350007
-0.051547
0.607732
0.493567
-0.417779
-0.419893
0.023966
-0.860133
-0.572001
-0.232586
-0.434546
-0.804507
-0.181702
0.200238
-0.757202
-0.934441
-0.402076
-0.033029
-0.486675
1.738463
-0.159811
-0.848108
-0.417665
3.624234
3.542741
1.759698
-0.403749
0.098462
0.271406
-0.442642
0.413185
0.604062
-0.322062
-0.393589
0.373375
-0.608146
-0.893155
-0.204395
-0.040660
-0.531873
-0.136979
0.014411
-0.367351
-0.318631
-0.517065
0.079888
-0.681008
-0.670021
-0.784756
0.013628
-0.236042
-0.601621
-0.507020
-0.584618
-0.968302
1.223994
0.262729
-0.196773
-0.160380
-0.038712
-0.662384
-0.771315
0.182305
-0.376527
-0.734638
-0.090466
0.556304
-0.719748
-0.398205
-0.457854
-0.323564
1.643594
-0.455216
0.965462
-0.221715
-0.420446
0.089841
-0.467324
-0.479453
-0.429859
0.058151
-0.125959
-0.600013
-0.794538
-0.351424
-0.980808
0.939883
-0.580867
-0.475750
0.030666
0.363946
1.490411
-0.496375
-0.014656
0.121764
1.683746
-0.746599
-0.633206
-0.814322
-0.877586
2.093501
-0.169664
0.527560
0.962768
1.689834
-0.434065
-0.013625
-0.356451
-0.855356
-0.252574
1.460346
0.226540
-0.841220
0.869159
2.177265
0.533796
-0.867757
1.266079
1.221280
2.140998
0.581794
1.170319
0.070580
0.201276
-0.544886
0.268965
-0.879192
-0.480921
-0.313639
-0.337850
-0.362680
0.754364
1.174759
0.152529
0.902567
0.458737
-0.269021
0.544493
-0.010036
-0.874041
0.768734
-0.204792
-0.662458
-0.648190
-0.738070
-0.861096
-0.671743
-0.542619
-0.429201
-0.687388
-0.005275
0.730468
-0.517677
-0.617109
-0.119082
0.732824
1.015547
-0.114375
1.510838
0.799175
-0.883974
0.681315
-0.386286
-0.106303
-0.592178
1.401824
-0.623490
0.264867
-0.547997
0.428454
0.442333
-0.708464
1.211373
0.297744
0.507500
-0.405798
-0.369480
2.881671
1.553583
2.872271
-0.703376
-0.611128
0.100226
-0.454031
0.633524
-0.557368
-0.521629
-0.375211
-0.850603
0.239272
-0.707376
0.240571
0.068886
0.112418
-0.401551
1.390753
-0.610916
0.553053
-0.093116
-0.403484
-0.805134
-0.529159
-0.173608
-0.778749
-0.520950
-0.500025
-0.438823
-0.415422
-0.717986
0.007596
-0.768064
-0.857311
-0.706226
-0.493122
-0.542452
-0.207084
-0.095698
0.051563
-0.738098
0.135170
-0.534145
0.192042
-0.864572
0.098249
0.112498
-0.660192
-0.210859
-0.387227
-0.466303
0.280545
0.219729
-0.780207
-0.164332
-0.037899
-0.704290
-0.514094
0.904419
-0.655709
0.482083
0.625491
0.082051
2.281015
0.012213
0.083937
0.006638
0.646611
-0.419488
0.083615
0.562838
-0.858193
0.183272
0.860797
0.009071
-0.332969
-0.790011
0.739561
0.086029
1.376418
-0.500647
-0.863743
-0.632375
0.542867
-0.341951
-0.407131
1.208019
-0.764479
-0.028117
1.734869
-0.205242
-0.526656
-0.387252
2.020627
0.531586
1.853672
0.850285
2.242370
0.423870
-0.443124
-0.779922
-0.851147
0.253919
-0.612127
-0.558961
-0.581393
1.933965
-0.652605
1.210855
-0.460051
0.518724
0.205109
-0.560813
0.330494
-0.598318
-0.044243
0.343846
0.988982
-0.493084
-0.762684
0.508276
-0.514499
-0.636911
-0.500129
0.415150
0.027179
-0.479848
-0.823579
0.066699
-0.951367
0.335529
0.967471
1.075119
-0.463960
1.184864
0.627742
0.052801
-0.048553
0.793091
-0.348746
-0.603209
-0.870887
-0.250857
-0.596218
0.712249
-0.214138
0.264597
-0.507497
1.360382
0.981226
1.469288
-0.547468
-0.487717
1.670220
2.995982
1.964897
-0.720877
-0.347606
-0.960090
0.459846
-0.890238
-0.538300
-0.685960
0.014204
-0.279831
-0.752024
-0.149798
0.800678
0.353931
0.642463
-0.422453
-0.194736
-0.744946
0.153784
-0.603875
-0.903302
-0.538273
0.039695
-0.893808
-0.922394
-0.199595
-0.693382
-0.762914
-0.865279
-0.231807
0.689701
0.272980
-0.510010
0.114991
-0.799033
-0.969445
-0.735923
-0.405154
-0.772071
-0.385146
-0.508570
-0.814113
-0.875818
-0.443805
-0.342306
-0.407817
0.648099
-0.198583
1.030596
0.392937
-0.287730
-0.402756
0.166046
-0.457080
-0.103201
-0.189427
-0.842772
-0.146977
0.202991
-0.171111
-0.187295
-0.689005
0.544155
1.382848
-0.505521
1.453921
-0.546060
-0.478826
-0.916751
-0.739672
-0.672958
-0.236035
-0.827159
0.834293
0.290232
1.560529
-0.044547
1.914879
-0.411448
1.730875
-0.461807
-0.143186
-0.819793
-0.655757
1.345818
0.479946
0.414986
-0.624951
1.060052
-0.245465
-0.665132
0.731303
-0.651371
2.709283
3.123751
4.028628
0.352863
-0.443403
0.372836
0.336663
0.571691
1.748573
-0.602809
0.479831
-0.182931
1.257443
1.172706
-0.401120
-0.019390
0.617991
0.132992
0.257960
-0.198173
-0.494750
-0.615006
-0.129487
0.261232
-0.251469
1.006402
-0.668922
0.215639
-0.663962
-0.940189
-0.076420
-0.247470
0.132243
-0.456797
-0.058688
0.956349
0.057382
0.908106
-0.613125
0.311148
0.403172
-0.540637
1.141590
-0.519562
0.607292
0.128652
-0.284021
0.112684
-0.877544
-0.484839
0.238148
-0.877923
-0.516594
1.767981
-0.873187
0.425349
0.345006
0.222878
0.117991
-0.293568
-0.138953
1.037149
2.522119
0.900940
0.335135
-0.036599
-0.616392
-0.359985
-0.655719
-0.162354
-0.763641
-0.230367
0.367796
0.099488
-0.601258
-0.907497
0.222522
-0.690309
-0.737243
-0.575371
-0.516186
-0.599448
0.073678
-0.686383
0.597150
-0.539788
-0.721927
-0.068828
-0.644492
-0.651685
-0.790173
-0.123445
-0.374568
0.578282
-0.454552
-0.270923
-0.681047
-0.235375
0.333110
-0.212938
-0.624395
-0.177487
-0.473772
0.145563
-0.627826
-0.720922
0.315192
-0.387182
0.014963
-0.067642
-0.524470
0.726091
-0.065908
-0.007370
0.250294
-0.208507
-0.767048
0.339712
-0.071170
-0.784684
-0.103986
0.024832
-0.092755
-0.340548
-0.874735
-0.574373
0.305943
-0.263193
-0.884803
-0.396517
-0.137138
-0.487024
0.482036
-0.531175
-0.749061
0.519356
0.470376
-0.363612
0.393735
0.252146
0.274164
0.449048
-0.747523
1.206061
0.812145
0.060595
1.826045
-0.390571
-0.060593
-0.102159
-0.791944
0.178698
-0.269239
0.124457
-0.040127
1.870066
0.504007
0.790605
0.332899
1.300112
1.833122
0.720129
0.566116
0.144369
0.526559
-0.367994
-0.286490
0.687316
1.162424
0.655725
0.685937
-0.283647
-0.102066
-0.238425
-0.789656
-0.419068
0.967170
0.176616
-0.813445
0.027220
-0.664071
-0.370077
0.785467
-0.403488
-0.666946
0.193171
-0.002242
-0.876358
-0.450121
0.171211
-0.449704
0.017157
0.684938
1.012218
0.169025
-0.287360
0.148787
0.957897
1.036216
-0.418741
-0.267169
0.007310
0.091384
0.061469
-0.519670
0.526936
0.484195
-0.534764
0.670510
-0.067166
-0.090582
2.230536
1.041168
0.477832
-0.225496
1.550700
2.363767
1.476158
0.462617
-0.496389
-0.155147
-0.659950
-0.571504
-0.414912
-0.328102
-0.319667
-0.623961
-0.201351
-0.834891
-0.465737
-0.554414
-0.764120
0.506836
-0.692001
-0.273837
-0.195423
-0.346752
-0.150260
-0.965739
-0.026927
-0.564780
-0.436160
-0.010667
0.476220
0.447819
0.024114
-0.637617
-0.186114
-0.725225
-0.852762
-0.735299
0.467127
-0.733174
-0.638179
-0.767538
-0.840785
-0.422185
-0.369775
-0.409663
-0.463045
-0.765752
-0.652146
-0.402671
-0.315653
-0.332348
-0.414499
0.044534
0.587299
-0.414256
-0.621538
-0.356974
0.065512
-0.707215
0.023407
-0.378355
-0.238814
0.999737
-0.589084
-0.366254
-0.380977
-0.489436
1.853618
-0.521137
-0.251014
0.320981
-0.539503
0.526551
-0.629160
-0.131020
-0.928187
0.430878
-0.244106
-0.442629
-0.535294
0.739867
0.376279
0.697582
-0.572748
0.532910
-0.589240
0.268156
0.547471
0.185448
-0.414981
1.972985
-0.796391
-0.653231
-0.628719
0.276082
0.341735
0.100067
1.786928
0.501644
1.841965
0.581444
2.747259
2.935846
2.270846
4.091749
0.910254
-0.732480
0.104876
-0.108258
-0.120520
-0.558490
-0.369737
0.743452
-0.790480
0.722960
0.443020
1.981957
0.382035
-0.839938
0.143938
1.753343
0.424457
0.034727
-0.301590
-0.417868
0.187900
-0.802101
-0.562095
-0.188139
-0.701051
-0.631846
-0.366748
0.105477
-0.319095
-0.036131
-0.196865
-0.724631
0.057083
0.016433
-0.260696
0.754542
0.211251
-0.425770
-0.247782
-0.561490
-0.389964
-0.899083
-0.741155
-0.282668
-0.803127
-0.502073
-0.936283
0.761432
2.645509
7.762896
18.143458
11.127695
2.230857
0.555694
-0.300805
-0.303418
-0.010341
-0.029397
0.271261
-0.130158
-0.312734
-0.150112
-0.913145
-0.220858
0.552226
-0.955515
-0.460058
-0.259199
-0.848451
-0.919977
-0.588627
-0.574111
-0.377192
-0.854293
-0.274705
0.181465
-0.422384
-0.533638
-0.706351
-0.400792
-0.756492
-0.797921
0.311663
0.637550
-0.330519
-0.390099
-0.827216
-0.487102
-0.580606
-0.712029
-0.651860
-0.981216
-0.721397
-0.803233
-0.758636
-0.742027
-0.482060
-0.498177
-0.630978
-0.943840
-0.323801
0.648017
0.091934
-0.769883
-0.437714
-0.787628
-0.678179
-0.813617
-0.746302
-0.676238
-0.914669
-0.723400
-0.525210
-0.770370
-0.912671
-0.790607
-0.772858
-0.844702
-0.559247
0.090230
0.283786
-0.897589
-0.596023
-0.616919
-0.700740
-0.783338
-0.142556
-0.573549
-0.280182
-0.230164
1.120058
-0.814079
-0.113758
0.793812
-0.230720
-0.472190
-0.268389
-0.310940
-0.221043
-0.063264
-0.828895
-0.862191
0.038394
0.237296
0.421273
0.510717
0.792214
1.851708
1.470400
0.842457
0.969348
-0.214210
0.211554
-0.363759
-0.214085
-0.381771
0.047357
-0.710860
0.346149
0.278404
-0.131390
0.732560
1.033893
-0.432297
0.672480
0.183774
0.269018
-0.700040
0.134340
-0.663811
-0.046494
-0.522578
-0.474648
-0.803656
-0.540724
-0.082484
-0.708210
-0.636191
-0.137022
-0.381083
-0.860572
0.761520
0.010185
-0.367199
0.113545
0.712452
-0.185160
-0.183359
0.016060
-0.718934
-0.313267
-0.415931
-0.657248
-0.559309
0.057092
-0.569324
-0.513135
-0.338409
0.913964
1.321590
-0.131992
-0.592238
-0.433721
-0.549122
1.525859
1.789703
3.099864
0.664226
0.668718
0.753594
-0.366826
-0.757580
-0.718805
-0.359525
-0.385859
-0.801034
-0.020721
-0.425739
-0.491589
-0.818112
-0.637362
-0.302159
-0.689432
0.573423
-0.416769
-0.280359
-0.350876
0.316825
-0.230968
-0.152818
0.029887
0.225269
-0.333671
-0.066745
-0.345950
-0.182113
-0.482537
-0.096604
-0.231863
1.164941
0.632932
0.022407
0.639701
-0.776982
-0.331457
0.158834
-0.533378
-0.422961
-0.261263
-0.774872
0.410774
0.033392
-0.650756
1.993453
-0.402497
-0.753753
1.152868
-0.872343
-0.945092
-0.158111
-0.542474
0.818628
-0.543000
-0.584285
-0.337050
-0.364597
-0.595685
0.278262
-0.292326
0.492378
0.983142
-0.060814
-0.297953
-0.406595
0.067799
-0.248808
-0.157615
-0.544474
-0.284731
-0.644732
-0.905712
0.661952
-0.070054
-0.001105
-0.819717
0.377585
-0.539056
0.169491
0.033182
-0.660003
-0.222503
0.218778
0.588042
0.536896
-0.378824
0.180529
1.107699
-0.622783
0.573457
1.485353
0.921373
1.222581
3.060676
0.112110
-0.569052
1.848107
-0.391289
-0.078567
-0.169834
0.108548
-0.711235
-0.566313
0.489727
1.089576
0.135295
-0.831100
0.060323
0.487152
-0.057463
-0.041631
0.742496
-0.458721
-0.725559
-0.803507
0.071614
-0.775712
-0.050109
-0.389270
-0.138819
-0.133394
0.861578
-0.834098
-0.714516
-0.330360
-0.803023
-0.231496
1.164878
-0.427526
2.032220
-0.734510
-0.372576
1.391217
0.066645
0.994542
-0.352733
-0.511166
1.028335
1.059569
-0.329709
-0.684500
-0.443397
-0.461164
0.331659
-0.337731
0.363318
1.468884
0.089399
-0.046971
0.992103
2.342275
2.013290
-0.196638
-0.714575
-0.013876
0.404966
-0.595607
-0.263554
-0.679738
-0.398455
1.048182
-0.969565
-0.277242
0.259027
-0.783390
-0.635643
0.445501
0.452829
-0.897572
-0.471050
-0.619490
-0.544693
-0.398013
-0.867254
-0.954593
-0.311930
0.187571
-0.781088
-0.617539
0.749178
-0.606691
-0.083731
-0.035591
-0.681843
-0.134801
-0.156866
0.276845
0.402697
-0.543716
-0.525160
-0.550640
-0.552626
-0.646226
1.015146
-0.350596
0.423980
-0.509001
0.372861
0.193596
1.025482
0.450826
-0.788122
-0.857606
-0.149892
-0.373759
-0.290584
0.458625
0.120067
-0.905093
-0.932785
-0.418861
-0.770159
1.019951
2.430343
-0.920024
-0.627407
-0.321346
0.217254
-0.499675
0.583302
-0.335602
-0.037651
-0.050914
-0.551134
-0.133612
-0.374803
-0.787001
1.986869
1.864852
0.270634
0.665280
0.204841
-0.338977
-0.599349
-0.278790
-0.401292
-0.888605
-0.045722
0.246887
-0.057851
0.042291
0.878332
1.105550
-0.261807
1.127417
1.704908
0.845498
1.128924
0.969878
2.165673
-0.817851
-0.737738
-0.466438
0.640882
0.706834
-0.690821
-0.642005
0.881561
-0.394895
0.774815
-0.668178
0.936729
0.246757
0.611021
0.030040
0.246885
-0.808657
-0.907502
-0.625200
-0.724911
-0.157888
0.413503
-0.929014
0.023369
0.116371
0.511003
-0.149689
-0.254016
0.547908
-0.752125
0.053612
-0.643635
-0.097512
1.701922
0.459860
-0.896584
-0.605486
0.012772
-0.875761
-0.685672
1.044283
-0.629055
0.201987
-0.747681
-0.363726
0.214109
0.185464
0.211154
0.212069
0.582097
0.239599
0.539631
-0.228413
2.138752
2.185033
1.172267
1.429028
-0.787301
-0.772648
-0.877058
-0.468144
-0.334341
-0.768835
-0.605663
-0.833790
-0.186738
-0.105608
-0.571148
-0.148704
-0.711966
-0.207705
-0.211974
0.099060
-0.497342
-0.714845
-0.479748
0.141359
-0.565757
-0.173598
-0.475447
0.394806
1.403162
-0.718568
-0.616591
0.012244
-0.190069
-0.786401
-0.191712
-0.804288
-0.722517
-0.761528
-0.625274
-0.050254
-0.729932
0.641253
0.569312
1.090268
-0.933290
-0.236233
-0.551358
-0.890585
-0.883401
-0.364667
-0.774911
0.251163
0.940419
1.053262
-0.597889
-0.540028
-0.174530
-0.451482
-0.873825
-0.343661
0.257509
-0.480979
-0.322185
0.015478
-0.737985
0.933438
0.503945
-0.311509
-0.269326
-0.137526
-0.784923
0.217523
-0.916150
-0.579186
-0.792512
-0.451405
1.045948
-0.108462
0.931766
0.092764
-0.466599
-0.563684
1.078708
-0.302535
1.273858
-0.336058
0.937845
0.364405
1.728654
-0.752634
0.176648
0.341576
1.983110
-0.573177
0.715064
1.431657
1.564027
2.276394
0.604564
-0.250472
-0.150696
0.429334
0.087526
0.312316
0.673733
0.070150
-0.656125
-0.699974
-0.319006
0.675158
0.003901
0.911357
0.637345
-0.638726
-0.800669
-0.136710
0.626272
-0.026265
-0.814497
-0.026650
-0.634165
-0.560840
-0.156437
-0.335162
0.663809
-0.755755
-0.705384
1.155840
-0.774618
1.872022
0.012955
0.676450
0.454662
-0.822823
0.924786
1.001662
0.575366
0.103890
-0.538159
-0.849564
0.211709
0.457088
1.147230
-0.429307
-0.508442
-0.513826
0.466701
-0.290829
0.682179
0.294231
0.315594
1.670093
0.271634
0.583770
0.897818
2.248910
1.461509
0.514360
-0.481571
-0.570929
-0.819692
1.608827
-0.678128
-0.718450
1.423945
-0.728218
1.311030
-0.237521
-0.693272
-0.573230
0.044379
-0.904128
-0.621863
-0.840101
-0.365379
-0.677281
-0.147637
0.713710
-0.778233
-0.842733
-0.647607
-0.454742
-0.769686
-0.871788
-0.791346
0.358870
-0.048811
-0.309579
-0.572598
-0.207900
-0.093695
-0.585517
-0.451596
-0.272770
-0.303738
-0.818808
-0.707883
-0.017163
0.027863
0.130382
-0.838123
0.500451
-0.653269
0.075017
-0.592812
-0.850316
-0.001610
-0.675820
-0.809122
-0.773048
-0.824195
-0.415717
-0.607319
-0.120768
-0.483324
-0.553782
-0.479277
0.845793
0.728951
-0.431454
-0.754893
-0.378000
-0.657308
1.169939
-0.097215
-0.641972
0.358499
0.276092
0.160487
0.152398
0.484721
1.271458
-0.558109
1.703225
2.060320
-0.723864
-0.767702
-0.315599
-0.728576
-0.721321
0.862151
-0.023672
1.673606
-0.259948
1.710214
-0.145262
-0.430898
1.063245
3.250424
3.012245
1.841829
0.105730
0.060558
-0.047853
0.719383
-0.202254
-0.129245
-0.246118
0.913439
2.728933
0.299173
1.630034
-0.429129
0.628297
0.492985
0.383646
-0.036100
0.178671
-0.782292
-0.859042
1.205337
0.454721
-0.618730
-0.413147
-0.833528
0.063153
-0.511746
-0.769366
-0.424342
-0.007045
-0.943129
-0.446470
-0.714573
0.390379
0.371569
0.789292
1.110242
0.307767
0.771151
0.300023
-0.364561
1.227134
-0.702243
0.186943
-0.539002
1.142086
-0.448737
0.480219
-0.681421
0.184727
0.612057
0.201944
0.729904
0.523364
-0.475262
0.019518
0.766256
-0.599502
-0.002545
1.471650
2.518877
0.658507
-0.803341
0.301706
-0.444040
-0.845904
-0.884262
-0.841666
-0.379490
-0.852800
-0.122898
0.886859
0.221697
-0.552982
-0.116690
-0.829628
-0.925969
-0.307308
-0.733839
0.923094
-0.487303
-0.485258
-0.903541
-0.539846
-0.786023
-0.371941
-0.477438
-0.723642
-0.250897
0.519637
-0.979794
0.058785
0.024027
-0.844274
0.732124
-0.655766
-0.628029
-0.789551
-0.043512
0.172984
-0.010803
-0.743087
-0.157802
0.494593
-0.637689
-0.448014
-0.596729
0.163939
-0.803221
0.409059
-0.490681
-0.738226
-0.812467
-0.239539
-0.736074
-0.236970
-0.293881
-0.534399
0.518985
0.375182
-0.101720
-0.307367
0.030975
-0.643770
-0.421850
0.341241
-0.188377
0.579767
-0.405629
1.267775
0.562243
0.088743
-0.953458
0.124873
-0.509159
-0.365773
-0.515379
-0.277195
0.667251
0.851003
1.798852
-0.672637
-0.427137
-0.138323
-0.663537
1.016539
1.494363
-0.624927
-0.251394
-0.853335
0.729891
0.980514
0.366377
0.098466
2.708478
1.669264
0.952370
0.381080
1.800129
0.146468
-0.562303
-0.679493
-0.617072
0.703518
0.242121
1.387172
0.248869
-0.392267
-0.020186
-0.200463
-0.218798
0.056799
1.066438
-0.174418
-0.279073
1.078033
-0.460341
0.228022
-0.604631
-0.309390
-0.744449
0.135149
-0.709787
-0.695329
-0.092327
-0.595675
-0.299783
0.930237
-0.674596
-0.242969
-0.004403
-0.325442
0.446220
0.428578
0.242594
0.261877
0.647365
1.182414
-0.678704
0.042417
1.886181
-0.876627
0.285866
-0.757818
-0.318092
-0.765127
1.245000
-0.229002
0.229583
0.775050
-0.154932
-0.132858
1.666691
3.117843
2.294422
0.810766
-0.873231
-0.372860
-0.670599
-0.433454
0.552333
-0.744849
-0.531924
-0.352894
-0.409037
-0.739572
-0.750016
0.300901
-0.536656
-0.694673
-0.311928
-0.799472
0.033657
0.053943
-0.836929
-0.488575
-0.481996
-0.480575
-0.152396
0.126246
0.398461
-0.322251
-0.609437
0.308136
-0.872478
-0.054217
-0.611451
0.232247
-0.678118
0.801525
-0.882730
-0.958597
-0.701661
-0.221556
1.166849
-0.010117
-0.472163
-0.731105
1.214158
-0.700230
-0.565422
-0.717198
-0.676260
0.345939
-0.665040
-0.352551
0.094709
-0.615716
0.319250
-0.665320
-0.381268
-0.057623
-0.657707
-0.488593
-0.888844
-0.587388
-0.171317
0.146968
-0.564279
0.916849
0.339658
1.536010
-0.198185
-0.638343
-0.659950
-0.604505
-0.916743
-0.686530
-0.730964
0.308669
0.713511
1.738096
-0.592424
-0.878205
0.158269
0.908427
-0.498440
-0.018339
-0.830142
1.170035
1.343651
0.334980
0.319546
0.278295
0.397907
-0.292279
-0.458067
-0.491812
2.116515
-0.213403
2.158735
3.143308
1.428788
0.984826
0.411025
1.343633
1.811357
0.270210
0.099819
-0.418242
-0.543134
-0.454832
-0.353669
0.379714
-0.378734
-0.532326
-0.095283
1.288152
-0.721382
0.468968
-0.235749
-0.038584
0.969663
-0.703410
-0.961470
-0.724038
-0.500677
-0.559851
-0.821044
-0.530036
-0.135463
-0.468592
-0.649141
-0.855348
-0.415017
0.907068
-0.948165
-0.310540
-0.072163
-0.220058
-0.669141
0.086535
-0.625659
-0.379849
0.687747
-0.091486
-0.562540
-0.119373
-0.612143
1.527462
-0.129853
0.303516
-0.308327
0.931001
2.623984
3.239972
2.271345
0.437902
0.106425
-0.349981
-0.725870
-0.438865
0.110082
-0.503950
-0.697297
-0.768173
1.119763
-0.219702
-0.785342
-0.038724
-0.629318
0.035067
0.251843
0.197666
-0.543986
0.789314
0.317158
-0.278664
0.321776
-0.497662
-0.635422
-0.009312
-0.753902
-0.465671
-0.449103
0.104282
-0.136877
-0.385132
-0.833220
-0.628816
0.483925
-0.426230
-0.769565
2.180872
-0.465396
0.869655
-0.707812
-0.685168
-0.865671
-0.319178
-0.387804
-0.438833
0.423203
-0.776758
1.009537
-0.032937
1.401488
0.268884
0.120031
0.131548
-0.920468
-0.560200
0.452200
-0.519526
-0.624366
-0.147130
-0.307877
-0.244597
-0.947784
-0.434230
-0.737139
-0.402589
0.432107
0.478864
-0.453694
-0.252128
-0.241005
-0.447841
-0.657468
-0.416229
-0.722569
0.532452
-0.595045
0.198121
2.169473
0.587607
1.202388
-0.188765
-0.662739
-0.713608
1.493915
-0.956262
-0.830175
0.856684
1.127443
-0.576384
-0.641460
1.717340
-0.055401
1.007717
1.103413
2.447829
2.088325
1.619288
0.627564
0.827544
-0.291392
-0.459586
-0.442672
0.455318
0.070844
-0.230601
0.631709
-0.256741
0.526354
-0.642832
-0.738807
-0.095115
0.038313
0.594254
-0.606358
-0.640864
-0.555899
-0.546544
-0.100726
-0.781153
-0.509055
-0.380039
-0.407355
-0.798198
-0.573949
-0.771424
-0.690202
0.240530
0.134326
-0.747010
1.179500
1.493412
-0.445843
0.262839
0.159608
0.542235
-0.870788
0.241549
0.325461
-0.454075
-0.480746
-0.571213
0.812907
-0.780530
-0.127860
0.757160
-0.390579
-0.920855
0.668605
0.011163
0.969029
-0.741513
1.503026
1.948391
3.797378
2.231977
-0.490220
0.321943
-0.355788
1.331526
-0.712104
-0.638955
-0.972331
-0.194690
-0.312390
-0.602251
-0.359270
-0.353079
0.895196
0.092489
-0.525647
-0.657531
-0.738591
-0.847895
-0.865543
-0.338412
-0.435590
-0.832483
-0.724840
-0.449571
-0.670481
-0.073924
0.276502
-0.803177
0.694572
-0.549581
-0.576332
-0.728596
-0.782539
-0.339854
-0.364425
-0.344652
-0.599433
-0.463781
-0.915550
-0.125187
0.263722
-0.116727
-0.218330
0.139465
-0.434531
-0.632665
1.835071
-0.268734
1.288165
0.043649
-0.554250
-0.562674
-0.496650
-0.216367
0.601622
-0.240438
-0.613172
0.098182
0.544182
-0.656701
-0.420900
0.576904
1.041767
-0.478864
1.222182
-0.071698
0.134234
-0.833409
0.015312
0.175388
0.875209
-0.902094
-0.834880
-0.843485
-0.354682
1.785581
0.015694
0.861118
-0.053551
-0.332020
-0.021746
1.952241
-0.415535
-0.561617
-0.705129
0.943961
-0.864576
0.832236
0.370012
0.857761
0.849588
-0.700238
1.883338
1.501271
0.913321
0.424492
0.920277
-0.587457
-0.340591
0.093698
-0.204956
-0.509135
0.109271
-0.151256
1.291452
0.818803
-0.445584
0.666825
-0.139688
-0.980158
-0.389322
-0.550541
-0.051954
-0.710894
0.261470
-0.651729
-0.860353
-0.680922
-0.714741
0.002166
-0.835765
-0.376953
0.097918
0.658603
-0.771298
0.020986
1.159609
-0.724201
0.329163
0.725434
-0.035353
0.793958
0.587879
1.096390
1.248572
-0.719843
0.777308
-0.829974
0.541156
-0.742859
-0.207955
-0.634202
-0.261091
0.205489
0.036597
-0.443038
0.372205
-0.533868
-0.831428
-0.358628
0.006054
1.519264
4.230093
2.514274
-0.267211
-0.615671
-0.486694
-0.744429
-0.796126
-0.745519
-0.033496
-0.734123
0.086404
0.726193
-0.872023
-0.071992
0.091577
-0.059309
-0.336380
-0.644956
-0.432802
-0.185422
0.739538
-0.643550
-0.390222
0.523753
0.647913
-0.856625
-0.381269
0.168539
-0.673430
-0.887688
-0.330207
-0.467145
0.353986
-0.482275
0.089979
-0.556778
-0.828384
-0.543363
-0.894904
-0.343182
-0.350567
1.487139
-0.582992
-0.785634
-0.337043
0.008653
-0.556970
-0.614269
-0.703870
-0.848340
0.670080
-0.394985
-0.099083
-0.311593
0.265348
-0.335039
-0.634258
1.074690
-0.278737
-0.311657
-0.580145
-0.461696
-0.744913
0.104940
0.288000
-0.158895
-0.466548
0.945357
1.541490
-0.395678
-0.254007
0.211532
0.475070
-0.807531
0.834575
1.381747
-0.712972
-0.065562
0.899113
-0.803881
-0.274361
1.113906
0.982885
0.272818
-0.776427
-0.020104
1.110696
-0.223105
-0.808333
0.238190
2.152217
-0.565468
2.023907
-0.091369
0.680178
2.608276
2.646266
1.269342
0.881335
0.453317
-0.120505
0.076437
-0.023906
0.447277
-0.592282
0.530770
0.760064
-0.028353
0.157514
-0.286450
0.292439
0.712396
-0.717987
-0.784634
-0.573883
0.015271
0.327112
-0.526605
-0.585881
0.415574
0.224969
-0.214840
0.262103
0.116602
0.333216
-0.379743
-0.016575
0.745598
-0.709029
0.239839
-0.186268
0.027126
0.141526
0.172903
1.292871
0.213325
0.307380
-0.492440
-0.876826
0.228614
0.398344
0.282755
0.758503
0.945974
-0.197029
-0.121239
0.272332
-0.913638
0.135726
0.030702
-0.748745
0.115229
-0.851318
1.396088
2.529760
0.734408
0.354866
-0.467184
-0.323788
-0.905262
-0.328349
-0.445012
-0.299145
0.415490
-0.396237
-0.904120
-0.483761
-0.869403
-0.860504
0.080069
0.728738
-0.884532
-0.850995
-0.086901
0.750393
-0.726980
-0.464530
-0.956580
-0.530823
0.100001
-0.433886
-0.651610
-0.700272
-0.843533
-0.178080
0.084199
-0.241419
1.118132
0.660414
-0.135675
-0.581404
-0.802852
-0.930646
-0.384161
0.331337
-0.438735
-0.269688
-0.687995
-0.801718
-0.750233
-0.656447
-0.040259
0.488832
0.408342
-0.092787
-0.604131
1.113835
-0.284054
-0.893435
-0.472040
-0.145862
-0.708742
0.137445
-0.103422
-0.695079
0.715252
1.213108
0.048723
0.304174
-0.712088
1.362455
1.291410
0.070064
0.368236
0.518897
1.586439
1.050994
0.589095
-0.419227
-0.539257
0.060507
0.091956
0.946558
1.075419
0.921086
-0.382175
0.032211
-0.440784
-0.469218
0.383814
-0.478581
0.882318
0.802953
-0.907057
-0.206702
1.653171
0.259733
1.415885
1.105102
1.287965
1.640977
0.529611
-0.283279
-0.207850
-0.598315
-0.884467
0.179036
0.155880
-0.621490
-0.575214
0.844814
0.071037
0.304260
0.582451
-0.851309
-0.073858
-0.630883
-0.440378
-0.522951
-0.311908
-0.613726
0.054354
-0.511436
0.135035
-0.074937
-0.777827
-0.161101
0.188598
0.074234
-0.440788
0.591275
-0.216301
0.020417
0.593588
0.018026
0.609959
-0.053765
-0.658462
0.226832
1.135451
0.141137
-0.631657
0.823234
0.032918
-0.523079
-0.720372
-0.439513
-0.401295
-0.664938
-0.651502
0.437764
-0.436332
0.725210
0.871760
0.082189
-0.531476
0.843524
-0.286740
3.400368
1.371463
1.601164
0.144923
-0.865190
-0.673493
0.173027
-0.386214
-0.622142
-0.350019
0.050221
0.666614
-0.653423
0.010128
0.282320
-0.577669
-0.592256
-0.560517
-0.548509
-0.547264
-0.286197
-0.445750
0.477950
-0.332881
-0.705642
-0.287445
-0.443787
-0.727234
-0.412761
0.205941
-0.921564
-0.312930
0.128655
-0.155515
-0.434450
-0.500145
-0.337736
0.601096
-0.663549
-0.377348
0.582730
-0.285064
-0.041383
-0.407339
-0.481765
-0.543954
-0.075643
-0.523704
0.197348
-0.190201
-0.579995
-0.084954
0.046054
-0.400447
-0.611868
-0.428396
0.012779
-0.069624
0.265618
0.623006
0.447939
0.657152
0.342052
-0.127537
0.194969
0.524257
-0.259522
-0.170843
-0.759989
-0.196478
-0.469470
0.207814
0.149323
0.221614
0.133434
-0.022442
-0.529185
0.431636
0.339617
-0.014314
1.142987
0.453132
-0.478337
0.132696
0.034844
0.482774
0.604805
0.305409
-0.378773
0.511744
0.520711
0.426583
1.277932
1.045242
1.075938
2.851634
3.029331
0.610575
1.045302
0.163726
0.409839
-0.265671
-0.327928
-0.252427
1.217849
-0.464842
1.189320
0.321575
0.795993
0.760902
0.709106
-0.160985
-0.199622
-0.669232
-0.737607
0.171040
-0.524467
-0.737559
-0.065394
-0.552687
-0.486470
-0.736111
-0.498084
-0.500112
-0.452648
-0.755254
-0.606378
1.041947
0.409933
0.743432
0.420037
0.205921
0.818467
0.061620
1.074869
0.792018
0.348161
1.182639
-0.010052
0.567322
0.487883
0.492319
0.067154
-0.816182
0.568888
-0.425392
-0.400253
0.047861
0.006543
0.605341
-0.224045
-0.654318
0.590641
-0.664139
0.013096
1.372951
1.932448
1.382555
-0.068916
-0.696246
-0.851787
-0.028953
-0.795794
-0.519346
0.625531
1.314756
0.906843
-0.125775
-0.738926
0.052360
0.682642
0.224388
-0.142987
-0.226709
-0.381977
-0.636784
-0.225055
-0.071277
-0.977593
-0.497181
-0.123206
-0.712345
-0.026838
-0.582493
-0.317624
-0.681197
-0.955754
-0.901750
-0.664549
-0.328822
-0.725395
-0.611282
-0.185262
-0.824386
-0.781115
-0.661662
-0.291291
1.170823
-0.350268
-0.566062
2.498856
