0.000000
-0.493690
-0.675736
-0.795571
-0.719370
-0.874831
-0.893173
-0.782560
-0.780510
-0.841617
-0.688479
-0.632200
-0.772323
-0.921463
-0.774620
-0.188377
-0.798496
-0.769609
-0.935470
-0.772646
-0.957609
-0.832278
-0.969666
-0.862585
-0.572437
-0.853184
-0.668545
-0.736685
-0.882370
-0.442301
-0.316156
-0.633320
-0.523172
-0.978619
-0.837844
-0.405206
-0.690885
-0.378022
-0.805146
-0.555686
-0.735122
-0.723776
-0.795585
-0.009028
-0.768054
-0.814395
-0.789812
-0.737456
-0.679481
-0.274380
0.081928
0.955748
0.242172
-0.372385
-0.834747
-0.327254
-0.820600
-0.904503
-0.810771
-0.441023
-0.020086
-0.514858
1.084017
-0.741344
-0.008593
0.691157
0.001041
0.170506
0.583032
-0.469729
-0.328721
-0.794544
-0.908200
-0.761636
-0.496889
0.241688
-0.139536
-0.576673
-0.100101
-0.115502
-0.377888
-0.086619
-0.389590
-0.702841
-0.555652
-0.003240
-0.898969
-0.071115
-0.558680
-0.568040
0.070494
-0.542710
0.052525
-0.513749
-0.639623
0.369376
-0.747540
-0.498396
-0.711701
0.798260
-0.226125
0.786607
-0.401204
0.127031
-0.659740
-0.187273
0.032733
-0.268862
0.433307
0.126697
-0.297987
-0.753047
-0.180316
-0.119475
-0.075526
-0.334366
-0.179012
-0.323951
-0.236194
-0.052433
0.080873
-0.536528
-0.459664
0.317959
-0.352340
0.133034
-0.498930
-0.438012
-0.272545
-0.466682
0.532590
0.549757
-0.460729
-0.272818
0.021947
-0.438343
-0.183016
2.607853
0.856896
0.794549
-0.478049
1.237240
-0.242458
-0.211900
-0.168092
-0.333462
0.329414
-0.271554
0.800712
-0.374750
0.163120
-0.154071
1.335829
0.026193
0.022284
0.595433
0.300898
1.828192
-0.437986
1.209314
2.978504
1.485567
-0.045600
0.421527
-0.110748
-0.652552
0.326739
-0.412982
0.988552
0.128253
0.251014
1.146325
-0.306687
0.028116
-0.155701
-0.421575
-0.153830
0.710557
-0.647276
0.244189
-0.455802
0.085784
0.392089
-0.580416
-0.196233
1.581381
-0.732220
0.560410
0.138501
-0.557333
-0.391992
-0.427611
0.441577
-0.731476
-0.079937
-0.747305
-0.462813
-0.451685
-0.398189
-0.353398
-0.872155
-0.110801
-0.701977
1.988166
-0.889954
-0.714953
-0.736684
-0.670486
-0.159771
-0.758723
0.031019
-0.447515
0.500254
-0.621526
-0.176681
-0.522148
0.422573
-0.160150
-0.523528
-0.346280
-0.373880
-0.529999
-0.057991
1.301833
0.560276
1.214444
0.037142
-0.540759
0.999653
0.786636
1.086388
0.186507
0.381186
-0.716490
0.640126
-0.534517
-0.302678
-0.830801
0.604129
-0.848040
-0.310623
1.050500
-0.818669
0.307233
0.209463
0.062847
0.665633
0.247139
-0.552882
-0.530982
0.735218
-0.199485
0.112552
0.489387
0.322164
-0.046915
-0.478266
-0.147875
-0.744073
-0.508483
-0.092828
0.358007
1.124951
1.467148
0.098688
0.231227
0.300901
-0.121427
-0.744848
0.296644
0.038598
-0.080503
-0.441469
1.290126
-0.883472
-0.348461
-0.315901
-0.168921
-0.508672
-0.260616
-0.059225
-0.700257
-0.638258
-0.178317
-0.078494
0.216133
0.325513
0.134258
1.086323
-0.538006
-0.005542
-0.348965
0.221306
-0.894139
-0.096705
0.153137
-0.140427
-0.477799
-0.547149
0.137597
0.089668
-0.109348
-0.340364
-0.177210
-0.384973
-0.485228
0.570397
-0.610146
0.105916
-0.656065
-0.207663
0.621723
1.577437
-0.271208
-0.249450
-0.432955
-0.010924
-0.384591
-0.429061
-0.298974
0.242434
0.368703
0.280955
-0.551379
1.582404
-0.911221
-0.283545
-0.318131
1.651182
-0.027548
0.184733
0.166411
-0.900456
0.347875
1.993068
2.424526
0.409774
-0.559052
0.801156
-0.685478
0.170485
0.042670
-0.519252
0.958917
1.418163
-0.533961
-0.714388
1.034503
0.590729
-0.702697
0.287987
-0.394725
1.192707
-0.176782
1.106111
0.650840
0.883856
-0.708254
0.796478
0.509807
1.147626
1.260817
-0.625988
1.139021
1.002534
-0.729328
-0.334780
0.013999
0.432734
0.502695
-0.931308
-0.791765
-0.002780
-0.571704
0.083672
0.413020
0.353776
-0.604737
-0.033650
0.085160
-0.177498
-0.492612
-0.828809
-0.425414
-0.611065
-0.852858
-0.392847
-0.654289
-0.829383
-0.816362
-0.622093
-0.711915
-0.110762
-0.508280
0.114102
-0.425451
0.603349
1.003966
1.052097
0.217181
1.385755
-0.136056
-0.835316
-0.929769
0.591963
1.057940
0.242106
-0.628634
-0.596720
-0.615245
0.420744
-0.741799
-0.174018
-0.974164
0.419899
-0.154977
-0.413192
-0.418808
-0.647298
-0.288305
0.110235
-0.847554
-0.064958
0.538624
0.031893
-0.176991
-0.168126
0.943202
-0.645575
-0.040576
1.303893
-0.124619
-0.360301
-0.298690
-0.477833
-0.008189
-0.508204
0.091179
-0.147136
0.005859
-0.224924
-0.276600
-0.574328
-0.668083
-0.243359
-0.368268
-0.143425
0.540226
0.066875
0.286604
-0.421431
-0.452320
-0.693750
0.080801
0.711736
-0.628748
-0.416480
-0.074952
-0.010888
0.215353
-0.122761
-0.184250
-0.597345
-0.289226
-0.521769
-0.688687
-0.454963
0.407324
0.213703
0.822896
-0.840617
-0.152122
0.167131
-0.229311
-0.691126
-0.249813
-0.618812
1.337293
-0.829417
-0.769342
-0.478654
1.081361
0.196283
-0.353269
-0.346616
0.828147
-0.788095
-0.292169
-0.725538
0.095887
-0.692786
-0.796463
0.677396
-0.387181
0.286905
-0.919241
-0.398772
3.319876
-0.782275
0.369141
1.315700
-0.113462
0.955719
-0.191976
-0.089232
-0.072618
0.439166
-0.354453
0.857327
-0.563496
1.621497
1.137351
3.099618
0.472246
1.491634
0.411329
-0.582724
-0.541027
0.334429
0.302969
-0.375663
-0.845440
-0.630897
0.080200
1.003151
1.520059
0.947981
0.684186
-0.579921
0.144253
0.315863
-0.239743
1.956269
1.686801
0.235513
0.306101
-0.505478
0.149753
0.780864
1.246355
-0.421544
0.188821
-0.141624
-0.809999
-0.550630
-0.404094
-0.582466
-0.599174
0.969432
0.615083
-0.055882
0.381124
-0.729957
-0.370511
0.073339
-0.056358
-0.511583
0.484811
-0.609986
-0.671160
-0.561281
-0.896784
-0.150798
-0.760801
-0.402464
-0.419333
-0.288900
-0.537359
-0.638238
-0.196991
0.166971
-0.665348
-0.269971
-0.322548
0.621518
-0.906554
-0.319693
0.021436
0.226574
0.140263
-0.130586
0.094641
-0.822579
0.955173
0.098196
-0.207671
-0.841128
-0.786972
-0.640978
0.636441
-0.034018
-0.769141
-0.760903
0.701996
1.021473
-0.096467
-0.764886
-0.085716
-0.457313
-0.337454
-0.617719
-0.792348
1.213321
0.122670
-0.287811
-0.100036
-0.199338
-0.091679
-0.101336
-0.351854
0.649914
-0.183151
-0.307692
-0.356396
-0.746345
0.066143
-0.200259
0.438189
-0.377095
1.147780
0.783454
1.232702
0.753300
-0.418512
-0.699621
-0.026775
-0.619607
-0.114571
-0.689602
-0.479268
-0.762371
1.317798
1.191646
0.037532
-0.737911
-0.183262
-0.376817
-0.284055
-0.396440
-0.763308
-0.663662
-0.764289
-0.273864
-0.039462
0.399330
0.338936
0.034463
-0.189716
0.126083
0.566565
0.264999
1.037226
0.107356
0.224312
0.527465
-0.718090
-0.299243
-0.059318
-0.277453
-0.385739
0.210656
0.221785
0.730858
1.378455
-0.656745
1.390947
-0.763966
-0.285004
0.320860
-0.327091
-0.619517
0.536709
0.098625
-0.066059
-0.088582
-0.616745
0.104482
-0.058536
-0.531913
-0.739912
-0.446856
0.215565
0.092723
-0.610211
0.247190
0.896199
2.778144
3.255023
0.882288
0.720918
0.275191
-0.256323
0.031339
0.162478
-0.329612
0.154901
1.059516
-0.272633
-0.207881
-0.577502
-0.114442
-0.648065
-0.161405
-0.242317
-0.618656
0.789804
-0.124272
-0.365981
1.290739
-0.672127
1.657805
-0.045286
0.961337
1.038769
0.740799
0.483890
-0.170928
0.237818
-0.776260
-0.315271
-0.455596
-0.488036
-0.900697
-0.900257
0.248714
-0.135929
-0.521369
-0.740590
-0.006307
-0.711801
-0.732161
-0.196971
-0.253618
1.286427
0.399079
-0.631772
-0.817659
0.198287
-0.567102
-0.810823
0.572069
-0.431317
-0.407390
-0.232382
-0.628686
-0.670414
-0.172414
0.093424
-0.806946
-0.139348
1.254086
1.033192
-0.630924
0.110182
0.128680
-0.038281
0.994897
-0.859614
-0.362280
0.052833
0.052110
-0.779554
0.503796
0.838458
0.029512
0.305540
-0.064617
1.118185
-0.814763
-0.225131
0.826192
-0.814573
1.016407
1.047948
-0.673449
0.662281
-0.419524
-0.199447
-0.343898
0.727103
-0.393498
-0.509523
-0.411807
0.354847
-0.374123
0.962151
-0.091721
0.011887
-0.076798
-0.333663
0.458484
-0.439250
1.025850
0.316939
0.022586
-0.085427
-0.591583
0.406366
-0.186823
1.360080
-0.019675
1.003208
-0.117388
-0.536829
0.416010
0.556576
-0.333971
0.600452
-0.698025
-0.245503
0.478957
-0.481391
-0.439129
-0.408316
-0.034702
-0.830297
0.071224
-0.348842
-0.370532
-0.031500
-0.652390
-0.621694
0.243080
0.126566
1.683942
0.569629
-0.536893
0.075649
-0.912809
-0.847716
0.643854
-0.779315
0.360601
-0.796273
-0.519113
-0.914056
0.598768
1.667337
-0.176245
0.289144
-0.224501
-0.141381
-0.392069
-0.904013
0.081909
-0.116209
1.125061
0.210559
0.228802
-0.461638
0.430452
0.708976
1.135255
1.055682
0.429260
0.536965
2.431521
1.632391
0.183659
-0.064935
1.375025
0.158865
-0.263826
0.828207
-0.613312
0.033327
-0.179694
1.039702
-0.710867
0.163836
-0.324710
-0.001329
1.018385
0.324962
-0.026300
-0.406372
0.685506
-0.425363
0.770706
-0.654885
1.054418
-0.251823
-0.253534
0.231879
0.704697
-0.495360
-0.088052
0.512881
1.303979
-0.525814
0.078728
-0.660393
-0.300211
-0.899739
-0.686817
-0.757787
0.412339
0.163057
1.070801
-0.312012
-0.242931
-0.167376
0.290939
-0.338978
-0.002014
-0.573763
-0.452237
0.336629
-0.642376
-0.030117
-0.565613
-0.569786
-0.216819
-0.353443
-0.512365
-0.831862
-0.228465
0.064653
-0.519199
-0.571103
-0.439910
-0.636123
-0.295227
-0.012124
0.943055
0.200757
-0.653384
-0.589321
0.974822
-0.579434
-0.397716
-0.494863
-0.012777
-0.692847
0.232856
0.388252
-0.022943
0.909086
-0.547150
1.048848
-0.146079
-0.695502
-0.386597
-0.095930
0.175592
-0.507310
-0.905086
-0.450904
-0.558716
-0.247287
-0.385868
-0.310413
-0.259541
0.408415
-0.821185
-0.094149
0.910901
-0.346631
0.439225
-0.640895
-0.226678
-0.529847
-0.013013
-0.374140
0.274008
-0.796101
-0.562776
-0.381710
0.213375
-0.813438
-0.526305
-0.662709
-0.404121
-0.044624
-0.910511
-0.045102
-0.120482
0.974220
-0.480706
-0.138909
-0.864015
0.250209
0.008579
-0.046174
-0.929123
0.027998
0.270597
0.800890
0.792680
0.345674
0.041547
-0.512196
0.802449
-0.576052
1.121435
0.280445
-0.787172
0.136751
-0.780057
0.966616
0.429835
-0.683580
-0.797839
0.051994
-0.530815
0.599811
0.288304
0.550086
0.813687
0.186847
-0.607257
-0.620710
0.242966
0.209204
-0.637047
1.765003
1.243199
-0.782277
0.220051
1.722929
-0.081884
1.343788
-0.382317
0.532522
2.685384
0.577550
2.670335
2.348234
2.023167
-0.716633
0.298295
1.007961
-0.218818
-0.283940
-0.165170
-0.242153
0.128667
1.596864
0.025948
-0.517658
0.808902
0.144061
-0.322044
-0.293019
0.104467
-0.443520
0.447433
0.796226
-0.463088
0.275184
1.305757
0.043576
0.669603
-0.053310
-0.837868
-0.393714
0.702750
-0.766910
-0.065464
-0.723067
-0.497739
0.003808
-0.838076
-0.278172
0.066919
-0.720908
0.289371
-0.361742
-0.827495
-0.364348
-0.776340
-0.333944
0.170449
0.968360
-0.514157
-0.647850
-0.268636
0.139022
-0.309360
0.199780
0.388423
-0.303875
-0.290690
-0.090563
-0.435864
-0.850741
-0.525892
1.909166
0.088477
0.398417
0.754949
-0.771188
-0.372095
-0.656084
-0.568923
0.189299
-0.584500
2.746425
0.349286
0.350415
-0.197144
-0.101712
-0.486396
-0.740433
0.248831
-0.117542
-0.803039
1.021840
-0.218173
0.368001
-0.291898
-0.778886
0.422619
-0.719039
-0.716526
-0.436282
-0.898767
-0.845331
0.681953
0.690638
0.529123
-0.050977
-0.799594
-0.508376
0.347453
-0.527834
-0.363074
-0.500225
0.967379
-0.612098
-0.542190
0.857413
-0.534688
-0.539253
0.116364
0.351785
-0.305451
-0.117478
0.177233
-0.587766
0.277918
-0.441859
-0.731372
-0.598901
-0.111688
-0.392971
-0.701894
-0.116757
0.718121
-0.531715
0.465119
-0.420531
-0.843309
-0.874384
-0.173637
0.359493
-0.658435
-0.671049
-0.547090
-0.144843
1.150304
-0.123057
1.756203
-0.031501
-0.148785
-0.724266
0.893242
0.254598
-0.072375
2.410788
0.052205
0.790317
0.780283
0.666621
-0.696023
-0.594297
-0.350778
-0.269067
-0.854913
0.557869
-0.104839
-0.578449
1.320849
0.178666
-0.006884
-0.415199
-0.581475
-0.213207
-0.703068
0.187288
1.445075
0.091489
2.789345
-0.640118
0.946854
0.474320
-0.319028
1.329108
1.087834
0.785802
1.769308
-0.072155
0.201899
0.205873
-0.104749
0.548252
2.186524
-0.483560
1.605137
0.153102
-0.661217
-0.844528
0.986170
0.734767
0.051160
-0.629536
-0.147630
0.339741
-0.257378
0.072652
-0.095447
2.260942
1.361981
0.493865
0.945251
-0.780830
-0.186266
-0.649981
0.752892
0.467979
-0.590382
0.279344
-0.910537
-0.629721
0.293814
-0.705860
-0.568155
-0.905637
-0.277691
-0.438478
-0.545767
-0.853367
-0.494691
0.808015
-0.435815
-0.590094
-0.270691
-0.826755
-0.365503
-0.470394
-0.134181
-0.845412
-0.578457
-0.275933
0.742866
0.969893
0.318377
-0.566000
-0.795385
-0.454750
-0.671158
2.307314
-0.005816
-0.274362
-0.637605
-0.193215
-0.604963
-0.752137
1.675564
-0.762287
0.185097
-0.105649
0.154161
-0.380928
-0.182042
-0.543814
-0.359074
-0.694621
-0.668729
0.866181
-0.514928
-0.042122
1.146439
-0.128312
-0.665460
0.062794
0.054637
-0.831835
0.177763
2.117702
0.984116
-0.267089
0.844379
-0.948349
-0.350542
-0.393075
-0.675985
-0.664047
-0.257753
-0.351115
0.817761
-0.795162
-0.462945
-0.769870
-0.231197
0.732416
-0.512524
0.929221
-0.115080
-0.623697
-0.903349
-0.654601
-0.901199
-0.632882
-0.858026
-0.496148
0.114521
-0.204773
0.992425
-0.521531
-0.185849
-0.674605
0.319158
0.065847
-0.575391
-0.350469
-0.372933
-0.628553
-0.618724
0.538148
-0.333482
0.283423
0.991969
-0.490611
0.106723
0.394526
-0.900805
1.626348
0.376198
0.225903
-0.353590
2.103786
-0.812062
1.826742
2.099536
0.465270
0.284512
-0.878981
-0.950815
0.068652
-0.403978
-0.785220
-0.610658
-0.101613
-0.051790
-0.162129
0.308066
-0.358248
0.044896
1.050463
-0.048140
-0.810282
-0.490762
0.304767
0.304715
-0.557418
0.041921
2.217830
1.719301
0.274742
-0.024207
2.633072
-0.554279
-0.449729
-0.155993
-0.761629
0.689018
-0.698919
1.293453
0.937435
1.390812
-0.453509
-0.157776
0.507943
0.059134
1.932396
-0.579676
-0.723798
0.284789
-0.357669
1.283401
-0.374584
1.875878
-0.255303
0.108267
3.007679
-0.751288
-0.666077
-0.870232
-0.638094
0.207749
1.068128
-0.493116
-0.035292
-0.318120
-0.005930
0.343697
-0.924477
-0.658866
-0.050032
1.076194
-0.265706
-0.344614
-0.351340
0.156951
0.086037
0.270534
-0.848657
-0.364242
0.019716
-0.641506
-0.779179
-0.325773
0.659678
-0.752644
-0.242690
-0.237518
-0.917535
1.162350
-0.817131
-0.882482
-0.160164
0.014986
0.128142
-0.585921
0.883655
-0.088968
-0.422237
-0.753286
-0.909303
-0.158078
-0.191470
1.801117
-0.024034
1.388986
-0.005552
1.021267
-0.825006
-0.931123
-0.801317
-0.562508
-0.306751
-0.900278
-0.874868
-0.784874
-0.694732
-0.784169
0.279635
0.391604
0.266910
-0.904603
-0.458912
0.659870
-0.000010
1.099954
-0.677686
0.748281
-0.459321
0.559152
-0.418812
-0.345772
-0.383482
-0.387709
-0.579756
1.160156
0.441132
-0.030724
-0.393913
-0.177059
0.359298
-0.654175
-0.730680
-0.668097
-0.794311
0.494252
-0.216376
0.020040
-0.634548
-0.243883
2.433425
-0.397764
0.334505
-0.915964
0.659831
-0.032722
-0.087390
0.804789
-0.306463
-0.591553
-0.872306
-0.326939
-0.400775
-0.389326
2.727517
-0.829115
0.711530
0.825079
-0.304511
1.416665
-0.912176
-0.897901
-0.487676
-0.786860
0.398743
0.001543
0.019610
0.387378
-0.352658
-0.185958
-0.427673
-0.016081
-0.863506
-0.184850
-0.000407
0.641374
-0.471302
-0.407675
0.041579
-0.685562
-0.467707
-0.909966
-0.265772
-0.479006
-0.773967
0.705626
0.628011
1.876546
-0.030838
0.537080
0.990338
1.607565
-0.926383
0.522927
-0.212464
0.868785
1.954437
0.717524
3.154750
-0.673040
-0.605264
-0.017150
0.012604
1.387692
1.129845
-0.190117
2.004837
-0.539689
0.285161
1.216494
-0.034245
0.035065
2.067762
1.215403
-0.536578
1.425006
0.493700
-0.002948
0.672251
0.337759
0.930555
0.032294
0.560403
-0.281505
0.973277
-0.175772
-0.489864
0.034070
0.858826
-0.350257
-0.593638
-0.224340
-0.377397
-0.843643
-0.076496
-0.047230
0.047005
0.858620
0.241999
0.358317
-0.805510
0.073995
-0.255923
-0.630049
-0.480694
-0.541379
-0.785948
-0.914088
-0.925747
0.048535
-0.430191
-0.645299
0.057314
-0.509264
-0.910534
-0.525347
-0.717916
1.024320
-0.637077
1.076932
0.408852
-0.479680
-0.621405
-0.393181
0.074539
-0.076554
-0.043088
-0.540167
-0.744263
0.525694
0.343959
-0.284599
-0.599095
-0.984179
0.235869
1.186991
-0.578868
-0.875734
-0.214374
1.140604
0.105525
-0.170407
-0.541807
-0.807655
-0.432652
0.174136
-0.750720
-0.591590
-0.291199
-0.461653
0.073679
-0.578293
0.259154
-0.661511
-0.052321
0.264616
-0.038271
0.403213
0.227460
1.364711
-0.427306
0.193974
-0.212534
-0.762578
0.811096
0.616020
-0.534340
0.775011
0.886238
0.369380
0.002972
-0.521000
1.025700
0.530752
-0.689971
0.030073
-0.772842
-0.374098
-0.552626
0.231268
-0.593464
2.116088
-0.375456
-0.557532
-0.884973
0.323614
0.891478
1.614625
0.054763
0.504799
-0.105382
-0.300592
-0.052995
0.342338
-0.151736
0.084565
-0.223762
-0.412023
-0.677451
-0.448046
-0.273865
-0.556336
0.358538
-0.787404
0.174888
1.471882
-0.724665
-0.721549
1.101239
-0.476467
1.689650
0.021042
0.357309
-0.756271
0.913035
-0.276285
-0.546203
0.082567
-0.612605
0.825199
0.434351
-0.481489
-0.091186
0.196164
-0.152882
0.090500
0.444860
-0.788745
-0.303382
0.985403
0.149808
2.089766
-0.797967
1.122255
1.982361
0.803777
0.126103
1.883233
1.820345
-0.612640
-0.717646
-0.455741
-0.283708
-0.642878
1.225375
0.089254
-0.261978
-0.907031
-0.427702
-0.862892
-0.054384
-0.658391
-0.532898
-0.252603
0.382549
0.137459
0.053634
-0.671840
0.782356
0.527666
-0.311977
-0.612431
-0.822477
1.063434
-0.409655
1.191421
0.380457
0.314682
0.062607
0.102576
-0.727651
0.226360
-0.222280
-0.207076
-0.338455
-0.525915
-0.349017
-0.546061
-0.462012
-0.067703
1.131410
-0.847790
0.813641
-0.231480
-0.366190
-0.679940
-0.702402
-0.579409
0.705037
-0.076677
-0.237139
0.714646
-0.319248
-0.923432
0.134448
0.069587
-0.456079
0.956963
-0.326497
2.090738
0.457665
0.656952
0.914917
-0.541868
0.702047
0.114129
-0.234667
0.274661
0.216604
1.024339
0.063115
0.092369
0.551252
0.337059
1.034140
-0.494632
-0.451360
-0.442632
-0.554891
-0.026625
-0.952985
-0.499420
-0.623717
-0.632513
-0.446211
1.535536
-0.493421
-0.591615
-0.652243
-0.233344
0.197218
-0.724957
0.724652
-0.333118
-0.656017
0.454349
-0.649706
-0.803575
-0.315128
0.516797
0.321822
0.221633
1.680902
-0.409843
-0.724693
0.116713
-0.550011
-0.776965
-0.391876
-0.788536
-0.631591
0.157040
-0.339194
-0.020605
-0.583896
-0.353129
-0.387697
-0.739154
-0.839265
-0.944158
-0.325139
-0.770215
-0.815792
-0.358620
-0.510411
-0.787692
-0.283337
0.897519
0.585852
-0.080953
0.175830
-0.407099
-0.581158
-0.569105
-0.929687
-0.189158
0.914060
0.368312
-0.375525
1.654927
-0.534792
-0.360484
0.210879
0.389796
-0.712957
-0.719950
1.696197
-0.690946
0.898340
-0.552089
0.496279
-0.282399
0.124447
0.458928
0.220024
0.246681
0.001859
0.509723
0.540841
1.577176
0.399979
1.399899
0.257100
1.959246
1.203421
2.307676
1.187440
-0.135718
-0.218104
1.118037
0.512634
0.249047
-0.461078
-0.250996
0.129929
-0.387211
1.773178
-0.396421
0.995478
-0.357202
0.043843
0.411742
-0.184284
0.506112
0.123647
0.667863
0.106147
0.621336
0.062223
1.070538
0.818379
0.556625
0.384958
-0.536530
-0.537972
0.186069
-0.719484
0.464021
-0.766848
1.001607
-0.129510
-0.756671
-0.526341
-0.781297
-0.891225
-0.144897
-0.702374
-0.470097
-0.242898
0.042359
-0.915068
-0.327693
0.115411
-0.790419
-0.833769
0.089732
0.495935
-0.858720
-0.534254
-0.578143
-0.907922
-0.807796
0.770045
-0.344103
-0.795063
0.195893
1.203948
-0.832966
0.267130
1.153696
0.388045
0.018449
0.474314
-0.847086
0.862947
0.448430
0.946805
0.204944
-0.543243
0.269552
-0.443869
-0.384009
-0.609040
-0.204470
-0.116776
-0.776333
-0.306959
-0.368348
-0.538120
-0.891685
0.871325
0.498006
-0.398486
-0.611438
0.482609
-0.092987
0.733094
0.442559
-0.458222
-0.324164
0.621018
-0.584581
2.306122
-0.492304
-0.673447
-0.614317
-0.804371
0.976397
0.105284
-0.538934
-0.146585
-0.098034
0.571584
-0.383321
-0.762587
-0.783620
0.635841
-0.678666
-0.523089
-0.949970
-0.642666
-0.339316
-0.759931
-0.023837
0.236288
-0.118749
-0.889278
-0.514181
-0.433578
-0.970901
-0.286198
0.148419
-0.329230
0.284815
0.392428
0.508675
0.557511
-0.180690
0.263629
-0.469809
-0.435299
0.419555
-0.160430
-0.032584
-0.559637
-0.046048
0.851349
0.004359
0.633953
0.619992
-0.608604
-0.255616
-0.816757
-0.462697
0.321044
-0.812719
-0.584034
1.843637
0.528261
-0.805119
0.664748
0.241765
1.607169
0.471589
1.290765
-0.258148
0.033269
-0.259814
-0.262839
1.515369
-0.518575
1.333567
1.093351
-0.080046
1.123754
-0.911666
1.510161
2.399130
1.983001
0.382779
0.693658
0.396649
-0.253780
0.515862
-0.370386
-0.362427
-0.285909
1.315478
-0.209182
0.425176
-0.148764
1.228935
0.443759
-0.476069
-0.668995
-0.869648
0.620532
-0.660519
2.324879
-0.074028
1.254879
-0.677068
-0.098239
-0.827562
-0.271240
-0.499620
0.125534
-0.167536
-0.247023
0.693075
-0.693808
-0.694415
-0.351785
0.121759
-0.216061
-0.891226
-0.650765
-0.738841
-0.518296
-0.571943
-0.006150
0.757718
-0.679135
-0.437231
-0.723988
-0.793330
-0.190519
0.008602
0.445954
-0.344791
0.261387
-0.228672
0.025912
-0.815554
-0.449924
0.600447
0.723254
0.237667
-0.008507
-0.015006
-0.346646
0.202281
1.277021
0.563738
0.694810
0.005519
0.614578
-0.374158
-0.065148
-0.268252
-0.916007
0.983985
0.570511
-0.124333
-0.492248
-0.833814
0.293249
-0.148396
-0.618699
-0.228026
0.499876
-0.359366
-0.704832
-0.626261
-0.689025
-0.530278
0.700772
-0.366437
-0.658048
-0.531889
0.772689
-0.588461
0.103029
0.225619
-0.426620
0.214583
-0.194309
-0.080605
-0.522429
-0.776292
-0.523578
-0.337364
0.141220
0.498039
0.325924
-0.800725
0.315069
-0.805103
-0.744629
-0.091147
1.250249
-0.539378
0.060081
-0.162146
0.358754
-0.309172
-0.115267
-0.039025
0.072243
-0.112335
-0.108850
0.070823
-0.663285
0.841706
0.675188
-0.115035
-0.473081
-0.308804
-0.248669
-0.677121
-0.592260
0.611421
-0.276325
0.613915
1.167516
0.233359
0.624016
0.541947
-0.249123
-0.593515
-0.539209
-0.606671
-0.586252
-0.492786
-0.423523
0.736147
-0.707516
0.190304
-0.834862
0.456548
1.971129
-0.609735
0.118948
1.229075
-0.843156
-0.825795
-0.510112
0.103057
0.361600
-0.529822
-0.781164
-0.672112
0.090581
1.588621
2.885727
2.217564
-0.448693
-0.542387
2.348068
-0.568668
0.400022
0.838758
1.128528
-0.370629
1.028947
0.334105
-0.207711
-0.683582
-0.606146
-0.311148
0.011935
1.661022
0.862269
-0.584602
1.565082
0.350291
-0.455663
1.333639
-0.908862
-0.004133
0.513575
2.221004
-0.632142
-0.824372
0.832318
-0.633451
0.056889
0.656096
-0.209020
-0.176038
1.130737
-0.284831
-0.700557
-0.180054
-0.640350
-0.521795
-0.603768
-0.001661
-0.635601
-0.248740
-0.628814
0.337513
-0.392807
-0.851064
0.181086
0.906927
-0.267111
-0.611014
-0.841320
-0.019487
0.006875
0.437256
-0.813011
0.403947
-0.443764
0.944412
-0.577236
-0.607102
0.533496
0.431107
0.986468
0.019585
-0.718195
-0.408325
-0.661326
0.368058
0.833610
-0.305978
1.270328
1.260402
0.843767
-0.851677
0.722531
-0.465214
0.153468
-0.654960
-0.694376
-0.495788
-0.684860
-0.418908
-0.647013
0.284462
-0.526677
-0.069543
-0.248216
-0.550376
1.466297
-0.842161
0.212163
0.157001
-0.080101
-0.319762
0.391999
-0.147815
-0.762446
-0.485326
-0.078316
0.146586
-0.628926
0.029305
-0.601736
-0.343262
-0.672031
-0.778426
-0.460092
-0.769097
-0.527483
-0.926601
-0.853540
-0.918632
-0.510310
0.450250
-0.387157
0.080762
0.837244
-0.420252
0.022437
-0.134252
-0.138590
-0.577625
1.606418
-0.111280
-0.291393
0.402010
0.814049
-0.403948
-0.222716
0.359130
-0.691516
-0.001835
-0.830465
0.076626
-0.751459
-0.841496
0.372245
0.468694
0.747599
1.139056
-0.319354
0.707030
-0.252241
0.115862
0.975364
2.504969
-0.316970
0.451264
-0.299625
-0.106535
-0.336510
0.098660
0.955865
-0.589568
-0.608461
-0.789509
0.095922
-0.563082
0.084669
-0.652204
-0.928229
0.441830
-0.482545
0.723579
0.543426
1.366983
0.192864
1.967124
-0.939531
1.418829
1.238698
1.542358
-0.795666
1.218034
-0.877285
-0.229604
0.401166
0.785589
0.833667
-0.694754
-0.009349
0.285108
-0.703381
-0.526490
-0.663192
-0.184771
0.590114
-0.392008
0.675981
0.508293
-0.572704
-0.199244
0.076508
3.967867
0.319774
0.556563
0.973969
0.225089
-0.100918
-0.782691
0.744473
-0.021738
-0.142533
0.741219
-0.274330
0.278989
-0.398321
-0.421180
-0.804139
-0.793070
-0.752520
-0.657443
-0.513302
0.558317
-0.779039
-0.749191
-0.169745
-0.568195
-0.275957
-0.237824
-0.434190
-0.234995
-0.520052
0.466178
0.130200
-0.427110
-0.109541
-0.217967
-0.372036
-0.536202
-0.131985
0.167757
1.862626
-0.206102
-0.590513
2.401992
-0.664522
0.521633
0.941256
0.161168
-0.436161
0.813094
0.569529
-0.374969
2.316795
-0.180493
0.424513
0.286689
-0.577711
-0.418047
-0.520398
0.362967
-0.130318
0.248286
-0.619927
0.550084
-0.409607
0.277018
-0.120230
-0.425899
0.823479
-0.728373
-0.149515
-0.617130
-0.471794
-0.746063
-0.600630
0.367946
-0.216522
-0.485704
-0.581470
-0.053920
0.181911
-0.372763
-0.313193
-0.442212
-0.358953
0.345314
0.497812
-0.324031
-0.654332
-0.730324
-0.432070
-0.923276
0.703919
-0.772392
0.166060
0.653234
-0.552178
-0.629681
0.207925
-0.273615
-0.689481
-0.075249
-0.295027
0.010315
-0.665747
0.094186
0.398916
-0.472216
-0.442595
-0.612376
0.195180
-0.586499
-0.954298
-0.972743
-0.554809
-0.708143
0.142121
-0.774414
0.203942
-0.747631
-0.311025
-0.502530
-0.641494
-0.243876
0.108927
1.841781
-0.749626
-0.337648
0.291971
-0.833540
-0.285531
1.650861
0.111463
-0.647600
0.462315
-0.143282
0.496346
0.659963
0.273915
-0.575263
0.439238
-0.250169
0.104567
1.189476
0.501765
-0.769878
0.292615
-0.526087
2.452465
0.894850
2.538698
2.236661
1.826962
2.457642
-0.573548
0.343657
0.091501
-0.503693
0.005504
-0.765882
2.121178
-0.396847
1.154089
0.296684
-0.063512
2.015233
1.168305
-0.532658
0.907746
0.140696
-0.421604
1.898141
-0.546519
1.567525
0.727319
1.473607
2.517290
-0.326971
-0.784491
0.206309
-0.116981
0.443070
-0.762972
0.488350
-0.837446
0.116345
0.117317
-0.355607
0.125489
-0.626061
0.376447
-0.101118
-0.750717
-0.465237
-0.276497
0.137524
-0.642615
0.084372
0.154771
0.412361
-0.024242
-0.393988
-0.321864
-0.178684
-0.921081
-0.837281
-0.756384
-0.266905
-0.466497
0.096382
-0.342885
0.072089
0.024364
-0.521039
-0.329194
0.096996
0.376780
0.535242
-0.235955
-0.695755
-0.440511
-0.030369
0.211318
-0.700526
-0.898368
-0.891078
0.049166
-0.601862
-0.339774
-0.461906
-0.938056
-0.723189
0.675114
-0.255834
-0.665539
-0.688313
-0.702961
0.579348
1.785194
-0.363862
-0.248391
-0.579415
0.284308
0.004365
-0.455415
0.218513
-0.005286
0.384453
-0.278847
0.205479
-0.132883
1.163204
-0.019937
-0.317868
-0.720543
-0.217258
0.936727
-0.677426
-0.703867
-0.577161
-0.531664
-0.038704
-0.448123
0.881335
-0.256079
-0.603237
2.527498
-0.129919
-0.018546
-0.337582
-0.635210
0.294399
-0.716544
-0.552571
-0.733944
1.200654
0.815455
1.180171
-0.437310
-0.480642
0.752483
0.587950
-0.031767
-0.479405
-0.645623
0.047137
0.299297
0.633300
0.718794
-0.627984
-0.466210
-0.546413
-0.563607
-0.827692
0.699865
-0.417253
-0.478360
-0.579069
-0.190141
0.581187
0.719774
0.979960
0.301581
-0.228126
-0.451862
-0.696052
-0.213784
0.394986
0.335699
0.398107
-0.890550
-0.490631
-0.311131
0.353078
-0.718255
1.639011
-0.652160
1.161740
-0.588435
-0.913141
-0.543388
0.075963
1.012354
-0.236265
-0.188329
-0.812851
-0.413884
2.117568
3.071775
-0.067766
3.152809
0.374360
0.444419
-0.488749
-0.523617
0.086897
-0.031217
0.565789
-0.797504
-0.319507
-0.026051
-0.741649
0.759337
1.195668
-0.841825
-0.346073
1.412690
-0.225495
0.032217
1.847434
-0.333177
1.013902
1.987039
0.784539
-0.401574
1.250423
-0.845851
-0.165372
0.363468
-0.431456
-0.488831
-0.180087
-0.296051
0.881013
0.367697
-0.521927
0.145333
-0.945367
0.674176
-0.274810
-0.776493
-0.579156
-0.516300
-0.698390
0.457819
-0.678252
-0.693713
-0.234562
-0.365669
-0.364884
-0.150095
0.229861
-0.333905
-0.613646
-0.827489
0.154429
-0.088803
-0.727415
0.059092
0.762433
0.572139
0.384739
-0.533580
0.194983
-0.391158
-0.553620
-0.334492
0.899000
-0.182864
-0.462172
-0.737543
-0.163366
-0.379864
0.748214
-0.182407
-0.322662
-0.195411
-0.712019
-0.273615
-0.754526
-0.721844
-0.461471
0.468900
0.297666
-0.125043
-0.054056
-0.635413
1.590764
-0.342480
-0.545389
0.741481
0.336682
0.629067
0.848331
1.047347
-0.716690
-0.397116
-0.351205
0.538881
-0.609443
1.332616
-0.270803
-0.757488
0.198702
-0.722878
-0.419197
1.165992
-0.188563
-0.259298
-0.726128
0.543529
1.101482
0.036773
0.538744
-0.369201
1.915563
-0.866321
-0.484779
-0.678786
-0.792619
0.229025
-0.882053
1.115902
0.190484
-0.584624
1.318559
-0.452072
-0.521922
-0.422807
0.239151
1.348672
-0.438650
-0.086531
0.223858
-0.542623
0.159208
-0.889707
-0.571178
1.011784
-0.318231
-0.076902
0.584958
-0.393380
-0.284098
-0.030342
1.149468
0.567708
-0.556238
-0.010837
0.392928
-0.264578
1.450077
1.419014
-0.023999
0.951267
-0.128848
-0.022570
0.019751
-0.721071
0.417680
-0.737003
-0.213633
-0.786216
0.320882
-0.465868
-0.845363
1.212538
-0.882977
-0.213541
0.907571
0.342017
0.169595
1.437556
0.097604
2.378904
-0.182259
1.821986
0.856753
0.839793
-0.088576
-0.259394
-0.111866
-0.659857
0.078577
-0.064435
0.702995
-0.465942
-0.820809
-0.251640
0.659237
-0.365388
-0.798059
-0.374059
0.024737
-0.227756
0.552202
0.316793
0.082096
-0.911585
0.824006
-0.111390
0.004945
1.424895
0.329316
-0.469550
-0.304194
-0.461396
-0.193105
-0.513138
-0.582162
-0.511284
-0.726249
0.458694
0.250685
-0.452676
-0.933372
0.689527
-0.760874
-0.713609
-0.588524
-0.477274
-0.106014
0.440310
-0.194409
-0.815030
0.762171
-0.094916
0.379768
-0.761179
1.456084
-0.776122
-0.515624
-0.350812
0.034089
-0.861530
-0.458703
0.311847
-0.384470
1.243538
1.323399
1.454034
-0.416122
2.039327
-0.608108
-0.325041
-0.864667
0.229560
-0.447005
-0.768809
-0.126809
0.655527
-0.572671
-0.176252
0.060705
-0.484496
-0.452090
-0.532346
-0.522878
-0.478537
-0.419407
-0.939078
0.196927
0.058837
-0.773098
0.687486
0.747311
0.163648
-0.333727
0.631572
-0.181841
-0.555640
-0.731069
-0.314755
-0.091913
-0.898862
-0.453358
-0.256031
0.088057
0.091216
-0.549632
0.145362
1.250077
-0.624594
-0.903542
-0.240605
0.234990
-0.826524
0.033277
-0.777905
0.436396
0.083939
-0.281487
1.001921
-0.855836
0.081026
-0.899950
0.415378
-0.874612
-0.565255
-0.219319
0.106758
0.034651
-0.786329
-0.138846
0.984590
-0.899282
-0.359841
-0.079709
0.781692
-0.489720
-0.488359
-0.825272
0.148847
0.298789
0.753428
-0.267769
-0.324667
0.390690
-0.144481
-0.801852
-0.808073
0.406630
-0.872126
1.817598
-0.584680
0.376341
-0.839126
0.708378
-0.783647
-0.065487
-0.613710
1.457412
-0.385785
1.188043
0.832799
0.208628
-0.344845
1.985205
-0.351166
1.083642
1.679499
-0.059111
1.139608
3.211369
1.426631
0.047124
2.273284
-0.337000
1.536857
1.036486
-0.075269
-0.434225
-0.456639
0.866874
0.230698
0.079971
1.421273
-0.576312
0.755074
-0.275746
0.230926
-0.885473
-0.866744
1.253444
-0.144812
0.649617
-0.415765
0.591020
1.163264
0.315622
-0.140679
0.897670
0.740135
-0.449278
-0.793015
-0.512281
-0.383414
-0.141477
-0.589653
-0.570472
-0.536001
-0.605161
-0.679210
-0.613175
0.425984
-0.655321
-0.755290
-0.624386
0.326287
-0.611928
-0.191874
-0.727326
-0.730978
-0.617368
-0.109413
-0.283116
-0.196942
-0.849855
-0.400438
-0.686082
-0.882624
-0.458446
0.224387
-0.845038
1.213669
-0.166629
-0.848607
-0.016711
-0.510695
-0.040677
0.518860
1.774215
-0.348594
-0.529553
-0.381747
0.701628
0.338078
-0.546611
-0.589073
-0.335253
0.795999
0.472062
-0.655892
-0.348457
0.937597
-0.538139
-0.395549
0.167870
-0.541065
0.403895
0.771513
0.258113
0.068765
1.505953
0.153394
1.230823
-0.138147
0.490348
0.436103
0.406892
-0.278774
0.598156
0.003350
-0.012796
-0.463073
-0.102986
1.160999
-0.716767
-0.714736
0.456602
1.080207
0.514438
-0.632341
0.688430
0.481133
0.207372
-0.858522
0.033379
0.464782
0.897987
-0.425500
-0.507302
0.355345
-0.150535
-0.354097
-0.861202
0.477544
-0.917570
-0.289810
-0.935496
-0.688083
0.104377
-0.525841
-0.379348
-0.947726
-0.507663
-0.721161
-0.653253
0.050472
0.427985
1.089567
-0.936570
0.160549
0.798755
0.033175
-0.481201
-0.329386
-0.335433
-0.480995
-0.691987
1.661630
-0.680288
0.164640
0.356386
-0.034592
-0.101573
0.603382
-0.784203
0.607360
-0.628028
-0.826007
-0.882046
0.686004
0.586872
-0.029346
-0.053470
-0.273942
1.083116
-0.361856
-0.259029
-0.716393
0.760769
-0.815774
2.966182
1.597293
1.613514
0.667604
2.002145
1.096870
-0.036736
-0.405667
1.394111
-0.482506
-0.207834
0.190767
-0.271270
-0.537291
-0.141752
2.008415
-0.174257
0.361208
1.818794
-0.787150
-0.187589
-0.770258
-0.762447
0.166421
0.204373
-0.352920
1.410131
-0.172060
-0.076811
-0.301188
-0.264857
0.379126
0.541472
-0.106357
0.733004
-0.112623
-0.574395
-0.176541
-0.184155
0.324067
0.357784
-0.867686
-0.665198
-0.034182
0.316602
-0.120744
0.113478
0.079338
-0.437924
0.353874
-0.810290
-0.331502
-0.417657
-0.717817
-0.372740
-0.782587
-0.437073
-0.883564
-0.545467
-0.350500
0.243492
-0.457346
0.082246
-0.852553
0.374244
-0.730430
-0.095512
-0.330661
-0.879313
-0.668958
-0.790718
-0.419317
0.454721
-0.520182
-0.491967
0.529155
-0.524480
-0.042815
-0.644157
-0.222559
1.336675
-0.250600
1.235150
0.988758
0.974961
0.563213
-0.437924
-0.551666
-0.679030
0.557387
-0.513090
0.085611
-0.644505
0.830710
0.148907
-0.263044
0.371962
-0.580853
-0.041744
0.539053
0.181356
0.292283
-0.312573
0.196925
-0.754590
-0.441248
0.353250
0.106734
0.879050
-0.808623
-0.380026
0.916582
-0.302858
-0.486886
-0.769682
-0.326183
-0.257532
-0.776130
-0.302537
0.565058
0.846254
0.449319
0.362362
0.227084
-0.439051
-0.762304
-0.876291
-0.530615
0.979443
-0.089012
0.545721
0.496833
1.626300
1.125910
0.663443
0.513655
-0.752697
-0.300849
-0.715744
-0.117459
-0.629135
-0.257855
1.112601
-0.850406
0.198718
-0.894909
0.484690
1.129919
1.253650
1.661770
-0.668209
0.154883
0.709646
-0.885999
0.640863
-0.895503
-0.428914
0.480187
0.069288
0.198585
0.147205
0.588483
-0.017473
-0.679615
0.976859
-0.047339
-0.092582
-0.753984
0.153272
0.892342
2.233973
2.496108
0.232942
-0.487191
0.611156
0.707346
-0.132950
-0.466165
-0.261504
-0.143603
-0.501628
0.233943
-0.297646
0.983326
-0.080057
0.079041
-0.443702
0.566476
-0.530404
-0.448668
2.018473
-0.435903
0.084795
0.141156
0.493612
-0.195772
0.758461
-0.293464
2.542583
0.447996
0.478432
-0.455132
-0.240527
0.231209
0.483915
0.162581
0.490320
0.347524
-0.150895
1.002632
-0.465491
-0.700580
0.426186
-0.929734
-0.021500
-0.499449
-0.765388
1.320305
-0.896617
-0.636645
-0.805852
-0.407190
-0.179496
0.532973
-0.551457
-0.450228
-0.751077
-0.400386
-0.724988
-0.762807
-0.243236
1.683498
1.425512
-0.753588
-0.889176
0.300352
0.345194
-0.841053
-0.128233
-0.286882
0.109415
0.672859
-0.944577
0.734106
-0.402468
0.302378
-0.574184
0.575695
-0.962653
-0.908175
-0.248598
-0.529299
0.564606
0.145849
0.194576
-0.803127
-0.323239
-0.817927
-0.661750
0.713801
-0.172233
0.781623
-0.054590
0.616258
-0.637270
-0.262324
-0.723191
-0.079303
-0.895508
-0.620165
0.608063
-0.442163
-0.661509
-0.223071
-0.177571
0.373096
-0.591292
-0.329288
-0.319973
0.261650
0.068985
-0.704113
0.061752
-0.878117
0.121068
0.765639
-0.447522
0.146662
-0.460129
0.023038
-0.389925
0.759196
1.206781
-0.197016
0.631369
0.116663
-0.165355
-0.491998
0.340936
-0.678996
-0.150348
-0.611133
-0.577843
1.296042
-0.079418
-0.629357
-0.182653
-0.896784
-0.521214
-0.829616
-0.847864
0.000959
0.494982
1.682381
0.533699
-0.505442
-0.616523
-0.585607
-0.177852
-0.696696
0.309671
-0.720322
-0.341316
-0.787302
0.319991
-0.020826
2.711965
-0.177237
-0.226077
1.150578
0.248561
-0.641818
-0.291031
-0.509949
0.614610
0.556703
0.536807
-0.868997
1.189308
2.121795
0.781107
2.124916
0.013796
0.779460
1.026534
0.955960
-0.778260
-0.682808
0.672620
-0.618574
-0.560619
-0.925945
1.293991
-0.073038
-0.634086
-0.022162
0.487233
0.024247
0.631048
0.463792
0.541816
1.451745
0.308159
1.497986
0.102521
0.254251
0.035005
0.734250
1.129762
0.044535
-0.417326
-0.360458
1.031561
-0.586679
-0.199308
-0.653934
-0.670637
-0.720586
-0.177209
0.381290
-0.846885
-0.304434
-0.744282
0.673308
-0.830845
-0.710656
-0.574873
0.105239
0.169156
-0.725113
0.130508
-0.495305
-0.633627
-0.007198
-0.245040
-0.774495
0.192017
-0.460997
-0.222931
-0.437523
-0.101726
-0.429107
0.508768
0.476118
-0.686843
1.414566
-0.071706
0.929139
-0.105129
0.091007
0.666969
-0.305587
-0.630215
0.801127
0.116968
0.655611
0.058061
-0.495701
-0.826678
-0.713472
-0.802902
-0.693219
-0.450093
-0.765436
0.132914
0.746534
-0.640583
0.282528
0.948899
-0.296830
-0.660802
0.298141
-0.633298
-0.228656
-0.487311
0.038465
0.284307
-0.325900
-0.543816
-0.007828
0.579074
0.260874
-0.526468
1.194701
-0.325897
-0.458247
0.326072
0.053985
-0.582262
-0.583973
-0.406581
0.603177
0.025701
-0.105402
-0.014528
-0.095599
-0.300604
-0.242170
-0.732267
0.890055
-0.687662
0.687804
-0.853702
0.451283
0.001647
-0.072000
-0.656469
-0.392317
-0.240616
-0.510631
0.253675
0.483967
-0.643967
0.934756
0.774401
-0.328342
1.189554
1.003355
-0.552310
-0.689493
0.295504
0.896116
1.721146
1.391995
0.944379
-0.123578
-0.502097
-0.923389
1.010870
-0.651026
-0.508188
-0.421860
0.122725
0.283409
0.521833
-0.054144
-0.868940
-0.542822
-0.745097
-0.059857
-0.333685
-0.546059
-0.551544
0.256387
0.256469
-0.347150
1.151176
-0.377345
-0.084543
0.379483
-0.703016
0.103617
-0.444853
-0.900416
1.416954
0.959339
0.834921
0.892586
1.228599
1.284869
1.592167
-0.324784
-0.323951
-0.353124
1.183431
-0.240650
1.071333
-0.431543
-0.129641
1.858567
-0.436146
0.300864
1.445560
0.553167
2.752540
-0.109778
-0.738851
-0.523914
0.573136
1.530961
0.650744
-0.451051
-0.558200
0.345804
0.105143
-0.070305
0.678106
-0.023734
-0.847706
0.025589
0.368388
0.183118
-0.392372
-0.587273
-0.894827
-0.201556
-0.653620
-0.739477
-0.190637
-0.893543
-0.366860
-0.400924
0.352403
1.546844
0.633407
-0.572053
-0.413558
-0.879229
-0.542313
-0.789729
-0.500894
-0.834278
-0.599509
-0.697467
-0.612027
-0.662075
0.476440
0.365917
-0.383661
0.892843
1.100964
-0.217880
0.300677
-0.496193
-0.424889
0.260158
0.344285
-0.687762
0.710625
-0.755655
-0.086584
-0.119581
0.108812
-0.235647
-0.341577
-0.249132
-0.617857
-0.668447
-0.124988
-0.762966
-0.250100
-0.293569
-0.675136
-0.206759
-0.307384
-0.308734
-0.189134
-0.398378
-0.798191
-0.193232
0.678356
-0.634386
-0.141447
-0.680420
0.336078
-0.038997
0.308542
0.085921
0.299786
1.199720
-0.004099
-0.550277
-0.676438
-0.276164
-0.301323
-0.776371
-0.626440
0.355151
0.393943
0.614599
1.775166
-0.492660
-0.159113
1.288097
-0.061970
-0.331263
-0.578817
0.159080
-0.187285
0.389320
0.392985
-0.222719
0.973079
-0.024723
-0.660904
-0.527380
0.191508
0.176685
-0.592865
-0.544997
1.317051
-0.678922
-0.901866
-0.754528
-0.972497
-0.617550
-0.198914
-0.841424
-0.831745
0.645622
1.345810
0.013628
-0.761521
0.597691
0.806291
-0.551949
-0.886441
0.564490
0.119009
-0.361863
0.621837
-0.011385
-0.350457
0.130894
-0.937541
1.426749
0.073630
0.410227
1.104440
0.505801
0.571777
-0.936948
0.294646
0.453354
0.337182
0.223935
0.182640
-0.322282
-0.298576
1.152100
0.595296
0.193122
1.088739
-0.641825
1.816436
0.819648
1.857217
0.952043
0.998493
0.030683
-0.481093
0.693905
-0.650677
-0.564337
-0.331465
0.218110
1.198242
-0.070192
0.806287
1.070131
0.224501
-0.754367
-0.001194
-0.296803
1.110069
-0.330558
0.094698
-0.532539
0.819272
-0.462463
0.880025
0.913841
0.136477
0.534335
-0.134274
-0.043807
-0.335672
-0.182430
-0.220650
1.756241
0.232683
-0.753241
-0.036694
-0.334615
-0.710664
-0.565572
-0.926285
-0.405870
-0.488667
-0.587159
0.165731
-0.525027
-0.062904
0.133341
-0.911325
-0.833185
-0.764600
-0.621910
0.717169
0.522206
-0.773305
-0.627197
-0.328487
0.095335
0.456769
-0.373631
0.888173
0.925447
-0.730617
-0.256751
-0.573391
-0.527091
1.152587
-0.908792
0.548108
-0.425409
-0.958293
0.054028
0.120846
-0.752441
-0.739402
-0.888127
-0.871818
1.268295
0.398604
0.635389
-0.208774
-0.241677
-0.004933
-0.549043
-0.831472
-0.908761
-0.849696
0.517223
1.245051
-0.545165
-0.781207
-0.768813
-0.602653
-0.146179
-0.184466
-0.556785
-0.247924
0.296913
-0.113115
0.109053
-0.446381
-0.175003
-0.608172
2.249870
0.166622
-0.541594
-0.043711
0.203323
0.223480
0.039383
-0.419730
-0.554406
0.204872
-0.014014
-0.580169
-0.688207
0.163990
-0.030685
1.026867
0.091232
0.177988
0.178630
-0.496135
-0.185752
0.008121
-0.125060
0.153625
-0.626594
-0.298797
1.558158
1.172537
-0.297742
-0.622761
-0.386791
-0.660452
0.366333
0.010055
1.194865
1.168104
-0.514929
-0.619551
0.592280
-0.423218
0.158938
0.691097
1.599157
0.197031
0.686433
0.585185
-0.073600
1.071315
-0.012527
0.422599
-0.592094
-0.838265
-0.272141
-0.217005
-0.773775
1.010024
-0.040931
0.339936
-0.204359
-0.115286
-0.434323
-0.119317
0.315855
0.011633
-0.590526
-0.475269
0.912353
-0.151134
2.605064
-0.480573
0.899864
1.030517
0.411889
0.031381
-0.689373
0.696174
-0.815147
-0.227658
0.366833
-0.386215
-0.482849
0.140156
0.208273
-0.614881
0.523479
0.775112
0.416592
-0.912427
-0.049323
-0.404359
1.930834
-0.396940
0.534557
0.148660
-0.214894
-0.851750
0.542559
0.394912
-0.499441
-0.056792
-0.413204
-0.461286
-0.631531
0.689899
-0.326184
-0.301877
-0.769807
-0.594948
0.088890
0.116654
0.029507
0.369638
-0.967095
-0.536714
-0.347232
-0.132395
0.387246
-0.613058
-0.390886
0.359093
-0.543077
-0.879423
-0.051219
0.402951
0.928295
-0.018989
-0.441387
0.776785
0.531309
-0.388180
-0.803944
0.312580
-0.553083
-0.619316
1.768877
0.253241
0.119421
1.325109
-0.532452
-0.957018
-0.632822
-0.760994
0.433389
-0.503180
-0.214993
0.319461
0.407426
-0.679995
-0.305015
-0.155699
-0.774620
0.877646
0.343882
-0.667153
-0.716645
0.400882
-0.883882
1.243412
-0.777367
-0.470522
-0.761188
-0.780700
-0.114409
1.109565
0.029650
-0.188504
0.809706
-0.446364
-0.145035
-0.323690
-0.561036
-0.057814
0.861844
1.007670
-0.538654
-0.064624
-0.279703
-0.891726
-0.566977
-0.496823
0.772698
-0.323903
0.825787
-0.064170
0.718551
-0.623779
-0.315939
-0.582312
-0.193450
0.117352
-0.229829
0.193569
-0.435011
-0.795041
1.014784
0.179193
0.576648
-0.303929
-0.206317
0.119869
0.043700
0.365323
-0.921901
0.280583
0.928130
-0.653315
1.051180
-0.139109
0.128032
-0.378013
-0.728132
1.776451
0.205934
0.633893
-0.710709
0.046015
-0.580932
-0.636184
-0.589607
0.482518
-0.022431
-0.070616
1.670848
0.994940
-0.096079
-0.315710
-0.818477
-0.632957
-0.871184
-0.341306
-0.109769
-0.684429
-0.159640
-0.049101
0.500348
-0.557350
1.696944
3.332375
1.518573
1.050264
1.436654
-0.456591
0.771077
0.033433
0.980365
-0.733715
-0.753432
1.024821
-0.560800
-0.235620
-0.535434
-0.010452
-0.339842
0.595800
0.253561
0.192296
-0.495890
-0.077340
0.285563
-0.445916
-0.805727
0.511781
1.112326
-0.564158
0.889125
0.025665
-0.159368
-0.736511
0.138268
2.004599
-0.545969
-0.289970
-0.623490
0.522401
-0.392845
0.592972
-0.613478
-0.670263
-0.586125
-0.520673
-0.713334
0.355244
-0.663166
-0.388128
0.788202
-0.187777
-0.708059
-0.077216
0.121461
-0.488942
-0.605351
-0.737440
0.675285
-0.661792
-0.784214
-0.798883
-0.695477
0.173059
-0.483454
-0.571709
0.564879
0.727730
0.103774
-0.750516
-0.351633
-0.093705
0.514988
0.919531
-0.962103
0.461205
0.271147
-0.614906
-0.372235
-0.353970
-0.112608
0.102328
-0.565441
0.527404
-0.885136
1.246859
0.835001
0.645935
-0.697839
-0.721458
-0.126961
1.330290
-0.740067
-0.557386
-0.657544
0.769260
0.276414
1.174399
0.386949
-0.644055
-0.528373
-0.618699
0.269908
-0.762351
0.857797
-0.579317
-0.694385
-0.816744
-0.436704
-0.660095
-0.167117
-0.199279
-0.935741
-0.506828
0.392418
0.101324
-0.894633
0.526779
-0.006918
-0.295340
-0.232007
0.190908
-0.625744
-0.660334
1.059243
-0.351759
0.508194
0.425351
0.514271
1.037313
-0.228437
-0.787829
-0.224110
0.827001
1.049003
-0.676439
0.420824
0.603566
0.463817
0.526816
-0.495982
0.981865
-0.569515
-0.412164
0.383471
0.050390
0.082386
0.153681
0.955691
-0.084975
-0.534516
-0.307996
0.094259
-0.783447
0.039296
0.479489
0.870264
0.399198
-0.455510
1.162931
-0.574472
0.065230
1.649208
0.402967
-0.915787
-0.148186
0.512019
0.748705
-0.178658
-0.243744
1.543639
0.629833
-0.443965
2.244933
0.463818
0.373505
0.599098
1.540845
-0.075941
-0.350127
-0.758127
-0.275776
-0.107353
-0.532069
0.031088
0.290578
-0.573874
0.176214
0.207826
-0.276943
1.247172
-0.099048
-0.466505
-0.450675
0.858334
1.272635
0.334446
1.149327
-0.115702
-0.224235
-0.465674
1.603614
-0.133541
-0.781010
0.883003
0.638925
-0.870087
0.002737
-0.753982
0.211786
-0.635108
-0.385296
-0.295719
-0.779946
0.724512
0.168288
-0.349307
-0.414084
0.011914
-0.584326
-0.429202
-0.664380
0.173414
0.772999
-0.551936
-0.320830
-0.615736
-0.512311
-0.080469
-0.396604
-0.210395
0.585022
-0.230227
-0.006756
0.840483
-0.559642
0.114654
1.359518
-0.562836
-0.423381
-0.173175
1.033530
-0.943951
-0.047918
-0.273293
0.069869
1.491941
-0.406646
0.619876
-0.555865
0.488326
-0.887908
-0.761761
-0.398836
-0.408273
-0.766178
1.388400
-0.480894
1.546916
0.616449
-0.791597
-0.561546
0.433050
-0.915622
-0.518916
2.520502
-0.122761
-0.623267
0.625275
-0.601273
-0.705096
0.970363
-0.753153
-0.686114
-0.418280
-0.184010
0.329003
0.372152
-0.632990
-0.861682
-0.076082
0.893368
-0.630240
-0.589345
-0.566020
-0.274670
-0.054942
-0.167673
-0.470867
-0.681007
-0.830328
0.202950
-0.057764
-0.738199
-0.013572
0.282163
0.844996
0.497313
-0.919370
0.438938
-0.313291
1.124728
-0.434004
-0.885210
-0.814743
-0.576868
-0.896261
-0.743761
-0.392326
-0.687102
-0.149569
-0.667886
-0.437259
-0.304552
0.560773
-0.645322
-0.402626
-0.275176
-0.667736
-0.368067
-0.520768
1.257193
-0.798425
0.515645
-0.346463
0.920292
-0.117983
0.827181
-0.749263
0.384954
-0.318302
-0.016819
2.044173
-0.747098
-0.671633
-0.622028
-0.299525
0.314996
1.761195
-0.831960
0.326476
1.330815
-0.429818
1.863936
1.686893
0.414115
2.992534
0.569683
1.538108
-0.846706
1.863461
0.286787
-0.492463
0.426417
-0.062178
-0.376564
1.349550
0.545727
-0.398668
0.239453
1.814542
-0.487750
-0.003417
1.305245
0.199847
-0.248296
1.053742
-0.519643
-0.655597
0.553080
1.122765
0.815993
0.070373
0.076654
-0.064905
-0.145903
-0.479873
-0.283347
1.289478
1.464491
-0.677535
1.116599
-0.948383
0.033508
-0.514541
-0.155365
-0.797836
-0.905452
-0.710086
-0.035958
-0.612082
-0.978649
-0.650858
-0.521437
0.125079
-0.775104
0.492744
0.694948
-0.767856
-0.630317
-0.475431
-0.338272
0.313109
-0.436862
-0.900661
1.239199
0.148492
-0.672049
1.008436
0.135394
0.943235
1.413118
-0.786820
0.584514
-0.329027
-0.657643
0.044943
1.567281
-0.713998
-0.796044
-0.759922
0.551688
-0.312917
-0.658019
0.114404
-0.856531
-0.617484
-0.131163
0.887545
-0.505253
-0.709956
-0.350670
-0.507075
-0.729364
-0.262349
0.308312
1.171608
-0.111046
-0.886479
-0.441194
-0.748325
-0.709488
0.910989
-0.107112
0.951535
-0.492135
-0.190379
0.657837
0.952062
-0.523590
-0.170374
-0.313949
-0.664599
1.129075
-0.105096
-0.161886
-0.447429
-0.553249
0.491916
-0.837214
-0.701026
-0.432665
-0.808835
-0.755932
0.698675
1.934840
-0.567288
-0.398196
0.176159
-0.762408
-0.104580
1.326851
-0.063241
-0.583688
-0.582653
0.192150
-0.895844
0.086996
0.059605
-0.221859
-0.190364
-0.257409
0.347090
0.232163
-0.363078
-0.045814
-0.815395
1.878714
0.581465
-0.395925
0.005954
-0.713938
1.233220
0.288539
1.470811
-0.297577
-0.242504
-0.246843
-0.458806
0.178316
-0.410381
-0.527634
0.601816
-0.576664
0.128054
0.239054
0.485458
-0.888173
-0.392969
1.170909
-0.887157
0.065807
-0.805479
0.870672
2.165320
-0.415646
-0.645021
1.792167
2.137615
-0.843315
2.393575
0.935999
1.445772
-0.517275
0.574572
-0.765389
0.051361
-0.426775
-0.377982
1.095336
0.631869
-0.185319
0.436846
0.677826
0.744974
0.719492
-0.713304
0.081878
-0.294537
0.374157
1.159254
1.034348
-0.143112
0.153930
1.634919
-0.162621
-0.505965
-0.530109
1.416473
-0.790030
-0.435444
0.010705
-0.196910
0.391502
-0.542525
-0.476341
-0.201493
-0.852535
-0.576902
-0.167823
-0.091940
-0.868142
0.382952
-0.109961
0.249921
1.474192
-0.219576
-0.586807
0.220603
-0.692767
1.064952
-0.202010
-0.788878
1.668546
-0.370155
-0.575123
-0.829011
-0.685101
-0.809735
-0.891633
0.165553
-0.717875
1.403495
0.467325
0.764707
-0.647788
-0.779146
-0.890583
-0.760912
0.900461
-0.311129
-0.580867
0.300956
0.916029
0.295994
-0.528432
0.892543
-0.572965
-0.629963
0.477489
-0.858994
-0.412130
-0.547578
0.316494
0.419702
-0.546518
-0.619172
-0.675563
-0.235781
0.277390
-0.525636
-0.037510
-0.696986
0.036896
0.502192
-0.531054
-0.688729
0.316308
0.478426
-0.585697
-0.242688
-0.367527
-0.229496
-0.166014
-0.002628
0.296041
-0.415512
1.339838
-0.509049
-0.176270
0.273127
-0.516319
-0.114836
-0.461009
0.109819
0.501858
-0.473179
-0.052209
-0.392783
0.476372
0.541786
-0.452081
0.525285
-0.041294
-0.842178
0.145108
-0.332015
-0.395823
0.588428
-0.300866
-0.868219
-0.171423
-0.762545
0.673866
-0.015306
0.673129
-0.463872
0.322081
0.101690
-0.407942
-0.616091
-0.321968
0.496327
-0.054587
0.663331
-0.605528
-0.486077
-0.780856
-0.252845
-0.444094
0.615654
-0.298233
-0.906247
0.479900
-0.286809
-0.804905
-0.601658
0.645418
1.776045
-0.338009
-0.530299
-0.281919
0.078391
-0.445282
0.804893
-0.550458
-0.118435
0.541676
0.321766
-0.135292
-0.739360
0.465762
0.090348
2.122982
0.694356
1.525024
1.867816
0.409306
1.507727
1.600931
-0.147889
-0.637775
-0.185251
0.311220
0.212710
0.122332
-0.254418
0.417070
0.886067
-0.349440
1.193375
1.022867
-0.207171
0.177794
0.091596
0.833296
0.398686
1.161789
1.283112
-0.063078
0.431128
0.737132
0.613411
0.280704
-0.373030
-0.714504
-0.543209
-0.299775
0.035345
1.150921
-0.213914
-0.872506
0.936437
-0.725524
-0.526645
0.072034
-0.935033
-0.775312
-0.314397
-0.265214
-0.420026
0.398173
-0.195258
-0.109752
-0.577746
-0.656207
-0.463522
-0.632321
-0.711388
-0.091761
0.718996
-0.186107
-0.776243
-0.624508
-0.589919
-0.248310
0.441669
1.958831
-0.656608
0.006310
-0.553834
-0.904681
-0.489756
-0.834560
0.984655
-0.829107
0.596975
-0.749577
-0.452623
0.585991
-0.114029
0.260638
-0.320104
-0.780940
-0.405893
-0.874102
0.007429
-0.567059
1.001888
0.534424
0.098301
-0.131122
-0.717674
-0.243084
-0.103782
-0.454036
0.737301
-0.108659
-0.399341
-0.693604
-0.868905
0.389121
0.294938
1.291071
-0.436104
-0.467517
0.224199
0.684001
0.575541
0.091713
-0.508556
-0.030281
-0.602884
-0.649525
0.147169
-0.588150
-0.198310
0.053172
-0.598557
-0.831432
-0.082205
-0.700963
-0.453257
0.904616
-0.657833
-0.496169
-0.106867
1.169333
-0.393631
0.278777
-0.386511
-0.230436
-0.603081
0.101905
-0.655977
0.409487
1.072599
-0.384649
-0.470073
0.595506
0.097469
-0.193074
-0.042782
-0.111691
-0.091041
-0.542764
-0.071480
-0.764891
-0.282417
-0.699752
0.524433
-0.699289
-0.350512
0.394753
0.293775
-0.984446
-0.512472
-0.184989
-0.877865
-0.886675
-0.836858
0.005985
-0.869242
0.455585
-0.859795
-0.172348
-0.366691
0.875537
1.921580
-0.815989
-0.551327
-0.228643
-0.316152
2.208418
-0.291368
-0.415496
-0.400109
0.601514
1.278848
1.101002
-0.314802
1.793586
0.259361
2.711350
2.143266
2.270304
2.416832
0.189966
2.117710
-0.441365
0.870739
0.026883
-0.357960
-0.842151
0.849700
-0.446908
-0.456753
0.254571
-0.570473
2.672173
0.842887
-0.162950
1.251933
-0.567393
0.233009
1.575646
0.489274
1.687890
-0.236616
0.286227
1.058594
-0.805459
-0.045030
-0.619646
0.253253
-0.844292
-0.679632
-0.856041
0.207835
-0.937590
-0.371827
-0.666555
-0.491408
0.006865
-0.046806
0.587036
-0.145708
-0.478480
-0.735942
-0.831590
-0.649669
-0.835867
-0.764590
-0.874335
-0.855457
0.570196
-0.152267
0.042938
-0.606117
0.192185
-0.297707
-0.971320
-0.358960
-0.322226
1.343874
-0.078670
-0.550961
0.585507
1.070054
0.871074
0.923949
-0.484394
0.002765
-0.067089
-0.836981
-0.155977
0.531373
-0.799752
-0.643812
0.518646
-0.629406
0.013940
-0.246822
-0.835488
-0.311411
-0.396949
0.207400
-0.652728
-0.336195
0.585075
0.315758
-0.909141
-0.411310
-0.468576
-0.535061
0.613888
0.056791
0.161847
0.305134
0.324610
-0.228668
-0.361638
-0.221804
-0.040130
0.664862
-0.352468
-0.830268
1.182103
-0.435180
-0.872066
0.136092
0.489998
-0.793506
-0.390177
0.085984
1.763377
-0.828130
-0.101519
-0.745285
-0.302002
0.524619
0.375305
-0.026015
-0.456159
-0.023591
0.451622
-0.174124
-0.320933
0.436061
-0.556019
-0.354848
-0.298587
-0.753187
-0.468070
0.020405
-0.007860
-0.593581
0.088042
1.009368
-0.605170
1.266158
-0.802533
-0.593645
0.986343
-0.671994
-0.795649
0.696691
0.014104
0.662596
1.654834
-0.767005
0.192166
-0.237961
-0.757474
-0.839641
0.435151
-0.135857
-0.129056
-0.167289
0.851587
-0.338540
0.912667
-0.065383
1.436879
1.748457
0.551669
0.494289
-0.173205
0.060145
0.296057
1.219210
0.703132
1.619243
0.881939
1.686854
1.416779
1.924824
-0.324633
0.616241
-0.253149
-0.418625
-0.597128
0.460973
1.187491
1.102534
-0.613169
0.639104
0.078579
-0.176702
0.224663
0.539202
-0.894916
0.474310
-0.225383
0.514603
1.723192
-0.049513
-0.550095
-0.146225
1.189900
1.681428
-0.464846
-0.366856
-0.794497
-0.165657
-0.810991
-0.464349
-0.706029
-0.616029
-0.157264
-0.648218
0.565877
-0.485527
-0.569039
-0.797212
0.198297
-0.426252
-0.819388
-0.791748
-0.752392
-0.845193
-0.157922
-0.277002
0.614037
-0.506210
-0.017349
-0.783144
0.073741
-0.603292
0.723414
0.536962
-0.727137
-0.812703
0.205398
-0.141056
-0.942047
-0.561507
1.429753
0.839302
-0.771955
0.890504
1.404771
0.097038
0.288551
-0.523779
-0.048149
1.749691
-0.770401
-0.340742
-0.669430
-0.243843
1.398516
-0.341031
-0.217612
0.138394
1.145618
-0.786797
0.785290
-0.729297
-0.959697
0.030434
-0.320834
-0.682957
-0.483576
0.341198
0.132525
-0.705875
0.030885
0.214810
-0.698221
0.058111
1.441021
-0.225083
0.082087
-0.059283
-0.634253
0.545786
-0.780615
-0.803763
-0.659727
0.548013
-0.423330
0.020143
0.435566
-0.928101
-0.714717
-0.718453
-0.698843
0.344055
0.387216
0.188767
-0.798794
-0.364075
-0.908191
-0.514966
-0.252508
1.288882
0.391763
-0.815434
2.051170
-0.606492
-0.345536
-0.113218
-0.106226
0.443647
0.973034
0.656454
0.541918
0.024138
-0.331606
-0.832820
-0.590410
-0.811264
-0.449878
-0.928187
1.281656
0.245681
-0.141271
-0.162959
0.771913
1.320095
0.019709
0.875537
0.460495
-0.059115
-0.442020
0.091734
-0.459199
0.022821
1.042085
-0.708474
0.185591
1.723084
-0.033675
-0.138022
-0.755042
0.133138
-0.770257
1.156378
-0.194263
0.492341
1.445750
0.151109
0.969575
1.921207
1.613417
1.881746
-0.508273
-0.121394
-0.517744
-0.161711
1.677152
-0.708272
-0.007570
-0.923851
-0.075557
1.221464
-0.187841
0.507584
0.010638
-0.524886
0.119098
-0.808730
-0.530334
0.002959
0.590818
2.106633
0.743026
-0.225600
-0.373407
1.150714
1.050726
-0.850267
-0.855369
0.509287
-0.674442
-0.434768
-0.775520
-0.876459
0.477014
-0.743241
-0.595573
-0.664181
-0.186123
-0.587233
-0.334400
-0.870389
0.374428
-0.520173
-0.406936
0.156586
0.252680
-0.271379
-0.573287
-0.294557
-0.421538
-0.159437
-0.741172
-0.223326
-0.776062
-0.572693
0.399681
-0.011727
-0.452944
0.560650
1.732391
-0.580639
-0.769225
-0.039385
0.536551
-0.578840
0.421931
-0.432655
1.972252
-0.635082
0.425901
0.588115
-0.684871
-0.528124
0.289865
0.143095
-0.545544
-0.583677
-0.670043
1.142279
0.134770
0.942899
0.363503
-0.379563
0.216346
-0.089176
-0.127821
0.456711
-0.857166
-0.840635
-0.327385
1.109569
-0.255068
0.457840
1.346538
-0.873612
0.686860
-0.449131
-0.162533
-0.406440
0.432792
-0.846845
-0.954223
-0.852121
-0.360150
-0.388006
-0.422445
-0.280799
-0.865795
0.534713
-0.213342
0.251662
-0.965365
-0.786753
-0.077968
0.172492
0.429621
-0.072864
-0.920948
0.384469
-0.190412
-0.877096
-0.510605
0.084044
-0.656080
0.655592
-0.563968
0.279186
1.398838
-0.584273
-0.373654
0.384384
-0.757590
-0.428440
0.158680
-0.917636
0.392906
-0.660067
0.526775
-0.166997
0.245827
-0.159104
-0.314161
-0.355057
-0.538432
0.416659
-0.344755
-0.538151
-0.158203
1.989273
-0.573933
0.152702
-0.566624
0.469496
-0.291928
0.304367
0.012354
-0.605457
-0.669966
-0.037582
-0.152414
-0.527898
-0.207100
0.073467
0.916090
0.756747
1.990772
-0.835267
-0.555544
0.805382
-0.043007
-0.485644
0.592169
-0.266107
-0.452523
-0.732452
1.813619
1.936800
0.736670
3.274199
0.353674
0.643587
0.146921
-0.692025
-0.650187
-0.255322
-0.480446
0.090110
0.204635
0.866147
0.672696
-0.465189
0.266201
-0.146453
0.011515
-0.408132
0.322869
0.049365
-0.247832
0.808485
-0.165553
-0.225569
0.252353
-0.572006
-0.646823
0.916674
0.146495
-0.355779
0.570974
0.734741
0.789441
1.717119
-0.685240
1.227345
0.878932
0.845307
0.180227
1.438465
0.377178
-0.855858
0.859362
0.941992
-0.141290
0.104138
0.322967
0.201041
-0.798609
-0.628117
0.319705
-0.399119
-0.310491
-0.724253
-0.687885
-0.635491
-0.793462
-0.684152
-0.878999
0.332138
0.319018
-0.519505
-0.201153
-0.887550
0.053381
0.807602
-0.774102
-0.557407
-0.491887
-0.726742
-0.138508
-0.198475
-0.765578
-0.261608
-0.751415
-0.767895
-0.077419
0.677567
-0.931186
-0.630446
2.339869
-0.476586
-0.548460
-0.549437
0.406876
0.533330
0.135901
-0.439978
-0.198655
0.313773
-0.268540
-0.525900
0.717454
-0.154152
-0.098543
1.113065
-0.466611
1.136910
0.908933
-0.674647
0.670235
-0.972287
-0.528902
0.088522
1.039483
1.281467
-0.399183
0.560297
0.519384
0.032527
-0.219970
1.317986
0.132324
1.266544
0.260587
0.746320
0.066977
-0.206939
-0.121653
-0.184772
-0.150388
-0.471083
0.861740
-0.410335
-0.133721
1.158247
-0.551441
-0.386273
-0.367288
0.317923
-0.517760
0.542195
0.014668
-0.034995
-0.428835
0.872127
-0.066332
0.639213
0.118820
0.030259
-0.490049
-0.699177
-0.407294
-0.586192
0.896747
-0.216815
-0.207385
-0.081029
0.374232
-0.411827
1.079120
-0.276786
0.131386
-0.035844
-0.455457
0.131781
-0.324987
-0.268891
-0.048246
-0.362709
-0.637886
0.254941
-0.035105
-0.355260
-0.586501
-0.494865
-0.621665
-0.476764
-0.483913
-0.764217
-0.415227
-0.785852
-0.433683
0.691005
-0.429943
0.097701
-0.288161
-0.277037
-0.591420
-0.348051
-0.685457
-0.362525
0.454936
-0.325079
0.523727
-0.822213
0.701225
-0.929904
-0.706604
0.428017
-0.840452
-0.560604
-0.503933
-0.537514
-0.186138
0.817955
0.367327
0.574512
-0.349583
0.046037
-0.398013
0.414348
0.667272
-0.481852
0.723332
-0.465199
-0.749894
-0.260751
1.969398
1.360905
-0.039193
0.461332
-0.190595
0.944705
-0.546123
-0.169676
1.492512
-0.553392
0.464382
0.143960
0.756437
0.621193
0.252349
-0.647524
0.219944
0.857496
-0.485266
0.866708
-0.068746
-0.651368
-0.699252
0.050318
-0.061920
0.031633
-0.464375
-0.568437
-0.188861
-0.760715
-0.758108
-0.204289
1.889383
0.268281
0.909217
1.746734
-0.836864
0.217560
-0.451670
-0.461684
-0.813479
-0.150823
-0.812877
1.920324
0.662903
0.409205
-0.237081
-0.055866
-0.342537
1.003714
-0.149076
0.514601
1.967068
1.464968
1.017202
1.759472
0.777532
1.188128
0.194889
1.326728
1.390013
0.192213
-0.189140
-0.475217
-0.467916
0.055502
-0.717476
0.327709
1.689936
-0.036472
-0.734604
-0.622516
-0.134896
1.209641
0.225797
0.075426
0.166623
0.953146
0.314405
0.950844
0.925909
-0.030432
0.618572
0.923542
-0.355555
-0.118814
0.229963
0.440233
-0.591955
0.146833
-0.166031
0.029020
0.626382
-0.824919
-0.257386
-0.812898
-0.956618
-0.677590
0.563486
0.223270
-0.598008
-0.660783
-0.052342
-0.489605
-0.550570
-0.920028
0.109554
-0.087995
0.237142
0.405435
-0.346416
-0.170934
0.154175
-0.363308
0.032687
-0.412670
-0.795907
-0.160996
-0.895568
-0.367764
-0.045273
0.057608
0.369161
-0.643151
-0.378412
-0.509763
-0.496016
-0.863952
-0.844603
0.328849
-0.818206
-0.081342
0.097327
-0.476586
-0.553584
-0.791321
-0.822244
-0.943657
0.551440
-0.836758
-0.194779
-0.791967
-0.651756
-0.846706
-0.150195
-0.722535
0.587626
1.029636
-0.742634
-0.267324
-0.256527
0.464062
-0.089858
0.981839
-0.478306
0.241309
-0.277452
1.101638
-0.306223
-0.348842
1.865142
0.173654
-0.458163
-0.969768
-0.416142
-0.192843
-0.363478
0.188899
-0.415329
-0.347430
1.315745
-0.208110
-0.504617
-0.598219
2.708924
0.591460
0.031983
-0.289992
-0.416221
-0.747573
-0.546817
-0.714297
0.771608
-0.587794
0.083019
-0.265562
-0.431243
0.540566
0.610506
-0.055314
0.396238
-0.446587
-0.013747
-0.551474
0.119332
-0.525236
-0.098375
0.310301
-0.530596
-0.861624
-0.581212
-0.379483
1.258152
-0.506247
2.756166
-0.748331
0.144355
-0.153144
-0.412824
-0.036618
-0.824706
0.039537
-0.609363
0.618823
0.000612
0.449634
-0.140012
-0.142933
-0.427121
0.081335
0.217902
-0.020651
1.065203
-0.650519
-0.708476
0.753251
0.651442
-0.069376
0.823986
1.388735
0.843094
1.783437
-0.069906
2.393796
0.671958
0.054936
-0.837886
-0.482032
1.487904
-0.558647
1.473767
0.540083
2.381275
-0.221342
-0.402992
0.320993
-0.585096
0.202778
0.156614
0.943588
1.907224
0.717370
-0.593945
1.926748
-0.842298
2.196968
1.146197
-0.203073
-0.024071
-0.634824
0.199356
-0.039059
-0.746013
0.145601
-0.696864
-0.583752
1.529119
-0.725934
0.432503
1.172985
-0.844609
-0.414463
-0.155772
-0.789126
-0.741061
0.049222
-0.980071
-0.261549
-0.705855
-0.713140
-0.017781
-0.467716
-0.851509
-0.088030
-0.946574
-0.804685
0.187092
-0.799438
0.382009
1.596829
-0.424345
-0.267255
-0.018059
-0.881584
0.521618
0.392788
-0.025931
0.883733
-0.616712
-0.959372
-0.465934
1.124780
-0.693095
-0.128363
-0.795939
-0.394596
-0.631928
0.876923
-0.626412
-0.835589
0.625882
-0.649304
-0.153059
0.079871
0.546084
-0.437926
-0.824078
0.102966
-0.491414
-0.677854
-0.768932
-0.521488
-0.736130
0.044944
0.296732
0.563540
0.048511
-0.392906
0.121234
0.820344
-0.472170
0.879461
-0.284103
1.503944
-0.820934
0.448398
-0.463694
0.810973
-0.262723
-0.626868
-0.536738
-0.386155
-0.634866
-0.426642
-0.341392
0.145993
-0.674771
-0.549011
-0.845687
0.012076
-0.486099
0.009547
-0.879513
-0.240429
-0.852434
-0.099221
0.398506
-0.338617
1.048713
1.757571
0.931288
-0.906617
1.345040
-0.153182
-0.650131
0.138448
1.310888
-0.420560
-0.288763
-0.691642
0.027197
-0.745919
-0.078109
0.718350
0.100512
-0.002748
0.429989
1.195030
-0.825668
1.889599
-0.710798
2.133811
-0.323272
1.481178
-0.032628
-0.781214
-0.719633
-0.382652
-0.860628
1.523906
-0.832719
-0.634122
0.123304
2.055865
-0.916877
0.744468
0.824731
-0.092951
-0.547020
0.790593
0.763746
-0.314137
0.404347
-0.530128
1.117184
-0.672945
1.087269
1.837638
0.780778
2.322353
0.335666
0.839098
-0.417934
0.557656
-0.246383
0.915616
-0.219992
-0.372035
0.702518
-0.645643
0.289519
-0.412128
0.739239
1.930302
-0.455044
0.007838
0.245905
-0.861407
0.757869
-0.001954
-0.610981
-0.223838
1.665222
0.752114
-0.600621
-0.309130
-0.062243
0.026524
0.824539
-0.645620
-0.788602
-0.495961
-0.671307
-0.688651
0.632114
-0.284148
-0.447696
0.048261
-0.191212
-0.395580
-0.804357
-0.243881
-0.256422
-0.734628
-0.068544
-0.180467
-0.113187
-0.531007
-0.891006
-0.764386
0.324212
-0.716212
-0.678835
1.169771
1.340142
-0.421828
0.446600
-0.107842
-0.432892
1.113910
-0.296875
-0.248412
-0.693899
-0.347416
2.246049
0.052051
0.962036
1.217625
-0.834131
0.560066
-0.855612
-0.348271
0.322297
-0.879071
-0.853613
-0.212494
-0.813081
-0.719114
-0.304951
1.210277
-0.527251
0.450261
-0.545163
-0.700689
0.186930
-0.724320
-0.672120
0.385013
-0.551956
-0.159734
-0.285425
0.663694
-0.582888
0.093426
0.439385
-0.619102
0.098782
-0.526325
0.059743
-0.613391
-0.458354
0.854528
0.414661
-0.737304
0.140351
-0.207672
-0.514356
-0.603452
-0.519517
0.252301
-0.440534
0.380501
-0.141372
-0.315947
-0.248618
-0.224774
-0.664571
-0.618986
-0.808251
1.356666
-0.275297
0.135114
-0.261638
0.211010
0.010194
-0.050192
-0.616196
0.756127
-0.806191
-0.849940
0.977214
-0.244562
-0.582407
-0.405733
0.420569
0.339260
0.074525
-0.158606
-0.702724
-0.492351
0.076357
-0.665537
0.488796
-0.365465
0.321214
0.184090
1.705501
-0.954422
-0.459360
0.026663
-0.518549
-0.348579
0.727004
-0.420668
0.913367
-0.196751
0.738252
0.369224
0.388934
-0.376349
0.091426
-0.515961
0.724075
-0.104188
-0.507885
0.695041
0.415765
0.519191
0.704491
0.085134
1.460505
1.126103
1.061900
1.425186
0.416146
3.120252
1.012842
0.581290
0.336152
-0.329415
0.238602
2.205252
0.023338
-0.695151
-0.885315
0.361603
-0.355636
-0.279050
-0.505564
-0.229336
-0.915513
0.649374
-0.755344
-0.212841
1.223930
0.308998
1.469546
-0.137982
0.836807
-0.506463
-0.638700
-0.897784
-0.907266
-0.666255
-0.645796
-0.509420
-0.548488
0.086960
0.502271
-0.763032
1.695661
-0.489816
-0.554786
0.692192
-0.496128
-0.717513
-0.441049
-0.344397
-0.361150
0.104977
-0.808962
-0.611947
-0.948359
-0.745514
0.163961
0.814030
-0.777931
0.915086
-0.849462
0.477657
-0.585987
-0.683054
-0.946569
-0.718905
-0.319675
-0.089522
-0.772414
0.546695
0.398040
1.592866
0.223250
1.326105
-0.618045
0.511527
-0.526815
0.153270
0.130312
-0.471852
-0.866387
-0.277171
0.411426
-0.570796
-0.346086
0.107226
-0.469743
-0.320590
0.275034
0.620131
0.032324
-0.898471
0.445739
-0.524768
-0.600535
0.370313
-0.447152
0.820490
-0.296885
0.148277
-0.465161
-0.266303
1.628142
0.702564
0.309474
-0.479684
0.063347
0.239260
0.698759
0.105054
-0.067793
-0.411569
0.732371
-0.157024
0.210483
-0.507556
0.109434
0.229568
0.012775
0.649129
-0.412333
-0.628639
-0.358173
-0.718561
-0.221897
-0.274817
1.205848
0.056223
0.165109
0.123895
0.446743
-0.686095
-0.904600
-0.774455
-0.518474
-0.848544
-0.113066
0.935381
-0.686621
-0.230467
0.888191
-0.011535
1.547231
1.041951
-0.888206
0.748515
0.140672
-0.227721
0.451657
-0.587658
-0.386779
-0.715062
0.049962
-0.030354
-0.772036
-0.468916
-0.589233
-0.793044
-0.013721
0.023658
-0.672376
0.099119
-0.227672
0.096408
-0.267532
0.319168
1.924314
0.064848
-0.107098
1.457938
-0.169959
0.831864
-0.818482
1.132103
-0.295489
1.282934
2.082997
0.244552
0.082487
-0.750744
-0.059973
-0.078403
-0.646554
0.867066
-0.015505
0.098804
0.027272
-0.126484
0.667576
0.459291
-0.605459
-0.430926
0.439018
2.422194
-0.120997
0.090562
0.771500
-0.707129
-0.119947
1.152427
0.476689
-0.314358
-0.363153
-0.728877
2.148161
-0.224226
0.926712
-0.868443
-0.437838
0.283166
-0.797040
-0.492189
-0.761508
-0.069118
-0.685069
0.611573
0.403769
-0.381042
2.375906
-0.640424
-0.537939
-0.651641
-0.335146
-0.777813
-0.220630
1.199789
-0.200449
0.636641
-0.612448
0.346740
-0.028357
1.243628
-0.611885
0.677373
-0.351870
-0.549906
-0.310686
-0.572712
-0.591231
0.332815
1.119151
-0.569132
0.301501
-0.724320
0.300670
-0.476357
0.922123
-0.925893
0.269752
-0.933687
1.084638
-0.456688
0.621396
-0.224573
0.718435
0.075917
0.293310
0.140725
-0.841803
-0.727583
-0.079011
0.557568
0.077808
0.261487
-0.152983
-0.541000
-0.659049
-0.790187
-0.192326
-0.896970
-0.378283
0.123116
-0.650873
-0.074223
0.223065
-0.008870
-0.048749
-0.539736
0.281447
-0.656813
0.654343
-0.807840
-0.632465
-0.446888
0.006796
-0.471813
-0.407725
0.084747
-0.040221
-0.656453
-0.878877
1.345295
-0.823681
-0.740621
-0.798429
-0.569381
-0.632290
-0.280176
-0.905629
-0.113946
-0.061220
2.493343
-0.510714
1.346531
-0.239866
0.349547
1.102709
-0.486056
-0.290827
-0.679940
-0.749192
0.440778
0.690154
0.520635
-0.393619
-0.426927
-0.686719
-0.681425
-0.393189
1.066265
0.929650
-0.778467
-0.587906
1.149983
0.383589
-0.716713
1.246254
-0.146744
-0.649632
0.133228
-0.460916
-0.665360
0.446117
-0.803028
-0.737739
-0.584787
0.062203
-0.127068
-0.159539
1.402708
1.312807
-0.414555
0.688762
0.554475
1.911117
1.761375
3.085506
0.928853
0.724083
0.097051
1.650919
-0.714763
-0.252263
-0.840582
1.700802
-0.484697
0.808114
0.680566
1.285978
-0.150993
-0.371316
-0.586493
-0.325891
-0.086253
-0.411307
-0.571323
0.036762
-0.335956
1.529081
1.192579
0.347381
-0.336524
0.200186
0.038198
0.842931
0.251317
-0.548120
-0.345380
0.136389
-0.096294
-0.577772
-0.959205
-0.543516
0.546964
-0.474044
0.314292
-0.843178
-0.791232
-0.658485
0.332539
-0.241850
-0.776304
-0.174977
-0.731200
-0.635337
-0.285272
-0.357017
0.668736
-0.705369
-0.775903
-0.109049
-0.947425
0.249737
-0.427108
0.044720
-0.252932
0.342396
-0.889821
-0.768772
-0.113817
-0.123485
-0.407757
-0.609107
-0.342183
-0.567813
0.661206
1.780892
1.367569
-0.158177
0.399567
-0.325222
-0.685426
0.343156
-0.650378
0.870485
0.633509
0.419905
-0.174905
-0.329732
-0.493692
-0.105724
-0.312296
-0.742389
0.335938
-0.342947
1.100781
0.609916
-0.603180
0.198197
0.850344
-0.190904
-0.594868
-0.502527
-0.687859
-0.659417
-0.515340
0.407355
0.073563
0.050739
-0.505933
0.060627
0.531665
-0.434161
-0.158906
-0.052735
1.029173
-0.242894
-0.785683
-0.318129
0.938893
-0.315046
1.797322
1.458233
0.947470
-0.169251
0.199608
-0.172194
-0.486760
-0.682526
0.534756
0.609271
-0.413179
0.909485
0.042897
-0.032620
0.844294
-0.749372
-0.805051
1.316184
-0.824650
0.115624
-0.663832
-0.423608
0.652606
-0.431611
1.531685
-0.634126
-0.143383
0.541760
-0.152128
0.729476
-0.021389
-0.130350
-0.586157
-0.382610
0.242287
0.208795
0.240384
-0.476675
-0.820636
-0.249449
-0.634573
-0.751016
-0.787189
-0.630286
-0.214044
-0.875430
0.567353
-0.091327
-0.057085
0.044625
-0.342594
-0.787513
1.509042
0.720026
2.202451
1.323451
-0.060838
1.541900
0.936026
0.316776
1.294683
-0.746985
-0.631607
-0.204377
-0.139124
0.667496
-0.468692
0.530962
0.301546
-0.311351
-0.169013
-0.129333
-0.634312
-0.649763
0.899246
1.493283
0.457417
-0.720891
-0.249318
1.361641
0.440684
0.077783
-0.766239
0.125596
-0.809684
0.503725
0.391746
-0.432090
0.143123
-0.888910
-0.153759
-0.785765
-0.624657
-0.857246
-0.458608
-0.193097
-0.483729
-0.152848
0.443538
-0.602812
-0.736219
-0.363216
-0.682044
-0.681788
0.325570
-0.563892
-0.559278
0.394780
-0.379649
0.895504
-0.260458
0.034633
-0.549927
0.869539
-0.182171
-0.515296
-0.108221
0.965754
0.055163
0.196118
-0.482008
0.121013
0.069756
-0.588116
-0.347980
0.913384
1.089911
0.614420
-0.778282
-0.535083
-0.362413
0.517467
0.524431
-0.146586
-0.133123
-0.752427
0.325189
1.626495
0.810557
0.560365
-0.668010
0.999424
-0.670464
0.070851
-0.266113
0.080563
1.088780
0.271101
0.656943
0.417279
-0.798381
-0.631143
-0.405465
0.282053
-0.116266
1.026325
0.362445
-0.657268
-0.294639
-0.699163
-0.755997
-0.171563
-0.318752
-0.628597
0.063831
0.604855
-0.698267
-0.548161
-0.310109
0.212209
0.236965
-0.664563
0.680674
-0.305870
-0.061976
-0.469996
-0.660606
-0.163722
-0.889159
-0.465145
-0.406177
-0.693889
-0.694874
0.026877
0.610345
0.090102
-0.425337
-0.849619
0.237692
1.069238
-0.870490
-0.084194
-0.452888
0.026529
-0.500272
-0.052782
0.091641
-0.643183
-0.920642
-0.519843
-0.274623
0.287896
1.542850
2.363243
0.249717
-0.467812
0.837918
-0.680176
-0.565014
0.301350
0.895525
0.562380
0.083965
-0.674393
1.418216
-0.351568
-0.538338
-0.024084
-0.013005
-0.461293
0.268376
0.430025
-0.535294
-0.366245
-0.539096
0.121437
0.893055
0.656600
2.830838
1.200040
-0.597809
0.065523
0.290937
2.640630
-0.670954
-0.671681
-0.654182
0.428341
-0.385318
0.512411
1.858763
0.688833
1.828587
-0.327461
1.393819
-0.009541
0.227319
-0.561159
0.449200
0.610485
0.896632
1.269774
-0.037933
-0.560187
1.030467
0.201407
1.423790
0.222156
-0.254646
-0.095150
-0.414258
-0.257372
1.183151
-0.551675
-0.343273
-0.725282
-0.389517
-0.422925
-0.696739
0.435540
-0.723291
-0.029866
-0.444593
-0.163616
0.356267
-0.511549
-0.946190
-0.238078
0.170335
-0.110964
-0.669181
-0.717128
-0.041853
-0.276516
0.101098
-0.653653
-0.830781
0.220603
0.568873
0.812988
-0.504319
-0.335099
0.646082
-0.548847
1.777135
-0.645893
-0.636964
-0.283732
-0.593012
-0.693092
-0.193831
0.585448
0.670818
-0.848225
-0.595365
-0.407490
-0.103236
-0.079325
-0.002606
-0.110536
-0.634083
-0.889059
-0.781170
-0.391668
-0.356769
0.216557
-0.261194
-0.547995
0.136515
-0.627002
-0.574617
-0.426336
-0.001866
0.009525
0.882853
1.131386
-0.221489
0.656218
-0.234552
-0.485920
-0.636567
0.229370
-0.887128
-0.494279
1.159817
-0.683170
-0.310427
0.641273
-0.011164
0.170702
-0.475353
-0.784380
1.263519
-0.730763
-0.139438
-0.501299
-0.103596
0.046509
0.984476
-0.226147
-0.150837
-0.147818
-0.070492
-0.517698
-0.596804
-0.497432
-0.310891
-0.437453
0.090999
1.355214
0.337407
-0.066629
-0.470847
0.491579
0.710774
-0.303438
-0.628547
0.513081
-0.293106
-0.705590
0.107425
0.103761
0.194642
-0.508964
0.623025
0.864002
1.582301
-0.735339
-0.728896
-0.337063
0.024328
-0.487461
0.169831
1.415069
-0.792717
0.193975
0.876077
1.614216
-0.760412
0.001154
-0.619103
0.433377
-0.304938
0.747456
0.115665
-0.312163
-0.984923
-0.000361
-0.125907
-0.699782
2.516710
-0.555339
1.279110
0.334244
-0.764042
2.661441
0.623792
1.318783
0.479948
0.903998
-0.238639
-0.478648
0.498935
0.381193
-0.182397
-0.022991
-0.638761
0.724861
-0.183562
0.125721
-0.225655
0.093713
-0.155355
-0.293747
0.748876
0.010695
0.882362
0.565573
1.089267
0.183351
0.003375
0.135891
1.028219
-0.122927
0.012810
-0.709927
0.452330
-0.001013
-0.078421
-0.187887
-0.642975
-0.145885
-0.544192
0.290175
-0.615400
-0.590167
-0.082406
-0.342778
-0.384089
0.485427
-0.353523
0.047257
0.295680
0.806210
0.061194
-0.874119
-0.548837
-0.135707
-0.075139
-0.839831
-0.647063
-0.326217
-0.079183
-0.884951
-0.271062
-0.663660
0.229531
0.393916
-0.038898
-0.370089
0.330505
-0.181836
0.139756
-0.715617
0.197833
0.745997
-0.029257
0.721110
-0.754769
-0.202833
-0.216725
-0.652464
0.173232
-0.610214
-0.381994
0.178685
-0.212541
0.583696
-0.304342
-0.382227
-0.568491
0.335969
0.593517
-0.078926
0.579850
0.394725
0.561642
0.730036
-0.230840
0.363951
-0.701219
-0.135889
-0.154624
-0.312857
-0.609299
-0.259552
0.225632
-0.506597
0.010501
-0.285975
0.328187
-0.888901
0.107640
1.165893
-0.353464
-0.611195
-0.871252
1.004924
-0.112569
0.260906
-0.087261
-0.039828
0.065677
-0.745348
-0.786775
-0.709086
-0.832798
0.217236
-0.433785
0.348466
0.012143
0.163874
0.531965
0.246422
0.019364
-0.650781
-0.423377
-0.088040
-0.411719
-0.349441
0.419272
-0.465368
-0.575452
-0.067545
-0.381955
-0.001996
-0.482138
-0.155070
-0.393795
0.001716
-0.478347
-0.072424
-0.028436
0.353271
0.501322
-0.750364
-0.168426
-0.547236
-0.128413
0.081955
0.219671
-0.364915
-0.162661
-0.385117
1.232014
-0.476254
-0.288504
1.268136
-0.018425
1.398709
0.298292
-0.082226
0.042826
-0.488441
0.533869
0.765032
0.309050
1.381685
0.811792
0.360722
2.112745
1.008657
3.131278
0.726410
0.769704
-0.958564
1.153228
0.558173
0.649732
-0.171920
0.436357
-0.159851
0.404222
0.631800
-0.380500
-0.109804
-0.012953
0.194265
-0.358480
1.379143
0.588261
0.895373
0.237759
0.733249
-0.006824
1.542114
-0.511344
1.039403
-0.330662
-0.413755
-0.264771
-0.040031
-0.349241
-0.094583
-0.018122
-0.477721
-0.210580
-0.532008
0.591485
1.381361
2.797776
-0.124148
-0.872822
-0.104542
0.043094
-0.171044
-0.379410
0.121498
-0.536813
-0.659384
-0.557002
-0.220759
-0.091860
-0.852824
1.221361
0.624221
0.357915
0.198601
-0.517639
-0.598590
-0.146203
-0.319961
0.025194
-0.529064
-0.703648
-0.619159
-0.756580
0.040899
-0.760027
-0.805064
0.772024
-0.115719
0.890025
-0.301370
0.887117
6.570260
