0.000000
-0.004693
-0.402869
-0.421836
-0.764593
-0.783251
-0.380207
-0.633704
-0.691765
0.537014
-0.661559
-0.445690
-0.630833
-0.553537
-0.737331
-0.528414
-0.670599
-0.087598
-0.575242
-0.564806
-0.308414
0.408615
-0.280874
-0.584629
0.010450
-0.686020
-0.404619
0.381305
-0.138588
0.920329
-0.862836
-0.959385
-0.924490
0.226527
-0.633820
-0.043494
3.198271
1.546420
-0.393764
-0.271106
0.011850
0.956594
-0.576974
0.651277
1.084085
0.333738
-0.320434
0.403415
0.236439
-0.827462
-0.202626
-0.595936
-0.408025
-0.485339
-0.679648
-0.475922
-0.738179
-0.641003
-0.172552
-0.336029
-0.789634
-0.350988
-0.738126
0.372308
0.248169
-0.605969
0.503682
-0.344122
-0.345129
-0.484628
-0.554104
0.235743
0.022592
-0.195313
-0.463269
-0.454721
0.409286
0.006270
-0.463233
-0.784976
-0.814142
0.230161
-0.724427
0.002586
0.643830
0.594490
-0.567802
-0.099771
1.957112
1.371010
0.818190
0.920185
-0.076830
-0.403275
0.413493
-0.591058
-0.547845
-0.396138
-0.504038
0.048723
-0.033439
-0.828029
-0.200292
-0.486509
0.021921
0.232384
0.416612
1.251680
0.032715
0.941249
0.220963
-0.582729
-0.445985
-0.228084
-0.195701
-0.226990
-0.658107
0.667440
-0.407697
0.066370
-0.421186
-0.349871
0.398033
0.360618
0.666706
-0.459712
0.455483
0.241641
1.063031
1.792751
1.402446
0.900639
0.218847
-0.828640
1.007789
1.446230
0.104109
1.402362
0.258736
0.621860
1.367864
0.456074
-0.103955
-0.032434
0.022905
0.850824
-0.314554
-0.816183
-0.392766
0.385241
-0.879732
-0.644242
0.004836
-0.670613
-0.462195
-0.464353
0.655363
0.240502
-0.457648
-0.230521
-0.150461
-0.478253
0.200684
-0.348498
-0.528292
-0.393326
-0.433206
-0.420744
-0.463790
-0.328233
-0.033069
-0.010175
-0.189505
-0.850875
-0.750372
-0.413609
-0.267673
0.307880
-0.456900
-0.323042
-0.786244
-0.495724
-0.645169
-0.692751
-0.097611
-0.412142
-0.652813
0.242417
-0.019278
-0.777395
-0.041171
1.366451
0.371306
-0.715359
-0.723025
0.014730
0.144203
-0.075028
0.242850
-0.633950
-0.686560
0.464072
-0.523828
-0.349805
-0.135151
0.165805
0.923358
0.662779
0.700686
-0.060222
-0.227675
1.551998
-0.794808
-0.700707
-0.226634
0.896045
0.717529
-0.870647
0.947062
0.297483
-0.565498
-0.400612
-0.523542
-0.276306
0.616159
-0.296398
-0.265575
-0.712358
-0.895520
0.718045
-0.040136
0.469641
0.057260
0.818955
-0.309923
-0.743791
-0.699803
-0.625778
-0.394992
-0.550226
-0.435102
-0.342989
-0.492771
1.298738
-0.641251
0.397653
0.544745
-0.795923
0.387959
-0.076747
-0.648578
0.105392
-0.535138
0.247054
-0.550326
0.606347
-0.622569
0.244438
0.209691
0.979614
0.332612
0.074541
0.246102
0.640451
-0.542946
0.628885
1.923254
1.270802
1.734770
0.496873
1.439024
-0.464907
0.498055
0.939067
-0.402346
-0.299444
0.258978
0.773312
0.061895
-0.162002
-0.478950
-0.321796
0.609167
0.144150
0.368464
0.834151
-0.321490
0.121366
-0.208599
1.221856
-0.440780
-0.284896
-0.410622
-0.403747
-0.081700
-0.277397
-0.656016
0.294263
0.055692
-0.034220
-0.059772
-0.460663
-0.214970
1.390550
1.422479
0.884106
-0.057306
0.021273
0.474573
-0.753214
-0.306961
1.392289
0.466555
0.741080
0.459165
-0.645093
0.312612
0.174078
1.423321
1.420915
1.155436
1.049706
-0.369903
0.158710
0.025192
0.567169
1.046603
-0.391804
-0.344419
-0.334550
-0.521848
0.107727
-0.580625
-0.011289
-0.579011
-0.579893
-0.821087
-0.817330
-0.797541
-0.570968
-0.420755
0.086224
-0.312201
-0.112000
-0.540342
-0.040089
0.024568
-0.757516
-0.109710
-0.515728
0.162050
-0.669565
-0.544097
-0.287278
-0.401313
-0.736617
-0.974516
0.026024
-0.648521
-0.195920
-0.380041
-0.011262
-0.456308
-0.456027
-0.757768
-0.523539
-0.724327
-0.377331
-0.540960
-0.552745
0.895012
-0.408419
-0.497905
-0.840280
0.301521
-0.790342
-0.754023
-0.058702
0.996440
1.132403
1.059524
-0.316866
-0.460526
-0.528201
1.303640
-0.395632
-0.825754
-0.088064
-0.049449
-0.745939
-0.286468
0.022872
-0.534722
0.826175
1.836445
0.047315
-0.766462
1.506553
0.258359
-0.224464
1.724768
-0.467501
-0.074799
-0.134062
0.248191
-0.621223
-0.622908
0.900568
-0.755749
-0.898440
0.279817
0.269120
-0.287509
0.323051
-0.076764
-0.371117
-0.231641
-0.785361
0.002527
-0.485108
-0.515634
-0.089032
0.256865
0.121783
0.134094
0.981335
-0.828255
-0.624670
-0.866692
0.315106
-0.572659
-0.531738
0.005501
-0.843760
-0.471098
0.515233
1.050085
0.154262
-0.103301
-0.754736
2.162622
0.017542
0.049094
0.361322
-0.155582
1.158798
-0.053465
1.567781
-0.006415
0.483111
0.303725
0.200264
0.478908
0.229952
2.657466
-0.838167
-0.357096
-0.632687
0.105421
0.726707
-0.427690
-0.081446
0.436982
0.568054
0.264159
-0.153312
-0.126427
0.520813
-0.194377
1.605641
-0.516403
-0.307361
0.755385
-0.217005
0.908103
1.240424
0.100147
-0.404553
-0.413288
-0.347542
-0.557015
-0.494102
-0.264757
-0.707004
-0.489164
0.790452
-0.110116
1.623893
-0.510164
0.004668
0.286212
0.358561
1.015681
0.394927
0.977403
0.045474
2.126544
1.342774
-0.384117
0.821300
0.910801
1.179298
0.147758
0.317613
-0.225036
0.298287
0.615991
0.489373
1.009369
0.605954
-0.278284
-0.220654
-0.606207
-0.582264
-0.180548
-0.386254
-0.155273
-0.326554
-0.350976
-0.697356
-0.852704
-0.673939
-0.186083
-0.847845
-0.756663
-0.628646
-0.121482
-0.415358
-0.607728
-0.740613
0.967020
-0.178351
-0.576226
0.020919
-0.167288
-0.028202
0.402770
-0.782707
-0.442008
-0.669089
-0.893658
-0.874113
-0.629570
-0.663367
-0.128690
-0.899511
-0.109530
0.278444
-0.578515
-0.533883
-0.269955
0.333557
-0.642577
-0.220718
-0.702609
0.527901
-0.822495
0.354132
-0.584022
0.019659
-0.348507
-0.813538
-0.718535
-0.443427
-0.552762
-0.483645
-0.438658
-0.440952
-0.328810
1.148816
-0.386579
0.947328
-0.185482
-0.380481
1.204064
0.443279
0.007272
-0.921091
0.244244
0.844155
0.112674
-0.499208
1.068556
-0.859214
-0.200859
0.919352
1.101162
-0.672891
0.748993
0.182110
-0.071204
-0.448794
-0.333466
-0.934233
0.739210
-0.234513
0.692060
1.174156
1.382237
-0.802239
-0.702985
1.931627
0.853390
-0.148072
-0.761161
-0.236698
0.717142
-0.132261
0.307681
0.012298
-0.345607
0.130142
-0.025973
1.368494
-0.565435
-0.940063
-0.855461
-0.278892
-0.711005
-0.032345
-0.123576
-0.801103
-0.468752
0.406949
-0.739428
0.689881
0.930192
1.125684
1.862617
0.551599
0.262245
2.126396
0.628307
0.107288
0.551396
-0.283323
0.355045
0.324800
-0.899122
-0.521912
0.785151
-0.820208
-0.831481
-0.716802
-0.482195
-0.422970
0.658962
-0.400773
1.196867
0.719018
1.007133
-0.003681
0.191357
0.695637
-0.525422
-0.335734
-0.373360
-0.540776
0.426058
-0.426624
-0.249616
-0.397191
0.512199
-0.410615
-0.239244
-0.318601
0.155835
1.636971
1.373638
0.442832
-0.357633
0.511408
0.817110
-0.254060
-0.391944
0.502780
1.647616
0.509670
0.372766
0.866023
1.066156
1.012038
1.816182
0.383109
0.669660
0.858472
0.555276
0.704216
1.577917
0.878643
0.261994
-0.252046
0.606823
-0.287970
-0.699484
-0.637976
-0.471132
-0.901489
-0.954793
0.474458
0.385632
-0.806829
-0.410322
-0.185038
-0.756484
-0.549811
-0.536664
-0.307115
-0.804612
-0.541258
0.325746
-0.093129
-0.132988
-0.213060
-0.347587
-0.581116
-0.796549
-0.121550
-0.242768
-0.108333
-0.692450
0.108724
-0.787264
-0.684604
-0.362365
0.015250
-0.460507
-0.714085
-0.126890
-0.637787
-0.875705
-0.821475
-0.566934
-0.707433
-0.961366
-0.022604
-0.201999
0.200859
-0.687094
-0.799424
-0.133749
-0.414065
-0.847360
-0.116579
0.904492
0.185090
-0.650560
-0.720917
0.622073
-0.533858
-0.123958
0.958286
-0.148365
1.170624
-0.473028
0.157601
0.532104
-0.880277
0.079984
-0.770765
0.025347
-0.021246
-0.181761
1.379215
-0.744425
-0.751195
-0.737571
0.664281
-0.255658
-0.677095
0.319660
-0.177521
0.899434
0.572089
-0.645572
0.147790
-0.931988
-0.721807
1.123614
-0.321580
-0.158262
-0.604097
-0.386513
0.310432
0.009340
-0.531098
-0.664380
-0.733990
0.203195
-0.422159
0.051482
0.856341
-0.551716
0.450534
-0.760195
-0.084916
-0.043295
1.338589
0.220498
0.902293
1.278261
0.018941
0.066585
-0.204661
-0.447349
0.236672
-0.653483
-0.781831
-0.341849
0.571673
0.663136
-0.530078
0.628822
0.389488
1.040238
0.402520
1.098009
1.942188
2.982883
1.060494
2.149198
1.267468
1.731127
0.208713
-0.015184
-0.389954
-0.292008
-0.289372
-0.337808
-0.941053
-0.543451
-0.116805
0.352828
-0.643000
1.603831
-0.412625
-0.175853
-0.367342
0.214645
-0.794083
0.560757
0.896952
-0.100896
-0.607720
0.206326
0.501142
0.422960
0.613357
0.884516
-0.819462
-0.436880
-0.106786
-0.181136
-0.368321
0.380900
-0.123244
0.685779
-0.429192
-0.058268
0.025679
0.028054
2.194690
-0.426777
1.118292
0.168530
1.005682
1.085132
0.362672
-0.205667
0.778805
-0.223337
0.671541
0.435843
1.309634
0.019094
0.277516
0.642441
0.471927
0.460017
-0.557911
0.213322
-0.681549
-0.660293
-0.676400
-0.717378
0.389955
-0.095715
-0.325413
-0.605553
-0.634359
-0.794832
-0.391292
-0.694929
-0.796867
-0.153919
-0.935219
-0.839829
0.376063
-0.748507
-0.213991
-0.820517
0.509550
-0.455578
-0.582756
0.311070
-0.416488
-0.422129
-0.855413
-0.235192
-0.333515
-0.193545
-0.733014
-0.097591
-0.385076
0.280760
-0.188709
-0.451737
-0.182821
-0.732567
-0.045519
1.052739
0.477909
-0.655630
0.049282
-0.882406
-0.308038
0.013734
-0.124779
-0.903798
0.380004
0.621079
-0.590260
-0.443712
-0.024337
0.015457
-0.251513
0.167155
1.350958
-0.248561
-0.177209
0.082691
-0.778428
0.872184
0.820547
0.725537
-0.614838
1.233117
-0.606482
-0.839010
0.611584
1.194946
1.406378
-0.431816
-0.887791
0.782851
0.277051
-0.839309
0.492125
-0.879589
-0.547052
-0.499733
-0.928433
-0.037232
-0.246955
-0.743020
0.095986
-0.894145
-0.736374
-0.208783
-0.043413
-0.767231
1.255334
-0.183417
-0.035918
0.227014
0.272066
-0.238073
0.103571
0.425681
-0.820948
0.559409
-0.832518
0.479392
1.305645
-0.862895
0.149204
-0.707388
-0.768425
0.548209
-0.373067
-0.532794
-0.514997
0.078992
1.060669
0.878110
1.740520
0.160048
-0.384425
0.313996
0.062933
1.635807
-0.270080
0.144862
-0.762452
0.497009
-0.315663
1.074037
2.485601
0.016818
0.491174
0.838153
0.497040
-0.442558
-0.702108
-0.087336
-0.482718
-0.340773
-0.560816
0.549604
-0.689249
0.003852
-0.551339
-0.708890
1.178347
-0.257477
0.005801
1.165879
0.445145
-0.340983
-0.160626
-0.576200
0.011625
-0.004133
0.177831
0.504055
-0.153748
0.699420
-0.710937
-0.931643
-0.340676
0.312621
0.252729
-0.843785
1.351800
-0.958948
-0.629539
0.760292
1.617051
1.250969
0.597667
-0.228524
1.097809
0.350277
-0.102014
0.468405
1.000902
0.605295
1.266795
0.226686
-0.688569
-0.609570
-0.702959
-0.327730
-0.198949
-0.821605
-0.029994
-0.651723
-0.131672
0.220163
-0.428751
-0.042092
0.409448
-0.916571
-0.208403
-0.509380
-0.091556
0.206240
0.216424
-0.215416
-0.960712
-0.280561
-0.835369
-0.543980
-0.273868
-0.096266
-0.300832
-0.832972
-0.256357
-0.333435
0.079039
-0.209578
-0.661421
-0.229469
-0.650838
0.339766
0.350660
0.623868
-0.873924
0.012645
-0.304299
-0.604639
0.319468
-0.892086
0.143354
-0.354805
0.206624
-0.948567
0.526363
-0.055009
0.248367
0.705733
0.417397
0.326004
-0.215253
0.029023
0.100701
-0.440668
-0.572448
-0.193011
2.497593
-0.380618
0.528060
0.928728
-0.403455
0.513712
0.563963
0.289888
0.199721
-0.810831
-0.653361
-0.912262
-0.171451
-0.106471
1.110854
-0.569022
1.550264
0.859790
0.146917
-0.395841
-0.180306
0.184156
-0.365260
-0.845693
-0.208826
0.583224
-0.868428
-0.144032
0.329262
-0.384907
-0.044725
-0.668152
-0.258504
0.420757
-0.260848
-0.521457
-0.855377
0.832804
-0.863423
-0.551446
-0.090168
-0.780998
0.062897
-0.640798
-0.954239
-0.770159
0.543171
0.812753
0.048476
0.178647
-0.019101
-0.630183
0.174508
0.036217
-0.728756
1.264072
-0.816237
-0.343417
-0.258937
0.521223
0.771546
1.439541
1.681587
2.031394
1.121774
0.678725
1.266472
0.640991
0.468579
-0.489669
0.685176
1.759980
0.895398
-0.539804
-0.421996
0.359961
-0.312547
-0.363458
-0.247432
0.197679
0.432300
0.460018
-0.352461
-0.141037
-0.064860
0.156788
-0.613950
-0.408658
0.779915
0.017073
-0.445942
0.363995
-0.374947
-0.303231
-0.629266
-0.418827
-0.074427
-0.358672
-0.430334
0.610585
-0.740178
-0.482659
-0.389330
1.108139
0.105416
-0.945686
2.088700
0.082707
1.220793
0.499016
0.814487
0.204938
-0.612581
1.943274
0.821681
-0.090209
0.192201
-0.033795
0.293081
-0.015464
-0.206072
-0.353225
0.351101
-0.196542
-0.337774
-0.438246
-0.668169
-0.590051
-0.315974
-0.722819
-0.179292
0.078547
-0.810391
-0.660274
-0.454785
0.037837
0.171022
-0.136535
-0.054169
-0.136609
-0.053584
-0.571521
0.855223
0.172834
-0.488498
-0.729634
-0.835671
-0.721237
-0.702331
1.032033
0.931094
-0.725488
0.263548
-0.716965
0.111894
0.267850
-0.512627
-0.714516
-0.338413
-0.274459
-0.212560
0.020737
-0.361284
-0.664611
-0.627737
-0.470956
-0.762169
-0.578113
-0.320634
0.048427
-0.003065
-0.789557
-0.198980
0.559248
0.693910
-0.476505
0.998186
0.130621
-0.540628
-0.007737
0.479885
-0.225487
-0.474127
1.339963
0.738074
-0.507829
-0.461331
0.678552
0.840712
-0.191852
0.771151
-0.803887
0.396434
-0.526620
0.740108
0.179751
-0.491958
0.121716
0.104754
0.139299
-0.709254
0.156411
0.074496
-0.337002
-0.204840
-0.072771
0.261580
1.242101
0.858672
0.996067
0.323570
0.563598
-0.567986
-0.386197
-0.037431
-0.843117
0.440382
1.185652
-0.290228
-0.746923
0.395171
0.607671
-0.715053
0.779284
-0.484929
0.571598
0.321733
-0.827608
-0.469141
0.645678
0.505942
-0.173133
0.249352
-0.076980
1.895784
-0.750881
-0.196905
0.536123
-0.048374
-0.715803
-0.737342
0.427478
-0.592478
-0.822109
0.867246
-0.271995
1.057793
-0.034137
1.768177
-0.245484
0.095611
-0.169395
0.324411
1.403861
-0.618642
0.291171
0.482013
-0.398685
-0.399471
-0.647643
-0.572740
-0.055019
-0.464189
-0.291706
-0.210161
0.064550
0.444044
0.711668
0.062912
-0.511087
-0.552603
-0.605327
-0.236740
-0.576362
1.663320
-0.461563
0.051122
-0.493847
-0.500502
-0.262337
0.213072
-0.291725
-0.261232
-0.667275
0.690014
0.259527
1.100015
0.250449
0.413662
0.406584
-0.404558
0.111703
-0.396722
0.610984
0.079054
-0.390462
0.999287
-0.185845
0.897050
0.891479
1.578120
1.114589
1.904631
1.353220
-0.458394
0.029064
1.079608
0.489491
-0.842180
-0.242483
-0.500221
-0.468434
-0.451260
-0.455101
-0.624627
-0.651224
-0.104898
-0.671778
-0.597183
-0.457604
0.026476
-0.804372
-0.234471
0.221440
-0.725835
-0.849125
-0.943678
-0.708515
-0.386317
-0.501762
-0.098767
-0.058256
-0.218200
-0.177676
-0.290554
-0.845045
-0.674400
0.603415
0.504112
-0.568337
-0.702570
-0.717477
0.217921
-0.823267
-0.414011
-0.073695
-0.277145
-0.378854
-0.572211
-0.883162
0.682884
0.357778
-0.652318
-0.010239
-0.230934
-0.234844
-0.353974
0.664945
0.170527
-0.496614
-0.655547
-0.498025
0.225842
-0.620786
-0.261873
-0.439945
0.868552
-0.019241
-0.143713
1.417562
0.458048
-0.067228
-0.928663
1.803601
0.782767
-0.400992
0.579036
1.007649
-0.177323
-0.240538
2.692433
0.410475
-0.495216
-0.608619
-0.512684
-0.647294
-0.555437
-0.033328
0.525364
0.537258
0.813594
-0.334367
-0.146117
-0.878800
-0.659575
-0.364232
-0.858715
0.667817
0.189134
1.471331
-0.536810
-0.166882
0.068425
-0.780888
0.404151
0.159353
-0.704832
-0.386968
-0.681190
-0.016254
0.879085
-0.760118
-0.725328
0.150423
0.371944
-0.526171
-0.082989
1.674888
0.256370
-0.065969
-0.521373
-0.782347
-0.635727
-0.793310
0.264835
0.476479
1.623600
2.086530
0.890060
1.158621
-0.205867
1.355644
0.550079
0.983861
0.105448
0.601809
-0.579737
-0.528055
0.919283
0.595281
-0.163842
-0.368629
-0.492070
0.386546
0.350236
-0.019897
0.290216
0.405054
0.067074
-0.384758
0.300468
-0.372637
-0.283779
0.569352
-0.303024
0.100375
-0.246571
-0.571305
-0.338174
0.317068
1.097983
0.806599
-0.050263
-0.406227
0.297147
0.548493
0.082000
-0.596095
0.889738
0.058876
0.753418
1.084870
0.485450
0.388042
0.038380
1.757139
1.762104
0.128504
0.813147
0.381013
0.249257
-0.027414
0.570294
-0.271693
0.423731
0.046314
0.258236
0.585623
-0.475846
-0.281005
-0.674848
-0.546309
-0.904718
-0.168807
-0.695143
-0.108152
-0.295665
-0.441555
-0.554271
-0.041571
-0.780144
0.514510
-0.861480
0.183357
0.023919
-0.569743
-0.071172
0.026296
-0.114163
-0.568123
-0.238438
-0.198537
-0.345094
0.177465
-0.293987
-0.787554
0.081201
-0.318356
-0.219488
-0.711020
-0.888564
0.007223
-0.738489
-0.454784
-0.666943
-0.831052
-0.398940
-0.377318
-0.671156
-0.633932
-0.501666
-0.395461
-0.066217
-0.204794
-0.496514
-0.252138
-0.591410
0.433550
-0.641935
-0.073924
-0.333865
-0.868254
0.235843
-0.095606
-0.664671
1.828398
-0.596244
0.071500
0.171759
0.704371
-0.481589
0.337197
0.550527
0.606395
-0.584447
-0.557884
-0.029224
-0.738924
0.905849
0.674750
0.938263
0.831267
0.474788
-0.563742
-0.412784
0.205555
-0.593365
0.304638
-0.794977
-0.756197
-0.838901
-0.627558
-0.166016
-0.436547
-0.495798
0.677541
0.406334
-0.006315
-0.782602
-0.744452
-0.243842
-0.385740
-0.068371
-0.438724
0.258844
-0.604931
-0.729213
-0.069263
-0.290805
0.021329
0.818544
-0.745890
0.917746
-0.715299
-0.848602
0.885809
-0.667423
-0.802549
-0.980204
-0.979528
-0.047180
0.277500
1.783134
-0.308157
-0.410288
0.096979
0.522507
1.575023
-0.789837
2.968229
1.579606
0.543234
-0.910049
1.407991
1.668775
1.763676
-0.001223
1.299206
0.211990
0.014454
-0.570786
-0.133156
0.047841
0.211429
-0.192535
-0.323166
1.448337
0.629571
0.206897
-0.185408
0.123352
1.287790
0.629941
-0.157008
0.143353
0.958942
2.300570
-0.048547
0.376643
-0.149191
0.049867
0.754959
0.448480
-0.159733
0.499360
0.559461
0.080247
0.625632
0.021585
0.218120
0.796785
0.366955
0.075064
0.457587
0.696112
1.147855
1.405041
-0.069525
0.713956
0.626481
1.657114
0.880485
0.699634
0.121952
0.792467
-0.435711
1.224794
0.369001
0.149022
0.036128
0.361615
-0.322693
-0.563526
-0.205973
-0.398984
-0.838083
-0.468968
-0.814300
-0.294352
-0.727493
-0.489934
-0.494635
-0.031571
-0.832654
-0.682413
-0.112956
-0.286131
-0.913520
-0.800534
0.395643
-0.486277
-0.027090
-0.049801
-0.358680
-0.384350
-0.465756
0.253186
-0.770530
-0.732233
-0.391771
-0.784419
-0.742662
-0.545930
0.261304
-0.079926
-0.725698
-0.912140
-0.122172
0.722884
-0.597244
-0.429008
0.036083
-0.567447
-0.514472
-0.827096
-0.139390
-0.752059
-0.356499
-0.580568
-0.539283
-0.160131
-0.821136
-0.776127
-0.696230
-0.740149
-0.555317
1.087381
-0.389776
-0.175929
-0.493713
0.349692
-0.337515
0.199827
-0.577806
0.653670
-0.697542
0.820646
-0.579200
-0.886010
-0.431014
-0.491519
0.212214
0.616421
1.343617
-0.560188
1.218406
-0.223755
-0.673329
-0.158846
-0.697504
1.260945
-0.156437
-0.079702
-0.585862
-0.275936
-0.277306
-0.599894
-0.603350
0.879517
-0.942391
1.601381
0.800357
0.320345
-0.648485
-0.345179
-0.821310
-0.559069
-0.694287
1.483688
-0.075565
-0.890897
-0.180245
-0.415606
-0.810893
1.256606
1.780597
0.517764
0.181201
0.397733
1.774063
-0.816885
-0.603674
0.628277
-0.493223
1.119123
-0.032144
-0.597112
-0.823967
-0.176435
-0.640421
0.470588
0.821497
-0.347409
-0.354021
-0.262967
2.474106
1.534243
1.245756
1.565337
0.382404
0.349029
-0.577733
-0.709768
1.763329
-0.711372
-0.274386
-0.799342
-0.671919
-0.404377
-0.255469
-0.712632
0.874394
-0.081135
-0.979140
-0.533625
0.033451
-0.482693
-0.260532
2.063954
0.151178
0.500487
-0.283732
0.853311
-0.050228
1.081727
-0.308383
-0.776134
0.346971
-0.341112
-0.338273
0.423009
0.522168
-0.288570
-0.586128
0.518781
0.340952
-0.031495
1.701418
1.908298
-0.442646
0.661535
0.476377
0.820350
1.381549
2.109129
1.149223
1.799015
2.463747
0.771764
0.571652
0.589857
0.551206
0.767308
-0.347952
1.199126
0.738446
-0.659825
0.155411
0.526905
0.336202
-0.777936
-0.246111
-0.815331
-0.164378
0.051720
-0.315672
-0.621072
-0.826471
-0.396103
-0.007872
-0.325824
-0.329444
-0.419295
-0.244230
-0.252831
-0.184437
-0.918294
-0.250385
-0.568695
-0.315922
-0.793642
-0.970398
0.157525
-0.706733
-0.672656
-0.007422
0.184908
-0.654867
0.615150
-0.008544
-0.304670
-0.578561
-0.675475
-0.640667
-0.586916
-0.865697
-0.155891
-0.818151
-0.531945
-0.390898
-0.976765
-0.770971
-0.612072
-0.482943
0.379585
-0.089532
-0.840467
0.006973
-0.268727
-0.720171
-0.402430
0.470311
0.031814
-0.524281
-0.298477
-0.057917
-0.200549
-0.121613
0.442488
-0.620065
0.685011
-0.426902
0.605182
0.035688
-0.253699
0.129828
-0.155071
0.427134
0.649975
-0.611093
0.765751
-0.320779
0.884985
1.431584
0.514113
0.215261
-0.746807
1.119298
-0.504199
-0.659350
-0.241677
-0.704791
-0.127707
0.054505
0.233427
-0.027441
0.831274
2.148976
-0.989182
-0.707150
1.386209
-0.486309
-0.080248
-0.285368
-0.495094
-0.178079
-0.869302
-0.651808
-0.240637
-0.806709
-0.805124
-0.288286
2.239776
1.253288
0.613441
0.665766
-0.099344
-0.449833
-0.207448
-0.877378
0.442763
-0.595415
-0.377690
-0.765512
0.914520
-0.769790
-0.100276
0.479909
1.356002
0.941061
0.445900
-0.831477
0.661021
0.660748
0.572088
1.055180
1.529997
1.418111
-0.490248
-0.552877
-0.242920
0.084500
-0.176003
0.148309
-0.591761
-0.085131
-0.153108
0.624391
-0.605080
0.157514
-0.209378
0.041795
-0.057036
0.515833
0.212208
-0.208292
0.844654
-0.187276
0.121873
1.793804
-0.421493
-0.179947
0.314176
1.358081
0.455454
-0.178034
0.894561
-0.751331
-0.991022
0.018758
0.585327
0.620626
0.481068
0.326824
0.452555
-0.083488
1.606585
1.012892
1.078184
0.243119
1.335541
-0.049339
-0.802415
0.828503
-0.254315
-0.471954
0.437567
1.228521
0.190819
-0.484591
-0.622908
-0.243674
-0.638831
0.075989
-0.505636
0.066317
-0.571966
-0.531268
-0.552806
0.793168
-0.251844
-0.524797
-0.231317
-0.826228
-0.337823
-0.917535
-0.840823
-0.038013
-0.470733
-0.425396
-0.638234
-0.816492
-0.261868
-0.750452
-0.662749
-0.754381
-0.792070
-0.415094
-0.421787
-0.614787
0.989223
0.016635
0.053345
-0.539308
-0.238266
-0.527252
-0.694693
0.669871
-0.687888
0.027549
0.154204
-0.149345
-0.468289
-0.659554
-0.643351
0.229359
-0.178382
-0.509496
-0.393257
0.321666
0.565550
-0.665119
1.572529
-0.656483
-0.043062
-0.580803
1.705155
0.705535
0.144212
-0.348196
0.968219
0.393789
-0.013505
-0.026841
-0.260196
2.111561
-0.272388
-0.214833
-0.267852
0.848312
1.368628
1.762787
0.460742
-0.786784
0.925200
0.750632
0.163438
0.293323
1.000607
0.188849
-0.806023
-0.935015
2.140518
0.099907
0.156717
0.111367
-0.730088
-0.585710
-0.438014
-0.215238
-0.372565
1.062777
-0.625569
-0.503019
-0.494856
-0.583362
0.694071
-0.641963
0.399573
0.263135
-0.541272
1.052077
1.308759
0.918793
-0.651088
-0.476317
-0.535354
0.291015
-0.442950
-0.195994
-0.808976
-0.106372
-0.870567
-0.717522
-0.186103
0.119308
-0.635505
0.930882
-0.221582
-0.918364
0.082374
-0.496336
0.547402
0.313863
0.901633
-0.351922
-0.414851
0.522298
0.636207
0.238030
0.571030
-0.101555
-0.343508
-0.245570
1.023332
-0.083319
-0.119150
0.262438
0.597154
1.099861
0.339091
-0.215364
0.401153
0.306962
0.345914
0.092277
0.976082
1.149803
0.429667
0.003435
0.656529
0.795440
0.340849
0.216349
0.202831
0.094823
-0.471587
-0.491723
-0.888815
-0.452911
-0.700391
-0.333575
-0.324133
-0.476552
0.246962
-0.745383
0.766305
0.994235
0.839389
-0.377621
0.651947
-0.408979
-0.410483
0.571773
0.225376
0.497031
-0.044579
0.275200
0.376749
0.042410
0.086006
0.233136
0.195759
-0.680739
-0.727699
-0.312075
-0.565986
-0.306510
-0.384966
-0.712533
-0.787426
-0.586432
-0.516612
-0.319443
-0.305566
0.402439
0.173554
-0.978524
-0.523719
-0.258309
0.393623
-0.803959
-0.375861
-0.696909
0.450026
0.461182
-0.250909
0.950103
-0.852688
-0.448379
0.497104
-0.552514
-0.421042
-0.107299
-0.208169
-0.567038
0.376993
-0.590395
-0.826980
-0.682482
0.308688
0.821202
-0.575547
-0.842577
-0.098949
-0.658266
-0.735856
0.267062
0.091768
0.014783
-0.332691
-0.755313
-0.656001
-0.112802
0.452798
-0.347757
-0.400566
-0.333400
-0.707916
1.489366
0.798077
1.832616
1.659567
-0.286631
0.035743
-0.575660
1.021622
0.925142
-0.477163
0.079425
0.510746
-0.555612
0.008423
-0.253486
1.679075
0.299052
0.292138
0.603257
0.533163
0.714168
-0.545404
-0.517611
0.342356
0.014311
0.118267
0.361221
1.200349
0.191391
-0.771064
0.260737
-0.284919
-0.207734
-0.614669
0.572767
-0.277784
-0.792016
0.033355
-0.536783
-0.753100
0.632333
0.822735
-0.639014
-0.685420
-0.746250
-0.347093
-0.023387
0.626457
-0.829561
-0.649842
-0.816141
0.533092
-0.665402
-0.812525
-0.721213
-0.251670
0.993077
1.702450
-0.364508
-0.287034
0.260404
-0.902622
-0.559055
0.517037
1.199413
1.177438
0.842500
1.864531
0.006712
0.254019
-0.815867
0.916447
-0.456169
-0.123524
-0.617973
0.521988
-0.388945
-0.065258
-0.296484
-0.218270
-0.313785
0.569790
-0.321032
-0.324251
0.060325
-0.585950
1.318073
0.127394
0.556850
0.455736
0.356460
-0.629894
-0.735636
1.094012
0.557426
-0.414091
-0.276561
-0.463356
-0.213697
-0.712984
0.326171
-0.092192
-0.208485
0.881932
0.623194
0.234351
-0.053018
0.022750
0.030099
0.596364
0.339333
1.563552
1.007632
1.026999
1.623493
-0.752674
0.035334
1.407856
0.755186
0.982917
0.962750
1.759090
0.143012
-0.896043
0.572864
0.606258
-0.413420
-0.706524
0.720380
0.128848
-0.442613
-0.590198
-0.484493
-0.337146
-0.309295
-0.347897
-0.748749
0.270059
-0.303667
-0.322574
-0.835997
-0.733897
-0.795019
-0.155050
-0.669799
-0.563615
0.459600
-0.594536
-0.867527
0.638950
-0.826123
-0.197713
-0.664375
-0.095664
-0.620229
-0.557085
-0.726264
-0.547401
-0.005106
-0.258376
-0.825526
-0.867069
0.120024
-0.657979
-0.495168
-0.043382
-0.084827
-0.168729
-0.748254
0.021327
0.230059
-0.532030
-0.161052
-0.576173
-0.344866
-0.099734
0.070628
0.339839
-0.044661
0.502917
-0.320664
0.739296
-0.119312
-0.631356
-0.296026
0.133343
0.267752
-0.435363
-0.673216
0.248822
-0.915073
-0.109323
0.190816
0.866008
0.387883
1.552372
0.238005
0.088110
1.553147
1.283625
-0.639309
1.155248
1.262820
0.288806
-0.719162
0.615356
-0.506929
-0.594092
-0.541378
0.189269
-0.734370
-0.280588
0.973256
0.474693
-0.657101
-0.510989
-0.704169
-0.350814
0.071488
-0.604960
-0.846450
-0.426394
0.416985
-0.021400
0.310870
0.322108
0.966942
0.873033
0.624096
-0.278032
-0.205873
-0.924518
-0.614261
0.584410
0.508138
1.415609
-0.363794
-0.449910
-0.523906
-0.213781
-0.929797
-0.810369
-0.806036
-0.859205
-0.439200
0.153910
0.396738
0.199021
2.074207
0.543548
2.324649
1.502503
0.087059
-0.820479
-0.667118
0.903796
0.573866
0.380361
1.112692
-0.258599
0.139650
0.344680
-0.281916
0.630132
0.817009
-0.207260
-0.023400
-0.479642
0.603782
0.768658
-0.469909
0.381624
-0.381682
-0.240682
0.109018
-0.454503
0.126940
-0.167139
-0.631693
-0.008201
0.504996
-0.497624
-0.666623
0.542566
0.531520
-0.443394
-0.625962
0.419353
-0.195936
-0.789046
0.471036
0.703532
0.226566
0.419451
-0.794647
0.914112
1.458539
1.122345
1.252224
1.096361
0.259971
0.124788
0.892029
0.076885
-0.307851
0.305583
0.489619
0.141753
-0.747462
0.110098
-0.095404
-0.301370
-0.656400
-0.445937
-0.411342
0.178565
-0.553317
-0.174286
-0.656923
-0.781635
-0.415065
-0.308408
-0.265191
-0.774390
1.266265
-0.773433
-0.043218
-0.146463
-0.465823
-0.594507
-0.524813
0.283426
-0.669647
-0.604526
-0.822448
-0.745266
-0.587199
-0.578595
-0.548889
-0.244408
-0.294014
-0.051497
0.705226
-0.106910
-0.259628
-0.899257
-0.676457
-0.365236
0.367225
0.153344
-0.698123
-0.050114
-0.137983
0.168994
0.220692
-0.668081
-0.912306
-0.738942
1.086752
-0.067075
-0.089350
-0.708350
0.483366
-0.248500
0.246155
0.975867
-0.562990
-0.704075
2.243373
-0.846615
-0.371155
0.192462
-0.320466
-0.592346
-0.422324
-0.479026
-0.163471
0.414640
0.957898
-0.216480
-0.557646
-0.616314
1.894181
0.301069
1.312324
-0.041773
0.582541
-0.577021
-0.797388
-0.182255
-0.271606
-0.539878
-0.341733
0.175517
0.406672
-0.388122
-0.184435
-0.280240
-0.695022
-0.952220
-0.905166
-0.108900
-0.143100
-0.113212
-0.883245
0.330619
0.000620
-0.398118
-0.741466
1.627991
0.870049
-0.306110
-0.064712
-0.357530
-0.600574
-0.287560
-0.936764
0.304852
1.374117
-0.790219
1.260219
-0.558484
-0.770299
0.510707
-0.723020
0.620881
-0.273246
-0.359643
0.759723
1.721128
1.415341
2.404847
2.740670
0.578052
-0.577922
-0.211473
0.577810
0.184660
-0.818715
-0.748375
-0.158675
-0.509758
0.843670
0.551460
0.284213
1.638990
-0.417642
-0.491393
0.473636
0.060667
-0.020216
0.218447
1.113189
0.056450
1.910232
0.930569
-0.406520
-0.199949
0.809353
0.234592
0.722614
0.438111
0.896941
0.163407
-0.007664
-0.427701
0.026476
0.142373
0.913996
-0.395685
1.355894
-0.162219
1.152677
0.632903
1.240517
0.782770
0.965769
1.156443
-0.319178
-0.476809
-0.251023
0.236916
0.289888
0.963203
0.053238
-0.720537
0.845224
0.883880
0.732579
0.116490
0.269709
-0.367360
-0.496323
0.390778
0.297461
-0.787012
-0.901496
0.304798
-0.629037
-0.901029
-0.023826
-0.755212
-0.381244
-0.079591
-0.455386
-0.850725
-0.844692
0.154413
-0.580757
-0.468574
0.098418
-0.719230
0.051235
0.058001
0.402531
-0.450759
-0.626972
-0.405195
-0.495699
-0.374320
-0.221193
-0.745928
-0.111787
-0.933317
-0.429322
-0.807203
-0.748764
-0.903132
-0.564157
-0.437702
1.093272
-0.614178
-0.649439
-0.746330
-0.811249
-0.418594
-0.202065
-0.598156
-0.462324
-0.135536
-0.900229
-0.614418
-0.398575
0.164744
-0.875760
1.109002
-0.138499
-0.873399
-0.662989
-0.018881
1.216865
0.002262
0.024719
1.497087
0.495185
-0.464795
-0.715260
2.933581
-0.429246
-0.462904
0.100182
-0.018913
-0.400070
-0.038532
1.176238
-0.664327
1.039753
-0.091187
0.179746
0.594448
0.667952
1.481013
-0.034169
-0.699400
1.208251
-0.864609
-0.774951
-0.195315
0.697393
0.225839
0.287500
0.707458
1.216230
-0.749501
-0.788026
0.730176
0.104783
-0.594781
0.390613
-0.142851
0.651417
-0.107381
-0.602864
0.278803
-0.168479
-0.700421
-0.893528
1.017851
-0.585219
0.842157
-0.571414
-0.809416
-0.394730
-0.722870
-0.259441
-0.416168
0.190910
0.069256
-0.345063
-0.759784
0.040896
-0.005303
0.048826
0.566495
-0.358539
0.848628
1.400825
0.096634
1.890800
1.774377
1.588776
-0.678434
-0.047911
-0.034311
0.650820
-0.738956
-0.893015
-0.340195
0.845771
0.038908
-0.815985
-0.420691
-0.759933
0.329562
0.129954
1.827940
0.819520
-0.057948
-0.579387
1.294065
0.882111
0.492857
0.419583
-0.689983
0.125914
-0.645190
0.326372
-0.060050
0.007126
-0.595792
0.105699
-0.590007
0.021118
-0.849896
1.065130
0.340121
0.844939
1.047297
0.333000
1.033008
1.598011
0.762643
1.420676
0.817682
0.015944
0.686522
1.544975
1.040863
0.450042
1.214311
0.967056
0.370051
0.888330
0.574200
0.113682
0.327296
-0.134102
0.659105
0.090980
-0.245688
-0.609567
-0.158454
-0.412008
-0.702360
-0.420581
-0.167988
-0.814490
-0.385458
-0.224776
-0.894613
-0.298767
-0.719824
-0.921168
-0.476070
-0.615437
-0.766282
-0.422339
-0.694033
-0.512724
-0.284015
-0.584294
-0.192414
-0.502208
-0.521078
-0.381309
-0.831842
-0.113867
-0.622948
-0.338655
-0.730410
-0.863735
-0.321313
-0.678978
-0.685077
-0.132879
0.123074
-0.262539
-0.110674
-0.263366
-0.897690
-0.422661
-0.308471
0.294769
-0.110195
-0.809027
0.206547
0.017119
-0.280606
-0.260736
-0.549774
0.261443
-0.301516
-0.456029
0.061579
0.321834
0.583110
0.770966
0.787767
-0.260032
-0.057553
-0.161061
0.540978
0.827371
-0.749059
0.588978
-0.977832
-0.418982
0.018796
0.740340
-0.731689
2.236763
1.390720
-0.608389
-0.896676
-0.775659
-0.381669
-0.119929
0.230783
1.784819
0.022750
-0.385316
-0.622790
0.354466
-0.177537
-0.751552
-0.531040
-0.362229
0.470125
-0.871718
-0.215119
0.116963
0.960093
0.746178
-0.191794
0.524651
-0.428774
-0.878726
-0.144575
-0.673101
0.692245
0.342867
-0.577774
-0.381845
-0.720779
0.364192
0.442412
-0.276115
0.255596
-0.895685
-0.096085
0.761249
-0.224988
0.258119
0.297121
-0.525859
-0.368312
-0.373072
-0.472140
-0.084752
1.031585
-0.362960
-0.030562
1.935593
0.513681
-0.310730
0.140611
2.385738
0.538698
1.076207
2.063088
-0.812465
-0.806152
-0.752144
-0.674329
0.686943
0.081655
-0.284084
-0.010783
-0.571718
-0.492474
-0.476410
-0.068297
0.883577
1.754143
-0.505105
-0.344510
-0.409526
1.083987
-0.544038
-0.401081
-0.680783
-0.471926
0.387910
-0.550700
-0.691857
-0.245698
-0.033173
1.153826
1.146867
1.415192
0.240387
-0.653632
1.290896
-0.321157
0.827520
-0.839028
-0.019540
-0.749387
-0.472301
0.594292
0.208500
1.071816
1.385477
0.594240
0.745077
0.632729
0.690533
0.751775
0.901236
0.574689
-0.148067
-0.574932
-0.448210
0.799622
-0.532049
0.923616
-0.621644
-0.262344
0.395765
0.474227
0.070565
-0.641489
-0.464998
-0.406966
-0.614513
0.167518
-0.834726
-0.115733
0.337780
0.057922
-0.179434
-0.370861
-0.688746
0.260996
-0.733419
-0.343338
-0.621308
-0.122060
-0.648441
0.043973
-0.588998
-0.398648
-0.737614
-0.456233
-0.432284
-0.565720
-0.441892
-0.421226
-0.464185
-0.659306
0.145277
-0.464713
0.619146
0.170191
0.938717
-0.849693
-0.438249
0.050381
-0.056167
-0.342007
-0.457220
-0.541893
-0.420806
-0.099294
-0.491945
-0.033393
-0.052532
-0.322385
-0.327575
0.280547
1.506236
0.626368
1.505483
1.422164
1.596297
-0.754734
-0.271792
-0.211262
-0.782981
-0.653167
0.197401
-0.565469
0.254454
-0.543350
0.088263
-0.506948
-0.491989
-0.067564
0.710447
0.784058
0.107585
1.496233
-0.900446
-0.747200
-0.746438
-0.321327
-0.201699
-0.717133
-0.870805
-0.338363
0.818039
0.515089
0.140570
-0.326084
-0.569572
-0.467508
-0.902184
2.830461
0.009628
0.853790
-0.255584
0.088101
-0.183336
-0.052951
-0.701083
-0.433028
-0.524729
1.378300
-0.527282
-0.859920
-0.397605
-0.428189
-0.585293
0.143988
-0.620357
-0.658088
1.526614
-0.169781
1.435636
0.213835
-0.607518
-0.591233
0.766334
1.525371
0.970022
1.734609
1.959777
0.223610
-0.598465
-0.362994
-0.063726
0.335724
-0.320695
0.668272
0.112888
0.210650
0.535292
0.187410
0.047428
-0.143832
-0.559901
-0.312696
-0.333250
0.800309
-0.391435
0.287052
2.477347
-0.472688
1.243848
-0.271103
-0.101386
-0.027370
0.021760
-0.637605
-0.337486
-0.318616
-0.699561
-0.148332
0.003478
0.065765
0.268537
0.201902
0.001012
0.362662
0.366371
-0.071430
-0.143632
1.229076
0.255478
-0.090664
-0.776808
0.925775
1.237273
1.247535
0.150993
1.390247
-0.286025
-0.122805
-0.005224
-0.040156
1.040749
-0.740597
0.133717
-0.597657
-0.591394
-0.240336
-0.641305
-0.587979
-0.111790
-0.513329
-0.149959
0.085503
0.434977
-0.340903
-0.353931
-0.317772
-0.503743
0.235924
-0.042779
-0.554573
-0.659772
-0.278006
0.575320
-0.599470
-0.902177
-0.611921
-0.406081
-0.880023
-0.565814
-0.266813
-0.403871
0.171127
-0.683215
-0.266944
-0.692203
-0.495038
-0.861979
-0.664735
-0.611516
-0.925511
-0.135587
-0.430676
-0.803851
-0.269621
-0.592432
-0.323817
0.308281
-0.850633
-0.500727
0.838786
0.523977
-0.443288
-0.606217
1.473549
-0.395437
0.260715
-0.551343
-0.097072
-0.296484
-0.491158
-0.696605
0.181995
1.860358
1.321806
-0.636681
-0.416088
0.056890
-0.851617
-0.798197
1.246854
0.992853
0.990193
0.630721
-0.631209
2.461036
1.193247
1.724028
0.791688
1.057309
0.164469
0.037295
0.643360
-0.391581
-0.064924
0.232763
1.025549
-0.055488
-0.086204
-0.391797
-0.044550
0.645740
-0.433776
-0.237623
-0.837323
-0.781258
0.149192
-0.763420
0.415205
-0.797274
-0.314239
-0.095790
0.991021
0.668056
0.427022
0.118150
0.195677
-0.518966
-0.215174
-0.476138
0.623272
1.004394
1.596421
-0.251774
-0.531919
-0.159692
1.473456
0.787952
-0.387007
1.042005
0.541714
-0.255357
-0.176467
-0.553575
-0.423273
-0.283564
0.257004
0.268390
-0.234970
1.486431
0.289463
0.785048
1.141029
-0.357374
-0.392488
-0.228327
-0.379447
-0.378508
-0.408932
-0.127631
0.268890
-0.187442
0.139682
-0.176491
-0.494927
0.338615
-0.712920
-0.306750
0.306968
-0.362531
0.384119
0.055981
0.647124
-0.491732
-0.790236
1.050260
0.149696
-0.401217
0.142741
-0.413789
-0.044385
0.717311
0.722571
-0.734506
-0.698910
1.365641
0.684767
0.052444
-0.539976
0.662405
0.442426
0.097615
0.543289
0.912865
1.351739
0.221696
0.786652
-0.768393
0.540572
0.639787
0.562873
0.470126
1.090110
0.739208
0.441137
-0.523988
0.972670
-0.578866
-0.331419
-0.163057
-0.508196
-0.867186
0.502980
-0.585123
-0.554762
-0.600864
-0.326652
-0.710480
-0.071710
-0.754847
-0.455733
-0.141518
0.504328
-0.833303
-0.805011
-0.312532
0.712418
0.681620
-0.526001
-0.627994
-0.587908
-0.460830
-0.744987
0.282100
-0.539074
-0.863081
0.245233
-0.230559
-0.246258
-0.169448
-0.869561
-0.634174
-0.507648
-0.274304
-0.045559
-0.119620
-0.519327
-0.612521
-0.113249
-0.687298
0.024801
-0.263639
-0.609877
-0.240446
-0.529351
-0.711859
0.129401
0.611570
-0.327132
-0.338766
-0.318908
-0.555161
-0.056669
-0.064684
-0.718852
-0.732433
0.160206
-0.052584
-0.701613
0.045826
0.169343
-0.792156
-0.665191
0.555436
-0.167863
-0.081242
-0.842567
0.389051
-0.815443
0.765186
1.071807
-0.532043
-0.053423
-0.177692
0.420595
-0.029076
-0.516483
-0.747786
1.967663
-0.438290
0.672656
-0.781298
0.303178
0.657658
-0.391298
0.124436
-0.423857
0.011057
1.746991
1.415329
0.242447
-0.962333
-0.874492
0.555402
1.459552
1.026118
1.397777
1.541516
-0.132320
-0.697091
0.195940
-0.321749
-0.848713
1.169882
0.233481
-0.661443
-0.682647
-0.189262
2.009202
-0.784928
1.283080
-0.662521
-0.321000
0.917194
-0.753969
1.498655
-0.397464
-0.196777
0.519271
1.258049
1.393719
0.101358
1.508245
-0.490619
0.060575
-0.252700
1.648113
-0.204492
-0.352818
0.023238
-0.017542
-0.350471
0.264616
-0.297796
0.726914
-0.325220
0.459553
0.589576
-0.309192
0.063507
-0.108160
-0.308185
0.649799
-0.271790
-0.301674
-0.168464
-0.507203
-0.165577
-0.439528
-0.822991
-0.134556
-0.263124
-0.735770
0.231806
-0.280100
-0.801946
-0.074947
1.210806
0.696973
1.225703
0.517182
0.205052
-0.704951
0.957582
0.973165
-0.581242
-0.138578
1.589106
0.402268
1.302929
0.250729
1.126806
0.628133
0.866884
-0.242632
-0.068691
0.595917
0.456405
-0.616927
-0.593027
-0.222457
-0.775641
-0.408495
-0.780964
-0.844435
-0.342982
-0.496538
-0.555744
0.277614
-0.491068
-0.467764
-0.633771
-0.648429
0.856668
-0.219586
-0.826159
-0.734313
0.272275
-0.598964
-0.550512
-0.701596
-0.802219
0.879027
-0.124290
-0.612303
-0.542536
-0.544557
-0.033042
-0.470351
-0.313216
-0.160759
-0.607607
-0.815406
0.338533
-0.733308
-0.585742
-0.438134
-0.193489
-0.468295
0.180830
0.050695
0.292141
-0.771531
-0.943415
0.098269
0.502573
-0.726188
-0.235245
0.438078
-0.458549
0.204035
1.499523
-0.318436
0.583698
1.636183
1.472715
1.226044
0.374804
-0.510179
0.093221
1.307781
-0.547438
-0.815471
1.018736
-0.599911
-0.279908
1.518512
1.152246
0.979971
0.883347
0.800564
-0.422950
-0.288190
0.192446
-0.031640
0.084399
-0.139316
-0.550630
-0.148240
1.099185
-0.830320
-0.796149
-0.276492
-0.462818
1.385508
-0.504215
0.328171
-0.675821
0.247473
1.050421
0.059735
0.762620
-0.453581
-0.250972
-0.502648
-0.629155
-0.825333
-0.464498
0.340388
-0.227789
-0.472097
-0.824988
-0.733578
0.263780
0.852028
-0.514001
-0.549151
-0.224840
0.224509
0.845868
-0.002230
-0.515507
-0.155065
0.031498
0.953416
-0.452578
-0.031523
1.381061
1.675447
0.851882
-0.051587
0.633363
0.284369
0.860602
1.208253
-0.653288
-0.424375
0.797558
0.929565
-0.302067
-0.777857
-0.341992
-0.201698
-0.380341
-0.817535
0.784824
0.208908
-0.066493
-0.583445
1.274009
0.813982
0.417254
-0.088087
-0.760141
-0.061960
-0.491338
1.651752
-0.400262
-0.211652
0.075737
-0.187123
-0.366159
-0.310521
-0.544523
-0.171776
-0.631032
0.227478
0.321799
1.099532
0.145841
0.350987
-0.521966
1.185577
0.464738
0.663899
0.982196
0.299880
0.589162
0.384511
1.067619
0.315884
0.064008
0.499736
-0.822885
0.865759
-0.203206
0.249221
0.373943
-0.187686
0.718366
1.542501
0.639820
-0.450104
0.242145
-0.165842
-0.370565
-0.836178
-0.529088
-0.692801
0.018629
-0.557496
-0.895625
0.014322
-0.907774
0.374042
-0.443734
-0.802750
0.251503
-0.846712
-0.394598
-0.045014
-0.403984
-0.091962
-0.430383
0.023916
-0.609568
0.064269
0.010519
-0.046949
-0.695544
-0.766374
-0.880727
1.477234
-0.903685
-0.779977
0.047469
-0.933461
-0.268582
-0.230499
0.032421
-0.835885
-0.608494
-0.340910
0.300842
-0.268250
-0.555874
-0.581590
-0.327441
-0.229014
0.266084
-0.316936
0.651404
-0.414229
0.052189
-0.676538
-0.721404
-0.384594
0.514331
-0.165511
-0.003715
-0.514863
-0.148098
-0.178787
-0.387254
0.227527
-0.167335
-0.363422
-0.321095
1.052367
-0.097016
2.013366
1.686425
0.140999
-0.544345
-0.665953
-0.567936
-0.075815
0.211521
-0.508110
-0.859364
0.564937
-0.172318
-0.452653
2.046346
-0.443865
0.266070
-0.678199
0.097465
0.195324
0.450126
-0.733477
-0.066970
-0.460216
0.036126
-0.283329
-0.757058
-0.516799
-0.795707
-0.718653
-0.603095
-0.628180
-0.256122
-0.576896
1.036437
-0.740569
0.960845
1.071014
0.550959
-0.649313
-0.886606
-0.298738
0.199308
-0.130552
-0.032902
-0.147351
0.833571
-0.319944
0.271633
0.239885
-0.009380
-0.250837
-0.306076
0.378970
0.781478
1.126724
0.524218
0.557396
1.010150
1.325746
1.329164
1.636180
0.994190
1.171931
-0.462385
0.248676
-0.617190
-0.890906
-0.590599
-0.481557
-0.547179
0.005264
0.547530
0.465291
-0.239414
-0.084848
1.440419
1.041796
0.034129
1.312536
-0.283500
-0.404760
0.983017
-0.076858
0.657638
0.365634
-0.393281
-0.639275
1.056773
0.432262
0.139322
1.858433
2.074853
-0.632814
-0.007074
-0.552351
1.146780
-0.085153
0.339035
1.259672
0.231502
0.885132
0.356211
-0.206656
-0.192207
-0.206572
0.600527
0.950121
0.804958
1.011173
1.047386
-0.079992
0.095232
1.169815
0.404006
-0.243264
1.069751
0.237380
0.301013
-0.716584
-0.204865
-0.365574
-0.357937
-0.371138
-0.374569
-0.808013
0.608896
0.488629
-0.153503
0.334541
-0.052052
-0.456766
3.453686
3.375437
6.174916
3.806849
0.502172
1.253116
0.804598
3.670434
1.729359
4.733794
4.283074
4.250081
1.086438
0.165708
-0.113500
-0.751443
0.000562
-0.523734
-0.437263
-0.785867
-0.952136
-0.761795
-0.759657
-0.640955
-0.825949
-0.816882
-0.678639
-0.929159
-0.801690
-0.713918
-0.696035
-0.678587
-0.856408
-0.892800
-0.928372
-0.654460
-0.839775
-0.634005
-0.927029
-0.825140
-0.544359
-0.681151
-0.862760
-0.734118
-0.871901
-0.796341
-0.708205
-0.574436
-0.813093
-0.749864
-0.765336
-0.784445
-0.881588
-0.714431
-0.456531
-0.401445
-0.844141
-0.876185
-0.388525
-0.391886
-0.167291
-0.206222
0.071796
-0.771632
-0.654184
-0.562856
-0.746492
0.298534
-0.125595
-0.398868
-0.604904
-0.246915
-0.279626
0.031952
-0.470528
1.096529
0.024036
-0.212042
-0.185353
1.164450
0.498279
-0.683471
0.215680
-0.587334
-0.537829
0.065028
0.633064
-0.795229
-0.451919
-0.809361
0.049141
0.092047
-0.425268
-0.561372
-0.727463
-0.402298
-0.447132
-0.031280
0.229681
-0.836168
-0.040630
-0.563812
-0.047439
1.176155
-0.560979
-0.558866
-0.688586
0.617354
0.437479
0.716415
0.907280
-0.318663
0.690085
-0.466006
0.235641
0.542118
0.049516
0.099672
0.484669
0.485112
-0.425871
0.915432
1.074723
-0.121663
-0.671581
-0.872698
-0.466107
-0.044637
-0.545618
-0.782519
-0.186814
0.293296
-0.434654
-0.555678
0.335400
0.240896
-0.687617
1.246273
-0.391833
0.451945
-0.432944
0.187239
-0.041516
-0.849157
0.685587
-0.742997
1.024198
-0.359597
0.338662
1.052172
0.197280
-0.361228
0.447323
1.087095
0.699969
0.792530
-0.079383
-0.710278
-0.105539
0.391708
1.248328
0.915089
0.372866
0.516771
1.132426
0.442087
0.767778
-0.082247
0.088915
0.240261
-0.753194
-0.478334
-0.383597
-0.567728
-0.664366
-0.778642
-0.548399
-0.226195
-0.416096
-0.422950
-0.815497
-0.803893
-0.746007
0.828582
0.335909
-0.244461
-0.675151
-0.417918
0.695303
-0.081022
-0.530689
-0.195639
-0.383684
-0.293368
-0.559166
-0.049335
-0.623384
0.266555
0.082353
-0.973604
-0.029372
-0.577621
-0.081459
-0.546369
-0.690133
-0.377969
-0.446368
-0.186362
-0.147167
-0.450744
-0.274485
-0.433861
-0.439935
-0.434564
-0.522315
-0.511880
-0.820988
-0.029042
-0.819343
-0.195449
0.108532
0.067172
0.798537
-0.540042
0.261883
0.019221
-0.214510
1.009046
-0.084094
-0.218336
-0.388849
-0.078194
0.675901
0.461084
0.913675
0.201183
-0.662564
0.021766
0.143234
-0.428358
0.047942
0.063509
-0.670103
0.366175
0.577545
0.034788
-0.587055
-0.541930
-0.631741
0.054386
0.426673
-0.405097
-0.360130
-0.612801
1.893592
-0.341659
-0.342835
-0.622871
0.630858
0.098554
-0.472667
1.262916
-0.479059
-0.293732
-0.700960
-0.529720
0.677138
-0.718383
-0.652512
0.349161
-0.894445
0.007747
-0.273252
0.486835
-0.427323
-0.775056
0.752871
0.603324
0.696824
-0.505688
-0.124637
0.771336
-0.112122
2.255158
0.319737
-0.436362
-0.291797
1.237021
-0.167777
0.941286
0.950929
-0.132356
0.426724
0.271180
0.042091
1.166019
-0.293156
1.260040
0.534758
0.661818
1.495578
1.271435
1.933519
-0.438706
-0.356455
-0.138657
-0.138077
-0.377402
-0.372961
-0.314426
-0.024908
-0.180757
-0.372238
-0.393888
0.470219
-0.155463
0.247273
0.817030
-0.409970
0.197147
0.019884
0.061178
0.052031
-0.382617
0.029647
-0.356479
0.138110
-0.396202
1.317935
-0.642554
-0.459840
-0.249324
0.106499
0.834203
0.049444
-0.168604
-0.148814
0.070544
0.858309
-0.816526
-0.618753
1.882865
0.086981
-0.204842
1.242321
1.383788
1.328198
0.361356
0.004772
-0.696319
0.723178
-0.350629
0.296632
-0.261134
-0.744785
0.243195
0.824241
-0.772859
-0.658669
-0.631620
-0.624407
-0.712232
-0.790296
-0.328253
0.272006
-0.026521
-0.613178
-0.759221
-0.011668
-0.038906
0.153822
-0.185452
-0.815401
-0.584873
-0.530190
0.189212
-0.442358
-0.550318
-0.869088
-0.347807
-0.394837
-0.379776
0.173542
-0.708127
-0.678252
-0.681976
-0.650528
0.346950
0.409903
-0.619927
-0.306535
-0.875806
-0.117335
-0.017092
0.346590
-0.021379
-0.636721
-0.176323
-0.720743
-0.364433
-0.176433
-0.262294
-0.408429
-0.720049
-0.338056
0.040637
0.932255
-0.786530
-0.705357
-0.390065
0.442342
0.726129
0.148956
1.019685
0.122741
-0.208867
-0.539023
0.194270
3.648018
1.584861
-0.514849
0.871957
0.764525
0.275249
0.683676
0.081178
-0.133301
0.597307
0.408910
-0.937019
0.416405
-0.003998
0.092167
0.539997
-0.348367
-0.677565
-0.605330
1.400038
-0.317332
0.370430
-0.481056
-0.325808
0.355090
0.833006
-0.480748
-0.321789
0.819986
-0.271406
-0.241643
-0.557783
0.807392
0.816131
1.511230
-0.435211
0.600757
-0.029491
-0.703024
-0.611301
0.925678
-0.281200
-0.725047
-0.546175
1.182006
0.400650
1.600428
-0.748670
0.136683
-0.486733
-0.609229
-0.168558
-0.290252
-0.441198
0.002127
0.008981
1.591602
0.756529
0.686329
0.567193
-0.017511
-0.022672
-0.454355
0.578174
-0.395362
-0.351240
-0.629509
-0.352453
-0.278856
-0.495782
-0.192977
-0.383422
-0.547083
0.136650
-0.450047
0.051077
-0.205628
0.621956
0.130165
-0.013718
-0.139143
-0.163701
-0.259523
0.355317
0.633963
-0.436183
-0.112614
-0.503651
-0.331382
-0.462563
-0.599336
-0.357754
-0.614533
-0.153503
-0.194435
-0.180163
1.068769
-0.492826
1.499473
0.099872
0.507811
-0.083622
1.167429
0.897653
0.504502
1.601855
1.048790
0.809604
2.133355
0.736714
0.880396
0.628583
-0.457565
-0.445783
-0.142342
0.864730
0.082750
-0.520187
-0.802637
-0.727052
-0.097355
-0.315238
-0.186079
0.055835
-0.606806
-0.683871
0.831061
-0.803814
-0.523988
0.001718
-0.482877
-0.859873
0.090903
-0.020620
-0.814092
-0.180354
-0.196074
-0.876424
-0.656100
-0.014652
1.430084
-0.606454
-0.140865
0.006698
-0.055892
-0.374116
-0.705603
-0.821346
-0.592510
0.183840
-0.937597
0.033222
-0.332271
-0.276891
-0.206411
-0.507339
-0.476074
-0.533500
-0.608610
-0.593492
-0.259454
-0.635632
0.139735
-0.295798
0.383762
-0.458965
0.579183
-0.111807
0.113215
-0.237100
-0.438946
-0.818956
1.239933
0.257811
-0.683435
-0.086294
0.255859
-0.536079
0.228640
1.345071
-0.547233
0.933561
0.505086
1.428702
0.600845
0.580484
0.995365
-0.756260
1.342349
-0.254377
-0.795931
0.262833
0.557044
0.488325
-0.664832
-0.345526
0.013580
-0.187765
1.436247
0.668682
-0.445393
-0.887646
-0.391305
-0.051071
0.560995
0.050420
-0.275306
0.285263
-0.271174
-0.333612
-0.395318
0.821258
-0.748116
-0.476797
-0.223954
-0.513195
-0.801651
-0.847774
-0.786393
0.258317
-0.636957
0.651987
-0.196215
-0.482983
0.020681
0.257478
0.048167
-0.760811
-0.501108
-0.664679
-0.714035
0.373834
-0.346251
-0.395697
2.014972
-0.594463
-0.224308
1.342860
2.220743
0.158324
0.461746
2.196725
-0.340034
0.961735
1.019529
-0.833874
-0.683665
-0.622898
0.319864
-0.134126
-0.123405
0.091112
-0.392426
-0.002219
-0.559318
0.034548
-0.076592
0.408356
-0.159971
0.925640
0.056229
-0.591622
-0.421785
0.646107
0.119502
0.465461
1.054634
0.416981
0.697237
-0.141503
-0.444897
0.544976
-0.570481
-0.550372
-0.551305
0.549504
-0.152864
0.713292
0.751205
0.078198
1.374341
1.041306
0.675307
0.478968
-0.759467
1.091828
0.085647
-0.743220
-0.643212
-0.437417
0.031587
0.086688
2.610240
1.434662
1.528134
1.821150
1.337715
0.585853
-0.087849
0.865523
-0.518589
-0.590069
-0.618847
-0.462288
-0.334746
-0.667693
-0.541859
-0.318214
-0.330432
-0.354129
-0.388575
-0.891189
-0.088179
-0.471262
-0.581193
-0.710339
-0.345528
-0.074410
1.585727
0.483599
0.095713
-0.786647
-0.892973
-0.551015
-0.169483
-0.637105
-0.910098
-0.284003
-0.706531
-0.792763
0.148374
-0.565023
-0.819241
-0.690371
-0.819292
0.506555
-0.692826
-0.643026
-0.539636
-0.709426
0.259307
0.353977
0.847560
0.470689
-0.974462
-0.479969
-0.298450
-0.671864
-0.336739
-0.743735
0.451088
-0.467072
-0.174705
-0.526548
-0.580148
-0.630365
0.668141
-0.711668
-0.744521
-0.737760
0.234771
0.104681
0.754966
0.726858
-0.545677
-0.954237
-0.360070
1.386745
1.621928
0.252360
-0.053076
-0.318686
1.184616
-0.780742
0.258109
1.880697
-0.862109
-0.164919
-0.173184
-0.540205
0.142092
-0.749997
1.594283
0.603480
0.140818
-0.787733
0.040257
0.246817
-0.232638
-0.083200
0.524238
0.073335
0.186336
0.264030
-0.581787
0.490717
0.088394
0.786800
-0.551289
0.897195
-0.068918
-0.861943
-0.792832
0.149880
0.175889
-0.392509
1.004560
-0.666779
0.879034
0.565897
0.047305
-0.700330
0.346113
-0.767564
-0.015274
-0.066786
0.679755
-0.310805
-0.064111
1.782454
0.143890
-0.510258
1.609152
0.384360
1.111912
-0.012434
0.666592
1.114486
0.201793
0.970033
-0.015473
-0.763059
-0.559306
0.273757
-0.719561
-0.227215
0.349576
-0.031002
-0.460104
0.328556
-0.141045
1.240955
0.765364
0.137443
-0.326366
-0.631890
0.596236
0.033902
0.059748
0.045131
0.472898
-0.442392
-0.389500
1.405061
0.034905
-0.680999
-0.677772
0.512682
-0.041493
0.137620
1.298029
0.754972
0.622822
-0.141024
0.547734
2.102287
1.225076
0.650818
-0.554689
-0.036099
0.436901
0.168680
1.388926
1.358114
0.171860
0.236197
0.234592
0.823056
0.565491
0.874771
0.008324
1.160907
0.416760
-0.195279
-0.574318
-0.708274
-0.846658
-0.297293
-0.799904
-0.294137
-0.808381
-0.630050
-0.174358
-0.445731
-0.865140
-0.121950
-0.383199
-0.846214
-0.615846
-0.555780
-0.637124
0.175484
-0.658247
-0.690903
-0.213136
-0.711576
-0.513625
0.135469
0.111679
-0.326010
-0.183579
0.278346
-0.236858
-0.466338
-0.138312
-0.944122
-0.839154
-0.355778
-0.218795
0.062977
-0.491623
-0.798185
-0.871256
-0.797087
-0.564878
-0.179763
-0.871996
-0.807117
-0.760220
-0.007853
-0.842712
-0.609655
-0.217365
-0.155376
0.329170
-0.682971
-0.724537
-0.686644
1.251023
-0.410757
0.413359
1.153586
0.000876
1.193828
-0.688505
2.385047
0.616881
0.248269
-0.535949
1.218644
0.747329
-0.566039
0.588711
-0.555409
0.192458
0.534262
0.478074
-0.304505
-0.196846
0.450087
1.311981
1.240092
1.474606
-0.268914
-0.761902
-0.549469
-0.425126
-0.246843
-0.279590
0.388929
0.064873
-0.348959
0.151628
0.122526
-0.776331
-0.568924
1.209547
0.589425
-0.777514
-0.185233
-0.873779
-0.097965
-0.360994
-0.221453
0.840567
-0.785414
-0.329912
-0.705927
2.267268
-0.844600
-0.202812
-0.409123
-0.352845
-0.040412
-0.146983
-0.156374
0.213136
-0.747218
0.001249
-0.623458
0.161514
-0.325588
0.686034
-0.360050
-0.237512
-0.044442
1.051685
0.011338
0.386632
2.016688
0.778189
-0.110132
0.281306
0.940414
-0.518657
-0.108765
-0.781399
-0.367301
-0.240710
0.699904
-0.320697
-0.715022
0.088992
0.426074
0.886305
-0.555210
-0.051519
-0.220345
-0.453500
0.751400
-0.562777
0.679572
0.033853
0.467362
-0.558462
0.178918
-0.399931
-0.496378
-0.358247
-0.108306
1.158142
-0.604575
0.993446
0.236314
0.856579
1.475363
1.045445
-0.460037
0.283718
0.697660
0.184279
-0.201389
1.912303
0.648710
1.418608
-0.040784
0.014680
0.316247
0.728439
0.323769
-0.273421
0.762551
1.906382
0.772021
1.861449
1.230239
-0.556590
-0.874036
-0.858485
-0.478129
-0.696878
0.429667
-0.635896
-0.660147
0.048874
-0.669544
-0.418442
-0.530141
-0.264796
-0.158798
0.764244
-0.326217
-0.352411
-0.894667
-0.794056
-0.195090
-0.108966
0.073239
-0.411550
-0.593151
0.160229
-0.584930
0.230325
0.314308
0.157779
0.345979
-0.550682
-0.857178
-0.048520
-0.349753
-0.839755
0.691641
0.493665
-0.364447
-0.565572
-0.794833
-0.237802
0.194625
-0.888776
-0.558505
-0.961581
-0.485695
0.369797
-0.042658
-0.460987
-0.949029
-0.899135
-0.921343
0.056507
-0.565776
-0.201582
-0.428126
-0.168481
0.060313
-0.439915
0.375839
-0.376093
0.506867
0.604527
0.516488
-0.653985
0.210145
0.676028
-0.327590
-0.521750
-0.013751
0.069255
-0.814661
-0.844590
0.019747
-0.716927
1.102895
-0.678990
0.739939
0.852136
-0.744649
0.254703
0.391251
1.286622
0.576784
-0.792876
-0.462913
-0.807138
-0.404428
-0.315562
-0.768699
-0.129006
-0.651111
-0.543616
-0.535508
0.360835
-0.714164
-0.917575
2.157008
-0.508809
1.161905
-0.488339
-0.489491
-0.016889
0.582177
-0.369072
-0.865225
2.733526
-0.089803
-0.712609
0.180494
1.443976
-0.249047
1.177899
-0.796567
0.627945
-0.583591
-0.584274
-0.234979
1.340574
-0.161722
0.303589
-0.471136
0.017673
-0.058369
-0.276235
1.348954
2.285215
1.797348
0.940828
1.558363
1.229657
0.200550
1.404328
-0.274683
-0.273670
0.662747
0.202140
-0.324037
0.118404
0.875232
-0.246919
-0.683721
0.374733
-0.622920
-0.365093
-0.193637
-0.472316
0.109457
0.878892
0.235431
-0.618343
-0.573235
0.679101
-0.353433
0.048117
-0.103547
-0.520387
-0.007091
-0.771680
-0.135739
-0.140383
0.521765
-0.234231
0.435361
0.085653
-0.103632
1.261292
-0.170199
-0.704650
0.027433
-0.635014
0.045961
-0.208907
0.283645
1.388319
-0.404084
-0.661561
1.183616
0.525494
0.466551
1.188660
1.005633
0.399272
-0.677779
0.242528
-0.545911
0.481593
-0.192718
-0.314804
0.106082
-0.251772
0.576486
-0.905343
-0.130371
-0.320906
-0.548204
-0.179743
-0.848380
-0.551622
-0.500528
-0.032146
-0.765238
-0.812181
-0.374511
-0.277032
-0.639422
-0.258139
0.039118
-0.708262
-0.385786
-0.469098
-0.162954
-0.724671
-0.724012
-0.420038
0.230857
-0.537982
0.419504
-0.559386
0.134673
-0.237565
-0.541147
0.747106
-0.662752
-0.808313
-0.281115
0.265854
-0.021752
0.017003
-0.259118
0.250892
0.694471
-0.557506
0.141495
-0.291167
0.370679
-0.662305
0.933581
1.483820
0.016197
-0.312326
0.699073
0.556283
-0.252588
0.000431
-0.044862
-0.273393
-0.576064
0.760646
0.075220
-0.690877
-0.124222
-0.526011
0.169303
-0.685160
0.106035
0.670067
-0.377628
-0.015039
-0.534498
-0.170643
-0.602386
1.467191
1.880806
-0.766050
-0.773042
-0.692425
-0.539875
0.842167
-0.283510
0.214883
0.771835
-0.323834
0.580398
0.613485
-0.929665
-0.078721
-0.717646
-0.426426
-0.208826
-0.441401
-0.383947
0.835799
0.251812
-0.280362
-0.850021
0.162742
-0.639213
-0.601967
-0.692352
0.102095
-0.480403
-0.346022
-0.411867
-0.727522
1.560187
0.546406
-0.333082
0.757653
-0.472279
-0.788050
-0.573076
0.036759
-0.696612
-0.762555
0.025132
1.423607
1.811850
1.305438
0.636872
-0.714160
2.284796
2.024250
1.221326
0.016772
1.097034
2.263382
-0.209315
0.198079
0.510348
-0.199665
-0.481027
1.454302
-0.236915
-0.016206
-0.812669
-0.197688
-0.395132
-0.412141
0.361641
0.156220
-0.501313
-0.617616
0.509891
-0.121812
1.104696
0.668306
0.909020
0.669212
-0.170080
-0.019307
-0.308924
-0.565670
-0.341591
1.008935
-0.861173
-0.685289
0.043303
-0.536232
0.474752
-0.022319
0.077809
1.304768
0.193535
1.666973
-0.141387
-0.187182
1.360021
1.139679
-0.433818
0.316958
-0.084670
0.529790
-0.034689
0.999112
0.498226
-0.329343
-0.495913
-0.239333
0.099315
-0.285617
-0.501463
-0.577408
-0.106272
-0.533568
-0.459184
-0.089521
-0.562978
-0.366979
-0.630092
-0.220652
-0.398071
-0.444024
-0.813795
0.227116
-0.631478
-0.051963
0.448593
-0.414122
-0.627481
-0.775949
0.065758
0.131267
-0.384043
-0.632925
-0.273183
-0.370856
0.045882
0.522116
-0.628969
-0.410623
0.138761
-0.762102
0.372911
0.638911
-0.334554
-0.076591
-0.292023
0.390889
0.027693
-0.578978
-0.829595
-0.457230
-0.647098
-0.362505
-0.623305
-0.260974
-0.327789
0.571654
0.696742
-0.467241
-0.308209
1.219273
-0.618484
1.102400
-0.765284
-0.544624
1.246694
-0.385291
1.519727
-0.690060
-0.734462
1.536549
-0.151515
-0.948230
-0.362983
-0.182469
-0.661178
0.390718
0.196644
-0.638573
1.046223
1.049637
0.373737
0.738784
0.777514
0.544806
-0.609910
-0.461277
0.558303
0.176907
-0.779725
0.055000
-0.745402
0.823956
-0.508316
-0.524189
-0.636847
-0.435385
1.066928
-0.157313
-0.095483
-0.706477
-0.468720
-0.699858
-0.390020
-0.121603
-0.640678
-0.830898
-0.340589
-0.860423
-0.398985
-0.549236
-0.528744
-0.556188
-0.539371
-0.189799
0.753411
-0.776894
0.231924
0.956157
-0.332850
-0.392277
-0.528254
-0.253996
-0.405876
0.643053
1.549615
0.877758
1.994365
1.109016
1.657266
1.419036
0.251135
-0.310406
0.785343
-0.526304
-0.013062
0.222960
-0.476101
-0.330107
-0.305061
-0.285142
0.414644
0.149739
0.775300
0.104206
0.896414
0.062176
0.289459
-0.006643
-0.239780
0.355742
-0.669227
0.403767
-0.078276
-0.056843
0.117369
0.025578
0.939253
-0.228958
-0.909699
-0.178575
-0.290225
0.679228
0.883967
-0.531209
0.415776
-0.802034
-0.627135
0.719276
1.844300
0.781942
-0.151184
1.272318
0.488913
1.195118
1.485211
1.035018
-0.636079
0.018636
-0.334648
0.527216
1.393101
0.784019
0.488895
1.021432
1.003526
-0.432241
0.045563
-0.079678
-0.388318
-0.696231
-0.319471
0.412252
0.501969
-0.372924
-0.632491
-0.866224
-0.433634
0.283989
-0.441338
-0.758696
-0.814798
-0.324370
-0.270531
-0.858733
-0.024953
-0.537532
-0.330924
-0.096966
-0.771978
-0.523897
-0.594814
0.077406
-0.726147
0.108450
-0.646423
-0.206326
-0.464636
-0.774476
-0.711737
-0.453471
1.312503
-0.110196
-0.013371
-0.177903
-0.826254
-0.748793
-0.684564
-0.383974
-0.249114
-0.772832
-0.099422
-0.502465
0.750793
-0.690921
0.013531
-0.510872
-0.004313
-0.815536
-0.382021
-0.766068
-0.588265
-0.362289
-0.335701
0.334247
-0.215938
-0.514771
0.280951
-0.456562
-0.857726
-0.790382
0.572429
0.215921
0.348009
-0.405345
1.897276
0.513832
-0.277536
0.593905
2.763700
1.366344
-0.437757
-0.633135
0.854131
-0.573879
0.183436
0.331656
0.126361
0.143322
-0.909280
-0.087659
0.229726
0.553952
0.781476
-0.309597
-0.935649
0.458341
0.293424
0.249624
-0.519567
-0.410063
-0.901781
-0.810174
0.396621
0.642592
-0.096890
2.151216
-0.116514
-0.618582
0.575989
-0.146378
-0.754860
0.475792
0.514221
-0.219745
-0.375502
0.582264
-0.680981
-0.290781
-0.759743
-0.696891
1.402922
0.624440
-0.560678
-0.310352
-0.477813
1.438296
0.801083
0.909354
1.311689
0.007756
-0.518278
1.037391
1.592396
0.696625
0.665100
0.097371
-0.332252
0.301046
0.624782
-0.341469
-0.448123
0.411440
0.074495
0.687268
-0.445196
0.089850
0.508257
-0.144104
-0.486643
-0.356441
0.209253
0.279613
-0.337487
-0.319724
-0.194752
-0.278733
-0.216259
-0.497933
-0.356450
0.311296
-0.503027
0.151547
-0.568150
0.782794
-0.082406
-0.166574
1.088647
-0.667563
-0.774041
-0.064166
0.814577
1.355271
1.737885
1.339629
-0.198623
0.597732
0.890230
1.154862
0.176933
2.437781
0.665299
-0.606412
0.629731
0.757631
1.816291
0.463985
0.960001
0.520160
-0.729967
-0.768166
-0.686785
0.342833
-0.766890
-0.546165
-0.794633
-0.526597
-0.307364
-0.160675
-0.529026
-0.596926
-0.123246
-0.580338
0.188444
-0.547696
-0.159141
-0.460750
-0.880379
-0.327252
-0.389755
-0.715941
-0.254535
-0.346251
-0.458431
-0.341851
-0.574580
-0.638257
0.265651
-0.598031
0.305591
-0.924191
-0.309704
-0.885231
-0.947985
-0.677882
0.279329
-0.662835
-0.353985
0.410324
-0.759472
-0.772801
-0.731827
-0.492326
-0.819803
-0.712024
-0.528423
-0.640361
-0.827588
-0.710299
0.770023
-0.392682
-0.531811
-0.003826
-0.414340
-0.639575
0.089629
1.230466
-0.549379
-0.789489
0.303055
0.056968
0.314843
-0.023587
-0.546025
0.152462
-0.778686
1.341184
-0.506246
1.243694
1.669209
0.027995
-0.622450
0.656234
1.202923
-0.476446
-0.608368
-0.079034
-0.641981
-0.176180
-0.089545
0.768536
0.511710
-0.477386
0.448649
-0.378786
-0.338953
-0.094288
-0.276297
-0.035619
-0.466206
0.135688
0.474018
0.097137
-0.033530
0.182080
0.092602
-0.579569
0.168064
0.555803
-0.133828
0.467265
0.998983
-0.157568
1.151485
0.715253
0.009903
-0.724158
0.074349
1.893384
0.142291
-0.031904
0.263095
-0.498709
-0.761432
-0.564533
-0.856092
-0.363951
0.611812
1.048875
1.497389
0.735017
1.200711
1.589564
0.852875
-0.105136
0.119956
-0.230327
-0.005291
0.228442
-0.492042
0.119252
-0.968108
-0.460522
-0.138327
-0.601354
-0.414166
-0.179886
-0.336228
1.505226
-0.203320
-0.000426
-0.353768
0.007311
-0.283304
1.163250
1.106487
1.207009
-0.069866
-0.127325
-0.041576
0.445377
-0.083071
-0.179480
0.578447
0.947460
1.262146
-0.276817
0.557262
0.220502
0.543073
0.302262
-0.355064
-0.367547
0.057587
-0.176922
-0.008887
1.019097
0.481656
1.244877
0.435247
1.117156
-0.071249
0.191721
0.286315
0.385709
0.384268
-0.784989
0.632213
-0.333693
0.601602
-0.068857
0.423015
0.131251
-0.884513
-0.761542
-0.001855
-0.573077
-0.226609
-0.246810
-0.155724
-0.645441
-0.774385
0.172393
-0.175706
-0.685653
0.076418
-0.077831
-0.100652
-0.427533
0.853167
-0.153465
-0.557920
-0.180506
0.162675
-0.446688
-0.775991
-0.207209
-0.809822
1.237053
0.083397
-0.629826
-0.569080
-0.746939
-0.327879
-0.402431
-0.019644
-0.301325
-0.608809
-0.625225
-0.413394
-0.713713
0.164776
-0.866640
-0.769560
-0.136069
0.423840
-0.848046
-0.878535
1.302676
-0.687783
-0.821743
0.917513
-0.050250
-0.866533
-0.188608
-0.191961
-0.606325
0.535577
-0.113529
-0.232353
0.135024
-0.202053
-0.349973
-0.389133
-0.501822
0.777808
-0.341028
-0.498369
-0.333727
0.336399
0.012419
0.906495
0.926737
1.188861
-0.808506
0.179896
-0.342220
0.150828
-0.040783
1.432327
1.358067
-0.169321
0.399291
1.024534
-0.234594
0.090907
-0.503491
-0.316468
1.069551
0.397572
-0.884708
-0.716310
-0.241911
2.868302
0.090266
0.995100
-0.745250
-0.776183
0.055606
0.176182
0.074634
-0.895939
-0.548127
0.392069
0.980457
-0.217053
-0.110184
-0.069584
-0.575235
-0.663011
0.107075
-0.672225
-0.543287
1.378253
0.582480
-0.623274
0.371149
0.598813
-0.448600
-0.392192
0.145464
1.224808
-0.675985
1.858160
1.536277
1.342694
0.421779
0.944171
0.123837
0.144940
-0.765369
-0.116385
-0.739829
-0.550185
-0.108179
0.029847
-0.909438
0.500986
0.390825
-0.760874
0.105733
0.223796
-0.425049
-0.489699
-0.080579
0.953224
0.093194
0.118921
-0.595005
-0.015819
0.715691
0.740532
1.756622
0.141635
-0.246826
-0.445862
0.477594
-0.433289
0.208556
-0.628655
-0.220815
-0.800190
-0.344262
-0.956247
0.936654
0.713233
1.295691
2.236642
0.425877
0.426707
0.713279
0.925429
1.563477
0.812783
1.650581
0.304576
-0.243967
0.801985
1.062202
0.542179
-0.055937
0.367384
0.185388
0.749799
1.520158
1.045859
0.390071
-0.084541
-0.401539
1.235747
-0.714553
-0.629661
-0.806592
-0.713276
-0.835133
-0.581539
-0.003116
-0.800935
-0.774884
-0.258879
-0.828070
-0.243027
-0.699218
-0.518171
-0.046902
-0.861266
-0.767195
-0.734617
-0.409674
-0.541210
-0.646899
-0.180446
-0.551568
-0.505289
-0.699792
-0.573650
-0.604900
-0.900692
-0.039528
-0.825171
-0.163594
-0.618640
-0.144984
-0.182344
1.204912
-0.248015
0.115963
0.802274
-0.803532
0.276367
-0.833205
-0.354923
-0.658822
-0.785135
-0.919489
-0.709065
0.191700
-0.103147
0.830126
-0.521726
-0.057158
-0.434365
-0.629703
0.811451
-0.446380
-0.287769
0.604345
-0.174152
-0.587398
-0.493361
0.978869
0.429035
-0.261660
0.661305
-0.299150
-0.101860
-0.977132
-0.012557
0.229118
0.759705
0.865363
0.164840
0.373810
-0.002929
-0.040179
0.415731
-0.205894
-0.507062
-0.475716
-0.129209
-0.109561
0.845820
-0.168622
-0.793534
0.165963
-0.349730
0.710793
-0.009839
0.243576
-0.789232
-0.353320
0.299117
-0.669120
-0.631182
-0.298371
1.096202
-0.099136
0.974000
-0.791728
0.359606
-0.238088
0.588955
-0.706248
0.263977
-0.193820
-0.595731
-0.304573
-0.451838
-0.244368
0.075523
1.160644
0.828385
0.256303
-0.410971
0.052599
0.012575
-0.621445
0.997784
0.653331
-0.967887
-0.803789
1.211454
1.116507
0.668350
1.624333
1.582161
1.425980
0.038210
-0.679254
-0.004887
0.797678
-0.222435
-0.709468
0.036989
-0.243817
-0.486056
0.610171
-0.678060
0.142780
-0.590782
-0.464390
0.031079
0.705470
-0.202703
0.718589
0.899851
0.513829
0.829369
0.673632
-0.096606
-0.365977
-0.429758
0.414048
0.174161
-0.764321
-0.120875
-0.177503
-0.207507
-0.443470
0.158342
0.098343
-0.772396
1.152708
1.290629
-0.647387
1.085599
0.363879
0.090027
0.485493
0.540552
0.506706
0.438155
1.769028
-0.140073
0.068546
1.855870
-0.111577
0.366630
-0.068826
-0.438169
-0.273600
-0.108857
-0.140424
-0.509601
-0.485519
-0.567547
-0.633236
-0.570710
-0.221261
-0.690387
-0.414136
0.289071
-0.498175
-0.325668
-0.801200
-0.288223
-0.065426
-0.497425
-0.024994
-0.356091
-0.697760
-0.528973
-0.095180
-0.555965
-0.832432
-0.036245
0.267189
0.837403
-0.356160
-0.617050
-0.345167
-0.187020
0.335585
-0.404871
-0.811164
0.212977
-0.707068
-0.586330
-0.463180
-0.616736
-0.226366
-0.617662
-0.793945
-0.520604
-0.661225
0.442346
-0.630813
-0.102804
-0.723286
0.316568
0.158526
-0.565455
-0.614967
-0.138805
0.127429
-0.405309
0.981835
-0.011674
-0.328333
0.568158
0.266991
-0.221448
0.411706
-0.274573
0.623274
0.863284
0.277193
-0.891247
0.399212
0.696319
0.689041
-0.238258
-0.678787
-0.532497
-0.309647
1.156622
-0.179197
0.265854
-0.402551
0.458724
-0.318297
0.496647
-0.642738
0.782384
0.612441
0.724482
-0.158932
-0.764039
-0.619264
-0.477075
-0.167072
-0.659450
0.086197
0.636926
0.604830
0.121682
-0.457099
-0.719832
-0.112844
0.082742
-0.157290
0.150015
-0.253644
-0.246626
-0.710566
-0.549270
0.849426
-0.039086
0.017181
-0.552581
-0.506813
-0.145485
0.505154
-0.525599
-0.197619
-0.549020
0.135841
-0.567206
0.657533
0.071660
-0.523464
-0.464178
2.239223
0.681848
0.231697
2.439029
-0.370750
-0.464946
1.019518
0.944492
0.113923
0.083971
0.456549
0.369908
0.978857
0.449981
0.259157
0.094054
-0.293913
-0.034793
-0.405859
-0.106332
1.473061
1.087950
0.032502
0.353244
0.408610
1.082073
-0.049151
0.420565
-0.195836
-0.357994
-0.397607
-0.368434
-0.317181
0.223065
0.185871
0.535752
-0.119995
-0.005754
-0.737148
-0.282127
1.905754
0.515907
-0.206505
-0.413764
-0.258511
0.243690
-0.624169
0.472044
1.066817
0.129250
-0.324766
-0.206729
0.568265
-0.385595
0.401694
0.668705
0.555136
0.879534
0.032722
-0.193498
-0.783487
-0.555432
0.010312
-0.182964
-0.045518
-0.242885
0.305234
0.672802
0.482297
-0.409415
-0.872945
0.021314
-0.597695
-0.773558
-0.537609
0.152656
-0.831195
-0.438355
-0.407341
-0.735469
-0.392212
-0.225008
-0.710178
0.336626
-0.411507
-0.416292
-0.445047
0.663360
0.128090
-0.845299
-0.327347
0.001335
-0.801005
-0.380579
-0.634052
-0.483657
-0.370577
-0.597058
-0.632408
-0.474332
-0.699760
-0.678534
0.010571
-0.231580
0.689732
-0.299884
-0.719145
0.130072
-0.881618
0.866016
-0.664046
1.068939
-0.307646
0.388565
0.320820
0.693185
-0.289340
0.510970
-0.557777
-0.471633
-0.864165
1.165673
-0.336792
-0.714382
0.922537
0.526815
2.223072
0.283747
0.386057
-0.482747
-0.512235
-0.479801
0.737190
2.310185
1.174876
1.208263
1.021112
-0.696660
-0.341716
0.159411
0.420682
1.025017
0.219574
0.337122
-0.362155
-0.540530
-0.306457
-0.733977
0.366616
0.807481
-0.002585
-0.853253
-0.588614
0.181434
-0.590397
0.119013
-0.461459
-0.741248
0.153858
1.518878
0.613271
0.112630
0.063765
0.071401
-0.706194
1.129771
-0.597496
1.971195
0.159187
-0.322954
-0.438299
0.567239
-0.440133
-0.750021
0.425116
-0.507919
-0.553888
-0.455819
-0.062029
-0.059369
-0.697549
1.330141
-0.512923
0.006121
0.151226
-0.081180
3.328872
2.209200
1.370610
-0.347021
0.058262
-0.587878
-0.324103
0.166100
0.852289
-0.431148
-0.558930
-0.278075
-0.285178
-0.136708
-0.163332
0.484131
0.159100
0.234319
0.051143
0.885221
0.157030
0.184010
-0.572961
-0.438669
0.395853
0.012902
0.523569
0.297097
-0.531481
-0.750600
0.282060
-0.401427
-0.797956
0.639007
0.723874
-0.442088
-0.704107
-0.172291
0.918964
-0.732542
0.817813
-0.241143
0.733524
0.928497
-0.150673
0.033975
0.307736
0.161184
1.077528
0.889681
0.865137
1.249665
1.679625
0.291707
-0.890177
0.132469
-0.472808
0.088848
-0.527747
-0.339860
-0.767193
-0.776189
-0.776484
-0.278153
-0.410333
-0.526243
0.019592
-0.757641
-0.206992
-0.727495
-0.103861
-0.687158
-0.812169
-0.425727
0.436664
-0.680805
0.376681
-0.890823
-0.405391
-0.465794
-0.426137
-0.948487
-0.701019
-0.688319
0.229921
0.090950
-0.831576
0.376157
-0.002344
-0.277592
0.163353
-0.886005
0.103900
-0.382147
0.433826
-0.757496
-0.689870
-0.073001
-0.186336
-0.005292
0.028965
-0.331753
-0.372583
-0.439086
-0.688994
-0.282801
0.179479
-0.413047
-0.762942
0.219200
-0.456727
-0.397291
-0.925467
-0.676733
0.218865
-0.122602
0.839533
0.482560
1.717584
0.821837
1.012553
-0.619917
-0.247173
0.166468
-0.747143
-0.174915
-0.043635
-0.684736
1.224984
-0.464298
-0.585126
1.000617
0.953854
-0.882843
-0.830720
0.606140
-0.593195
0.159019
-0.225526
-0.778491
-0.800281
0.554367
-0.854670
-0.662054
1.785619
-0.650016
-0.417553
-0.476256
0.129906
0.332566
-0.261038
-0.527178
1.242323
0.989227
-0.648308
-0.708043
0.964946
0.541042
0.693854
-0.485040
0.901340
0.101549
-0.896049
0.245293
1.266756
-0.059258
0.329498
-0.456434
0.183910
-0.351586
-0.268559
-0.504302
-0.090142
1.406848
0.508832
-0.079789
1.177104
1.400001
0.094636
1.187987
2.998752
2.190811
-0.211926
1.427538
0.288754
-0.511095
-0.233643
0.075796
0.155003
-0.431961
-0.145802
-0.251026
-0.311814
-0.237067
0.074514
-0.583958
0.639745
-0.234287
-0.130768
-0.203635
-0.028959
-0.481086
-0.026018
-0.297676
0.363205
-0.322316
-0.384938
0.843608
-0.439663
-0.388763
-0.552318
0.803195
0.232374
-0.589873
0.220678
0.593841
-0.679333
-0.301390
-0.062647
0.753998
0.956728
0.531026
1.209671
1.555751
0.055608
0.632283
0.702586
-0.237625
0.100547
0.952335
0.864273
-0.309193
0.363807
1.572506
1.793542
0.775078
0.101839
0.406755
0.035220
0.331219
-0.096011
-0.525043
-0.564364
-0.800651
-0.246361
-0.766377
-0.628285
0.191729
-0.843123
-0.606540
-0.494844
-0.428275
-0.886383
-0.516066
-0.274199
-0.641801
-0.070264
0.083083
0.522102
-0.643416
0.445669
0.201903
-0.454627
0.059132
-0.433901
-0.397060
-0.701049
-0.884664
-0.595127
-0.026645
-0.673130
-0.486093
-0.211280
-0.970190
-0.690777
-0.477016
0.203346
-0.520065
-0.281045
0.298309
0.351138
-0.266077
-0.375383
-0.925723
-0.506997
-0.377409
-0.279414
-0.541624
0.203485
-0.072350
0.043068
0.252979
0.507825
0.227176
-0.607894
0.069644
0.453446
0.181846
0.984007
-0.022377
-0.885282
-0.852116
0.248238
-0.390924
-0.183500
0.259971
-0.028242
0.999602
-0.827011
-0.254266
2.518119
2.254871
-0.206289
-0.203355
0.527431
-0.490901
-0.585937
-0.261615
1.416288
-0.650060
-0.059600
0.163062
0.062486
-0.698087
-0.949430
0.036354
-0.886449
-0.304279
-0.082656
0.063721
1.073409
-0.816116
-0.535980
-0.742044
-0.662909
0.718783
-0.667922
-0.586011
-0.575409
-0.506405
-0.721591
-0.733173
1.818761
-0.465690
-0.828592
-0.569398
-0.574221
1.383401
-0.622922
0.002629
-0.077764
-0.041107
-0.737517
0.274016
-0.702735
-0.734683
-0.507949
0.936409
1.478535
1.300032
0.259406
0.525494
0.939111
0.609223
1.745519
1.634420
0.309751
1.013014
-0.330694
0.018067
0.904866
-0.329578
-0.472088
-0.046417
-0.349683
0.302436
-0.243127
0.395550
-0.324439
-0.488545
1.754423
0.245028
1.033756
1.025081
0.898313
-0.420663
-0.418050
0.342804
0.112541
0.541584
0.128575
0.061625
-0.562565
1.120309
0.396780
-0.572131
-0.308781
-0.481384
0.198712
-0.569849
0.409385
0.300814
0.289313
0.693618
1.318237
-0.047480
0.235620
1.125971
1.173894
1.200924
0.525845
0.144702
0.977438
1.230615
0.383322
-0.235486
0.562326
0.339502
1.448660
0.580464
0.834905
-0.403966
-0.510379
0.232137
-0.565218
-0.832354
-0.865745
-0.060447
-0.603120
-0.872288
-0.078220
-0.318745
-0.685006
-0.663944
-0.783343
-0.136920
-0.182707
-0.942296
-0.600364
0.436664
0.418715
-0.552648
0.342103
0.102633
-0.481238
-0.787046
-0.552314
-0.018068
-0.848529
-0.953350
-0.724641
-0.483189
-0.622716
-0.527054
-0.246090
-0.713918
-0.311869
-0.442547
-0.465582
-0.442853
-0.691105
0.065404
-0.572585
-0.198799
0.367842
-0.695856
-0.083421
0.020380
-0.275392
-0.131545
-0.773108
-0.812321
-0.459891
-0.736141
0.110467
-0.186157
-0.917404
-0.722581
0.791907
-0.841769
-0.764719
0.343841
-0.685220
0.567871
0.057918
1.273798
0.252212
1.390914
1.252429
0.087778
0.561597
-0.685789
0.420323
-0.723134
0.111764
-0.641995
1.143628
-0.184745
0.056672
0.853040
1.180649
-0.835482
0.217575
-0.320029
-0.736472
-0.851339
0.239696
0.207560
-0.256918
-0.814785
-0.090178
-0.807690
0.403535
1.267536
1.597221
0.796232
-0.534051
-0.515761
0.005780
-0.541882
0.464170
-0.331267
-0.793860
-0.494631
-0.915933
0.183011
0.585927
0.324043
0.566241
-0.483315
-0.302610
0.659350
-0.714799
-0.864581
-0.778263
-0.242587
0.056049
0.188688
0.712911
-0.349639
-0.076760
0.279852
0.829170
1.997020
1.907001
0.800425
0.527882
0.843294
2.406215
0.769391
1.312844
0.670152
-0.686889
0.249780
-0.261370
-0.418199
-0.868797
-0.517807
0.562532
0.020809
1.206830
1.270643
1.032760
-0.465027
0.688224
0.703999
0.756160
1.246817
1.139596
-0.637914
-0.317548
0.339018
-0.886195
-0.169141
-0.446768
-0.248155
-0.387076
0.090734
-0.136228
0.103280
0.524790
-0.310338
0.835641
0.432991
1.252966
0.931256
1.922347
2.594195
-0.571571
-0.847825
-0.706162
0.174493
0.582022
-0.345895
0.586823
0.963852
0.957023
-0.335093
0.337773
0.639021
0.156207
-0.086422
-0.074764
-0.334746
1.092342
0.431465
0.575953
0.086786
-0.357716
-0.803763
-0.405861
-0.774939
-0.381729
-0.840289
-0.572792
-0.587724
-0.719957
-0.715066
-0.434848
-0.848828
-0.646352
-0.123233
-0.588443
-0.354836
-0.916496
0.063207
-0.651141
-0.221052
-0.602984
-0.743548
-0.355693
-0.192848
-0.277402
-0.060036
0.389183
-0.083826
1.314465
3.261988
4.981233
