0.000000
-0.405921
-0.184654
-0.596419
-0.239790
-0.760907
-0.756563
-0.553367
-0.397808
-0.774746
-0.807898
-0.854608
-0.279035
0.146585
-0.381360
-0.538194
-0.716374
-0.187434
-0.750382
-0.379436
0.296441
-0.520420
-0.816332
-0.773227
-0.286866
-0.227439
-0.264859
-0.850163
-0.895153
0.403284
-0.159859
0.288195
0.629096
-0.762952
-0.920993
-0.373104
0.128425
0.608374
0.476875
-0.133756
0.351393
-0.531961
0.553634
-0.250309
0.229511
-0.127758
0.109291
-0.442820
-0.504005
0.529750
-0.094534
-0.330674
-0.165803
-0.649597
-0.872721
-0.263044
-0.721864
0.363058
-0.644465
0.090594
-0.191955
-0.211274
-0.649461
0.137979
-0.555063
0.908782
-0.080526
-0.800073
0.239455
-0.192424
0.102013
-0.455896
-0.254520
-0.378059
0.518577
-0.507349
-0.419358
-0.044623
-0.007734
1.126410
-0.787792
0.169032
-0.492546
-0.360485
0.919597
1.299831
0.484605
0.177551
-0.251949
-0.766825
-0.033422
-0.211350
0.996579
-0.592694
-0.270045
-0.760759
-0.304469
-0.597165
0.068375
-0.567285
-0.383166
-0.250180
-0.318623
-0.796275
-0.325140
0.520769
0.039743
-0.173353
0.875889
-0.410525
-0.574914
0.265115
-0.392068
-0.838924
-0.557782
0.448351
-0.231072
-0.763989
-0.529421
0.714618
-0.847292
-0.097547
0.367645
-0.532493
0.229165
0.577143
-0.648365
-0.470439
-0.070906
-0.266805
1.483653
0.767265
1.001798
1.408470
1.610265
2.105842
1.222654
1.173322
2.711154
0.788216
0.742030
0.009148
-0.302547
0.642155
-0.738645
-0.868359
-0.389930
0.064940
-0.563307
0.735871
-0.855466
-0.216356
-0.600676
-0.830746
-0.577376
0.261469
-0.202786
-0.505778
-0.540132
-0.781026
-0.156637
0.862112
-0.192612
0.107608
-0.655163
0.412842
-0.558040
-0.479799
0.211181
-0.697163
-0.045061
-0.844112
-0.822186
-0.017664
-0.550232
-0.554967
-0.681851
-0.429514
0.063160
0.033609
-0.064204
-0.117179
-0.539270
-0.303071
0.013342
-0.575139
-0.672287
-0.702567
-0.841631
0.760540
0.050968
1.405577
-0.789014
0.037468
0.129781
0.185849
-0.482890
-0.621137
-0.714845
0.212303
-0.348468
-0.037026
-0.405772
-0.000637
-0.129053
0.734006
-0.057243
-0.719137
-0.125435
-0.810284
-0.037598
-0.099462
0.258756
0.696177
0.598952
0.807869
0.753156
-0.704899
0.522488
-0.747813
-0.621256
1.549693
0.925621
0.099493
0.944668
-0.822667
1.195402
-0.433800
-0.436783
0.295348
0.126230
1.948275
-0.511124
-0.538424
-0.376224
-0.415212
-0.042760
-0.732365
0.211499
0.007747
0.914465
1.097375
-0.477560
-0.109338
-0.436568
0.356295
-0.961527
-0.528339
0.258192
0.666688
-0.642276
1.006090
-0.563964
0.042289
-0.632721
0.361446
0.457407
0.105413
0.092952
0.307849
0.144041
0.418268
-0.602795
-0.349075
0.350975
0.664096
1.316784
1.951958
1.897846
1.172440
-0.387418
1.613567
0.252305
-0.684040
-0.870574
0.722360
-0.250716
-0.302675
0.042017
0.204821
-0.727444
-0.181929
-0.380624
-0.325174
0.720046
0.185469
0.244045
0.522555
1.783214
0.798616
-0.254600
-0.609307
-0.219854
0.162323
-0.165164
-0.057174
-0.681536
-0.648351
-0.492607
-0.036442
-0.044257
-0.022952
-0.376784
0.229529
0.115103
0.127923
0.206757
0.674626
0.904471
0.280306
-0.906052
1.622852
1.320793
0.758060
1.145192
0.200437
-0.417525
0.423745
1.078444
-0.309135
0.384247
-0.021928
0.088617
-0.136222
-0.599932
0.086937
-0.162170
-0.335539
-0.274886
-0.426338
0.294894
-0.571975
-0.796890
-0.710244
1.206357
0.194732
-0.792493
0.685229
-0.444062
-0.170703
-0.024258
-0.776279
-0.508392
-0.464372
-0.665605
-0.253880
-0.745502
0.416600
-0.162464
-0.818907
-0.565428
-0.298639
-0.369207
-0.851375
-0.526816
-0.881418
-0.700282
-0.938863
-0.181373
0.323406
-0.879417
-0.246372
-0.472253
0.294840
-0.344890
-0.676593
0.392072
-0.577258
-0.865383
-0.269933
-0.081112
-0.729281
-0.711259
-0.547228
-0.754336
-0.245315
0.411506
-0.339397
-0.177661
-0.745374
-0.375261
0.146151
1.530625
-0.426079
1.496330
-0.625010
0.746391
0.629158
-0.637596
-0.293494
-0.379382
0.563940
1.791001
1.111332
-0.916380
-0.297610
0.478694
2.125752
-0.542962
0.713913
0.590644
0.618476
-0.735504
-0.664444
-0.380010
-0.598630
-0.109669
0.227648
-0.654375
0.416346
-0.533246
0.057404
-0.011967
0.149195
-0.716204
-0.224487
-0.058276
0.734087
-0.609968
-0.607188
-0.429224
-0.064132
-0.379696
-0.428953
-0.404730
0.376554
-0.860947
0.327725
-0.626860
0.717121
1.767198
0.602648
1.323057
0.254983
-0.908937
0.486444
-0.482607
0.792123
-0.731364
-0.797201
1.664299
-0.724163
-0.761606
2.112354
1.284817
2.425360
0.198026
0.468853
0.421993
0.989965
1.785193
0.665730
0.358554
0.199367
-0.469219
0.587099
-0.317911
-0.868095
-0.138043
-0.286790
0.746078
0.676290
0.065513
-0.141589
-0.454111
-0.682325
0.775397
0.252985
-0.817721
0.017604
-0.451784
-0.610390
-0.039645
-0.623655
-0.614399
-0.554440
-0.145354
-0.605818
-0.576563
-0.015694
0.035817
0.264751
0.185640
-0.313364
0.006767
-0.629734
1.309245
0.183980
-0.620474
0.643294
1.430908
1.220851
-0.267694
-0.588272
-0.011110
0.241591
0.680488
0.682418
0.285627
-0.213884
0.054453
1.413999
-0.139701
-0.862409
0.061829
1.314641
-0.321910
0.445164
0.192052
-0.779777
0.081814
0.090582
-0.396467
0.091701
-0.195514
0.297431
-0.782662
0.788431
-0.605602
-0.392724
-0.737946
-0.049382
-0.323288
1.030536
0.214257
-0.284589
-0.749264
-0.090316
-0.752851
-0.546201
-0.015046
0.271578
-0.611723
0.273507
0.015325
-0.871717
-0.618782
0.473323
-0.429392
0.292530
-0.321875
-0.310289
-0.196095
-0.746339
-0.754172
0.713052
-0.400139
-0.652585
-0.441108
-0.054190
0.378016
0.729586
-0.710699
-0.428481
-0.193629
0.325099
-0.400216
-0.405273
-0.641176
-0.141795
0.412317
0.261448
-0.836885
-0.511621
-0.262394
-0.248228
-0.324436
0.368922
-0.680438
1.132256
-0.661047
-0.648553
-0.557867
-0.357125
-0.654551
-0.809737
0.134374
0.835635
-0.703119
-0.409799
-0.091329
0.272084
1.142283
-0.343351
2.524585
1.113190
-0.778206
-0.527530
0.418661
-0.417750
-0.782944
-0.950024
0.324906
-0.627928
-0.490190
0.420896
0.994324
-0.670595
-0.218537
-0.455283
-0.462329
1.169224
-0.335132
0.949468
-0.802322
-0.111082
-0.538244
-0.573457
0.925621
-0.020248
1.048419
-0.391913
-0.694660
0.079885
1.339252
0.296101
0.228580
0.310769
0.799245
-0.577309
-0.430306
-0.202594
-0.150483
-0.153670
-0.349724
-0.034328
0.377649
-0.888846
0.795323
2.061814
0.117825
1.308670
1.898958
1.185288
0.130365
0.071821
0.567436
-0.563635
-0.025980
0.362876
0.223695
0.847048
0.378513
-0.571761
-0.233398
-0.281047
-0.539381
-0.237338
-0.539606
-0.694534
1.035467
-0.125206
-0.563276
-0.452578
-0.178977
1.268493
-0.224770
0.457095
-0.396022
-0.697244
-0.573355
-0.304619
0.321699
-0.339097
-0.681781
0.246653
0.275521
-0.177339
0.031077
-0.392102
0.401963
1.016060
1.168749
-0.125576
1.579150
1.231414
1.304791
0.836088
1.387712
1.566910
1.517497
0.652700
0.914739
0.469045
0.828851
0.039805
-0.118594
0.690542
-0.818413
0.283988
1.874587
1.373593
-0.845965
-0.439103
0.252367
-0.038972
-0.464794
0.028853
-0.779117
-0.900951
-0.425935
-0.279307
-0.053437
-0.622418
-0.205307
-0.723142
-0.214580
-0.757740
-0.367922
0.521070
-0.093519
-0.755639
-0.744157
-0.801285
-0.851508
-0.794239
-0.392257
-0.847222
-0.997943
0.008991
-0.915683
-0.562804
-0.802575
-0.649391
-0.358547
-0.058719
-0.184480
-0.475563
-0.230935
-0.327044
-0.523125
-0.395898
-0.702952
-0.653143
-0.112815
-0.645987
-0.440537
-0.260040
0.334704
-0.080532
-0.112406
1.105165
-0.557460
0.117417
-0.729448
1.072785
-0.605418
1.989680
-0.268725
-0.550124
-0.097804
1.240114
-0.426309
-0.074816
-0.292926
0.840970
-0.755559
-0.676971
-0.415992
-0.022057
-0.110556
1.358829
-0.349484
1.120719
1.663981
-0.771739
1.211027
-0.160161
-0.133528
-0.154892
0.203274
-0.531516
-0.499175
-0.898732
-0.480742
-0.484493
-0.511587
0.325583
-0.382818
-0.821823
-0.164119
-0.292781
-0.615269
-0.711393
-0.718193
0.744507
-0.518364
-0.268095
-0.632695
-0.252841
-0.639438
0.653475
-0.522696
-0.355096
-0.694040
0.067075
2.017151
0.258410
-0.751856
-0.699522
1.677719
0.101624
-0.636195
0.421878
-0.060702
0.958530
-0.560943
0.594960
-0.264033
-0.645660
0.787222
0.181640
0.725634
1.238134
-0.006383
-0.188215
1.393683
0.549242
2.426754
1.981264
0.748901
1.057795
0.415134
-0.179349
1.777707
-0.411094
-0.658926
0.395867
-0.885860
1.284846
-0.443916
0.416773
0.398922
0.189353
-0.111455
1.322597
1.444249
0.018961
0.749693
0.543017
0.513147
0.518772
0.663747
-0.345423
-0.410747
-0.623369
0.147592
0.564847
-0.217704
0.010226
-0.688071
-0.763863
0.038554
-0.144904
0.679981
-0.169064
-0.108874
0.840319
1.107175
-0.507753
0.411666
0.683233
1.149057
1.073047
0.463818
-0.083095
-0.116935
0.122291
1.103925
1.070552
1.114689
0.062827
0.735797
0.373021
-0.338032
-0.000685
-0.047113
-0.486417
0.767089
-0.179825
0.273742
-0.569263
-0.492180
-0.299207
-0.667535
-0.212364
-0.926630
-0.770123
-0.824111
0.078323
-0.645622
-0.855878
-0.915823
-0.818629
-0.058138
-0.353609
-0.562126
0.849735
-0.548896
-0.466465
0.296252
-0.070284
-0.746349
-0.638716
-0.359449
-0.666247
0.092335
-0.780843
-0.008099
-0.451515
-0.934198
-0.583455
-0.684202
-0.499223
0.124238
-0.194881
-0.724030
-0.397525
-0.081759
-0.744536
-0.414593
0.065092
0.566966
-0.413997
-0.414667
-0.157276
1.357658
0.443523
-0.374765
-0.501605
-0.542550
-0.412053
-0.524130
0.144895
-0.789261
-0.575975
-0.384891
0.237095
-0.240190
0.337260
0.263906
0.266869
-0.491063
-0.317442
0.678891
0.313084
-0.395646
1.797989
-0.491677
0.545738
0.703439
-0.300589
0.324443
-0.454392
1.268968
0.284685
0.515662
2.295035
1.031990
-0.845839
-0.697363
-0.511539
-0.576477
-0.377361
-0.798868
-0.473455
-0.431243
0.032576
-0.024085
-0.201634
-0.653741
0.386080
0.272302
-0.700126
-0.523255
0.238307
0.959614
0.436555
-0.530185
1.972398
0.089600
-0.599349
-0.400320
-0.294557
-0.449076
-0.574591
0.428920
1.326264
0.813563
0.656046
0.572580
-0.208543
-0.466869
-0.483959
1.428769
-0.911913
-0.146404
0.145747
0.158138
-0.532957
1.379663
-0.417671
1.159781
-0.751993
0.855540
1.005107
1.987061
0.909351
-0.108470
0.246004
0.239285
-0.486930
0.390788
1.659151
-0.450966
-0.445030
-0.010627
0.115634
-0.276646
-0.596643
0.113206
-0.176073
1.072241
0.253314
-0.617337
-0.384774
1.344500
-0.370133
0.462457
0.067547
-0.468059
0.385538
-0.794066
-0.946801
-0.529566
-0.627248
-0.560218
-0.654912
-0.029061
0.480893
0.829565
0.726770
-0.707357
-0.679396
-0.707477
-0.706813
0.901107
-0.025032
1.315698
0.489617
0.248599
1.571190
-0.242994
1.146475
0.009295
-0.324163
-0.258578
0.392079
0.230563
-0.196123
-0.157006
0.186195
0.037202
-0.652799
-0.779887
0.494909
0.282569
-0.726221
-0.839509
-0.806042
-0.508419
-0.327985
-0.502411
-0.656080
0.727656
-0.038426
-0.252356
0.426205
0.633603
-0.323051
-0.257184
-0.106250
1.146989
-0.990763
-0.662614
-0.607189
-0.715985
-0.637122
-0.472031
-0.115395
-0.975185
-0.573768
-0.755218
-0.882217
-0.859406
-0.589110
-0.377717
0.062786
0.974383
-0.304202
-0.118308
-0.413325
-0.582165
0.067263
0.050093
-0.538421
-0.271397
0.786521
1.370296
0.167293
-0.256240
-0.007713
0.096403
-0.104558
0.955385
1.428103
-0.245605
-0.253086
-0.305059
-0.481912
-0.002566
-0.791394
1.051197
0.880354
0.032979
0.590486
0.121722
-0.009136
-0.078704
0.712519
-0.444037
-0.306747
0.819322
-0.172942
-0.789821
-0.039611
0.125663
-0.766416
-0.241820
1.380404
1.201990
0.882207
-0.222007
0.461070
0.800439
-0.090440
-0.525558
-0.539136
0.125281
0.438087
-0.477477
0.132794
0.223261
0.568386
-0.645468
0.313585
-0.888592
-0.448202
0.269024
-0.673743
-0.643428
0.756551
-0.492631
-0.503253
-0.801181
-0.025234
-0.851519
-0.769860
-0.103152
1.255527
-0.850145
-0.513611
0.982783
-0.324334
0.062699
-0.439684
-0.119104
-0.486088
-0.726023
-0.367792
-0.388730
-0.168148
1.089786
1.020219
0.254419
1.287522
1.197557
1.122391
0.550648
1.040778
0.082315
0.739471
-0.521406
0.150634
-0.371542
0.174663
1.190541
-0.500439
0.296991
-0.016672
-0.284132
-0.233724
-0.330963
1.027653
-0.500993
-0.267770
1.297826
0.659757
0.787634
0.224832
1.049139
-0.019861
-0.362205
0.708673
-0.062980
0.076262
-0.728291
-0.702178
0.238461
0.607319
-0.620266
-0.603975
0.676101
1.253428
-0.303075
1.180671
-0.658474
-0.982748
0.077787
-0.116633
-0.606897
0.006518
1.118013
0.479085
0.297893
-0.619321
0.680466
-0.253461
1.310763
-0.099646
-0.647537
0.626084
0.673120
-0.714423
-0.113636
-0.738921
-0.467640
-0.495995
-0.783319
-0.863842
0.399766
-0.701087
-0.520937
0.161242
-0.552266
-0.401269
-0.519285
-0.644749
-0.395059
0.167101
-0.375227
-0.158802
-0.852773
-0.755230
0.153655
0.273789
-0.873441
0.345447
-0.910184
0.046227
-0.726211
-0.787520
0.180842
-0.888147
-0.588775
0.018242
-0.360392
-0.859515
0.235511
-0.568496
0.210072
-0.387336
-0.348631
-0.574873
-0.623314
-0.657833
0.010251
-0.478514
0.078229
-0.505503
-0.604480
-0.020196
-0.714812
0.786870
-0.571400
-0.486918
1.147425
-0.744188
0.068074
-0.119029
-0.474512
1.054361
-0.142836
-0.519773
-0.569220
0.099167
-0.090879
-0.231858
-0.503479
-0.667133
0.566779
0.017724
1.015234
2.015963
1.595854
0.219551
1.398859
1.604479
0.226875
1.893757
-0.620631
-0.207281
-0.609445
0.374669
-0.157711
0.142975
0.122403
0.961979
1.158784
0.363879
-0.217404
-0.769999
0.244706
0.256148
-0.267663
0.126834
-0.104094
0.153492
0.296180
-0.228223
0.448874
-0.437954
-0.375253
0.042784
0.536000
-0.495799
-0.100835
-0.123253
-0.182472
-0.504021
-0.759974
0.440691
0.871459
-0.239679
-0.840356
-0.603982
-0.497495
-0.790638
-0.278195
-0.698981
1.692094
-0.624348
-0.530762
1.840467
0.856102
2.111208
1.989534
2.536682
0.941456
0.280682
-0.523272
-0.282826
0.537687
0.179678
-0.362990
-0.289356
0.309015
0.872127
-0.129552
0.086094
-0.305570
0.464081
-0.205342
1.237719
-0.084427
0.197681
0.871892
1.111329
0.196091
0.577570
-0.399261
-0.553555
-0.059239
-0.765311
-0.272436
-0.439175
-0.265764
0.028056
-0.694253
0.482074
0.706318
-0.373505
-0.045055
0.622861
-0.375580
-0.019653
0.760918
-0.201867
-0.685340
0.287263
0.355979
-0.499243
0.011170
0.795382
-0.186190
0.530081
0.242919
0.477139
1.484779
0.647676
1.231571
-0.173767
0.188131
-0.028622
-0.299561
-0.266762
-0.255387
0.383028
-0.103610
0.105052
-0.117323
0.572175
-0.070128
-0.359861
-0.333648
-0.359726
-0.409177
-0.760665
-0.452527
0.255513
-0.321639
-0.530022
-0.341475
-0.570314
-0.876516
-0.701561
-0.537726
0.273144
-0.395279
0.828108
-0.824825
-0.843921
0.078358
-0.079024
0.214212
0.356061
-0.799933
-0.681024
0.266503
-0.651447
0.717694
-0.871175
-0.735362
0.661796
-0.712422
-0.499702
-0.565482
-0.702752
-0.384990
-0.418608
-0.780312
-0.287055
-0.383636
0.478265
-0.514751
0.688747
-0.699086
-0.662988
-0.430682
0.435752
0.177265
1.225238
-0.606706
0.184789
0.045309
-0.733224
0.761111
0.250433
-0.883384
-0.603105
0.009502
1.280513
0.330659
0.741806
0.935472
0.637989
0.395812
1.526911
-0.424350
0.609929
-0.799280
-0.494194
-0.524402
-0.058984
0.871687
-0.691185
1.902050
-0.570097
0.960702
0.279162
-0.350684
-0.370112
0.378318
-0.742496
-0.460686
-0.427934
-0.198154
-0.015189
-0.879188
-0.806415
-0.391508
0.052599
-0.530411
1.164923
0.853570
0.430165
0.075509
-0.449312
-0.520992
-0.716078
0.000818
0.610757
-0.615672
0.207367
-0.120017
0.412433
0.564062
-0.907497
0.200351
0.751181
-0.857483
-0.662456
0.081730
-0.218068
2.017744
-0.530320
0.550239
1.733025
-0.166078
0.161562
0.082550
-0.267936
1.167961
0.472934
-0.267915
0.232913
-0.494117
-0.577151
-0.057364
-0.101517
-0.210952
0.220718
-0.480906
-0.641318
-0.008904
-0.369588
-0.652798
0.292043
0.759604
-0.237952
0.901892
-0.200105
-0.523173
0.104466
-0.633776
-0.493000
-0.609164
-0.017133
-0.358025
-0.139292
-0.510578
1.258393
-0.030197
-0.476303
0.057581
0.221145
-0.142247
0.183888
0.995637
1.752213
-0.057525
-0.097664
-0.255788
1.453929
-0.885852
1.576668
0.107559
-0.492828
-0.144803
-0.184876
0.403843
0.365856
1.196773
2.096450
1.255101
0.802950
0.108683
-0.801884
-0.610974
-0.900787
-0.053576
-0.875028
0.315976
0.395344
-0.851356
-0.448255
-0.071945
-0.207983
0.307869
-0.529830
-0.446905
-0.807159
-0.240339
0.388454
-0.517040
-0.905778
-0.136586
-0.387720
0.622394
-0.105595
0.611656
-0.906574
0.167256
-0.570798
-0.822357
-0.909857
-0.796357
-0.584690
-0.606821
-0.954233
-0.930576
-0.828402
-0.203564
-0.599681
-0.622584
-0.924991
-0.183264
0.002809
-0.551630
0.823671
0.155091
-0.404211
-0.287173
-0.457918
-0.303395
0.678193
0.242224
-0.296843
-0.402117
0.183142
0.395065
-0.142874
-0.633578
0.350190
-0.452267
0.246878
0.508338
0.895445
0.380624
-0.622553
-0.257755
0.193514
1.712102
-0.750170
0.363227
0.795625
-0.674597
0.105370
0.376321
1.149424
1.524768
-0.011719
-0.720204
-0.399356
1.181552
-0.475813
0.515778
1.361661
-0.823473
-0.227826
-0.396190
0.040839
-0.469471
0.979398
0.469699
0.444956
0.680441
-0.195817
-0.409737
-0.319826
-0.369747
-0.322245
-0.632179
-0.428764
-0.102039
-0.192150
0.451268
-0.553894
0.158527
-0.131089
0.919558
-0.623699
1.331914
-0.785948
0.531735
-0.782396
-0.028671
-0.578210
-0.604623
-0.433186
1.099991
-0.501481
-0.224716
-0.787392
-0.627481
-0.525902
-0.065968
0.317912
1.915128
1.605722
1.602049
2.012583
0.864107
0.654897
0.799721
-0.649679
-0.655359
-0.541575
0.312344
-0.311517
0.787525
-0.175765
-0.426630
-0.171831
-0.348273
-0.408953
1.112134
0.527613
0.143210
-0.519869
0.490194
-0.734020
0.287773
0.930125
-0.372976
-0.245903
-0.328426
-0.362350
-0.706393
-0.427181
-0.493739
1.592514
-0.661587
-0.030619
-0.376184
-0.212229
-0.562917
0.151288
-0.834849
1.152818
-0.703690
0.906479
0.998983
2.608971
1.711544
0.653278
0.938711
-0.099102
0.441849
1.340209
1.304319
1.245282
0.910423
1.205389
0.677033
1.772124
0.529166
-0.026579
0.667926
1.262041
-0.705696
-0.323451
-0.618516
-0.007146
-0.520972
-0.892820
-0.618537
-0.823244
-0.746840
-0.676017
-0.570027
-0.749181
-0.528434
-0.148095
-0.282605
-0.653483
-0.733093
0.402232
-0.083892
-0.695966
-0.739765
-0.113313
-0.349939
-0.498702
-0.734807
-0.271513
-0.576897
0.172591
-0.047649
-0.789239
-0.400219
-0.579197
0.496446
-0.872175
-0.682625
-0.351139
-0.674911
-0.735792
-0.412005
0.048467
0.079449
-0.033514
-0.506673
-0.752037
-0.641976
-0.668830
-0.620496
1.455911
-0.494309
-0.530373
-0.131253
-0.462563
-0.053954
-0.784489
-0.197279
-0.527059
1.126693
-0.739455
0.013173
0.039289
0.836976
-0.758112
-0.549020
0.904958
0.504404
-0.301593
1.706618
0.777394
-0.237424
1.191749
-0.339583
-0.369181
0.201752
-0.649079
-0.056690
-0.357753
-0.165893
-0.350899
0.513529
-0.476453
0.049676
0.143016
0.091544
0.667842
-0.554960
-0.018361
-0.160570
0.107749
-0.235093
-0.330808
-0.691114
-0.387287
-0.031277
-0.274239
0.065321
-0.877195
-0.550555
-0.361401
0.195187
-0.756473
-0.600750
-0.007632
-0.255002
-0.569110
-0.332542
0.296659
0.042739
0.372641
0.931824
-0.609830
-0.438494
-0.034494
1.219924
0.154876
-0.391986
-0.202445
2.833905
-0.653811
-0.037742
0.956911
-0.620511
-0.362610
0.181826
-0.965406
1.024343
1.058382
1.846219
0.821331
1.232638
0.613303
-0.344224
-0.211908
0.750058
-0.699149
-0.421415
0.236882
0.606053
-0.632476
0.401350
-0.621962
-0.712503
-0.544475
1.349593
1.239141
0.689912
-0.469151
1.316024
-0.277164
0.840279
-0.240932
1.757464
0.184997
0.351351
0.290325
-0.086237
-0.315757
-0.865429
-0.228485
0.513429
-0.795267
-0.321942
0.617785
1.052049
0.310515
0.149643
-0.017086
1.628579
1.156011
0.235086
1.236024
0.573386
-0.121579
1.022789
0.658333
0.775855
1.360189
0.520457
1.636538
0.882434
0.615037
0.339651
1.571360
0.043503
0.922788
0.963528
0.261525
-0.018907
0.738034
0.300956
-0.714254
-0.536260
-0.575174
-0.722597
-0.814655
-0.660634
0.062353
-0.850037
-0.611099
-0.420086
-0.793407
-0.950772
0.549867
-0.832167
-0.610086
-0.838182
-0.666774
-0.140820
-0.303392
0.878645
-0.816685
-0.901516
0.281985
-0.708659
-0.601282
-0.315671
-0.916467
-0.214520
-0.494517
-0.763438
0.095097
-0.635982
-0.507919
-0.563866
-0.385466
-0.670283
-0.631155
-0.548096
0.204727
0.081689
-0.213670
-0.247320
0.020656
-0.344380
-0.389995
-0.146482
-0.502123
-0.319489
0.604575
-0.483998
0.636297
0.358543
-0.561200
-0.136440
-0.047863
0.790718
0.040716
0.071900
-0.392826
0.618704
1.446944
0.438536
-0.177238
-0.621612
0.830151
-0.179733
1.743287
0.879152
0.125490
0.918411
-0.581623
-0.549675
-0.020388
-0.524175
0.423665
1.874969
2.017469
0.420984
-0.136719
-0.587090
-0.069744
-0.486303
-0.251144
-0.165768
-0.714931
-0.142968
-0.173653
-0.085971
-0.724204
0.620918
-0.233129
-0.804202
0.830615
-0.152423
-0.719224
-0.652908
-0.604156
-0.545390
-0.140915
-0.413793
0.944231
-0.862127
-0.567488
-0.304265
-0.766986
-0.716621
-0.043676
-0.161957
-0.637861
-0.231283
-0.130108
-0.604623
-0.052487
-0.663966
0.172959
-0.863301
-0.132703
-0.028958
-0.379726
0.884771
0.598594
0.069784
0.792940
-0.460577
-0.874369
1.045923
-0.434708
-0.134120
1.048604
-0.762466
1.355705
-0.583278
0.086161
-0.272802
-0.724627
-0.152986
-0.607376
-0.282666
-0.893656
1.532832
1.572401
1.308852
0.567052
0.449236
0.016541
0.481094
-0.538145
0.168908
0.236426
-0.418950
0.069060
-0.254788
0.713452
-0.585678
0.573704
1.823499
0.768864
-0.623345
1.105330
-0.189553
-0.294323
-0.501856
0.030110
0.279915
0.907648
1.081850
0.365637
1.188807
0.839760
1.680283
1.361263
-0.454230
-0.116027
-0.110897
0.069873
0.400509
0.844654
-0.139768
-0.339559
-0.086090
-0.048507
0.228440
-0.309289
-0.008177
-0.593381
0.146253
-0.239346
-0.042275
-0.491942
-0.359918
0.029350
-0.424633
-0.443563
-0.129242
-0.689182
0.548353
0.448853
-0.126280
-0.538740
-0.742181
-0.732108
-0.604889
-0.557767
-0.396707
0.265513
-0.008258
0.308237
-0.702234
-0.648866
0.059365
-0.277310
-0.305500
-0.597768
-0.572329
-0.841888
-0.653121
-0.593828
0.186436
-0.203060
-0.391460
0.253381
1.067465
0.053811
-0.270939
-0.175904
-0.253268
0.785965
-0.248344
-0.331428
-0.174421
-0.217339
0.272757
0.054626
-0.089244
0.626412
-0.288031
-0.505754
1.467222
-0.407108
1.362748
-0.534463
-0.084427
0.736607
1.063878
-0.725863
1.001458
-0.383196
0.108861
0.063277
-0.504934
-0.109669
-0.570614
-0.372155
0.342163
1.166693
-0.547522
0.637623
-0.584428
-0.187999
0.711303
-0.728066
-0.496933
0.687023
-0.732742
-0.847856
-0.562917
-0.652646
0.112579
1.182265
-0.333861
1.213575
-0.439018
-0.405769
-0.553986
-0.585610
-0.021528
0.193774
-0.721233
-0.042870
-0.945963
-0.294451
0.885817
-0.340731
-0.387094
-0.726738
-0.161417
0.052663
0.010825
-0.621438
0.068266
-0.653141
0.397848
-0.580944
-0.565636
-0.753757
-0.883257
-0.664196
-0.541486
-0.513172
-0.745879
0.799754
0.346208
2.423642
1.232881
1.207824
1.502014
2.402717
1.384285
2.628653
1.909122
0.147196
-0.206441
0.094644
-0.040000
0.960404
0.232491
-0.108237
0.133110
-0.228540
-0.392266
1.132391
1.038379
0.335202
-0.464486
-0.145969
-0.123223
0.518640
-0.662788
-0.437939
-0.283912
-0.063890
-0.510141
-0.438489
-0.151742
0.142770
-0.380605
-0.508759
0.338983
-0.682854
-0.320599
-0.472424
0.940727
-0.011471
-0.810748
-0.309079
1.481773
-0.285905
0.049108
0.983081
1.086477
0.002798
0.335635
0.270744
1.176628
0.250467
0.489033
1.926604
0.285018
0.426563
0.508802
-0.169167
-0.460804
-0.734192
-0.490315
-0.702441
-0.790127
0.885900
-0.515478
-0.392160
-0.049125
-0.400431
0.736453
-0.534749
-0.799982
-0.962380
-0.036813
-0.514178
-0.895141
-0.522718
-0.529560
0.109978
0.088275
-0.247740
-0.001356
-0.424811
-0.424723
-0.924767
-0.128684
-0.682317
0.798605
0.163206
-0.240598
-0.692244
0.679208
-0.499961
-0.787058
-0.276736
-0.587167
-0.717237
-0.706929
-0.455586
-0.463668
-0.493778
0.248842
0.509284
-0.511240
-0.058974
0.278938
0.051037
-0.130078
-0.201731
-0.505598
-0.615029
-0.080034
0.154234
1.586009
-0.168085
0.927015
0.383274
0.172240
-0.445042
0.220607
1.210813
0.797506
0.182968
-0.272252
-0.598333
-0.612596
-0.260804
-0.035975
-0.699059
0.430494
-0.649263
0.944156
1.164338
0.765642
-0.190589
-0.727179
0.516169
-0.167250
-0.487574
-0.407773
0.009231
-0.125185
0.843135
0.459481
-0.026497
0.249075
0.227674
0.804842
0.177331
0.219169
-0.250693
-0.430560
0.849621
0.267118
-0.520358
-0.318518
-0.534641
-0.823064
-0.027206
-0.395744
-0.366987
-0.245849
-0.253742
0.944120
0.017089
0.741797
0.919520
0.880103
0.047463
-0.659120
-0.672216
-0.643692
-0.144977
-0.692856
-0.770144
0.254044
-0.409700
0.372839
0.105463
0.741911
-0.845994
0.180506
-0.529664
0.793335
2.072095
1.937352
0.779507
0.160531
0.206190
0.942030
-0.274759
-0.271915
0.198091
-0.168739
-0.390578
-0.296320
0.316102
0.033560
0.495264
-0.574247
-0.699035
-0.157992
-0.442477
1.034013
-0.541402
1.697794
0.717904
0.293824
1.612361
-0.172758
-0.125648
-0.694580
-0.835321
-0.457441
0.476744
-0.707053
-0.150076
-0.230446
-0.655480
-0.474138
-0.490652
-0.450843
-0.674627
-0.093005
-0.246632
-0.268124
0.240598
0.995575
1.028627
0.287004
0.488059
0.589724
-0.067413
0.379769
0.914056
0.821014
0.657415
0.124003
0.004805
0.589021
0.073246
-0.104950
0.492020
-0.907117
0.298924
0.538350
-0.407041
-0.019585
-0.753859
-0.462691
0.001236
-0.228065
-0.210705
-0.137689
-0.756421
-0.384582
-0.499173
-0.241464
-0.783047
-0.333912
-0.671751
-0.558863
1.331697
-0.212802
-0.762883
1.175650
-0.918397
-0.208314
-0.129309
-0.739707
-0.038251
-0.431956
1.038724
-0.169853
-0.087428
-0.965573
-0.347558
0.353201
-0.755921
0.418738
-0.002893
-0.285458
-0.104750
0.010163
-0.828179
-0.612585
-0.631243
-0.480841
-0.545632
0.056495
-0.729923
-0.299333
-0.216112
0.760082
-0.183452
0.560397
-0.148297
-0.507117
-0.504846
0.598737
0.616169
-0.710166
-0.339870
0.808239
-0.327956
0.529054
0.383728
0.122764
-0.078631
0.870064
0.443374
-0.014102
0.287045
-0.591632
0.188656
0.794332
0.554618
1.689353
0.063397
0.463748
-0.367862
-0.826011
-0.502856
-0.265215
-0.627393
-0.516613
-0.172042
0.590275
-0.025325
1.709824
-0.488092
-0.168322
-0.325812
-0.323022
0.253926
-0.367323
-0.244601
-0.313030
-0.146793
-0.503558
-0.445809
-0.284001
0.623923
-0.601067
-0.471764
-0.571185
-0.622273
1.592098
-0.562080
0.420861
2.543434
-0.353187
-0.267527
-0.271378
-0.580093
-0.106885
0.024283
-0.498948
-0.779488
-0.295724
-0.780273
-0.459133
-0.135779
1.190157
0.965931
1.459104
0.909003
1.635234
-0.358705
1.578520
2.192620
-0.054310
-0.458778
-0.627370
-0.293031
-0.632103
0.689127
0.614780
-0.199431
0.401071
-0.526593
0.176406
-0.312218
-0.472171
0.030197
-0.470708
-0.549934
0.367674
-0.058159
0.619955
-0.430362
-0.658433
-0.297001
-0.535919
-0.476855
-0.364603
0.233885
-0.244811
0.657017
-0.421895
-0.073125
1.706896
-0.010006
0.577138
-0.033528
-0.501245
0.408748
1.499505
1.373149
0.329984
0.141531
0.550315
0.111564
0.172054
1.898868
1.923740
0.782268
0.571695
0.311880
0.791752
0.870327
1.634160
1.126894
-0.560520
0.016714
-0.295231
-0.416790
-0.113192
-0.491007
-0.614267
-0.613043
-0.536497
-0.310681
0.128464
-0.711179
-0.424367
-0.560353
-0.363370
-0.609605
-0.650775
-0.720751
0.225060
-0.146573
-0.466483
-0.885236
0.402798
-0.140111
-0.221085
-0.225793
-0.328405
-0.208731
-0.723022
-0.818116
0.128539
-0.276632
-0.394353
-0.414206
-0.442790
-0.238988
-0.488895
-0.445626
0.210646
-0.885299
-0.334969
-0.752765
-0.702936
-0.655923
-0.072000
-0.097491
0.059466
-0.622392
-0.114064
-0.259330
-0.733113
-0.306156
-0.936817
-0.614955
0.325394
0.407745
-0.539773
-0.348165
-0.184692
0.163724
0.358502
0.263661
1.278376
-0.274021
1.386279
0.890985
0.529208
0.580371
0.345622
-0.443581
0.459818
-0.472841
0.836893
-0.470285
0.978238
0.688141
0.224240
0.760662
0.473186
0.673976
2.119546
-0.441156
-0.161085
-0.449604
0.422964
-0.473081
-0.118747
-0.295556
-0.334292
-0.342522
-0.340845
-0.475070
0.500882
-0.160755
-0.727467
0.081272
-0.592169
-0.734049
-0.032714
-0.520233
-0.542755
0.082584
-0.523654
1.072354
0.337510
0.204969
0.135207
-0.764709
0.457151
-0.475187
0.200091
-0.703332
0.261326
-0.987413
0.327633
-0.850460
-0.795751
1.355577
-0.400650
-0.831008
0.205211
0.162412
0.868533
0.101651
1.055667
-0.261353
1.414288
-0.025419
0.610215
0.107762
0.272858
0.096401
-0.219626
-0.762508
-0.600752
-0.185430
0.694731
0.502966
-0.231005
0.390355
0.846664
-0.094547
0.903691
0.750820
-0.389288
-0.066232
0.817818
0.523104
1.079033
0.863860
-0.418075
-0.562581
0.878419
-0.110687
-0.518019
-0.697918
-0.792662
-0.488381
-0.028692
-0.520150
0.396786
-0.216822
0.436533
2.142611
-0.774030
-0.056210
-0.140057
-0.001127
2.416616
0.918528
-0.176466
0.866546
1.664107
0.694289
0.359942
0.994577
0.964590
1.367612
0.773855
0.881486
0.961554
1.378531
0.911197
0.455510
-0.473954
-0.042912
0.525220
0.725057
-0.591785
-0.542384
-0.499807
-0.096318
0.511138
-0.333851
-0.722173
-0.362743
-0.672471
-0.511960
-0.935938
-0.439953
-0.827323
-0.698701
-0.939960
-0.044722
-0.458234
-0.683394
-0.891740
-0.116869
0.134488
-0.770724
-0.769234
-0.043922
0.535065
-0.303277
-0.712240
-0.068399
-0.672567
-0.665393
-0.632208
-0.205358
0.296690
-0.769833
-0.182782
-0.200712
-0.366802
-0.209480
-0.679208
-0.702291
-0.563131
-0.144164
-0.481091
-0.613566
-0.162403
0.548302
-0.556652
-0.247407
-0.135020
-0.710296
-0.119508
-0.591750
-0.371128
-0.665160
-0.474289
0.368549
1.067498
-0.362706
-0.414794
0.171612
0.414508
-0.320811
-0.372844
0.971739
2.210570
1.083033
-0.876863
0.886219
1.328283
-0.332344
0.282572
-0.019827
0.337651
-0.196605
-0.531717
-0.017078
-0.172696
0.506799
-0.621454
-0.740202
-0.759293
-0.705914
-0.528050
-0.901852
-0.860894
-0.449161
-0.294569
0.725481
-0.112753
-0.625423
0.204570
-0.889838
0.206144
-0.528385
0.008953
0.896445
-0.142456
0.524114
0.450920
1.143697
-0.293141
-0.871300
0.156714
0.771720
1.417096
-0.230863
-0.303475
-0.432495
-0.478951
-0.053162
-0.373024
0.462372
-0.188984
-0.599431
0.895615
-0.516285
-0.069059
-0.653236
-0.009186
1.112306
1.483679
1.019184
1.477884
2.105969
2.039518
1.713673
-0.343593
0.282716
1.291280
0.569487
-0.035022
0.152614
-0.783813
-0.088128
0.484282
-0.568802
0.563904
0.106969
-0.650394
0.221721
-0.324619
0.347587
-0.064732
-0.303378
1.037523
0.018547
-0.286936
0.902972
-0.270410
0.675747
-0.100444
-0.684617
-0.319746
-0.804548
-0.476878
-0.123423
-0.253498
0.907980
-0.504099
-0.866483
0.252797
-0.567762
-0.766082
0.245044
0.446577
0.694057
-0.463426
0.920907
1.316973
0.764260
0.759141
0.238515
-0.114973
0.832276
0.843343
-0.233018
0.353925
1.363884
0.853408
1.101172
0.415946
0.933733
-0.829696
0.258887
0.064025
-0.002057
-0.510897
-0.904049
-0.723513
0.011972
-0.470650
-0.256357
-0.608394
0.435638
-0.570887
-0.060297
0.495742
-0.062050
0.384976
-0.605509
0.070454
-0.681562
-0.551515
0.493046
-0.583269
-0.418436
-0.701149
-0.893870
-0.685151
-0.011361
-0.530674
-0.127854
-0.899666
-0.291853
-0.601483
-0.006227
-0.018932
-0.619997
0.062637
-0.677412
-0.784472
-0.542146
-0.188068
0.192338
-0.198678
-0.291998
-0.458856
-0.403108
-0.028788
-0.474478
-0.325493
-0.296058
-0.622420
-0.713913
-0.504521
-0.721333
-0.810117
-0.003065
-0.391140
-0.218553
-0.467329
0.128277
-0.637295
-0.344017
-0.588282
-0.746599
-0.014901
-0.714984
1.083506
0.240621
1.221682
0.255809
0.181042
-0.034412
1.234244
-0.579591
-0.774758
-0.138164
0.223041
0.893709
-0.623061
0.083140
-0.207458
0.655037
0.876870
1.078507
2.286951
-0.035161
-0.600233
-0.473323
0.070632
-0.374754
-0.143776
-0.364425
-0.506382
-0.526647
0.223417
-0.076719
-0.296289
0.946651
-0.113606
-0.526940
0.104417
-0.352451
-0.786058
0.386636
0.219421
-0.119726
-0.470563
-0.238919
-0.529410
-0.775172
-0.860384
-0.528565
-0.780262
-0.305460
0.383863
-0.437419
-0.635694
0.562085
-0.782539
0.606909
-0.183353
0.686866
-0.639259
0.195567
0.434962
1.190983
1.826686
1.228177
0.955855
0.971944
1.111790
-0.249810
0.396940
0.729445
0.141576
0.227617
0.650790
0.447108
0.412409
-0.407809
-0.611868
1.090275
-0.241939
-0.582076
-0.696175
-0.666104
-0.479922
-0.488573
1.535418
1.103363
-0.107405
0.607230
-0.460124
-0.274831
0.112908
-0.900474
-0.426186
-0.523548
-0.809058
-0.582377
0.736427
-0.641665
0.827997
0.580510
0.258733
0.322565
-0.458198
-0.858624
-0.005880
0.587172
2.169513
0.116973
1.148109
0.743467
0.458757
1.817378
0.836980
0.079438
1.049699
0.994950
0.324641
-0.320293
0.445597
0.261985
-0.663794
0.556587
-0.371363
-0.495506
-0.532965
-0.517450
-0.476076
-0.718875
-0.542134
0.580031
-0.850330
-0.506593
-0.870013
0.555053
1.101241
-0.267605
1.731943
-0.016766
-0.887270
-0.532881
-0.215451
-0.928988
0.104178
-0.324182
-0.990251
-0.721503
-0.651448
-0.257458
0.013038
-0.650673
-0.749737
-0.649258
-0.234975
-0.500163
-0.275502
-0.900520
0.558641
-0.713893
-0.284999
-0.375722
-0.014950
-0.037444
-0.471031
0.092694
0.502244
0.088349
-0.170124
-0.124639
0.382627
-0.203217
-0.053062
0.190673
-0.140369
0.234098
-0.438874
0.625765
0.987876
-0.137262
0.514021
-0.587247
-0.507145
-0.101059
0.201743
-0.019630
-0.356667
-0.332176
0.978329
-0.322006
0.345848
1.164252
0.721131
0.678957
-0.305367
0.240662
0.285764
-0.014796
-0.878642
-0.415853
0.082535
0.021548
0.887749
0.096691
0.813675
0.430579
-0.421608
-0.316824
-0.466324
0.939938
-0.716222
0.110975
0.362703
-0.710081
-0.547621
-0.256622
-0.735135
0.475633
-0.199885
-0.643844
-0.169959
-0.763872
-0.203838
0.697723
1.145631
-0.598990
0.370505
-0.746463
-0.779043
0.004768
-0.897889
-0.125797
0.004682
-0.149697
0.002442
-0.652032
1.273165
-0.425478
0.470952
-0.795233
-0.331388
0.466121
-0.743298
0.251651
0.443018
1.411755
0.916031
0.785370
-0.005373
0.294752
0.392992
-0.098251
1.030833
2.296298
-0.096393
0.095432
-0.267090
0.750222
-0.042024
0.024540
0.076553
-0.526488
-0.078080
0.845469
-0.006568
0.224311
-0.248588
-0.168896
1.775927
0.669066
-0.398705
0.270605
-0.824747
-0.463544
-0.604612
0.374170
0.275559
-0.704743
-0.668086
-0.682621
-0.340000
-0.027102
-0.097081
-0.615582
-0.399923
1.814766
0.395996
0.590972
-0.750867
1.467937
1.028464
0.438990
0.399609
0.754054
0.729725
0.166338
0.800829
1.120583
0.708764
1.185633
-0.218064
-0.718796
-0.431250
-0.837604
-0.419677
-0.113118
-0.237785
-0.729177
0.082949
-0.076500
-0.059407
0.224148
-0.464641
-0.684618
-0.283074
-0.556968
-0.820358
0.229606
-0.068564
-0.779007
-0.438532
-0.874142
-0.862069
-0.602530
-0.349421
0.126827
-0.221836
0.427006
-0.727048
-0.218127
0.426480
0.102452
-0.744361
-0.496145
-0.390781
-0.602035
-0.066501
0.095014
-0.787731
-0.486471
-0.482796
-0.837912
-0.059949
-0.126616
-0.719605
-0.358628
-0.639024
0.717765
0.189258
-0.636678
-0.346212
-0.591743
-0.758742
-0.725819
-0.300911
0.043436
0.615080
-0.606391
2.316795
2.400609
-0.556818
-0.092409
0.978828
-0.697443
0.285147
-0.662814
-0.234485
-0.723971
0.038227
0.013992
1.420745
0.382313
-0.708530
0.382243
1.512579
-0.357713
-0.840806
0.816853
-0.581220
1.437047
1.213520
0.207012
0.572548
0.227345
1.607228
0.519548
-0.760404
0.266695
-0.198483
0.105690
-0.525957
-0.363198
-0.205110
0.224371
-0.316251
-0.607845
-0.359238
-0.335918
0.737165
0.628662
0.072242
0.537978
-0.114082
-0.161036
0.134979
0.457434
-0.841502
0.986714
0.003860
-0.317594
-0.612535
0.202813
0.274953
0.854224
-0.937279
-0.598855
-0.485829
0.432435
0.297052
-0.554801
-0.406613
-0.044226
-0.420331
0.531473
-0.796080
0.120259
0.325389
0.919602
0.579030
-0.723877
-0.054278
0.507367
-0.001171
0.884052
0.038664
-0.363395
0.344708
-0.303512
-0.258979
-0.123398
-0.073731
-0.196437
0.113115
0.342925
1.005367
0.563773
-0.091755
0.280390
0.388495
-0.472209
1.134489
0.362369
-0.797291
-0.452444
-0.606195
-0.430124
-0.759457
-0.171889
0.318887
-0.619257
-0.692192
-0.823118
-0.489467
0.655020
0.111612
0.143522
1.380066
0.776246
1.599598
0.135697
-0.069669
0.753773
0.179515
0.807768
1.224896
0.734607
0.837431
0.112272
0.109093
1.532435
-0.541350
0.733780
1.211885
0.090673
-0.115332
-0.061419
-0.758270
1.598472
-0.340479
0.085247
-0.192963
-0.652931
-0.636172
-0.203019
-0.877406
-0.824144
-0.576045
-0.333855
-0.742074
-0.259288
-0.086963
-0.198436
-0.575301
-0.774261
-0.243004
-0.494944
-0.398014
-0.451104
0.432149
-0.598932
-0.778064
-0.390688
0.059618
-0.670053
-0.146975
-0.682851
-0.074323
-0.478461
-0.638373
-0.659463
-0.555337
-0.260056
0.430876
0.216334
-0.637436
-0.437672
-0.745123
-0.094662
-0.325550
-0.416829
-0.639725
-0.399157
-0.411822
0.068344
-0.673677
0.871078
0.953360
-0.664907
-0.690054
0.003028
-0.414318
0.869536
-0.377508
-0.430746
-0.558362
0.330786
1.587780
1.401866
0.197328
0.146550
0.354750
-0.235828
1.053307
0.363985
1.464780
-0.401307
0.509660
-0.190068
-0.943687
-0.586479
1.126160
0.132950
0.266121
-0.334805
-0.355530
0.471817
0.421165
0.095514
-0.182989
-0.541805
-0.268616
-0.450929
0.291175
-0.551150
-0.689797
1.250066
-0.337418
1.187953
-0.164122
0.266269
-0.494531
1.865901
0.374333
-0.261831
-0.585970
-0.198963
-0.512147
0.555756
-0.795317
-0.303232
-0.568239
-0.294678
-0.556525
-0.669005
0.597017
-0.669594
-0.297965
-0.178056
0.036422
0.203498
-0.800377
1.243536
-0.507067
0.495460
0.928060
0.344699
1.575685
-0.013239
0.500287
2.433572
0.671755
1.609928
0.969754
0.575624
0.212965
0.812716
-0.168469
-0.515687
-0.181694
0.480366
0.039166
-0.278445
-0.376373
0.246333
0.045871
0.213436
-0.345348
0.626427
-0.394388
-0.353037
0.788697
-0.636560
0.632419
-0.748702
-0.747875
1.105626
-0.676074
-0.434738
-0.784025
0.096048
-0.362670
-0.112521
0.843474
-0.381832
-0.690328
-0.531495
-0.349610
0.010031
-0.211303
0.208727
-0.064689
-0.357960
1.015605
-0.545732
1.050366
0.510399
-0.001915
0.771462
0.041893
0.239426
-0.046796
0.358089
1.063597
1.491825
1.109111
0.492691
0.102246
0.080473
0.111983
0.161090
0.332947
-0.672246
0.297538
-0.417812
-0.433636
-0.774618
0.443173
-0.569886
-0.707545
-0.878596
-0.444562
-0.565620
0.185733
-0.639707
0.242978
-0.623319
1.013786
-0.864746
-0.302918
-0.446260
-0.301309
-0.697767
-0.782976
0.022184
0.139807
-0.285438
0.273570
-0.178825
0.492827
-0.624587
-0.640128
-0.531317
-0.581801
-0.857090
-0.658107
-0.538085
-0.130640
-0.683944
-0.012056
-0.399594
-0.237028
-0.657384
-0.105820
-0.649651
0.324586
-0.008798
-0.128578
-0.416303
-0.664452
-0.690929
0.557677
-0.295869
0.020753
-0.281594
0.553734
-0.675616
-0.435428
-0.042224
0.031902
0.366884
0.454805
0.902101
0.285001
-0.534946
-0.221374
0.850176
-0.195003
0.323129
0.306369
0.137950
0.876700
1.788720
1.152977
0.865380
0.249724
0.925173
-0.615085
0.105850
-0.297585
-0.758303
-0.703344
0.463996
0.077447
0.136922
-0.713114
-0.539383
0.133093
-0.462944
-0.325480
-0.303607
-0.578345
-0.489029
0.287565
-0.717497
2.083272
-0.834835
-0.519466
-0.571026
-0.006086
-0.046148
-0.551399
-0.588622
0.389701
-0.108580
-0.271183
-0.373095
0.391786
0.303181
1.563839
-0.342171
-0.555467
-0.747239
-0.699932
-0.614914
0.405974
0.407586
0.154225
0.246736
-0.094138
1.677436
0.394999
0.411681
1.859906
2.653682
0.539263
-0.769685
-0.647386
-0.215656
-0.271701
0.312973
-0.131757
0.123110
0.110872
-0.128801
-0.486772
0.533647
-0.437671
-0.258917
0.501842
-0.149991
-0.364983
-0.024401
-0.665432
1.047318
0.193782
1.657854
1.017430
0.672467
1.473177
0.233674
-0.363823
0.375854
-0.153534
-0.309186
-0.378974
0.023141
1.141295
-0.284003
1.346682
1.297983
-0.371859
0.339331
0.033969
1.022952
0.269453
0.394666
0.971507
1.799039
1.810706
0.958966
0.519141
0.112988
0.654031
0.324967
1.503767
0.902788
-0.460860
0.449156
-0.227313
-0.544609
0.228282
0.647083
0.375076
0.339375
-0.809250
0.033425
-0.587322
-0.871598
-0.501021
-0.132503
-0.454189
-0.699197
-0.341773
-0.654375
-0.787169
-0.383648
-0.711441
-0.246764
-0.049954
1.247195
-0.389134
-0.642463
-0.870923
-0.942305
0.541620
-0.344807
-0.545789
0.764839
-0.769638
-0.863452
-0.845943
-0.563952
-0.650298
-0.870745
-0.735362
-0.875045
-0.491363
-0.787583
-0.631114
-0.804471
-0.955360
-0.198953
-0.279364
-0.113131
-0.370091
-0.465155
-0.677399
-0.735829
0.004125
0.136818
-0.246422
-0.157571
-0.180138
-0.746881
-0.602203
0.254671
-0.713942
-0.439234
-0.329567
-0.023295
0.357764
0.205119
-0.261070
-0.068642
0.287856
-0.558261
-0.024108
-0.583824
1.220401
0.129411
-0.535155
0.454376
2.158064
1.658876
0.941096
-0.484334
-0.701258
1.625398
1.501147
0.448889
-0.128385
-0.877760
-0.707660
-0.040321
0.766621
-0.930341
-0.405360
-0.107668
-0.692780
-0.678415
-0.518656
0.948932
1.433872
0.853286
-0.566173
-0.663795
-0.295942
-0.718627
-0.669539
-0.087140
-0.432460
0.728307
0.695917
-0.707801
1.180360
-0.162628
-0.159197
-0.615752
0.158430
-0.017518
-0.280296
-0.296105
0.333473
-0.698655
0.277412
-0.051005
0.388574
-0.011257
-0.693301
0.181210
-0.115444
-0.953906
1.544704
0.645612
1.017622
1.317138
0.466334
2.275482
1.978457
1.027050
0.349197
2.386667
-0.705209
-0.508155
0.084742
-0.498992
-0.655436
-0.826379
-0.354743
-0.076172
-0.082436
-0.245730
-0.536588
-0.083529
0.199305
-0.662853
0.476757
1.236313
-0.247742
1.495781
1.016654
0.963888
-0.151053
-0.307483
-0.034973
-0.136088
-0.282412
-0.236296
-0.677927
1.001718
-0.255825
-0.607262
-0.488199
-0.697055
1.258329
1.253635
-0.065860
2.407689
1.549514
1.528551
0.255460
0.618564
0.636138
-0.379737
0.089425
0.668866
0.506628
0.166576
0.689511
0.618620
0.384897
0.004957
0.119171
-0.199325
0.506712
1.462133
0.846000
-0.555256
0.537809
-0.637053
-0.813734
-0.666363
-0.503108
0.149305
-0.676029
0.214234
-0.787023
-0.428104
-0.247047
-0.662209
-0.417373
-0.717168
-0.434297
-0.013818
-0.614859
-0.494706
-0.235151
-0.884870
-0.885113
-0.616168
0.677089
-0.572326
-0.495404
-0.764444
-0.827019
-0.739699
0.003193
-0.582910
-0.632536
-0.304171
-0.733132
-0.792126
0.050212
0.466857
-0.385912
-0.534186
-0.133151
-0.098324
0.072038
-0.366513
-0.198175
-0.326864
-0.259316
0.048147
-0.450313
0.290889
0.942698
-0.391304
-0.180257
-0.495535
-0.661977
-0.403572
0.199101
-0.582601
-0.278739
0.723691
-0.036635
-0.600020
1.100603
-0.574140
-0.559283
-0.647021
0.553703
-0.314342
1.527647
-0.171992
-0.670618
-0.083402
1.579996
-0.191340
-0.383863
-0.020581
1.240700
-0.095987
-0.142713
-0.670771
-0.584480
-0.545831
-0.748614
0.163620
-0.405426
-0.591374
-0.869969
0.771934
-0.390234
-0.392812
0.529181
-0.237553
-0.429758
-0.372049
-0.903719
-0.077665
0.290116
-0.165662
0.307210
-0.244939
-0.718260
-0.260079
0.132980
0.629325
-0.316182
-0.752082
0.560748
-0.476177
0.658853
-0.370242
-0.445772
0.106989
-0.269423
-0.007690
1.164324
0.612053
1.586179
-0.447348
-0.717170
0.047153
-0.413270
0.516776
-0.626262
-0.594720
0.131375
0.123196
0.746034
2.286993
-0.487699
2.424991
0.458066
1.553429
-0.173006
0.283324
1.138934
1.733517
-0.687192
0.327209
0.134526
0.028922
-0.652528
-0.289702
-0.293464
-0.827359
0.476847
-0.252575
-0.650959
-0.605477
0.899809
0.793604
1.763906
-0.171143
-0.921153
-0.808728
-0.141965
-0.319754
-0.796204
0.952421
0.338055
-0.477898
-0.640162
0.786771
-0.433215
-0.519963
-0.361937
-0.641506
-0.009285
0.136867
-0.416017
0.284922
0.358539
0.502136
-0.422599
0.483405
0.817736
1.585681
1.305313
0.335079
0.601426
-0.088286
1.649176
0.059764
0.351203
0.123364
-0.491556
-0.381882
0.845533
0.127414
-0.578990
-0.901634
-0.543857
-0.383039
-0.186772
0.516858
-0.634491
-0.569479
-0.202719
0.103939
-0.624486
-0.649777
-0.688108
-0.936823
-0.950142
-0.188635
-0.632304
-0.533326
-0.136111
-0.431155
-0.262932
1.062056
0.744651
-0.069824
0.720451
-0.031746
-0.711983
-0.696541
-0.908292
0.213390
-0.073017
-0.711637
1.498707
-0.425165
-0.676569
-0.134869
-0.079717
-0.721565
-0.071978
0.129446
0.535840
-0.295528
-0.321093
0.363700
-0.449196
-0.335175
0.070843
1.516758
0.786146
1.423447
-0.588111
-0.717968
1.614730
-0.675380
-0.763226
0.237172
0.102160
-0.611881
-0.354939
-0.532770
1.066155
0.331035
0.849171
-0.565659
-0.495626
0.727258
0.022888
-0.648316
0.510198
-0.699050
-0.568949
-0.700438
-0.062679
0.154444
1.223971
-0.914365
1.145388
-0.951125
1.114157
-0.159526
-0.838575
-0.866322
0.064310
0.166621
-0.729476
0.092683
0.474439
-0.561297
0.055468
-0.808877
-0.565507
-0.868700
-0.083121
-0.024450
-0.360488
-0.258866
0.713109
-0.671352
-0.818900
2.145270
1.394094
0.495980
-0.133647
0.236421
0.294712
-0.190168
-0.372290
1.497421
0.676788
0.582392
0.000191
-0.790001
-0.449095
-0.724856
-0.554396
0.271462
-0.827627
-0.825507
0.840407
-0.304321
1.480751
3.073094
1.510227
1.241974
-0.541668
0.337370
7.603861
2.744701
-0.396143
5.010842
4.300517
5.427383
4.780531
4.514445
2.741470
2.758843
1.856427
0.034867
-0.708132
1.584038
1.253299
2.389851
-0.540896
0.981079
2.102566
-0.156426
1.322493
-0.709870
1.896222
-0.191433
0.502209
0.292760
0.068726
0.881793
0.420147
0.881257
0.348212
0.345516
0.655548
-0.096463
-0.481782
-0.376962
0.885597
0.485395
-0.711365
-0.069930
-0.567803
-0.492455
0.262671
-0.698456
0.606800
-0.218889
-0.497304
-0.227334
-0.601830
0.770593
0.158130
0.279470
0.376254
-0.422767
-0.002342
0.861363
0.799992
0.374954
-0.786591
0.813676
-0.227617
0.182332
1.262978
-0.596224
0.419539
-0.170556
0.184887
0.440724
-0.303317
0.992516
-0.234863
0.102074
-0.017559
-0.799325
0.169409
-0.289538
-0.906162
-0.009889
-0.400086
-0.587821
-0.497462
0.657833
-0.202049
-0.302041
-0.067672
0.061587
-0.564274
-0.851533
-0.284358
0.448693
0.070815
-0.471650
-0.786674
-0.236911
-0.677845
0.035895
-0.216308
-0.739875
-0.716130
-0.081111
0.364789
-0.711074
-0.865549
-0.852442
-0.664741
-0.732414
-0.640422
-0.878320
-0.691269
-0.773766
-0.501025
-0.704678
-0.642891
-0.253887
-0.471161
-0.681096
-0.894304
-0.533776
-0.674357
-0.791855
-0.374092
-0.898444
-0.850574
-0.851159
-0.539909
-0.768176
-0.651354
-0.357326
-0.641151
-0.578829
-0.456366
-0.554901
-0.167050
0.004052
-0.655657
-0.915730
-0.654873
-0.748716
-0.671947
-0.810147
-0.319757
0.247119
0.272889
0.025651
-0.612471
-0.772395
-0.849912
-0.069209
-0.980190
-0.487372
-0.242595
-0.624816
-0.816856
-0.742810
-0.146084
-0.381314
0.238131
-0.640042
-0.444702
0.447711
0.682423
-0.351508
-0.438855
-0.286433
0.296908
-0.420040
-0.410241
0.274793
-0.398512
-0.303644
0.390037
0.124822
-0.723275
0.256429
-0.493826
0.206946
1.406717
1.034892
1.419941
0.277886
2.039587
0.930413
0.781998
0.346033
-0.027791
-0.095005
0.093237
-0.327563
0.007219
-0.047010
-0.102316
0.228263
0.770911
0.466261
-0.740006
-0.434046
0.946790
1.165563
0.403026
-0.196400
-0.734590
-0.580409
-0.495703
0.420577
-0.353538
-0.263191
-0.516707
-0.353196
-0.833160
-0.657500
-0.504775
-0.016268
-0.264173
0.820705
1.200979
-0.777427
1.435091
1.293120
0.204159
-0.513681
-0.413102
0.978395
-0.077185
-0.367153
-0.322859
0.118677
-0.568147
0.995594
0.056081
0.651453
0.395954
1.124732
0.944913
0.360842
0.251274
0.079725
-0.615018
-0.084581
-0.469037
-0.702517
-0.558035
-0.054355
-0.743808
-0.457515
-0.648691
-0.744985
-0.746752
-0.332667
-0.522787
0.458117
-0.240131
-0.420873
-0.292185
-0.325747
1.057712
0.172175
0.568724
-0.270669
0.250752
0.186593
-0.773221
-0.006993
-0.220160
-0.613369
-0.307539
-0.386806
-0.477106
-0.147393
-0.006499
-0.075939
0.414398
-0.581233
-0.410616
-0.439771
-0.695009
-0.010668
-0.522905
-0.187440
-0.186968
-0.914655
-0.110309
-0.812980
0.044658
-0.642614
-0.424259
-0.750189
-0.632882
0.335889
-0.467353
-0.069515
-0.417692
0.569266
0.208561
-0.545815
-0.202779
-0.095110
-0.049298
1.866356
-0.619791
-0.381458
-0.192777
0.522780
-0.183800
0.067294
2.200934
0.717341
0.793979
-0.071461
0.788529
-0.223473
-0.464380
-0.598375
-0.927632
-0.924606
-0.526368
0.243120
0.474841
1.652857
-0.494558
-0.435635
-0.279228
0.050651
0.041006
0.109230
0.506987
-0.064077
-0.747729
-0.134442
-0.572456
0.151599
1.003284
-0.146856
-0.073553
1.002217
-0.625048
-0.056986
-0.679671
0.212806
-0.425719
-0.500676
-0.318848
-0.178823
-0.262418
-0.422128
1.243291
-0.098250
0.208844
0.383497
1.561407
-0.925009
-0.896063
0.210074
0.848800
-0.658023
-0.062054
0.058973
1.028783
0.730706
0.909422
2.110373
1.576629
1.445857
0.237926
-0.070188
0.480368
-0.587035
-0.137594
-0.025704
-0.001507
0.081081
-0.363356
0.789113
-0.082203
1.412997
0.930793
0.618885
1.096798
-0.662062
0.175168
1.285428
-0.776608
0.030422
0.113211
-0.619887
0.171900
-0.046368
-0.532393
-0.880724
-0.508433
-0.084464
-0.336933
0.216365
-0.269459
-0.570139
-0.327800
0.759155
-0.353596
0.032552
0.026627
0.715526
-0.696851
0.775596
-0.184926
1.094187
0.116235
0.730436
-0.398561
1.327499
-0.389305
0.678837
0.350056
0.751610
-0.099036
0.420608
-0.482048
0.116682
-0.480979
0.913289
1.248030
-0.825816
-0.727746
0.669479
0.443526
-0.548128
-0.027180
-0.825407
-0.978796
0.121273
-0.283157
-0.409455
-0.582491
-0.128002
0.045269
-0.600748
-0.891713
-0.168910
0.252213
0.211666
-0.596800
-0.241454
1.123192
-0.124841
-0.297304
-0.508765
-0.116660
-0.301151
-0.254183
-0.946991
0.123328
-0.253443
-0.377154
-0.063441
-0.158913
-0.782708
-0.366935
-0.067402
-0.513829
0.388920
-0.477162
1.370949
-0.143432
-0.037082
-0.380373
0.167179
-0.508777
-0.563964
0.798382
-0.311632
-0.677397
-0.716584
-0.221079
-0.519636
-0.528810
-0.728008
0.773345
1.366062
-0.195998
0.386773
-0.129585
0.114414
0.788666
-0.690157
0.442010
-0.135353
-0.235737
-0.509565
-0.776340
0.913878
-0.706453
-0.242459
1.515395
0.085971
-0.651162
1.452207
0.481836
-0.840574
0.134229
-0.109176
-0.374662
0.342361
-0.665629
-0.345631
-0.424450
-0.312632
-0.066204
-0.295170
-0.125241
-0.264473
-0.580593
1.092495
-0.454303
0.181614
0.871462
-0.551629
-0.403122
0.037011
-0.497305
-0.297913
0.066139
0.585389
0.603385
0.922598
-0.732766
-0.657690
-0.274323
-0.735914
-0.694908
0.258124
0.192097
-0.761737
-0.638137
-0.505120
-0.771129
-0.139943
-0.844612
1.393217
-0.471079
2.592780
1.148867
0.364288
0.814256
0.691958
0.422046
1.749837
0.335446
1.801158
0.063898
-0.367343
-0.587522
-0.035257
-0.029895
-0.527590
0.040126
-0.400979
-0.503474
0.491677
-0.206141
-0.133612
-0.455355
-0.319013
0.477892
0.104854
-0.481527
-0.394308
-0.178467
0.020166
-0.165848
-0.252020
0.166172
0.013609
-0.233365
-0.462545
1.103093
0.069449
-0.150838
0.111522
-0.087914
1.021974
0.778741
0.585094
0.110140
0.893427
0.686092
-0.484420
1.503694
0.394848
0.586267
1.828736
1.521906
0.308823
0.754667
0.654120
0.417399
0.141280
0.251830
0.384241
0.335926
-0.291542
-0.021917
0.140678
0.731940
-0.400797
0.555960
0.557653
-0.832204
-0.174655
-0.329762
0.043579
0.325454
-0.604484
-0.504547
-0.391130
-0.688693
-0.270519
-0.605384
-0.616170
-0.279874
0.229276
-0.160742
-0.114719
-0.417762
0.355747
0.061120
0.852216
-0.679115
-0.707021
-0.628396
0.210982
-0.485287
0.494555
-0.767488
-0.463658
-0.475615
-0.467354
0.096817
-0.707161
-0.808844
0.269108
-0.609601
-0.297372
-0.414846
-0.278112
-0.570802
-0.143411
-0.435804
0.351259
-0.248851
-0.404017
-0.400087
0.095927
0.306185
-0.710255
-0.572016
-0.613216
0.177993
-0.817716
0.858162
-0.845793
-0.510029
-0.742100
-0.698350
-0.879189
-0.840190
-0.468190
0.198579
-0.513566
-0.698010
0.957460
-0.100567
0.945707
1.292115
-0.290857
-0.498832
-0.099808
1.090507
-0.175742
0.988310
0.238406
0.445079
-0.829937
-0.689671
-0.332319
-0.525708
-0.837279
-0.049164
-0.457916
-0.331570
-0.974058
-0.118250
0.223743
0.113723
-0.345122
-0.703500
-0.394402
0.888537
-0.640319
-0.496844
0.549556
0.474693
0.148025
-0.548063
-0.751158
-0.376391
-0.459916
0.664915
-0.217017
-0.273968
1.253040
1.441217
-0.120618
-0.578594
-0.024151
-0.367242
-0.787805
0.324141
1.320979
0.792402
-0.762147
0.042983
0.584360
-0.600785
-0.657541
-0.443520
1.022689
2.259864
1.388191
2.549404
1.780051
1.942520
1.411356
2.317167
-0.171575
1.796144
0.203791
-0.652638
-0.234498
0.668511
0.287665
-0.648573
-0.615016
-0.624404
1.177479
0.862558
0.791207
0.264174
0.680709
-0.297623
0.641224
0.272502
0.154716
0.273522
-0.760422
-0.058147
-0.162445
0.135200
-0.388279
-0.698616
-0.538184
-0.460575
0.137796
-0.216979
-0.694826
0.039794
0.227258
-0.585157
-0.319782
0.049907
1.458682
-0.577308
0.679022
1.401229
-0.241485
0.331737
0.994860
0.589349
-0.102931
-0.670749
0.561019
0.368162
0.496344
1.494881
2.216450
-0.386251
0.121633
1.107684
0.173022
0.227107
0.746556
-0.430277
-0.318765
-0.704087
-0.611359
-0.512217
0.676051
-0.814071
-0.764736
-0.691477
-0.710958
-0.735668
-0.271526
-0.945267
-0.590708
-0.845694
0.312769
-0.453828
-0.417048
-0.363685
-0.772624
-0.715142
-0.600983
-0.574573
-0.452330
-0.850492
-0.837910
-0.664665
-0.689236
-0.673276
0.550064
-0.350613
0.046632
0.219229
-0.845322
-0.120692
0.213225
-0.075354
0.132029
-0.501841
-0.413956
-0.414169
-0.323487
0.336009
-0.357386
-0.925741
0.606441
1.168481
-0.301009
-0.774189
-0.125768
-0.710561
-0.466857
-0.435908
0.398333
0.130224
-0.606445
-0.605441
1.081242
0.135091
-0.263790
-0.542535
-0.224293
-0.634517
-0.087598
-0.406285
-0.499614
-0.598526
0.655481
0.339724
-0.454943
0.003529
-0.391598
0.244256
0.145647
0.396297
0.681313
0.490453
0.258312
-0.890203
-0.959476
0.572993
1.991996
0.613107
-0.547346
-0.068688
0.176412
1.059191
0.088781
-0.713361
-0.453467
-0.506706
-0.890667
-0.508779
1.254280
0.009733
-0.471752
-0.641189
-0.521768
-0.566851
-0.156825
-0.415262
-0.134472
-0.108891
-0.469668
-0.791197
-0.438888
-0.856914
0.890983
-0.313720
0.161962
1.172556
-0.467801
-0.423459
-0.683699
0.471572
1.497881
-0.531176
0.189448
0.063095
0.043934
0.237750
0.178012
2.223494
1.978933
-0.804581
1.380802
1.224920
0.092469
1.497332
2.986876
-0.057844
0.146609
-0.639853
0.698931
-0.650759
-0.335930
-0.234454
-0.674243
-0.620424
-0.703542
0.522240
-0.732161
0.741960
-0.816460
-0.512908
-0.113650
-0.651899
-0.258333
0.218489
0.332471
-0.754074
-0.490520
1.096832
-0.221317
0.664766
-0.209036
-0.124889
-0.522106
-0.036036
-0.206585
0.229667
0.816679
0.140468
1.287130
0.221222
0.871190
-0.092973
-0.263671
0.245408
0.274919
0.418272
1.105794
0.231398
0.223364
2.485701
1.075287
-0.123866
0.763647
-0.055850
-0.183053
1.350662
-0.215365
-0.564946
-0.389553
-0.238828
0.296638
-0.827361
-0.711546
0.522264
-0.433344
-0.649930
0.370917
-0.742457
-0.269637
-0.289782
-0.574884
-0.679794
0.186099
-0.752629
0.025649
-0.552030
-0.746172
-0.119750
0.135784
-0.838245
0.705371
-0.331427
-0.175976
-0.654956
-0.757764
0.044472
-0.553554
-0.348667
-0.944026
-0.575704
0.221246
-0.039527
-0.522749
-0.496589
0.028746
-0.245185
-0.605560
-0.658470
-0.395883
-0.168493
-0.505862
0.269161
0.083720
0.307846
0.254411
-0.479460
-0.402188
-0.002529
0.120984
0.474350
0.031297
0.069880
-0.267386
0.557462
0.660042
0.400996
0.406624
-0.324673
0.154322
-0.007167
-0.152877
-0.187269
-0.614524
-0.637716
0.567933
-0.160179
-0.586760
-0.604466
0.473929
1.279569
0.705052
0.418050
1.922372
0.788042
-0.027857
-0.521565
-0.690897
0.880104
-0.096403
0.065268
-0.099147
-0.121188
0.547015
0.873112
-0.378285
1.332607
-0.744622
0.096834
0.721136
-0.934360
-0.633543
0.139685
0.596688
0.868499
-0.844610
-0.378049
1.312384
-0.771650
-0.955116
-0.817047
0.435437
-0.491561
0.011643
-0.552557
0.221977
1.092338
-0.362231
-0.421610
0.151394
-0.441244
0.855182
-0.631923
-0.636947
0.432954
0.369868
-0.266380
0.507728
-0.721194
0.219041
0.481606
0.356331
-0.940808
0.953438
-0.019582
1.323033
-0.201377
0.593758
0.613940
-0.218934
0.334419
-0.211030
0.484137
0.517708
0.393994
-0.363007
0.505075
-0.488610
-0.483165
-0.531727
0.116199
0.710657
0.721946
-0.503414
-0.811820
-0.123245
-0.410603
-0.565867
1.269890
-0.708340
-0.511935
0.458928
-0.077081
-0.458431
-0.462195
0.333900
-0.158256
-0.491111
0.186928
0.159409
0.802027
0.410795
0.375130
-0.007352
1.184880
0.871010
0.033629
0.432708
0.852312
0.074515
0.304474
0.675942
-0.125645
-0.075741
1.006195
0.493087
0.066800
0.227302
-0.728385
-0.756588
-0.579651
-0.162022
-0.589364
-0.049621
-0.657901
-0.488591
0.118867
-0.552343
-0.001977
-0.878029
-0.460682
-0.333962
-0.436977
-0.250438
-0.447231
-0.369711
-0.699653
-0.433083
-0.634930
-0.876976
0.117482
-0.809651
-0.848092
0.074428
-0.604045
-0.454119
-0.656875
0.615757
-0.434117
-0.558324
-0.157723
-0.873856
0.207987
0.823623
0.085522
-0.687736
-0.101455
-0.569521
0.620210
-0.299191
0.141305
-0.315562
0.553126
-0.222181
-0.504110
0.683820
0.209900
-0.008524
-0.195493
-0.238906
-0.454451
0.486129
0.715815
0.685544
0.392836
0.797333
-0.508697
1.490366
-0.195544
0.954935
0.370031
-0.220735
-0.577915
-0.809114
0.393697
1.767393
-0.271748
1.274614
0.296111
-0.451422
2.198671
0.085806
1.088765
0.584420
-0.582734
1.447781
0.461832
0.239120
-0.131818
-0.147867
-0.721962
-0.237868
0.682008
-0.443577
-0.497411
-0.076715
-0.254105
-0.379279
-0.121142
-0.211999
-0.455007
-0.568824
-0.483620
0.665064
-0.013851
-0.527439
0.179542
0.511321
0.784923
-0.866408
-0.008596
-0.084201
-0.391222
-0.892262
-0.720800
-0.323491
0.203374
0.421463
-0.627821
-0.903814
0.010049
1.179596
-0.722202
0.668550
0.114329
0.600967
-0.744930
-0.679398
-0.328393
-0.629885
1.501911
-0.626721
0.394623
0.667595
0.713910
0.033897
1.169378
0.080136
-0.275324
-0.622774
0.110091
0.471336
-0.402607
-0.061639
-0.304453
-0.066721
0.080301
0.796618
-0.255932
-0.320815
0.833623
0.304074
0.445549
1.478232
-0.309992
-0.557102
-0.469380
-0.075879
0.216766
0.152511
0.317170
1.400294
-0.457979
-0.136642
-0.464612
-0.247452
0.099713
-0.387717
-0.766309
-0.672129
0.584295
-0.183175
0.713233
0.191458
0.400546
-0.874767
0.806188
0.212206
1.628575
0.149780
0.593642
1.189596
0.327491
1.065686
1.227520
-0.447679
-0.148545
0.688155
0.763884
0.885786
0.834061
0.540059
-0.820992
-0.507400
-0.542813
-0.067620
0.036609
0.005883
-0.072931
-0.345290
-0.517693
-0.646458
-0.569064
-0.773381
-0.327447
-0.773173
-0.641993
0.677215
0.182171
0.009298
0.242914
0.561319
-0.470106
-0.734099
0.309611
0.003270
-0.658421
-0.609708
-0.184260
-0.667080
-0.093316
-0.287925
-0.379650
-0.808132
-0.610332
-0.328225
-0.292278
-0.886295
-0.895326
0.134413
-0.429016
-0.321883
-0.332662
-0.753191
-0.303689
-0.794088
-0.614933
-0.519850
-0.299531
-0.407928
-0.556930
0.684729
0.865594
-0.175264
-0.685304
-0.243913
-0.446358
-0.406767
-0.344864
-0.378579
0.080887
-0.721339
0.403022
0.372602
-0.559031
-0.140879
-0.285883
-0.497784
0.564554
-0.420504
0.909705
0.038107
0.171460
0.425809
2.422125
-0.657231
-0.055721
-0.215252
1.643022
-0.003905
0.896640
-0.491238
0.887014
0.190003
-0.024175
0.645668
-0.087999
-0.203813
0.370106
-0.114158
-0.563235
-0.104608
1.465546
1.321121
-0.715642
-0.516787
0.134240
-0.733672
0.881754
-0.228420
0.051079
-0.024612
-0.744883
-0.228398
0.742798
0.351286
0.629819
-0.365217
0.943841
0.274077
-0.150964
0.382774
-0.835307
-0.546564
0.587450
-0.305477
-0.570196
-0.539884
0.352129
-0.205363
0.419249
-0.320670
1.387757
-0.565591
0.714487
-0.723090
1.903524
0.432980
1.541279
1.696676
0.929602
-0.422598
0.449749
-0.495895
-0.387974
-0.592446
-0.153809
-0.300517
-0.100742
0.008512
-0.358708
-0.190555
-0.016407
1.627652
-0.305084
-0.186399
1.444869
-0.752450
0.086078
1.923615
-0.261444
0.796121
1.119384
-0.313873
-0.725111
0.000975
-0.254252
-0.739074
-0.773882
0.400743
0.126940
-0.077389
0.386497
0.395288
0.460017
0.840010
0.399941
-0.416632
-0.831788
0.808770
0.347311
1.063430
0.888737
1.810290
-0.326992
0.196522
0.546137
0.459091
-0.179372
0.553804
0.124210
0.872303
-0.682402
-0.691375
-0.477830
-0.061771
0.111459
-0.308170
-0.661713
-0.686177
-0.783491
-0.664501
0.511364
-0.709439
-0.676326
-0.669656
-0.298004
-0.693346
-0.167996
-0.451083
0.396059
-0.385142
0.802840
-0.604101
-0.118142
-0.364304
-0.665976
-0.421203
-0.477410
0.363900
-0.156790
-0.126556
-0.256015
-0.448191
-0.934132
-0.902805
-0.608658
-0.386174
-0.558107
0.204628
0.126732
-0.675778
-0.892169
-0.484084
-0.016767
-0.201434
-0.509875
-0.686196
-0.649068
0.404541
-0.390282
-0.608655
-0.151907
-0.449748
-0.444114
-0.336674
0.336249
0.487063
-0.044126
0.028355
-0.666726
-0.325425
0.628667
0.350253
0.018554
0.695620
1.322589
0.155031
-0.691809
0.673293
1.139474
1.273481
0.210057
2.505714
0.063006
-0.481433
0.807652
-0.290509
0.223776
-0.471041
-0.423057
-0.869442
0.293330
-0.737659
0.169318
0.868581
1.337874
-0.029229
-0.215831
-0.587658
-0.599449
-0.055583
0.039632
-0.597423
-0.552771
0.015522
-0.606819
-0.037955
-0.677386
-0.242174
-0.727157
-0.023766
-0.578022
-0.283013
0.791243
-0.630225
-0.182885
0.279266
0.633761
0.039849
0.429329
-0.451334
-0.073383
0.608366
0.315657
0.293339
-0.063991
-0.367801
-0.015157
-0.539728
-0.539560
-0.750563
-0.836541
1.175636
0.205194
-0.010650
1.658369
0.777931
-0.514232
0.157736
1.487878
-0.076158
1.187201
-0.426903
-0.266504
0.523080
0.394584
-0.333748
-0.278293
-0.081103
-0.435557
-0.085617
-0.509151
0.146249
-0.575197
0.980640
0.564908
0.585274
1.634119
1.633370
-0.440707
2.153585
-0.103060
-0.645163
-0.426752
-0.380380
0.026571
-0.520645
-0.486685
-0.553764
-0.663470
-0.736881
0.045972
0.459527
0.545362
1.586915
0.489412
0.898294
-0.250781
1.007517
-0.771829
0.069099
0.676199
1.565616
1.018850
0.527519
0.559997
0.056945
1.022339
0.788972
0.476385
1.228730
0.237017
0.429633
1.007752
-0.137175
1.301644
-0.341953
0.081261
-0.365026
-0.159765
-0.060196
-0.422975
-0.135225
-0.522981
0.026752
0.532649
0.237491
-0.669711
-0.196070
-0.091443
-0.608716
-0.861219
-0.667058
-0.593118
-0.816782
-0.840864
-0.178992
-0.462181
-0.895550
-0.161270
-0.801545
-0.803404
-0.659734
-0.182024
0.194121
-0.903976
-0.572477
0.389653
1.603645
-0.218502
-0.225617
0.119173
-0.854845
0.134974
-0.402305
-0.067518
-0.373858
-0.500170
-0.552832
-0.702385
-0.608782
-0.248961
0.536204
-0.499681
-0.675045
0.004004
-0.504284
-0.885940
-0.317810
-0.275158
-0.482273
-0.116119
0.665972
-0.520839
-0.180251
0.170147
-0.465014
0.054530
0.049360
-0.602685
0.738088
0.610996
0.001357
0.172356
-0.736837
0.577805
-0.172559
0.313985
1.586210
1.219191
-0.415020
-0.475200
1.331667
1.361995
-0.786988
-0.141371
0.716437
0.123303
0.342054
0.732360
-0.228322
-0.907953
-0.269595
-0.742054
-0.101157
-0.300849
-0.301202
-0.234590
1.165493
0.384683
0.619171
-0.633218
-0.175490
-0.094673
-0.445207
-0.504460
-0.365697
-0.192493
1.215272
0.591241
-0.047785
0.219545
-0.288474
-0.114651
-0.590461
-0.686312
0.857759
-0.766324
-0.887206
0.083536
0.848580
-0.097996
-0.582969
-0.812057
-0.704809
0.369057
-0.390795
-0.550155
1.512373
0.702355
-0.556037
1.867053
1.588766
1.946184
0.670019
-0.622132
-0.262708
-0.582905
-0.831840
-0.855616
-0.453327
-0.564649
-0.364242
-0.551169
-0.576561
-0.021610
0.719210
-0.203904
-0.345467
0.186865
1.174854
1.295524
0.117761
-0.289428
0.693769
0.293021
0.085805
-0.073231
-0.622863
-0.262562
-0.118226
0.070974
-0.521088
0.500016
-0.630286
-0.401486
1.374900
0.206967
1.224325
1.212250
2.169650
0.982167
0.264853
1.402666
0.152640
1.446403
0.083459
1.262982
0.162405
1.120185
2.154334
1.596254
0.533623
0.625824
0.351498
0.226319
-0.190495
-0.001693
0.804145
0.674892
0.422495
-0.034993
0.378170
0.095624
-0.782968
-0.835553
-0.324210
-0.662966
-0.910159
-0.679020
-0.624245
0.323424
-0.863439
-0.669918
0.057980
0.139395
-0.025288
-0.110557
-0.643481
-0.489653
-0.820085
-0.807699
0.198190
-0.621844
-0.636244
-0.839451
-0.685383
0.412806
-0.264851
-0.839284
-0.592679
-0.266266
-0.284550
-0.363197
-0.859208
-0.574831
-0.682028
0.123057
-0.556596
-0.395693
0.107416
-0.553301
-0.079867
-0.414426
-0.297297
-0.173539
-0.334581
0.295590
-0.486643
-0.533738
-0.548106
-0.144212
-0.214572
0.965248
-0.419982
-0.029637
-0.091152
1.099367
0.546520
-0.705911
-0.358769
0.188969
0.360331
-0.196659
-0.554302
0.267956
-0.187104
-0.920878
0.023355
-0.634716
-0.370679
-0.728918
0.752526
-0.216185
-0.929254
-0.665373
-0.461463
0.540725
-0.080239
-0.955509
1.131186
-0.137719
-0.888064
1.534727
-0.284053
0.587649
0.695464
0.577816
-0.345739
0.104681
1.577323
-0.084744
-0.693000
0.039594
-0.691727
-0.637818
-0.546390
-0.659102
0.107532
-0.667334
-0.056859
-0.149000
0.078778
-0.589204
-0.215777
-0.455437
-0.403723
0.373035
-0.803117
-0.467834
-0.886650
-0.302919
-0.879614
-0.632571
1.401139
0.716165
-0.131345
-0.685517
-0.666089
-0.086835
-0.220767
0.846147
0.439667
0.071948
1.207084
1.928198
2.426173
0.822603
0.787913
2.061266
2.078397
-0.256628
1.115008
1.555003
-0.290663
0.757293
0.627807
1.126301
0.150478
0.212059
-0.705836
-0.836929
0.528317
-0.575843
0.759280
0.610709
0.088636
0.390680
1.313396
-0.461055
-0.234943
0.012629
-0.104790
-0.353635
0.568069
-0.169018
-0.539925
-0.608135
-0.289522
0.018448
0.181356
-0.137749
-0.904607
2.086831
0.319143
-0.238757
0.690505
-0.897357
-0.650426
0.603897
1.631720
0.091577
-0.265856
1.085909
-0.087293
0.607421
0.841861
0.883006
0.981595
0.962340
-0.079776
0.248722
-0.470199
-0.449165
-0.398700
-0.299160
-0.053190
0.038153
-0.582039
-0.527158
-0.714720
-0.609565
-0.031696
0.057083
-0.250873
-0.373080
-0.935087
0.080352
-0.570616
-0.457027
-0.467400
-0.134325
-0.475941
-0.537035
-0.105082
-0.475922
-0.581492
0.202510
-0.388793
-0.866799
-0.533751
-0.299613
0.497617
-0.644014
0.637495
-0.800950
0.775439
-0.120673
-0.656937
0.147459
-0.823626
-0.211748
-0.693378
-0.543400
0.486544
-0.177722
-0.402288
-0.446338
-0.009776
0.047032
0.052479
0.064067
-0.265879
0.254231
-0.398264
-0.614203
-0.656938
-0.263663
-0.473090
-0.524311
-0.184417
-0.090035
1.332393
0.093057
-0.600858
-0.407727
0.419058
-0.587076
0.283686
-0.755972
-0.287010
-0.282602
1.545897
-0.251359
-0.843109
-0.687912
2.154187
1.208609
0.440622
-0.751542
0.155222
-0.610881
0.201727
-0.275137
-0.485508
0.454853
1.085706
0.420908
-0.102929
-0.556649
-0.179927
0.123570
0.337755
0.627587
-0.464887
-0.458018
0.700954
-0.018967
-0.623787
-0.588596
-0.631084
-0.597695
1.286616
-0.499346
-0.549433
0.307615
0.260609
1.154031
-0.677590
0.592804
0.595651
-0.222398
-0.540127
0.753933
-0.635502
-0.286238
0.236171
-0.660935
-0.750416
0.038465
-0.932333
-0.508945
-0.227354
-0.537469
-0.294404
2.026859
2.464868
0.848398
-0.752417
0.182058
0.420035
0.941780
1.865434
1.261912
0.152120
0.910394
0.038642
0.308370
0.959833
1.033115
0.327910
0.290411
-0.269050
-0.492021
-0.372385
-0.465067
0.343629
-0.373897
0.982180
0.644455
-0.114764
0.720442
0.880652
-0.272386
-0.566793
0.530916
0.078597
-0.656044
-0.072320
0.050605
0.319602
-0.772322
-0.517343
-0.737797
-0.700425
-0.664909
1.002900
0.675740
-0.367930
0.483749
-0.864281
0.724100
-0.747360
-0.316930
1.726757
0.317408
-0.062758
0.462920
1.679558
-0.382041
-0.573842
0.093288
-0.559834
-0.365336
-0.132420
-0.001804
-0.744136
-0.446070
-0.481402
-0.499531
-0.600665
-0.712079
-0.593536
0.295878
-0.621520
-0.854713
-0.678146
-0.723568
-0.031296
-0.630342
-0.654905
-0.176954
-0.447278
0.234098
-0.360263
-0.373556
-0.012359
-0.764900
-0.239860
-0.619234
-0.420814
-0.230546
-0.597103
-0.394622
-0.433330
0.689936
-0.768990
-0.276367
0.398043
-0.725584
0.228726
0.814651
-0.073097
-0.148140
-0.499429
0.207179
0.596924
-0.176028
-0.390623
-0.015350
0.054787
-0.194226
0.491474
0.341700
-0.134072
0.346724
0.684629
0.139658
0.738111
0.448573
-0.264065
-0.060382
-0.052700
0.234676
-0.006389
-0.155194
0.976078
-0.558643
-0.527101
1.653679
-0.340317
-0.346202
-0.357853
0.083290
0.086507
0.343412
-0.260295
1.379973
-0.324846
-0.043980
0.355229
0.756042
2.073510
0.455192
-0.075793
-0.838778
-0.444688
0.829603
0.465698
-0.175553
0.447556
-0.373801
-0.226004
-0.375293
-0.552805
-0.705379
-0.130291
1.708075
-0.372604
-0.827368
0.963781
-0.930481
-0.656656
0.210144
-0.770098
-0.759610
0.393785
-0.555184
-0.807945
-0.724752
-0.573813
-0.752299
-0.148124
-0.207383
-0.587970
-0.698763
0.319419
-0.298302
0.151409
-0.243157
0.903791
-0.438709
-0.564562
-0.720822
0.826563
-0.902874
-0.851562
-0.493791
0.482721
2.448188
1.399732
0.948103
3.331540
1.890971
0.948017
0.388603
0.061884
0.217767
-0.301484
-0.238121
-0.086872
0.327821
-0.055345
0.262911
-0.070933
-0.220099
0.470028
0.568651
-0.210548
1.199429
-0.031551
0.850207
-0.295515
0.111626
-0.371586
-0.420192
-0.574148
-0.585471
0.096525
0.885461
0.248620
-0.155522
-0.597044
0.377207
-0.119561
0.252666
0.683539
1.053254
-0.672490
-0.240783
0.587535
-0.177200
-0.522409
0.783220
1.597963
0.618450
-0.123182
0.459790
-0.210534
0.972636
0.763213
1.068469
0.496170
2.330295
1.695586
0.754971
-0.036101
0.408191
-0.266708
-0.635983
-0.024442
-0.375976
-0.323336
-0.315780
-0.422256
-0.673515
-0.304859
-0.477430
0.729998
-0.079637
-0.555096
-0.174363
-0.820707
0.126114
-0.327297
-0.683573
-0.388366
-0.727974
-0.394565
-0.134271
0.660977
-0.970222
-0.522625
0.098982
-0.578584
-0.464789
-0.801292
-0.346221
-0.603141
-0.806003
-0.235613
-0.464877
-0.568521
-0.550752
-0.676166
0.152149
-0.753017
0.542074
-0.672777
-0.000900
-0.717535
-0.315435
0.027760
-0.272802
-0.237651
-0.360239
-0.731846
-0.362808
-0.752969
-0.675154
-0.234103
-0.383894
-0.804297
-0.074952
0.224709
0.884248
0.487535
0.864861
0.200611
1.210594
-0.604874
-0.626177
0.308691
0.481216
0.938839
1.013821
0.646660
-0.438927
1.316952
0.700926
-0.560943
-0.505112
0.561023
0.589668
0.124905
-0.637187
-0.201708
-0.563068
0.593393
-0.433401
-0.059056
0.411088
-0.051149
-0.353470
0.046147
-0.399080
-0.199023
-0.580995
-0.009139
-0.380594
-0.109004
0.290784
-0.670656
-0.463494
0.289462
-0.493390
-0.752856
0.451299
-0.839790
0.082260
0.405713
1.431297
-0.411859
-0.376092
-0.962420
-0.865152
-0.741700
-0.649918
-0.281954
0.903028
-0.682217
-0.416719
-0.862085
-0.281731
-0.617350
-0.827231
0.107538
0.240590
0.930586
-0.789597
0.011929
0.402573
2.132687
2.294173
1.417399
0.625923
1.619928
0.649876
0.230816
0.923257
0.564381
-0.090949
0.363691
0.528858
-0.018309
-0.041111
0.275131
0.636247
0.354763
1.013842
0.704434
1.226225
-0.277166
0.237608
0.193045
-0.210393
0.000130
0.467652
-0.053317
-0.308936
-0.011323
0.322287
0.419254
-0.211280
0.043107
-0.351532
-0.164453
0.136722
0.259409
-0.156648
0.633729
-0.667469
0.649990
0.972721
1.064490
0.801044
0.471262
-0.795928
0.752577
1.876703
0.062349
1.442613
0.413397
0.745514
0.940637
0.264579
0.096463
-0.511093
-0.709402
-0.079192
-0.195254
-0.029030
-0.633170
-0.402045
0.100483
-0.546772
-0.599886
-0.165369
-0.366186
-0.126603
0.018159
-0.503584
-0.593874
-0.699015
-0.414882
-0.656834
-0.750742
0.017708
-0.272439
-0.778695
-0.622767
0.911242
-0.024562
0.167778
-0.077890
-0.157944
-0.230343
-0.904327
-0.848781
-0.772197
-0.495565
-0.612468
-0.836443
-0.123145
-0.634404
-0.235390
0.238641
0.784021
-0.428725
-0.095843
-0.508809
-0.456235
-0.168159
0.136615
0.142714
-0.162072
-0.356360
-0.743155
-0.561814
-0.514633
0.354548
-0.018053
-0.550139
-0.663762
-0.595201
-0.500359
-0.033876
-0.199140
0.113310
-0.425791
-0.649417
1.153120
0.344505
1.611991
-0.923419
0.681407
-0.559710
-0.370562
-0.457542
-0.473748
-0.567034
1.593774
-0.737233
-0.257245
-0.513926
0.347272
-0.073574
0.265996
0.619815
0.488396
0.366745
0.662134
-0.066916
1.951782
-0.588956
-0.611584
0.206003
0.711493
1.141396
-0.163803
-0.458147
0.401772
0.761199
-0.453234
-0.414322
-0.644217
-0.463637
0.757183
0.785643
-0.685923
-0.544741
-0.436100
-0.102548
-0.220618
-0.381802
-0.934743
-0.436099
0.804666
-0.260376
0.446534
-0.596856
1.432675
-0.861263
0.345364
-0.901781
1.348438
-0.616326
0.013615
0.572847
1.260271
0.139523
0.497432
-0.022472
0.837451
1.001834
1.353930
0.907397
0.884012
1.020439
-0.552481
0.294805
-0.800287
-0.651043
-0.455191
-0.055402
-0.440389
-0.084534
0.411066
-0.539973
1.360060
0.933305
-0.417248
1.201939
0.265751
-0.483255
0.863875
0.782741
-0.621269
-0.389463
0.613109
-0.437115
-0.381684
-0.269621
-0.281782
0.286623
0.179303
0.056297
-0.714830
-0.620096
-0.924361
0.026043
0.746008
1.407928
0.915661
1.321454
1.109210
0.524171
0.928592
1.075100
0.399387
1.346399
1.425441
0.799643
0.359261
1.102336
0.877767
0.948385
0.608086
1.555234
0.801256
0.316845
0.139308
-0.187031
0.264651
-0.445155
-0.679500
-0.680213
-0.712752
-0.553614
-0.823780
-0.447908
0.022346
-0.773779
-0.742912
-0.309421
-0.557707
-0.229853
0.298496
-0.701122
-0.420547
-0.856841
0.206653
-0.778296
-0.913300
-0.291792
-0.551291
-0.132547
0.058884
-0.616172
-0.585691
-0.231842
-0.483360
-0.961966
-0.921446
-0.422323
-0.614873
-0.742299
-0.855533
-0.542281
-0.771213
-0.206639
-0.294274
-0.139479
-0.886982
0.033554
-0.695095
-0.859070
-0.641380
-0.871233
-0.067524
-0.729140
-0.311945
0.344287
0.697243
-0.766207
-0.502131
0.096507
0.022910
-0.328434
-0.278298
0.136538
0.087037
1.509510
1.711175
-0.192891
2.137058
-0.201553
-0.599619
0.101233
-0.096728
-0.456632
-0.749727
0.902033
0.586834
-0.418410
1.924835
-0.303282
0.629227
1.942539
-0.380785
-0.296015
0.546282
0.251865
0.114235
0.589931
0.651325
-0.189785
0.678340
-0.283565
-0.037561
-0.451529
-0.026649
-0.537286
-0.776558
0.242542
0.565198
-0.707577
0.455303
-0.360933
-0.241908
-0.871123
-0.177108
-0.574973
0.022561
0.347823
0.075510
-0.069356
-0.172932
-0.142871
-0.781104
-0.132858
-0.166568
-0.748640
-0.153586
-0.199396
-0.213171
-0.741506
-0.558805
-0.367777
0.371104
0.048374
0.569300
1.366628
0.042249
-0.097404
1.077283
0.849738
1.698499
0.910253
0.405803
0.734460
0.559320
-0.464145
0.305164
0.953114
-0.229585
0.197639
0.104289
-0.725423
-0.420199
-0.241681
-0.761287
0.132103
1.909697
1.111554
0.191959
-0.476918
0.823686
-0.310478
0.048295
0.848956
-0.107822
0.432228
0.575215
0.320225
0.859057
-0.340624
0.606079
0.849985
-0.579968
-0.621547
0.142085
-0.512820
1.280193
0.821733
0.385124
0.359207
0.628876
1.954588
0.143718
1.417949
0.115199
-0.174899
-0.217807
-0.219007
0.664632
0.475043
0.607317
-0.135031
1.022159
1.144972
1.111272
0.968577
1.245334
1.904081
-0.194541
-0.706386
-0.508415
-0.118907
-0.099264
-0.621858
-0.602822
-0.607891
-0.529445
-0.710242
-0.601590
-0.733512
-0.577296
-0.202074
-0.713302
-0.415385
-0.799764
-0.846005
-0.265921
-0.643283
0.377381
-0.510313
-0.813414
-0.851594
-0.035302
-0.870387
0.081704
-0.641681
-0.968344
0.552102
-0.080217
-0.813588
-0.665811
0.644769
-0.631132
2.417178
