0.000000
-0.472541
-0.685250
-0.889985
-0.606575
-0.866359
-0.695370
-0.832442
-0.340489
-0.192428
-0.876992
-0.809421
-0.263698
-0.666632
0.061685
0.427598
-0.461210
-0.314326
-0.110332
-0.957713
-0.871524
-0.429566
-0.384775
-0.246508
-0.505722
0.215115
-0.723278
-0.444183
-0.173216
-0.190228
-0.185785
-0.897726
-0.381622
-0.418153
-0.972007
-0.201905
0.460788
0.490136
-0.182639
-0.316818
0.019515
-0.404576
-0.890068
-0.953340
0.307776
-0.848720
-0.996091
-0.385421
0.157122
-0.076507
2.692405
2.779420
-0.397320
-0.477492
-0.716896
0.188592
-0.695232
-0.737463
-0.273145
-0.537203
0.236926
-0.845852
-0.276875
-0.492124
0.947094
0.554170
0.872789
-0.768535
-0.479609
0.029426
-0.256301
0.588468
-0.777161
0.116011
-0.649238
0.658148
-0.497865
-0.702026
-0.579464
-0.964920
1.695191
-0.644642
0.468168
1.060161
-0.713739
1.010745
-0.660100
-0.191677
0.740527
-0.062533
-0.018273
-0.140174
-0.846138
-0.553223
-0.825471
0.370157
-0.545955
-0.736962
-0.680856
-0.027854
-0.378748
-0.302224
0.035512
-0.369035
-0.873297
1.116751
0.447100
-0.142120
-0.811064
-0.624697
-0.248388
-0.824435
1.196096
-0.542357
-0.108323
-0.245657
0.541924
-0.730623
0.658601
-0.021660
0.087218
-0.227545
-0.483638
0.393322
-0.401430
-0.812900
0.290801
-0.298790
0.893803
0.091448
1.193667
1.542924
0.319725
-0.781474
1.560852
0.982311
0.606233
0.196936
-0.857211
0.701074
1.615211
0.281739
0.365320
2.095976
-0.793682
-0.293667
0.336076
-0.060199
-0.366800
-0.839060
-0.718559
-0.712167
0.923195
-0.357965
-0.559590
-0.322804
0.119017
-0.790564
-0.729198
-0.694968
-0.684402
-0.400180
0.136741
0.341817
-0.810385
-0.052225
0.325823
-0.238295
-0.309141
-0.431674
-0.712485
-0.632492
-0.756903
-0.122758
-0.891047
-0.410900
0.030695
-0.306344
-0.131512
-0.739281
0.557470
0.657470
0.006182
0.702859
-0.687812
0.828173
0.092958
-0.712610
-0.536125
-0.687287
-0.789781
1.133547
-0.235414
0.505347
1.362519
-0.675989
0.249193
0.543169
1.430495
-0.545350
0.126405
-0.949124
-0.788210
0.067918
0.427380
-0.598028
2.053686
-0.659542
0.399057
-0.211621
0.714832
1.533438
-0.713622
0.829825
-0.367793
-0.274386
1.601671
-0.745965
-0.565384
-0.248954
2.221503
0.520017
0.172990
-0.572514
0.163146
0.561677
-0.398422
1.286993
-0.573997
-0.556505
0.943294
-0.467067
0.246784
-0.127276
-0.310038
0.431718
-0.491378
-0.139789
-0.721609
0.819078
-0.213516
-0.541887
-0.479760
0.350865
0.649422
-0.763352
0.441262
-0.312621
-0.520925
-0.486385
-0.253665
-0.771119
-0.472514
-0.578514
-0.454817
0.597724
0.327032
-0.634823
-0.778657
0.548047
0.045566
-0.529050
0.294493
-0.130569
-0.748670
-0.064652
-0.584764
1.591457
0.319858
1.182088
-0.107685
0.553037
1.596630
-0.390449
-0.817277
-0.380088
0.019159
0.751183
-0.722993
-0.246189
-0.702803
-0.666377
0.712707
0.844828
0.465562
0.008136
-0.606555
0.823121
1.003455
1.643218
-0.439954
-0.708831
0.355681
-0.295609
0.349647
0.558134
-0.160269
-0.458392
-0.239947
-0.507851
0.038372
1.747822
-0.392010
-0.139457
-0.037428
-0.570776
0.099157
1.745719
1.614231
-0.739325
0.517475
0.338324
0.663023
0.845449
0.191729
1.056592
-0.666285
-0.613821
1.787077
-0.691388
-0.152003
0.655167
1.146042
1.378010
0.199343
1.032961
0.271032
-0.216262
-0.715212
0.025288
-0.367812
-0.577069
-0.173433
-0.608944
-0.323292
-0.284788
-0.255682
-0.888381
-0.777335
-0.282461
-0.726671
-0.608759
-0.926359
1.019964
-0.345502
-0.487297
-0.714319
-0.657957
0.436271
-0.008963
0.099813
-0.778494
-0.961540
0.102813
-0.779454
-0.303311
0.062257
-0.617325
-0.502475
0.747937
-0.405705
-0.148743
-0.408138
-0.410004
-0.386147
-0.813100
0.073345
-0.627356
-0.638438
0.797068
-0.330620
-0.280503
-0.478576
-0.719157
-0.217845
-0.166569
0.961513
-0.717397
-0.666892
0.139394
-0.252329
-0.069999
-0.549870
-0.521418
-0.285960
0.105542
0.701037
-0.367712
0.048166
0.136466
-0.119860
0.197089
0.934710
1.967206
0.704785
-0.542540
0.770609
0.735976
-0.384688
-0.444502
-0.401626
0.768396
1.082663
0.422053
-0.730758
0.093934
-0.853758
0.196651
0.062696
-0.493637
-0.229978
-0.685028
-0.126596
-0.679193
0.762400
-0.487968
-0.086367
-0.826256
-0.171589
-0.098694
-0.276018
-0.325640
-0.366936
-0.756529
-0.348564
0.638914
0.002524
-0.670126
-0.888292
1.022527
1.303752
2.213898
-0.545099
-0.701464
0.938804
-0.773317
-0.744067
-0.484729
-0.711572
-0.213047
0.616020
0.896404
-0.635710
0.857504
-0.622874
0.978875
-0.514549
0.919202
-0.530705
1.276738
0.662384
-0.437547
0.769214
0.948768
0.021841
0.446236
-0.406700
-0.629542
0.806439
0.928188
-0.266971
-0.072459
0.741582
-0.772704
-0.670001
-0.065695
-0.511901
0.188283
0.768281
0.609913
-0.421025
-0.316048
-0.231680
-0.575424
-0.555064
0.436566
0.158072
-0.127758
0.266771
0.005609
0.247636
0.108063
0.540974
-0.502323
0.230243
1.030727
-0.075413
0.965436
0.216182
0.844925
0.741458
-0.929495
0.337084
0.464301
0.729265
-0.005612
2.179363
0.816323
0.199064
0.086515
0.600531
0.742090
0.320338
0.110025
1.453247
-0.609794
-0.266114
1.351595
0.272801
1.111722
1.522362
0.331597
-0.571798
-0.902467
-0.817253
-0.873140
-0.192470
-0.773465
-0.779571
-0.791846
-0.688938
-0.399174
-0.359660
0.613131
-0.799707
-0.062938
-0.649115
-0.645851
-0.727994
0.431349
-0.769555
0.044208
-0.520151
-0.884234
-0.627241
-0.098749
-0.550775
-0.117625
-0.954186
-0.747119
-0.882743
0.032486
-0.648914
-0.490368
0.788869
-0.855506
-0.427623
-0.965800
0.498494
-0.482379
-0.638018
-0.167345
-0.709804
-0.301263
-0.181530
-0.370264
-0.427242
0.028935
0.694223
-0.929730
0.521388
-0.731811
0.140160
0.771420
-0.585815
0.560366
0.187700
-0.521731
-0.687984
0.874918
0.431630
0.963167
-0.029471
1.462933
-0.604133
-0.742514
1.601128
1.269745
-0.049517
1.708686
-0.750208
1.054656
-0.119987
-0.761361
-0.764831
1.229100
-0.412591
0.679083
-0.170157
-0.418247
-0.267915
-0.546560
-0.288344
-0.431021
-0.463041
-0.664845
-0.174077
0.139348
0.096696
0.505966
-0.151428
0.228122
0.410810
-0.418958
-0.289190
-0.633648
-0.438509
-0.947634
-0.475993
-0.300292
1.431927
-0.285379
0.203603
-0.329089
0.123447
0.848388
0.696419
0.643062
0.907747
-0.577596
-0.724501
0.737791
0.000856
-0.281138
0.024386
-0.240027
0.284483
-0.134750
0.951305
1.769663
-0.576640
-0.291573
-0.835371
1.430358
2.193322
-0.417578
2.309715
-0.297835
0.009858
-0.281983
-0.851946
0.234719
-0.789515
0.064551
0.600295
-0.447978
-0.620416
-0.411726
2.153488
0.071754
1.375072
-0.323274
-0.850807
0.061294
-0.240712
0.599943
0.112973
-0.728903
0.601129
-0.289650
-0.421978
-0.843559
-0.684198
0.539945
-0.342075
-0.580308
-0.203411
1.013994
0.966340
-0.209678
0.210701
1.658054
1.022765
0.559556
2.973331
0.330478
0.787222
-0.057864
1.555050
0.273004
1.089631
1.214749
-0.646509
0.120774
0.441700
0.796472
0.991016
0.619710
1.237564
-0.732371
0.179131
0.743288
-0.529367
-0.387558
0.393281
0.241590
-0.268221
-0.257977
-0.070443
-0.637361
-0.334143
0.003706
-0.418412
-0.615484
0.090045
-0.766614
-0.400652
-0.906978
-0.162413
-0.772884
0.731357
-0.698300
-0.858009
-0.826248
-0.273924
0.067656
-0.653257
-0.586940
-0.767096
-0.359734
-0.747639
-0.354471
-0.584266
-0.079350
0.102722
-0.892673
-0.415779
-0.806279
0.678255
-0.150631
-0.660097
-0.734723
-0.253328
-0.226969
-0.585745
-0.622404
-0.736852
-0.116739
0.055144
-0.202745
0.286336
-0.925391
-0.341575
-0.361047
0.749477
-0.931575
-0.561105
-0.569122
-0.773972
-0.069927
0.050731
-0.473830
-0.337917
-0.838472
-0.211053
0.544494
-0.583386
-0.080485
0.512177
0.294020
-0.931361
0.122807
1.393527
-0.166868
1.019049
1.789956
1.030543
0.034149
-0.417004
-0.770837
-0.499930
-0.745103
0.036319
1.019343
0.058924
-0.905722
-0.107335
1.320543
-0.667088
-0.103742
-0.040827
0.634345
-0.555951
0.212107
0.116315
0.626192
-0.821415
-0.339004
-0.659733
-0.584740
0.941496
-0.624639
0.661078
-0.680253
-0.694667
1.285179
-0.668344
1.391363
0.063153
-0.560453
-0.209456
-0.895907
1.357040
-0.540730
-0.457400
-0.747288
0.782364
-0.423089
-0.690168
0.275469
0.735568
0.429293
1.037702
0.604965
-0.802714
-0.936049
0.543142
0.835024
1.682935
1.960419
-0.217831
1.594295
-0.885571
0.644182
-0.448301
-0.482503
-0.699856
-0.627592
-0.226743
-0.313111
1.382049
-0.709970
1.468545
-0.857409
-0.696816
-0.431212
0.542959
0.930835
0.203614
0.421120
-0.634733
0.482536
-0.592120
0.903274
-0.568495
1.345031
0.331381
-0.549190
-0.338772
-0.284388
-0.688852
1.209814
-0.020561
1.302086
0.630477
-0.512939
-0.713286
1.467942
0.164316
0.964875
1.409427
1.411523
0.817312
1.571052
-0.628226
-0.255980
1.611445
1.323593
1.085868
0.368225
1.396693
-0.154733
0.461696
0.971263
0.495604
1.164399
-0.009341
0.182828
0.680163
-0.783392
-0.315698
-0.482433
-0.239856
-0.337840
-0.009041
-0.707628
-0.402308
-0.437583
-0.807800
-0.887694
-0.386674
-0.829693
-0.782144
-0.618652
0.228668
-0.773449
-0.186178
0.342749
-0.488064
-0.792674
-0.282536
-0.527995
0.379307
-0.018515
-0.333325
-0.220955
-0.817486
-0.176033
-0.311310
-0.603934
-0.822177
-0.710950
-0.758420
-0.148141
-0.748819
-0.121587
0.283724
1.395414
-0.606147
-0.895630
-0.841446
-0.478784
-0.362458
-0.104759
-0.431251
0.210605
-0.323441
1.103843
-0.189334
-0.320089
-0.636105
-0.742587
0.329514
-0.915376
-0.036683
-0.470514
1.915670
0.017374
-0.603209
-0.267053
0.728015
1.931086
-0.275190
-0.604774
-0.933263
1.172943
-0.048221
0.054131
0.021641
0.229635
0.363179
-0.196755
-0.057298
-0.315475
-0.659747
1.544071
-0.279709
0.411455
0.105176
-0.084569
0.173644
-0.269916
0.237659
0.592337
0.170119
-0.783224
-0.300746
0.776656
-0.923149
-0.666580
-0.000408
-0.471569
-0.619750
0.484563
0.157298
-0.616154
0.137154
0.578553
0.723190
0.165257
-0.248575
-0.481823
-0.726714
-0.962938
-0.790844
0.423970
-0.347455
-0.805847
0.461136
-0.293906
-0.893031
-0.436745
-0.709737
0.125785
2.004198
-0.722276
-0.645979
-0.655754
-0.509450
-0.334004
1.108394
0.582409
1.873586
-0.711291
0.979333
0.330722
1.369708
0.503701
-0.422559
0.218674
0.437669
-0.545665
-0.003647
-0.165869
-0.558493
0.601890
-0.332141
-0.115328
0.495924
-0.690500
-0.494311
0.989669
-0.498602
2.206863
0.207690
-0.078331
-0.704377
0.804880
-0.436874
-0.409210
1.620076
0.962912
0.051377
-0.206299
-0.138013
-0.657129
0.778601
-0.965652
-0.237112
-0.074417
0.621262
-0.891557
1.287792
1.500172
-0.323524
1.588967
-0.829734
0.665139
0.526000
-0.789260
-0.818017
1.502190
0.994453
-0.013468
0.168757
-0.534796
-0.375562
0.805563
0.357058
-0.239058
-0.250169
0.012441
-0.288400
-0.518692
-0.914633
-0.395835
-0.961495
0.206673
-0.910454
-0.428941
1.085391
-0.587425
0.116006
-0.819594
-0.594180
-0.855379
-0.321166
-0.922077
0.253390
-0.678386
-0.534464
0.131631
-0.947510
-0.455851
0.181434
0.794367
0.073477
0.404916
-0.227926
-0.578537
1.127979
0.190213
1.030823
0.026551
-0.482336
1.577899
-0.836702
-0.272475
-0.253501
-0.608785
-0.007318
-0.016576
-0.980971
-0.097302
-0.461938
0.048715
-0.237881
-0.164632
-0.581681
-0.383613
-0.441792
-0.410971
0.972190
0.448883
0.970926
2.057795
-0.167506
0.322173
-0.283661
-0.894241
0.524466
1.378616
-0.316499
-0.697494
-0.240549
0.905127
-0.420850
0.604955
-0.296534
-0.012812
-0.361822
-0.113739
0.643649
0.181546
1.262015
0.285855
0.586699
-0.057068
-0.469085
-0.404708
0.488901
-0.004840
-0.705170
0.140128
0.155218
-0.253131
1.242789
0.148932
-0.708631
0.224824
-0.390597
-0.563461
-0.258896
-0.095044
-0.204326
-0.463901
0.502591
-0.331435
-0.621498
0.200182
-0.176417
-0.534226
-0.130696
-0.725133
-0.279729
-0.535291
-0.149131
-0.627004
-0.455898
1.364854
-0.680140
-0.620809
0.491221
-0.210958
1.213331
1.751755
0.433818
-0.519679
0.867813
0.618268
0.638061
-0.190317
-0.506879
1.021546
0.553711
0.495072
-0.921408
0.387492
-0.809695
0.676897
-0.537334
1.212350
-0.279888
-0.609022
0.540691
-0.604606
0.756117
-0.490405
0.970009
-0.345460
-0.494189
0.246477
-0.546444
-0.395524
-0.815196
-0.425196
-0.443755
1.669773
0.951110
-0.076270
0.197873
-0.633980
0.261236
-0.737633
-0.657462
0.522368
0.124034
0.348034
0.910048
-0.606614
0.651499
-0.009832
0.277292
-0.266567
0.215507
0.729557
-0.362088
0.073210
1.238917
0.861554
0.905897
0.049908
0.332962
1.217942
-0.595336
0.974527
-0.346295
-0.303690
1.779507
0.618043
0.700274
-0.571864
0.872292
0.455909
-0.857007
-0.445806
0.996200
-0.284693
-0.181938
0.488489
-0.554883
-0.534011
0.531707
-0.348102
-0.234242
0.240627
-0.612038
-0.776160
-0.473028
-0.563855
0.857551
1.196815
-0.899242
-0.081426
0.609826
-0.168379
0.661382
-0.350007
0.106967
-0.356062
-0.732084
-0.208198
-0.433101
-0.663131
-0.534409
-0.636491
-0.601187
-0.716701
-0.477105
-0.068975
-0.514889
-0.256514
-0.713474
-0.817695
0.105600
-0.097956
-0.495177
-0.261231
-0.155130
-0.837555
-0.030802
-0.033966
-0.857511
0.321381
-0.901886
-0.183465
-0.348071
-0.361759
-0.445820
-0.290790
0.732649
0.256813
-0.621996
-0.298932
0.434799
0.595034
1.041645
-0.357564
-0.933678
0.032585
0.914226
-0.735166
-0.065348
-0.582368
0.518699
-0.746010
0.860700
-0.564447
-0.881626
0.513065
0.611407
-0.456955
0.754476
-0.745201
-0.076793
-0.305640
-0.573405
-0.558571
0.503420
-0.431750
0.797029
-0.348614
1.843535
-0.842139
0.342364
1.137872
-0.030414
-0.867748
-0.344043
-0.313590
0.057875
0.158785
-0.004124
-0.684449
0.242137
-0.544636
-0.020291
0.981482
-0.754682
1.531928
0.961888
0.508227
-0.373375
1.381650
-0.263315
0.710444
-0.420990
0.985605
1.264576
-0.151094
-0.611285
-0.633085
0.946030
0.504866
0.708065
1.165941
0.889590
1.027002
0.806312
-0.549825
-0.307518
0.757884
-0.104543
-0.057047
-0.345880
0.295869
0.786682
-0.212070
-0.149932
-0.519231
-0.267069
-0.648488
0.625735
0.267817
-0.554459
1.202585
-0.551611
-0.095985
-0.622324
-0.492639
-0.620240
-0.104710
-0.677871
0.997587
-0.756323
-0.552833
0.104771
1.060480
-0.518189
1.049669
0.719183
-0.267976
0.543193
1.619987
-0.592770
-0.713668
1.273854
-0.693625
-0.094733
1.067103
1.203547
-0.491356
0.362280
0.465141
-0.482428
1.233148
0.249128
1.068448
-0.342884
0.348280
0.689290
0.276552
0.042934
0.179990
-0.177730
-0.011046
-0.871427
-0.654402
-0.052746
-0.918753
0.294511
-0.901156
-0.138890
-0.391714
-0.340283
-0.752564
-0.820325
0.263825
-0.681324
-0.827575
-0.898089
-0.869426
0.345405
0.032828
0.682470
0.072173
-0.446646
-0.176259
0.003089
-0.805681
-0.317082
-0.460044
0.948401
-0.673018
-0.908805
-0.596792
-0.308477
-0.014237
-0.939989
-0.692578
-0.220470
-0.624668
-0.369508
-0.735326
-0.683831
-0.403804
-0.519170
1.039765
-0.770418
0.609896
-0.367463
-0.310699
-0.533902
-0.588008
-0.694893
0.610362
-0.274294
-0.356372
0.196759
-0.775818
0.133886
-0.721808
1.407018
0.604870
0.049471
0.094603
1.451697
-0.390278
-0.589834
0.708685
0.670349
0.257462
0.020785
0.226805
-0.820224
1.693102
-0.086297
1.031039
-0.703581
1.070743
0.120645
1.730752
-0.652258
-0.026615
-0.556854
0.613795
-0.314502
0.355106
1.294881
0.025023
-0.159003
0.415181
-0.713843
-0.836293
-0.774408
0.147238
-0.355793
-0.672342
-0.786138
-0.680000
0.765200
-0.546080
-0.527328
-0.471301
1.012690
0.552916
0.718964
0.037834
-0.514005
-0.126684
-0.343196
0.425897
-0.461942
-0.881327
0.342901
-0.892511
0.351095
0.591712
0.495028
0.775381
-0.377018
-0.446597
0.879408
-0.023654
-0.621479
-0.522384
0.885728
1.229895
0.530672
0.413902
0.685990
-0.223535
0.025979
0.439979
-0.077494
-0.713138
-0.538323
-0.593659
0.093889
-0.374396
0.097643
0.847388
0.132036
-0.261732
0.930390
0.501932
0.000410
1.123194
-0.281414
0.562854
0.443728
-0.267267
-0.199604
-0.498617
-0.499307
-0.260542
0.362326
-0.483772
-0.370220
0.265715
1.607297
-0.446890
0.360049
-0.301462
1.096911
-0.003588
0.961027
1.186045
1.621887
0.112191
1.022212
0.567065
0.473811
1.443499
0.210999
0.404909
0.202444
1.235186
-0.665104
1.697661
2.077821
-0.367378
1.119421
1.324433
-0.856218
0.008420
0.898328
-0.625244
0.369759
-0.284950
-0.683648
-0.112123
-0.787219
-0.215326
-0.619931
-0.576320
-0.389709
-0.025643
-0.027628
-0.508095
-0.730670
-0.026002
-0.377460
-0.580930
-0.796521
-0.254465
-0.384499
-0.697619
0.068441
-0.484941
-0.548186
-0.109144
-0.378684
-0.857977
-0.477419
-0.843931
-0.466956
-0.140589
-0.726380
-0.139507
0.200533
-0.847601
-0.860466
-0.901633
0.934059
0.487246
-0.634835
-0.840330
-0.247763
-0.611945
-0.828266
-0.800656
-0.552449
-0.481718
-0.794071
-0.457694
-0.543993
0.014605
0.677370
-0.291298
0.409104
-0.903540
-0.337264
0.542583
-0.575623
0.178976
0.052632
-0.696183
-0.042795
0.965221
0.087886
0.099017
1.714851
0.199894
-0.676843
0.350863
-0.474082
3.328278
1.513666
1.556430
1.320212
-0.805927
0.256322
-0.410023
0.128106
1.085354
-0.174071
0.609215
-0.542404
2.299797
-0.796641
-0.663324
-0.620458
0.179016
0.470835
-0.495884
-0.683300
0.355926
0.566109
0.223201
-0.022368
-0.204668
-0.474157
-0.765719
-0.446903
0.220189
0.492459
-0.610371
-0.204365
-0.778773
-0.427114
-0.348337
-0.184954
0.628094
-0.256007
-0.152334
-0.938391
2.199657
-0.403405
-0.472779
1.215703
-0.091045
-0.317648
-0.817604
0.923126
1.167889
-0.955526
0.678610
-0.027271
0.271588
-0.345205
2.381972
0.527714
-0.666622
1.546794
0.706694
0.058532
0.041194
-0.140955
-0.066410
-0.380097
-0.529180
-0.464509
-0.668353
-0.370599
1.493991
0.052525
1.334235
1.310461
-0.379002
-0.235170
1.686454
0.353587
-0.591852
-0.477555
0.155339
-0.112008
0.054602
0.343826
-0.493599
0.194423
0.574860
-0.773734
0.749238
0.550067
-0.735539
0.193189
0.707444
0.050704
0.833296
-0.917138
2.298836
-0.110614
-0.223682
0.061628
1.318168
0.372860
0.175919
1.279885
0.011903
-0.200257
0.642651
0.606170
0.354611
-0.331663
0.981982
1.100872
0.280335
-0.198823
0.871120
-0.156610
-0.703418
-0.000782
-0.471247
-0.076424
-0.206898
0.140097
-0.162468
-0.487629
-0.534085
-0.397578
-0.954928
-0.684974
0.113535
-0.300806
-0.676962
-0.893756
-0.837258
-0.816138
-0.367406
-0.820146
-0.272518
-0.084277
-0.172309
-0.646066
-0.264420
0.611839
-0.836640
-0.879957
-0.486308
-0.254945
-0.739873
-0.816839
-0.294658
-0.684240
-0.520389
-0.190676
-0.126496
-0.609469
-0.457930
-0.810508
0.470443
-0.845752
-0.627991
-0.182166
-0.743212
0.168438
-0.882881
0.351213
-0.569955
0.153291
-0.607633
-0.484465
-0.881886
-0.786020
-0.209615
0.375772
-0.729557
-0.148830
-0.149861
2.079048
-0.471829
0.381142
-0.707308
-0.950567
-0.323238
-0.800303
-0.382423
2.442769
0.271945
-0.349340
1.533399
1.335061
-0.022151
0.948044
1.352733
-0.926241
1.324017
1.553155
-0.259253
-0.612898
0.261077
-0.414581
-0.518388
-0.525296
0.843487
-0.055268
-0.430591
-0.186892
0.940325
0.274718
-0.908769
0.249915
-0.163351
-0.145619
0.022048
0.085690
0.021920
-0.780022
0.287982
-0.862589
-0.482441
0.031622
0.718424
1.192417
-0.155245
-0.636910
-0.558498
-0.874332
0.863998
0.403153
0.172788
0.491582
-0.235310
-0.481555
0.541853
1.081814
0.886491
0.736972
0.447388
-0.758843
0.204739
0.542449
0.548837
1.713709
0.530852
-0.063807
0.458933
-0.042329
-0.267561
0.981908
-0.936964
0.601902
0.240469
-0.315020
-0.348979
-0.165658
-0.535162
0.140574
-0.849019
-0.367783
-0.462117
1.873448
1.349807
-0.697903
-0.411176
1.265835
1.276382
0.558527
-0.758301
-0.252949
-0.398132
0.059547
1.646155
-0.516885
0.708171
-0.222146
-0.713810
-0.915999
-0.049737
-0.660240
0.001473
0.855519
0.811065
-0.346466
-0.857796
-0.207134
0.923831
0.470479
1.780349
0.398897
0.237229
1.035159
0.221503
0.730119
0.340784
1.809925
-0.638670
-0.185244
1.704327
-0.185270
0.293627
-0.445055
0.893876
0.905339
0.616662
0.534084
-0.538308
0.224512
-0.491483
0.357269
-0.457928
0.315371
-0.230442
-0.809123
-0.164223
-0.897515
-0.504193
0.084567
-0.379923
-0.540873
-0.472949
-0.853488
0.485431
-0.664173
-0.825222
-0.027989
-0.795339
0.141374
-0.671622
-0.794015
-0.875822
0.012906
-0.214496
-0.140119
0.416529
-0.520678
-0.795545
-0.709956
-0.469228
-0.509785
-0.948404
-0.522727
-0.070755
-0.610938
0.059630
-0.765200
-0.475911
0.207439
0.604869
-0.703978
0.434714
-0.288993
-0.310453
-0.146121
-0.780360
-0.875467
-0.148327
-0.626059
-0.098631
-0.037304
-0.126180
-0.795073
-0.671055
0.948591
-0.577817
0.626585
-0.119685
-0.735615
1.209253
0.259573
1.694479
-0.498401
-0.670395
0.706383
0.993107
0.368686
-0.922112
0.375635
-0.172828
0.456069
0.190181
-0.323836
0.924870
-0.519492
-0.579959
0.194549
1.002298
0.950673
-0.646168
-0.379302
-0.473038
-0.704500
-0.549366
-0.177910
-0.406679
-0.678414
0.259683
-0.448192
0.242158
1.840793
-0.797913
-0.904844
-0.717850
0.014275
-0.456415
0.256641
0.454032
-0.794014
0.275499
0.485327
1.731331
0.099098
-0.188935
-0.776682
-0.232598
0.064687
-0.821066
-0.842638
-0.554577
-0.341549
-0.121723
0.485919
-0.646313
0.451852
-0.650259
-0.327546
-0.978603
0.005915
0.236506
-0.675031
0.289011
1.425712
1.584506
0.424107
1.561788
1.673722
1.134779
-0.821391
0.186919
0.638810
1.222651
1.339681
0.414603
-0.122235
-0.300704
-0.366858
0.401875
0.129258
0.725827
-0.959995
0.098090
0.830611
-0.250238
-0.913267
-0.148018
0.069310
0.155112
0.473623
-0.833853
-0.099948
-0.101869
-0.008006
-0.699228
0.786154
0.538473
-0.308403
-0.509293
-0.595772
0.812490
-0.157440
1.196772
1.839720
1.380188
-0.925413
0.941149
2.176812
1.893636
-0.559701
0.723585
-0.909812
-0.467321
1.396445
0.436771
0.396722
1.327138
-0.509846
0.064421
-0.540957
-0.057483
0.046225
-0.742135
-0.681818
-0.964325
-0.587019
-0.566120
0.209429
0.019183
0.076222
-0.877387
-0.907363
0.401653
-0.377229
0.725651
-0.365645
0.379071
-0.225386
-0.230130
-0.605145
0.036383
-0.436458
0.721074
-0.205798
-0.591404
-0.841330
-0.394780
-0.844026
-0.627102
-0.316381
-0.340059
-0.632810
-0.671530
-0.740479
-0.286432
-0.731510
-0.861508
0.100846
-0.800300
-0.983107
-0.600936
-0.180403
1.460086
-0.199769
-0.834145
-0.303757
-0.631820
-0.357425
-0.170591
0.511272
0.099864
-0.123151
-0.303138
0.232719
0.683535
0.097851
0.235549
0.088137
1.827897
1.748279
-0.742310
0.756021
-0.171061
-0.613809
2.309385
-0.621420
-0.218611
0.122689
0.613509
0.250816
1.613388
-0.203702
-0.533778
0.149703
-0.728856
1.177269
-0.598176
1.652901
-0.559377
-0.337344
-0.429233
-0.382330
0.464292
-0.111134
-0.180924
2.438076
-0.291988
-0.828038
0.429400
-0.328162
0.832066
-0.117028
-0.332722
0.067765
0.548602
-0.147868
1.095704
0.587329
-0.403576
-0.809470
-0.793834
-0.784776
-0.677344
-0.700094
-0.770518
-0.409506
0.201429
-0.635750
0.496897
-0.512897
-0.426013
-0.029127
-0.737596
0.862019
0.539097
-0.223778
-0.711246
-0.752361
0.576055
0.932689
-0.588977
0.336013
0.037717
1.086411
0.563735
1.883463
-0.648177
0.104139
0.150950
0.516661
1.383653
-0.394419
1.144115
0.253625
1.299251
-0.017430
-0.398789
-0.530576
0.133890
0.191081
-0.648678
0.672893
1.290598
0.123469
-0.154391
0.786874
-0.626345
-0.020730
-0.020411
-0.576995
-0.415480
-0.501867
-0.693350
0.521733
-0.761271
-0.644127
0.307102
2.017773
-0.204106
0.685609
-0.882297
0.509249
-0.479803
-0.116318
1.107316
-0.774912
1.030171
-0.526701
0.600987
0.014731
1.716123
-0.775687
-0.566086
1.418794
0.044335
0.185798
1.033131
0.660199
-0.905968
1.624985
0.274556
0.342256
0.032345
0.360116
-0.557983
-0.362069
-0.249941
-0.096786
-0.400954
-0.476965
-0.406148
-0.382500
-0.258690
-0.703770
0.071651
-0.449516
-0.680016
-0.288246
-0.768582
-0.809617
-0.029060
-0.618464
-0.440766
-0.658058
0.895113
-0.419481
1.124176
-0.365372
-0.320062
-0.025676
-0.510605
-0.126224
-0.142028
-0.690133
-0.327180
-0.098054
-0.127696
-0.273142
-0.574715
-0.622751
-0.824521
-0.508259
-0.704848
-0.469831
-0.614007
0.161180
-0.190912
-0.901159
-0.790163
-0.131457
0.208330
-0.253764
0.011568
-0.409129
-0.535520
-0.108240
0.753059
0.216696
0.391583
-0.256370
0.852840
-0.862281
-0.481712
-0.748400
-0.380470
-0.442696
0.536799
-0.248873
-0.427688
0.198681
-0.466412
0.035043
0.276210
0.800955
-0.403148
0.348938
-0.664000
0.532458
0.621946
1.701271
-0.230159
-0.691291
-0.586326
0.332922
1.447395
0.400101
-0.486434
-0.661576
0.016424
0.664811
-0.046734
-0.106181
-0.498782
1.909378
-0.220023
-0.099962
1.463718
0.091559
-0.701679
1.462125
-0.006840
-0.120383
1.535120
0.150202
0.192176
-0.529652
-0.268935
0.918966
-0.035536
-0.659382
0.052282
-0.628426
0.487521
-0.504426
-0.505249
-0.302594
-0.239250
2.303381
2.084311
0.278813
-0.554432
0.716962
0.615105
-0.845882
-0.361553
0.814588
0.317272
0.849038
-0.594063
0.223611
-0.796416
-0.269787
1.078303
0.364975
0.539027
-0.247459
0.035542
0.080056
-0.522370
-0.443233
-0.723424
-0.662487
0.767652
0.102763
-0.297869
-0.193301
-0.603970
0.519442
1.380002
0.123767
-0.565656
-0.382675
0.327421
-0.617210
-0.354939
0.682764
0.404990
-0.401604
0.404078
-0.259253
-0.222969
0.644516
1.557231
-0.778350
0.575249
-0.908906
0.002808
-0.951199
1.517612
2.277333
0.380865
0.958578
1.515293
0.678747
-0.220619
0.118672
1.039641
0.674743
0.527894
0.275139
1.211644
-0.262350
0.557494
-0.444616
-0.070046
0.974289
1.255425
-0.434813
-0.869300
-0.664753
-0.392247
-0.604148
-0.567483
-0.819522
0.210476
-0.968088
0.300786
-0.801526
-0.882715
0.523512
-0.672476
-0.560876
-0.357644
0.886519
-0.747244
0.224353
-0.230245
0.735714
-0.778535
-0.449541
-0.881608
-0.582789
-0.561021
-0.674460
0.188134
-0.456059
-0.960388
-0.407116
-0.350047
0.498487
-0.822708
-0.762133
-0.873068
-0.645996
-0.983496
-0.627722
-0.015909
-0.791228
0.158118
-0.781224
0.303276
0.860472
0.034055
-0.809513
-0.024041
0.122902
-0.627741
-0.374848
0.853932
0.199019
-0.588117
-0.590646
-0.297684
-0.672344
-0.157336
0.235989
1.359671
1.029786
0.112681
-0.110880
1.992537
0.296823
-0.515884
-0.808576
-0.206533
-0.495453
1.021629
0.050666
-0.800298
0.575065
-0.466778
0.756656
-0.098919
1.065662
-0.748177
-0.830785
0.740926
0.328707
-0.722913
1.302325
-0.415575
0.828038
-0.614945
0.039414
0.869051
-0.242985
-0.187214
0.932475
-0.180131
1.738379
-0.627059
-0.516594
-0.068985
-0.566032
0.591927
-0.362157
1.329320
-0.381523
0.153433
-0.764166
-0.542865
-0.401323
0.658874
0.102402
0.710998
0.225576
-0.279501
-0.461460
-0.615782
0.111461
0.321733
0.797931
-0.223365
0.008325
1.507140
0.078138
1.448478
0.224882
0.232192
1.777149
-0.231305
2.039319
-0.321249
0.255919
-0.881317
-0.569956
-0.941863
1.625843
-0.485530
-0.250253
-0.674734
0.028496
-0.423879
-0.410512
-0.587766
0.424720
0.246396
0.225194
1.457168
-0.431109
0.247125
0.289682
0.093980
-0.154894
-0.679035
0.326365
-0.589248
0.146059
0.850765
0.233359
-0.505273
-0.615528
-0.481888
-0.339591
1.253204
0.863266
1.018217
1.482562
-0.252803
1.662344
0.461535
-0.091050
0.344823
-0.291227
0.728042
1.512519
0.872248
1.646623
0.243697
-0.686984
0.915800
1.125898
0.501731
-0.103000
1.199158
0.183297
-0.847478
-0.388919
-0.326087
0.309327
-0.867788
-0.789264
-0.426985
-0.946802
-0.750914
-0.786475
0.088640
-0.789659
0.607829
-0.578924
-0.589185
-0.544413
-0.493207
-0.253335
-0.215953
-0.000518
-0.483132
0.340694
-0.815417
-0.438285
-0.516986
-0.468017
-0.378597
-0.087786
0.037187
-0.770717
-0.840362
-0.074924
-0.694608
0.142292
0.193996
-0.619770
-0.562222
-0.738514
-0.909761
-0.844193
-0.639641
-0.630683
0.107388
0.169567
-0.653432
-0.371107
-0.048368
-0.340558
-0.744213
-0.858800
-0.815836
-0.796712
-0.702028
-0.077868
-0.146598
1.482941
-0.147160
-0.809176
-0.641935
0.448081
1.335015
-0.565482
0.904790
1.987605
0.095428
1.550830
0.500484
-0.766555
-0.694804
1.085298
-0.495062
0.681084
0.245544
0.282960
2.563225
1.354281
-0.604693
-0.906754
-0.121385
1.003419
0.297792
1.511771
-0.722610
0.281326
-0.661557
-0.831344
0.234922
-0.927060
1.234660
0.166938
-0.004483
-0.356772
1.124599
-0.132894
-0.728888
0.811961
-0.397011
0.781495
-0.613332
0.216827
-0.366513
-0.603944
0.301942
-0.309010
0.022518
-0.376242
-0.591595
-0.121156
0.941715
-0.606649
-0.023679
-0.404804
0.280441
-0.740548
0.424367
-0.819989
-0.116887
0.161715
-0.794627
-0.545843
1.537779
-0.334500
0.360192
1.016836
1.516968
2.178508
-0.772161
1.584310
-0.081249
-0.147880
-0.787620
0.485198
-0.687631
-0.679985
1.373026
-0.596963
0.003416
-0.744920
-0.201563
-0.403724
-0.690407
0.822991
0.162735
-0.931270
-0.417685
0.735508
-0.147984
0.016070
1.647295
-0.409171
-0.102236
0.117473
-0.522515
-0.275742
-0.651146
0.180040
-0.311995
1.968271
-0.102829
-0.138274
-0.762110
0.781355
0.786615
0.915747
-0.289562
0.930083
0.392161
0.475108
0.556199
-0.793702
0.684893
2.294526
-0.551633
0.265071
0.705290
1.383963
0.981604
0.222098
-0.115781
-0.736282
1.544800
0.933375
-0.507942
1.246313
-0.743021
0.074553
0.050414
0.396769
-0.722980
0.438470
-0.694451
-0.729273
0.160454
-0.869537
0.316209
-0.242054
0.455478
-0.240691
-0.708237
-0.915776
-0.123888
-0.677191
-0.580960
-0.715641
0.268771
-0.647820
-0.792337
0.337476
-0.693854
-0.620413
-0.846999
-0.933217
0.876584
0.627376
-0.582430
-0.238979
-0.146637
-0.577148
-0.148081
0.529803
-0.623452
0.035417
-0.700429
-0.796283
-0.049980
-0.590943
-0.654209
-0.270709
-0.904491
-0.901787
-0.304243
0.344030
0.092708
0.565317
0.482878
-0.753465
-0.337869
-0.777646
-0.802572
-0.652281
-0.255734
0.753943
-0.600045
0.102722
-0.678171
-0.474701
1.308390
1.194343
1.150059
-0.342523
1.017877
-0.881359
-0.157298
-0.418974
-0.493574
1.676051
-0.564949
1.131201
-0.427890
-0.257144
-0.162742
0.559668
-0.913687
-0.538554
1.343516
-0.888789
-0.564743
-0.726613
-0.367316
1.251313
-0.626427
1.163514
-0.069953
-0.518775
-0.398079
-0.712911
-0.785729
-0.862364
0.803305
-0.269661
-0.003356
-0.487481
0.531288
0.471262
-0.007118
-0.465536
-0.370371
1.186967
-0.067769
0.771409
1.009811
-0.000269
-0.855719
0.221569
0.173416
-0.695273
0.408880
-0.618234
-0.874442
-0.645794
0.953837
-0.391373
0.156239
0.093720
-0.749917
0.526648
0.999063
1.165044
0.763966
0.212218
-0.285606
1.569202
1.119398
0.583711
-0.718728
0.540505
0.153887
-0.550912
-0.805305
-0.028220
-0.680829
0.570914
-0.524809
0.003186
1.421087
-0.724106
-0.255030
1.680845
0.532847
-0.447099
0.118976
-0.089218
0.196881
-0.273026
1.476981
-0.672219
-0.062451
-0.588167
1.211137
-0.703242
-0.009063
0.468237
-0.377605
-0.351514
0.679132
-0.174746
-0.630997
3.495776
-0.187933
-0.457421
1.217606
0.787464
1.401194
0.822235
1.056260
1.364153
-0.486919
0.508412
0.921866
1.276569
-0.166202
0.013438
1.033508
1.252684
-0.006121
0.630888
0.247589
0.898426
0.109546
-0.588145
0.429598
0.495876
-0.427644
-0.308489
-0.506510
-0.790850
-0.532002
-0.526735
-0.164664
-0.564007
-0.671902
-0.964573
-0.571115
0.822417
-0.810331
-0.905907
-0.848625
-0.247802
-0.873583
-0.861757
-0.398492
-0.683782
-0.533873
-0.402066
0.385201
-0.251502
-0.844186
-0.752413
-0.668619
-0.447297
-0.635864
-0.151760
-0.430133
-0.649761
-0.100630
-0.227198
-0.806509
-0.293907
-0.781428
-0.729187
-0.788212
-0.568948
1.290591
-0.703080
0.289320
-0.153660
0.936845
-0.839521
-0.519573
-0.437783
-0.579004
-0.183690
-0.374645
1.116965
0.975731
0.044710
-0.112017
-0.017985
-0.893594
-0.630793
-0.191799
-0.116878
-0.092599
-0.270867
0.784026
1.281418
-0.541462
0.473958
0.615529
0.165649
0.651208
3.176175
-0.095117
0.492658
0.576990
-0.009721
-0.708385
2.283798
-0.483533
-0.722284
0.636719
-0.190719
-0.112352
-0.037678
-0.765590
0.686111
0.664971
-0.580706
0.559267
0.238392
-0.222973
-0.595878
-0.797648
2.520065
0.035491
-0.571860
0.678096
-0.778331
-0.739035
-0.309708
-0.695172
-0.236712
-0.881773
-0.676902
-0.570800
0.286164
-0.926026
0.679485
0.186911
0.621862
0.818479
1.105107
0.258370
-0.313218
-0.628101
-0.479832
-0.417272
0.413502
-0.645935
0.098568
-0.395327
-0.444487
1.172088
-0.688617
0.199009
2.535605
0.852280
0.373525
-0.322242
0.497752
-0.667849
0.977659
1.187219
0.507958
-0.209397
-0.870377
-0.645693
0.091819
1.003052
1.323525
-0.674474
0.006187
-0.507308
-0.476688
-0.033034
-0.297473
0.304359
-0.310548
-0.506435
0.119257
0.879702
-0.042950
0.566512
-0.205380
-0.853554
0.199633
-0.909025
-0.412038
-0.667331
-0.541280
-0.623389
1.257053
0.482348
-0.465083
-0.225185
-0.628513
1.188721
0.104511
-0.037718
1.329603
-0.349313
-0.568139
0.992043
-0.009361
2.436896
0.040186
0.356778
0.997714
0.938307
-0.271677
-0.332328
-0.179195
0.855498
-0.612227
0.274661
0.446409
-0.744475
0.022665
-0.261053
-0.354733
-0.077130
0.257576
0.641446
-0.662588
-0.353073
-0.538333
-0.630203
0.051133
0.057047
0.002714
-0.755859
-0.404340
0.497786
-0.731593
-0.408556
0.105942
-0.564500
-0.621981
-0.219892
-0.528397
-0.768707
-0.552877
-0.609034
-0.212351
0.034650
0.894750
-0.896984
0.025332
-0.929271
-0.754208
-0.763500
0.155114
-0.517967
-0.727390
-0.866654
0.166674
-0.533828
-0.028951
-0.566429
-0.240298
-0.002626
-0.802911
0.208218
-0.907131
-0.222315
-0.113572
0.439439
0.230138
0.640778
-0.716860
-0.396258
0.255771
0.200468
-0.497484
0.014723
-0.694368
1.943949
1.635186
0.059789
-0.758530
0.360624
0.720643
0.483592
-0.576728
-0.428698
1.653112
-0.301338
1.687856
0.387739
-0.451265
0.827677
-0.843297
0.693550
-0.040663
0.500250
0.388309
-0.354532
-0.697121
-0.668466
-0.570946
2.812177
-0.016887
0.447395
0.513031
0.088175
-0.724929
-0.632271
0.611080
1.541459
-0.139160
-0.002200
1.140427
0.559162
0.069370
-0.553503
-0.698641
-0.002448
-0.619127
0.017728
1.295871
0.088621
-0.231585
-0.482490
0.194314
-0.000934
-0.692505
-0.268803
1.136652
-0.112489
0.821915
0.786897
0.642484
0.110170
-0.591197
-0.257431
0.170751
1.419219
1.112096
1.157028
0.558342
-0.810681
0.162650
0.625668
-0.777904
1.239572
-0.336369
-0.005166
0.021540
-0.102359
-0.106927
-0.640658
-0.809983
0.915140
-0.096511
-0.241074
-0.300133
-0.407760
-0.296785
-0.495999
1.007977
0.739159
-0.271696
-0.508635
-0.416522
-0.334646
0.264161
-0.143564
-0.582927
-0.103854
-0.478633
0.230194
-0.319007
0.159204
0.975638
-0.496556
-0.443667
-0.452881
-0.601769
1.531378
-0.479634
0.126107
0.945738
0.109608
-0.890754
1.441804
-0.268855
0.912207
-0.132237
1.559227
-0.464845
1.087812
0.169655
0.236590
0.316426
-0.631358
-0.136676
0.149827
-0.424444
-0.021675
-0.492861
-0.528928
-0.106609
-0.412732
0.829466
-0.854110
0.142452
-0.677609
0.829229
0.062141
-0.365231
-0.361586
-0.298456
0.552407
-0.122781
-0.550379
-0.914274
-0.795812
-0.499713
0.490601
0.384576
-0.824938
-0.929426
-0.571772
0.098932
0.676018
0.125088
0.317628
0.324689
-0.787358
1.441147
0.029590
-0.605180
0.234256
-0.393332
-0.577889
-0.351407
-0.208854
0.135188
-0.709214
-0.802391
-0.029488
-0.584736
-0.778385
-0.030964
-0.250292
-0.758060
-0.663377
-0.092142
-0.632956
-0.069079
-0.480236
-0.651603
0.029549
0.137415
-0.462609
-0.874510
-0.019395
-0.308304
0.983922
0.267045
0.489027
0.085088
-0.032195
-0.508269
-0.757428
1.034121
-0.421333
0.968165
0.483703
-0.462914
0.509428
-0.246619
-0.042797
-0.880870
-0.388032
0.171592
1.176017
0.554856
-0.336222
-0.663312
-0.430974
0.300490
1.223012
0.302209
-0.519241
-0.497471
0.358014
-0.669607
-0.239641
-0.680109
0.016059
1.948613
0.048164
0.698020
0.189923
-0.393129
-0.363484
-0.074189
0.135600
-0.466285
-0.490910
0.106634
-0.200781
-0.401664
0.263706
0.201536
-0.027607
0.412889
0.380057
-0.361803
-0.756952
1.458291
1.995374
-0.722270
0.445217
0.181533
1.001614
0.951352
-0.546469
0.422301
0.102070
-0.745178
-0.467910
-0.085236
1.380181
-0.615876
0.454717
0.724082
-0.277817
-0.557437
2.754616
0.208066
0.159024
-0.164282
-0.027226
-0.605895
0.295549
0.516152
0.508151
-0.411396
-0.564974
-0.803370
0.432325
-0.509364
1.409414
0.089594
-0.510353
-0.555000
-0.435140
-0.697898
0.689396
-0.310500
-0.639674
1.097626
-0.162197
-0.672389
0.095519
-0.450285
1.427737
0.320421
1.577187
-0.378509
1.806933
1.270335
0.407969
-0.140211
1.187373
0.077786
0.378293
-0.957493
0.877720
-0.800062
-0.647289
0.614663
0.991763
-0.041270
0.682366
-0.381011
0.123335
0.196646
-0.461618
-0.208449
-0.381765
-0.205669
0.108766
0.724336
-0.684559
-0.331995
-0.464715
-0.941633
0.161315
-0.516400
-0.904816
-0.391291
-0.977363
-0.741227
-0.791167
-0.497248
-0.705378
0.716147
-0.458610
-0.481187
0.646454
-0.486694
0.433621
0.807116
-0.788268
-0.330889
-0.784182
-0.204197
-0.567402
-0.244981
-0.540738
-0.670614
-0.794153
0.086052
-0.583961
-0.531849
-0.879164
0.804159
-0.705404
-0.299900
-0.310501
-0.354786
-0.410090
-0.705501
1.254931
-0.184930
0.967842
-0.776344
0.793797
0.150192
-0.015849
-0.481581
0.537698
-0.494731
0.766169
0.114104
-0.694050
0.309985
-0.332831
0.750409
1.206886
-0.353726
0.487052
0.279465
0.804097
-0.393902
-0.880612
-0.114034
0.074761
0.755687
0.186782
0.295921
1.651998
0.547749
0.390259
0.564972
0.177760
0.115776
-0.073523
-0.488000
0.357443
-0.885011
-0.559894
0.698276
-0.292965
0.031573
-0.208596
-0.724821
-0.398642
0.653598
1.213551
-0.653786
-0.324657
0.470641
0.987887
-0.183403
0.093983
0.314036
-0.061724
-0.397490
-0.466999
-0.615882
-0.092564
1.007782
-0.807391
-0.217329
0.951507
-0.100724
-0.541323
-0.630388
1.299367
-0.466396
0.494970
-0.627804
0.707088
0.554294
0.098459
-0.215950
0.892511
-0.624684
1.744508
0.361417
-0.437837
-0.614010
0.689155
-0.723894
0.139485
0.133574
0.361455
-0.480611
0.164257
0.013487
-0.713975
-0.236875
-0.633918
-0.026370
0.292269
-0.351285
-0.184453
-0.073272
-0.389278
1.047906
0.837489
-0.476634
0.453867
0.314645
-0.277514
-0.470722
-0.470385
-0.419073
0.486998
0.706844
0.430249
-0.374333
0.707220
0.026491
0.358267
0.464924
0.541326
0.636349
1.341155
1.926458
-0.090813
0.814842
0.461078
0.581631
-0.467060
0.204484
1.123858
-0.365881
0.979010
1.152184
1.089743
-0.855988
1.128443
0.307196
-0.008148
0.423108
0.046282
-0.424888
0.425975
-0.458010
-0.769003
-0.500788
-0.250295
-0.881799
-0.613674
-0.796398
0.030883
-0.522988
-0.060089
-0.250385
-0.163610
-0.918239
-0.678949
-0.916393
-0.103023
-0.756245
-0.394404
-0.545216
-0.321999
-0.349219
0.474156
-0.066881
0.138402
0.550453
-0.298662
0.182657
-0.474678
-0.282328
-0.539716
0.361182
0.350669
0.635776
-0.522456
-0.211212
0.370547
-0.562394
0.296410
-0.492876
0.159601
-0.408486
-0.902449
-0.862877
-0.533059
-0.505562
0.117551
0.112758
-0.627597
-0.421869
-0.506487
0.112882
0.671392
-0.866771
-0.640283
0.196494
0.852678
-0.758592
-0.631548
-0.655934
0.070800
0.453246
2.703240
0.010584
-0.736476
0.721917
1.028470
-0.882151
0.901656
0.241796
0.323262
-0.656346
1.505586
0.752552
0.057669
0.244559
0.492671
-0.498577
0.760769
-0.718226
0.107197
-0.819334
-0.569956
-0.299538
-0.391220
-0.689775
-0.362079
0.078970
0.618517
0.117370
0.222270
-0.330754
-0.731580
-0.541385
-0.405748
-0.610366
-0.394473
-0.168327
1.629716
-0.406478
-0.440802
-0.333756
-0.432833
-0.563851
-0.846218
0.894451
-0.308215
0.151658
0.717059
0.002874
-0.289861
-0.575393
-0.493647
-0.603460
-0.154811
-0.710419
0.659459
-0.373057
1.778439
1.616228
1.081143
-0.727348
1.876212
0.518180
-0.122910
0.654826
-0.853757
1.639223
-0.189912
-0.343767
0.334552
-0.602191
-0.789188
-0.635125
-0.090999
0.303988
-0.356301
-0.563253
-0.570388
0.575947
-0.155315
0.217305
0.395298
-0.338135
-0.522098
-0.178678
-0.144825
-0.400512
0.267915
-0.788941
0.148437
-0.346778
0.043337
-0.152736
0.628504
-0.318551
1.384085
-0.624599
1.438508
-0.388479
1.878666
1.377855
0.771379
0.603876
0.260635
-0.277916
0.285823
2.059013
1.519257
1.088632
1.473092
0.952221
-0.832612
0.054888
0.522170
-0.087294
2.077440
0.460304
0.476698
0.459258
0.136154
0.131496
-0.113766
0.402542
-0.778796
-0.244222
-0.698185
-0.642841
1.094162
-0.385505
-0.984194
-0.195677
-0.444093
-0.379677
-0.068542
-0.861098
-0.856502
-0.523449
-0.371743
0.301256
-0.571455
-0.581234
0.240421
-0.553936
-0.864464
0.349548
0.220956
-0.826864
-0.979371
-0.865167
-0.780392
-0.593877
-0.810280
-0.606417
-0.287777
-0.705043
-0.315388
-0.835970
-0.084842
-0.789671
-0.693270
-0.621094
-0.644433
-0.438235
0.234311
-0.895908
-0.093916
-0.213555
-0.140869
-0.603540
0.782623
-0.166940
0.244542
1.052372
-0.019111
-0.356214
0.681980
-0.172741
-0.155629
1.915760
-0.235283
1.184801
-0.661491
-0.311206
0.578954
0.469262
-0.757864
-0.375751
1.723312
0.801511
-0.132257
0.678557
1.495997
-0.390293
0.129790
-0.708202
-0.317029
1.096219
0.800631
-0.431451
-0.633570
0.385699
0.778157
-0.005935
-0.493832
0.808070
-0.136100
-0.285640
-0.647357
-0.067621
-0.860113
-0.679783
-0.109352
-0.969363
0.067660
-0.857798
-0.070659
0.390960
0.168253
-0.171330
-0.267594
0.133346
-0.200585
1.306994
0.565073
-0.506072
-0.009685
-0.822432
-0.886746
-0.065769
-0.213381
-0.903474
-0.769104
0.487945
0.998183
-0.352248
0.385739
-0.382966
-0.414783
0.271936
-0.953582
0.293639
-0.292490
-0.484016
0.804059
1.370928
-0.129211
2.353892
-0.696219
2.437794
0.946091
-0.337012
1.187927
-0.445441
-0.666662
1.052297
-0.174797
-0.059072
0.336309
0.071804
-0.074524
-0.612980
0.752752
-0.197365
0.379443
1.464203
0.258373
-0.361877
2.206098
1.196262
1.938313
0.906095
1.932750
0.795894
-0.430519
-0.676021
0.351112
-0.100055
0.195245
-0.648662
0.077273
-0.387104
1.308660
1.185980
0.200560
-0.460017
-0.326406
1.193978
-0.170055
-0.322858
0.887032
1.568831
-0.731414
0.042579
0.440178
-0.420719
0.557094
0.247472
0.539655
-0.250091
1.215152
0.670093
-0.202585
-0.756395
0.117674
0.471680
0.369281
-0.235437
-0.033470
-0.817895
-0.784835
-0.685966
-0.196922
-0.190668
-0.712603
-0.445196
-0.154377
-0.879819
1.976772
6.799413
0.073251
3.532089
2.548435
3.631488
2.204614
1.679125
0.580020
-0.394074
-0.058665
-0.273025
0.444237
0.461373
-0.575850
-0.082249
-0.827047
-0.934295
-0.778031
-0.608735
-0.795233
-0.387929
-0.894458
-0.971077
-0.891509
-0.934902
-0.858875
-0.925511
-0.638130
-0.879656
-0.793773
-0.472083
-0.701272
-0.799917
-0.840800
-0.846939
-0.739545
-0.899330
-0.572783
-0.539525
-0.164085
-0.658404
-0.645521
-0.275151
-0.247263
-0.353324
-0.835004
-0.641144
-0.508690
-0.158854
-0.448848
-0.135694
1.212830
-0.809006
-0.158787
-0.257840
-0.591087
-0.861825
-0.508761
-0.037038
-0.871909
-0.184278
0.509636
-0.383325
-0.364287
0.766175
-0.773768
0.654942
0.577540
-0.709207
-0.140874
1.218885
0.039831
-0.443907
-0.818209
-0.738439
0.409274
-0.889883
-0.516981
-0.667014
0.410921
-0.526245
1.264916
0.216430
0.014535
-0.496469
0.455261
-0.559512
1.335096
1.011753
-0.558162
-0.660955
-0.513114
0.361007
-0.933676
0.354827
-0.697544
-0.644130
-0.132545
-0.655462
-0.852980
0.373625
-0.541271
0.288902
0.258362
0.187508
-0.065452
-0.050142
0.300522
-0.000089
-0.842562
1.200995
0.257762
-0.526224
2.450023
-0.221245
0.054704
-0.330349
-0.313900
1.298286
0.037059
0.596364
0.036425
0.043685
-0.388375
1.373240
-0.061767
0.159542
-0.458091
-0.898218
0.081054
0.061320
-0.534070
-0.722594
1.294955
-0.087586
-0.723209
-0.486603
0.638887
0.836558
0.468145
-0.687034
-0.650397
0.176545
0.978240
-0.565599
-0.668906
-0.875718
0.319696
-0.255380
-0.576081
-0.512275
-0.139015
-0.630941
-0.658987
0.668641
0.607676
0.769674
-0.064070
-0.822677
2.027063
0.084742
-0.458236
0.876819
1.393082
1.693157
1.036606
-0.531154
0.632064
0.348614
0.762153
-0.466948
-0.610496
0.443073
0.693387
-0.684425
-0.733397
-0.222170
-0.714110
-0.325115
-0.739288
0.443181
-0.298477
0.328087
-0.453050
-0.353492
-0.149911
-0.797134
0.051397
0.246395
-0.733459
-0.021139
0.918189
-0.934938
0.362454
0.037649
0.002892
-0.822946
-0.735084
-0.745069
-0.573599
-0.435673
-0.886513
0.301765
0.041454
-0.000188
0.408779
-0.667119
-0.553337
-0.675266
-0.083347
-0.841635
-0.450081
0.410535
-0.677997
-0.405372
-0.604016
-0.769434
-0.137761
0.318744
-0.293949
-0.674880
-0.234383
0.053186
-0.547165
-0.899227
0.329174
-0.401827
0.095011
0.222775
-0.391764
0.112520
0.551262
0.333595
0.532831
-0.459418
1.758421
0.040971
-0.871035
0.316490
0.096478
1.425768
-0.244792
-0.866247
0.095056
0.794565
0.290721
0.651875
-0.703791
0.057734
0.664755
0.584092
1.017020
0.467064
-0.534563
-0.003693
1.327404
0.820400
0.211723
-0.518968
-0.646535
1.097940
-0.622973
1.218392
-0.336285
-0.448305
0.505238
0.204578
-0.954991
-0.828524
-0.735318
0.662634
-0.790496
0.127895
-0.497456
-0.038789
-0.457499
0.426610
0.392010
0.123706
1.368248
-0.564604
0.400065
1.402401
-0.529995
0.098615
0.935437
-0.055603
-0.519230
-0.742269
2.170892
0.215744
-0.064730
0.617663
-0.382226
1.077656
0.580262
0.212162
0.583207
0.628492
1.433512
-0.622119
0.828574
-0.099855
-0.513279
0.207864
-0.652582
0.297271
-0.319239
-0.351595
-0.150212
-0.502928
-0.983387
0.375021
0.508428
-0.129902
-0.240804
-0.268517
-0.582857
0.738864
-0.381198
-0.244113
-0.516341
0.981426
-0.748706
-0.840363
-0.638327
-0.609866
0.298380
-0.774210
-0.075424
-0.460732
-0.621913
1.204128
-0.475272
0.474126
-0.821553
0.981169
-0.171765
-0.681939
-0.119315
0.763035
2.098312
1.131638
-0.092013
-0.607150
0.248480
-0.061822
0.638264
0.093201
1.145729
0.423668
1.057546
-0.262899
-0.555612
-0.525337
-0.625860
-0.059830
-0.360106
-0.578098
-0.771279
-0.759555
0.074332
-0.582933
-0.570801
-0.590378
-0.041347
-0.353072
0.176825
-0.871011
-0.908394
0.588570
0.198961
-0.130415
-0.774079
-0.200545
-0.424069
0.156848
-0.874035
-0.671242
-0.186641
0.432110
-0.046993
-0.508369
0.133046
-0.378219
-0.707986
-0.535226
-0.098470
-0.559169
1.408399
-0.149635
-0.326252
-0.754281
0.330202
0.601420
-0.246998
-0.542156
-0.234547
-0.304030
-0.650965
0.014755
-0.081216
-0.345106
1.281438
-0.319458
0.484272
-0.872575
0.697749
-0.895096
-0.245364
0.121429
0.627399
-0.101860
-0.054013
0.640067
-0.164719
-0.480925
-0.004199
-0.397763
0.066422
-0.493377
-0.479078
-0.094338
0.179965
0.354172
1.010243
1.633168
-0.594696
-0.654302
2.297875
-0.114216
1.891104
0.020263
0.106109
0.285561
-0.202824
0.592409
1.414927
-0.436465
-0.580710
0.953351
-0.018134
-0.634429
0.489600
0.017626
-0.250059
0.681306
-0.454107
-0.642031
0.068339
0.295132
-0.537117
-0.323764
-0.079004
-0.317964
-0.195970
-0.222020
0.442228
-0.396225
0.980083
-0.549262
-0.605372
1.751995
-0.137142
-0.110047
-0.180103
-0.346905
0.756957
0.499397
-0.662632
0.130987
1.230505
-0.512067
-0.279429
-0.605341
2.024446
-0.654090
1.494344
1.188151
-0.031058
1.488267
0.279358
0.761786
-0.416701
-0.493036
-0.576378
-0.131761
-0.093336
-0.243215
-0.784613
0.287301
-0.025627
-0.533598
-0.588733
-0.418182
0.254645
0.043320
1.339387
0.264938
0.539952
-0.021712
-0.695586
-0.164967
-0.846383
-0.768694
0.121756
1.416532
0.149217
0.286095
-0.019198
-0.739524
-0.016510
0.682634
-0.414491
-0.104439
-0.207435
0.510305
0.675922
0.338901
-0.776604
-0.949450
0.172334
0.272562
1.178368
0.986064
0.229795
-0.446014
1.308077
-0.485004
1.462577
-0.244608
0.566580
1.321820
-0.398551
-0.276418
0.703623
-0.245461
0.249264
0.342454
-0.285345
-0.730243
-0.084332
-0.855106
-0.256729
-0.405138
-0.857063
-0.696545
-0.413338
-0.502730
-0.001373
0.028872
-0.690266
0.305861
-0.223813
-0.495461
-0.184835
1.364693
-0.293961
0.775057
-0.777995
0.278681
-0.032624
-0.833383
0.070100
-0.618732
-0.504360
-0.669758
-0.797084
-0.508096
-0.091374
0.124570
-0.810961
-0.615527
-0.541966
-0.841262
-0.648054
0.182439
0.357497
-0.389665
0.369700
-0.465005
-0.754979
-0.098580
1.139019
-0.089504
0.266420
-0.449792
-0.878420
-0.757561
0.312774
-0.337541
-0.734000
0.567477
-0.164172
-0.545224
-0.651651
0.940449
-0.454080
-0.556008
-0.806529
0.927034
-0.042690
0.723173
1.028810
-0.144436
0.405550
-0.573947
-0.483964
2.013609
-0.520010
0.259956
1.297465
-0.152919
0.580359
0.071876
-0.792597
0.383644
-0.483799
0.805357
-0.403544
-0.357126
-0.010937
0.159332
0.604900
-0.669021
0.022272
-0.500728
-0.476805
-0.069191
-0.334194
-0.117707
0.879447
-0.824625
0.951606
0.246798
-0.841225
-0.323467
0.189244
-0.732846
-0.010048
0.446219
-0.613983
-0.466304
-0.109026
1.707119
-0.797971
-0.612731
1.731277
-0.841735
-0.873293
-0.688687
-0.917547
-0.417715
1.206141
-0.130813
-0.336830
-0.104358
0.899483
-0.586056
0.735099
2.961689
-0.751845
-0.494790
0.344988
0.047007
1.415490
-0.536535
-0.264441
-0.020978
-0.624962
-0.354397
-0.656411
-0.027593
-0.522689
0.261149
-0.431920
1.928169
-0.308454
1.616455
-0.334268
0.223720
1.164714
-0.160956
0.313454
-0.366051
0.262123
0.307168
-0.617473
-0.038483
-0.082144
-0.106310
1.071158
-0.578592
0.080711
2.072066
-0.288832
-0.017191
0.307347
1.461603
0.959337
-0.091884
0.818655
-0.414182
0.235045
2.697177
-0.689545
-0.658491
1.157811
-0.269163
0.393909
1.590033
1.938024
0.300494
0.010071
0.121385
1.077448
0.635771
-0.007281
0.026819
-0.455895
0.394461
-0.416528
-0.679638
-0.139403
-0.796001
-0.132018
-0.877752
1.413594
-0.248362
-0.878984
-0.754571
-0.478348
-0.154051
-0.640768
-0.448781
-0.134710
-0.523739
0.501810
-0.044967
-0.352556
-0.874409
-0.133229
-0.569548
-0.755049
-0.205741
0.045672
-0.838354
-0.855366
-0.495776
-0.830694
-0.824116
-0.698117
-0.581004
-0.535595
-0.903955
-0.659398
-0.455682
-0.283591
-0.720662
0.381116
-0.118299
0.204918
-0.713974
-0.389220
-0.433645
0.394073
-0.909744
-0.866408
-0.514910
0.283643
0.465277
0.079571
-0.393117
-0.214314
1.215014
0.061873
-0.252702
-0.627107
-0.161814
1.855984
0.088354
-0.405737
-0.433095
1.299797
0.987989
-0.520058
1.448740
1.049458
-0.541426
0.774663
-0.512595
1.176424
-0.435484
0.190647
0.611246
-0.451320
0.007684
0.467489
-0.010419
-0.011524
-0.063202
0.337870
1.403027
-0.549410
-0.353772
-0.388481
0.800249
-0.800864
0.897711
-0.584880
-0.575042
-0.447102
0.239054
1.202473
-0.735361
-0.635354
-0.264561
0.082170
-0.148676
-0.759187
-0.777970
-0.632307
-0.401958
0.375764
0.250732
-0.244469
0.347227
-0.606885
0.255493
0.015701
1.101638
2.133917
-0.400579
-0.689568
0.451520
1.274029
-0.252446
-0.579802
2.117965
-0.341158
-0.468417
1.606163
-0.874929
-0.203069
1.463182
-0.205300
0.045078
-0.347126
0.073894
-0.651755
-0.191800
-0.298304
-0.605416
-0.179972
0.077552
-0.630345
0.168919
1.729778
1.384254
-0.555831
0.077692
-0.639375
-0.271512
-0.550948
0.231814
-0.433745
1.827835
-0.312828
1.059131
-0.098894
0.632111
-0.821082
-0.612022
-0.800411
-0.430658
-0.571160
-0.164609
2.147653
-0.444072
1.057810
1.591869
0.785150
0.008504
0.499876
1.510191
-0.543339
0.800987
0.027422
1.963033
1.311982
1.282210
-0.309913
2.467556
0.479328
0.322254
0.814683
-0.101714
0.515131
0.750157
-0.666719
0.731810
0.813686
-0.483225
0.225696
-0.398818
-0.000863
-0.104088
-0.234939
0.540664
-0.867857
-0.522123
-0.217771
-0.677503
-0.738890
-0.185748
-0.577638
-0.781154
0.342888
0.140343
-0.776719
-0.735918
0.160742
-0.311478
-0.692320
-0.702494
-0.662299
0.894201
-0.593995
0.018281
0.106377
-0.195112
-0.641783
0.051513
-0.759509
-0.766712
-0.907187
-0.513155
-0.800497
-0.332978
-0.635901
-0.479763
-0.654154
0.131324
-0.389469
0.094142
-0.778722
-0.020836
-0.716318
-0.189714
-0.601564
-0.827125
-0.355938
-0.215732
-0.492510
0.058156
-0.644618
1.276584
-0.754820
-0.650344
-0.218419
0.049349
0.488865
0.101838
0.211366
0.111248
-0.529727
-0.374536
-0.856714
0.384788
-0.951124
-0.585469
-0.796857
0.369400
-0.650144
0.846905
1.615194
0.809421
1.573984
1.401494
-0.673591
0.228565
-0.789828
-0.187380
0.608386
-0.426987
-0.663955
-0.240126
0.232362
-0.783037
0.695755
-0.444758
-0.801786
0.804401
-0.698110
-0.017720
1.425019
-0.628543
-0.410405
0.290550
0.396266
-0.267997
-0.717056
-0.402234
0.271658
-0.043228
0.176021
-0.140634
0.295315
-0.482697
1.501709
-0.759421
0.327749
-0.629022
0.637220
0.457837
-0.933952
-0.318184
-0.103778
-0.103676
-0.876689
0.925829
1.100806
-0.259166
-0.106235
0.887556
2.163115
0.341865
-0.788693
2.130806
0.756647
-0.497228
1.379880
-0.150758
-0.931434
-0.649710
0.184441
0.691228
-0.408513
0.012454
-0.727189
-0.700778
0.076235
-0.588770
-0.723012
1.094010
-0.420145
0.591493
1.367287
0.421893
1.354510
0.021672
-0.798165
-0.707780
-0.221316
0.056732
-0.017277
0.940804
-0.366620
0.262148
0.134389
-0.807531
0.204691
0.151920
0.957738
1.626628
1.453904
-0.087495
1.673261
1.399991
1.214921
0.325095
0.277161
1.193662
-0.158149
1.520341
0.790578
0.619297
0.568154
0.108316
-0.191395
1.539052
1.436204
0.481263
0.708181
0.788986
-0.698572
0.877987
-0.622330
-0.546608
0.584868
0.262485
-0.586886
-0.272723
-0.643075
-0.544727
-0.481620
0.691509
-0.918273
-0.557979
-0.698610
-0.082380
0.206829
-0.069133
0.088819
-0.406276
-0.719500
0.477017
-0.624267
-0.697969
-0.742263
-0.658835
-0.737117
-0.342412
-0.775001
-0.010119
-0.633205
-0.741149
-0.373864
-0.805895
0.501889
-0.242891
-0.273525
0.014937
-0.812512
-0.334676
-0.237027
-0.631125
-0.486141
-0.819790
-0.509366
-0.312286
0.226215
-0.548193
0.598897
-0.201287
-0.626715
-0.372646
-0.842373
-0.516640
-0.721966
0.042881
0.930274
0.561561
0.363405
0.030876
-0.193935
0.100644
-0.477301
-0.332035
0.151714
-0.251750
0.406368
-0.355086
0.458518
0.210173
0.235006
-0.116063
-0.337051
0.137409
-0.907430
-0.864549
0.272811
-0.163734
1.356830
-0.939678
0.499934
0.017905
-0.346763
-0.570912
0.101055
0.251546
-0.524966
-0.129129
-0.379948
-0.642092
0.442713
0.164373
-0.724914
-0.390119
-0.559070
-0.935002
0.628900
-0.629278
-0.455296
1.222198
0.491261
-0.901088
-0.236920
0.328306
-0.633709
-0.075433
-0.034930
-0.002397
0.729097
0.078830
0.514724
-0.538238
0.264768
0.040074
-0.842290
-0.815828
0.426804
0.234510
0.915006
-0.095145
-0.126817
0.116868
1.457139
-0.406088
-0.167732
1.408600
-0.863529
1.141613
1.331303
1.108097
0.906981
0.875300
-0.636196
0.507990
-0.520423
0.058449
0.918264
0.059798
-0.604115
-0.564564
1.364130
0.220247
0.244841
0.923893
-0.570742
-0.466625
-0.092177
-0.578622
0.465197
0.424605
-0.504583
-0.109437
-0.593079
1.529947
0.360388
0.609930
1.202243
-0.545068
-0.867467
-0.713884
0.231180
-0.127919
-0.122427
0.192618
0.359443
-0.442241
0.373600
-0.503199
-0.660960
0.916079
-0.025441
0.431681
0.771638
0.608354
0.358691
0.237236
-0.266894
-0.465779
0.563124
0.303539
1.624565
1.531564
0.421935
0.697825
-0.465846
-0.693037
-0.760630
0.004824
0.178244
-0.229419
-0.152629
0.268214
1.172600
-0.102430
0.081468
-0.677804
-0.839734
-0.585510
-0.645117
-0.917379
-0.277870
-0.424229
-0.431141
0.793494
-0.713143
0.911062
0.350855
-0.778513
-0.825451
-0.661146
-0.868485
-0.731726
-0.724248
-0.823950
-0.484798
-0.081857
-0.440765
-0.684363
-0.185347
0.056038
-0.379479
-0.482465
-0.384582
-0.844772
-0.458598
-0.655276
0.162931
0.138430
-0.006214
-0.595501
-0.041792
-0.122956
0.105149
0.719799
0.584218
0.388957
0.490185
-0.130084
1.043193
0.425015
0.277951
0.154165
-0.512428
0.992752
0.664144
1.458743
0.140842
-0.067257
0.006242
-0.088291
0.260135
1.898107
-0.837840
1.593509
-0.597750
-0.494041
0.560958
0.606987
-0.586024
0.844157
0.151005
-0.560862
1.429475
-0.769007
-0.060468
0.188869
0.805637
-0.376566
-0.593975
1.006752
0.493681
-0.471408
0.264984
-0.643217
0.120035
-0.767908
0.484785
-0.483310
-0.250889
-0.752717
-0.156455
-0.575488
-0.554903
0.207102
0.278017
0.943139
-0.636863
0.024969
0.814170
-0.461311
-0.323413
-0.365692
1.556061
-0.978630
-0.275474
0.362684
-0.539189
0.244454
0.063423
-0.301246
-0.116324
0.138179
0.915386
0.061978
-0.213045
-0.008841
-0.012773
0.340825
0.183228
-0.584973
0.511404
1.648655
-0.210855
-0.669882
-0.154579
0.540127
0.628495
-0.251127
-0.097905
-0.736020
-0.175323
-0.506146
-0.602162
0.306868
-0.358619
-0.666290
0.918759
-0.270806
1.270611
-0.342994
0.912545
0.145383
-0.875264
0.737364
-0.473121
0.375663
-0.278651
-0.641267
0.301389
-0.532185
-0.570018
-0.401546
0.602402
-0.037515
-0.692507
0.293647
-0.579316
1.166929
-0.872092
0.169233
1.180492
-0.669390
-0.504807
0.060135
2.345177
0.938717
-0.489917
0.452700
0.147617
-0.030425
-0.394516
0.226849
1.273601
1.218752
0.169478
-0.870407
0.335671
-0.599606
-0.708737
-0.440450
-0.563579
-0.496699
-0.724370
-0.727742
-0.218342
-0.053543
-0.250009
0.394895
-0.769830
-0.098873
-0.856306
-0.244287
-0.192201
-0.493743
-0.419539
1.086439
0.165706
-0.753856
-0.495028
-0.180898
0.308045
-0.439021
-0.502084
-0.624375
-0.470577
0.978315
-0.384643
1.537408
-0.250189
0.282432
0.278052
-0.236641
-0.280759
-0.809418
-0.135783
-0.947020
-0.533159
-0.115956
-0.881281
-0.341145
-0.266125
-0.648216
0.256101
0.317981
0.268701
-0.809645
-0.750512
-0.850182
-0.206110
-0.783328
-0.850690
-0.627485
-0.608376
1.284691
1.335593
-0.586707
0.110362
-0.492452
0.813648
-0.185821
0.233268
-0.099658
1.392268
-0.155368
0.882939
0.193299
-0.659247
0.837981
0.146419
-0.299697
-0.342114
0.054237
2.526296
-0.406332
-0.063626
-0.627317
0.142477
-0.342155
1.524728
-0.748705
0.779724
-0.328891
-0.322986
0.649925
0.498902
-0.853059
-0.583908
-0.211688
-0.206106
-0.348352
-0.023755
0.008692
-0.139941
-0.483381
-0.499733
0.984294
-0.038785
-0.134062
-0.174850
-0.647701
0.733406
-0.197679
2.241036
-0.632517
1.063218
-0.527290
-0.889894
0.450936
0.165235
-0.617073
1.906959
1.976461
0.026266
-0.137746
-0.968781
-0.579533
-0.628981
-0.542080
1.771015
-0.471786
0.737183
0.086291
-0.163787
0.695191
-0.453439
-0.721945
0.595850
1.568864
1.141350
0.940060
-0.646531
-0.244072
-0.374335
0.609662
-0.819695
0.674511
-0.777117
0.362114
-0.486349
-0.379459
0.303602
-0.473597
0.059466
-0.593687
2.277222
0.208591
0.019333
0.152092
-0.843042
0.470761
-0.300014
0.278131
0.829875
0.955369
-0.607443
-0.019577
-0.715323
0.920763
1.866576
0.639959
0.630646
1.097080
-0.302141
1.179959
-0.901758
0.267733
-0.046275
1.170063
-0.395602
0.513850
1.199638
0.156230
0.753254
0.268402
0.195276
-0.648147
1.029303
1.195527
0.040261
-0.702781
-0.529615
-0.878173
0.871033
-0.801526
0.294503
0.446543
-0.656753
-0.255938
-0.526640
-0.664409
-0.639766
-0.764888
-0.263145
0.950264
-0.948788
-0.677240
-0.149182
0.827924
-0.872364
0.298215
0.590983
-0.860182
-0.531603
0.055070
-0.668114
-0.599587
-0.619993
-0.836645
-0.425481
-0.567136
-0.811245
-0.778780
-0.843109
-0.573665
-0.689366
-0.755817
-0.731491
-0.894981
-0.763198
-0.869208
0.266857
0.111162
-0.141489
-0.176444
-0.683090
-0.347915
-0.059189
0.067169
-0.873583
-0.822236
-0.580067
-0.675849
-0.619827
0.201756
-0.727456
-0.186517
-0.036004
0.242205
0.572755
-0.547966
1.489177
0.177959
0.214141
-0.062532
-0.275888
-0.007823
0.720571
2.557460
0.568960
-0.641598
1.978307
-0.459337
1.084882
0.888661
-0.052735
-0.525258
-0.146171
-0.096450
1.334704
-0.539846
-0.552197
0.601084
-0.778147
-0.009888
-0.193479
-0.793562
-0.900100
1.364584
-0.506431
-0.616668
-0.149848
0.807980
-0.544976
-0.314599
1.403720
0.419626
-0.353240
0.766490
-0.698349
0.210942
0.035981
-0.589866
0.420594
-0.454330
0.410628
2.076311
0.402915
-0.079144
0.269322
-0.655261
0.095574
0.829943
-0.056349
-0.451809
1.066893
-0.380955
-0.352391
0.195397
1.843139
0.575292
-0.833691
0.545512
-0.771381
1.353649
2.027937
0.291652
1.099916
-0.127238
0.135675
-0.043235
-0.021990
0.486662
0.776935
-0.721015
-0.727256
-0.153672
0.036067
0.361220
-0.535354
-0.085512
0.274831
-0.039925
-0.277927
-0.191753
-0.262494
0.542840
-0.035104
-0.789482
-0.201934
-0.839882
-0.680432
-0.197281
-0.678539
1.031752
-0.659928
-0.806407
0.953769
-0.831088
-0.336236
-0.412099
0.248445
0.889880
-0.371757
0.216895
-0.298631
0.617975
1.222009
1.278976
0.030672
0.871252
0.487211
-0.747726
1.867868
0.164319
1.373374
1.125491
-0.555947
-0.260765
0.389161
1.037632
0.058424
0.522238
-0.770737
-0.526951
-0.402068
-0.507460
-0.299841
0.710536
0.543624
-0.129235
-0.675750
0.022002
-0.890038
-0.885994
-0.797481
-0.589140
-0.031249
-0.995161
-0.710326
0.015206
0.198855
-0.622572
-0.521468
-0.438417
-0.064376
0.632953
0.317835
-0.115181
0.312010
-0.642730
-0.503771
0.047752
-0.937363
0.316999
1.596345
-0.275759
-0.857073
-0.131102
-0.107620
-0.642278
0.397578
-0.868141
-0.211072
0.554418
0.640367
0.502336
-0.671591
0.123264
-0.570057
-0.367356
0.019303
-0.861423
-0.783885
-0.974356
-0.436845
-0.520495
-0.143610
0.045021
0.280273
-0.425093
-0.133478
-0.313891
0.734555
-0.152864
-0.688385
-0.256729
0.534034
-0.418173
-0.306536
1.128102
0.258438
0.308584
1.041497
-0.797494
0.313013
1.239840
0.364690
0.142910
1.024254
0.461233
1.358212
-0.539276
-0.530842
1.682579
0.018049
-0.700266
0.675550
0.389194
-0.314503
0.718538
-0.338635
-0.799697
-0.511484
-0.334249
-0.458391
-0.027672
-0.741661
1.392809
-0.446232
0.421544
-0.710145
0.210553
-0.430357
0.201865
-0.207552
0.023160
-0.534613
-0.110592
0.719422
-0.517419
-0.606393
-0.805420
0.006373
1.673139
1.423758
0.389908
0.087552
0.154411
0.904903
-0.151782
-0.315938
2.033197
-0.599292
-0.129826
0.967105
0.596410
0.347659
0.532263
-0.003894
0.232659
-0.423088
-0.373503
-0.469719
0.290947
-0.781082
-0.846054
-0.547632
-0.507852
-0.605539
-0.379721
-0.350305
-0.398006
0.591929
0.050617
0.358008
-0.048478
0.428198
-0.665490
1.488918
-0.014616
-0.454834
0.338442
1.273508
-0.528574
0.534774
-0.140386
-0.725528
-0.275994
-0.195460
-0.587681
0.688120
0.258061
0.684013
-0.328358
2.033961
1.428767
0.763609
0.266216
1.327448
-0.613520
1.401245
0.539491
0.516878
0.075442
-0.112160
0.227812
0.926568
1.581939
0.836141
-0.272199
0.527405
1.412234
-0.127163
0.285566
-0.192505
0.831089
0.700759
-0.864892
-0.779117
-0.844339
-0.156744
-0.051400
-0.439949
-0.387808
-0.165503
0.260511
-0.557120
0.391135
-0.440766
-0.599043
0.015375
-0.698035
-0.684849
-0.861102
-0.456043
0.424660
-0.352411
0.027694
0.084321
-0.509205
-0.949632
-0.289413
0.433920
-0.591815
-0.586755
-0.524993
0.099844
0.775900
-0.799678
-0.015257
-0.143680
-0.433029
-0.650203
-0.089446
-0.679922
-0.893406
-0.932413
-0.211178
-0.343586
-0.812919
0.867935
-0.726380
-0.709626
1.062951
0.315952
-0.326243
-0.042812
0.080356
-0.906676
-0.433381
-0.764993
-0.020379
-0.278132
0.306756
1.054764
1.216054
0.155795
0.189710
-0.483037
0.106279
-0.165984
0.670878
-0.786467
-0.897417
-0.772642
-0.100342
-0.055034
0.156352
1.463863
0.205531
0.645959
1.281540
0.380778
-0.117474
-0.286926
-0.253530
-0.592529
0.259536
-0.587600
-0.550836
-0.719909
0.066057
0.691660
-0.536311
0.329141
0.868593
-0.319706
0.073951
0.190425
0.475463
-0.718611
0.824371
-0.691684
-0.359961
0.643558
-0.472332
-0.844347
-0.552307
-0.353581
-0.456400
-0.837209
-0.759472
-0.922947
-0.830576
-0.335261
-0.881142
-0.428203
0.877851
0.143605
-0.684568
-0.365091
-0.653603
0.125393
-0.572301
0.132039
0.369112
1.911781
0.701858
-0.739648
1.699385
0.059149
2.336117
-0.832465
0.070021
-0.247109
0.289249
-0.033830
-0.896346
0.476886
-0.644936
-0.750413
0.020768
0.233982
1.007842
0.088797
-0.006727
-0.401516
0.484832
-0.404724
0.879159
0.294235
-0.640445
0.515431
-0.158630
-0.709380
0.749071
1.408533
-0.518991
-0.244804
-0.501973
-0.224724
-0.528285
0.103678
1.508177
0.277387
-0.752548
-0.673523
2.512291
2.341747
-0.899788
0.838285
2.464019
-0.260855
1.042712
-0.802605
1.066779
0.061648
0.711758
1.195774
-0.302911
0.315687
0.271435
1.725312
0.462306
0.065416
1.111024
0.368372
0.779796
0.242795
0.225221
-0.214187
0.015518
-0.468526
-0.204665
0.055441
-0.007765
-0.795759
-0.533032
-0.236329
-0.965048
-0.780778
0.018636
-0.818045
-0.731857
-0.666614
-0.827234
-0.586727
-0.587782
-0.402472
-0.311843
-0.969135
-0.794950
0.276392
-0.320422
-0.571115
-0.292101
-0.529227
-0.372097
-0.637350
-0.815779
-0.759130
-0.497278
-0.789638
-0.046982
-0.769303
-0.589307
0.067677
-0.888838
-0.314630
-0.097444
0.382866
-0.105129
-0.811151
-0.416969
-0.603791
-0.396117
-0.237624
0.333890
-0.069501
-0.497318
0.819801
0.968081
0.730663
-0.880160
-0.768925
0.278159
-0.711262
0.080687
-0.017441
-0.894104
-0.062629
0.379160
-0.258219
0.027973
2.310679
1.079815
0.194508
0.360614
1.707308
0.090882
-0.027275
0.824996
-0.581384
-0.258331
-0.514936
0.279531
0.305619
-0.265764
-0.849598
0.567639
0.783618
0.278495
-0.806862
0.272768
0.563094
-0.159270
-0.541123
-0.215025
1.101422
-0.251868
-0.517173
-0.799315
0.454524
-0.406595
0.268018
-0.533695
0.036398
0.781860
-0.343778
-0.448579
-0.851940
-0.282566
-0.114965
-0.832115
0.412726
0.198336
-0.225874
0.264680
0.439140
0.031619
-0.869038
2.249748
-0.361077
1.781923
0.371289
-0.854539
0.631512
-0.142353
-0.597459
0.230679
-0.544971
-0.443192
0.600013
1.266581
-0.836923
0.704316
0.140748
0.942612
0.837155
0.289938
1.487693
-0.592813
-0.309700
-0.020478
0.328475
0.945604
0.570058
-0.051007
-0.858258
-0.866413
-0.881526
0.580103
0.861471
0.252905
-0.089865
-0.317704
1.517575
-0.625630
0.081289
0.760742
0.054722
-0.321710
-0.356305
-0.833341
-0.575881
0.019241
0.491338
-0.020811
-0.350600
-0.631853
-0.130691
0.872309
2.202373
-0.659200
-0.173899
0.558559
-0.826666
0.606807
2.239165
0.606867
0.594698
0.140784
1.151732
0.953067
1.245128
1.032641
-0.258817
1.082099
-0.807237
0.048749
0.147936
0.717309
1.337674
-0.415751
-0.256036
-0.500967
-0.611487
-0.685875
-0.796909
-0.823525
0.087088
0.437499
-0.433316
-0.702673
-0.363896
0.217174
-0.682538
-0.662278
-0.682533
0.045267
-0.161361
0.166849
0.351431
-0.354617
-0.856989
-0.864423
0.147499
-0.333296
-0.877331
0.233152
-0.314106
-0.166862
-0.749687
-0.379038
-0.554439
0.733006
-0.861404
0.062580
-0.395124
0.033353
0.307974
-0.818341
-0.366936
-0.477749
-0.139689
0.472352
0.177493
1.194533
-0.318734
-0.531777
-0.422324
-0.740926
-0.381290
0.050340
0.237894
-0.037013
-0.593033
0.032592
-0.748584
-0.619097
-0.640295
-0.261546
-0.722924
1.274917
-0.368015
-0.419686
0.458247
-0.154354
-0.822941
-0.718103
-0.083128
0.063504
1.258014
0.909137
1.397103
0.495146
-0.775396
0.576454
1.458100
-0.880456
-0.012898
-0.360053
1.660403
0.733691
0.411785
-0.611658
-0.979103
-0.206876
1.416258
0.391642
0.401886
0.538337
-0.072075
-0.449086
-0.621250
-0.416248
0.206074
0.453246
-0.493224
-0.617996
-0.185174
-0.865193
-0.374670
0.709979
-0.389757
0.124461
-0.573433
-0.476304
-0.745643
-0.590039
1.510151
-0.210435
-0.377922
0.612525
-0.280079
0.059489
-0.170189
-0.852162
-0.634479
0.287832
0.769659
0.217162
-0.857071
-0.936583
0.372441
-0.892721
-0.350865
0.739434
-0.071846
0.221008
1.401473
-0.532160
1.352681
-0.309739
0.632426
0.486480
-0.653379
1.017500
-0.259456
-0.495070
0.506397
0.886647
-0.512081
-0.492436
-0.242358
-0.291180
1.030786
0.620568
-0.265750
-0.115078
-0.821299
1.863979
-0.195343
-0.401358
0.828941
-0.324643
-0.002524
-0.233840
0.226168
-0.223680
-0.416578
0.122288
-0.391167
-0.127641
1.873432
0.417162
0.030681
-0.058169
0.278012
0.606654
-0.202252
-0.198194
-0.666781
-0.069531
-0.256547
1.707171
-0.884293
-0.106788
0.111717
0.396178
-0.770883
1.777167
-0.392856
1.625955
-0.130475
-0.585691
-0.012448
-0.800363
2.501483
-0.710156
-0.545989
-0.524173
-0.723242
0.381738
-0.588786
0.554659
-0.085258
-0.312940
-0.300715
-0.788533
0.801349
-0.521390
-0.420102
-0.464771
0.032605
-0.532712
-0.614583
-0.841729
-0.172604
0.312020
-0.672239
-0.618059
-0.882529
-0.363005
0.005247
0.859709
-0.695134
-0.869782
1.348261
-0.769139
-0.896348
-0.331908
1.359457
-0.205342
-0.567971
-0.106920
0.066208
-0.756600
-0.090267
-0.845853
-0.307553
-0.686631
1.492082
0.602850
0.762868
1.648899
1.191328
-0.454654
-0.354340
0.343912
0.877005
3.188373
-0.700312
0.397264
-0.900687
-0.693107
0.167819
-0.154663
0.118594
0.193784
1.746973
0.125042
-0.930523
-0.657103
0.411291
0.012688
-0.483555
0.492194
-0.195149
1.297002
-0.834287
0.676475
-0.058118
0.116206
-0.756610
-0.272135
-0.242284
-0.246252
0.655039
-0.321790
-0.632027
-0.765424
0.010042
-0.365656
-0.775527
1.231169
-0.211918
0.470096
-0.101166
-0.790675
0.776259
-0.170409
-0.094658
-0.364781
0.988873
0.405896
-0.426857
-0.335359
0.002278
-0.133181
-0.654354
1.101066
-0.614564
-0.751744
-0.820266
-0.155750
-0.567720
-0.788459
0.810747
-0.113668
-0.210203
-0.022482
-0.550995
-0.591566
0.115262
-0.295922
0.629540
0.543868
0.950881
-0.365525
0.364568
-0.794866
2.841374
-0.530361
-0.479384
0.070898
-0.347611
0.070774
-0.233477
-0.362983
0.406222
0.978919
0.506060
0.121696
0.223062
1.362312
0.027532
0.410282
0.411029
-0.537036
0.920639
0.324372
-0.045427
-0.168137
0.415150
0.542770
1.042529
0.973721
-0.444002
-0.140346
-0.108699
-0.234551
0.952347
-0.581057
0.819306
1.507544
-0.419336
-0.092606
2.141276
-0.638435
0.987005
1.299721
0.803134
0.487702
-0.638480
1.473706
0.125007
0.598990
0.539154
-0.378106
0.017403
1.093791
-0.174053
2.013869
-0.063290
0.119508
-0.290217
0.186578
0.277112
-0.635164
-0.666843
-0.096933
-0.675926
-0.781745
-0.239319
0.805909
-0.340632
-0.801296
0.643357
-0.677968
-0.122475
-0.669867
-0.404470
-0.526030
-0.900440
-0.055793
-0.903984
-0.925108
-0.369870
-0.667498
-0.941465
-0.716125
-0.782194
-0.955628
-0.416301
0.254597
-0.787821
-0.263552
-0.583165
-0.734675
-0.395452
-0.452121
-0.736970
-0.525172
-0.751381
0.150112
-0.513773
0.722498
-0.611604
-0.507057
-0.780565
0.202373
0.106370
-0.593974
0.051760
0.461594
0.951986
-0.122735
1.596319
-0.633552
0.314463
-0.383638
1.224984
0.235716
-0.335238
-0.862112
1.357115
1.099016
-0.496582
1.176846
0.207182
0.323586
-0.621175
0.979022
1.329231
-0.163428
-0.704712
1.236365
-0.915474
1.208124
-0.222110
0.061802
-0.958261
1.428234
-0.045999
-0.957937
0.500917
1.107816
-0.527317
0.143877
-0.166821
-0.388346
-0.639934
-0.332316
-0.479417
0.692265
-0.032588
0.036198
-0.723218
0.249100
-0.091839
-0.331510
-0.082957
-0.107745
-0.522234
0.156496
0.186377
-0.386311
0.047233
0.125824
0.795983
-0.556231
-0.326078
-0.456742
-0.858226
-0.489784
-0.362584
-0.156724
0.265878
-0.810904
-0.541523
-0.448505
-0.469298
-0.500554
0.163808
-0.436520
1.592710
0.912192
0.027152
1.571151
0.091320
0.771819
-0.584693
0.323273
-0.556628
1.762028
0.348061
-0.830826
-0.462626
0.089758
-0.576372
0.042979
-0.109786
0.137172
0.099144
-0.510701
-0.193259
0.603966
0.104754
0.360643
-0.406792
-0.506971
-0.505146
-0.570703
-0.013423
1.305181
0.530029
-0.434766
-0.795001
-0.014491
-0.022768
-0.388038
0.614917
0.315218
0.680482
-0.307786
0.266555
1.068500
0.575124
1.574756
0.167492
1.101741
0.964881
0.937655
1.134558
-0.285876
1.361598
1.627007
1.326670
-0.268477
0.910120
0.318899
-0.538279
0.262034
0.597184
0.719011
-0.163693
1.301790
0.032266
0.637410
-0.758283
-0.590981
-0.095018
-0.774140
-0.109718
-0.503215
-0.632962
-0.689572
-0.612709
-0.406086
-0.446376
-0.529485
-0.602393
-0.276709
-0.522456
0.838563
-0.461076
-0.288139
-0.059502
-0.225471
-0.316181
0.396450
-0.566424
-0.567374
-0.089957
-0.560195
-0.845558
-0.087783
-0.871021
-0.285979
-0.750691
-0.523784
-0.806488
-0.779303
-0.663091
-0.641481
-0.680958
-0.490209
-0.663697
-0.771235
-0.418801
-0.747166
-0.786160
1.127179
-0.247946
-0.651249
-0.140601
-0.293541
-0.491344
-0.371085
0.541465
-0.712816
-0.567484
-0.541726
-0.069914
0.984409
2.280590
-0.570292
-0.530888
1.532416
-0.185946
0.352768
-0.501577
-0.600356
1.031428
0.173407
1.264394
1.244148
0.426486
0.177748
1.744050
-0.649342
-0.781812
-0.250005
0.100063
0.503338
0.852519
-0.071738
1.049504
0.926890
0.475056
0.244691
-0.330522
-0.756271
-0.504860
-0.440141
0.848178
0.445270
0.924304
1.228826
-0.485277
-0.102082
-0.656323
0.748332
-0.000192
-0.831915
-0.601650
-0.477434
-0.382980
0.236980
0.438318
-0.627890
-0.750001
-0.649332
-0.262164
-0.901102
0.420512
0.541504
0.456027
1.155079
-0.579339
-0.061949
-0.545226
0.418964
-0.499830
0.050802
1.415317
0.122616
0.311630
-0.542314
-0.349814
2.900459
2.088520
0.009892
-0.807373
1.027183
1.785584
-0.705509
0.629546
-0.507550
0.253806
-0.381355
1.361928
-0.282953
-0.687490
-0.441697
-0.717231
0.457922
1.432119
-0.249147
-0.195959
0.582649
0.924615
-0.029329
0.947298
-0.755703
0.483929
-0.308126
-0.542686
0.103003
0.490582
0.887077
-0.770224
-0.776486
-0.267463
0.007532
0.021982
-0.045727
0.911447
0.479058
1.980065
-0.138544
0.186931
-0.646758
0.683884
0.282560
1.128541
0.980714
1.459262
1.297858
0.691454
0.009066
0.824032
-0.073548
0.411791
0.286987
-0.051828
0.417469
0.160210
0.047729
0.134130
0.036540
-0.483150
0.343733
-0.322919
-0.537249
-0.799452
-0.766091
0.423636
0.320830
0.230751
-0.562194
-0.758765
-0.856919
-0.919677
-0.240653
-0.594835
-0.440465
0.108946
0.814022
-0.223620
-0.647887
-0.774899
-0.361174
-0.687461
0.145056
-0.833115
-0.676776
-0.720489
-0.735367
-0.489951
-0.575659
-0.781364
-0.092160
-0.834536
-0.803224
-0.783580
-0.050249
0.391528
-0.648194
0.166765
-0.251374
-0.243265
-0.659738
-0.133139
-0.830332
-0.745312
0.030168
-0.807524
-0.117147
0.185639
-0.507243
0.154061
-0.149898
0.138728
-0.281819
-0.405198
-0.493063
0.171641
-0.053301
-0.520143
-0.259552
-0.257128
2.469747
0.027204
-0.773432
-0.322986
-0.371625
-0.769181
-0.522428
0.823366
0.626772
0.780957
0.487668
-0.345281
0.166271
-0.426083
-0.636466
0.056090
0.003238
0.094444
1.479443
0.101579
0.200351
0.580487
0.175219
1.054487
0.569332
0.276128
-0.666315
-0.668554
-0.862556
-0.056823
-0.082838
1.379106
-0.480236
1.259491
0.087198
0.065269
0.053896
-0.453151
-0.193895
-0.662799
0.141714
-0.853401
0.010922
1.190573
-0.469752
-0.738782
0.244182
0.030179
-0.548383
-0.307650
-0.679189
0.396920
0.066421
0.358918
-0.297797
1.003815
-0.476502
0.116245
-0.710540
-0.663586
1.670200
0.860052
1.656476
1.006998
0.867103
1.623000
0.387594
0.115708
-0.338979
0.881260
-0.359904
-0.528637
0.082956
-0.577749
0.402066
-0.243318
0.238120
0.298194
-0.925318
1.236713
-0.542459
-0.316004
0.615404
0.298022
-0.507107
0.494423
0.632472
-0.170305
0.427821
1.084220
0.312285
-0.316192
0.221926
-0.573048
0.444038
0.357177
-0.358877
-0.921890
0.578045
-0.650391
0.099538
1.142845
1.093510
0.391038
1.445007
0.629936
0.767814
0.460012
0.824122
0.978747
0.052978
0.578247
1.731419
-0.095933
1.370811
0.492176
1.062755
0.636872
0.223373
3.075930
0.728992
-0.686418
-0.444859
1.149150
-0.080511
0.133070
-0.625629
-0.780024
-0.713655
-0.153436
-0.623252
-0.804479
0.062485
-0.137424
-0.244905
-0.190342
-0.651790
-0.695060
-0.167995
-0.410713
-0.060393
-0.705191
-0.523816
-0.788590
-0.633099
-0.508217
-0.203639
-0.689221
-0.182237
0.473783
-0.619480
0.414943
-0.629404
0.796384
0.276920
2.531639
