0.000000
-0.518914
-0.611102
-0.753989
-0.845893
-0.891331
-0.814607
-0.832639
-0.960872
-0.752278
-0.743613
-0.779179
-0.884956
-0.613683
-0.139786
-0.566801
-0.745064
-0.652948
-0.651050
-0.715678
-0.908720
-0.767643
-0.870256
-0.640492
-0.666970
-0.586418
-0.683318
-0.859050
-0.537600
-0.803278
-0.656820
-0.798358
-0.428012
-0.722801
-0.878638
-0.909192
-0.803224
-0.567717
-0.604749
-0.901520
-0.554427
-0.882913
-0.910303
-0.707686
-0.874532
-0.892343
-0.797076
-0.824551
-0.723891
-0.201744
0.421993
0.176845
-0.202828
-0.563273
-0.777974
-0.770109
-0.688073
-0.928323
-0.437446
-0.820096
0.903815
-0.722417
-0.398894
0.167753
-0.025741
0.314336
-0.340860
-0.817441
-0.592724
0.443982
-0.387086
-0.843755
-0.603914
-0.741296
0.706623
0.170842
-0.180889
-0.577824
-0.572245
0.281197
-0.672567
-0.374918
-0.847709
-0.161133
0.245904
-0.375776
-0.342396
-0.225818
-0.947890
-0.820747
-0.601000
0.419962
-0.443195
-0.904313
-0.605423
-0.296329
-0.321874
-0.150333
-0.410214
-0.074084
-0.123166
-0.258323
-0.506302
-0.114177
-0.453243
-0.301171
-0.359523
0.247528
-0.309668
0.763110
0.525159
0.498985
1.523544
-0.362667
-0.115132
-0.370339
-0.582513
-0.009411
-0.321302
-0.075139
-0.213902
1.183761
0.030186
1.283148
0.118738
-0.505387
1.099724
-0.015434
0.065026
0.185906
-0.743031
-0.287978
-0.461173
1.146253
-0.052374
0.006743
-0.248241
-0.665585
-0.288156
1.289896
-0.330856
1.127375
-0.118003
1.117817
-0.528217
0.055669
1.502239
1.099923
0.696464
0.900909
0.051266
-0.430287
-0.527670
-0.578728
1.604998
-0.195769
-0.020743
0.684162
1.569603
0.864042
0.784784
0.702226
0.347655
0.708033
-0.009882
0.077481
-0.143755
-0.011018
-0.315746
0.402465
0.444615
0.774669
-0.230451
0.356445
-0.463423
0.840201
-0.680301
-0.551415
-0.672234
-0.176605
0.962012
-0.002355
-0.167550
-0.507631
1.706174
0.332524
-0.294801
1.309712
-0.654538
-0.141209
-0.299431
0.220182
-0.730232
-0.568245
0.370268
-0.669790
-0.676137
-0.642306
0.367396
0.196391
-0.198208
0.272871
-0.536252
-0.713252
-0.629320
0.479106
-0.611370
-0.262704
-0.341855
-0.918451
0.264762
-0.066475
-0.798053
-0.917353
-0.736681
-0.658875
-0.457195
-0.635699
-0.622341
-0.227798
-0.873282
-0.184970
1.270490
0.391305
-0.472405
0.617204
-0.114844
0.159702
-0.556148
0.123605
-0.264216
0.708102
1.933039
-0.027982
-0.475320
-0.020878
-0.543194
-0.000821
-0.932990
-0.238054
0.176301
0.641853
-0.852328
0.091488
-0.814117
-0.417783
1.191301
-0.689527
0.120679
0.824947
-0.347482
-0.243510
-0.506913
-0.563466
-0.831745
-0.489503
-0.779745
0.020428
-0.175395
0.062708
0.155502
1.412342
-0.828058
0.281651
-0.607588
1.662192
0.234403
-0.229187
-0.379105
0.866871
-0.090236
0.010375
0.282767
-0.130520
0.206174
0.213308
-0.732364
-0.252878
-0.567663
-0.815572
-0.476982
-0.361885
0.425687
0.049177
0.343505
-0.283476
-0.776263
1.175939
0.996709
-0.872248
-0.319552
0.957210
-0.535943
-0.081850
-0.938839
0.587520
1.111710
-0.302826
-0.075246
1.583836
-0.079316
-0.551338
-0.200274
-0.751074
0.261368
-0.596885
-0.675703
1.193674
0.093498
-0.051667
-0.436741
0.086470
-0.054547
1.219642
0.621707
0.220313
-0.274672
-0.396966
-0.830767
0.602672
0.248938
-0.202910
-0.414981
-0.135838
-0.855100
0.523214
-0.685276
-0.425515
0.207190
0.778469
-0.665654
1.006084
1.418293
1.433318
2.332794
1.373878
1.516294
1.324274
-0.201974
-0.180621
-0.563575
-0.405788
0.620666
1.012436
-0.759535
1.591838
0.555795
-0.286877
0.190551
-0.229661
0.693325
2.060776
-0.438228
-0.054516
0.829477
0.592880
-0.194865
-0.569044
1.167593
0.433473
1.409760
-0.734928
0.348580
-0.153627
1.208565
0.511367
-0.942220
-0.920904
0.586184
-0.467982
-0.298614
1.210393
-0.915180
-0.432277
0.018261
-0.535266
-0.764151
-0.136664
-0.873292
0.037931
-0.975321
-0.916776
0.723514
-0.857588
-0.821734
-0.613941
-0.846262
0.119823
0.506018
0.373024
0.317170
0.482083
-0.921251
-0.861289
0.185019
-0.391633
-0.592823
0.408705
-0.730478
1.391295
-0.291479
-0.760015
-0.155979
-0.590630
-0.773956
1.444708
-0.985754
-0.708639
0.156144
-0.820302
0.931262
-0.684832
-0.739969
1.539376
-0.392093
-0.660205
0.776018
-0.964040
-0.785783
2.205974
-0.380419
0.157858
-0.875650
0.307279
-0.705495
0.272042
-0.267241
-0.844053
-0.509340
-0.571555
-0.307435
-0.588380
0.118269
-0.742511
-0.655099
-0.671267
-0.926827
-0.363564
-0.750743
0.601802
0.722138
0.443572
0.496032
-0.197991
0.599374
-0.614767
-0.597527
-0.758027
-0.288872
-0.272032
-0.753111
0.354783
-0.737767
0.495256
-0.150076
-0.608112
-0.232735
-0.102175
-0.598103
0.063594
-0.264587
-0.658654
0.347645
-0.411141
-0.734388
-0.626110
-0.049149
1.534409
0.419095
-0.738689
-0.652931
-0.889067
-0.554183
-0.212798
0.907863
0.811796
-0.775363
-0.903371
0.872295
-0.096217
-0.558628
-0.381570
0.271416
1.441439
0.294338
0.301493
0.797343
-0.546303
-0.104643
0.640677
0.408932
0.920654
-0.843060
-0.340991
0.039028
-0.410058
0.438255
1.339517
-0.611702
-0.314150
-0.719539
0.379113
1.200782
0.483310
2.192251
-0.181845
1.146294
-0.788894
3.089399
-0.004302
2.149753
1.223747
0.611462
1.282260
1.757287
0.701653
0.509567
-0.084744
-0.376985
0.034742
0.641759
0.559278
-0.700104
1.817441
0.146933
-0.509979
-0.553316
-0.504284
0.231785
-0.244013
0.183204
0.123920
-0.793364
-0.065424
0.115662
1.361413
0.625009
1.893091
0.402433
0.030704
0.027956
-0.652236
-0.624503
-0.938404
0.220971
-0.276886
-0.507396
0.964946
0.154027
-0.749199
-0.425050
0.126774
-0.670956
-0.744866
0.057442
-0.434245
-0.700878
-0.304191
-0.943317
-0.002035
-0.980467
0.055991
-0.468253
-0.145643
0.040246
-0.538477
-0.855314
-0.125728
0.402565
-0.457583
-0.630896
-0.923451
0.231578
-0.447151
-0.378091
-0.318882
-0.384986
-0.726518
-0.508291
1.697233
-0.552196
-0.207531
-0.266447
0.888316
-0.572091
-0.771060
-0.636054
-0.502360
1.544078
-0.211113
1.403516
0.538935
0.303885
-0.689958
0.068862
-0.535225
1.325250
1.444693
-0.034903
0.078427
0.937613
-0.686817
-0.003146
0.064394
-0.527542
0.025928
-0.837331
-0.042104
-0.845551
-0.406402
0.084986
-0.776744
-0.740372
-0.989285
-0.808623
-0.701696
0.508732
1.525248
-0.657673
-0.578295
1.843628
0.061938
-0.642047
-0.190301
-0.578083
-0.393935
0.196017
0.428432
-0.699999
0.796290
-0.567940
-0.248056
0.243477
-0.739408
-0.071058
-0.257974
-0.531036
-0.526915
0.661433
0.363937
-0.667256
-0.853537
-0.170296
-0.890206
-0.617450
0.249873
-0.873077
-0.480014
0.631483
-0.458955
-0.505095
1.894065
-0.782475
0.149786
-0.668582
-0.633337
-0.226838
1.038651
-0.759584
1.166770
-0.097099
-0.095164
0.254140
-0.576443
0.702261
0.308935
1.348964
-0.525355
1.133037
0.540248
0.916077
-0.297544
-0.086693
-0.327653
-0.370037
-0.426262
-0.090168
-0.171091
1.015503
-0.927452
-0.554314
1.444743
0.129980
2.268835
0.800713
2.446205
2.166322
1.517123
1.496783
2.419052
0.497570
-0.287604
0.889990
-0.380749
-0.324875
-0.194512
-0.727162
0.063352
0.820603
-0.123245
-0.731358
-0.636098
0.004850
-0.956959
-0.107592
1.295775
-0.459485
0.594286
1.385499
0.778987
0.406633
-0.617181
0.035643
0.256102
-0.454396
1.330642
-0.883963
-0.706462
0.094678
-0.598927
-0.835670
1.079905
-0.706544
0.013478
-0.416560
0.188937
-0.168207
-0.269549
-0.254075
0.984772
-0.512595
-0.589272
-0.627798
-0.179767
-0.213922
-0.518109
0.435276
-0.150000
-0.562382
-0.053724
-0.201860
-0.110422
-0.073155
-0.434697
-0.145460
-0.525409
-0.385617
0.436129
1.198660
0.173368
0.130264
-0.434422
0.332202
0.417867
0.486931
-0.936072
1.195259
-0.450849
0.267824
-0.035330
0.890816
0.144585
-0.193162
-0.065321
0.407466
-0.777582
1.034740
0.243198
-0.197772
-0.974632
0.607596
-0.225142
-0.827281
0.089345
-0.026583
-0.170073
-0.599885
0.093020
-0.704963
-0.451280
-0.442359
-0.371583
1.207837
-0.404600
0.419008
-0.496031
0.812500
0.197613
-0.205494
0.382157
1.157326
-0.624073
-0.205890
-0.503620
0.434697
-0.446170
-0.495596
-0.044111
0.580067
0.230172
0.780383
-0.558841
0.350029
-0.081442
-0.856674
0.004136
0.404153
0.989740
0.381785
-0.100420
-0.159341
0.438568
-0.709032
-0.642316
-0.477401
-0.502238
1.168377
-0.187159
-0.409036
-0.209354
0.590962
0.944355
-0.644242
-0.250487
-0.730578
-0.086116
0.506377
-0.903058
-0.025524
-0.611461
0.271186
0.162160
1.664361
-0.309980
-0.742094
-0.566748
0.574031
0.702351
-0.397617
0.387533
0.069620
1.029782
0.121701
-0.786267
-0.250527
-0.510315
-0.227957
0.143483
-0.346808
-0.584979
-0.855921
0.383847
-0.509491
0.474964
0.409204
1.163298
0.378935
0.752382
0.769748
0.997125
-0.030568
-0.514527
0.136777
0.322721
-0.444650
-0.364886
-0.197519
1.262081
0.615211
-0.068627
0.835153
-0.875725
-0.510794
-0.723563
-0.633060
1.708099
1.706284
-0.683053
1.017239
-0.703713
0.806046
0.051894
0.143137
0.702719
-0.764998
-0.751278
-0.381245
1.119556
0.060765
-0.613957
0.732711
-0.863941
-0.520987
-0.448656
-0.497058
-0.832399
0.857467
-0.548430
-0.505520
0.251281
-0.634974
-0.400975
-0.406452
-0.682994
-0.649579
0.219629
0.429364
0.293177
-0.845028
0.101522
-0.873635
-0.323680
0.966408
0.145072
0.763444
-0.945044
-0.462933
-0.731433
-0.590718
-0.659251
-0.276455
0.875804
-0.279214
-0.129219
-0.007196
0.607730
1.804652
0.657309
1.336211
0.055987
-0.661856
-0.062506
0.650156
-0.662539
0.694354
0.691714
-0.870778
-0.771892
0.817455
1.379893
0.638436
-0.215138
-0.685475
0.167975
0.098352
0.351188
-0.500074
-0.187621
0.251771
-0.206691
0.995333
-0.093403
-0.910545
-0.616083
-0.809348
-0.587925
-0.854278
0.517658
-0.582900
-0.837112
-0.944009
0.394107
-0.257962
-0.616167
0.720698
0.528197
-0.102638
-0.512943
-0.734625
-0.403845
-0.205928
0.358661
0.007130
-0.454226
-0.790291
0.278306
-0.821935
-0.677818
-0.457274
-0.838894
0.672597
0.084226
-0.502143
0.632431
-0.890650
1.218836
-0.046426
0.864502
-0.723675
-0.350008
0.286156
-0.557246
0.496476
-0.274556
-0.782297
-0.507498
1.821641
-0.580364
0.397462
0.853702
-0.463542
1.188389
0.668935
-0.173700
-0.602277
0.839398
-0.092637
0.129598
-0.215689
-0.633686
0.578998
-0.811949
2.229951
-0.058955
-0.581616
-0.227209
-0.642367
-0.444839
1.044064
-0.485433
0.179723
-0.499020
-0.332861
-0.055584
1.264159
0.316884
3.287034
0.450375
0.722157
-0.827658
0.652355
0.563710
0.939812
-0.093597
-0.497173
-0.185720
-0.689246
0.418175
0.957101
0.670222
0.954446
-0.135085
-0.771302
-0.636779
-0.806613
-0.138205
-0.733531
2.145101
-0.126700
-0.242035
1.803431
0.323180
1.270536
0.376046
0.278742
-0.179370
0.109317
-0.236683
0.263860
-0.669880
-0.934078
0.528038
-0.460916
-0.595671
-0.010236
-0.868489
-0.492003
-0.613145
-0.904182
0.450592
-0.465055
-0.360648
-0.881091
-0.614913
-0.539770
-0.473846
-0.682753
-0.492600
-0.263686
0.082584
-0.697358
-0.820073
-0.100012
-0.020279
-0.815654
0.109547
-0.520176
-0.102667
-0.110870
0.249287
-0.755493
-0.185421
-0.825853
-0.940460
-0.750056
0.626099
-0.174118
2.345711
0.377089
-0.607862
-0.267645
-0.011245
-0.205446
0.544852
-0.445647
0.034806
0.670356
-0.455208
-0.595706
-0.121494
0.354975
0.631329
0.224001
-0.298069
-0.308590
0.015431
-0.298635
-0.376523
0.152345
-0.925654
-0.851573
-0.451977
1.209631
-0.242873
0.937292
1.214610
-0.830263
-0.451300
-0.115913
1.340395
0.712581
1.614305
1.569286
-0.617937
-0.227415
-0.668352
0.256470
0.172131
0.126689
0.694258
0.694124
-0.459334
-0.794898
-0.768949
-0.599926
-0.445120
-0.103306
-0.175942
-0.419498
-0.015746
0.963064
-0.790959
0.372057
-0.860737
-0.810685
-0.146227
-0.745116
0.329495
-0.426542
0.964323
-0.127541
-0.395035
0.302110
-0.796325
0.509617
1.839483
0.888406
-0.748133
0.340001
1.375116
-0.708642
2.070454
-0.457158
1.300302
-0.281149
-0.374971
0.002607
-0.532568
0.113991
-0.359311
0.628943
-0.798994
-0.922071
-0.753283
-0.020107
-0.765974
0.990830
0.015357
-0.534759
0.278503
0.085580
0.195715
0.385672
-0.826239
1.367976
1.872536
0.351284
1.520219
0.942143
-0.487806
3.579789
-0.410751
0.590000
-0.316554
-0.661298
-0.711989
1.099057
-0.265766
-0.106716
-0.810757
1.272567
1.012782
-0.175057
-0.229064
0.173232
-0.407278
-0.109230
-0.436555
-0.093077
0.128862
0.394898
1.498661
0.729100
-0.714927
0.489013
-0.404258
0.690255
-0.421914
0.314765
-0.927381
-0.850859
0.391563
0.154648
0.331294
-0.601873
-0.623296
0.633375
-0.492049
-0.839704
-0.476061
0.144439
-0.617256
-0.162214
-0.853940
0.040131
0.378895
-0.468303
-0.695414
0.024027
-0.031934
-0.784307
-0.905420
-0.386926
-0.620479
-0.604160
-0.340166
0.149262
-0.389037
-0.553725
-0.145203
-0.459864
1.238304
-0.764253
0.740155
-0.819627
-0.845057
0.349074
0.340654
0.878813
0.597504
0.612766
0.960644
-0.644504
-0.714541
-0.111242
-0.263512
-0.681597
-0.250376
-0.223130
0.004329
-0.760619
0.708789
1.708637
-0.628520
0.219645
-0.828535
0.460012
-0.924472
0.566459
1.637380
0.271906
-0.542718
0.903093
-0.139558
-0.722193
-0.471652
0.113401
-0.588184
-0.561942
0.617166
0.600480
-0.544655
0.959123
0.430115
-0.886547
0.831917
-0.026662
-0.177034
-0.261674
-0.391583
-0.320879
0.625612
0.135545
-0.628992
-0.873413
-0.687220
-0.625404
-0.108555
-0.041402
-0.246819
0.418053
0.344764
0.612171
-0.056933
0.742089
0.090418
-0.311880
0.727413
-0.070640
-0.800055
0.508300
-0.647256
0.178348
0.459795
-0.802053
0.220446
-0.545102
-0.072538
-0.649038
0.526770
-0.677043
-0.435790
0.246641
-0.768512
2.905650
-0.221228
-0.956717
1.781001
-0.333222
-0.362892
0.036031
0.135691
0.127093
-0.810094
-0.292536
0.573833
0.678848
-0.399139
0.477586
0.670799
-0.539981
-0.864386
-0.817534
-0.250176
1.328696
0.849776
-0.601675
-0.287684
0.831306
0.729483
0.653642
0.302310
0.771482
-0.393259
-0.536874
-0.836623
-0.957905
-0.476122
2.244546
0.135236
-0.654185
0.374636
-0.557897
1.371270
0.576169
1.819309
0.793123
0.612491
-0.844297
-0.607861
0.172853
1.718939
0.617567
-0.504085
1.842425
0.883766
-0.537096
-0.244434
-0.919983
0.576810
-0.351593
1.184494
0.166594
0.141573
-0.867271
-0.721214
2.129979
-0.106689
-0.376669
-0.556314
-0.501855
-0.411132
0.116717
-0.650358
0.738845
0.103330
-0.163149
-0.796813
0.077322
-0.012411
-0.896774
-0.750834
0.746986
-0.106650
-0.076175
-0.455358
1.244923
-0.733629
0.195588
-0.764819
0.206450
0.126578
-0.644205
1.024641
-0.398591
-0.679319
0.495899
-0.714961
-0.348248
0.369894
-0.045907
-0.347189
-0.335666
-0.147432
0.905478
-0.286488
-0.713327
0.181377
-0.132896
-0.633190
-0.620865
-0.892973
-0.320997
-0.068767
0.245849
-0.619831
1.123483
0.371855
-0.697275
-0.065437
-0.720123
0.564218
-0.330498
0.590784
-0.538711
-0.269222
-0.202459
-0.556161
-0.816527
-0.299693
-0.213236
0.229470
0.750767
-0.520504
-0.784586
0.560804
-0.162525
-0.864633
-0.311425
-0.064532
-0.789978
0.561300
0.773020
-0.653276
-0.162555
-0.173091
0.364664
-0.739465
0.855823
1.609986
-0.122929
0.694298
-0.392775
-0.168985
-0.351649
-0.556381
0.543222
-0.479810
1.503268
0.237807
1.282998
1.357890
-0.795878
0.290267
-0.251089
-0.367544
-0.636134
-0.147766
-0.642676
-0.510471
-0.056339
-0.302501
-0.600268
-0.834314
-0.692201
0.068434
-0.926460
-0.178318
0.710057
0.478763
0.347509
-0.410923
-0.227838
0.098365
1.452780
1.633499
-0.582496
-0.862372
0.154498
0.203899
0.739802
0.364954
0.211087
0.183607
0.012036
-0.777656
1.558840
0.782879
-0.839196
1.650013
0.718489
-0.445293
1.668591
0.972347
1.498996
2.960700
0.872224
1.422479
0.717008
0.888491
-0.141230
-0.205937
0.232382
0.728293
-0.185041
0.963790
-0.541822
0.289421
1.006269
-0.773169
0.325038
0.313351
0.548856
-0.014195
-0.200245
0.196621
0.320882
0.422700
-0.868629
0.205666
0.167992
0.259299
-0.185836
-0.537606
-0.181388
-0.430261
0.155309
0.449993
-0.841667
0.174503
-0.929247
-0.778355
-0.891595
-0.220775
0.093463
-0.016455
-0.604364
-0.219187
-0.900369
-0.073814
-0.759617
-0.751817
-0.783786
-0.274025
-0.770176
-0.460535
-0.133808
-0.783903
0.204175
0.437353
-0.790300
-0.213766
0.741115
-0.163623
-0.475708
-0.113026
-0.904171
-0.543650
0.503587
0.332788
-0.612673
-0.302087
-0.209094
-0.325008
2.150164
-0.802784
-0.241508
-0.898196
0.149179
-0.494731
-0.448476
1.368912
-0.462121
-0.780589
-0.279659
-0.395782
0.144750
-0.401376
2.064383
-0.064207
-0.241865
0.729376
-0.141961
-0.307868
-0.599866
-0.733898
-0.448601
-0.141571
-0.290152
-0.478478
0.332482
-0.798569
0.001385
0.276770
-0.662963
-0.698396
1.681529
0.447667
-0.569775
0.043314
-0.518475
1.248504
-0.241131
-0.186125
-0.705137
-0.894109
0.627553
-0.051959
-0.517660
-0.254614
-0.507650
1.940173
-0.094290
-0.926039
0.692461
0.384965
-0.697753
1.174783
-0.615281
-0.337278
0.212515
-0.550871
-0.224549
0.681176
-0.891999
-0.431155
-0.345310
1.045509
0.498002
-0.003002
-0.233450
-0.740220
-0.077485
0.071277
-0.766393
-0.423147
0.062716
0.787019
0.201857
-0.402166
-0.850555
0.060366
-0.299927
0.478413
1.516685
-0.636014
0.244510
0.557807
-0.663051
-0.883036
-0.229380
0.302034
-0.663822
0.786737
1.691523
-0.065195
0.070580
-0.828948
0.021287
-0.845175
1.346772
0.834128
-0.825426
-0.616377
-0.759905
-0.382200
-0.585712
-0.591159
1.373337
-0.643882
1.659568
-0.495947
1.054673
1.782776
0.436577
1.055429
-0.063923
0.315774
1.138713
0.020839
-0.003601
-0.617979
0.188774
-0.811606
0.231646
-0.607966
1.350433
-0.095865
0.180942
-0.731083
0.312773
1.599399
-0.029925
0.491415
0.862593
1.364947
-0.117503
1.126005
1.109603
0.118286
-0.566713
1.059310
0.904486
-0.636241
-0.766363
1.056729
-0.073490
0.892469
-0.943274
-0.487703
0.717323
0.510719
0.397091
-0.630234
-0.593674
-0.134599
-0.714395
0.295266
-0.736570
-0.856554
-0.400891
-0.877698
0.133182
-0.814387
-0.421716
-0.727830
-0.115381
-0.335542
-0.131817
0.670987
-0.810805
-0.696720
-0.645827
-0.776093
-0.440004
-0.591416
-0.085620
0.889795
-0.663017
0.132180
-0.468835
0.640698
1.995169
-0.528005
-0.868705
-0.820553
-0.696926
0.074016
0.214451
-0.922505
0.065321
1.580207
-0.551370
0.312416
-0.024997
-0.880195
0.935187
0.139302
-0.047529
-0.213790
-0.047635
-0.360643
-0.654804
-0.899858
0.372063
1.338864
-0.428587
-0.168049
0.009177
0.177768
-0.206537
-0.412971
0.379870
-0.008393
0.573867
0.655080
-0.470552
0.143402
-0.798299
-0.669576
1.097081
-0.724662
-0.305698
-0.536986
0.027451
0.097685
-0.846921
-0.118717
1.263257
0.999248
-0.406750
-0.360968
-0.774411
-0.557475
1.166628
2.000484
-0.644095
0.711666
-0.718258
0.030650
-0.783138
-0.153940
1.938752
1.138598
-0.523573
0.146160
1.307313
-0.886373
-0.129727
-0.428325
-0.745256
-0.074809
0.502694
-0.857273
-0.039095
-0.814892
0.211166
0.157327
0.040428
0.585634
2.193070
0.802095
-0.301541
1.060435
-0.914150
-0.350846
0.489664
-0.675801
0.280943
-0.805056
0.300984
1.069677
-0.347852
-0.078466
0.803772
0.210793
-0.317180
0.540085
-0.083791
-0.845051
1.918714
-0.562239
0.476527
0.264789
2.188424
1.699043
-0.843773
0.250883
-0.006669
-0.517247
-0.161214
0.520251
-0.865440
-0.585380
-0.087200
-0.212491
-0.814254
1.428270
-0.178964
-0.670511
-0.888757
0.641510
0.036281
-0.366862
0.874442
-0.752145
0.349725
0.424795
-0.471179
1.843902
-0.485722
0.399248
-0.648188
0.181543
-0.764757
-0.771855
-0.815301
-0.198965
-0.801236
0.028523
-0.384461
0.913515
-0.236226
-0.190988
-0.208611
-0.131128
0.280979
-0.944360
-0.714250
0.172383
-0.358859
-0.054767
-0.801745
-0.526446
-0.877740
-0.246752
-0.411904
-0.776187
-0.391765
-0.419452
0.380636
-0.137739
0.494580
1.973360
-0.310204
-0.848703
-0.701182
-0.403228
-0.189512
1.195840
-0.437821
-0.695049
2.499259
1.217468
-0.814660
1.039307
1.095741
-0.126228
0.551685
0.245429
0.401916
0.303875
-0.052889
0.135443
-0.762697
0.008295
-0.722183
-0.682242
-0.477049
-0.275186
0.916511
-0.398715
-0.372792
-0.657139
-0.432291
-0.330428
-0.941928
-0.596932
-0.288566
-0.859210
-0.659221
-0.461924
-0.298324
-0.026359
1.764919
-0.681024
0.794048
0.261249
0.400035
-0.820866
1.057895
0.300417
1.179142
0.273038
0.253011
-0.061412
0.173614
-0.790674
-0.923736
1.506819
0.694714
0.158145
-0.350074
-0.920147
-0.316833
-0.236571
0.680020
-0.564118
-0.922073
-0.569620
0.309224
0.136067
0.732221
0.373043
0.478243
0.196842
0.336781
0.271543
-0.656818
0.768555
0.149225
0.036236
-0.079813
0.295736
-0.569496
-0.799454
1.099688
1.536612
-0.229425
-0.278394
-0.418614
-0.168817
0.351978
0.693757
1.149567
-0.280921
0.321587
0.640981
-0.130603
-0.834931
-0.698984
0.888731
-0.298485
-0.584782
-0.346571
-0.385370
-0.855147
-0.115793
-0.330076
-0.518420
0.681317
0.559467
-0.489862
0.698862
-0.980583
2.101747
0.531317
-0.602694
1.219801
1.017329
-0.698840
0.086891
0.364652
-0.378954
-0.846080
0.250761
-0.128567
-0.169243
-0.094829
-0.179704
0.174013
0.184936
1.541615
-0.730860
0.894519
-0.479564
0.994561
1.069357
-0.698512
1.754409
1.533999
-0.298163
0.236416
0.462742
-0.227180
0.453041
0.737939
-0.859152
-0.438800
-0.049898
-0.914926
-0.557269
0.441789
-0.818147
0.569264
-0.615729
-0.629742
-0.723950
-0.487161
-0.645250
0.274776
-0.312249
0.136562
-0.014283
0.532674
-0.334148
-0.335913
-0.100302
0.809005
0.761665
-0.427586
-0.641201
-0.918010
-0.542380
0.087176
0.793988
0.385426
1.028087
-0.278272
-0.561895
-0.900551
1.301981
1.882090
1.392359
0.020781
-0.464353
-0.480763
-0.840920
0.135602
-0.086403
0.789528
0.092224
0.089887
-0.019189
-0.601812
-0.831651
1.141697
0.795783
1.202334
-0.835002
-0.723797
-0.196389
0.781061
-0.821045
-0.096258
-0.761803
-0.741000
0.273787
0.201775
-0.510554
-0.320926
0.402479
-0.508159
0.105927
-0.571015
-0.005073
0.602380
0.878713
-0.470983
-0.510880
0.355558
-0.798761
0.483949
-0.935852
-0.897819
-0.544436
-0.535106
-0.475318
0.094193
-0.563777
0.051968
0.024994
-0.290658
-0.903277
-0.752055
-0.816696
-0.783466
-0.612329
-0.225092
1.284494
-0.595795
-0.703615
-0.831036
-0.800372
-0.270529
-0.681445
0.915075
-0.622844
0.453258
-0.326714
0.367874
0.388111
-0.454009
-0.957519
-0.590887
0.346298
-0.699245
0.044673
-0.025973
0.269743
0.152403
0.169547
-0.693822
-0.532131
0.590061
-0.646248
0.649440
-0.218649
1.538388
0.252306
0.361136
-0.679761
1.472945
-0.857816
0.826431
-0.139798
-0.295961
-0.586388
0.991658
1.919270
1.576099
1.568242
0.903985
0.578890
0.072268
0.436718
2.043621
-0.390969
1.518975
0.439423
-0.355877
0.288436
-0.220786
0.234396
-0.492747
-0.760506
-0.426435
0.828392
1.583056
-0.345784
1.957489
-0.732604
-0.963892
0.444389
-0.318687
0.406865
0.700782
0.004495
-0.787542
0.878525
0.351724
-0.823543
1.223320
-0.960448
-0.702123
-0.856832
0.397740
-0.731342
0.676491
-0.276184
-0.883561
0.252688
1.710759
-0.018367
-0.072904
-0.600780
-0.654023
-0.010133
-0.575673
-0.886952
-0.378679
-0.792954
-0.472158
-0.659650
0.164236
0.634361
-0.329174
-0.399825
-0.656144
-0.770187
-0.301384
0.361998
-0.187039
-0.778146
0.593491
-0.572765
-0.183393
-0.745424
-0.808317
0.031056
1.145218
-0.182778
-0.598861
0.534481
-0.637088
1.163930
1.983510
0.688739
-0.429778
-0.398927
0.990735
-0.051563
-0.640672
-0.630136
-0.219562
0.040133
-0.229236
-0.751820
-0.214373
3.507965
-0.128466
-0.207178
0.452168
0.606807
0.126678
-0.588010
-0.692749
-0.058393
0.755097
-0.856501
-0.295814
0.139143
-0.852420
-0.017171
-0.599119
-0.658089
0.008172
-0.541254
-0.138650
-0.488818
-0.086054
-0.696309
0.710066
-0.579596
-0.588382
-0.149241
-0.482216
0.314358
-0.107487
-0.094014
-0.426340
-0.278333
-0.883746
-0.815025
-0.480501
0.173273
-0.670971
0.178490
0.585206
-0.594400
-0.633903
0.524318
-0.431789
-0.987484
-0.667843
-0.925785
1.049530
-0.586020
-0.711234
-0.572587
0.120599
-0.430557
-0.787160
-0.716235
0.780961
2.808686
0.428560
0.783861
1.257917
0.564489
-0.339405
0.865488
2.300482
0.339024
-0.333180
0.796157
0.124156
-0.723857
-0.699979
-0.581210
0.811954
0.652074
-0.342343
0.464278
-0.091381
-0.713005
-0.165417
0.290100
-0.711522
0.211128
2.546961
0.486872
0.450979
0.269783
2.410646
-0.583373
1.719859
1.012810
2.181484
1.072330
-0.412470
0.153387
0.353502
-0.475813
0.044535
0.770311
0.370901
-0.232952
2.436873
-0.052927
0.353875
0.494662
-0.429989
-0.592967
-0.712523
-0.283592
0.438302
0.605842
0.643696
-0.295896
0.954746
-0.057298
-0.112799
0.989675
-0.739266
-0.839818
0.476504
1.183334
-0.913993
-0.587674
-0.479494
-0.773602
1.066187
-0.558254
0.325529
-0.737196
-0.884934
0.249612
-0.186750
-0.780731
0.346116
-0.920510
0.550672
-0.768558
-0.656434
-0.551878
0.366939
-0.027826
-0.424808
0.329470
-0.060709
-0.424295
-0.787477
-0.733004
0.088620
-0.801773
0.083758
0.258199
-0.795776
-0.657672
-0.462236
-0.373031
0.297678
-0.841169
-0.424731
-0.491038
-0.776577
0.046986
-0.506995
-0.406705
-0.674077
0.194414
-0.140997
-0.834970
-0.285110
-0.221449
-0.172605
0.308438
-0.529928
0.956697
0.084136
-0.875287
0.206888
-0.960896
1.642883
-0.620607
-0.752132
0.426347
-0.400749
0.759827
-0.676145
1.504950
1.484088
0.654485
-0.779625
-0.372658
-0.853456
-0.210437
-0.745807
-0.092483
-0.676567
-0.569703
-0.047107
-0.587606
3.240371
0.504530
-0.025718
-0.192583
0.862789
-0.544583
0.796631
-0.277438
0.069073
0.419043
0.552743
-0.452690
-0.736062
-0.267589
0.990791
-0.827539
1.512113
1.021521
-0.272452
-0.244976
-0.375111
-0.369702
0.147605
0.282608
1.904528
1.931191
-0.259937
0.006040
-0.292147
-0.826139
0.518710
1.817858
0.286746
-0.329768
-0.677326
0.774341
0.479256
-0.871253
1.137159
0.166477
-0.148285
-0.578280
-0.881798
1.131824
-0.809296
-0.745412
-0.677932
-0.841888
-0.814258
-0.498262
0.578463
-0.774768
-0.849777
-0.355102
0.871419
-0.785067
-0.887008
1.035184
1.454297
0.605117
-0.698070
-0.543762
-0.568376
0.980951
-0.158291
0.715614
2.657173
-0.706927
1.607960
1.223042
0.406072
-0.279380
0.037474
-0.325941
0.529820
0.427666
0.747318
0.710971
1.266249
0.234894
0.940263
-0.274374
-0.610718
0.769199
0.037140
-0.176693
-0.865321
-0.645680
0.662145
0.981795
1.162196
0.717707
1.122289
0.220679
0.816783
-0.792769
-0.399068
-0.838059
-0.145238
-0.364893
0.200278
-0.410750
-0.857612
-0.987337
0.357569
-0.549936
-0.595709
0.055225
-0.812332
-0.536247
0.818187
-0.921224
-0.102197
-0.183298
-0.725171
-0.847155
-0.264953
-0.940081
-0.293557
-0.583054
-0.741518
-0.487786
-0.808210
-0.306805
1.295135
-0.800025
-0.518849
-0.337211
-0.788568
0.715134
-0.046922
-0.495161
-0.552991
-0.924491
-0.677252
-0.660246
-0.696675
0.152473
-0.791503
-0.423785
1.497281
0.853633
-0.908793
-0.618908
-0.459319
0.936019
-0.620462
0.013498
0.398626
-0.481508
-0.192443
1.399177
0.614068
0.545631
-0.083844
2.991804
-0.063846
1.014779
-0.178439
1.000742
1.146829
0.095909
-0.779429
-0.362425
-0.175315
0.033349
-0.317397
-0.058677
-0.341936
-0.550517
1.201054
-0.702651
0.539442
0.320634
-0.214469
0.340091
-0.150305
-0.494766
-0.875810
-0.162340
-0.791055
1.445402
-0.480342
0.069448
0.405031
-0.145596
-0.039541
0.809035
0.876982
-0.947792
-0.027232
2.210778
0.018783
-0.113952
0.330234
0.290988
-0.050959
-0.624287
-0.623095
0.310670
-0.730853
-0.509485
-0.809190
0.667162
0.128036
-0.096645
-0.134801
0.839322
-0.904667
0.098656
1.084984
1.557373
0.363257
-0.259163
-0.654495
-0.634001
0.387125
-0.808075
0.040055
-0.519047
-0.761621
0.248505
-0.481959
-0.629926
0.947782
0.313431
0.101805
-0.434769
1.541819
-0.878740
0.208806
-0.861556
-0.479920
-0.480582
-0.516648
-0.689708
-0.491057
1.152109
-0.803071
-0.352180
0.237502
0.937634
2.497233
1.763248
-0.369519
0.908984
0.447518
0.905366
-0.511689
-0.310471
0.833749
0.273585
0.904763
0.171374
-0.520693
0.045350
0.017787
0.225323
0.975046
-0.587435
0.762328
-0.135811
0.372001
2.121313
0.832122
-0.432151
0.788532
-0.010200
0.894709
0.013895
0.120428
-0.550585
-0.085751
0.404271
0.273991
0.642685
-0.893838
-0.918524
0.375554
1.367034
-0.668019
-0.164642
-0.516018
-0.855341
-0.219572
-0.525317
-0.616616
-0.586676
0.214358
-0.562268
-0.483097
-0.673272
-0.791444
-0.448385
-0.681314
-0.683293
-0.781999
-0.656013
0.332867
-0.409760
0.371623
-0.668534
-0.298277
-0.452575
-0.271068
1.036863
-0.276745
-0.726924
-0.866953
-0.620963
-0.730627
0.068550
0.683865
0.663285
1.076370
-0.194513
-0.714585
0.230659
-0.647586
-0.862610
-0.680211
-0.819503
-0.226598
0.539650
-0.172133
0.597517
0.291079
0.406008
0.370946
0.801652
0.222702
-0.923531
-0.853095
-0.390888
0.516462
-0.190060
-0.226967
-0.283883
-0.613191
-0.561864
-0.596400
0.053939
0.200897
-0.820803
-0.440387
0.012378
-0.536725
-0.210612
-0.277279
0.764926
0.161749
-0.554906
-0.575919
1.711869
0.371328
1.190538
-0.954118
-0.755509
0.855011
-0.733409
-0.769880
-0.068782
-0.586249
0.618861
1.130686
-0.412599
-0.048500
-0.113095
0.271341
1.051194
-0.164042
1.344005
-0.743986
1.375609
0.398787
1.200579
-0.038017
0.526567
-0.893605
0.068245
0.606221
-0.590775
-0.556638
-0.570142
0.593325
-0.252761
-0.375918
-0.325055
-0.688247
-0.069555
-0.695682
-0.608605
-0.742862
-0.557216
0.844691
0.499122
1.306715
0.482988
-0.260082
-0.650730
1.411037
-0.688387
1.096185
-0.743607
0.642768
-0.774848
-0.816651
-0.901349
1.627186
0.278769
1.020067
-0.467177
-0.165301
-0.726311
0.186676
1.070651
-0.343654
-0.445642
1.644553
3.222015
-0.227807
0.732410
0.040437
0.418959
-0.847996
-0.158116
-0.736209
-0.087927
0.789354
-0.427724
0.355212
-0.008288
0.143284
-0.069952
-0.838547
0.708249
1.076620
0.476253
-0.198594
0.596007
0.861491
0.332077
2.626526
-0.865085
0.272966
0.252836
-0.045566
0.768611
0.137027
0.764615
-0.631054
1.492930
-0.299789
-0.270168
-0.721000
-0.805420
1.606328
-0.166349
-0.255376
0.994371
0.034036
-0.755461
-0.198812
-0.485884
0.365060
0.147373
-0.719257
-0.211537
0.209975
-0.048844
-0.455548
0.011383
-0.466753
-0.372883
-0.211881
-0.918024
-0.264512
-0.357653
-0.549615
-0.750745
-0.666032
1.051791
-0.701802
-0.262077
-0.276926
-0.862511
0.357841
-0.806323
-0.282168
0.230099
-0.733438
-0.018114
-0.788753
1.818559
-0.179996
1.213549
-0.147881
1.084114
-0.506401
-0.205531
-0.136058
-0.518304
-0.144830
-0.256849
0.546335
-0.321005
0.207136
0.053029
-0.567542
-0.942487
-0.279265
-0.301034
-0.685857
-0.492216
1.290629
-0.489740
0.904620
-0.104873
-0.831975
0.237468
-0.110852
-0.462537
0.792892
-0.750974
0.302118
-0.040509
-0.168021
-0.097338
0.381107
-0.675004
0.335844
-0.538700
0.743771
-0.151665
0.714610
-0.859075
-0.870204
-0.516288
-0.492562
-0.776534
-0.404326
0.115416
-0.293426
-0.569234
-0.227260
0.108671
-0.526816
-0.087281
2.190397
0.219747
-0.189868
-0.015422
-0.854033
-0.107412
0.138933
0.292376
-0.221676
-0.309263
-0.845852
0.654935
-0.842071
0.716379
0.969477
-0.772356
0.136089
1.162825
-0.637005
-0.248400
-0.807847
2.130408
0.416944
-0.707168
0.718480
-0.141595
0.105797
-0.915537
0.898539
1.161549
-0.131248
0.025049
-0.015211
0.189317
-0.566025
0.270931
0.167993
-0.226141
1.192288
-0.136749
0.652127
1.406911
3.044221
2.763825
0.548128
1.860333
-0.293614
0.678627
-0.602363
1.016113
0.210146
-0.025457
-0.419765
0.106421
-0.506045
-0.349305
0.569473
-0.336301
0.876184
0.037514
0.231376
-0.547673
-0.051779
0.583820
-0.626338
-0.516097
-0.946001
0.946910
0.263816
-0.079714
0.767128
-0.441043
0.557460
-0.960128
-0.630115
-0.986628
-0.820343
-0.645787
-0.678709
0.487705
-0.394223
-0.736493
-0.968479
-0.666448
-0.303820
-0.119012
-0.752365
-0.902221
-0.416014
-0.344112
0.454029
-0.950174
-0.021649
0.399045
0.028656
-0.774908
0.013370
-0.088729
-0.508158
-0.360910
-0.409693
-0.034587
-0.414975
0.772565
-0.162455
-0.681265
0.314473
0.528615
-0.236460
0.695802
1.109151
1.204647
-0.270575
0.439747
2.792468
-0.277403
0.567240
-0.163796
-0.205151
-0.024312
-0.196026
-0.363131
-0.313356
0.194931
-0.213227
-0.771371
-0.241864
-0.258317
-0.364826
-0.865177
0.220492
0.520579
0.179981
-0.939759
-0.466962
-0.237268
-0.792892
-0.907779
-0.816581
1.543955
0.383610
-0.786538
0.918792
1.873335
-0.274327
1.176139
-0.699642
-0.304621
0.586588
-0.665957
0.376265
0.610729
-0.503442
0.621323
-0.785804
-0.781170
-0.132474
-0.521167
0.397437
0.689182
0.916116
-0.852642
0.804025
0.796236
1.057296
1.595762
0.186786
-0.583813
-0.361808
-0.891859
-0.445694
-0.599540
-0.476810
-0.445904
1.469942
-0.271173
0.007559
-0.931140
0.004729
0.843734
-0.383693
-0.332842
0.226769
0.029484
0.617519
0.336811
-0.529646
0.105281
-0.227678
0.165684
0.493915
-0.685211
-0.144273
0.754757
-0.420373
0.274911
-0.847040
-0.310830
-0.762869
-0.200192
-0.557840
0.563296
0.162047
-0.335986
0.821435
-0.940140
0.194260
0.293444
0.147977
1.723696
0.760603
-0.079383
1.683632
0.301439
0.262081
0.939456
-0.496429
-0.544494
-0.240108
-0.409689
-0.609405
-0.619130
0.221697
1.252385
-0.008448
0.864808
-0.231351
0.193066
-0.248584
-0.560537
1.736887
0.058927
0.372699
1.136543
0.688460
1.103919
-0.003006
-0.243661
0.394843
1.105046
-0.578015
-0.602783
-0.526353
-0.566245
0.629637
-0.592608
-0.843736
0.913005
-0.526766
0.632509
-0.639509
-0.843540
-0.486119
1.318393
-0.853650
-0.915342
-0.575328
-0.735940
0.511508
-0.879361
-0.415436
-0.648979
-0.792657
-0.838162
-0.657824
0.287052
-0.287543
-0.180482
-0.395910
-0.248962
-0.811120
-0.484766
1.195133
0.066711
-0.164676
-0.800882
-0.204222
-0.891691
0.176658
-0.158392
-0.429515
1.617401
1.294863
-0.336088
-0.437896
0.461820
0.664672
-0.820735
-0.195220
-0.395418
0.638196
-0.330676
0.216832
-0.546926
-0.495841
0.113528
-0.577957
-0.144483
-0.159076
-0.181415
0.112818
1.321967
-0.553042
-0.197088
-0.418548
-0.596933
-0.059839
0.326041
-0.722277
0.407205
0.095252
-0.645620
-0.708027
-0.065801
-0.320857
-0.422142
-0.311072
1.202210
-0.591006
0.021434
-0.233191
-0.091290
0.521197
-0.426325
-0.903689
-0.538745
0.421948
-0.194651
-0.756308
-0.775608
-0.715575
-0.273360
0.551438
0.698232
0.155936
-0.584309
-0.354461
0.031941
-0.603328
-0.190486
-0.716617
-0.072942
-0.069069
-0.287670
1.823847
-0.882124
0.945393
0.263626
-0.279715
-0.473351
-0.670252
1.283973
0.218626
-0.808774
-0.634928
-0.715646
0.032202
1.977795
-0.868634
-0.498799
-0.742329
-0.348985
-0.008679
0.239927
-0.248583
0.163627
0.962640
-0.908427
1.729495
0.843472
-0.374583
1.046850
0.606622
-0.041933
0.563704
0.169171
-0.544200
-0.865307
-0.169625
1.634570
0.639129
0.760573
3.682266
1.583866
1.586613
0.507581
0.432953
-0.189173
0.332746
0.067480
0.231038
0.071040
0.218197
-0.148106
0.483201
0.366268
0.167200
1.540881
0.148470
-0.103382
-0.269748
0.276696
1.037949
-0.747603
0.179960
1.916893
-0.164980
-0.674479
0.561949
-0.258972
-0.272555
-0.177428
0.099312
0.832315
-0.559095
0.008881
-0.807776
1.470564
-0.373695
0.348336
-0.481413
-0.282906
0.439470
-0.842016
-0.454499
-0.929850
0.090004
-0.447508
-0.203948
-0.850378
0.890936
-0.647472
-0.487612
-0.961502
0.401932
-0.876572
-0.897237
-0.804961
-0.458305
-0.002169
-0.177425
1.200805
0.212756
0.966233
-0.819484
-0.808268
0.157303
-0.779290
0.404390
-0.140152
1.769839
-0.760533
0.743296
0.765327
0.614828
-0.471749
-0.189479
-0.071853
-0.913564
0.179927
-0.395712
-0.288431
-0.225479
0.176424
-0.310693
-0.526689
0.625056
0.292803
0.258773
-0.085305
-0.721785
-0.326807
-0.570806
-0.485309
1.189505
0.028225
-0.177128
-0.383532
-0.164821
-0.091829
-0.485651
1.169041
-0.096601
-0.603531
-0.016210
-0.076615
-0.127616
-0.612963
-0.023143
0.555847
0.430807
1.144881
1.198454
0.648769
-0.358826
0.442844
-0.610421
0.361952
0.086349
-0.240457
-0.396141
1.208613
1.023753
-0.845004
-0.495041
-0.601369
-0.835958
-0.063028
-0.126035
0.415627
-0.433844
-0.629887
-0.776193
-0.563166
-0.681445
0.657362
-0.542972
0.316237
0.057666
0.568779
-0.563111
-0.362981
-0.245464
-0.031642
0.839754
-0.487438
-0.596502
-0.225274
-0.947235
-0.294695
2.152789
-0.461361
-0.259946
-0.874026
-0.197833
0.938034
-0.538699
-0.151176
-0.061123
-0.772229
-0.239200
-0.506852
0.682465
-0.479341
0.361799
-0.269602
1.837741
-0.244630
0.575363
0.355189
1.447902
1.455835
1.542300
-0.893057
1.059706
0.262008
-0.311634
-0.623857
0.779543
0.262790
-0.502141
-0.535089
0.821690
0.118790
1.158431
-0.376209
1.632412
-0.368546
-0.224657
0.620549
-0.712983
1.390720
-0.609185
0.416919
1.814028
1.711625
-0.337286
-0.331089
1.369639
0.125612
-0.570224
0.990336
0.107238
0.505996
-0.487779
-0.446557
-0.086362
-0.931661
0.973292
0.071347
-0.501361
0.411884
-0.129018
-0.352775
0.737412
-0.565932
0.262166
-0.277796
-0.996673
-0.150640
-0.310119
-0.614074
-0.903193
-0.674824
-0.221255
-0.973355
-0.616023
-0.556181
-0.209921
-0.315471
1.020817
-0.814760
0.911580
-0.776880
0.319709
-0.064726
-0.165976
0.240808
0.288561
-0.491817
-0.933914
0.251871
-0.334602
-0.470719
0.491407
0.122738
-0.625383
-0.356675
-0.180258
-0.184594
-0.819553
-0.575757
-0.292470
-0.243930
1.032406
-0.156255
-0.436976
-0.518198
-0.051634
-0.278354
0.417220
-0.694246
-0.019549
-0.130247
-0.038887
0.134521
-0.776749
-0.957258
-0.852362
-0.412539
0.206385
-0.874082
-0.779137
-0.383721
0.597882
-0.799624
-0.382507
0.164323
1.189384
-0.027668
0.209413
0.707845
0.321220
0.315624
-0.245584
-0.555019
-0.210276
-0.517285
0.003746
-0.911628
0.129612
0.097867
2.636488
0.417065
0.936288
-0.755702
0.471812
-0.933992
-0.914352
-0.569992
-0.652827
-0.810707
-0.612557
0.104951
1.329354
-0.314316
-0.100450
1.139823
-0.698395
0.067733
0.042920
0.624956
-0.096279
-0.894226
-0.829341
0.393784
-0.494684
-0.628877
-0.199426
-0.117527
-0.642158
0.451623
-0.067895
-0.340157
1.328238
0.332930
1.349784
0.884786
0.102283
-0.644905
0.707989
-0.571987
-0.441703
-0.350341
-0.563109
-0.893113
0.159282
0.215630
-0.249331
-0.616068
1.485136
0.534905
1.995199
-0.578322
0.569391
0.720078
1.827865
0.870227
1.028022
1.246173
-0.785668
0.338240
-0.590575
0.955336
0.679357
-0.430261
0.616124
0.328588
-0.358154
0.017215
1.454022
0.346210
0.049403
1.200531
-0.301996
1.335097
1.900653
-0.787524
1.901877
-0.657698
2.149940
0.476799
-0.895908
0.503326
0.030979
-0.324228
-0.883670
0.479557
-0.520568
-0.210560
-0.015794
-0.172203
-0.288045
-0.454447
0.178567
-0.389818
-0.432041
-0.869141
0.452470
-0.028855
-0.669479
-0.581954
-0.145556
-0.831798
0.095311
-0.693192
-0.933536
-0.853295
-0.521735
0.756031
-0.149803
1.064609
-0.126724
-0.418398
-0.618080
-0.505684
-0.685789
-0.619931
-0.153037
1.762923
0.086245
0.755033
0.624700
-0.297622
-0.705166
-0.075425
1.137927
0.838933
-0.794980
-0.168441
0.184936
0.030420
-0.268532
-0.744288
-0.721367
-0.526020
0.460545
-0.171181
0.138554
-0.483225
-0.042043
-0.764453
-0.931987
-0.281122
0.078396
-0.312469
0.046719
0.153958
0.187302
-0.755015
-0.696089
-0.453898
-0.529440
1.763219
1.093637
-0.385242
-0.202850
-0.328993
-0.577821
-0.755653
0.493962
-0.755371
0.363137
-0.785992
0.059190
-0.105869
-0.054653
0.124896
0.396327
-0.003017
-0.221676
-0.380001
-0.187205
-0.904329
-0.911287
0.153535
-0.737360
-0.816770
-0.786370
-0.875867
-0.643902
0.948024
-0.426135
-0.927649
-0.490923
-0.300690
-0.635116
1.475175
-0.115701
0.663027
0.762001
-0.082516
2.082858
-0.847023
-0.651997
-0.194424
0.106582
2.383073
-0.853872
0.052853
-0.661760
-0.436109
0.179403
0.396130
2.080278
0.368021
2.198689
-0.363082
0.610785
-0.388040
-0.739572
-0.932111
0.901627
2.466410
-0.764068
0.424774
0.736921
1.632885
0.473446
-0.926996
0.710965
0.345189
-0.068600
-0.000327
1.947111
-0.366895
-0.197594
0.199538
0.644643
0.148587
-0.947954
1.415547
-0.501353
0.746392
1.629552
1.614914
0.825375
0.219065
0.258496
-0.115917
-0.280511
1.168833
0.334150
2.195179
-0.092218
-0.414013
-0.122630
-0.543685
-0.726204
-0.791017
0.585065
-0.770181
0.510836
0.493129
0.630062
-0.531761
-0.087085
-0.392835
0.916258
0.006332
-0.120427
1.337065
0.725195
0.843178
-0.017517
-0.721067
-0.248765
0.584516
-0.151059
-0.540848
-0.275534
-0.423785
0.304004
-0.867270
-0.328779
0.374177
-0.923806
-0.627257
-0.257062
-0.733714
-0.275735
-0.597254
-0.231861
-0.167817
-0.102517
-0.087934
-0.447240
-0.343133
-0.799135
-0.738779
-0.104594
-0.680205
0.380497
-0.012363
-0.091414
0.884508
-0.075287
-0.229435
-0.267586
-0.648650
-0.236385
0.813565
1.442474
0.873091
-0.274626
-0.959990
0.087266
-0.262035
-0.547591
0.456838
-0.870916
-0.210707
1.172157
1.966567
-0.562516
1.084120
-0.310886
-0.784013
-0.570603
-0.346488
-0.280389
-0.429274
-0.580948
0.859833
0.247598
0.869648
0.518271
-0.982702
-0.856928
-0.606879
-0.681067
0.879351
-0.058160
0.001566
-0.521821
-0.853707
-0.684540
-0.574971
0.131438
-0.894097
-0.476053
0.479560
-0.840806
0.150132
-0.275229
-0.279273
-0.390102
-0.770842
-0.159437
1.301097
-0.143733
0.065587
0.146594
-0.597791
-0.401981
-0.715740
-0.165508
-0.670239
-0.654856
-0.490394
0.120595
0.287168
-0.005392
-0.366282
-0.716809
-0.290953
0.598894
-0.898626
-0.564058
-0.880927
-0.470758
0.025509
0.426431
-0.486335
1.251202
-0.688574
-0.133290
-0.762788
-0.331422
0.779154
-0.607573
1.880976
-0.658867
0.130507
-0.095395
-0.598998
0.957308
-0.142358
-0.388775
1.280578
0.209894
1.902584
0.542434
0.787323
2.148408
-0.559515
0.336874
0.965126
-0.328333
-0.154088
0.333043
0.499478
-0.131581
-0.326435
1.204083
2.175815
0.330303
2.930057
0.816154
2.141395
-0.597664
1.581752
0.757777
-0.676684
0.308229
-0.836507
-0.710056
1.015742
-0.313955
-0.692266
-0.786549
-0.343015
-0.398002
-0.521295
-0.374297
-0.073381
-0.515377
2.014083
0.806826
-0.492458
-0.248282
0.235427
0.567970
0.256777
-0.845751
-0.236334
0.517677
0.313590
-0.700570
-0.419871
-0.719566
-0.645445
0.295436
-0.160025
0.811337
-0.448746
-0.587801
-0.152263
-0.412551
-0.763390
-0.556176
-0.489271
-0.914292
0.018778
-0.742783
-0.116806
-0.306872
-0.897155
-0.057828
-0.142251
0.245482
0.028066
-0.701053
-0.067387
0.111553
0.136413
-0.687785
-0.920282
-0.115564
0.345101
0.655423
1.144027
0.052963
1.087997
-0.225386
0.308120
1.191614
-0.762719
0.450126
1.296727
0.500947
-0.304126
-0.015067
-0.757293
0.015228
0.303839
-0.284999
0.541974
0.256620
0.760523
0.226797
-0.522478
-0.059248
0.631486
-0.170046
-0.386530
-0.902345
-0.633497
0.398772
-0.820933
-0.070557
0.946124
-0.558091
0.047920
-0.876323
0.219351
1.597165
-0.210931
0.469994
-0.560705
-0.740383
-0.815266
0.014372
-0.002046
0.519337
-0.259274
-0.657850
-0.582620
-0.800310
0.206693
-0.315777
-0.910962
0.004658
-0.896982
-0.548900
0.384883
-0.266140
1.046042
-0.851619
-0.883758
-0.874754
1.946984
-0.437676
-0.600351
-0.865300
-0.224535
-0.817054
0.675822
-0.835652
1.282176
-0.446358
0.867517
-0.962667
1.065827
1.272773
0.602665
-0.012192
-0.684594
-0.932879
0.203364
-0.308943
0.196937
-0.670208
1.824614
-0.760820
0.645820
0.112619
0.797255
-0.480327
-0.757193
1.291290
0.307043
-0.118164
0.072991
-0.639275
1.235919
0.955011
-0.744981
-0.353656
1.054777
-0.050235
0.270209
0.422231
0.600216
0.184912
1.001095
2.570894
2.946564
0.638540
0.622977
0.404969
0.122773
-0.556741
0.506377
-0.320748
-0.465805
0.665065
0.201949
1.104714
0.547282
-0.305254
-0.481198
-0.595738
-0.832339
0.695571
-0.480221
0.705640
-0.288996
1.580880
-0.407390
0.673760
0.194145
0.318300
0.883471
-0.111546
-0.252719
0.001677
0.544889
-0.375002
-0.300634
0.321767
0.471391
-0.429803
-0.647707
-0.476926
-0.874898
0.092150
-0.566001
0.463967
-0.024409
-0.244553
-0.493786
-0.761587
-0.195210
-0.516129
-0.824847
-0.326678
-0.674180
-0.762396
0.457858
-0.754932
-0.510885
-0.833656
-0.760525
0.729103
-0.118936
-0.629726
0.656601
1.213139
0.431447
0.050639
-0.200283
-0.887258
-0.727147
0.449065
-0.717376
0.365488
0.010837
-0.350744
0.356024
-0.951408
-0.606612
1.028360
-0.560253
-0.063853
-0.767780
-0.188588
-0.202635
-0.240643
-0.160154
0.967398
-0.378590
1.192614
-0.129895
0.191268
-0.601538
-0.810382
-0.555802
1.294897
0.676598
-0.144451
-0.865281
-0.633264
-0.291407
-0.794627
-0.452413
2.638596
-0.432030
-0.847673
-0.350041
0.223384
-0.774336
-0.340823
0.642759
-0.822774
0.559565
-0.611572
1.365926
-0.776929
0.039428
-0.415087
-0.493289
-0.376681
-0.475122
-0.420878
0.624211
0.663886
0.140988
-0.557518
-0.602978
-0.583294
0.085448
-0.452746
-0.052548
-0.636070
0.179089
-0.141470
-0.657344
0.784923
-0.465980
0.536717
-0.718508
0.990491
1.223488
0.338239
0.155946
-0.075136
-0.655046
-0.436568
0.323349
0.239349
0.123062
2.203047
0.457275
0.055616
-0.065606
0.408464
2.247749
-0.596563
-0.290778
0.585989
1.152321
0.472233
-0.034548
-0.669778
-0.517550
0.076933
0.678524
0.605693
-0.547950
0.099825
-0.150768
-0.461050
0.337928
0.005256
1.012621
2.271028
-0.121268
1.943450
-0.701863
2.516066
0.529945
-0.325034
-0.679241
0.104819
-0.498189
-0.903110
-0.090914
-0.225752
-0.468885
-0.073137
0.611655
-0.821059
0.226650
-0.813865
0.176358
0.275083
1.906813
0.137472
0.216826
0.778062
-0.274514
-0.010843
0.444286
0.090880
-0.216731
-0.704813
1.400512
0.303531
-0.012607
-0.785986
-0.159504
-0.344084
0.395679
-0.692361
-0.473079
-0.793333
-0.296488
-0.799921
0.199859
-0.079104
-0.124074
-0.237187
-0.806958
-0.526552
-0.784126
-0.905675
-0.918957
-0.330718
-0.635625
-0.506142
-0.665012
-0.575566
-0.844342
-0.540791
-0.547632
-0.794175
0.953511
-0.372701
-0.630331
0.586674
-0.869358
0.496706
0.067272
-0.054151
-0.089616
0.294636
1.098823
0.873731
1.657193
-0.795889
0.777862
-0.436844
0.273874
-0.171941
-0.774571
-0.080501
0.625187
-0.498937
1.753620
-0.806793
0.229861
1.037227
-0.259353
0.053404
0.411101
-0.683606
-0.140422
-0.088683
-0.501271
-0.326448
0.432401
-0.571753
-0.604027
-0.309713
-0.790160
-0.039446
0.282286
0.089814
-0.263770
0.241920
-0.089771
0.938878
1.381613
0.066233
-0.924830
-0.933543
-0.681256
0.010356
0.336068
-0.208995
-0.203866
-0.281071
-0.519871
-0.831868
-0.305286
-0.086812
0.806253
-0.506779
0.652298
-0.226362
-0.278134
0.987968
0.220945
0.193626
-0.833756
0.416668
0.182765
-0.716158
0.583529
0.689209
-0.297503
0.411617
-0.628081
-0.156799
0.342237
-0.705720
-0.779072
0.332315
-0.675407
-0.880808
-0.372813
1.045832
0.649585
-0.430854
1.553035
-0.409153
0.124479
0.809045
-0.923479
-0.758011
-0.841248
-0.159479
-0.551125
0.475778
0.917389
-0.505308
-0.295681
-0.971240
0.371522
-0.538008
0.579412
-0.765898
-0.841977
0.699452
-0.558998
1.019838
0.522004
0.324659
1.639175
1.145674
-0.590085
0.098736
1.646428
-0.579005
-0.193889
-0.020067
-0.260899
-0.728321
-0.376266
0.412099
-0.821133
-0.790213
0.558520
0.879589
0.968359
0.336113
-0.200079
0.120027
-0.304476
0.911853
1.510754
1.045177
2.263190
1.355588
2.040935
1.522941
-0.294552
-0.773994
-0.070392
-0.802798
-0.503678
0.039933
-0.113496
-0.093721
0.220273
0.141991
-0.646636
0.403973
-0.161334
0.370980
-0.501556
0.005391
-0.612530
-0.363558
0.245819
-0.490168
-0.799512
-0.823939
-0.674064
-0.676290
0.024198
0.847820
-0.507384
-0.874142
-0.586658
-0.473622
-0.668093
-0.342714
0.189861
0.377784
-0.238652
-0.699034
0.793804
1.131352
0.400395
0.229411
0.272369
0.470316
-0.911622
0.338399
-0.210140
1.255528
-0.766180
0.036640
0.914143
-0.487682
0.708217
-0.215743
-0.778346
-0.852330
-0.716139
-0.562017
0.152694
-0.266983
-0.177142
-0.308426
-0.409600
1.092766
1.100229
1.099472
-0.876736
-0.757192
-0.881873
-0.190862
-0.891327
1.186356
-0.877107
-0.421998
-0.804714
0.740647
1.100964
-0.451967
0.765439
0.060952
-0.352985
-0.905799
0.076676
-0.682293
0.079103
-0.062686
-0.156117
0.116766
-0.501173
-0.466146
-0.845819
-0.074334
-0.159956
1.112214
-0.730595
-0.686462
-0.527541
0.513857
1.314845
-0.537739
0.517904
-0.003099
-0.887420
0.440774
-0.824812
0.305818
-0.745637
-0.481262
-0.076308
-0.986875
-0.255228
-0.476035
1.094632
-0.698417
-0.326952
-0.052722
-0.757905
-0.107378
0.049834
0.042828
0.295883
0.963657
0.482979
-0.726907
-0.872866
-0.075729
-0.633684
-0.364053
-0.011265
2.743468
0.774611
-0.203779
0.686066
0.001137
-0.569918
-0.971252
-0.551534
0.046785
0.033249
-0.297222
-0.306737
-0.211558
0.085631
2.286161
1.239963
-0.585962
2.964807
2.107113
1.366064
-0.367257
-0.791627
-0.097298
1.315863
-0.669581
0.401426
-0.372096
-0.904604
0.070922
0.489645
1.125609
-0.694218
-0.647554
1.737861
1.736353
1.416062
0.038062
0.840117
0.399766
0.957185
-0.927449
-0.407280
2.375887
1.310687
0.324309
-0.927432
-0.425035
0.524422
1.492895
0.237295
-0.387104
1.168295
-0.855767
-0.261266
-0.675380
-0.638437
-0.037726
0.555151
-0.294264
-0.022414
-0.489742
0.120604
-0.038597
-0.018548
-0.405282
-0.220579
-0.319736
-0.756678
-0.568636
-0.410795
-0.720285
-0.723661
-0.669424
-0.780267
-0.281585
-0.527479
-0.145901
0.668373
-0.816830
0.995352
0.253310
-0.863730
2.483187
-0.030907
-0.258339
-0.506664
-0.072008
-0.771850
-0.093694
0.422653
0.489455
0.244494
-0.618769
-0.647137
-0.385403
0.439079
0.148939
-0.565910
-0.671218
-0.454589
1.308215
-0.726149
0.274996
0.676606
-0.069068
-0.933604
-0.680515
-0.104422
0.512514
-0.371280
-0.624584
-0.920632
-0.512186
0.875601
0.254642
-0.181051
-0.770420
0.192614
-0.875519
-0.630789
-0.789827
0.365685
-0.476247
1.309176
-0.769530
-0.065849
0.138509
0.068820
-0.443507
-0.880281
-0.270082
0.071666
-0.478144
-0.753188
1.209320
-0.375106
-0.542200
1.326576
0.448753
-0.537740
-0.509999
-0.874003
0.365314
-0.054372
0.944550
-0.147336
-0.220069
-0.350792
-0.684986
-0.575246
0.691565
-0.764106
0.829256
-0.307331
-0.233552
0.385513
-0.226905
-0.222218
1.309148
0.510988
-0.317990
-0.016630
0.360048
0.496915
0.565760
0.210597
-0.556153
-0.321314
0.152415
0.081892
-0.579774
0.650415
0.764977
0.134380
-0.307785
0.459974
-0.825588
0.316541
0.215675
-0.604341
-0.863407
-0.763654
-0.529701
-0.582036
1.233877
1.093783
-0.493109
0.486639
0.358066
-0.649408
0.053842
1.086198
-0.137507
1.378686
2.302823
0.660898
0.494401
2.003023
1.361234
-0.514975
-0.647412
-0.115779
0.127111
-0.241981
-0.357199
0.850431
-0.125846
2.044904
-0.387879
0.028400
0.176377
-0.400568
0.227917
0.854844
1.310712
0.452878
1.268297
0.119945
0.095648
1.086280
-0.356308
0.160969
-0.165983
-0.361066
-0.484264
-0.684182
0.137050
0.283424
-0.731955
0.881796
0.156077
0.213339
-0.842586
-0.016223
0.456265
-0.811915
0.888461
-0.841035
-0.447512
-0.670916
-0.187825
-0.921752
-0.541458
-0.864210
-0.269514
-0.223264
0.240554
-0.671698
-0.067482
-0.177275
-0.514118
-0.630992
-0.544431
-0.654565
0.820614
-0.045278
-0.425437
-0.407135
-0.870704
0.992968
-0.969230
0.131681
-0.165648
-0.308269
0.886470
0.044152
-0.759122
-0.494212
0.026922
-0.496271
-0.457477
-0.032018
-0.242002
0.356647
0.203180
0.197890
-0.572810
-0.649495
0.289311
-0.264886
0.144830
-0.754504
0.297425
0.673606
-0.004689
-0.448086
0.086913
-0.598428
-0.475260
-0.040085
-0.373912
-0.466725
-0.387153
-0.092443
0.235773
-0.424218
0.127757
0.167128
-0.314437
-0.565774
0.769086
0.885012
-0.889341
-0.930110
-0.360614
0.637893
0.256321
3.267059
-0.432675
-0.156143
-0.611422
-0.783537
-0.554096
-0.381975
-0.595798
0.867452
-0.694726
-0.684652
-0.845068
-0.138120
-0.633032
0.643958
-0.494560
-0.695905
-0.017629
-0.181756
0.289293
1.681057
-0.686039
-0.850203
0.441899
1.016440
-0.334145
1.318277
0.097186
-0.024256
-0.940367
0.090102
0.834885
-0.100743
-0.223225
0.637188
-0.099168
-0.528956
-0.670347
-0.226075
-0.629247
-0.261561
0.771800
0.598538
-0.903773
0.721844
1.526874
-0.502728
-0.197736
-0.160496
1.458148
-0.532953
-0.059847
-0.958870
0.030400
-0.354190
0.374290
-0.842819
-0.298002
1.557449
-0.256084
-0.506255
-0.603772
0.506892
2.710737
0.283091
1.377281
3.196975
0.440937
0.165632
-0.682332
-0.435136
0.151655
2.038847
-0.558584
-0.916146
-0.236318
-0.329818
-0.280555
-0.651372
-0.769604
-0.397511
-0.215622
1.799728
-0.501464
1.373136
-0.574003
0.945271
0.613286
0.201680
0.410892
0.293222
1.654272
-0.042441
-0.318073
-0.506960
-0.585315
2.668506
0.039216
1.679974
-0.191630
-0.193695
0.271921
0.367634
-0.776390
-0.220448
0.126517
0.054187
-0.615589
-0.879327
-0.544153
-0.666758
-0.753446
-0.447362
-0.792132
-0.376309
-0.649545
-0.269358
-0.559150
-0.513568
0.321887
-0.600579
-0.894423
0.864980
0.195631
0.691813
-0.640853
0.860823
1.288822
0.102895
-0.609124
0.852613
2.938258
-0.679993
-0.021940
-0.004607
-0.930668
0.542020
0.393128
0.267206
-0.536697
-0.868010
-0.283359
-0.928278
0.249308
-0.520277
1.088330
-0.019836
-0.275129
-0.688992
2.139957
-0.428815
0.029032
-0.805544
-0.645074
-0.008608
-0.197254
0.996733
-0.701104
-0.917035
0.341077
0.721452
0.024484
-0.382675
-0.484359
0.868980
-0.262420
1.288523
-0.571055
-0.679891
0.753164
0.219904
-0.199411
0.356147
0.426084
0.029757
-0.053497
-0.741446
-0.184511
-0.107851
-0.407672
0.869457
-0.000187
0.725427
-0.295934
0.344269
0.388701
-0.781624
0.022478
-0.925699
-0.103606
-0.179589
0.948900
-0.605894
0.550005
-0.414202
-0.700271
-0.389811
-0.884965
1.034799
-0.875767
-0.520267
1.106770
-0.554320
0.345697
-0.335962
-0.000754
-0.427514
0.631118
1.867653
-0.361404
-0.527161
-0.969291
0.412878
-0.804248
-0.726308
0.454363
-0.723338
-0.298650
-0.034234
0.070888
0.588710
-0.675332
-0.884692
1.420260
-0.107893
-0.490320
0.358966
0.135056
-0.536588
0.258822
-0.495457
-0.692069
0.236519
1.884738
1.405684
0.362025
1.729335
1.784415
2.851258
-0.251721
0.622134
-0.153789
-0.640649
-0.630555
0.520105
-0.539331
1.465491
0.404085
-0.281065
0.470852
0.540731
0.054913
-0.256683
-0.850562
0.026505
-0.200329
-0.325938
0.965278
-0.582755
0.513359
-0.387445
-0.191251
-0.521790
0.400089
0.808994
-0.355042
-0.432116
-0.650607
0.774032
0.110673
-0.285631
0.272224
-0.541836
-0.500850
-0.408445
-0.120190
-0.943804
0.067522
0.088797
-0.337969
-0.418978
-0.690699
-0.571555
-0.603914
-0.806167
-0.546039
0.635420
-0.293535
-0.551776
-0.704519
-0.743209
-0.569440
0.318935
-0.543259
-0.631613
0.178242
-0.226597
-0.989435
-0.276472
-0.626335
0.462626
0.718067
-0.629185
0.492650
-0.020758
-0.665925
0.528905
1.458840
-0.393972
0.644019
0.084121
-0.828063
-0.480692
0.125345
-0.153346
-0.597763
-0.832414
-0.628814
0.153155
0.700068
-0.237170
0.112230
-0.155230
-0.337282
-0.409377
1.140685
-0.446022
-0.368305
-0.699137
1.098058
0.625807
-0.244568
-0.865222
-0.804949
-0.240420
0.957303
-0.497535
-0.892046
-0.836131
1.603563
0.410487
-0.477800
0.046352
-0.215679
-0.651673
0.221760
-0.735361
-0.173818
-0.477224
1.779781
-0.553035
-0.703165
0.921747
-0.617423
0.589557
0.023518
0.410227
0.251945
0.444028
0.774596
0.705265
1.030382
0.804698
0.041646
0.366809
-0.851853
-0.489443
-0.521679
-0.199541
0.735516
-0.314363
0.325804
-0.551249
0.188482
-0.237350
-0.668681
-0.299618
-0.145585
0.712846
0.967791
0.292069
-0.519532
-0.062990
-0.457023
1.836795
0.142299
0.895256
2.376121
-0.399289
-0.668655
-0.701157
0.549119
-0.269738
-0.362839
0.417054
0.287115
-0.870220
0.227317
-0.393170
0.370338
0.355517
0.397844
0.798676
0.773891
1.854611
1.892788
-0.060086
1.865247
-0.413870
0.026329
-0.537663
-0.517419
0.065320
-0.519673
-0.070772
1.810390
0.317766
-0.394271
-0.444616
-0.463681
-0.582641
-0.393490
0.929302
1.056695
0.589821
0.493190
0.935979
-0.622834
-0.685219
1.121436
2.049949
-0.824636
0.691724
-0.006783
-0.928870
0.468077
-0.284511
-0.598095
-0.653698
1.096572
-0.249849
0.157857
-0.276570
0.241347
-0.261286
-0.797032
-0.194990
-0.530252
-0.399914
-0.093222
-0.615549
-0.397646
-0.250480
0.745947
0.203353
-0.860706
-0.338780
-0.719828
-0.215103
-0.739309
-0.313750
0.832616
-0.818913
-0.470935
-0.616049
0.000941
-0.733403
-0.127408
0.007517
-0.532463
-0.547799
-0.575399
-0.766358
0.810740
0.699263
0.751782
0.624483
0.584595
0.106464
0.081650
-0.012530
-0.323990
-0.577633
-0.607417
-0.101811
-0.327902
0.940980
-0.323304
1.405586
0.675180
0.929699
-0.329182
-0.745367
-0.061783
-0.875931
-0.630628
0.294074
-0.017238
-0.710595
-0.538859
-0.126965
-0.446434
-0.845759
0.600940
1.106479
-0.386737
-0.836819
0.669649
0.303933
-0.375090
0.295342
-0.067543
0.297380
-0.473346
0.677758
-0.218860
-0.344195
-0.356789
0.437451
-0.114694
-0.110511
-0.205415
0.178536
-0.160436
-0.047914
-0.724739
0.132120
-0.784384
-0.622527
0.308583
0.626487
-0.441805
0.255744
-0.832321
-0.321268
-0.269168
-0.505701
-0.816242
-0.358074
-0.901477
0.835271
-0.734409
0.332181
0.880628
-0.677954
-0.685356
0.307853
-0.150463
0.994823
-0.336999
0.147398
-0.104374
-0.211906
-0.757258
-0.318774
-0.784311
0.709208
0.064090
1.032116
-0.544728
-0.783045
0.493750
-0.737692
-0.432899
0.172351
0.786585
0.167487
-0.527513
0.972023
-0.599352
-0.215504
-0.215953
-0.524932
-0.788429
0.681298
0.952238
0.860515
3.243098
0.344887
0.385089
2.602967
0.065635
0.165139
0.526832
1.657378
-0.764824
-0.717970
-0.119304
1.345453
-0.768857
0.519102
1.143513
-0.787515
1.238054
-0.324315
0.504439
0.438567
0.659139
1.349565
0.057212
0.379532
0.194659
0.790008
0.545860
-0.174455
0.273453
0.274929
-0.576032
0.045561
-0.944802
0.584203
-0.976026
-0.303891
-0.682151
-0.581449
0.107554
0.712181
-0.528420
-0.700570
0.412090
-0.246359
-0.410700
-0.718062
-0.013542
-0.344012
-0.683853
-0.383041
0.038553
-0.952082
-0.422590
0.884570
-0.750036
0.198270
-0.145865
-0.918459
-0.785944
-0.361524
0.871815
-0.839639
1.227099
0.240451
0.304097
-0.500072
-0.444572
-0.145622
1.022118
2.548601
-0.277852
-0.369063
-0.612468
-0.878859
-0.439872
0.220352
0.356251
-0.857819
1.364108
0.206368
-0.883872
-0.418776
-0.848576
-0.062285
0.321539
0.829700
-0.646257
-0.060331
-0.194538
0.063606
0.918981
0.691285
-0.304382
0.402399
-0.880466
1.012969
-0.819451
-0.585392
-0.634503
-0.089419
0.204701
-0.056641
-0.405837
0.526451
0.114038
0.386728
-0.288309
-0.912351
-0.100825
-0.486902
-0.373949
-0.225937
-0.399552
-0.402255
-0.852969
-0.521145
-0.191418
-0.042006
-0.788585
0.625670
-0.744720
-0.780453
-0.354582
0.409381
-0.703507
0.483678
2.415701
-0.065127
-0.695064
-0.129431
0.149371
-0.703309
-0.587360
1.662727
-0.278288
-0.737319
1.328354
-0.128048
-0.672829
0.074793
-0.137869
-0.711048
0.041432
0.069285
0.533423
-0.362361
0.260985
0.503828
-0.215073
-0.715050
-0.471206
0.571727
0.492336
0.456542
-0.756097
0.053049
0.363790
-0.365526
0.703086
-0.963246
1.467695
-0.665624
-0.370756
-0.499028
-0.305376
-0.684576
1.312602
1.396117
0.784024
0.395756
4.120072
-0.482099
1.975430
0.661320
0.280363
0.259332
-0.340953
-0.249021
0.239806
-0.144097
-0.712100
0.085215
0.595854
-0.531727
0.740636
1.051299
-0.099530
-0.435759
-0.068912
0.655804
0.519210
-0.026551
2.208713
-0.768191
1.763418
0.239215
1.136221
0.606754
-0.610425
-0.908605
-0.808721
0.466151
-0.903292
-0.153918
0.113183
0.223998
0.012965
0.297049
0.578756
-0.765086
0.015261
-0.885535
0.141349
0.054639
-0.899968
-0.700386
-0.396150
0.258897
1.173333
0.980182
-0.656192
-0.725059
-0.390472
-0.269333
-0.880367
-0.417432
-0.837301
-0.894486
0.272012
-0.540943
-0.114764
-0.499263
-0.310654
-0.274495
0.122505
1.827656
0.802321
-0.613811
-0.399313
-0.155803
-0.367835
-0.504246
0.777540
-0.095448
-0.340483
-0.049428
-0.791045
-0.542898
-0.436909
-0.705251
0.163541
0.065047
1.118375
1.052409
0.097455
-0.596558
-0.717388
-0.068325
-0.585034
-0.838468
-0.357938
-0.266699
-0.506526
-0.535650
-0.687861
-0.875422
-0.444695
0.068537
0.296907
0.786282
1.021507
-0.661743
0.879494
-0.765043
-0.081654
-0.888556
1.461508
0.016612
-0.953294
-0.045589
-0.220871
-0.797665
0.178020
1.205112
-0.602514
-0.850907
0.225079
1.958069
1.330757
-0.002685
-0.831887
0.646501
-0.468212
-0.872644
-0.647734
-0.321435
-0.548342
-0.124901
0.012684
0.639241
-0.596204
-0.634246
0.922243
-0.359457
-0.605534
0.714798
0.997955
-0.728539
1.488241
-0.319817
-0.567055
-0.653090
-0.091774
-0.429720
-0.930078
-0.854615
0.341494
0.254222
-0.626897
1.012794
-0.764214
-0.631158
-0.661966
0.079710
-0.776846
0.104916
-0.443820
-0.501802
0.119329
-0.771228
-0.299277
0.515281
0.862909
1.013683
0.058128
0.852424
0.407145
1.054059
0.460588
-0.271055
2.053199
-0.452828
2.146553
-0.839987
0.110189
1.182572
3.336047
-0.405843
1.514750
1.445079
-0.202618
0.949379
-0.166830
0.300113
-0.091898
1.433639
0.367838
-0.229269
0.035057
0.857497
0.309083
-0.777317
-0.257541
0.729108
0.151411
0.034575
-0.611354
0.272363
1.979385
0.393325
1.352224
2.048290
0.640453
-0.751027
-0.672456
0.118825
0.182433
-0.243384
0.109226
-0.417996
-0.111226
-0.150631
-0.121165
0.245490
-0.540741
0.767499
-0.687505
-0.241988
-0.847833
-0.705944
-0.105303
-0.277999
-0.874107
-0.458748
0.108528
-0.733252
-0.638363
0.408152
-0.700654
-0.561424
-0.610637
-0.690174
-0.222118
-0.320595
-0.730674
-0.716777
0.227591
-0.697766
-0.261732
0.279093
0.942835
0.140646
1.275017
-0.787172
-0.150215
-0.741527
-0.844760
-0.770418
0.330773
0.359571
0.476737
-0.830436
0.704678
-0.715353
-0.775655
-0.108952
-0.468095
-0.008845
-0.759594
-0.293434
-0.514429
0.032669
-0.481407
0.151856
0.206612
-0.174473
0.273309
0.951556
-0.266715
1.879714
0.647584
-0.505435
0.506325
0.711678
-0.615897
0.626999
-0.535747
0.316466
0.854498
-0.267879
-0.746568
0.057292
-0.420244
-0.095871
-0.661852
0.419734
-0.013907
0.089796
-0.092477
-0.348848
-0.214184
0.774931
-0.175307
0.224754
0.117061
0.054654
-0.346444
0.525859
-0.291220
-0.501614
-0.220859
0.046471
-0.250103
-0.081688
0.237029
-0.679998
0.545198
-0.336946
-0.151257
-0.389445
-0.255452
0.407325
0.080622
1.666349
-0.202225
0.810386
-0.100479
0.420362
-0.525186
0.580095
0.761713
0.768337
0.036113
0.210532
1.262446
0.710903
0.401561
-0.649732
0.429981
-0.108507
0.098560
-0.651242
-0.018631
0.824636
-0.640043
-0.126588
-0.666210
-0.196970
-0.905150
-0.157698
-0.781693
-0.647194
0.457828
1.613151
2.756326
2.983335
3.583028
4.721518
2.796093
0.678561
-0.584088
0.226948
0.260741
1.348027
1.733252
1.929392
1.317187
0.526773
2.567027
1.181539
0.621754
0.451749
0.091922
-0.561688
-0.399536
-0.000732
-0.887156
-0.184300
-0.552818
-0.637706
-0.499251
-0.632580
-0.553852
-0.648734
-0.370719
-0.481821
0.690137
0.015740
0.253847
-0.633741
0.005784
0.289808
0.380248
0.082832
-0.745180
-0.310975
-0.203206
-0.073988
-0.819685
-0.425836
-0.846584
-0.785898
-0.697212
-0.513013
-0.260577
-0.225580
-0.742645
-0.661768
-0.397825
-0.717842
-0.706098
-0.359715
-0.726963
-0.625078
-0.071738
0.410333
-0.563155
-0.703190
-0.009121
0.439483
-0.276426
0.292673
-0.406465
-0.744386
-0.410137
-0.197442
-0.742601
0.270068
-0.419858
0.459144
-0.190907
-0.401945
-0.109637
-0.395844
-0.067951
0.159984
-0.502705
-0.718312
-0.736890
-0.568412
-0.706686
0.260483
0.041771
0.802554
-0.077102
0.053731
-0.227341
-0.474923
-0.116115
1.054685
2.476259
0.644428
0.075537
-0.382754
-0.018280
1.130777
-0.466836
0.425247
-0.612327
0.168401
-0.515980
0.233619
1.055158
-0.420594
-0.087286
-0.647837
-0.209982
0.155589
-0.088326
-0.471950
-0.111613
1.087280
0.861644
0.531173
0.351530
-0.486504
0.403327
0.858505
1.720273
-0.159482
0.484858
-0.080447
-0.840636
1.047444
-0.470774
0.370379
-0.353016
-0.508567
-0.470811
-0.587754
0.112318
-0.233998
-0.689243
-0.447448
-0.539277
-0.479981
-0.858395
0.587202
-0.338618
-0.851582
-0.722496
-0.674926
-0.328641
-0.269429
0.007102
-0.747949
-0.156040
-0.259863
0.061141
-0.385901
-0.515844
0.475401
-0.091979
-0.338086
-0.344635
0.178112
-0.299648
-0.539585
-0.049580
0.835220
-0.866852
0.112782
0.060901
1.764887
-0.628052
-0.483177
0.243995
-0.512181
-0.080171
-0.282333
0.062089
-0.722123
-0.367359
-0.614727
0.647756
-0.380247
0.766181
-0.306442
0.310890
1.045436
0.189229
-0.000538
0.916573
0.268793
1.219559
-0.215847
-0.021126
-0.306195
1.010712
-0.648045
-0.524643
-0.005668
0.378033
-0.877362
-0.455174
1.015117
0.144535
-0.350605
-0.970282
1.635331
-0.126081
-0.897645
0.485315
0.081697
-0.886986
-0.278151
-0.462643
1.312891
0.901524
-0.867235
-0.707823
-0.706210
-0.348964
-0.650225
-0.690885
-0.767105
-0.786968
0.327057
-0.548859
-0.381810
0.724175
0.897807
-0.530023
1.512911
-0.647221
-0.289544
-0.771671
-0.288438
1.028309
-0.779105
-0.922264
-0.666559
-0.406202
-0.618874
-0.404298
-0.093696
-0.201744
1.114454
-0.611524
0.023446
-0.451805
-0.385631
-0.069350
0.296002
0.355175
0.167525
-0.727498
-0.334535
0.703117
0.644600
0.333955
-0.243428
-0.766273
-0.100026
-0.582931
-0.718742
0.117830
-0.011465
1.491886
0.274285
0.173860
1.560868
0.712513
1.771253
0.573125
-0.535787
1.083430
-0.564477
0.241424
0.825991
-0.150255
0.880767
-0.955784
-0.811686
1.099829
0.454811
0.583604
0.102734
0.643666
-0.562214
0.345147
-0.104485
-0.630179
0.063853
2.728550
-0.322351
0.647358
-0.638271
2.356806
0.365131
0.744219
0.180190
-0.821073
0.227332
-0.959440
0.384608
-0.686043
-0.634010
0.140366
-0.759357
0.180121
0.710829
-0.284321
0.467088
0.028550
-0.319930
-0.739926
-0.419630
-0.232181
0.292327
-0.597214
-0.727444
-0.760853
-0.610842
0.460567
-0.285439
0.576786
-0.705039
-0.096793
-0.581479
-0.052012
-0.453384
-0.749820
1.218747
0.240411
-0.193874
0.298799
-0.506664
-0.786406
-0.727395
0.020562
-0.213630
1.253721
-0.696349
-0.113879
-0.094091
-0.549470
0.096903
-0.255973
0.289020
1.830680
0.543490
-0.619394
-0.729206
-0.139355
-0.984497
0.615813
0.141351
-0.660273
-0.397817
-0.219860
-0.321854
-0.432279
-0.254194
0.153917
-0.180391
-0.904872
0.749579
-0.942994
-0.688177
-0.632723
-0.375283
-0.877717
-0.392042
0.588591
0.461637
0.032072
-0.076199
0.879372
0.038612
-0.781873
1.039032
1.136149
-0.653887
-0.190174
-0.337410
-0.522615
-0.792572
0.463968
-0.470694
0.052362
-0.488187
-0.556277
0.990718
-0.310435
-0.712500
-0.825606
1.028593
-0.393204
-0.345421
-0.232321
1.518231
-0.285491
-0.901396
-0.289492
0.078169
0.076236
0.642094
-0.915508
0.437187
-0.610230
-0.857711
1.182588
-0.616312
0.149659
-0.961543
2.028095
1.675324
1.375592
0.057170
-0.526327
-0.106623
-0.507814
-0.189034
0.611525
-0.722438
-0.032475
0.941591
1.158070
0.178898
-0.637254
-0.718526
0.730426
-0.910106
0.019974
-0.685814
-0.376920
-0.701909
-0.622926
1.766772
0.590093
1.507162
1.538747
0.745506
0.324266
1.843170
1.003455
1.272786
-0.791511
-0.624083
0.146571
-0.745129
-0.074352
-0.207564
-0.235496
0.666920
-0.657432
-0.594306
0.473995
-0.213955
0.534107
0.932310
-0.192159
2.277253
-0.236918
0.720716
1.123183
1.587800
1.122255
0.620077
-0.444380
1.593133
-0.084494
-0.719343
-0.672292
-0.098588
0.043153
0.165227
-0.902217
0.828045
-0.746682
-0.062955
-0.914810
-0.566889
-0.849063
0.430059
-0.805552
-0.343223
-0.378652
-0.210922
0.210858
-0.073311
-0.010752
-0.831403
0.430799
-0.804601
-0.440864
0.260251
-0.649277
-0.370930
-0.734373
-0.760889
-0.062826
-0.248255
0.340501
-0.940745
-0.779520
-0.613782
0.043374
0.453285
0.980822
-0.586427
0.797408
-0.155241
-0.058434
0.890193
-0.364098
-0.434859
-0.562209
-0.475349
0.039350
-0.478308
1.481191
-0.346240
-0.846442
-0.913145
1.310218
-0.492888
1.367163
-0.201068
-0.082911
-0.842723
1.765997
-0.460902
0.505685
-0.441257
-0.198949
-0.579334
-0.036017
0.252619
0.280382
-0.707658
0.801816
-0.527933
-0.617778
0.296782
-0.493857
0.109792
-0.170554
1.132170
0.025878
-0.698429
-0.313386
-0.557587
-0.226131
-0.227485
0.179868
-0.525978
0.542037
-0.124927
0.231597
-0.076325
-0.356316
-0.619327
-0.866411
-0.344574
0.856021
0.989825
-0.281293
0.772549
-0.453367
-0.801579
-0.503667
-0.284044
1.207316
-0.585886
0.145035
-0.309788
-0.102116
-0.851800
0.799276
1.143595
-0.349146
-0.715611
-0.687330
0.563136
1.040822
-0.251912
-0.127952
0.209337
-0.548448
-0.581513
-0.053783
1.607541
0.101416
-0.811885
-0.611324
-0.655250
0.753157
0.439141
0.538177
0.234815
-0.366697
-0.765707
-0.672322
-0.633820
-0.144340
0.700404
-0.608819
0.795781
0.043868
0.186447
0.081883
0.717085
1.677776
2.099943
0.817484
0.732172
0.777570
0.770725
-0.514375
-0.167726
0.434681
-0.218522
0.408244
-0.554858
0.774193
0.420931
-0.128251
-0.019783
0.259684
0.932300
-0.225397
0.220352
-0.620146
1.046339
1.568120
0.899466
0.240809
0.366617
-0.157095
-0.415292
0.384101
-0.573516
1.341995
0.160046
-0.470222
0.408092
-0.336588
-0.766621
0.072999
-0.684063
1.085426
-0.380394
-0.419220
-0.940927
-0.209165
0.708091
-0.235175
-0.241700
-0.339046
0.452665
-0.295010
-0.516151
-0.667603
-0.354810
-0.664658
-0.909685
-0.184055
-0.279274
-0.858643
1.376932
-0.229470
0.117179
0.084521
-0.881356
-0.910560
-0.268993
0.998640
-0.705423
0.721300
0.332289
0.189573
-0.672966
-0.865823
-0.555911
1.496598
0.108583
-0.539593
0.070569
1.028463
-0.894533
-0.328615
-0.034786
-0.156042
1.324750
-0.747260
-0.857265
-0.622209
-0.654232
0.825257
-0.672281
0.432716
-0.275016
-0.128164
0.497094
-0.849713
1.129234
0.277914
-0.578133
0.683370
-0.340976
-0.372066
0.039515
-0.627325
-0.661588
-0.521454
-0.384517
0.971366
0.761927
-0.679361
-0.424860
-0.592934
1.000304
1.307036
-0.264741
0.006220
0.318269
-0.293811
-0.237554
-0.878905
-0.119582
-0.860671
0.489625
-0.448484
-0.051564
-0.422949
-0.712278
0.669594
1.030521
0.609576
-0.379930
-0.431481
-0.599129
0.771381
0.008692
0.342998
-0.620598
-0.175440
-0.545953
1.772985
-0.220357
-0.649566
1.096505
-0.407514
-0.020955
-0.860120
-0.910034
0.778925
0.003267
-0.304878
-0.644510
0.503927
-0.605083
0.249006
-0.554832
-0.123992
-0.381182
-0.732754
0.519072
-0.391997
-0.399494
-0.664450
-0.363011
-0.362607
1.780607
-0.215789
0.445892
-0.599921
-0.679445
0.986232
1.227346
-0.002601
0.896511
-0.598384
-0.291635
3.040675
1.777043
-0.529999
0.778907
0.790956
1.007192
-0.724719
-0.834075
-0.027331
0.360784
2.139529
1.025229
-0.526379
-0.498073
1.614317
2.165680
0.282700
-0.543172
0.123032
0.716672
-0.767241
-0.579912
-0.470314
1.456192
1.162715
1.749501
-0.353461
1.397735
-0.340392
-0.525847
-0.808902
0.254436
1.661579
-0.397670
-0.346055
0.713366
-0.854936
0.370562
0.305668
-0.629093
0.193893
-0.885608
0.739023
-0.166067
-0.308240
-0.562053
-0.501018
-0.089795
-0.716980
-0.352938
-0.477390
-0.956218
-0.374199
0.201046
-0.408525
-0.745294
-0.753104
0.221545
0.256795
-0.352210
-0.805577
-0.737892
-0.835243
0.643662
0.591174
0.267096
-0.321236
0.655367
0.719413
0.080353
-0.160506
-0.068297
1.035387
-0.793896
1.039066
-0.569129
0.154328
-0.653814
-0.694911
0.182695
-0.383256
-0.795412
-0.773904
0.449654
-0.648850
-0.615595
-0.461094
-0.451577
-0.469771
-0.351929
0.233703
-0.177005
-0.492232
-0.425377
-0.513370
-0.320008
1.058415
-0.571610
-0.521622
-0.257797
1.457359
-0.300845
0.902732
0.182160
0.015508
-0.559123
0.978139
-0.003397
0.140314
0.938832
-0.961213
-0.851009
-0.082325
-0.682338
-0.846793
-0.454864
-0.144719
-0.750264
-0.646946
-0.746589
-0.749593
0.921101
0.196926
-0.286459
-0.405737
0.280684
-0.804370
-0.484115
-0.145140
0.589086
-0.653653
0.001734
-0.321556
-0.535697
0.576354
-0.664029
-0.658753
-0.085674
-0.693789
0.030869
1.052184
-0.495494
-0.417793
0.620315
-0.534460
-0.537883
0.004493
1.737634
-0.318328
-0.531780
1.521839
0.960981
-0.381219
1.289503
1.351565
-0.920928
-0.639565
0.961368
0.847028
1.062165
0.040552
-0.823272
-0.350478
-0.794290
-0.431354
0.380179
1.244186
0.976794
-0.389620
-0.323172
0.573371
1.908131
-0.599522
-0.220398
0.480112
1.736778
0.025726
2.095655
1.304785
1.514537
2.435215
-0.919562
0.963281
-0.776591
0.022057
-0.290923
0.057276
-0.301116
-0.244217
0.103203
-0.060776
-0.299062
1.389255
0.216266
-0.122586
0.517530
0.161619
-0.275392
0.437836
0.890841
1.020887
-0.513387
0.849447
1.625031
0.671184
0.042190
-0.713996
0.668315
-0.627316
-0.279068
-0.569152
-0.395279
0.034678
-0.583647
-0.310506
-0.630084
-0.706837
-0.022256
-0.842457
-0.632958
-0.239645
0.649735
-0.314023
-0.595004
-0.076721
-0.671057
-0.936713
0.699035
0.254008
-0.423116
-0.420613
0.513793
-0.320353
-0.678518
0.101431
-0.601265
0.732846
-0.529140
-0.435993
0.234505
0.415556
0.905307
0.505897
-0.232000
-0.741760
-0.833774
0.279987
0.036986
-0.618398
-0.064549
0.362926
0.584888
-0.706101
0.278798
-0.801179
-0.398612
-0.349881
-0.863693
-0.406158
0.317873
-0.385353
-0.215898
0.822265
0.107958
-0.336720
0.217202
-0.006084
-0.007611
0.220124
0.050422
-0.844789
-0.427215
0.355396
0.699038
-0.493669
-0.224799
0.387607
0.276713
0.846162
-0.493639
1.326892
0.218451
-0.266104
-0.530975
-0.008166
-0.494601
0.504218
-0.742979
0.070264
0.122949
-0.100767
-0.034237
-0.620196
-0.022181
-0.464939
-0.359129
-0.250583
-0.447025
-0.503592
-0.603120
0.046299
-0.252282
-0.280320
-0.059984
-0.387377
-0.655883
-0.014344
0.117776
-0.420245
2.134326
0.268056
-0.678478
-0.849276
-0.035698
0.677407
-0.673680
-0.554632
-0.549115
-0.757017
-0.018656
-0.364954
-0.839860
0.298154
-0.435457
-0.376591
-0.179782
-0.024667
-0.713277
-0.620879
0.609727
1.177718
0.234847
0.204602
0.850821
0.161004
-0.401296
-0.509729
-0.703090
-0.674757
-0.686104
0.927427
1.172276
-0.142826
0.286786
-0.192910
-0.432255
-0.395831
0.418350
0.175154
1.202220
0.836147
0.831222
0.464972
1.330855
2.538397
2.756854
2.274681
-0.604625
0.303182
0.421938
-0.234214
0.613160
-0.253801
-0.730645
0.609980
0.077078
0.310379
0.000110
-0.405573
1.213793
0.650707
1.240893
-0.293996
0.149176
0.968340
-0.182291
-0.477933
-0.308857
1.435230
-0.442593
0.949813
1.233680
-0.070294
0.328700
0.193687
1.138272
0.049194
0.509837
0.162122
0.259071
-0.606543
1.480203
2.923270
-0.317983
-0.357207
0.748614
-0.604982
-0.781776
-0.748983
0.346320
-0.078958
-0.387215
-0.480939
-0.658650
-0.743131
0.029553
0.741200
-0.622104
-0.555610
0.156232
-0.251646
0.321388
-0.319182
-0.732875
-0.202734
-0.263608
-0.484874
-0.550848
-0.477648
-0.457228
-0.765959
-0.385242
-0.867203
-0.005594
0.162952
-0.737658
0.245189
0.422223
5.290236
