0.000000
-0.723331
-0.586831
-0.504366
-0.926246
-0.775546
-0.891345
-0.891117
-0.612767
-0.534737
-0.730814
-0.614541
-0.825525
-0.844475
-0.420359
0.006309
0.077824
-0.432472
-0.921649
-0.223331
-0.746131
-0.580167
-0.316819
-0.707150
-0.417513
0.423659
-0.000661
0.131509
-0.498667
-0.714917
-0.484569
-0.504492
-0.238000
-0.695568
-0.741998
-0.513457
-0.639076
-0.762629
-0.804157
-0.873518
-0.696329
0.094548
-0.489816
-0.594632
-0.682465
-0.525540
-0.686110
-0.778156
-0.708287
-0.873402
-0.202662
-0.471254
-0.844084
-0.356077
-0.774299
-0.808203
-0.985531
0.054343
0.093799
-0.564174
-0.828161
-0.911430
-0.876111
-0.759266
-0.782991
-0.885406
-0.712999
-0.740949
0.849701
-0.392285
-0.222552
-0.196796
-0.167111
-0.128493
-0.610514
-0.622599
-0.113334
-0.387274
-0.830804
-0.264694
-0.105013
-0.516941
-0.573378
-0.669829
-0.622541
0.578667
-0.720386
-0.763194
-0.864967
-0.342322
-0.278267
-0.645398
-0.396189
-0.894439
0.879030
2.260275
0.216628
0.031818
-0.353294
-0.609363
-0.417793
-0.555589
-0.646748
-0.889867
-0.901068
-0.487608
-0.661448
-0.483490
-0.821861
-0.954031
0.945599
0.939629
0.486502
0.077094
-0.599131
-0.561330
-0.091043
-0.398767
-0.407745
-0.522505
-0.401590
3.617640
-0.267041
-0.523412
-0.013344
0.188732
0.289601
-0.797462
-0.363404
-0.684353
-0.771765
-0.745629
-0.493038
-0.852193
-0.155838
-0.521191
-0.416608
0.748310
1.837191
-0.172684
-0.194479
-0.539977
-0.137048
-0.523121
-0.516681
-0.716255
-0.753765
0.529443
0.522635
1.094037
-0.244482
0.106026
-0.451587
-0.092726
-0.173881
-0.830816
-0.321630
-0.600700
0.603108
-0.464064
-0.577488
-0.179129
-0.484033
0.815160
1.454576
0.927148
-0.637729
-0.465579
-0.234550
0.079628
-0.078735
-0.649129
-0.356033
0.183357
2.096974
0.029500
0.528633
0.911156
0.654723
0.401184
-0.924852
-0.796684
-0.149606
0.428930
-0.266728
-0.464962
-0.408041
-0.187086
0.627340
-0.877210
1.724650
1.481394
-0.396607
-0.552480
-0.485238
-0.364046
-0.372192
-0.550405
-0.300383
0.221084
1.480388
2.720806
1.897345
0.673551
-0.425513
0.275172
-0.722628
-0.173133
-0.891550
-0.165798
-0.405879
-0.532790
-0.666186
-0.103404
-0.110603
-0.117113
1.640250
1.285470
0.069940
-0.936351
-0.939512
-0.568683
-0.506696
-0.671264
-0.531496
-0.778750
-0.110992
2.556240
0.049398
0.661329
-0.361225
0.454629
0.189522
-0.534316
-0.585264
-0.795978
-0.257837
-0.204835
-0.262713
-0.363484
-0.812426
-0.713781
-0.064252
1.600405
2.825438
-0.306423
-0.880410
-0.590056
-0.630863
-0.395073
-0.273822
-0.853443
-0.935321
0.317816
3.394164
0.116487
-0.135401
-0.216119
-0.488950
-0.320039
-0.289286
-0.310882
-0.333617
-0.466764
-0.361372
-0.325979
-0.770618
-0.567129
-0.196608
-0.655201
3.931437
0.425987
0.370310
-0.541911
-0.523969
-0.075674
-0.330542
-0.220231
-0.339013
-0.295088
-0.125378
2.912429
0.306036
-0.129528
0.214637
-0.326891
0.070628
0.002335
-0.641845
-0.397543
-0.546573
0.322563
0.058392
-0.221853
-0.340446
-0.778115
1.466483
1.010320
0.915643
-0.470175
-0.385249
-0.300187
0.701900
-0.083003
-0.539664
-0.489277
0.172710
3.301296
1.081046
-0.681398
-0.004187
-0.067013
-0.487349
0.827467
0.220262
-0.141172
0.469480
-0.616516
-0.594610
-0.078808
0.407223
1.392915
-0.008849
5.595721
-0.048217
-0.812196
-0.415708
-0.103067
0.183683
-0.139841
0.055731
-0.677861
-0.081976
1.258880
1.866717
-0.491341
-0.441487
-0.333849
-0.620386
-0.317212
-0.434079
-0.531050
-0.802614
-0.707968
-0.394495
-0.635302
-0.871187
-0.772137
-0.570381
2.134651
0.406523
-0.102598
-0.631591
-0.658966
0.248102
0.280441
-0.588218
-0.123700
-0.827563
1.539097
0.982701
-0.051259
-0.081852
0.207590
-0.382047
0.057537
-0.736770
-0.280067
0.267060
-0.782995
-0.758514
-0.251447
-0.440740
-0.137685
-0.849813
0.350002
2.115026
-0.725064
-0.926885
-0.642730
-0.631656
-0.762927
-0.261493
-0.564962
-0.752508
-0.178730
-0.258696
2.177067
-0.441384
0.087919
-0.197124
-0.977670
-0.879570
-0.868297
-0.625487
-0.790266
-0.314060
-0.804925
-0.909773
-0.627690
-0.212060
-0.421768
3.918654
-0.312122
0.091919
-0.869738
-0.705977
-0.144669
-0.600689
-0.113968
-0.405358
-0.689804
2.867504
0.805759
1.227046
0.127854
-0.489420
-0.058484
0.209925
-0.287005
-0.764094
-0.485174
0.383909
-0.409136
-0.449670
-0.445361
-0.253721
-0.255820
1.091208
3.149149
-0.456349
-0.642143
-0.835644
-0.561685
-0.574810
-0.713230
-0.544279
-0.901133
0.170762
3.776025
1.228200
0.432890
-0.051414
0.055299
-0.295194
-0.840846
0.320509
-0.768695
-0.515461
-0.747099
-0.127596
0.017433
-0.180173
-0.231183
0.242414
0.461730
1.231823
-0.627910
-0.804119
-0.191122
-0.959118
-0.387291
-0.724620
-0.842128
-0.558782
-0.590503
4.387481
-0.523257
-0.806812
-0.650872
-0.272974
-0.055143
-0.702378
-0.566843
-0.898287
-0.695965
-0.383633
-0.881954
-0.827952
-0.409249
-0.043237
3.426043
-0.077337
-0.672082
-0.543956
-0.073597
-0.663718
1.365388
0.369779
0.522658
0.194541
-0.803290
5.781517
-0.547406
-0.784742
-0.527166
2.180572
0.919277
-0.233599
0.170343
-0.111174
0.816922
-0.788064
-0.101234
-0.885006
-0.581395
0.082032
0.619863
2.460514
1.032816
-0.530548
-0.529794
-0.573375
-0.293685
0.169820
-0.720545
-0.250861
0.303130
3.715003
2.435617
-0.664312
-0.267029
-0.088997
-0.463452
-0.282226
-0.794913
-0.046912
0.052043
-0.909347
-0.378705
-0.587723
-0.169207
0.056718
0.359905
3.332687
1.557242
-0.850898
-0.272539
-0.377494
0.006165
-0.398785
-0.027736
-0.693802
2.794337
0.886818
3.713308
0.087647
-0.162838
-0.377455
-0.245069
-0.488511
-0.616852
-0.947178
-0.592424
-0.983298
-0.020760
-0.288959
0.083153
-0.665049
1.756303
1.475195
0.331066
-0.674943
-0.801316
-0.182525
-0.737888
-0.373715
-0.084119
-0.698108
1.516647
2.705100
1.458241
0.059647
-0.591921
-0.391043
-0.461454
-0.847230
-0.664138
-0.764229
-0.373434
-0.704669
-0.435709
-0.386162
0.148995
-0.427391
-0.257468
3.949027
-0.457085
-0.666689
-0.683004
-0.707163
-0.726081
-0.668990
-0.824938
-0.628101
-0.586622
0.852507
2.063878
-0.429683
-0.105319
-0.738022
-0.552367
-0.888452
-0.771366
-0.496757
-0.373211
-0.641946
-0.411161
-0.419383
-0.648830
-0.636122
-0.768801
1.180773
1.081213
-0.907014
-0.976838
-0.493659
-0.928284
-0.397973
-0.887825
-0.841946
-0.375862
-0.066093
3.716395
-0.853611
-0.283606
-0.054352
-0.206520
-0.340999
-0.596695
-0.657637
0.450897
-0.269038
-0.913697
-0.725407
-0.443300
-0.777493
-0.498759
1.965389
3.704811
1.083770
0.094744
-0.060612
0.024595
0.339152
-0.565522
-0.133618
-0.836375
-0.744942
4.094603
0.669171
-0.407591
0.523709
0.352083
-0.620206
-0.766134
0.391184
-0.858654
0.464672
-0.474145
-0.291861
-0.249358
0.954396
-0.556878
0.783632
6.254520
-0.936692
-0.602667
-0.518577
-0.897960
-0.022162
-0.678489
-0.555323
-0.670671
0.102345
1.386578
1.936109
-0.419559
-0.516111
-0.077490
0.388393
-0.552890
-0.489765
0.288650
-0.419464
-0.922616
-0.465178
-0.398089
-0.335077
-0.413443
-0.058733
4.647811
0.276023
-0.707698
-0.769290
-0.449686
-0.177766
-0.407464
-0.581417
-0.543437
-0.786567
2.270922
1.960725
-0.798453
0.043570
-0.311920
-0.476276
-0.801566
-0.195463
-0.076351
-0.541984
-0.510280
-0.893290
-0.344584
-0.161863
-0.613575
1.452364
2.168987
0.590096
-0.623579
-0.951532
-0.858468
0.082384
-0.605938
-0.661435
-0.684944
-0.109445
-0.727534
2.536554
-0.131998
0.104764
-0.500460
-0.307077
-0.325834
-0.817865
-0.797658
-0.699761
-0.902567
-0.984334
-0.644576
-0.231642
-0.327452
-0.066213
-0.518697
1.529924
-0.599747
-0.716927
-0.517846
-0.353233
0.426851
-0.572843
-0.269643
0.015763
2.285949
3.380174
0.267346
-0.158576
0.088284
-0.840187
-0.821981
-0.175680
-0.490528
-0.819611
-0.655201
-0.564675
-0.670888
-0.573968
-0.527442
-0.371757
0.371085
1.901249
-0.305022
0.038483
-0.359424
-0.366747
-0.798626
-0.539031
-0.326372
-0.709827
-0.545626
4.623112
-0.427957
-0.035309
-0.173526
1.360905
-0.416650
-0.856941
-0.133882
-0.268598
-0.686168
-0.775327
-0.914619
-0.414457
-0.661175
-0.803040
0.717819
1.566043
1.574344
-0.392664
0.686875
-0.448028
0.015105
-0.053035
-0.738863
0.105644
-0.155944
0.242854
4.860567
-0.189603
-0.620955
-0.455358
-0.776105
-0.670150
0.279338
0.301665
-0.706549
-0.623717
-0.695754
-0.380407
-0.954010
-0.506819
-0.557113
2.760918
0.479147
0.443021
-0.146871
-0.731392
-0.330363
-0.340962
-0.050501
-0.766860
-0.877914
-0.700188
5.645839
-0.293585
-0.371462
1.233567
0.688398
0.018359
-0.559476
0.201171
-0.239135
0.368889
-0.142389
-0.875763
-0.651936
-0.393699
-0.490299
1.800648
2.821376
-0.683032
-0.291528
-0.126510
-0.498338
0.667697
-0.546155
-0.025907
-0.360902
-0.285908
1.437851
3.235545
0.065964
-0.341361
0.269533
-0.665190
-0.522787
-0.843793
-0.695090
-0.714701
0.018071
-0.526384
-0.943375
-0.356002
0.343638
1.105759
1.446979
1.706209
-0.424743
-0.604018
0.095663
-0.953985
-0.320307
-0.864426
-0.816661
-0.683188
-0.767636
4.098292
-0.084066
-0.409767
0.161994
0.389675
0.034547
-0.198383
0.105181
0.100353
-0.457768
-0.898530
-0.116743
-0.497946
-0.469497
-0.533919
2.168866
0.074007
0.499818
-0.612636
-0.567169
-0.917915
-0.716293
-0.710637
-0.694276
-0.882193
-0.820279
1.641508
1.089915
-0.777055
0.034606
-0.257432
0.374623
0.171808
-0.492758
-0.312667
0.237810
-0.649395
-0.898750
-0.736029
-0.822820
-0.736819
-0.111575
2.927548
0.563153
-0.512480
-0.909122
-0.091054
-0.828536
-0.652264
-0.375537
-0.498377
-0.278994
3.395862
1.672272
-0.910883
-0.641042
0.961214
0.053864
-0.982876
-0.576011
-0.370285
-0.643233
-0.002440
0.028137
-0.821525
-0.789804
-0.247450
-0.133931
2.216744
2.029950
0.362433
-0.007237
-0.460321
0.048189
0.407521
-0.092623
-0.653782
-0.625732
-0.766599
5.463713
-0.145376
-0.388395
0.141634
1.087396
0.386493
-0.704877
-0.357476
-0.341379
-0.301577
0.249623
-0.813323
-0.843350
-0.464231
-0.821021
2.978377
-0.383600
0.449707
-0.705151
-0.632824
-0.711197
0.089537
-0.746391
-0.243960
-0.275036
0.400139
6.100128
-0.281610
-0.650770
0.477679
0.238028
0.111817
-0.467503
-0.596438
0.276940
0.056559
0.391728
-0.646068
0.128961
0.104386
1.109177
0.167602
3.180052
-0.503518
-0.635907
-0.204035
0.060966
0.250837
0.206414
0.248141
0.446717
1.383088
4.653039
0.845877
-0.197722
-0.827155
-0.744333
-0.595406
-0.854100
-0.881927
-0.332187
0.418916
-0.743130
-0.930477
-0.735301
-0.264220
-0.144375
2.180170
1.184201
-0.182418
-0.389996
-0.619065
-0.763192
-0.627559
-0.303917
-0.549580
0.135082
3.278674
0.659404
0.137468
0.004042
-0.179262
0.103267
-0.863585
-0.533034
-0.206214
-0.145892
-0.513675
-0.245772
-0.487035
0.036136
-0.852366
0.867125
0.838632
1.244711
-0.879857
-0.394770
-0.770897
-0.611162
-0.241606
-0.787767
-0.768178
1.602647
2.506550
2.401531
-0.228394
0.078279
-0.499086
-0.662467
-0.657851
-0.040223
-0.906311
-0.651293
-0.711236
-0.818871
-0.355588
-0.697820
-0.188494
-0.750532
2.136594
0.447273
-0.297198
-0.475271
-0.492690
-0.131249
-0.767009
-0.516555
-0.768359
-0.332990
2.178738
2.797478
0.440014
-0.268980
-0.182325
-0.522213
-0.855949
-0.467982
-0.488423
-0.327804
-0.236022
-0.757414
-0.691504
-0.484923
-0.806386
0.764985
4.059497
0.832394
-0.204810
-0.649291
-0.659004
-0.640097
-0.903329
0.127737
-0.876642
-0.477075
-0.325237
2.498999
0.497534
-0.211290
0.025629
-0.312820
-0.930738
-0.666079
-0.649327
-0.084886
0.005079
-0.292747
-0.650171
-0.803925
-0.755986
-0.645349
2.346942
0.403792
-0.520571
-0.615570
-0.597706
-0.910961
-0.135565
-0.481321
-0.636072
-0.874679
-0.689368
2.278275
1.873481
-0.249147
-0.701753
0.227225
-0.939346
-0.262285
0.178921
-0.819293
-0.848456
-0.759510
-0.922493
-0.159915
-0.068909
-0.900963
1.293473
0.922512
0.286709
-0.725111
-0.350180
-0.470738
0.436716
-0.677032
-0.693481
-0.380042
0.513347
0.817220
2.585470
-0.193737
0.169141
0.381639
0.514765
-0.296716
-0.325697
-0.446007
0.242282
-0.642488
-0.198120
-0.848338
-0.883014
0.161103
-0.651829
1.153778
3.516633
-0.341416
-0.207001
-0.388972
-0.028052
0.639391
-0.313812
-0.714813
-0.449015
1.408995
-0.933975
1.670787
-0.371052
0.579978
-0.364454
-0.300205
-0.220345
-0.020418
-0.004603
-0.267925
-0.133248
-0.023555
0.512961
-0.075234
1.181066
0.509139
3.588588
-0.434047
-0.149571
-0.851737
0.294180
-0.772923
-0.363736
-0.546181
-0.766545
0.189585
0.231411
1.670055
-0.442363
0.007055
-0.679566
-0.127774
-0.309987
-0.817453
-0.468846
-0.687916
-0.061813
-0.612654
-0.829326
-0.777291
-0.832586
-0.871721
3.485316
0.348462
-0.169226
-0.478651
-0.267062
-0.128248
0.143831
0.135488
-0.246000
0.149044
1.176995
1.963949
-0.719412
-0.314623
-0.796292
-0.663837
-0.085454
-0.620424
-0.509012
-0.305184
-0.668608
-0.871374
-0.941863
-0.221830
-0.519086
-0.360572
0.984514
1.443783
0.244028
-0.650142
-0.737752
-0.096006
0.345667
-0.136049
-0.184124
-0.745204
0.449420
1.748573
0.949359
-0.576055
0.755128
-0.524665
-0.645398
0.369304
-0.805055
-0.794686
-0.769003
0.131756
-0.821557
-0.591775
-0.044089
-0.874209
1.564020
2.339196
0.356088
-0.515594
-0.079642
0.297949
-0.144484
0.049809
-0.687496
-0.776724
-0.299315
1.450013
2.122407
-0.480836
-0.185822
-0.479647
-0.632827
-0.651210
-0.924723
-0.929722
-0.783921
-0.815318
-0.351205
-0.334318
-0.380028
-0.580448
0.019431
-0.488271
2.487392
-0.172582
-0.547718
-0.760353
0.218735
-0.197310
-0.887737
-0.605953
-0.716745
3.096181
2.036614
1.168703
-0.254544
0.082132
-0.118905
-0.653088
0.645284
-0.284589
-0.661663
-0.622929
-0.680052
-0.680182
-0.736866
-0.248172
-0.656562
0.488872
0.394853
2.068607
-0.369204
-0.282165
-0.700287
0.223510
0.401496
-0.609592
-0.283849
-0.441587
4.827625
2.169586
0.506424
-0.628272
-0.047507
-0.513733
-0.142771
-0.346262
-0.588060
-0.366373
-0.132544
-0.210230
-0.065781
-0.671750
-0.846761
-0.425224
1.789428
0.223641
0.635316
-0.928869
-0.191135
0.542715
-0.030001
0.100402
-0.633058
-0.635471
0.607315
1.982274
2.430515
0.150290
0.759054
-0.027202
0.209030
-0.346381
-0.729133
-0.731068
-0.688368
-0.435694
-0.897538
-0.503611
-0.767508
0.031607
0.215667
2.074299
1.003971
-0.190808
-0.682223
-0.595908
-0.045926
-0.545323
-0.287482
-0.585701
-0.517758
1.637858
1.795453
-0.129443
-0.387153
-0.043480
0.214741
0.133393
-0.704852
-0.320716
0.138659
-0.636627
-0.306399
-0.870094
-0.961052
-0.097522
-0.642798
2.074943
2.769668
-0.491886
-0.522630
-0.374728
-0.709401
-0.231731
0.302023
-0.637899
-0.221087
0.002899
1.299596
2.644354
-0.562190
0.118525
-0.047803
-0.863001
-0.310233
-0.757986
-0.943980
-0.647854
-0.714761
-0.643137
-0.741365
-0.554166
-0.446751
-0.647289
2.513920
0.358756
-0.857802
-0.555534
-0.540940
-0.012039
-0.315044
-0.161511
-0.286604
-0.041430
-0.505194
7.449590
-0.713770
-0.815823
-0.462745
0.689823
-0.220425
-0.663882
-0.648676
-0.030628
-0.529650
0.234079
-0.333122
-0.132512
0.304072
0.581050
1.392278
4.367282
-0.369600
-0.127501
0.093235
-0.364560
0.189156
-0.383987
-0.109591
-0.890372
-0.063522
3.415452
1.301949
-0.731741
-0.247626
0.137443
-0.747923
-0.052555
-0.416605
-0.198263
0.356720
-0.310438
-0.760089
-0.765583
0.124838
-0.058775
1.984499
1.829312
-0.347073
0.094282
-0.678542
0.104176
0.023110
-0.275792
-0.509195
-0.923880
0.937835
-0.027164
1.633526
-0.274550
-0.463457
-0.092946
0.142851
-0.135281
-0.736053
-0.000656
-0.608740
-0.404859
-0.937171
-0.785157
-0.340000
-0.605331
1.723353
2.608307
-0.489958
-0.838382
-0.436603
-0.867200
-0.486655
0.263220
-0.521693
-0.219745
0.044919
0.974362
1.758149
-0.523634
-0.862187
-0.613584
-0.486471
-0.902562
-0.652560
-0.850099
-0.794923
-0.638958
-0.890454
-0.696042
-0.343398
-0.655947
-0.530181
3.757673
-0.587911
-0.269317
-0.815262
-0.632578
0.035171
-0.287114
-0.401055
-0.579009
-0.123488
1.980901
0.239819
0.138747
-0.445748
-0.097652
-0.659976
-0.369396
-0.782147
-0.382942
0.128165
-0.808858
-0.393694
-0.550598
-0.490688
-0.605898
-0.210250
3.976884
0.759286
-0.092767
-0.219792
-0.800577
-0.252560
-0.261165
-0.174183
-0.614462
-0.344471
-0.549600
6.659303
-0.004512
-0.551686
0.500714
1.271842
1.024954
0.455939
-0.007880
-0.612692
-0.341067
-0.885499
-0.635503
-0.149861
0.007318
1.408652
0.041222
3.520692
-0.509492
-0.452976
-0.362453
0.675914
-0.290588
-0.013819
0.032594
0.012042
5.255499
1.864382
0.504644
-0.755767
-0.149115
-0.365127
0.000059
-0.201310
-0.046215
-0.184932
-0.626009
-0.454850
-0.621470
-0.671834
-0.014821
0.445258
0.245143
1.492744
-0.781898
-0.146683
-0.090289
-0.146852
-0.107787
-0.124623
-0.635946
0.276165
0.785502
2.267254
-0.069901
-0.532354
-0.528401
-0.634045
-0.439207
-0.529884
-0.828528
-0.783141
-0.591373
-0.659479
-0.685290
-0.565045
-0.603443
-0.715408
2.354125
1.166749
-0.197206
-0.551205
-0.813650
-0.060347
-0.277345
-0.446405
-0.183976
-0.051827
0.007388
3.153681
-0.344933
0.170009
-0.022524
-0.892976
-0.833535
-0.593394
-0.849110
-0.436268
-0.734308
-0.355487
-0.637537
-0.810732
-0.526105
-0.119174
-0.879741
1.399243
-0.779407
-0.559072
-0.954062
-0.933805
-0.617998
-0.683806
-0.329599
0.048534
0.779864
2.368750
0.314915
0.106860
0.241600
0.701263
-0.561296
-0.284569
-0.699519
-0.260851
-0.601443
-0.557787
-0.645317
0.548574
-0.040907
1.209407
1.678476
3.830063
-0.481484
-0.890415
-0.636441
-0.743156
-0.398018
-0.334392
-0.344027
-0.345341
-0.719106
7.084441
-0.294187
-0.691270
0.011379
1.372171
1.111100
-0.496760
0.681384
0.042555
-0.669037
-0.384083
-0.510320
-0.863440
-0.602173
-0.522323
2.877531
5.923611
1.007235
-0.421153
0.856443
-0.049895
-0.073989
-0.016072
0.190053
-0.747911
3.922767
1.920120
1.044532
-0.113975
-0.483219
-0.668719
-0.579565
-0.597315
-0.688720
-0.210394
-0.182396
-0.691606
-0.858829
-0.569891
-0.570897
1.620015
0.172306
2.974492
-0.567505
-0.754276
-0.848585
0.157366
-0.598556
-0.324235
-0.607597
-0.301299
2.604315
1.038354
0.153853
-0.709466
0.049034
-0.452663
-0.594889
-0.943382
-0.969982
-0.133395
-0.861717
-0.205837
-0.841329
-0.678102
-0.565091
2.526053
2.236884
0.616914
-0.744617
-0.755647
-0.553984
-0.804706
-0.539478
-0.487646
-0.355876
-0.594788
2.751188
3.565068
-0.315168
0.510988
-0.076491
-0.550881
0.502637
-0.817819
-0.271035
0.141980
-0.156706
-0.800485
-0.521868
0.073193
0.763172
0.182036
2.230021
0.648704
-0.618844
-0.470387
-0.590667
-0.236059
-0.593399
-0.557217
-0.536011
1.970688
2.746953
1.581197
0.593810
-0.833464
-0.672675
-0.636506
-0.849803
-0.864690
-0.795027
0.513419
-0.861195
-0.410404
-0.513679
-0.717985
-0.603808
2.103642
1.135838
-0.354860
-0.058439
0.069201
0.203395
-0.731664
0.320674
-0.997240
-0.336872
0.217124
1.908146
0.168678
0.281604
-0.759658
-0.814050
-0.508765
-0.689710
-0.679797
-0.383197
-0.653829
-0.614931
-0.579370
-0.029934
-0.041214
-0.632064
4.259408
-0.084487
-0.749538
-0.812941
-0.543325
-0.314658
-0.223897
-0.782447
-0.789470
0.122345
-0.572055
1.187228
-0.065160
-0.011756
-0.662937
-0.928938
-0.546561
-0.830232
-0.725311
-0.478180
-0.796833
-0.118871
-0.638201
-0.910220
-0.881130
-0.519033
-0.313360
1.431612
-0.350632
-0.527019
-0.755703
0.015612
-0.525510
-0.849228
-0.173153
-0.715533
1.662928
0.547418
-0.543475
0.024721
-0.244089
-0.018469
-0.841125
0.071249
-0.711665
0.065406
-0.776626
-0.613158
-0.426814
-0.588274
-0.302458
-0.222616
0.188401
2.727080
-0.684456
-0.448639
-0.271805
-0.657226
-0.252164
0.148971
-0.936373
-0.666570
0.421203
0.010248
0.740882
0.237990
0.076207
-0.544129
-0.112574
-0.637700
-0.309027
-0.666044
-0.490174
-0.107869
-0.889624
-0.403850
-0.603536
-0.193704
0.623427
0.899726
1.546138
-0.387073
-0.500246
-0.631822
-0.223358
-0.496334
-0.718922
-0.561157
0.704219
3.159416
1.704062
-0.519548
0.496481
0.336490
-0.291659
0.010830
-0.577086
-0.241031
-0.784611
-0.655015
-0.709816
-0.946843
-0.640366
-0.155686
-0.645263
4.508233
-0.785753
-0.294754
-0.624199
-0.657013
-0.273786
-0.651856
-0.722279
-0.560967
-0.406356
0.067410
2.521963
0.320556
0.582757
-0.120310
0.690098
0.349282
-0.711274
-0.547417
0.553316
-0.500487
-0.724729
-0.531169
-0.768105
-0.462681
-0.506375
1.959849
1.638257
-0.770653
-0.683448
-0.905000
-0.731159
-0.211999
-0.435664
0.470197
-0.586239
0.887227
2.479589
1.222210
-0.875424
0.386220
0.373258
0.640526
-0.531343
1.225971
1.166257
0.844186
0.093254
-0.683716
-0.027940
0.365497
0.084577
1.554812
3.807804
0.131390
-0.583879
-0.372607
0.290212
0.326564
0.359537
-0.336797
-0.612547
1.426259
0.846270
3.843033
0.036629
-0.598928
-0.096284
-0.588887
0.423728
-0.654058
-0.595237
-0.547219
-0.714902
-0.559336
0.154865
0.048146
0.273471
1.837385
3.958541
0.796283
-0.369272
-0.589738
-0.595890
-0.599845
-0.715928
-0.858706
-0.660932
-0.267240
-0.115926
4.520909
-0.576228
-0.092350
-0.137484
-0.139806
-0.895650
-0.794436
-0.177828
-0.166498
-0.617459
-0.507667
-0.318493
-0.817804
-0.669782
-0.446811
1.378951
0.581822
0.357625
-0.793630
-0.406633
-0.507084
-0.741865
-0.219142
-0.921220
-0.801466
-0.354141
1.684533
1.439778
-0.807436
-0.188356
-0.805612
0.376554
-0.249980
-0.848647
-0.718551
-0.821530
-0.347152
-0.909090
0.041751
-0.527976
-0.534139
-0.562633
3.884078
0.019913
-0.237888
-0.095865
-0.401515
-0.741294
0.307132
-0.197448
0.205658
-0.871113
3.187419
0.462444
-0.838362
-0.410287
-0.585658
-0.570263
-0.185555
-0.683679
-0.593176
-0.609301
-0.191781
-0.319499
-0.471869
-0.690519
-0.815668
0.310913
-0.363977
1.182245
-0.397681
-0.352563
-0.333916
0.051818
-0.025563
-0.343042
-0.225448
-0.293228
2.937935
1.591332
0.039884
-0.284167
-0.261407
-0.429641
-0.642268
-0.360685
-0.642463
-0.799364
-0.819494
-0.657081
-0.560767
-0.725958
-0.349729
0.165329
2.927595
1.544598
-0.653365
-0.888037
-0.690177
-0.402689
0.218876
-0.548680
-0.887939
-0.745910
3.735545
1.236626
-0.033017
-0.359409
-0.133900
0.252253
-0.820229
-0.464273
-0.038952
-0.331629
0.016503
-0.289937
-0.051177
-0.234177
-0.286618
1.616824
0.940305
1.623074
-0.675565
-0.186066
-0.559908
-0.709778
-0.389986
-0.650417
-0.808866
1.376830
1.453504
2.976527
0.054571
-0.910253
-0.546786
0.600445
-0.815393
-0.473816
-0.974774
0.279280
0.399396
-0.490116
-0.134598
-0.269122
-0.754169
1.170225
5.974383
0.384001
0.230260
0.313540
-0.413613
-0.703222
-0.128775
0.116050
-0.400670
0.645651
1.741290
1.632244
-0.825728
0.914717
-0.282894
-0.876798
-0.537195
-0.730505
-0.306778
-0.626113
-0.512699
-0.196613
0.245856
-0.123487
1.532906
1.971125
3.594454
-0.358535
-0.245438
-0.494187
-0.410189
-0.652011
-0.610905
-0.636496
0.285693
0.692041
-0.362800
1.195909
0.564522
0.110593
-0.738581
-0.578200
-0.751594
0.092651
-0.314774
-0.905073
-0.461492
-0.857115
-0.820001
0.030553
-0.864439
0.499461
1.799399
-0.289386
-0.844788
-0.936234
-0.342606
-0.579230
-0.923929
-0.846055
-0.386478
1.036636
0.673367
1.192482
-0.626381
0.033105
-0.008900
-0.800797
-0.369067
-0.914974
-0.047506
-0.642710
-0.819995
-0.719043
-0.339927
-0.549228
-0.550838
0.320403
2.080072
-0.401884
-0.259804
-0.751579
-0.840330
-0.345405
-0.927326
-0.567645
-0.773308
0.814617
-0.624247
1.835601
-0.601981
0.254711
-0.590056
-0.879914
-0.743792
-0.578845
0.316148
-0.677863
-0.270209
-0.762450
-0.605078
-0.169356
-0.245947
0.787652
1.549802
0.351844
-0.415856
-0.893150
-0.845444
0.008402
0.473044
-0.784420
-0.378713
0.747813
2.595173
1.056797
0.136174
0.753731
-0.187160
0.875974
-0.766550
-0.303450
0.152397
0.462218
-0.440789
-0.085391
-0.561763
-0.936461
-0.795662
-0.669428
4.143344
0.774298
-0.843504
-0.568079
-0.851633
-0.392416
-0.787535
-0.587017
-0.123359
-0.698417
0.288439
6.812179
0.228017
-0.564511
0.328465
1.585231
1.160997
0.245641
0.982140
1.146100
0.463178
-0.235982
-0.161886
-0.499854
-0.723026
-0.637548
4.533639
1.274367
-0.597518
-0.171045
-0.462213
-0.807124
0.025028
0.010861
-0.477904
-0.061786
2.995003
2.385629
-0.125908
-0.227914
-0.194799
-0.190832
-0.473239
-0.752852
-0.797568
-0.175585
0.842512
-0.719366
-0.684536
0.199931
0.923928
1.259320
0.157964
1.711483
-0.699749
-0.866882
-0.341361
-0.224533
-0.169007
-0.751262
-0.710433
-0.103080
1.356545
2.304810
0.842181
0.180669
-0.616003
-0.404142
-0.852275
-0.221715
-0.580571
-0.846354
-0.892145
-0.803630
-0.792880
-0.550938
-0.503914
-0.121586
3.187788
-0.667458
-0.153647
-0.449253
-0.102288
-0.689469
-0.751755
-0.346062
-0.470893
-0.292485
1.381506
1.678208
-0.114384
-0.343832
0.232802
-0.540544
-0.154607
-0.892996
-0.663337
0.157984
-0.185510
-0.493735
-0.300381
0.153774
-0.027994
0.978707
3.594955
2.080286
-0.590060
-0.752675
-0.444218
-0.423746
-0.420966
-0.712960
-0.808963
-0.817539
0.657585
3.479963
0.465432
-0.977086
-0.306721
-0.544162
-0.868806
-0.501808
-0.868064
-0.471950
-0.903162
-0.680390
-0.067037
-0.671912
-0.688637
-0.767617
0.121917
1.647486
0.682619
-0.073403
-0.528348
-0.191734
-0.632687
-0.568637
-0.439614
-0.594739
-0.444224
1.585815
1.076399
-0.507682
-0.206493
-0.223862
-0.650236
-0.439853
-0.740268
-0.373084
-0.528934
-0.810679
-0.465356
-0.304177
-0.968641
-0.583926
-0.111062
0.123863
1.614076
-0.402208
-0.040457
-0.835116
0.316670
-0.843842
-0.278672
-0.712066
-0.683773
2.321161
0.038688
0.481603
-0.290000
-0.771397
-0.034801
0.060074
-0.497564
-0.677150
-0.285915
-0.856437
-0.188804
-0.729424
-0.885813
-0.275240
-0.073784
2.685046
2.335331
-0.651305
-0.659433
-0.459884
-0.866352
-0.124970
-0.444999
-0.599444
-0.478998
1.206980
6.041841
0.763823
-0.491827
0.780883
-0.003899
0.328112
-0.070777
0.310418
-0.440072
-0.848601
-0.615061
-0.138543
-0.668803
0.323876
-0.266824
0.011999
5.788351
0.011930
-0.000179
-0.340581
0.247740
-0.581305
-0.153685
0.246074
0.314864
0.115067
2.936447
1.851722
-0.727997
-0.164283
0.479327
0.667085
-0.080618
-0.025612
-0.753479
-0.938068
0.119876
-0.451611
-0.652997
-0.896533
-0.695523
0.112180
1.046370
1.942039
-0.554252
-0.505724
-0.496638
-0.282956
0.051400
-0.001341
-0.154358
-0.823547
1.289543
2.377940
-0.489761
-0.244894
-0.720955
-0.818857
-0.573167
-0.277098
-0.711315
-0.571872
-0.137363
-0.541847
-0.173176
-0.833585
0.220660
0.863225
1.307586
1.497671
-0.251329
-0.652005
-0.747816
-0.614124
-0.345715
-0.585732
-0.627183
0.037210
-0.064927
0.658034
-0.007287
-0.583802
-0.405664
-0.526619
-0.768134
-0.724784
-0.317957
0.273501
-0.154225
-0.580612
-0.159621
-0.009721
-0.088919
-0.665683
0.916481
1.369918
-0.608423
-0.910399
-0.229140
-0.515890
-0.071221
-0.698264
-0.346675
-0.351660
1.855406
2.319449
1.052682
-0.191787
-0.595637
-0.095035
-0.326304
-0.033454
-0.672249
-0.877530
-0.250177
0.050937
-0.766599
-0.886959
-0.545990
-0.838823
0.731051
1.958072
-0.379837
-0.246614
-0.935870
-0.835682
0.053768
-0.351728
-0.820774
-0.770239
0.414148
3.611162
-0.677565
-0.287316
1.156306
-0.797758
-0.055392
-0.644149
-0.729606
-0.737943
-0.809323
-0.718167
-0.780638
-0.773331
-0.249851
-0.440287
-0.241926
3.636547
0.607774
0.376389
0.560963
0.213715
-0.102916
-0.532809
-0.294795
-0.608113
-0.877074
2.269857
2.539983
-0.065769
0.193452
-0.126932
-0.185299
-0.825698
-0.777123
0.439567
-0.085993
-0.697167
-0.747490
-0.839983
0.548658
-0.011815
0.074723
-0.767275
3.730123
-0.606379
-0.319376
-0.857179
-0.969080
-0.673176
-0.521109
-0.564321
-0.662082
-0.225832
3.050211
1.894137
-0.457174
-0.699312
-0.426508
0.012657
0.026633
-0.937319
-0.053891
-0.167208
-0.733085
-0.841515
-0.285582
-0.411196
0.203558
-0.225799
1.115613
-0.178421
-0.764931
-0.906415
-0.960906
-0.716245
-0.000251
-0.819790
0.206416
-0.428693
1.449629
2.739396
-0.657406
0.924269
0.076802
1.482155
-0.858461
-0.648610
-0.786246
-0.314363
-0.665000
-0.762562
-0.612495
-0.545759
-0.624229
0.100754
3.127817
1.962709
-0.929135
-0.782994
-0.801567
-0.628440
0.180140
-0.252763
-0.127715
-0.692710
0.156182
4.687242
-0.572757
-0.726807
0.120890
0.572094
0.104928
-0.808746
0.239267
0.087000
0.311412
-0.063197
-0.614428
-0.940894
0.118756
-0.761061
1.780816
3.308943
0.595209
0.301949
-0.048919
-0.740852
0.092334
-0.473829
-0.041444
-0.393954
-0.446620
6.841513
-0.796203
-0.956266
-0.306315
0.696566
-0.223751
0.167992
-0.905875
-0.891077
-0.733122
-0.832179
-0.295967
0.878307
0.618398
0.330948
2.167952
3.927000
-0.334194
-0.762068
0.301262
-0.490264
0.301995
0.426272
-0.350176
0.369828
2.234031
4.149009
0.854138
0.362981
-0.369797
-0.686624
-0.858863
0.149117
-0.800041
-0.670550
0.372649
-0.673885
-0.844216
-0.736611
-0.428129
-0.680659
2.840285
0.747136
0.031293
-0.874375
-0.588879
-0.407437
-0.421824
-0.015541
-0.591465
-0.813753
1.497706
-0.411327
0.079480
-0.458967
-0.669550
-0.313773
-0.803396
-0.715539
-0.740633
-0.460883
-0.584439
-0.873569
-0.660943
-0.546609
-0.570812
-0.454330
-0.450434
2.635359
-0.983500
-0.871002
-0.851949
-0.684610
-0.266704
-0.789721
-0.538560
-0.111067
-0.333593
2.993788
0.432505
-0.679398
-0.816843
-0.008766
-0.182587
-0.568245
-0.873171
-0.099778
-0.308314
-0.332458
-0.471270
-0.774129
-0.960823
-0.541727
3.033414
1.280520
-0.051041
-0.550802
-0.063066
-0.078959
-0.841416
-0.309178
-0.467732
-0.008927
1.697175
-0.079197
0.171230
-0.408282
0.042983
-0.279099
-0.458898
-0.319121
-0.013540
0.101366
-0.704190
-0.380495
-0.505089
-0.691561
-0.492111
-0.393987
0.066840
4.646981
-0.363758
-0.501558
-0.622439
-0.770732
-0.046622
-0.575085
0.448570
-0.740161
3.668093
1.752269
2.187021
0.311114
-0.082090
0.942497
0.253084
-0.713163
-0.529027
0.702807
0.244153
0.378878
-0.858414
-0.798706
-0.745767
-0.963074
2.494813
0.550982
0.357370
-0.420079
-0.048173
-0.294479
0.308252
-0.266183
0.044292
-0.771803
2.030360
1.012727
-0.207937
-0.052755
-0.531398
-0.591872
-0.213093
-0.152252
-0.534734
-0.177143
-0.514253
-0.907694
-0.154412
-0.919938
0.295375
-0.089503
1.398383
3.670977
0.116314
-0.505766
-0.508283
-0.406176
-0.686689
-0.407231
-0.819309
-0.293222
-0.686226
2.620407
-0.444421
-0.314927
-0.244592
0.250427
-0.079753
-0.440210
-0.741097
-0.383377
-0.467904
-0.606899
-0.902310
-0.453922
-0.575705
-0.818148
-0.581885
5.160747
1.941010
0.290323
-0.158881
-0.595401
-0.351685
-0.101898
-0.158299
-0.571681
-0.491529
2.391196
1.257407
-0.662846
-0.613784
-0.577017
0.176111
-0.111992
-0.523535
-0.071067
0.184561
-0.781743
-0.705157
-0.905719
0.265002
-0.545515
2.340851
1.291430
0.657619
-0.842524
-0.765800
-0.061975
-0.077842
-0.492492
-0.556920
-0.753304
-0.649742
2.952679
1.600115
-0.633805
-0.333728
0.193245
-0.210460
-0.644735
-0.828675
0.393407
-0.917058
-0.760297
-0.596169
-0.339763
-0.647146
-0.808420
1.183752
1.418838
0.925725
-0.706233
-0.704088
-0.668305
-0.166005
-0.231169
-0.858328
-0.851290
0.979878
0.787975
2.459362
-0.124788
-0.489749
-0.218949
0.599439
-0.393417
-0.821050
-0.297700
-0.706922
-0.803262
-0.474306
-0.795065
0.103736
-0.724949
2.635825
1.909810
0.689714
-0.547356
-0.388578
-0.549567
-0.581890
-0.647983
-0.543414
-0.178414
0.279746
3.141864
1.853971
-0.567375
0.928061
0.002927
-0.464236
-0.427703
-0.520757
0.888082
0.031200
-0.596999
-0.078603
0.218873
-0.242381
0.875999
0.138111
3.696561
-0.756722
-0.112202
-0.890342
-0.739504
-0.847847
-0.737708
-0.647029
0.028909
1.616921
2.772920
1.443222
0.136143
0.368743
0.178233
-0.819886
-0.509304
-0.228156
-0.826817
-0.009510
-0.833128
-0.331465
-0.791154
-0.276320
-0.926807
1.900270
1.443225
-0.298688
-0.418814
-0.775014
-0.483025
-0.913320
-0.541571
-0.020276
-0.546829
1.062044
2.620470
0.293772
-0.058372
0.163524
-0.790620
-0.461448
-0.668271
0.388118
-0.395648
-0.271538
0.035306
-0.758619
-0.731411
-0.714457
-0.441078
-0.731896
2.095150
0.745932
0.088420
-0.340735
-0.373902
-0.332404
-0.825977
-0.129641
-0.401188
-0.648733
1.856879
1.263141
-0.686540
-0.727528
-0.549215
-0.564289
-0.567238
-0.444028
-0.658170
-0.797661
-0.840528
-0.390069
-0.299277
-0.786181
-0.794138
0.515597
-0.383892
1.296480
-0.101963
-0.318553
0.210161
0.038546
0.413677
-0.264940
-0.352941
-0.836104
1.430360
1.217875
-0.443334
0.123299
-0.200958
-0.794321
-0.534625
-0.733593
0.502520
-0.193328
-0.656605
-0.289439
-0.668349
-0.675727
-0.540376
0.147609
0.387601
1.645176
-0.556139
-0.369991
-0.324734
-0.858430
-0.453501
-0.970287
-0.614555
-0.118805
1.238563
4.057254
0.072524
-0.364748
-0.824414
-0.884282
-0.204917
-0.882120
0.005557
-0.523679
-0.683135
-0.853334
-0.275284
-0.544327
-0.222405
-0.275166
-0.725702
4.896951
-0.305797
-0.536677
-0.884199
-0.903620
-0.426770
-0.843169
-0.820318
-0.433343
0.717638
1.473398
2.891271
-0.483824
1.464435
0.065985
0.693437
-0.604152
-0.779783
-0.800602
-0.882956
-0.428230
-0.793510
-0.207161
-0.771321
-0.070510
0.992856
6.124069
0.363451
-0.787215
-0.591271
-0.689526
-0.704187
-0.447378
-0.129769
-0.590768
0.783718
-0.565608
8.021421
-0.751279
-0.359438
1.134686
1.574500
-0.510424
-0.070614
-0.789117
-0.777873
0.152687
-0.235880
0.390510
0.809711
0.704313
1.502485
-0.572631
1.720937
-0.701380
-0.620295
0.130499
0.301592
0.389404
-0.377197
-0.319884
-0.364674
3.533083
2.957246
0.020409
-0.549152
-0.566222
-0.558383
-0.571110
-0.715037
-0.616125
-0.099058
-0.568756
-0.696126
-0.171104
-0.790106
-0.748620
-0.755724
0.542776
1.379532
-0.753292
-0.477711
-0.229518
-0.884385
-0.608600
-0.245005
-0.390356
-0.570972
2.525633
0.969827
-0.860315
0.333928
-0.496313
-0.526712
-0.528416
-0.660314
-0.273667
-0.952086
-0.941316
-0.646828
-0.429508
-0.652286
-0.740906
-0.686987
-0.494165
2.471135
-0.739030
-0.351146
-0.788913
0.068552
0.331076
-0.748870
-0.354511
-0.421683
2.195523
2.463295
-0.861074
-0.169146
-0.876480
-0.224262
-0.906978
-0.900919
-0.810546
-0.864208
-0.470860
-0.452134
-0.650657
-0.556425
-0.483409
0.286902
1.677864
0.014109
0.273553
-0.207702
0.482223
0.425823
-0.340399
-0.048417
0.270129
-0.577557
1.242635
0.391691
-0.031010
-0.107501
0.085145
-0.086126
-0.457571
-0.953068
-0.656952
-0.565253
-0.522082
-0.658435
-0.338869
0.027409
-0.116646
-0.674672
2.033054
3.106700
-0.478866
0.000497
-0.031148
-0.747597
0.439438
-0.133682
0.546253
-0.751573
2.854427
5.607650
1.185794
0.068397
-0.646903
-0.694323
-0.732387
-0.348334
-0.597020
-0.260854
0.088666
-0.265504
-0.654024
-0.919982
-0.669643
-0.508826
2.114286
3.664384
-0.238643
-0.305965
-0.502760
-0.450462
-0.915995
-0.632171
-0.722423
-0.484028
-0.124645
4.136814
0.540665
-0.486559
-0.445140
-0.012369
-0.448085
-0.447595
-0.388573
-0.563030
-0.547211
-0.506716
-0.812073
-0.354613
-0.844972
-0.733041
-0.362758
1.524092
2.007022
-0.770722
-0.226152
-0.722223
-0.606917
-0.397141
-0.584424
-0.920542
-0.911160
-0.048679
4.960059
0.175538
-0.123239
0.719000
0.755717
0.505045
-0.830201
-0.322106
-0.613436
-0.886969
-0.500482
-0.101506
0.015224
-0.503028
0.128718
3.637241
1.921006
-0.058236
-0.559696
0.458328
-0.473125
0.123770
-0.399503
-0.426742
0.306631
1.907808
1.454033
0.834845
0.389933
0.342669
-0.053060
0.173223
-0.537331
-0.003125
1.978426
0.674533
0.226541
-0.060741
1.448743
2.014279
-0.643889
5.251384
0.534938
-0.221715
-0.236177
-0.640066
-0.890133
-0.640122
-0.714843
-0.933006
-0.903737
2.520703
1.392064
0.575792
-0.885748
-0.693391
0.044684
-0.452653
-0.870440
-0.243901
-0.842012
-0.192387
-0.630811
-0.808027
-0.754474
-0.658981
-0.784697
3.811841
0.405353
-0.215984
-0.654810
-0.768406
-0.548830
-0.205530
-0.130722
-0.495494
-0.954615
1.928752
1.243914
-0.103471
-0.676828
-0.075320
-0.643572
-0.855920
-0.681738
-0.948870
-0.413695
0.001798
-0.849735
-0.851295
-0.905096
-0.492804
-0.490423
-0.372491
1.316665
0.120540
-0.299519
0.219985
-0.049367
0.109865
-0.679087
-0.267860
-0.036950
0.786891
3.283262
-0.808556
-0.178420
-0.775029
-0.604243
-0.585397
-0.868428
-0.327881
-0.810910
-0.913371
-0.847172
-0.456612
-0.723986
-0.721378
0.482759
-0.571793
1.831399
-0.527823
-0.616612
-0.672002
-0.754146
-0.366495
-0.767020
-0.795397
0.120685
-0.449100
4.155370
0.544952
-0.645249
0.559367
0.620807
-0.509305
-0.822579
-0.345717
-0.274929
-0.288078
-0.548083
-0.136782
-0.225339
0.029737
-0.356410
0.240894
2.807369
-0.876909
-0.788232
-0.263680
-0.705659
-0.289284
-0.671119
-0.757021
-0.768794
1.160888
0.787194
0.114769
-0.787563
0.251485
0.074437
-0.482862
-0.869505
-0.780042
-0.013354
-0.733396
-0.302651
-0.492879
-0.388176
-0.016281
-0.563744
0.789808
5.350863
0.546181
0.342161
-0.506876
-0.315632
-0.231700
0.152003
0.489190
-0.806710
-0.445066
6.189430
-0.123678
-0.537793
-0.057628
0.516044
-0.251957
-0.779265
-0.322311
-0.824190
-0.807007
-0.595748
-0.274611
-0.787685
0.159894
-0.241037
2.797703
3.018249
-0.405767
-0.947888
-0.387918
-0.514633
-0.079483
-0.108783
-0.298483
-0.734695
2.582926
3.764347
1.360500
-0.251191
-0.343656
-0.698945
-0.305827
-0.446311
-0.621371
-0.410252
-0.510958
-0.658089
0.199853
-0.431285
-0.614872
-0.176011
0.345136
1.997680
-0.046370
-0.752892
-0.723872
0.142743
-0.490689
-0.828427
-0.773970
-0.005520
2.890676
1.256644
0.031371
0.031568
-0.286489
-0.656567
-0.621640
-0.615461
-0.932102
-0.563776
-0.552563
-0.123603
-0.685013
-0.723154
-0.320519
-0.266697
1.246551
1.950318
-0.676960
-0.504557
-0.508527
-0.145110
-0.926045
-0.563569
-0.837735
-0.121704
0.134621
4.543498
0.639430
-0.660744
0.034402
-0.388242
-0.931604
-0.879289
-0.583718
-0.054306
-0.002651
0.822811
-0.505121
-0.627519
-0.731352
1.939832
-0.046750
2.016501
-0.292457
-0.165098
-0.066685
0.612096
0.645981
0.253289
0.146598
0.095503
1.752229
4.397443
0.570963
-0.324992
0.130658
-0.791452
-0.489834
-0.064731
-0.797170
-0.917422
-0.410998
-0.200969
0.147025
0.107473
-0.611742
1.084695
4.216877
0.241708
-0.702799
-0.668650
-0.493373
-0.032754
-0.556711
-0.486827
-0.282264
-0.692029
2.175477
1.875337
-0.223073
0.312868
-0.710744
-0.710711
-0.710886
-0.923198
-0.623721
-0.855080
-0.570749
-0.390820
-0.871680
-0.837786
-0.416474
-0.634369
0.569256
2.543414
-0.620762
-0.538362
-0.618444
-0.672777
0.144677
-0.824760
-0.737106
-0.780510
-0.685763
3.054434
-0.159777
-0.167780
-0.328445
-0.469066
-0.392623
-0.665016
-0.392677
-0.859819
-0.704625
-0.514598
-0.550333
-0.969685
0.008039
-0.459569
-0.850376
2.521324
0.573165
0.131498
0.019716
0.007852
-0.165615
-0.257771
-0.069052
-0.484925
-0.548442
0.779433
1.681616
-0.590059
-0.431222
-0.225428
-0.147864
-0.197023
-0.841961
-0.897442
-0.435819
-0.558143
-0.673765
-0.594588
-0.564760
-0.750987
-0.797953
1.879112
1.459181
0.562512
0.410001
-0.518887
0.079811
-0.404413
-0.303257
0.269278
0.155565
0.685300
4.004146
0.327077
-0.737823
-0.368323
-0.760906
-0.613139
-0.895809
-0.352813
-0.403177
-0.740944
-0.607285
-0.401858
-0.097574
0.275913
0.399863
-0.627500
3.826170
-0.821630
-0.473404
-0.622434
-0.472726
-0.588002
-0.929102
-0.629168
-0.765541
0.255085
2.194145
2.124988
-0.751555
-0.151998
0.099632
-0.770619
-0.656307
-0.626265
-0.497895
-0.889143
-0.757635
-0.798421
-0.659749
-0.647628
-0.836764
-0.629079
5.667178
-0.847659
-0.006244
-0.307845
-0.464070
-0.321261
-0.543775
0.112028
-0.481282
-0.572628
0.388937
7.302631
-0.846391
-0.525843
0.380052
0.593574
-0.062541
-0.868301
-0.497330
0.241629
-0.315403
-0.177108
-0.697980
-0.763023
0.369177
-0.138116
0.454285
2.516689
-0.413388
-0.419974
-0.401979
-0.216889
0.355932
-0.511253
-0.445090
-0.650144
3.232136
-0.020736
-0.031209
-0.837455
-0.298358
-0.315402
-0.542198
0.069574
-0.826381
-0.762868
-0.490082
0.001941
-0.848140
-0.572213
-0.691218
-0.729458
2.696309
2.054547
-0.591826
-0.151724
-0.820259
-0.436093
0.166893
-0.438671
-0.490719
-0.446201
-0.434471
5.264050
-0.579514
-0.669803
0.164877
-0.417512
-0.342654
-0.857189
0.362767
-0.625588
-0.063205
-0.160185
0.179617
-0.227005
-0.341871
0.353156
5.369269
1.712222
-0.054690
-0.725408
-0.048972
0.106635
-0.014608
0.674062
-0.913168
-0.779947
4.668974
1.816812
1.432048
0.231769
-0.475302
-0.404015
-0.654443
-0.366580
-0.536528
0.134851
-0.809204
-0.366184
-0.054738
0.634141
-0.169881
1.481715
4.222644
1.186749
-0.549603
-0.723330
-0.551624
-0.639460
-0.387212
-0.753669
-0.413144
-0.459592
2.156852
1.355254
0.019832
0.543516
-0.090871
-0.724420
-0.495272
-0.678935
0.276082
-0.972463
-0.902508
-0.723673
-0.830201
-0.054562
-0.385141
-0.104451
3.606185
-0.744825
-0.576716
-0.976785
-0.789452
-0.188910
-0.913875
-0.579350
-0.465285
-0.242773
-0.295950
1.655398
-0.020187
0.501946
-0.886364
-0.406150
-0.617793
-0.747026
-0.846825
-0.688724
-0.764924
-0.880100
-0.678151
-0.333745
-0.685491
0.017900
0.264326
1.002542
-0.754391
-0.911026
-0.347298
-0.602735
0.136453
-0.675125
-0.269861
0.368004
-0.340057
2.216049
-0.269214
0.002433
-0.879001
-0.247515
-0.770145
-0.142170
0.075936
-0.630549
-0.718160
-0.070717
-0.492575
-0.114467
-0.408520
-0.032610
2.136400
1.494718
0.593516
-0.499206
-0.538626
-0.029822
-0.266633
-0.256356
-0.607606
-0.362685
2.502720
2.752378
-0.260043
0.302140
-0.025582
-0.349209
-0.523806
-0.803478
-0.747372
-0.633421
-0.632701
-0.623356
0.028366
-0.779955
-0.414697
-0.570509
1.195310
3.292060
-0.092920
-0.621339
-0.431921
-0.769422
-0.540520
-0.760050
-0.818799
-0.583920
1.473486
-0.689251
2.075746
-0.474989
-0.644449
-0.312911
-0.391790
-0.769115
-0.674218
-0.401264
0.066506
-0.620411
-0.447649
-0.789381
-0.758465
-0.600155
-0.239919
4.978989
-0.836639
0.480490
-0.467690
-0.418247
-0.210229
0.106005
-0.078031
-0.604519
-0.583974
1.766084
1.240925
-0.323114
0.006502
-0.084230
0.091439
-0.184608
-0.223345
-0.968149
0.245478
-0.663232
-0.304262
-0.540272
-0.324268
0.156943
-0.316063
2.687055
-0.346450
-0.741144
-0.848541
-0.487189
-0.950013
-0.504128
-0.964752
-0.251096
-0.706223
-0.750680
3.311676
0.667894
-0.433806
0.324543
0.440084
0.505656
-0.462189
-0.443916
0.107217
-0.415998
-0.623695
-0.923187
-0.663205
0.148589
0.011637
1.585097
4.489177
-0.468931
-0.035761
-0.461364
-0.059569
-0.512602
0.314611
-0.928115
-0.671568
0.193741
2.857712
0.252074
-0.672415
0.676256
-0.790619
0.436020
-0.945304
-0.580187
-0.632037
-0.473721
-0.603866
-0.675786
-0.712947
-0.877426
-0.754384
-0.223313
3.659743
0.928488
-0.113258
0.338514
-0.511061
0.263368
-0.504933
-0.502595
-0.774954
2.016531
0.095281
1.543859
-0.636608
-0.486863
-0.900987
-0.197205
0.031934
-0.186213
-0.177245
-0.786186
-0.740633
-0.536411
-0.507162
-0.338997
-0.316199
1.958463
2.396504
1.527430
-0.530926
-0.762071
-0.247704
-0.573450
-0.777083
-0.681002
-0.134946
-0.404110
4.858921
1.637454
-0.670142
1.104238
-0.012384
0.135438
-0.282342
-0.183841
-0.616811
-0.547843
0.193961
-0.646024
-0.546009
-0.685459
0.097638
5.117305
0.712065
1.076135
-0.437637
-0.077800
-0.677762
-0.428655
-0.204565
-0.624559
0.172151
5.841471
2.127111
0.372061
-0.181287
-0.888993
-0.934752
-0.733247
-0.555474
0.967983
1.282569
-0.788685
-0.166903
-0.221420
0.282705
-0.274430
3.622172
3.661354
1.778714
0.048535
-0.672146
-0.596965
-0.057427
0.248487
-0.683914
-0.733142
-0.618754
3.160178
0.877360
0.236906
-0.162564
0.449657
-0.913723
0.118735
-0.291597
-0.810327
0.112133
-0.832500
-0.748664
0.491962
0.150541
0.938447
2.596874
1.708514
-0.665579
-0.893990
-0.404579
-0.373872
-0.486784
-0.500330
-0.377541
-0.731712
1.057587
-0.011775
2.199702
0.282523
-0.217080
-0.880593
-0.591356
-0.907008
-0.768461
-0.451370
-0.887152
-0.966664
-0.474963
-0.740526
-0.179648
-0.813675
0.737065
1.871585
-0.725451
-0.578582
-0.937464
-0.416812
-0.768521
-0.331363
-0.832244
-0.640044
0.747703
1.531069
1.677442
-0.110488
-0.394143
-0.573861
-0.896445
-0.104328
-0.709997
-0.365749
-0.832426
-0.642428
-0.614141
-0.744017
-0.352980
-0.742496
-0.293737
-0.645335
1.130249
-0.133733
-0.844166
-0.699382
0.118554
-0.609983
-0.937959
-0.947628
-0.406634
2.009010
0.921962
0.425463
0.191899
0.290114
-0.154584
-0.561011
-0.439230
-0.783288
-0.659205
-0.608498
-0.727413
-0.167077
-0.956825
-0.522326
-0.558997
1.857434
1.951213
0.885125
-0.549081
-0.484733
-0.856480
-0.378202
-0.281870
-0.829068
-0.541580
-0.457273
0.723082
2.067002
0.251519
0.388257
-0.136548
-0.066220
-0.580308
-0.626204
0.264297
-0.607551
-0.854937
-0.622295
-0.828606
-0.904451
0.139542
-0.044091
0.241130
2.672698
-0.448129
-0.400970
0.031019
-0.933514
-0.332244
-0.686140
-0.889676
-0.676875
2.819840
-0.441639
1.438172
-0.406628
0.117752
-0.163622
-0.068043
-0.532716
-0.493886
-0.487685
-0.192526
-0.702866
-0.315239
-0.170382
-0.294063
-0.135990
1.253851
2.762985
2.492290
-0.220631
-0.717768
-0.555534
-0.714783
-0.070613
-0.716994
-0.778270
-0.185900
3.232564
-0.384047
0.277506
-0.674380
-0.052300
-0.484604
-0.108511
-0.242527
-0.918904
0.457163
-0.890463
-0.411193
-0.771968
-0.729463
-0.830299
-0.795991
0.373925
3.613857
1.421993
0.571932
-0.743359
-0.433726
-0.614432
-0.253522
-0.678806
-0.124476
-0.474130
3.333275
0.845148
-0.772754
0.326985
0.476163
0.696112
0.106600
-0.674828
-0.317898
-0.586193
-0.008507
-0.443887
-0.892123
-0.680832
-0.100711
-0.446190
3.958962
-0.368874
-0.587089
-0.190351
-0.566406
-0.429657
-0.070111
-0.135619
-0.217642
0.103081
2.850257
0.920200
-0.321566
0.396089
0.623339
0.149766
-0.456824
-0.660513
0.251325
-0.319098
-0.787772
-0.813911
-0.717250
-0.717614
-0.029626
-0.082022
2.148046
1.878401
-0.726600
-0.665279
-0.749593
-0.117048
0.069386
-0.131607
-0.950239
-0.482355
2.535936
1.409644
-0.867691
-0.379668
-0.496135
-0.249544
-0.767986
-0.515304
-0.037745
-0.300882
-0.302849
-0.729403
-0.576079
0.065687
-0.300825
0.784625
1.633452
1.494690
-0.469903
-0.495336
-0.760525
-0.468675
-0.661171
-0.752572
-0.421046
-0.673104
3.252533
1.462145
-0.633198
-0.610988
-0.633691
-0.742864
-0.636869
-0.432591
-0.858854
-0.234617
-0.917233
-0.228376
-0.339663
-0.473150
-0.466312
-0.755210
4.962335
1.661791
0.373178
-0.231075
-0.891274
0.038416
-0.603137
0.329253
-0.521000
0.082805
4.377092
0.012032
0.214844
0.568238
0.849109
-0.934092
0.021674
-0.518095
0.447433
-0.424015
0.226399
-0.331022
-0.148853
0.775792
0.555767
2.505972
3.430254
1.556898
-0.310305
-0.893528
-0.188690
0.201030
-0.229894
-0.583480
-0.355015
0.893914
1.127761
2.493152
0.381850
0.211968
-0.026627
-0.060258
-0.609347
-0.837609
-0.745171
-0.811947
-0.812816
-0.839967
-0.206972
-0.691581
0.044862
2.405293
1.076695
0.764098
-0.431622
-0.461827
-0.537124
-0.497898
-0.528696
-0.678755
-0.807055
-0.437289
3.909209
0.037005
0.049844
-0.064045
0.760497
0.089993
-0.648265
-0.686567
-0.424883
-0.527011
-0.650612
-0.404660
-0.522386
-0.764805
-0.466173
0.647263
4.468583
0.462302
0.155174
-0.258044
-0.232263
-0.789143
-0.705734
-0.921222
-0.293168
3.626257
1.169155
0.582644
-0.615913
-0.175361
-0.396565
-0.521891
-0.286545
-0.370297
-0.229593
0.356095
-0.111950
0.088953
-0.296079
-0.573392
2.501358
1.657823
2.660367
-0.165767
-0.875053
-0.309894
-0.751637
-0.338789
-0.492852
-0.597218
0.691760
-0.413464
1.699150
0.701677
0.526307
-0.403728
-0.477622
-0.436981
-0.583869
-0.882069
0.099986
-0.113386
-0.781468
-0.040478
0.660288
1.882113
3.666305
2.120084
-0.699699
-0.383040
-0.924505
-0.813662
-0.349581
-0.929955
-0.770571
-0.247872
0.884262
-0.064650
1.604577
0.343973
0.490790
-0.326683
-0.691554
-0.677494
-0.584729
-0.852866
-0.670438
-0.319032
-0.566311
-0.771813
-0.959136
-0.815847
-0.822240
3.122783
0.270433
0.443725
-0.289994
-0.625995
-0.471742
-0.708790
-0.677350
-0.706107
-0.117584
-0.863698
1.660686
-0.408853
-0.434767
-0.622239
-0.463428
-0.956197
-0.558730
-0.576026
-0.197466
-0.758475
-0.356207
-0.736552
-0.466377
-0.643835
-0.480892
-0.517266
1.292686
-0.824697
-0.809224
-0.922044
-0.681900
-0.590299
-0.775804
-0.844843
-0.553792
0.971935
2.224133
-0.261123
-0.292739
-0.124834
-0.329813
-0.650427
-0.751768
-0.210265
-0.324256
-0.643563
-0.623737
-0.139718
-0.751562
0.212416
0.260524
0.361146
3.153167
-0.624274
-0.749247
-0.669554
-0.751345
-0.812494
-0.429880
-0.421633
-0.480053
-0.148401
1.143708
1.133783
-0.178492
0.665811
-0.057928
-0.096768
-0.218511
-0.784790
-0.733061
-0.749005
-0.440456
-0.907854
-0.690443
-0.661624
-0.323633
0.132701
2.682779
1.112456
-0.373508
-0.562193
-0.731203
0.077668
-0.864176
-0.318353
-0.873106
-0.098962
2.439733
1.233528
0.021771
0.162167
-0.336405
-0.193931
-0.828323
-0.707527
-0.465602
-0.228524
-0.780946
-0.503551
0.023246
-0.832073
-0.446969
-0.725578
0.867091
1.533789
0.386395
-0.256121
-0.742472
-0.799393
-0.491661
-0.631872
-0.428566
-0.815813
0.380287
1.812501
0.871801
-0.632163
0.201603
-0.093021
0.006904
0.241806
-0.533774
-0.369183
-0.810389
0.232077
-0.712667
-0.711068
-0.070253
-0.236662
-0.876204
2.738230
0.906830
-0.668783
-0.688665
-0.566074
-0.400662
-0.837621
0.483027
-0.519928
-0.011202
5.168790
-0.797964
-0.501440
0.222071
0.701695
0.186690
-0.751945
-0.565439
-0.590898
-0.570972
-0.603546
-0.809676
-0.926856
-0.601176
-0.431800
0.174106
-0.127971
2.803216
-0.326073
0.301809
0.108983
0.406279
0.636898
0.401080
0.106652
1.842453
-0.100933
4.917530
-0.877866
-0.261912
-0.499092
-0.696674
-0.496475
0.487723
-0.073574
-0.471763
-0.057620
-0.480064
-0.708441
-0.816941
-0.797793
0.049115
3.441332
1.670094
0.327879
-0.887106
-0.558245
0.121718
-0.256315
-0.057459
-0.925199
0.144626
1.606586
1.797585
-0.102488
-0.488662
1.024105
-0.112001
-0.536766
-0.557421
-0.264035
-0.520740
-0.332974
-0.513817
-0.775000
0.253952
-0.048058
-0.659342
1.268094
5.781991
-0.379687
0.209888
-0.422508
-0.167847
-0.933857
-0.296943
-0.723380
0.211637
0.093308
4.487167
0.725978
-0.737081
-0.487595
1.954781
-0.716416
0.175113
1.646687
1.396889
0.625603
-0.561292
-0.007882
1.609555
1.505604
0.085119
5.625271
1.867758
-0.918685
-0.267156
-0.273835
-0.564744
-0.792095
-0.549419
-0.489443
-0.682134
1.807588
1.288404
0.959861
-0.554856
-0.724459
-0.544942
-0.528767
-0.423710
-0.674413
-0.660663
-0.104865
-0.866329
0.103861
-0.408442
-0.614076
0.083275
2.346701
0.271853
-0.039168
-0.633603
-0.855728
-0.169474
-0.551957
-0.244371
-0.418488
-0.495928
1.532102
2.370144
0.245419
-0.480703
0.011285
0.178075
-0.805851
-0.261027
-0.491729
-0.599850
-0.724505
-0.873319
-0.852318
-0.860751
-0.411980
-0.910021
0.556580
0.959533
0.112093
-0.701082
-0.886973
-0.294330
0.021749
-0.589798
-0.945937
-0.525635
-0.576253
1.874148
0.302880
-0.221081
-0.065977
-0.492305
-0.853082
-0.643935
-0.705572
-0.563556
-0.820996
-0.595286
-0.905451
-0.721404
-0.687255
-0.728082
0.695789
0.830471
0.894096
-0.519324
-0.663298
-0.514730
-0.223983
-0.357185
-0.593693
-0.868398
-0.479763
1.008305
2.284991
-0.442158
-0.617430
-0.430409
-0.040522
-0.662808
-0.801719
-0.724339
-0.721088
-0.667114
-0.802671
-0.204270
-0.704609
-0.773820
-0.206749
3.194028
-0.450483
0.363333
0.181272
-0.956133
-0.290646
-0.245383
-0.229100
0.231261
-0.630669
0.813282
0.977032
0.496007
-0.129552
-0.325514
-0.108941
-0.436491
-0.476555
-0.906802
0.716051
-0.783181
-0.423461
-0.869287
0.200516
0.187219
-0.533377
0.860992
3.581372
1.115840
-0.833558
-0.751585
-0.224347
-0.109157
-0.112130
-0.434990
-0.711763
-0.846911
3.501394
1.941707
-0.617574
-0.504345
-0.091455
-0.547263
-0.506338
-0.673242
0.013194
-0.724471
-0.961422
-0.696804
0.352407
0.013894
-0.424435
-0.425510
1.438428
4.708445
1.031283
0.365919
0.026450
-0.046137
0.317465
-0.851646
-0.214194
-0.714326
-0.221705
1.985883
1.084137
-0.653787
-0.634414
0.800016
-0.712693
-0.523381
-0.471266
-0.725844
-0.453451
-0.848868
-0.544455
-0.718428
-0.101666
-0.622442
2.168319
1.686449
-0.016804
-0.928928
-0.481343
-0.548821
-0.147069
-0.649798
-0.902201
-0.769411
0.958715
1.183333
3.042649
-0.579802
0.068521
-0.745726
-0.649274
-0.746604
-0.320870
0.195342
-0.088553
-0.928782
-0.447578
-0.073662
0.560425
0.100480
1.387705
3.757558
0.310372
0.128674
-0.466432
-0.482680
-0.700175
-0.764860
-0.880011
-0.893930
0.207743
0.580175
2.692016
0.849384
-0.335640
1.062076
0.358531
-0.391658
-0.910456
-0.235996
-0.802379
-0.631222
-0.913843
-0.519079
-0.879276
-0.579425
-0.688423
3.097810
2.541778
-0.101135
-0.493329
-0.793213
-0.706829
0.138777
-0.921567
-0.887953
-0.725727
-0.183168
3.211539
-0.544598
0.075102
-0.056467
0.283133
0.074504
-0.353629
-0.424479
0.018102
-0.340400
-0.748048
-0.531782
-0.435565
-0.761029
-0.379036
-0.398741
5.076117
0.102562
-0.271059
-0.164065
0.164196
-0.778154
-0.053978
-0.430131
-0.366789
-0.264556
1.490165
1.665401
-0.826040
-0.024147
-0.364926
-0.424550
-0.406760
-0.318573
-0.027472
-0.047658
-0.672311
-0.256986
-0.866486
-0.433698
-0.552688
1.352444
2.606109
2.311925
-0.850636
-0.375234
-0.711405
-0.010076
0.035209
-0.529852
-0.568994
-0.443560
1.140571
2.063456
-0.262966
0.025355
-0.589290
-0.384795
-0.536261
-0.121036
-0.755858
-0.537569
-0.443352
-0.280820
-0.668369
-0.326416
-0.409538
-0.294461
2.150629
-0.522934
1.110831
-0.739768
0.176110
0.186302
0.221120
-0.049513
-0.197870
-0.193597
3.022361
2.706036
0.365900
-0.902199
-0.583220
-0.207456
-0.905002
-0.669957
-0.868793
-0.149004
-0.789548
-0.757719
-0.588442
-0.645506
-0.732688
-0.555936
-0.343396
1.606702
0.675759
-0.615939
-0.620751
-0.657573
-0.070427
-0.827638
-0.379546
-0.738715
-0.477386
3.654566
0.206051
-0.612362
-0.245302
-0.088777
0.045552
-0.130082
-0.902936
0.127113
-0.138139
-0.603861
-0.441264
-0.620745
-0.602260
0.122608
-0.199671
2.925978
0.685476
0.006922
-0.660254
-0.749811
-0.762260
-0.587532
0.356665
-0.305597
-0.599683
-0.318335
5.204933
-0.343215
-0.944263
0.199099
0.045227
-0.197737
-0.721504
-0.769422
-0.863697
-0.360023
0.099885
-0.900772
-0.866554
-0.715361
-0.051268
0.328748
5.562885
-0.722879
0.753689
-0.313792
0.119005
-0.111728
-0.410765
0.258074
-0.974686
0.678922
3.253101
0.779683
-0.842375
-0.159234
0.596353
-0.678226
-0.562690
-0.535150
-0.796932
-0.346752
-0.126637
-0.872355
-0.842451
-0.204139
0.897679
4.515442
2.862829
0.187392
-0.416503
-0.153343
-0.332103
-0.396030
-0.359917
-0.518727
0.320446
1.768685
2.021305
0.888052
0.092928
-0.185244
-0.161714
-0.184449
-0.568442
-0.205216
0.364132
-0.617843
-0.747684
-0.213296
0.051789
2.140676
1.161965
4.514192
0.851962
-0.647665
-0.690514
-0.626445
-0.619371
-0.120371
-0.162039
-0.132548
-0.166897
1.865647
2.942379
0.362946
-0.389088
-0.946547
-0.809940
-0.635483
-0.808351
-0.451049
-0.800839
-0.523915
-0.716344
-0.530608
-0.115517
-0.344938
1.100296
1.992496
0.991271
-0.787040
-0.833588
-0.691259
-0.518132
-0.221682
-0.429697
-0.353374
-0.711947
2.766854
-0.181223
-0.409030
-0.694996
0.484286
-0.447735
-0.691146
-0.703618
-0.184279
-0.790633
-0.621160
-0.716916
-0.537323
-0.738762
-0.757547
-0.547289
4.418107
-0.482161
-0.071843
-0.497713
-0.725714
-0.428364
-0.621437
-0.845991
-0.893819
-0.513482
3.470263
-0.275661
0.212410
0.727486
0.495322
-0.251788
-0.498970
-0.746523
-0.621278
-0.678073
-0.697125
-0.448309
-0.095926
-0.809581
0.293322
2.631189
0.020276
0.472744
-0.037585
-0.384696
-0.482050
-0.182303
-0.924848
-0.279013
-0.594264
2.938016
0.442520
2.225111
0.625892
-0.601067
0.737478
-0.287700
-0.399410
0.224525
-0.276629
-0.759896
-0.288459
-0.298837
-0.478981
-0.720138
0.582608
3.567439
2.810349
0.560944
-0.571441
0.133830
-0.445046
-0.864943
0.195533
-0.595141
0.528194
2.196536
2.897426
0.548617
-0.748656
-0.342343
-0.609262
-0.953642
-0.369653
-0.353984
-0.246614
0.427559
-0.057192
-0.782857
-0.645488
0.014627
1.304622
3.198716
0.222576
-0.720403
-0.814739
-0.938947
-0.236802
-0.204782
-0.739203
-0.796750
0.967794
0.265726
1.079829
-0.149497
-0.048412
0.097826
-0.814639
-0.110002
-0.424411
-0.601027
-0.875365
-0.918018
-0.627475
-0.144302
-0.444307
0.033232
-0.657787
3.121049
-0.415720
-0.740636
-0.704987
-0.722206
-0.497851
-0.671475
-0.457914
-0.378307
1.071737
0.565836
0.940836
-0.111639
-0.172284
0.325690
-0.183779
-0.751887
-0.325377
-0.636951
0.407863
0.035366
0.034582
-0.891352
-0.876246
-0.721763
2.788400
2.718358
1.039225
-0.352045
0.257833
-0.460012
0.057506
0.422544
-0.822289
0.075074
1.808066
3.421681
0.749466
0.064328
-0.493661
-0.730330
-0.710369
-0.764028
-0.673233
-0.703478
-0.812418
-0.373776
0.015539
-0.426818
-0.880554
0.396049
0.118533
2.423049
-0.668192
-0.437625
-0.371512
-0.679119
-0.712551
-0.872690
-0.889828
-0.182854
0.190549
1.631999
-0.336697
-0.254424
-0.332197
-0.269320
-0.705023
-0.366612
-0.552475
-0.854459
-0.713859
-0.467204
-0.665029
-0.535074
-0.525267
-0.467895
0.957080
1.013018
-0.741521
-0.709087
-0.196214
-0.802746
-0.641236
-0.608113
-0.589557
-0.352695
0.461285
2.240948
-0.655868
0.437269
-0.274110
-0.133149
-0.607541
-0.702457
-0.646071
-0.548049
0.112547
-0.571796
-0.569665
-0.812247
-0.734088
-0.770704
2.594939
0.248149
0.779244
0.052809
0.215666
-0.353120
0.045037
-0.574078
-0.525079
-0.224729
-0.260803
3.909535
1.035793
-0.474232
-0.879518
-0.696940
-0.476698
-0.533443
-0.952552
0.254107
0.003326
-0.161621
0.263329
0.191902
0.054625
0.720553
2.940537
3.274849
-0.235897
-0.800242
-0.425966
-0.657755
-0.611825
-0.742505
-0.187213
-0.720262
-0.547272
3.175560
1.688961
-0.354604
0.382210
0.320141
-0.929360
-0.153093
-0.486967
-0.624796
-0.683476
-0.839427
-0.293211
-0.892131
-0.807924
-0.466389
1.028828
-0.617513
2.562899
-0.706233
-0.830899
-0.398178
-0.511520
-0.608580
-0.934131
-0.876369
-0.329595
0.803549
0.614401
1.946081
-0.371225
-0.306778
-0.602328
-0.800496
-0.864403
-0.759224
-0.403554
-0.499256
-0.582465
-0.639599
-0.828609
-0.822814
-0.623555
0.656198
4.801776
-0.274637
0.288935
-0.746507
-0.310262
0.041699
-0.719813
-0.056425
-0.145010
-0.397593
2.634457
1.831366
0.316139
0.293248
0.260743
0.897974
0.617852
-0.738957
-0.346532
-0.197658
-0.815489
-0.641838
-0.237505
-0.669798
-0.181850
-0.378853
0.186060
1.954724
-0.104169
-0.138473
-0.099693
-0.420114
-0.227784
-0.580313
-0.590069
-0.946653
1.968088
4.540543
0.340493
0.364113
-0.784665
-0.928275
-0.489294
-0.585575
-0.736216
-0.556447
-0.469462
-0.915943
-0.659906
-0.404360
-0.413604
0.063520
1.190368
2.945912
-0.034274
-0.394176
-0.939191
-0.108248
-0.121109
-0.297968
-0.422945
-0.765466
0.491387
-0.071647
2.277084
-0.357422
0.039848
-0.723357
-0.372843
-0.622063
-0.660194
-0.781791
-0.696910
-0.923512
-0.877899
-0.378439
-0.534603
-0.174000
-0.476013
1.073215
1.795141
-0.358802
-0.496102
-0.916731
-0.787245
-0.145778
-0.520938
-0.708197
-0.923787
-0.444201
4.885529
0.478055
0.035622
0.554917
0.715528
-0.773205
-0.311473
0.076957
-0.498680
-0.554399
-0.809466
-0.256661
-0.344218
-0.792994
-0.639974
0.799317
-0.107577
0.518527
0.063873
-0.647487
-0.808979
-0.384549
-0.650740
0.229705
-0.341370
0.767676
1.630507
2.391105
-0.360420
-0.317422
0.103164
0.070644
-0.250653
-0.310028
-0.395779
-0.531033
-0.585583
-0.090031
-0.832678
-0.701060
-0.918228
-0.397473
3.908493
0.729645
-0.573816
-0.306055
-0.652177
-0.346137
0.168963
-0.189363
-0.816804
-0.740419
0.800284
0.629605
-0.052202
-0.894463
0.119610
-0.341544
-0.655647
0.227789
-0.775835
-0.000718
-0.347399
-0.337518
-0.920268
-0.492678
-0.594907
-0.643723
0.446018
4.151903
-0.842617
-0.196897
-0.505421
0.819043
0.495496
-0.381729
0.952608
-0.691800
2.787462
2.416546
1.773561
-0.021261
0.163940
-0.838928
-0.693263
-0.826458
-0.422671
0.212558
-0.884794
-0.942284
-0.845088
-0.050679
-0.113139
0.704478
1.293232
5.063377
-0.089459
-0.600935
-0.792953
-0.641241
-0.697946
-0.361971
-0.861099
-0.718940
0.793537
4.113241
-0.689315
-0.454808
-0.775822
-0.296026
0.769880
-0.799575
-0.889363
-0.812975
-0.762302
-0.156890
-0.857455
-0.485555
-0.643452
-0.801429
-0.183707
3.610241
4.121011
1.082702
0.084332
0.265122
0.520363
0.161619
-0.326886
0.212288
-0.227013
3.060595
0.270441
-0.273173
0.254813
0.012713
-0.429295
-0.979150
-0.740026
-0.857417
-0.481478
-0.808639
0.208076
-0.703116
-0.684626
-0.623888
-0.751936
2.745855
1.065610
0.251009
-0.547010
-0.327834
0.109804
-0.716155
0.025632
-0.557529
-0.579638
1.849938
2.965478
-0.106066
-0.870446
-0.413180
-0.518028
-0.756279
-0.456858
-0.943218
-0.554628
-0.803909
-0.850972
-0.501141
-0.574196
-0.386764
1.071111
2.868077
2.193098
-0.647038
-0.930666
-0.609918
-0.799872
-0.325116
-0.822756
-0.100817
-0.272878
-0.249565
2.098833
0.323865
-0.717326
-0.406766
-0.342507
-0.603766
-0.667448
-0.309171
-0.718490
-0.688082
-0.507980
-0.621446
-0.814630
-0.688328
-0.944393
1.545289
0.937960
0.375939
-0.895346
-0.631266
0.166609
-0.283317
-0.088953
-0.647535
0.067532
0.319868
0.021788
4.216603
-0.828797
0.180234
-0.890197
-0.763393
-0.267559
-0.934080
-0.832760
-0.652608
-0.771023
-0.590279
-0.758535
-0.712344
-0.687553
-0.750067
3.322827
0.950346
-0.505373
-0.254091
-0.470562
-0.297473
-0.976575
-0.522132
-0.726913
-0.135199
-0.754513
6.134810
-0.382858
-0.336593
0.564531
1.194236
0.720442
-0.781129
-0.274344
0.087524
0.033610
-0.357757
-0.291808
-0.343467
-0.254931
-0.294314
3.363050
-0.347805
-0.033978
-0.733290
-0.377986
-0.929128
0.551375
-0.105739
-0.623396
-0.043274
-0.743949
5.063016
-0.538848
-0.561739
-0.103116
-0.222275
-0.625159
-0.768136
-0.072857
-0.089962
-0.673024
-0.017248
0.744933
1.784674
1.647011
1.996654
-0.854215
3.740117
-0.667721
-0.839164
0.267350
0.447062
0.060199
-0.026440
-0.266385
-0.945265
3.223729
0.644204
1.297801
0.160985
-0.277086
-0.896013
-0.423704
-0.039896
-0.336357
0.259318
-0.111091
-0.725050
-0.939083
-0.612299
-0.840663
-0.052424
1.417735
0.116167
0.781690
-0.396170
-0.246470
-0.156768
-0.587960
-0.634526
-0.931444
-0.624757
1.770640
2.446966
1.061774
-0.639702
-0.509282
-0.786249
-0.735598
-0.616450
-0.586464
-0.817236
-0.920669
-0.668373
-0.258361
-0.498018
-0.380930
-0.692466
0.603560
2.380430
-0.130119
-0.461418
-0.531656
-0.386899
-0.393440
-0.559917
-0.353252
-0.558304
-0.059456
-0.173636
3.107046
-0.172472
-0.021831
-0.153066
-0.766379
-0.040407
-0.391352
-0.672960
-0.646938
-0.644916
-0.774861
-0.550392
0.060632
-0.726719
0.924570
4.186310
0.148054
-0.734949
-0.629795
-0.769135
-0.503750
-0.229745
-0.768617
-0.060000
-0.474048
1.823256
1.052226
1.094347
-0.101938
0.093805
0.161641
-0.861842
-0.332821
-0.720546
-0.626206
-0.666247
-0.459738
-0.426888
-0.588488
-0.697171
-0.767938
2.678475
2.052958
0.303941
-0.026930
-0.842281
-0.810213
-0.669324
-0.315425
-0.700199
-0.735121
-0.325518
4.196788
0.452850
0.002690
-0.605952
-0.533711
-0.470607
-0.467022
-0.742119
-0.908105
-0.433511
-0.942960
-0.012590
-0.671183
-0.320441
-0.714787
0.046591
2.724581
1.175550
-0.571063
-0.747102
-0.879374
-0.906359
-0.559271
-0.898623
-0.780233
-0.701109
-0.524345
4.036294
-0.283052
-0.828376
0.520004
-0.075252
0.528727
-0.344694
-0.656063
-0.589432
-0.752717
-0.781118
-0.797489
-0.558069
-0.638328
-0.077768
2.385204
2.834526
0.619238
-0.582052
-0.774281
-0.522959
-0.092867
-0.816869
-0.515777
-0.190428
-0.459047
4.043730
0.781756
0.281098
0.829103
0.912184
1.399349
0.077831
-0.882991
0.419672
-0.176969
0.366384
0.343335
-0.861490
-0.585363
-0.378763
3.668940
0.742706
0.287518
-0.344210
-0.594457
-0.568510
-0.802020
-0.917749
-0.875972
0.996248
0.036565
3.910554
2.627478
-0.720145
-0.166777
0.292343
0.517655
-0.335822
1.096601
1.443927
1.010601
1.208912
0.423364
1.000899
1.309318
2.874933
2.151416
2.755358
-0.435954
-0.717860
-0.742862
-0.181471
0.284184
-0.638451
-0.219618
-0.096322
0.878008
3.584950
0.821990
0.252461
-0.100443
-0.052050
-0.441415
-0.134917
-0.695037
-0.376783
-0.955747
-0.629810
-0.412369
-0.353640
-0.027425
-0.022449
0.453467
1.884447
-0.805407
-0.605278
-0.314832
-0.833665
-0.696560
-0.848041
-0.783634
-0.970185
-0.465298
2.298856
0.185416
-0.359102
0.015345
-0.131672
0.529450
-0.166796
-0.658780
-0.167221
0.137975
-0.843795
-0.475684
-0.563915
-0.672927
-0.521782
0.462255
2.879822
0.122655
-0.337758
-0.070566
-0.423967
-0.022390
-0.435665
-0.107507
-0.790369
-0.399467
-0.113428
1.042203
-0.471801
-0.559120
-0.763038
-0.414677
-0.742342
-0.702512
-0.682109
-0.862689
-0.416097
-0.619853
-0.747998
-0.595200
-0.285901
0.034994
0.968894
0.040508
-0.576004
-0.847245
-0.250857
-0.659797
-0.499905
-0.825700
-0.488797
-0.186063
-0.629555
2.142261
-0.666522
0.513303
-0.795204
-0.518649
-0.238778
-0.484837
-0.959273
-0.453748
-0.706829
-0.155436
-0.899860
-0.791607
-0.583573
-0.019283
0.112970
1.441806
-0.634828
-0.646079
-0.297568
0.526474
-0.435237
0.088091
0.014878
-0.350748
3.046741
0.688979
-0.345622
-0.518202
0.948880
1.337459
0.231210
-0.820499
-0.000738
0.350893
-0.833804
-0.351855
-0.763564
-0.760851
-0.918788
-0.657633
3.486793
0.952755
0.153017
-0.645671
0.127522
-0.852261
-0.381407
-0.296208
-0.008085
0.133391
2.779758
1.236505
-0.017806
-0.198921
-0.299143
-0.827097
-0.492950
-0.357714
-0.311139
-0.622200
-0.646750
-0.240753
0.330395
-0.078327
0.329260
1.307260
0.378463
3.886605
-0.627394
-0.923440
-0.635470
-0.113930
-0.107024
-0.483508
-0.937330
-0.747116
1.421281
2.405643
0.259170
-0.224359
0.149667
-0.446610
-0.946366
-0.710017
-0.950012
-0.191248
-0.120811
-0.510532
-0.626078
-0.599137
-0.561289
-0.533853
-0.024933
2.908653
0.948267
0.357765
-0.910187
0.041107
-0.385925
-0.388199
0.134543
-0.864058
0.092898
3.322236
-0.811799
-0.903488
-0.441318
-0.043472
-0.188837
-0.752867
-0.729376
-0.828888
-0.393179
-0.493906
-0.859331
-0.557188
-0.670294
-0.739511
-0.536609
2.090048
1.232549
-0.160858
-0.100608
-0.812302
-0.323867
-0.293014
-0.325540
-0.114565
-0.163079
2.995044
-0.362090
-0.443788
-0.571019
0.219540
-0.469795
-0.746244
-0.721804
-0.660167
-0.371225
-0.058201
-0.333374
-0.335625
-0.840495
-0.353027
1.075008
1.098323
2.301625
-0.492281
-0.410691
-0.627821
-0.043368
-0.726076
-0.415511
-0.616676
-0.216168
1.172946
0.360422
0.184687
-0.418859
0.056601
0.132305
-0.462210
-0.786778
-0.106825
-0.243500
-0.676737
-0.761689
-0.893745
-0.879015
0.342185
0.871828
-0.633048
4.734733
-0.673926
-0.708073
-0.815938
-0.570725
-0.309353
-0.864886
0.029649
-0.075655
1.462883
-0.176774
2.024346
-0.510278
-0.258852
0.091869
-0.742209
-0.363192
-0.644022
-0.520436
-0.387972
-0.316159
-0.869589
-0.809172
-0.002207
0.079980
-0.524553
7.253456
2.151009
2.021537
-0.199385
0.370674
0.353658
0.001970
0.727793
-0.161538
-0.434618
3.090054
0.174679
-0.947785
-0.923595
-0.074674
0.148987
-0.281406
-0.567576
-0.898148
-0.195051
-0.277256
-0.362663
-0.870281
-0.474141
-0.457062
1.387099
3.730329
1.448348
-0.502156
-0.537559
-0.862091
-0.475888
-0.549611
-0.607423
-0.435929
0.296063
-0.721551
2.320160
-0.250442
-0.816468
-0.820662
-0.253991
-0.652835
-0.633784
-0.325884
-0.095057
-0.913370
-0.767852
-0.555977
-0.797812
-0.618297
-0.294227
4.761223
0.106556
0.366288
-0.554299
-0.455815
-0.427950
-0.571943
-0.101689
-0.711086
-0.427038
1.330747
1.588961
-0.885477
0.767476
-0.393768
-0.628885
-0.268812
-0.935931
-0.825117
0.020137
-0.679461
-0.367096
0.022948
-0.994996
-0.899983
-0.791693
1.155467
1.220632
-0.836412
-0.830562
-0.851317
-0.490734
-0.359039
-0.793649
-0.238668
0.241001
3.643272
-0.071590
-0.777071
0.116156
-0.424942
-0.128129
-0.369037
-0.127883
-0.646657
-0.770630
-0.165200
0.840434
-0.566952
1.164642
1.884369
2.497825
3.308260
1.735310
-0.663848
-0.714768
-0.723592
0.245818
-0.011737
0.763736
-0.118751
-0.630251
2.439069
3.898573
-0.164766
0.172028
1.405508
1.175860
0.312089
-0.634211
-0.519975
0.669931
-0.393166
-0.876239
-0.069030
-0.558635
-0.395055
-0.009591
0.686087
2.365769
-0.922957
-0.517171
-0.010345
-0.289759
-0.411730
-0.573717
0.117429
-0.821096
2.214625
3.367888
-0.086605
0.605733
-0.762841
-0.629254
-0.897417
-0.705501
-0.613648
-0.690839
-0.644585
-0.918880
-0.289864
-0.114688
-0.258536
-0.702587
1.150375
1.015072
-0.602698
-0.239269
-0.819631
-0.471432
-0.486395
-0.308021
-0.532448
-0.032137
1.307825
2.382767
-0.469646
-0.815390
-0.597146
-0.366785
-0.513089
-0.455095
-0.114429
-0.551954
-0.387338
-0.875888
0.283828
-0.600149
-0.534839
-0.190229
-0.169703
1.505593
-0.793508
-0.634983
-0.276160
-0.950466
-0.866976
-0.451120
-0.766767
-0.372659
4.212357
0.701195
-0.560274
0.088850
-0.278241
-0.588553
-0.510683
-0.948501
-0.920069
-0.478782
-0.426356
-0.687223
-0.575414
-0.846548
-0.507921
-0.008711
5.748300
0.145249
-0.160769
-0.385827
-0.241524
0.546805
0.331648
0.983824
0.109681
3.078448
0.982416
1.363966
-0.534733
0.318871
0.608663
-0.007417
0.344227
-0.402041
-0.508470
-0.858608
-0.719249
-0.472329
-0.504137
-0.292900
-0.470742
2.964077
1.657178
1.213912
-0.612965
-0.785875
-0.036293
0.084352
-0.849151
-0.822444
-0.562433
3.036965
0.298120
1.550996
-0.009338
0.140887
0.374707
-0.827273
-0.178167
-0.670667
-0.768609
-0.489249
-0.964143
-0.077678
-0.253906
-0.473599
1.392177
2.293695
2.063560
0.261174
-0.293939
-0.178714
-0.634356
-0.839722
-0.912336
-0.490145
-0.307661
3.136611
2.608036
-0.121313
0.303482
-0.115134
-0.506094
-0.685732
-0.689660
-0.121695
-0.047545
-0.655855
-0.638886
-0.279484
-0.462473
-0.786856
0.679711
3.027599
0.247110
-0.667840
-0.738940
-0.865425
-0.796290
-0.735539
-0.400579
-0.286764
2.996629
1.879531
1.110306
0.409036
0.315389
-0.045871
-0.311525
-0.224687
-0.744176
-0.788881
0.148238
-0.886778
-0.897502
-0.438706
-0.414869
-0.826977
2.649156
1.414397
0.266396
-0.247107
-0.427659
-0.350587
-0.278409
0.194479
-0.765054
-0.638427
1.711778
1.914479
0.229398
0.315228
-0.042810
-0.870536
-0.832993
-0.859117
-0.830145
-0.100256
-0.626485
-0.682774
-0.410409
-0.549702
0.001896
0.511763
1.252622
1.964650
-0.609776
-0.601856
-0.605223
-0.231053
-0.592797
-0.776612
-0.443456
0.020682
0.934327
1.760053
-0.051196
-0.307071
-0.564360
0.090761
-0.818537
-0.615773
-0.874647
-0.765909
-0.278828
-0.767762
-0.510936
-0.129409
-0.399210
-0.307961
1.162582
0.630019
-0.363076
-0.192132
-0.639182
-0.379118
-0.869214
-0.873948
-0.832997
-0.092605
1.087516
0.373839
-0.161958
0.219821
-0.061048
-0.851719
0.107926
-0.626514
-0.793010
-0.557995
-0.879577
-0.841897
-0.512123
-0.715304
-0.764078
-0.564199
1.044974
0.114503
0.057641
-0.254957
-0.582327
-0.397093
-0.774055
-0.916302
-0.662405
-0.574118
0.815570
-0.859856
0.416577
0.207263
0.507308
-0.073783
0.191419
-0.728200
-0.714746
0.070013
-0.823475
-0.718792
-0.106240
-0.862740
-0.637518
-0.611085
0.522586
2.058231
1.284997
-0.512434
-0.372443
0.049760
-0.216424
-0.201002
1.230174
-0.681190
2.146548
1.166480
0.962004
0.171672
-0.745336
-0.017438
-0.466534
-0.732944
-0.297812
0.383697
-0.694191
-0.962816
-0.061778
-0.901735
0.405144
-0.615324
1.302000
4.472145
0.747605
-0.534704
-0.376288
-0.404894
-0.527839
-0.088094
-0.522438
-0.801678
-0.842376
2.575558
1.836277
-0.256843
-0.091169
0.112903
-0.592738
-0.778171
-0.698922
-0.879314
-0.072222
-0.332079
-0.351038
-0.472832
-0.949432
-0.415635
-0.574041
2.469428
0.729937
0.138021
-0.428958
-0.750047
0.453094
-0.014445
-0.013764
-0.482802
-0.604249
1.375878
3.347378
-0.114439
-0.366158
0.310801
0.144664
-0.676110
-0.727997
-0.629277
-0.588185
-0.821119
-0.517059
-0.732107
-0.422095
-0.762866
-0.441755
1.511580
2.365312
-0.556176
-0.162189
-0.417730
-0.227857
0.105642
-0.566344
-0.615699
-0.835388
0.463606
1.582330
-0.235128
-0.733482
-0.009273
-0.571238
-0.825002
-0.542564
-0.943348
-0.310819
-0.814688
-0.447396
-0.516792
-0.761992
-0.784562
0.054943
-0.292775
5.113979
-0.928680
-0.783637
-0.659559
-0.463448
-0.358211
-0.695509
-0.629673
-0.360478
-0.918626
2.834013
0.379170
-0.766122
0.191643
0.989123
-0.824554
-0.408549
-0.835858
0.119322
-0.442751
-0.674406
1.041816
-0.747956
-0.696440
-0.710337
1.293606
4.699013
1.204749
-0.602218
-0.090533
-0.914463
-0.159594
-0.049522
0.137570
-0.374680
1.540069
2.712183
0.773711
-0.297250
0.443814
-0.563327
-0.220782
0.229713
-0.387450
-0.422434
-0.298386
-0.645876
-0.002210
0.864710
0.339022
0.519250
1.416530
6.668994
0.522012
-0.091338
-0.204291
-0.440431
-0.221735
-0.277334
-0.592649
0.054939
-0.586171
2.489071
2.775534
-0.258838
-0.810605
-0.682490
-0.437633
-0.219641
-0.181620
-0.265597
-0.792866
-0.712735
-0.888150
-0.944232
-0.868601
-0.355530
-0.291473
3.972562
1.261666
-0.118961
-0.083545
-0.344437
-0.119663
0.002067
-0.380459
-0.267154
-0.690586
2.167767
1.542464
-0.306825
0.384479
-0.157488
0.115241
0.073979
-0.841297
-0.775331
-0.497059
-0.597102
-0.652142
-0.389911
-0.846091
-0.743160
-0.142828
1.494157
0.105299
-0.001399
-0.133778
-0.334398
-0.394454
-0.841005
-0.429650
-0.529317
-0.613646
1.655643
4.681201
0.510574
-0.303304
-0.858669
-0.806744
-0.492038
-0.779531
-0.368944
-0.431457
-0.169616
-0.417479
0.134207
-0.884496
0.134270
-0.899454
1.957214
3.409031
-0.378897
-0.845413
-0.401657
-0.745989
-0.677705
-0.774062
-0.957664
-0.640638
0.309149
4.181906
0.716453
-0.491857
0.345824
0.071779
-0.275416
-0.462975
-0.767568
-0.475375
0.326078
-0.631058
-0.376868
-0.333574
0.266020
0.216938
-0.357939
0.376709
3.559293
-0.798614
-0.612698
-0.920577
-0.867659
-0.263704
-0.755102
-0.668471
-0.207115
-0.149890
4.970021
0.253383
-0.561694
0.250461
0.299006
0.360364
0.375642
-0.373088
-0.217868
-0.333368
-0.422210
-0.933627
-0.524843
-0.705241
-0.633402
0.858577
5.409125
-0.381170
-0.232703
-0.033287
-0.055928
-0.426999
-0.413309
0.002144
-0.566319
1.310107
0.041183
0.320206
-0.741401
-0.287204
0.243517
-0.933685
-0.702699
-0.924557
-0.546547
0.198151
-0.880614
-0.595050
-0.919731
-0.650745
-0.317734
2.136490
2.295995
0.056366
-0.795351
-0.840535
-0.787202
-0.301679
-0.248538
-0.418572
-0.656365
-0.338384
1.612309
1.104052
-0.741806
0.181696
-0.362573
-0.277122
-0.436648
-0.495376
-0.693366
-0.350951
0.427780
-0.823241
-0.664477
-0.728619
-0.766855
0.319669
3.559798
0.708988
-0.519311
-0.338646
0.052648
0.121783
-0.422128
0.057441
-0.692473
-0.028683
1.108838
1.438267
-0.814447
-0.693741
-0.492888
-0.502922
-0.912262
-0.364998
-0.197090
0.025864
-0.627221
-0.827823
-0.497766
-0.392875
0.588621
0.151075
5.664590
-0.816327
-0.208094
-0.306692
-0.966613
-0.517392
-0.437817
-0.233928
-0.835129
-0.395264
3.442314
0.507697
-0.775546
-0.129454
-0.372320
-0.401648
-0.753051
-0.367248
-0.433449
-0.555738
-0.731599
-0.396557
-0.556765
-0.860907
-0.640759
0.527409
5.966727
2.443428
1.033826
0.370662
-0.462300
0.310653
0.351243
-0.273340
-0.827572
0.522028
3.397585
1.401225
-0.652408
0.133524
0.598557
0.035902
-0.738567
-0.285665
-0.638034
-0.125603
-0.708116
-0.612741
-0.626352
-0.737483
0.301218
0.487384
3.492553
-0.373993
-0.876622
-0.886315
0.199792
-0.452331
-0.426998
-0.538418
-0.487054
3.038074
-0.201966
1.220538
-0.596976
-0.828742
-0.259156
-0.678788
-0.524829
-0.879369
-0.791881
-0.293496
-0.657991
-0.529159
-0.074816
0.055291
0.146643
2.086610
2.275632
0.034012
-0.369766
-0.422102
-0.555018
-0.672547
-0.134147
-0.362448
-0.661300
1.834489
3.341997
0.290215
-0.728233
-0.409602
-0.274690
-0.634208
-0.095744
-0.632118
-0.928600
-0.063307
-0.859957
-0.715449
-0.317125
-0.396327
0.502630
-0.371495
1.619396
-0.796172
-0.265862
-0.786316
-0.594895
-0.081519
-0.741247
-0.863803
-0.229835
-0.572472
2.637830
0.112221
0.716337
-0.560150
-0.382212
-0.473627
-0.572142
-0.861316
-0.395213
-0.457862
-0.434511
-0.762642
-0.722899
-0.755543
-0.848123
1.807965
1.314173
-0.011162
-0.099765
-0.903915
-0.187111
-0.665364
-0.527157
-0.331117
-0.232614
2.152339
1.656964
-0.637081
-0.014260
-0.034577
0.043346
-0.556136
-0.744988
-0.782554
0.701387
-0.862041
-0.553447
-0.392482
-0.448995
0.401003
0.123807
0.394206
1.680244
-0.786643
-0.699084
-0.484470
-0.741870
-0.488361
-0.768864
-0.561650
0.221561
1.582433
2.596891
-0.508777
0.349122
-0.383308
-0.342655
-0.857593
-0.845723
-0.215694
-0.726420
-0.444613
0.066282
-0.282074
0.095797
-0.624129
0.196533
1.161899
3.042387
-0.332392
-0.877952
-0.259548
-0.678830
-0.809871
-0.726221
-0.858821
-0.224935
-0.795985
3.951208
1.119025
-0.004755
0.352331
0.234555
0.415124
0.273161
-0.336213
0.180387
-0.515001
-0.010611
-0.511552
-0.838643
-0.586072
-0.509360
1.487090
0.612506
1.059238
0.150198
0.202307
-0.239553
-0.547151
-0.306012
-0.674873
-0.371970
0.089948
0.244435
1.082105
-0.274398
0.184208
0.314017
-0.121022
-0.315529
-0.340510
-0.805823
-0.911476
0.015023
-0.901509
-0.910169
-0.922573
-0.503273
-0.530762
4.974271
0.499724
-0.044822
-0.615499
-0.390210
0.393093
-0.703751
0.499528
-0.913091
-0.780947
2.362139
2.361662
-0.430671
0.129422
-0.600480
-0.870055
-0.790070
-0.183376
-0.639126
-0.547965
-0.756673
-0.698668
0.043241
-0.148918
-0.590582
1.665491
4.264318
0.113475
-0.405815
-0.669847
-0.625358
-0.499100
-0.974500
-0.847031
-0.255417
-0.658411
-0.616420
4.262527
-0.385239
-0.688164
-0.942446
-0.642052
-0.608795
-0.523948
-0.865320
-0.275915
-0.614380
-0.014758
0.013410
-0.775747
-0.231855
-0.471054
1.218792
2.262327
-0.669319
-0.517026
-0.759712
-0.396644
-0.898811
-0.359767
-0.205476
-0.008398
-0.916262
1.955331
1.538241
0.857354
0.446505
0.216734
-0.716201
-0.784115
-0.126365
0.291043
-0.631513
-0.624570
-0.354159
-0.217204
-0.290322
0.546550
-0.643487
5.307294
-0.397610
-0.819355
-0.653299
-0.045725
-0.950571
-0.561687
-0.635775
-0.629312
-0.542675
3.099611
2.193152
0.100284
0.728399
0.338643
1.156238
-0.923209
-0.492033
-0.447476
-0.763393
-0.111556
-0.161496
-0.608526
-0.545324
-0.782405
-0.845857
4.677544
0.126322
-0.501011
-0.387056
-0.562980
0.285661
-0.142042
-0.573746
-0.399462
-0.476088
2.527079
2.738199
-0.337853
0.395848
0.513190
-0.769562
-0.558042
-0.589893
-0.660352
-0.194611
-0.891932
-0.589435
-0.771887
-0.718111
-0.174448
0.312508
1.414987
0.177600
-0.642511
-0.906183
-0.883780
-0.654821
-0.274371
-0.837153
-0.614745
-0.253310
-0.507168
-0.273977
1.823417
0.262129
0.772996
0.780078
-0.400152
-0.165450
-0.642047
-0.761841
-0.513111
-0.252937
-0.879111
-0.152736
-0.293530
-0.227225
2.161406
2.575827
-0.034051
-0.828308
-0.782687
-0.857283
-0.179704
-0.863307
-0.496624
-0.814577
1.260331
4.323537
0.322617
-0.161230
0.142576
0.533651
-0.936564
-0.561044
1.121631
1.812295
0.745583
0.607495
0.179961
0.088573
1.276247
0.373774
1.165391
0.451395
2.059957
-0.335549
-0.162427
0.136547
0.355381
0.871694
-0.096100
0.133721
0.593403
0.709187
3.612765
0.234457
0.474324
-0.279823
0.166830
-0.769704
0.258620
-0.722209
-0.484079
-0.905448
-0.879011
-0.885736
-0.451134
-0.487499
-0.391400
0.904201
3.152885
-0.350484
-0.737566
-0.610334
-0.822503
-0.559842
-0.739616
-0.817189
-0.766976
-0.293860
2.061722
1.605665
-0.664259
-0.381902
-0.262339
-0.157572
-0.176679
0.080938
0.596581
-0.151580
-0.490801
-0.192542
-0.012397
-0.060652
-0.085567
0.910320
2.498567
1.257323
-0.274000
-0.452299
-0.203411
-0.000334
-0.235787
-0.244433
-0.512461
-0.735184
0.565307
-0.105235
0.999822
-0.440243
0.312585
0.307443
-0.855153
-0.401180
-0.474139
-0.585799
-0.920420
-0.126601
-0.326187
-0.518336
-0.478443
-0.959484
-0.018163
1.584999
0.348088
-0.305622
-0.717230
-0.665328
-0.403280
-0.081633
-0.704060
-0.626302
-0.112295
2.696562
1.382510
-0.266582
-0.343372
-0.372959
0.412869
-0.222836
-0.892289
-0.000941
-0.500839
-0.744560
-0.695753
-0.666869
-0.883674
-0.821173
-0.319272
2.798719
0.116584
-0.312119
-0.521023
-0.774215
-0.312002
-0.280609
-0.719491
-0.725468
-0.544741
1.168383
3.460101
0.135560
0.115922
0.272716
-0.695009
-0.866506
-0.590335
-0.619751
-0.576446
-0.724514
-0.418725
-0.318330
-0.383884
0.070392
0.397103
-0.296830
2.745433
-0.420742
-0.268298
-0.499599
-0.308778
-0.453796
-0.406808
-0.165494
-0.760401
0.360069
0.069483
2.262120
0.942261
0.368442
0.490466
-0.742852
-0.271982
-0.643538
-0.318619
-0.543047
-0.649839
-0.801110
-0.523579
-0.249536
-0.124516
1.039730
2.928959
1.790574
-0.512798
-0.588590
-0.841275
0.119795
-0.136185
-0.592988
-0.933723
-0.725822
2.498443
-0.052503
0.766505
0.979481
0.806044
0.475335
-0.175785
-0.670268
-0.881651
0.000920
-0.637786
-0.316684
-0.888662
-0.726925
-0.586196
-0.695104
2.487392
0.325356
1.458779
0.400963
-0.522227
-0.437501
-0.643676
-0.868860
-0.199316
-0.354829
0.954401
0.656701
0.184488
0.570322
0.513293
0.377961
-0.121812
1.002855
0.647638
-0.410551
-0.798530
0.017401
-0.188152
-0.086328
-0.060124
0.102660
-0.031672
-0.021713
-0.094842
-0.068608
-0.176557
-0.673273
-0.508152
-0.296218
-0.497401
-0.480850
-0.475720
2.053329
1.198364
2.350102
-0.011739
0.403866
0.005929
0.118549
-0.728838
-0.674865
-0.759677
-0.541966
-0.900949
-0.629857
-0.195888
-0.265392
1.041329
1.132667
3.574464
3.573494
0.155178
-0.405271
-0.907357
-0.213422
-0.379813
-0.580178
-0.920973
-0.579924
2.101654
2.246034
1.474787
-0.491917
0.362131
0.420817
-0.005126
-0.222314
0.005216
-0.627043
-0.533931
-0.592329
-0.576239
-0.884930
-0.462808
-0.594043
1.372902
2.530483
1.290415
0.528215
-0.364610
-0.237525
0.395672
0.149613
-0.074136
0.162872
-0.869309
2.425841
1.268335
0.211113
-0.218083
0.120499
-0.565898
-0.428675
-0.730112
-0.650856
-0.187360
-0.883699
-0.700691
-0.367788
-0.482737
-0.036147
-0.238026
0.656222
2.356737
-0.059784
-0.546077
-0.602703
-0.756791
-0.697374
-0.860721
-0.757182
-0.572640
-0.639992
2.925645
0.656883
-0.059352
-0.838676
-0.450990
-0.523732
-0.661779
-0.729712
-0.851519
-0.417891
-0.635317
-0.942504
-0.607910
-0.845965
-0.375280
-0.466329
2.103013
0.856661
0.634908
-0.198417
-0.031682
0.051878
-0.075257
0.140298
-0.525071
-0.163001
0.602819
0.671588
-0.124713
-0.786861
-0.231487
-0.433056
-0.375642
-0.796198
-0.741953
-0.247101
-0.790715
-0.231607
-0.783870
-0.790161
-0.634387
-0.277975
0.170960
0.228944
1.005430
-0.325152
-0.119396
-0.650237
-0.213721
-0.036579
0.007877
-0.202849
-0.818079
3.152002
1.096913
-0.442555
-0.022161
-0.440753
-0.992475
-0.755662
-0.631733
-0.717298
-0.691133
-0.113956
-0.647603
-0.774828
0.285701
-0.564476
-0.461242
2.976808
0.207615
-0.523110
-0.168255
-0.801151
0.357441
-0.031689
-0.508087
-0.288732
-0.258418
-0.603412
3.254235
-0.124000
-0.509751
0.198152
-0.286497
-0.384769
-0.506823
-0.688276
0.169120
-0.107467
-0.541640
-0.517844
-0.965596
0.134407
2.069528
3.054190
3.862962
-0.241751
-0.363600
-0.839153
-0.515400
-0.472212
-0.385129
-0.553861
-0.631961
0.889218
-0.404866
1.108107
-0.587501
0.391718
0.192003
-0.194290
-0.627415
-0.602048
-0.705253
-0.630243
-0.713009
0.736551
0.105441
-0.462191
-0.706107
-0.695064
4.301783
0.112799
0.282816
-0.773318
-0.745290
-0.054099
-0.015340
-0.530827
0.130535
-0.101429
2.669984
0.960674
-0.635562
-0.401915
0.203398
-0.682558
-0.884399
-0.487996
-0.633390
0.082620
-0.835281
-0.432122
-0.011052
-0.630616
-0.501250
-0.034025
-0.778548
2.112683
-0.908374
-0.487727
-0.433995
-0.583461
-0.853530
-0.862270
-0.880912
-0.353503
1.893907
1.826769
0.029185
-0.671241
-0.444959
-0.110968
0.257034
-0.894636
-0.498377
-0.624956
-0.951040
-0.834826
-0.384072
-0.765813
-0.707491
-0.403142
1.337761
0.880864
2.476276
0.698597
-0.762697
-0.114138
-0.483629
0.104777
-0.708332
-0.046554
-0.749946
4.014140
0.688452
-0.543441
-0.700982
-0.554907
1.180608
0.195920
-0.003809
0.099890
-0.476349
-0.004344
-0.590763
-0.396651
-0.366400
-0.859431
-0.816112
4.713282
-0.424594
-0.765286
0.111257
-0.084531
-0.248792
-0.219620
0.021518
0.066378
-0.830948
2.056810
2.854688
-0.270099
-0.654294
-0.157331
-0.609438
-0.627217
-0.596626
-0.424914
0.446580
-0.478847
-0.820477
0.102140
0.245766
0.116051
0.679264
0.663228
2.428635
-0.437862
-0.496819
-0.949148
-0.837771
-0.159098
-0.741931
-0.476721
-0.408895
2.230694
0.581345
-0.259247
-0.653672
-0.098047
-0.434464
-0.879169
-0.680634
-0.637784
-0.887589
-0.460293
-0.192242
-0.272759
-0.714426
-0.712349
-0.819706
1.747167
2.334921
0.552105
0.645814
0.043409
-0.104381
0.524125
-0.186417
0.345015
-0.495411
-0.422090
0.824285
1.064128
-0.180975
-0.243147
-0.061037
-0.462163
-0.405232
-0.538077
-0.884570
-0.871394
-0.462521
-0.437016
-0.681906
-0.733754
-0.602716
-0.802855
4.992608
-0.334817
-0.627508
-0.529651
-0.797681
-0.339593
-0.662547
-0.394809
-0.410544
1.720956
4.659389
-0.255879
0.047342
0.124998
0.881992
-0.516304
1.223099
-0.393428
-0.215725
0.398811
-0.212953
-0.499054
0.685966
0.086112
1.175440
1.036186
5.068870
0.002342
-0.615468
-0.363379
-0.561101
0.307362
0.397646
-0.302303
-0.117129
0.082015
0.560423
3.153579
0.057952
-0.145311
-0.288235
-0.455927
-0.847563
-0.721781
0.523225
-0.682950
-0.869688
-0.646963
-0.529417
0.064306
-0.543730
-0.017007
0.120385
2.790336
-0.404079
-0.926791
-0.900892
-0.382162
-0.115493
-0.376524
-0.895584
-0.788810
1.172265
0.800156
0.858009
0.092313
0.086145
-0.193094
-0.237982
-0.941675
-0.525416
-0.462611
-0.311539
-0.347842
-0.697424
-0.665533
-0.546114
-0.371920
-0.147626
3.428742
0.410455
0.198969
-0.949628
-0.779558
-0.354884
-0.484989
-0.777710
-0.665376
-0.902629
2.449975
0.192396
-0.430973
-0.792159
-0.137128
-0.606438
-0.060959
-0.236361
-0.467741
-0.475156
-0.117246
-0.542285
-0.751414
-0.869500
-0.679857
-0.637452
2.545478
1.504931
0.241975
-0.551090
-0.828547
-0.468150
-0.461406
-0.033770
-0.823577
-0.691038
-0.537709
3.763735
0.428089
-0.693206
-0.337223
-0.448622
0.955542
-0.187564
-0.800495
-0.638294
-0.348532
-0.540740
-0.636150
-0.783098
-0.721210
-0.506181
0.176824
5.443434
-0.881587
0.930589
0.414740
0.069058
0.315592
0.310353
0.084208
-0.140530
-0.753156
2.548849
1.671895
-0.954570
0.037415
-0.633741
-0.570401
-0.383891
-0.814623
-0.127464
0.031692
-0.717172
-0.508516
-0.595323
-0.863906
-0.733692
-0.690006
2.523797
0.774873
-0.496859
-0.975693
-0.159011
-0.409290
-0.567236
-0.276633
-0.359795
-0.705289
1.903420
0.015802
-0.087936
0.175450
-0.800393
-0.286029
-0.253368
-0.693209
-0.891426
0.018628
-0.322563
0.011665
-0.807330
-0.088744
0.009752
-0.224758
1.672992
1.668935
-0.735189
-0.605303
-0.293312
-0.547943
-0.577929
0.053835
-0.533323
-0.240689
1.849015
6.055418
0.210729
-0.521821
0.292321
0.235881
-0.357073
0.978160
-0.151508
0.001560
0.270644
-0.109006
0.095923
0.123913
0.128666
-0.173506
2.354166
1.969625
0.272151
-0.429940
0.296807
0.390563
0.920777
-0.064269
0.215255
-0.306733
1.738622
1.579688
2.801172
-0.374385
-0.012749
0.043361
-0.028329
-0.622842
-0.684478
-0.544746
-0.625953
-0.490123
-0.846208
-0.921272
-0.705559
-0.712110
0.849196
-0.256483
0.537495
-0.678632
-0.830378
-0.799934
-0.406183
-0.313278
-0.676336
-0.777703
0.637000
3.478445
0.283732
-0.158316
0.007617
0.167180
-0.041943
-0.852648
-0.162668
0.135441
-0.042919
-0.495662
-0.785825
-0.218540
-0.354936
-0.331730
0.703426
2.067826
0.783269
-0.626837
-0.750315
-0.830206
-0.304772
-0.937926
-0.907320
-0.776007
-0.723293
1.246344
1.473498
-0.402130
-0.299590
0.059928
-0.652882
-0.830646
-0.815412
-0.756667
-0.398985
-0.659491
-0.798733
-0.219372
-0.739157
-0.742953
0.241008
1.437480
1.341401
0.419551
-0.029108
-0.630033
-0.279106
-0.237895
-0.260379
-0.598120
-0.753451
-0.648235
1.098407
1.902710
-0.571059
-0.003471
0.173434
0.218570
-0.577155
-0.538772
0.122579
-0.439861
-0.754761
-0.663789
-0.596028
-0.790858
-0.323549
1.746091
1.940516
0.396605
-0.887592
-0.369670
-0.540153
-0.242999
-0.180766
-0.638146
-0.456215
-0.824456
1.455125
2.338407
-0.164394
0.831300
-0.093206
-0.212273
-0.227049
-0.729581
-0.628950
-0.528662
-0.682814
-0.877460
-0.018973
-0.042275
0.588106
-0.505198
1.313600
2.227584
-0.360757
-0.184474
-0.770397
-0.709845
-0.551827
-0.741487
-0.730718
-0.711682
-0.277092
-0.242860
2.564084
1.039794
-0.390531
0.534664
-0.286606
-0.622021
-0.760246
-0.523988
-0.151061
-0.704876
-0.724380
-0.456464
-0.369157
0.187257
2.368691
1.005147
0.521906
-0.653587
-0.783732
-0.441048
-0.471227
-0.144329
-0.685841
-0.500578
-0.535179
4.087753
2.269561
1.056770
0.727248
-0.118139
0.518806
-0.872017
-0.687933
-0.351685
-0.896902
-0.897996
-0.571028
-0.826231
-0.542791
-0.442494
-0.322298
4.083177
-0.131523
1.875302
0.210881
-0.705414
-0.365570
-0.103744
-0.088197
-0.880988
-0.654287
-0.640946
5.324652
0.026424
0.731403
0.023765
0.636346
0.553533
1.213290
-0.620713
-0.671573
-0.659741
0.158926
0.313779
-0.174313
-0.120851
-0.160647
-0.002150
5.112508
3.921114
0.789255
0.062427
-0.651788
-0.852901
-0.581561
0.144858
-0.612229
-0.634694
-0.277871
6.654375
2.140040
0.310143
0.210599
-0.232278
-0.893512
0.283357
1.182679
1.059645
1.300594
-0.383028
-0.121184
-0.173408
1.282976
0.116136
3.811262
1.168193
-0.849165
-0.718811
-0.257560
0.120433
-0.017764
-0.648574
-0.768581
-0.645845
3.227676
0.308606
0.549220
-0.064739
0.490966
-0.281679
0.225219
-0.411179
-0.548558
-0.722624
-0.406006
-0.907200
-0.224649
0.068683
0.921642
2.079580
1.907370
-0.314077
-0.900715
-0.825957
-0.585724
-0.587623
-0.364384
-0.653067
-0.673513
0.378548
-0.308936
1.954351
-0.604225
-0.597211
-0.915328
-0.417464
-0.937897
-0.442089
-0.935707
-0.556490
-0.684868
-0.529855
-0.824724
-0.497595
-0.765205
0.158122
-0.601419
0.863661
-0.499595
-0.897439
-0.776814
-0.145153
-0.502299
-0.583894
-0.736128
-0.435990
1.318938
0.910744
-0.290044
0.022893
-0.520961
-0.555514
-0.806889
-0.936297
-0.436596
-0.636446
-0.392189
-0.256285
-0.939400
-0.657788
-0.685347
-0.762000
0.175447
1.232874
0.623589
-0.327244
-0.833432
-0.812431
-0.392358
-0.467332
-0.443951
-0.724097
-0.670704
1.044596
0.151888
-0.759002
0.407081
-0.284220
0.107321
-0.342545
-0.783685
-0.695273
-0.855627
-0.068536
-0.932414
-0.799087
-0.774989
-0.587522
-0.618888
3.652579
1.282129
0.021244
-0.152159
-0.099948
0.338035
-0.476188
0.380220
-0.822009
0.167282
0.249252
3.463821
0.193864
-0.199746
-0.431526
-0.572177
-0.345699
-0.145567
-0.472206
-0.886359
-0.859358
-0.360260
-0.716196
-0.790652
0.390206
0.800529
3.095909
3.295388
-0.676179
-0.870721
-0.902447
-0.897684
-0.744046
-0.715296
-0.635302
-0.600441
1.584133
0.971747
0.500364
0.407161
0.274033
0.124976
-0.339276
-0.474089
-0.712562
-0.856251
-0.045752
-0.681800
-0.469455
-0.550829
-0.732185
-0.629672
0.448249
4.225816
1.062737
0.625245
-0.720330
0.166374
-0.127666
0.089243
-0.269839
-0.029390
0.390805
1.608849
1.771470
-0.591430
0.509032
0.066412
-0.264513
-0.452315
-0.388416
-0.126289
-0.594618
-0.194922
-0.944009
-0.495963
-0.652296
-0.506064
0.093949
-0.797433
3.397669
-0.382016
-0.588771
-0.452708
-0.143184
-0.033211
-0.484427
-0.472302
-0.893712
2.240100
0.233156
0.836929
-0.607846
-0.401518
-0.458580
-0.706266
-0.689052
-0.370673
-0.313788
-0.729047
-0.634819
-0.159301
-0.337055
-0.710471
-0.706388
0.067906
1.278595
3.985684
1.188924
-0.550214
0.566057
-0.038973
-0.226103
-0.466900
-0.533925
-0.741159
4.125939
2.804467
-0.395325
0.026181
-0.356675
0.711223
0.556721
-0.313402
-0.922424
-0.349978
-0.325765
-0.838818
-0.606094
-0.829349
-0.776861
-0.670535
0.530356
2.482032
0.694805
0.434716
-0.760104
-0.384897
0.135481
-0.516837
0.278664
-0.689589
0.772624
2.215664
2.035690
-0.499912
0.114360
-0.489595
-0.052067
-0.269379
-0.804664
-0.619775
0.273458
-0.879694
-0.282136
-0.737381
0.136751
0.621404
-0.151975
1.424530
1.766976
-0.609298
-0.925860
-0.702597
-0.780394
-0.266911
-0.141008
-0.944941
-0.627695
0.232272
2.243079
0.016731
-0.848551
-0.419914
-0.182925
-0.571563
-0.544895
-0.725795
-0.689725
-0.121468
-0.327015
-0.860515
-0.705186
-0.761996
0.101627
0.925334
0.437708
0.336986
0.346630
-0.805453
-0.120699
-0.482162
0.066902
-0.381038
-0.732260
-0.697072
3.454811
1.741146
-0.708109
-0.223010
-0.787970
-0.386700
-0.077879
-0.704116
-0.312222
-0.705853
-0.785818
-0.467998
-0.847797
-0.528065
-0.719350
-0.491151
3.509297
-0.049733
-0.092744
0.509864
-0.829377
-0.342790
-0.495815
0.245477
0.142858
-0.019735
-0.007549
4.885776
-0.258830
-0.591235
0.075099
0.498661
-0.402362
-0.937373
-0.299643
-0.739279
-0.793296
-0.555091
-0.521842
-0.282548
-0.330286
-0.134418
2.232801
2.447922
-0.842212
-0.613721
-0.336094
-0.566636
-0.418371
-0.217436
-0.880100
-0.699803
2.302822
1.079387
0.220314
-0.314454
0.452417
-0.578817
-0.571613
-0.501422
-0.498669
-0.351006
0.049406
-0.804157
-0.602069
-0.488141
-0.463302
-0.660009
1.735745
0.063055
0.828363
-0.199497
-0.427296
0.321668
-0.391346
-0.341570
-0.125669
-0.321390
2.454515
4.762164
1.654994
-0.699322
-0.465061
-0.865305
-0.306893
-0.804441
-0.943972
-0.119277
-0.582762
-0.001117
-0.681756
-0.424226
-0.742437
0.638827
1.444771
5.680539
-0.829894
-0.332843
0.032688
-0.713825
-0.824213
-0.840429
-0.414748
-0.818391
1.053108
4.539921
-0.372782
-0.600594
-0.380440
0.304795
0.123698
-0.360537
-0.895093
-0.757237
-0.725574
-0.659751
-0.747132
-0.671192
-0.607914
-0.566267
-0.373307
4.094057
-0.356212
-0.471041
0.127386
-0.577678
0.499008
-0.297561
-0.546219
-0.945030
-0.271503
2.142582
0.872865
0.059320
-0.143490
-0.312488
-0.713580
-0.845763
-0.919283
-0.717847
-0.757483
-0.809214
-0.828273
-0.493733
-0.882280
-0.346253
0.181634
1.692903
-0.879146
0.259577
-0.687257
-0.573527
-0.432647
-0.744439
-0.796451
1.291463
0.286678
2.577342
3.118531
-0.621954
-0.734534
0.367837
-0.381700
0.205864
-0.819079
-0.793898
0.290882
-0.401324
-0.839437
-0.484981
-0.553323
-0.145097
-0.812882
2.253470
-0.031934
0.882262
-0.366480
-0.366837
-0.029506
0.333306
0.140427
-0.578301
-0.561473
1.474107
1.942597
1.060926
0.558311
-0.209168
-0.271517
-0.928479
-0.651908
-0.226680
-0.879234
-0.876231
-0.881503
0.084787
-0.328949
-0.280374
0.319936
0.633380
3.137199
0.736634
-0.453346
-0.955037
-0.310748
-0.488293
-0.502979
-0.819530
-0.417456
-0.352181
1.321081
2.399884
-0.830026
-0.261109
-0.584766
-0.381381
-0.706603
-0.646309
-0.604631
-0.711902
-0.197756
-0.463095
-0.553814
-0.977130
-0.587361
0.426434
3.021502
-0.804456
0.499835
0.362716
-0.073042
0.243099
0.353282
-0.269423
0.152675
-0.925679
2.687321
1.186375
1.130349
0.357787
-0.383653
-0.427546
-0.783970
-0.714132
-0.954529
-0.155306
-0.592597
-0.546199
-0.388194
-0.873210
-0.545179
0.607379
-0.353969
5.310577
-0.695131
-0.632526
-0.455856
-0.650423
-0.885101
-0.817271
-0.749045
-0.402383
0.149666
3.981035
1.037638
0.020089
0.509906
0.620892
-0.234159
-0.708716
-0.664680
-0.549335
-0.661075
-0.499780
0.169428
-0.415980
-0.751780
-0.208842
-0.331963
4.195954
-0.443001
-0.123633
-0.579975
-0.709955
-0.192640
-0.761306
-0.754104
-0.548778
-0.673681
-0.869850
2.990684
0.360014
0.008860
0.649945
0.677174
0.204394
-0.467370
-0.136167
-0.276077
-0.862420
-0.758120
-0.821787
-0.522636
-0.339503
-0.068701
1.860112
0.954872
-0.385266
-0.870743
-0.868867
-0.526354
-0.725343
-0.467406
-0.597803
-0.735147
-0.056602
2.891317
-0.016072
-0.319855
-0.659409
1.066717
0.202540
-0.729243
-0.219063
-0.089696
0.081944
-0.893320
-0.527525
-0.162102
-0.595476
-0.087171
1.916142
0.680787
1.210177
-0.836885
-0.798752
-0.956121
-0.589012
-0.032918
-0.535477
-0.582801
-0.515184
1.462801
1.279785
-0.339378
0.437650
0.672597
1.379031
0.320221
-0.845270
-0.943051
-0.684114
-0.556616
-0.268583
0.208914
-0.757680
-0.757635
1.898944
6.013050
-0.495062
-0.895579
-0.644167
-0.519904
-0.648462
-0.387683
-0.454281
-0.447855
-0.228686
0.667656
5.787660
0.728352
-0.779610
-0.562097
-0.818517
-0.319873
0.414593
1.901198
2.034277
1.046064
0.323487
0.358913
1.266792
1.576021
1.330630
4.437925
-0.049397
-0.158556
-0.666060
-0.715785
-0.528478
-0.676187
-0.568644
-0.198776
0.280650
-0.433984
2.809820
0.665188
-0.050352
-0.020788
-0.651048
-0.823827
-0.077330
-0.673026
-0.731766
-0.444915
-0.509297
-0.527088
0.165298
-0.689213
2.135225
2.074097
-0.198370
-0.926948
-0.576596
-0.851099
-0.541593
-0.879904
-0.848764
-0.829008
-0.354767
0.988214
0.729899
0.513081
0.437075
-0.390811
-0.631976
-0.661616
-0.631199
-0.598545
-0.705009
-0.694628
-0.779997
-0.808697
-0.725468
-0.388240
0.111457
-0.849653
0.252518
-0.549719
-0.086383
-0.429140
-0.083876
-0.414632
-0.796961
-0.704393
-0.479906
0.649371
1.612363
-0.091858
-0.156902
-0.802840
-0.836982
-0.381559
-0.724577
-0.669295
-0.812041
-0.794633
-0.634462
-0.478868
-0.451096
-0.521042
1.261626
1.672655
0.952323
-0.771335
-0.407560
-0.668937
0.114700
-0.304948
-0.267857
-0.288769
0.428564
2.853556
1.207442
-0.609224
0.416671
0.834971
-0.048907
-0.491610
-0.811986
0.733857
1.325890
-0.260697
0.300991
-0.431728
-0.132345
1.212700
3.184961
4.017393
3.070766
-0.681679
-0.515856
-0.662865
-0.605153
0.456626
-0.680911
-0.767319
-0.620692
1.215382
0.420612
1.785495
0.174326
-0.290730
0.610273
-0.535198
-0.681259
-0.203042
-0.674771
-0.290976
-0.561805
-0.013965
-0.529021
-0.693260
-0.872849
-0.374863
4.489963
0.064389
0.672479
-0.401333
-0.050012
-0.838629
-0.473279
-0.580016
-0.692902
-0.855912
2.901085
1.375660
-0.615998
-0.320095
-0.585845
-0.453794
0.125595
-0.921480
-0.395926
-0.775733
-0.651739
-0.791336
0.094958
-0.866253
-0.548431
-0.793986
2.806973
0.892559
-0.725004
-0.216810
-0.709177
-0.699172
-0.756954
-0.074046
-0.899315
-0.405035
-0.307287
4.962923
-0.896547
-0.315411
0.314635
0.195567
-0.294505
-0.813382
-0.656993
-0.671884
-0.634725
-0.661372
-0.003869
-0.703077
-0.722945
-0.578506
2.013518
0.751278
0.484134
-0.570082
0.100704
-0.379732
0.188130
0.233557
-0.136573
-0.464249
2.694088
2.709399
0.458343
-0.246536
-0.316687
-0.675748
-0.404190
-0.234000
-0.790149
-0.028244
-0.022823
-0.384692
0.110787
-0.621173
0.268390
0.163258
-0.156613
4.245512
-0.394237
-0.779632
-0.674334
-0.109975
-0.854216
-0.867314
-0.869229
-0.931666
1.481548
2.396874
1.170019
-0.540079
-0.196469
-0.864463
-0.628236
-0.575092
-0.859224
-0.046311
-0.799620
-0.248528
-0.427915
-0.717835
-0.620723
-0.500987
-0.180660
1.723803
0.625272
-0.792546
-0.785491
-0.706235
-0.224496
-0.715083
-0.333033
-0.431859
-0.732139
1.550378
2.229999
-0.372595
-0.126468
-0.422129
-0.361179
-0.552221
-0.458686
-0.777672
-0.858303
-0.487918
-0.842092
0.031659
-0.539752
-0.207358
-0.219091
1.016749
2.319302
-0.363121
-0.396224
-0.859094
-0.497271
-0.657379
-0.334625
-0.907726
-0.262608
-0.484556
4.558813
-0.517930
-0.532821
0.384511
-0.444726
0.070095
-0.153529
-0.648835
0.667171
-0.376584
-0.416723
-0.517575
-0.770790
-0.627197
-0.464711
-0.384891
2.665509
0.696081
-0.137510
-0.633061
-0.702196
0.310030
-0.199532
-0.077366
0.310137
-0.396858
3.731173
1.813382
-0.784817
-0.769185
0.963415
0.695629
0.798002
-0.099211
-0.672743
-0.117621
-0.248150
0.427111
-0.395552
-0.352924
-0.645269
-0.729373
4.901085
2.614333
1.154707
0.585519
-0.587439
0.247721
-0.145359
0.339254
-0.736230
0.164564
3.665156
-0.079547
-0.421147
-0.547942
0.118469
-0.795590
-0.762697
-0.605095
-0.078895
0.425182
0.260796
-0.409946
0.085011
-0.171150
-0.305879
1.362124
4.643899
0.794182
-0.122421
-0.551357
-0.752773
-0.596782
-0.399256
0.060621
-0.770768
-0.084414
2.420494
-0.432551
0.203649
-0.003125
0.331185
0.058544
-0.461156
0.352107
-0.258583
-0.060348
0.045254
-0.264079
-0.935298
-0.352134
-0.262448
0.293641
2.745692
0.570495
-0.912186
-0.253136
-0.551286
-0.236439
-0.511412
0.011299
-0.682321
-0.141998
0.555018
2.084200
0.027110
-0.323090
-0.098069
-0.623757
-0.179587
-0.914900
-0.297054
-0.208296
-0.607759
-0.736232
-0.501599
-0.551722
-0.307250
0.128328
1.694942
1.195358
-0.143631
-0.582260
-0.577380
-0.919563
-0.320532
-0.881919
-0.553437
-0.231263
-0.410738
2.406601
-0.582395
0.670390
-0.368121
-0.344780
-0.521949
-0.557978
-0.230869
-0.768650
-0.730816
0.069691
-0.648874
-0.705015
-0.042773
0.428490
2.305146
0.717093
0.942022
-0.902248
-0.801497
-0.808947
-0.222036
-0.698395
-0.494851
-0.901513
0.934809
2.055354
0.478090
0.650284
0.309412
-0.141001
-0.920856
0.265125
1.067175
-0.343027
1.186779
0.703330
-0.756013
0.167169
-0.111826
-0.484122
3.096781
1.268528
1.093846
0.729189
1.436425
-0.846216
-0.808890
-0.469353
-0.748120
1.392320
0.150686
0.684420
1.660543
0.640565
0.582711
-0.382977
-0.920414
-0.783664
1.110535
-0.499519
-0.707999
1.834791
1.474988
1.675643
-0.836481
-0.761712
0.200375
-0.225382
-0.084037
10.613417
