0.000000
-0.746640
-0.463562
-0.437800
-0.858828
-0.549309
-0.650581
-0.626258
-0.821271
-0.633789
-0.877047
-0.848916
-0.871757
-0.720647
-0.211665
0.022688
0.149456
-0.775644
-0.398694
-0.913184
-0.348662
-0.647217
-0.390044
-0.507299
-0.291214
0.155129
-0.405421
0.228439
-0.752887
-0.801688
-0.614038
-0.501413
-0.283754
-0.885758
-0.804360
-0.928687
-0.757393
-0.757311
-0.876438
-0.906952
-0.822329
0.047399
-0.227440
-0.565628
-0.362480
-0.312556
-0.552085
-0.823149
-0.835769
-0.650218
-0.355607
-0.595675
-0.822951
-0.299881
-0.973084
-0.866324
-0.707067
0.380695
-0.042521
-0.813747
-0.817266
-0.922298
-0.796956
-0.504484
-0.857661
-0.838603
-0.918601
-0.845047
1.071087
-0.352799
-0.528106
-0.029682
-0.253608
-0.615092
-0.487217
-0.507497
-0.231150
-0.394575
-0.716495
-0.528688
-0.395569
-0.656068
-0.767323
-0.653206
-0.307775
0.702954
-0.727913
-0.880917
-0.857366
-0.090820
-0.860738
-0.388967
-0.548871
-0.792928
0.719769
2.304851
0.363623
0.284894
0.186026
-0.495553
-0.356573
-0.505818
-0.600617
-0.430903
-0.557387
-0.708896
-0.420270
-0.532810
-0.515477
-0.943778
0.962796
0.862683
-0.217992
-0.032889
-0.723115
-0.961141
-0.725387
-0.214201
-0.986809
-0.570095
-0.179691
2.963066
-0.243433
0.028301
0.283487
-0.544256
0.344285
-0.378476
-0.313778
-0.662955
-0.537566
-0.535142
-0.422106
-0.331754
-0.503171
-0.609619
0.087663
0.501368
2.080353
-0.285351
-0.559426
-0.267519
-0.185839
-0.156966
-0.949356
-0.342039
-0.766884
0.610841
0.670954
1.460434
-0.482239
0.145152
-0.358485
-0.314672
-0.381614
-0.516979
-0.585119
-0.231557
0.101265
-0.621004
-0.363488
-0.817978
-0.399514
-0.161393
1.295918
0.538532
-0.513324
-0.563968
-0.757585
0.119206
-0.007803
-0.660919
-0.295566
0.128170
2.762472
-0.235393
-0.112287
0.880654
1.418307
-0.266781
-0.685081
-0.607182
-0.453769
-0.536177
-0.828849
-0.807013
-0.686155
-0.596645
0.428422
-0.652269
2.041856
1.924219
0.103458
-0.225485
-0.443692
0.589327
-0.461062
0.219340
-0.422595
-0.187909
1.787614
2.899631
1.431156
0.327199
-0.770096
-0.336935
-0.676399
-0.212549
-0.441314
-0.331560
-0.471272
-0.277001
-0.822954
-0.845834
-0.086186
-0.657931
0.924908
2.056315
0.542387
-0.432974
-0.742113
-0.763466
-0.147128
-0.319696
0.334881
-0.825166
-0.059817
2.796407
-0.262759
0.346963
-0.186428
0.483029
0.043610
-0.615407
-0.388230
-0.251324
-0.452145
-0.487116
-0.083375
-0.636114
-0.539078
-0.695059
-0.032939
1.496090
3.365918
0.307537
-0.696389
-0.377506
-0.126641
-0.054003
-0.540558
-0.400192
-0.479200
-0.428383
3.770691
-0.102144
-0.176704
-0.562168
-0.222702
0.104985
-0.460313
-0.680014
-0.351870
-0.683348
-0.721640
-0.685569
-0.817993
-0.749481
-0.432605
-0.313571
3.860444
0.990412
0.010064
-0.758166
-0.179764
-0.325202
-0.082259
-0.748043
-0.216400
-0.618743
-0.203848
2.605460
0.126324
-0.407768
0.283209
0.214450
0.466896
-0.239482
-0.586988
-0.663294
0.196608
-0.040535
0.266945
-0.772509
-0.518883
-0.490815
1.561904
1.557173
0.641706
-0.624180
-0.870296
-0.762853
-0.116089
0.054093
-0.548607
-0.793556
0.988461
3.367121
0.444963
-0.769922
0.671834
0.735274
-0.689716
0.089386
-0.527655
-0.039447
0.949503
-0.571229
0.282006
-0.076140
1.101067
1.120537
-0.176253
5.172630
-0.556080
-0.698162
-0.401501
-0.520915
-0.315938
-0.412985
-0.539271
-0.653617
-0.342298
0.873957
2.665532
-0.393052
0.358156
-0.727595
-0.513261
-0.652467
-0.644305
-0.915277
-0.793988
-0.585838
-0.568638
-0.378814
-0.874720
-0.397539
-0.339609
2.270177
0.534857
-0.547194
-0.671993
-0.848046
-0.274894
-0.069807
-0.624806
-0.146847
-0.194803
1.864659
0.933754
-0.359281
-0.222330
-0.277513
-0.467462
-0.559560
-0.556987
-0.234300
-0.200323
-0.538768
-0.813767
-0.320216
-0.136542
-0.120368
-0.798580
0.828218
2.071616
-0.755369
-0.651175
-0.712548
-0.493467
-0.624186
-0.654660
-0.844471
-0.779204
-0.008570
-0.588293
1.724347
0.038091
0.264678
0.070787
-0.421156
-0.874026
-0.821790
-0.502960
-0.830882
-0.287474
-0.781755
-0.702254
-0.550305
0.297465
-0.596456
2.866870
0.047993
0.688733
-0.863070
-0.278389
-0.869514
-0.561650
0.051251
-0.901941
-0.322575
2.686156
1.177178
1.068411
0.397791
0.011149
-0.310637
0.601131
-0.692354
-0.601042
-0.470599
0.365018
-0.654143
-0.554668
-0.401503
-0.227279
-0.828157
1.646713
3.221858
-0.694306
-0.936445
-0.727967
-0.563442
0.441407
-0.678977
-0.574373
-0.629616
0.511593
4.159288
1.888447
-0.196954
0.064179
-0.106765
-0.299403
-0.587961
-0.718604
-0.701628
-0.469589
-0.696635
-0.756917
-0.472731
-0.668464
0.311117
-0.361915
0.962148
2.314216
-0.863634
-0.421963
-0.384832
-0.479629
-0.822527
-0.479129
-0.665877
-0.689809
-0.238443
4.195638
-0.414774
-0.580755
-0.758521
-0.424449
-0.070993
-0.664299
-0.259333
-0.276521
0.021395
-0.922316
-0.720475
-0.614640
-0.384279
-0.419525
2.961895
-0.142874
-0.765058
-0.061373
-0.153283
-0.520137
0.724427
0.610020
0.469931
-0.428197
-0.374655
5.040090
-0.472920
-0.721552
0.949168
1.591739
0.970295
-0.390809
0.302979
-0.096664
0.078393
-0.798337
-0.592927
-0.881597
-0.126887
0.033448
0.260509
1.819056
1.287894
-0.731686
-0.588574
0.076298
-0.431242
-0.245286
-0.680440
-0.632053
-0.059683
3.710188
1.314997
-0.769782
-0.719758
0.065409
-0.390156
0.122492
-0.664933
-0.494586
-0.396501
-0.684772
-0.520084
-0.647163
0.391951
0.196928
-0.368125
3.213760
1.640429
-0.602379
-0.017612
-0.473927
-0.152128
-0.395216
0.306034
-0.688232
2.958034
0.756812
3.077305
-0.576539
-0.119591
-0.331330
-0.890915
0.067730
0.016858
-0.918869
-0.011887
-0.405683
-0.501468
-0.576681
0.778726
-0.800917
1.792761
1.541043
0.599664
-0.643650
-0.865436
-0.095376
-0.803010
-0.191798
-0.475375
-0.668137
1.120165
2.223209
0.751055
-0.143189
-0.464966
-0.848804
-0.626531
-0.967233
-0.537116
-0.846536
-0.597414
-0.874508
-0.350908
-0.540748
-0.372707
-0.076289
-0.536050
3.606510
0.164346
-0.897055
-0.872574
-0.854259
-0.214580
-0.784401
-0.325087
-0.875295
-0.691730
1.673450
2.111619
-0.414661
0.159258
-0.005562
-0.667758
-0.803139
-0.994669
-0.780267
-0.547118
-0.322993
-0.742137
-0.883731
-0.706183
-0.909672
-0.834153
1.254701
1.477409
-0.850401
-0.877764
-0.368549
-0.853086
-0.550947
-0.740210
-0.524522
-0.439437
-0.542260
3.740560
-0.395591
-0.517220
-0.094082
0.092316
0.810869
-0.464500
-0.214760
-0.043790
0.071817
-0.338014
-0.334502
-0.654176
-0.506190
-0.767959
1.715203
3.393723
0.971518
-0.097232
-0.742807
0.251842
0.042515
0.163917
-0.744313
-0.620912
-0.885312
3.520768
0.615827
-0.395961
0.935223
0.126100
-0.536364
-0.818290
-0.250610
0.260813
-0.015950
-0.800766
-0.213739
0.625337
0.926011
-0.824486
0.632759
5.409202
-0.478719
-0.529435
-0.688142
-0.609773
-0.280658
-0.721821
-0.773653
-0.771927
-0.399950
1.817933
1.851925
-0.920723
-0.616890
-0.734226
-0.202119
-0.304590
-0.739083
-0.471577
-0.932294
0.480637
-0.986165
-0.502324
-0.567130
-0.729020
-0.358125
4.307062
0.163112
-0.318565
-0.127328
-0.115930
-0.080771
-0.025014
0.114971
-0.206665
-0.211285
2.312836
1.492025
-0.730104
-0.114462
-0.319508
-0.862369
-0.832667
-0.560715
-0.727021
-0.776753
-0.558861
-0.617536
-0.374705
-0.208790
-0.832332
0.968707
1.807273
0.912547
-0.732407
-0.792172
-0.717449
-0.175332
-0.590486
-0.718421
-0.414441
-0.094139
-0.925026
2.572783
-0.464519
0.537044
0.147248
0.070584
-0.637236
-0.266143
-0.581631
-0.376242
-0.554627
-0.429260
-0.387976
-0.368391
-0.285433
0.138273
-0.844346
1.171021
-0.623345
-0.932913
-0.836001
-0.454326
-0.627003
-0.804636
-0.646374
-0.194472
2.503936
3.735795
0.464268
0.557439
-0.444893
-0.001415
-0.690320
-0.371523
-0.389579
-0.790206
-0.779325
-0.951549
-0.351816
0.333974
-0.311965
-0.657821
0.910930
2.318486
-0.643593
-0.445777
-0.608152
-0.585793
-0.835671
-0.579062
-0.291699
-0.696176
0.220363
4.731160
0.069650
-0.511375
0.173310
0.394427
-0.665564
-0.421516
0.111184
-0.245310
-0.013729
-0.600592
-0.714890
-0.263963
-0.883855
-0.468870
0.962666
0.941721
0.398490
-0.458738
-0.533588
0.397285
-0.013469
0.446606
-0.154238
-0.501884
0.204553
0.007891
3.982021
-0.212613
-0.898902
-0.921306
-0.392884
-0.675884
0.284662
-0.565747
-0.601316
-0.898488
-0.273227
-0.121438
-0.508702
-0.671501
-0.685636
2.217912
1.102597
0.009193
0.029070
-0.492622
-0.757585
0.166144
-0.597621
-0.271017
-0.810334
-0.852736
4.612216
-0.857155
0.192792
0.809950
0.290584
0.606071
-0.788408
0.049743
-0.779216
0.800929
-0.410888
-0.760856
-0.862269
-0.477840
-0.368962
1.786497
2.109805
-0.081550
-0.678623
-0.854722
-0.390838
0.170280
-0.003441
0.014210
-0.727030
-0.516944
1.657830
3.131993
-0.809133
0.360047
-0.392700
-0.393052
-0.220925
-0.555846
-0.909982
-0.404617
-0.571818
-0.708475
-0.946021
0.261675
0.313449
0.745161
1.767555
1.647831
-0.811195
-0.658553
-0.498365
-0.304510
-0.732866
-0.708406
-0.905756
-0.861816
-0.903238
4.311427
-0.067808
-0.820389
-0.620586
0.752644
-0.171546
-0.521909
-0.254544
-0.568128
-0.909513
-0.379586
-0.709647
-0.786571
-0.726510
-0.582424
2.421988
-0.340425
1.205884
-0.890828
-0.723723
-0.307237
-0.187733
-0.171299
-0.288178
-0.363202
-0.649322
2.208076
1.032202
-0.549950
0.732460
0.409713
0.559834
-0.502553
-0.887568
-0.849919
-0.430566
-0.523873
-0.515858
-0.754445
-0.802981
-0.060975
-0.586511
3.150442
1.484844
0.178367
-0.570206
-0.643905
-0.135812
0.098174
-0.293410
-0.281673
-0.459631
3.220462
1.126827
-0.839997
-0.715834
0.019993
-0.880304
-0.849991
-0.112574
-0.916236
-0.374914
-0.907406
-0.601663
-0.519585
-0.550705
-0.916103
-0.760030
2.177853
1.241583
0.721557
-0.035682
-0.326361
-0.600360
-0.308367
0.385591
-0.528166
-0.510757
-0.661357
5.952803
-0.587690
-0.489729
0.152691
1.211594
0.980528
-0.831145
-0.366236
0.239533
-0.574594
0.735370
-0.590927
0.005458
-0.452778
-0.951803
2.916162
-0.356033
0.211138
-0.704887
-0.829522
-0.573926
-0.186621
-0.404678
-0.946293
0.254295
0.318131
4.828333
0.230444
-0.133720
1.459462
-0.099723
-0.406526
0.142316
-0.837955
-0.615192
-0.355026
0.093753
-0.968710
0.615420
0.598775
0.935180
-0.119025
3.324644
-0.394860
-0.573848
-0.272727
0.563082
-0.545893
0.214061
-0.656487
0.827649
0.939743
4.124440
1.425575
-0.832704
-0.725419
-0.755414
-0.455700
-0.837175
-0.790859
-0.746041
0.281018
-0.737104
-0.590366
-0.391437
-0.542267
-0.710678
2.063359
1.613403
0.109167
-0.282839
-0.604082
-0.882833
-0.157643
-0.399980
-0.596824
-0.247772
4.230033
0.158606
-0.575738
0.127290
0.090932
-0.012832
-0.230514
-0.509264
-0.565700
-0.558218
-0.608768
-0.579206
-0.088455
-0.606383
-0.734014
0.637618
1.095101
1.688212
-0.344550
-0.736712
-0.441726
-0.237822
-0.590413
-0.008331
-0.598570
1.972588
3.012942
1.841926
0.004151
-0.645218
-0.469225
-0.896041
-0.544439
-0.475182
-0.239770
-0.555006
-0.574252
-0.881642
-0.819225
-0.561993
-0.510483
-0.419644
2.087394
0.446362
-0.615268
-0.660636
-0.066601
-0.292095
0.150186
-0.773842
-0.370329
-0.375930
2.007248
2.175515
-0.142515
-0.047223
-0.766148
-0.201024
-0.642409
-0.627673
-0.739839
-0.632478
-0.490341
-0.632542
-0.481258
0.042497
-0.688054
1.527008
3.402780
0.787406
-0.447513
-0.966663
-0.717776
-0.858676
-0.952638
-0.241806
-0.687469
-0.721918
-0.898047
1.943653
0.756332
-0.094645
0.700504
-0.005526
-0.813895
-0.851479
-0.742273
-0.078809
-0.425671
-0.147972
-0.899825
-0.854077
-0.478804
-0.504788
2.077654
1.140575
-0.158715
-0.808861
-0.675810
-0.666332
0.072109
-0.811775
-0.740322
-0.827613
-0.860928
1.924835
1.355358
-0.418464
-0.567474
-0.340925
-0.735560
0.142039
-0.845490
0.327778
-0.626751
-0.669260
-0.788928
-0.184165
-0.375311
-0.881535
1.180303
0.857213
0.009274
-0.724382
-0.484715
-0.894628
-0.545634
0.025021
-0.682958
-0.747792
-0.025110
1.293624
2.890520
-0.305892
-0.319274
0.640538
1.086229
-0.691890
-0.309628
-0.673642
0.371528
-0.396508
0.361419
-0.880424
-0.757632
0.643316
-0.720120
1.239748
3.841844
0.488817
-0.891049
-0.723950
-0.178515
0.539719
0.026918
-0.961791
-0.704884
1.173559
-0.980372
1.010569
-0.290836
0.688443
0.057664
-0.303431
-0.358484
0.813316
-0.082738
0.005067
-0.587930
0.252513
0.539540
0.686449
0.875441
0.154428
4.313804
-0.176786
-0.669219
-0.745239
-0.158906
0.163934
-0.465667
-0.421171
-0.766874
0.073969
1.214287
1.771807
-0.064692
0.209029
-0.471194
-0.064442
-0.572511
-0.622687
-0.415755
-0.606110
0.024582
-0.567769
-0.674277
-0.964226
-0.776348
-0.770784
3.581623
0.636540
-0.082792
-0.009963
-0.219748
-0.223197
-0.062899
-0.419432
-0.039940
0.011016
0.616432
2.093425
-0.699465
-0.454336
-0.846116
-0.919707
-0.554006
0.027964
-0.711715
-0.831748
-0.758229
-0.812482
-0.877756
-0.420048
-0.638232
-0.816894
0.917055
1.790898
-0.569943
-0.925653
-0.606432
-0.567525
-0.054053
0.186478
-0.696066
-0.674679
0.115947
2.122303
0.805542
-0.141137
0.794949
-0.017873
-0.655191
0.403107
-0.668026
-0.894854
-0.742218
-0.695454
-0.659149
-0.431352
-0.127884
-0.667483
1.360522
2.642407
0.066411
-0.079824
-0.334629
-0.014029
0.098611
-0.297799
-0.807187
0.077035
-0.351421
1.156680
1.851767
0.483740
0.343139
-0.489656
-0.636684
-0.520816
-0.475930
-0.670199
-0.758505
0.100573
-0.010908
-0.556507
-0.660750
-0.404392
-0.142507
-0.272456
2.968834
-0.379533
-0.285967
-0.431857
-0.125284
0.046709
-0.388665
-0.446604
-0.621181
2.872096
1.955257
0.828424
-0.337438
-0.071765
0.102133
-0.571489
0.202786
-0.354990
-0.748907
-0.674644
-0.534689
-0.334248
-0.059159
-0.180297
-0.226027
0.539694
0.089514
2.108872
-0.440089
0.122681
-0.691001
0.214972
-0.715612
-0.725978
-0.613601
-0.754786
4.730919
1.873518
0.097199
-0.038296
-0.141557
0.593718
0.390630
-0.427678
-0.296072
0.152048
-0.695818
-0.149960
-0.250481
-0.919301
-0.634197
-0.445440
1.825593
0.275027
0.334750
-0.993931
-0.649609
-0.754860
0.143845
-0.133188
-0.467317
0.007075
-0.202296
1.657910
2.481126
-0.086544
0.728796
-0.639770
-0.790261
-0.119448
-0.803836
-0.650361
-0.802727
-0.284094
-0.761813
-0.620894
-0.711462
0.081980
-0.178682
1.597456
0.372259
-0.696556
-0.788443
-0.348182
-0.502675
-0.605289
-0.845884
-0.763905
-0.489916
1.162249
2.314968
-0.295015
-0.798695
-0.346465
0.185747
0.258388
-0.661561
-0.146042
0.122378
0.293888
-0.482935
-0.666909
-0.454643
-0.540473
-0.456144
2.863303
1.725095
0.352646
-0.299215
-0.653278
-0.742775
0.222057
-0.284930
-0.531209
-0.617467
-0.009549
0.501950
3.881490
0.300309
1.613501
0.376055
-0.277444
-0.869878
-0.238696
-0.458689
-0.552806
-0.851679
-0.693051
-0.565718
-0.508347
0.056273
-0.447283
1.724715
1.029761
-0.553769
-0.451121
-0.751218
-0.927117
-0.053291
-0.298390
-0.943750
0.242154
0.480392
6.524362
-0.497555
-0.392890
0.002634
0.655503
0.174952
-0.257957
-0.405179
0.383687
0.019645
-0.834927
-0.744378
-0.229385
-0.265035
-0.109716
1.459220
3.426570
-0.157950
-0.138503
-0.849194
-0.302709
-0.506647
-0.245451
-0.495098
-0.479000
0.209539
3.399364
0.583113
-0.790306
-0.234260
0.592977
-0.114436
-0.397013
0.485345
0.136981
0.132008
-0.325443
-0.961597
-0.676272
0.065902
-0.460128
2.188625
1.241397
-0.730367
-0.619401
-0.648959
-0.309747
-0.313780
-0.083212
-0.286554
-0.641886
0.534728
0.497486
1.284884
-0.304901
-0.369993
-0.086092
-0.748763
-0.660271
-0.855049
0.049940
-0.658704
-0.785390
-0.765633
0.291679
0.682368
-0.439507
1.475290
2.573024
-0.645610
-0.665333
-0.536693
-0.866760
-0.197261
-0.084981
-0.619281
-0.174466
-0.429827
0.155995
2.063380
-0.779498
-0.880027
-0.359034
0.409198
-0.811715
-0.938587
-0.289141
-0.847943
-0.463740
-0.837636
-0.441255
-0.617213
-0.874622
-0.531259
3.232408
-0.121176
-0.342521
-0.486718
-0.602834
-0.220174
-0.647575
-0.469817
-0.775199
0.362230
2.102634
-0.047221
-0.409615
-0.456870
0.204967
-0.363759
-0.143407
0.223502
0.513339
-0.405099
0.019566
0.158280
-0.477038
-0.780069
-0.247192
-0.875412
3.325182
1.181472
-0.350570
-0.191937
-0.602762
-0.615871
-0.078003
-0.849441
-0.631493
-0.728147
-0.688487
6.463767
-0.134646
-0.484501
-0.073747
1.133753
0.863721
-0.221920
-0.824823
0.290972
-0.747835
-0.383735
-0.160720
0.466279
0.464258
1.582179
-0.098618
2.516205
-0.521761
-0.821541
-0.267110
0.356626
-0.844939
-0.385804
-0.551100
0.040303
4.701058
2.432814
0.917596
-0.140758
0.686123
-0.749140
-0.501451
-0.414871
0.363020
0.003254
-0.588835
-0.721017
-0.604620
-0.312192
-0.263355
-0.304391
-0.260181
1.450252
-0.823185
-0.502519
0.058164
-0.828356
-0.346970
-0.647379
-0.795671
-0.244613
0.535666
2.462093
-0.465641
0.341785
-0.325948
-0.596145
-0.680426
-0.505384
-0.912657
-0.709433
-0.719170
-0.895894
-0.735050
-0.586768
-0.516753
-0.708232
2.566157
1.243467
0.106963
-0.158640
-0.719384
-0.019340
0.166699
0.411888
-0.276633
-0.226219
0.320755
2.867505
-0.325353
-0.062465
-0.226148
-0.593895
-0.761418
0.019697
-0.634191
0.242013
-0.872794
-0.648297
-0.449616
-0.396412
-0.045560
0.058899
-0.015408
1.872600
-0.637377
-0.508682
-0.178670
-0.899379
0.257746
0.016295
-0.773471
-0.874991
0.802620
0.870800
-0.463500
0.459113
-0.160576
0.034934
-0.257995
-0.366173
-0.236232
-0.578302
-0.795772
-0.680092
-0.598276
-0.199811
-0.154386
0.294469
0.574734
3.753540
-0.200840
-0.617715
-0.799663
-0.691308
-0.811060
-0.274103
0.534735
-0.791056
-0.143894
6.844807
-0.419103
-0.692360
-0.061860
0.810024
0.337859
0.498975
-0.000727
-0.055365
-0.515590
-0.774547
-0.376886
-0.605793
-0.906080
-0.382641
2.005146
5.535432
0.432634
-0.233523
0.366145
0.463809
-0.095393
0.387101
-0.473836
-0.816162
3.769248
1.545648
0.897576
-0.314684
-0.114354
-0.436712
-0.172228
-0.566165
-0.859752
0.072647
-0.379545
-0.447018
-0.854500
-0.495962
-0.220158
1.612511
0.297269
2.959771
-0.488221
-0.480324
-0.736793
-0.584866
-0.570627
-0.859604
-0.789277
-0.690280
2.273704
1.697359
0.608354
0.172768
-0.053034
0.376850
-0.277610
-0.754941
-0.866551
-0.720404
-0.695741
-0.472009
-0.407250
-0.318537
-0.017272
2.470537
1.987204
-0.015538
-0.396171
-0.438349
-0.164567
-0.705308
-0.740948
-0.060424
0.243041
-0.116578
2.013328
2.799045
0.184296
0.726905
0.621542
-0.659431
-0.033552
-0.680552
-0.147235
0.496088
0.260241
-0.433689
0.072768
0.641677
1.062945
0.211183
1.814773
-0.297677
-0.852143
-0.869474
-0.783677
-0.546806
-0.587184
-0.720333
-0.907958
1.444733
2.576732
1.117623
0.585882
-0.003120
-0.572903
-0.730035
-0.445502
-0.693941
-0.803170
-0.605930
-0.706646
-0.704760
-0.936503
-0.889624
0.117695
2.320477
0.616593
-0.689653
-0.715246
-0.315303
-0.765574
-0.578605
-0.525549
-0.684522
-0.216783
-0.033816
1.759237
0.132809
0.612861
-0.843841
-0.484032
-0.818277
-0.826796
-0.678632
-0.235466
-0.878172
-0.612900
-0.659513
-0.062158
0.064685
-0.761728
3.924012
-0.336626
-0.473933
-0.779119
-0.972278
-0.857453
-0.873342
-0.919303
-0.928325
-0.063516
-0.489841
1.475674
-0.107968
0.128780
-0.239563
-0.280976
-0.569739
-0.116391
-0.919643
-0.842008
-0.010061
-0.864158
-0.487771
-0.615716
-0.442033
-0.320083
0.351334
1.514142
-0.311840
-0.903211
-0.524898
-0.489536
-0.353026
-0.836189
-0.750902
-0.289177
1.900278
1.160919
-0.597843
0.576838
-0.222084
-0.037508
-0.834926
-0.437405
-0.660461
0.053096
-0.432313
-0.621071
-0.851888
-0.044581
-0.475187
-0.784556
-0.281222
1.774177
-0.765294
-0.426400
-0.337469
-0.794242
-0.445806
-0.363248
-0.853621
-0.444212
0.422556
-0.485188
1.194665
0.308372
-0.031847
-0.259309
-0.471760
-0.750840
-0.897513
-0.557918
-0.350086
-0.891627
-0.690267
-0.763412
-0.458075
-0.152945
0.771743
0.680598
1.471255
-0.738599
-0.619892
-0.326728
-0.465374
0.087291
-0.680858
-0.465951
0.375601
2.721680
1.386011
-0.576096
0.684648
0.129371
-0.163381
0.117451
-0.856872
-0.089158
-0.221411
-0.529933
0.027735
-0.510304
-0.761465
-0.719720
0.426512
3.624266
-0.408886
-0.333490
-0.292001
-0.490569
0.020366
-0.092346
-0.387608
-0.524582
-0.416010
0.664910
2.542349
0.321818
0.848545
-0.064238
0.862520
0.631285
-0.837402
-0.442983
-0.439519
-0.055109
-0.780231
-0.158563
-0.749728
-0.121637
-0.737791
1.180223
1.661917
-0.353892
-0.564144
-0.197433
-0.891446
0.090648
0.106965
0.138828
-0.519438
0.760259
2.808755
0.581074
-0.210716
0.222422
0.345696
0.416862
-0.714274
0.250797
1.386076
-0.096367
-0.176402
-0.352468
-0.112134
0.531862
-0.066815
1.805276
3.578657
0.435540
-0.714295
-0.641212
0.144159
-0.056471
0.604586
-0.350980
-0.672353
1.490028
0.683425
3.045684
-0.290541
-0.802191
-0.378876
-0.402798
0.102757
-0.621506
-0.499203
-0.569176
-0.735968
-0.127375
-0.396401
-0.018165
-0.025636
1.199028
4.120155
0.882875
-0.190578
-0.505703
-0.642936
-0.840388
-0.594590
-0.690119
-0.928494
-0.029509
0.365750
4.591259
-0.018785
-0.711181
0.015206
0.237533
-0.541702
-0.596227
0.366298
-0.199183
-0.711824
0.170354
-0.605399
-0.510864
-0.571772
-0.716102
1.793224
0.452469
0.524483
-0.824783
-0.616101
0.410613
-0.054428
-0.571778
-0.451342
-0.806797
-0.180350
1.243303
0.722525
-0.291494
-0.292054
-0.880025
0.237256
-0.884502
-0.678246
-0.207449
-0.748477
-0.536670
-0.737727
-0.319325
-0.777614
-0.751919
-0.939031
3.598536
-0.140662
-0.137874
-0.186642
-0.750774
-0.539360
-0.387139
-0.102294
-0.761375
-0.720324
3.268608
0.369943
-0.640745
-0.169588
-0.868194
-0.452315
-0.019306
-0.613616
-0.386529
-0.736086
-0.934397
-0.698198
-0.602975
-0.839504
-0.873806
-0.014233
-0.370975
1.218919
-0.912685
-0.523200
-0.541946
-0.923643
-0.929606
-0.701126
-0.842412
0.107998
0.758216
2.619157
-0.452370
0.263887
-0.207227
0.530521
-0.906933
-0.701126
-0.590449
0.061381
-0.729030
-0.739257
-0.626611
-0.878040
0.453338
0.148789
3.405202
1.081623
-0.536737
-0.419951
-0.830167
-0.777462
-0.365755
0.001144
-0.405507
-0.894762
3.617309
1.924459
-0.138210
0.284587
1.259789
0.181197
-0.765617
-0.705824
0.123578
-0.880667
-0.481489
-0.919123
0.341198
-0.578559
-0.105432
0.736369
0.194586
1.982891
-0.509265
-0.666399
-0.247615
-0.169748
-0.692396
-0.700282
-0.699648
2.257661
0.827220
2.442375
0.005568
-0.801400
-0.408068
-0.315811
-0.607098
-0.571319
-0.340274
-0.450801
0.235429
-0.708514
-0.584732
-0.297216
-0.947988
1.661793
6.226422
0.896268
0.461667
0.872316
-0.447970
0.287429
-0.488931
-0.315729
-0.355308
0.460492
2.591100
1.253110
-0.332498
-0.138367
-0.309755
-0.993805
-0.620287
-0.253876
-0.153474
-0.133599
-0.622779
-0.652965
0.451916
-0.144848
1.831599
3.470168
3.618423
0.046010
-0.753635
-0.853156
-0.137234
-0.430235
-0.577056
-0.551035
-0.544756
0.852211
-0.310118
1.307761
0.306045
-0.245162
-0.439797
-0.551772
-0.515678
-0.300586
-0.783761
-0.210031
0.097923
-0.659248
-0.816612
-0.619438
-0.985501
0.426310
1.800931
-0.355596
-0.834778
-0.754150
-0.360766
-0.570569
-0.579122
-0.836436
-0.607202
0.584942
0.248290
0.844835
-0.748223
-0.000321
0.362403
-0.705119
-0.203155
-0.622219
-0.764167
-0.150364
-0.836163
-0.265709
0.129304
-0.164076
-0.529329
0.738121
1.803607
-0.410623
-0.755079
-0.651219
-0.740178
-0.178518
-0.705873
-0.739954
-0.786792
0.429562
-0.820672
2.389951
-0.019413
0.180892
-0.445994
-0.371424
-0.642225
-0.533342
-0.164662
-0.574087
-0.756358
-0.581407
-0.190393
0.038373
-0.453080
1.209895
1.296330
-0.446646
-0.400357
-0.758468
-0.620396
-0.495120
-0.342727
-0.762348
-0.709984
0.998881
2.006745
0.006441
0.265226
-0.218139
0.050191
0.584163
-0.916478
-0.951475
-0.030464
0.805085
-0.740134
-0.172902
-0.684241
-0.514567
-0.664713
-0.848569
3.868085
0.981096
-0.756913
-0.337198
-0.639632
-0.631344
-0.026093
-0.298798
-0.504196
-0.781287
1.738820
6.719611
-0.255353
-0.882888
0.276410
1.211603
0.910678
0.019645
0.971178
0.348837
0.305935
-0.510703
-0.508996
-0.381754
-0.290404
-0.813789
3.286372
1.507430
-0.262369
-0.249761
-0.247618
0.819015
0.064764
0.066444
-0.170724
-0.927752
2.849490
2.038184
0.583564
-0.282378
-0.187103
-0.147191
-0.386092
0.004983
-0.675873
0.655668
0.701113
0.164561
-0.150837
0.362314
0.333806
1.406697
0.741519
1.616799
-0.487095
-0.804066
-0.464859
-0.415574
-0.233725
-0.528921
-0.457403
-0.681020
1.681276
2.552318
0.644859
0.259997
-0.123902
-0.918335
-0.762941
-0.540129
-0.408835
-0.496132
-0.841690
-0.860780
-0.331551
-0.795908
-0.874558
-0.651980
3.092544
-0.424817
0.382200
-0.822657
-0.564172
-0.202620
-0.566650
-0.362380
-0.875946
-0.421225
1.477319
0.863204
-0.329749
-0.481581
0.011831
-0.743756
-0.193422
-0.582527
-0.908727
-0.274544
-0.810156
-0.551811
-0.383624
-0.004941
-0.168144
0.773447
3.268134
2.588987
-0.390057
-0.754374
-0.886708
-0.727012
-0.415698
-0.747992
-0.548622
-0.949156
0.667272
2.889102
-0.015458
-0.709642
-0.825362
-0.694066
-0.898683
-0.715553
-0.918778
-0.912724
-0.669578
-0.435186
-0.419244
-0.750939
-0.903479
-0.662114
-0.051810
1.800361
1.176307
0.283937
-0.684375
0.115308
-0.440073
-0.094220
-0.246108
-0.534385
0.089138
1.028747
1.158772
-0.640375
-0.040438
-0.711219
-0.891294
-0.566763
-0.937556
-0.415958
-0.341752
0.006285
-0.693528
-0.116248
-0.658366
-0.630073
0.630049
-0.206159
1.596007
-0.778523
-0.296843
-0.599419
-0.072150
-0.800549
-0.015042
-0.514783
-0.095143
1.986097
-0.230361
0.858306
-0.733418
-0.134571
-0.117081
0.022948
-0.603798
-0.269860
-0.300657
-0.467128
0.275455
-0.803483
-0.265851
-0.038397
-0.829773
2.054295
2.449806
-0.544637
-0.676239
-0.793464
-0.587554
-0.180782
-0.756684
-0.106487
-0.603194
1.277704
5.139819
1.027015
-0.198765
0.224870
0.009494
-0.085857
-0.683036
0.618090
-0.464366
-0.560310
-0.840919
-0.208200
-0.686711
0.607516
-0.021327
0.349207
4.779490
0.641161
-0.044393
-0.585915
-0.040409
-0.861721
-0.282345
0.185106
0.059183
0.142432
3.215922
2.466655
-0.911966
-0.152918
1.179077
0.419709
0.827330
-0.523459
0.079009
-0.681437
-0.157297
-0.395651
-0.843639
0.426791
-0.332816
0.823672
1.238608
0.985795
-0.514753
-0.898432
-0.300295
-0.109732
0.046142
-0.305973
-0.555640
-0.826412
0.620861
2.054195
-0.711618
0.416269
-0.904869
-0.211730
-0.849509
-0.933205
-0.514797
-0.758046
-0.176774
-0.551242
-0.483704
-0.256976
-0.082096
1.021174
0.852391
1.763307
-0.573282
-0.784084
-0.816929
-0.767817
-0.617184
-0.780543
-0.915295
0.067147
0.487908
0.819577
0.437054
-0.847367
0.412334
-0.574577
-0.722852
-0.690291
-0.794234
0.235874
-0.840432
-0.779222
-0.375112
-0.164099
-0.257620
-0.601137
0.586834
1.398781
-0.512794
-0.751878
-0.929608
-0.061795
0.042025
0.076687
-0.969435
-0.758473
1.413342
2.483536
0.763139
0.447490
-0.821462
-0.703272
-0.531450
0.073796
-0.062736
-0.310070
-0.803524
-0.911194
-0.764220
-0.417207
-0.483308
-0.901018
1.336875
2.225194
-0.502680
-0.260133
-0.895815
-0.334929
-0.316432
-0.839689
-0.435555
-0.856129
-0.226740
4.500528
0.246437
-0.778524
0.620252
-0.499057
-0.113763
-0.836133
-0.261187
-0.526169
-0.422089
-0.692364
-0.958944
-0.794912
-0.480548
-0.803398
0.072763
3.914361
0.705830
0.247264
0.328016
0.198291
-0.390645
0.747904
0.343951
0.475598
-0.546178
2.492346
2.067510
-0.765220
0.140779
0.078176
0.286590
-0.786775
-0.555321
0.066543
-0.681547
-0.007030
-0.298611
-0.696882
-0.218304
-0.775996
0.401472
-0.795592
3.955925
-0.635547
-0.953977
-0.336388
-0.488670
-0.556859
-0.220161
-0.780016
-0.814599
-0.279982
2.375273
0.859199
-0.803718
-0.797155
-0.804036
-0.823683
-0.858466
-0.649833
-0.817752
0.316460
0.035905
-0.825109
-0.636532
-0.711740
-0.653628
-0.517889
0.708936
0.749316
-0.311118
-0.515621
-0.540262
0.227041
-0.600416
-0.590460
-0.528047
0.187283
1.769786
2.662966
-0.735459
-0.368712
-0.308900
0.228639
-0.949757
0.106417
-0.080059
-0.687392
-0.172547
-0.601968
-0.825261
-0.503775
-0.735476
-0.252859
2.575119
2.129478
-0.861364
-0.499600
-0.463285
-0.930573
-0.109450
-0.518800
-0.628014
-0.496752
-0.405224
4.373149
-0.701811
-0.595228
0.924359
1.502454
0.185419
-0.943206
-0.274270
-0.210765
0.163386
-0.088175
-0.592847
-0.590891
-0.161485
-0.329765
2.042360
3.582046
0.611336
-0.088742
-0.658348
-0.101822
0.069069
0.268139
-0.220285
-0.049225
-0.345296
6.591557
-0.631686
-0.738357
0.067398
0.485959
0.692317
0.327167
-0.553442
-0.613392
-0.437456
-0.483931
-0.642776
1.026298
0.835943
1.130389
1.659711
3.486219
-0.783207
-0.736124
-0.288921
-0.036137
-0.119806
-0.125647
0.388717
-0.421971
1.977045
4.271840
0.999954
0.688363
-0.325173
-0.661679
-0.584449
-0.357095
-0.634994
-0.639181
-0.016368
-0.863953
-0.478310
-0.886650
-0.369233
-0.568994
2.580463
0.624741
0.055287
-0.843539
-0.109007
-0.697617
-0.080575
-0.913139
-0.790199
-0.558379
1.134741
-0.664181
0.100795
-0.534615
-0.232161
-0.572299
-0.844538
-0.641040
-0.888849
-0.837675
-0.709510
-0.704584
-0.412696
-0.120536
-0.763140
-0.693316
-0.424108
2.717524
-0.903587
-0.939792
-0.897261
-0.412148
-0.654259
-0.786288
-0.850089
-0.741887
-0.016938
2.896772
0.379713
-0.484044
-0.869923
-0.101401
-0.034931
-0.531527
-0.699353
-0.048506
-0.678973
-0.226142
-0.530977
-0.580525
-0.977119
-0.418814
2.806925
0.359063
0.043351
-0.365807
-0.337420
-0.740101
-0.341213
-0.682841
-0.800110
-0.568252
1.451450
-0.238894
0.844131
0.599038
-0.047792
0.021743
-0.143933
-0.258699
-0.017917
-0.381925
-0.564186
-0.350665
-0.663586
-0.732774
-0.856976
-0.305870
0.150568
4.885618
-0.870478
-0.635554
-0.799948
-0.649126
-0.118296
-0.221583
0.365907
-0.675276
3.806785
0.908458
1.777370
0.188283
1.184073
1.174899
0.548964
-0.400865
0.435663
-0.709341
0.133222
0.100833
-0.812015
-0.865435
-0.075581
-0.948194
2.180005
0.749841
0.185611
-0.702137
-0.315892
0.357648
0.197982
0.526830
-0.272366
-0.721287
1.303420
1.496276
0.654922
0.267635
0.196457
-0.493531
-0.347911
-0.021916
-0.158021
-0.419856
-0.735943
-0.870564
-0.248997
0.222559
0.333146
-0.609521
2.352661
2.916410
-0.240044
-0.538534
-0.315384
-0.883720
-0.101848
-0.962910
-0.502850
-0.636210
-0.434681
2.086818
0.037451
-0.746048
-0.739505
0.376205
-0.108964
-0.408590
-0.898483
-0.386966
-0.445155
-0.954002
-0.768738
-0.576291
-0.347171
-0.760939
-0.571563
4.647687
1.362257
0.543420
-0.607859
-0.548814
-0.528805
-0.766450
-0.018911
-0.410612
-0.491006
2.500022
1.460040
-0.462929
-0.503573
-0.154132
0.182840
-0.006739
-0.400774
0.067114
0.027601
-0.149319
-0.848806
-0.077469
-0.023308
-0.837710
2.157294
1.065043
0.566616
-0.585153
-0.840377
-0.635824
-0.775806
-0.306159
-0.528322
-0.431199
-0.726892
2.840530
1.574215
-0.542880
-0.853575
-0.031098
-0.439989
-0.549570
-0.761355
-0.460441
-0.704315
-0.908304
-0.478986
-0.016358
-0.375154
-0.600577
1.133474
1.712379
0.705684
-0.839747
-0.742470
-0.566629
0.054892
-0.307900
-0.467092
-0.575158
0.344079
1.410152
2.476087
-0.178576
-0.815212
0.466559
0.077865
-0.749346
-0.796310
-0.441792
-0.719530
0.001042
-0.644690
-0.857939
-0.316083
-0.883536
2.310405
1.720844
0.926428
-0.215634
-0.848560
0.092935
-0.032291
0.099395
-0.722806
-0.086856
0.413873
3.676713
1.832073
-0.574622
1.629908
0.262419
-0.414103
-0.522291
-0.192194
-0.154312
0.191794
-0.467889
-0.584597
0.199037
0.163919
0.275695
-0.210583
2.985838
-0.801875
0.095550
-0.801081
-0.863881
-0.767107
-0.564245
-0.580925
-0.746469
1.549156
2.646428
0.821224
-0.644622
-0.554947
-0.581009
-0.746927
-0.819321
-0.573982
-0.923954
0.578231
-0.379788
-0.436106
-0.902202
-0.665434
-0.904026
1.729674
1.591321
-0.232734
-0.352046
-0.642218
-0.777146
-0.473666
-0.334474
-0.307724
-0.724661
1.941796
1.399881
0.438724
-0.752009
-0.695677
-0.616186
-0.529984
-0.336983
0.268265
-0.537574
-0.255492
0.084887
-0.650061
-0.652250
-0.926183
-0.479771
-0.150089
1.635052
1.500750
-0.134089
0.123692
0.031651
-0.147969
-0.242618
-0.617754
-0.454429
-0.528773
1.409357
1.173218
-0.937831
-0.162175
-0.529915
-0.233768
-0.447328
-0.358169
-0.477790
-0.867154
-0.373541
-0.719099
-0.368915
-0.947332
-0.405731
0.258392
0.080228
1.259560
-0.065759
-0.051733
-0.582987
-0.734671
-0.087767
-0.306668
-0.704065
-0.308931
1.992710
1.598885
-0.651777
0.236354
-0.798702
-0.198017
-0.670183
-0.761710
-0.143333
-0.333372
-0.025048
-0.507519
-0.625406
-0.803229
0.031676
0.172483
0.230276
1.189205
-0.766384
-0.313593
-0.133660
-0.672860
0.165258
-0.035574
-0.727866
0.043082
0.439373
3.676868
-0.049831
-0.407099
-0.280717
-0.852876
0.139142
-0.608763
-0.699539
-0.748587
-0.639079
-0.556683
-0.426481
-0.886511
-0.925785
-0.322437
-0.540421
4.046754
-0.548258
0.735702
-0.236073
-0.491326
-0.279014
-0.819470
0.447667
-0.681408
1.621481
1.498716
2.079998
-0.663019
0.451120
0.304729
0.075443
-0.279015
-0.618055
0.246601
-0.872361
-0.391281
-0.418035
-0.000495
-0.099221
-0.753324
-0.613941
4.134201
1.660841
-0.850384
-0.348016
-0.239154
-0.528425
0.212822
-0.478468
-0.756127
0.257278
0.084213
8.001505
-0.310595
-0.291260
1.247639
1.474584
-0.604297
-0.885251
-0.920822
-0.474939
0.303484
0.033226
0.562444
0.575144
0.388352
1.528767
-0.554269
1.258568
-0.766947
-0.393642
-0.814591
0.542861
-0.281854
-0.100743
-0.491183
-0.599061
2.709969
2.746436
0.646270
-0.803265
0.027451
-0.780260
-0.744425
-0.717912
-0.278531
0.166338
-0.878304
-0.184532
-0.674974
-0.699426
-0.297680
-0.131947
0.785206
0.907928
-0.719062
-0.489828
-0.235332
-0.885713
-0.490237
-0.893271
-0.852903
-0.710785
2.252656
1.593706
-0.727966
0.346157
-0.515770
-0.517484
-0.378621
-0.994849
-0.563875
-0.860806
-0.744215
-0.640061
-0.164865
-0.061270
-0.175137
-0.441829
-0.550605
1.591676
-0.759475
-0.464084
-0.252493
-0.347281
-0.154060
-0.827351
-0.509466
-0.519960
1.628711
1.791983
-0.525793
-0.352911
0.081167
0.014799
-0.674325
-0.747835
-0.539763
-0.695948
-0.723240
-0.204190
-0.758789
-0.335696
-0.721618
0.137426
0.798316
0.226415
0.781629
0.029725
0.416638
0.242998
0.299010
-0.067729
-0.636539
-0.671143
1.316514
0.693582
0.451075
-0.030405
-0.305481
-0.835691
-0.399706
-0.727809
0.018835
-0.782186
-0.878839
-0.544222
-0.190188
-0.533213
0.507812
-0.503685
1.532271
3.021892
0.058442
-0.861691
-0.729704
-0.302206
-0.534581
0.561452
0.486383
-0.496071
2.325085
4.349306
0.977462
-0.626943
-0.081111
0.215026
-0.704706
-0.354234
0.285770
0.193830
-0.950827
-0.345375
-0.235133
-0.943827
-0.478524
0.254139
2.196488
3.300336
-0.823770
-0.587838
-0.647891
-0.605708
-0.355086
-0.466672
-0.598173
-0.551276
0.287236
3.975623
0.948068
-0.349151
0.223551
0.042188
0.396230
-0.464831
-0.772664
-0.422428
-0.788818
-0.565617
-0.880609
-0.900853
-0.946844
-0.471907
-0.014976
1.956793
1.934433
-0.728336
-0.936186
-0.703451
-0.661231
-0.692979
-0.396587
-0.897362
-0.127725
-0.190256
4.021458
-0.588981
-0.900595
0.440889
-0.051772
-0.089817
-0.594247
-0.903201
-0.850523
-0.772269
-0.289484
-0.050558
-0.633438
-0.408464
0.534093
2.956688
2.318595
0.505289
-0.581048
-0.309804
-0.103780
-0.247653
-0.490361
-0.376996
-0.226564
1.749423
1.944041
0.735720
0.269753
0.409283
0.120158
0.290666
-0.407878
-0.091358
1.150866
0.838498
-0.079318
0.297409
1.215139
1.816118
-0.344784
5.564779
1.346145
-0.513451
-0.492149
-0.605652
-0.504411
-0.644296
-0.423333
-0.792152
-0.679644
2.607582
1.574021
0.504710
-0.242548
-0.021831
0.002269
-0.657692
-0.559186
-0.392256
-0.348294
0.454156
-0.557872
-0.693552
-0.687437
-0.871351
-0.990189
3.698753
-0.379267
-0.142510
-0.869699
-0.524081
-0.531089
-0.566293
-0.382766
-0.954689
-0.514419
2.027263
1.495661
-0.044592
-0.077909
-0.404528
0.095657
-0.510553
-0.652210
-0.868315
-0.388515
-0.660351
-0.820852
-0.166161
-0.152371
-0.137420
-0.405875
0.327321
1.106677
-0.694784
-0.582799
-0.919085
-0.055976
-0.444891
-0.602607
-0.572732
-0.210204
0.593234
2.994113
-0.869769
-0.819067
-0.010521
-0.836759
-0.586865
-0.780026
-0.965812
-0.435347
-0.686855
-0.425883
-0.951463
-0.122265
-0.501956
0.284576
-0.590329
1.734830
-0.367370
-0.406979
-0.704530
-0.864059
-0.266261
-0.918178
-0.568585
-0.013616
-0.594027
3.408036
0.013450
0.122779
-0.295914
0.177217
-0.437373
-0.449502
-0.447472
-0.146480
-0.102560
-0.357246
-0.736552
-0.086754
-0.187225
-0.124146
0.488975
2.762284
-0.839498
-0.721674
-0.280855
-0.735753
-0.705052
-0.796049
-0.815301
-0.553754
0.874063
1.153231
0.670427
-0.868556
0.752180
0.043394
-0.023192
-0.773315
-0.702052
-0.089158
-0.749750
-0.344656
-0.512982
-0.667316
-0.860703
-0.770859
0.776933
5.559106
0.173103
-0.020471
-0.514614
-0.360458
0.218120
0.098160
-0.497588
-0.783205
-0.635308
5.118613
0.893759
-0.583313
0.120262
0.896006
0.168512
-0.644557
-0.447287
-0.833083
-0.839764
-0.964789
-0.564960
-0.356956
-0.420930
-0.464508
2.339983
3.282079
0.310599
-0.818138
-0.196920
-0.280267
-0.682574
-0.329245
0.152497
-0.858712
2.548161
3.239734
0.729273
-0.372157
-0.345049
-0.839025
-0.123317
-0.802686
-0.750877
-0.733789
-0.611722
-0.165529
-0.290659
-0.268198
-0.418510
0.116136
-0.237269
1.645323
-0.453168
-0.854435
-0.639107
-0.405255
-0.237675
0.055084
-0.677405
0.179577
2.845875
0.822551
0.181485
-0.002765
-0.100466
-0.739180
-0.536266
0.133920
-0.692035
-0.333366
-0.842565
-0.377245
-0.530644
-0.600136
-0.670580
-0.529993
1.598293
1.502223
-0.757195
-0.960316
-0.332455
-0.352318
-0.674650
-0.384505
-0.420758
0.013617
-0.494641
4.461978
0.015424
-0.826299
-0.010478
-0.210595
-0.886105
-0.488905
-0.080030
0.405653
-0.360979
0.373012
-0.217234
-0.380034
-0.707351
1.483190
-0.067494
2.259219
-0.195410
-0.334345
-0.768282
0.160901
0.218706
0.378017
0.241959
-0.111374
1.625469
3.992605
0.829551
0.016346
0.426668
-0.193790
-0.082996
-0.939069
-0.786639
-0.569519
-0.528023
-0.347706
-0.267300
0.428577
-0.618653
0.845273
3.974172
0.644495
-0.645157
-0.737450
0.022285
-0.456087
-0.195427
-0.052386
-0.410093
-0.746747
1.592332
2.627348
0.200340
0.824432
-0.690768
-0.907850
-0.831125
-0.586882
-0.566021
-0.266920
-0.609465
-0.687372
-0.710906
-0.849010
-0.114644
-0.669339
0.900348
2.303377
-0.789686
-0.804345
-0.982829
-0.763790
-0.561544
-0.857214
-0.889259
-0.891517
-0.509632
2.956207
0.247135
-0.211473
-0.229625
-0.187333
0.034029
-0.785845
-0.239208
-0.581640
-0.770518
-0.825006
-0.880326
-0.450829
-0.768116
-0.832479
-0.600234
2.802980
0.231526
-0.664962
-0.334623
-0.096444
-0.321753
-0.069394
-0.474563
-0.588225
-0.054183
0.855009
0.808740
-0.869127
-0.403058
-0.157749
0.396205
-0.735266
-0.651025
0.003029
-0.856676
-0.687365
-0.559121
-0.186760
-0.229470
-0.645396
-0.623665
1.842038
1.683932
-0.060514
0.058817
-0.666248
-0.529254
0.144987
-0.070847
-0.154473
0.164014
0.870464
3.683575
-0.028828
-0.082844
-0.753426
-0.572059
-0.613626
-0.466090
-0.864568
-0.732645
-0.882687
-0.959958
-0.531594
-0.744172
0.320987
-0.092030
-0.058891
4.888337
-0.348116
-0.635151
-0.871331
-0.890316
-0.667214
-0.690116
-0.471931
-0.728898
-0.631147
2.043407
1.981782
-0.706925
-0.404536
0.102132
-0.799920
-0.476335
0.082347
-0.843256
-0.838589
-0.723434
-0.360598
-0.705643
-0.792382
-0.650877
-0.572452
5.232688
-0.883143
0.167619
-0.123934
-0.602951
-0.122162
-0.060027
-0.330529
-0.650168
-0.505063
-0.036510
7.592525
0.074136
-0.412024
0.385021
1.213159
-0.053459
-0.125680
-0.232318
-0.505252
0.297328
-0.785850
-0.586961
-0.829343
-0.870793
0.935665
0.695687
2.547445
-0.513668
-0.764951
-0.269935
0.060385
-0.086957
0.137808
-0.429854
-0.800572
2.466074
1.193072
0.604369
-0.715069
0.168545
0.378738
-0.622971
0.529120
-0.286214
-0.538352
-0.894673
-0.087497
-0.849948
-0.819840
-0.661500
-0.320184
1.755638
1.136694
-0.704865
-0.443169
-0.753759
-0.912780
-0.794226
-0.131193
-0.735497
-0.411915
-0.562605
5.116946
-0.248857
-0.613477
0.038486
0.030384
-0.905112
-0.648293
0.279300
-0.543704
-0.311697
0.184432
-0.481919
-0.367764
-0.144473
0.363516
5.139154
1.307041
-0.604255
-0.772895
-0.581205
-0.278190
0.116663
-0.387987
-0.779930
-0.110985
4.751195
1.089125
0.676452
0.589002
0.345366
-0.325077
-0.557370
-0.852955
-0.828506
-0.254311
-0.831183
-0.805893
-0.119298
0.705452
-0.102374
1.471203
4.393937
0.855286
-0.623933
-0.285592
-0.718158
-0.553752
-0.792982
-0.573785
-0.671101
-0.533940
2.483297
1.571945
0.067749
0.229023
0.081946
-0.567267
-0.470881
-0.268917
-0.202561
-0.439684
-0.603263
-0.806866
-0.472577
-0.245355
0.489927
-0.104818
3.429042
-0.473409
-0.690347
-0.595888
-0.243173
-0.653875
-0.432556
-0.299681
-0.904638
-0.217325
-0.230045
1.988751
-0.382554
0.052165
-0.589335
-0.849187
-0.582033
-0.852802
-0.855866
-0.490202
-0.627746
-0.880771
-0.514766
-0.329132
-0.863731
0.045152
0.227659
0.648264
-0.778407
-0.623406
-0.626400
-0.258546
0.261290
-0.811977
-0.055298
-0.276144
0.173905
1.814113
-0.210029
-0.077970
-0.848078
0.166254
-0.789617
-0.610962
-0.526798
-0.405966
-0.765338
-0.831955
-0.309839
-0.822191
-0.831730
-0.392711
1.328250
1.300209
0.772420
-0.064023
-0.600192
-0.538957
-0.226960
-0.109537
-0.321777
0.316421
3.071964
2.801302
-0.312953
0.238829
-0.436514
-0.379302
-0.715977
-0.694398
-0.911473
-0.343461
-0.757046
-0.691329
-0.789267
-0.364076
-0.339828
-0.451534
1.173634
3.484665
0.043485
-0.885686
0.188991
-0.740379
-0.283862
-0.861615
-0.853529
-0.228525
1.268545
-0.836762
1.383859
-0.446955
-0.418546
-0.448019
-0.682858
-0.824188
-0.810276
-0.778464
-0.783036
-0.778710
-0.508265
-0.443041
-0.603199
-0.025536
-0.233873
4.629680
-0.754439
0.930285
-0.073136
0.152123
0.182116
-0.342983
1.194051
-0.793689
-0.668537
2.163105
1.431373
0.056910
-0.797315
0.045040
-0.137363
0.425079
-0.290182
-0.436877
-0.492457
-0.912895
-0.549946
-0.619159
-0.528200
-0.917115
-0.579049
2.044371
0.924900
-0.439388
-0.663971
0.094332
-0.576188
-0.571540
-0.363236
-0.615292
-0.767091
-0.803779
3.631121
0.379671
-0.351468
0.375940
-0.105350
0.227107
-0.595336
-0.890334
-0.829482
-0.679286
-0.398050
-0.758121
-0.863649
0.043346
0.804100
1.406693
3.877780
-0.833758
-0.255337
0.279442
-0.819457
-0.598745
-0.459006
-0.715768
-0.588342
0.002609
3.057223
0.693447
-0.565773
0.748013
-0.069560
0.151118
-0.580858
-0.625712
0.385704
-0.587007
-0.487057
-0.794898
-0.113157
-0.449405
-0.697651
0.045909
3.619680
1.008917
-0.240046
-0.259803
0.449984
0.129078
-0.198574
-0.087801
-0.648024
1.481429
0.030833
2.246812
-0.560986
0.218316
-0.725398
-0.014341
-0.378562
-0.467578
-0.435845
-0.827781
-0.519686
-0.141546
-0.505618
-0.876729
-0.425553
0.312675
1.498472
1.538381
-0.110272
-0.662659
-0.050528
-0.537225
-0.077546
-0.503121
-0.474353
-0.424781
4.497863
0.168284
-0.864006
-0.092813
0.135771
-0.601442
-0.851001
-0.916249
-0.586597
0.107735
-0.179288
-0.627360
-0.594797
-0.495843
-0.228886
4.395214
0.616692
1.581276
-0.521060
-0.090006
-0.201024
0.450429
-0.689228
-0.423335
0.360856
5.953271
0.982438
0.796746
-0.358225
-0.403188
-0.694623
-0.583884
0.113425
0.503988
0.903259
0.088468
-0.665656
0.291899
0.198899
-0.039597
3.873689
3.200264
1.552162
-0.564700
-0.782026
-0.279380
-0.369138
-0.328888
-0.605872
-0.776327
-0.747035
3.479228
1.226884
0.067487
0.420071
0.357680
-0.661922
-0.241595
-0.415434
-0.911576
-0.462422
-0.404336
-0.889957
0.606270
0.480541
1.545288
2.467410
1.781095
-0.818594
-0.709526
-0.840128
-0.536320
-0.788735
-0.555752
-0.619960
-0.666154
0.790147
0.009455
2.208446
0.240429
-0.371631
-0.836383
-0.965684
-0.872819
-0.355890
-0.683886
-0.400186
-0.898450
-0.978506
-0.676935
0.116007
-0.948080
0.719688
1.776496
-0.199213
-0.514118
-0.931525
-0.270553
-0.772896
-0.403015
-0.586328
-0.519804
0.405845
1.582699
1.496999
-0.331141
0.308094
-0.649758
-0.591584
-0.286171
-0.699790
-0.328531
-0.658174
-0.655997
-0.273213
-0.900892
-0.802902
-0.791050
0.154197
-0.122487
0.779476
-0.627551
-0.588692
-0.720569
-0.873140
-0.748183
-0.961371
-0.738500
0.443927
2.534675
0.485489
0.520953
-0.341590
0.251628
-0.228060
-0.715695
-0.603418
-0.091337
-0.436469
-0.177244
-0.758477
-0.507179
-0.041557
-0.856258
-0.491082
1.995529
2.521225
0.416609
-0.774492
-0.225036
-0.922282
-0.380718
-0.838869
-0.557354
-0.613877
-0.853561
0.669679
1.325125
-0.087594
0.023567
-0.716629
0.285218
-0.538717
-0.919569
-0.080518
-0.750751
-0.603969
-0.872753
-0.566412
-0.724204
-0.756470
-0.634899
-0.293004
3.487467
0.363825
-0.157198
-0.475695
-0.605139
0.344055
-0.719559
-0.126602
-0.528063
2.645327
-0.380275
1.192863
-0.618780
0.218591
-0.611549
-0.416092
-0.457596
-0.693675
-0.799770
-0.505156
-0.027065
-0.631807
-0.752366
-0.831835
-0.178564
0.406540
2.564492
2.828376
0.023448
-0.551282
-0.282460
-0.733056
0.154157
-0.713584
-0.052171
-0.493432
3.265441
-0.326087
0.695922
-0.713804
0.262920
-0.037417
0.215277
-0.429558
-0.589219
0.052264
-0.672304
-0.107675
-0.867106
-0.805163
-0.610099
-0.864520
1.301590
3.576032
0.839940
0.139214
-0.436027
-0.010252
-0.806040
-0.124234
-0.724380
-0.592053
-0.481992
2.933579
1.243575
-0.614675
0.532455
-0.297769
0.624497
0.006081
-0.765860
-0.807728
-0.469083
-0.579379
-0.887409
-0.466335
0.029157
-0.473769
-0.730128
4.462128
-0.800028
-0.457647
-0.455356
-0.751217
-0.784046
-0.356131
-0.779245
-0.611522
0.171325
2.794807
0.641984
-0.827361
-0.215579
1.016239
0.253168
0.342844
-0.954917
0.422545
-0.106844
0.111560
-0.383852
-0.148945
-0.667347
-0.350901
0.145232
1.458925
1.341962
-0.708172
-0.733292
-0.725283
-0.973374
0.253661
-0.285928
-0.865204
-0.738939
3.039766
2.223529
-0.646500
0.547924
-0.238565
0.250549
-0.929311
-0.767909
-0.195203
-0.309738
-0.600910
-0.693939
-0.579493
0.171492
-0.273152
0.826418
2.409315
1.873308
-0.687701
-0.345180
-0.884424
-0.463546
-0.580818
-0.859238
-0.197702
-0.552376
3.035212
1.304719
-0.454674
-0.943645
-0.202390
-0.661446
-0.320442
-0.611682
-0.476811
-0.202298
0.298415
0.095851
-0.415059
-0.317243
-0.529868
-0.429471
4.666301
1.367020
0.181665
-0.532992
-0.101032
0.056707
0.010967
-0.379425
-0.672552
0.353022
3.639619
-0.185806
-0.385355
0.692624
0.039677
-0.324044
-0.478624
-0.526960
-0.063283
0.001571
0.104651
-0.766364
-0.531932
1.009948
0.070917
2.693171
2.474685
1.475906
-0.546864
-0.816398
-0.078449
0.162092
-0.276040
-0.169853
-0.271141
1.052815
0.835854
2.394177
-0.064260
0.113652
0.045851
-0.469053
-0.034145
-0.752453
-0.763603
-0.375531
-0.482011
-0.831599
-0.671309
-0.911671
-0.067228
1.254339
1.140624
0.413266
-0.555611
-0.725626
-0.778169
-0.647230
-0.882028
-0.787948
-0.650254
-0.481425
4.404527
0.174063
-0.530035
-0.137700
-0.137360
-0.204041
-0.778192
-0.914676
-0.801022
-0.816679
-0.465357
-0.525412
-0.738725
-0.724484
-0.428828
0.587134
4.773640
0.019975
0.094729
-0.197671
-0.275491
-0.514240
-0.518500
-0.787692
-0.009049
4.525148
0.944521
0.419800
-0.441619
-0.123045
-0.154114
-0.704955
-0.268585
-0.481123
-0.141668
-0.543775
-0.433997
0.040015
0.064416
-0.300597
2.852110
1.860442
2.637107
0.277986
-0.757857
-0.228226
-0.305712
-0.225556
-0.193868
-0.933287
0.950413
-0.143561
1.549122
0.297985
0.269864
0.181255
-0.966515
-0.280107
-0.615274
-0.264324
-0.008151
0.642926
-0.398010
-0.467547
0.182018
1.761070
4.414679
2.538334
-0.589475
-0.688260
-0.856199
-0.784393
-0.583631
-0.592687
-0.738777
-0.657451
0.725320
-0.067966
1.613317
0.311094
0.325758
-0.650862
-0.145779
-0.961252
0.059194
-0.719129
-0.718612
-0.063785
-0.518027
-0.729577
-0.746471
-0.489347
-0.826830
2.838047
0.184456
0.115137
-0.357236
-0.025416
-0.346473
-0.478967
-0.599683
-0.611399
0.081010
-0.670789
1.152402
-0.434680
-0.832132
-0.682879
-0.205130
-0.772790
-0.737578
-0.838182
-0.621893
-0.731176
-0.479109
-0.783219
-0.641777
-0.675784
-0.401349
-0.441521
0.842811
-0.125687
-0.353016
-0.256138
-0.463028
-0.295382
-0.286528
-0.956932
-0.910451
1.292990
1.908253
-0.479733
-0.438361
-0.091062
-0.532112
-0.464470
-0.305772
-0.859633
-0.449823
-0.591917
-0.853550
-0.541732
-0.804045
-0.434345
-0.738758
-0.379714
3.625509
-0.122708
-0.534921
-0.832136
-0.668658
-0.913299
-0.684831
-0.675214
-0.612645
-0.298623
1.417454
0.978695
-0.922267
-0.189639
-0.837184
-0.620339
-0.663358
-0.876292
-0.916082
-0.528028
-0.415530
-0.631886
-0.866508
-0.875958
0.115085
-0.770814
2.505989
1.627495
0.591429
-0.401395
-0.223013
-0.404345
1.271235
0.271839
-0.055130
-0.722227
3.510287
0.852374
-0.785383
-0.579216
-0.834469
-0.176366
-0.013109
-0.314603
-0.619790
-0.671377
-0.666079
-0.885393
0.180035
-0.818106
-0.662989
-0.849532
0.602205
1.188954
1.200171
-0.457706
0.539384
-0.149823
0.063740
-0.598803
-0.583632
-0.501562
0.116372
1.663044
0.867121
-0.491401
0.904242
0.074358
0.334525
-0.172467
-0.885769
-0.866042
-0.441466
-0.288882
-0.786008
-0.429926
-0.535161
-0.264034
-0.597648
3.580372
1.058557
-0.889887
-0.562070
-0.626467
-0.618559
-0.409048
-0.209266
-0.677066
-0.287533
4.335998
-0.631734
-0.661256
0.319811
0.015012
0.624596
0.153508
-0.106790
0.095189
-0.861804
-0.572860
0.014352
0.224397
-0.469510
0.048221
0.834854
-0.310921
2.070784
-0.887317
-0.502788
-0.555988
-0.572461
-0.910168
-0.302004
-0.765128
0.906932
0.545268
5.391984
-0.707756
-0.847411
-0.011423
-0.151525
-0.512611
-0.888301
-0.062645
0.059072
0.187702
-0.663190
-0.484894
-0.855140
-0.153377
-0.525166
3.454697
1.459209
-0.533369
-0.809395
-0.652754
-0.669415
-0.215072
-0.866252
-0.461417
-0.429829
1.064180
1.523155
0.457493
-0.132102
1.564110
0.056784
-0.407148
0.094163
-0.680734
-0.782971
-0.867035
-0.435079
-0.817771
-0.385109
0.265885
-0.515888
1.606863
5.880156
-0.706504
0.519478
0.117258
0.437473
-0.191537
-0.790860
-0.855751
0.531449
-0.826204
4.591032
1.192936
-0.792619
-0.259995
1.094755
-0.340413
1.000148
1.497948
1.745087
0.193255
0.193890
0.795767
1.578071
2.109843
0.234844
5.675920
1.745709
-0.749044
-0.016245
-0.838350
-0.633245
-0.388953
-0.733434
-0.742357
-0.527382
2.552359
1.509953
0.659791
-0.279434
-0.677748
-0.372494
-0.726401
-0.338222
-0.406908
-0.940736
-0.152842
-0.874241
-0.468251
-0.751506
-0.743918
0.262555
2.376117
-0.098894
-0.235564
-0.813754
-0.571678
-0.741121
-0.488246
-0.539331
-0.144127
-0.468337
1.663991
1.960650
0.563129
-0.669726
-0.248771
-0.495831
-0.359031
-0.793857
-0.647851
-0.767937
-0.918205
-0.464184
-0.306680
-0.569021
-0.429158
-0.807089
0.464300
0.738454
0.218220
-0.889512
-0.660912
-0.671500
-0.526838
-0.304138
-0.620877
-0.759183
-0.241266
1.490823
0.214748
-0.212709
0.166622
-0.366550
-0.301294
-0.931270
-0.556407
-0.867813
-0.642297
-0.921746
-0.899448
-0.820231
-0.088240
-0.258173
0.555429
0.460874
0.375322
-0.821461
-0.831121
-0.264024
0.187236
-0.816750
-0.429140
-0.825207
-0.840779
1.281250
2.872340
-0.422092
0.314621
-0.723471
-0.453779
-0.636745
-0.645673
-0.478166
-0.142318
-0.769510
-0.234532
-0.000730
-0.692422
-0.853209
-0.583990
2.884950
0.102743
0.345534
0.012294
-0.069157
-0.600793
0.273641
-0.532322
-0.384416
-0.634858
0.295971
0.635487
0.732228
0.104315
0.001147
0.511791
-0.916925
-0.267943
-0.162154
0.027764
-0.551449
-0.454334
-0.982283
0.097372
-0.010382
-0.270465
0.805506
3.033337
1.168868
-0.939412
-0.606236
-0.691788
-0.023321
-0.860918
-0.673983
-0.685304
-0.798977
2.945168
2.040801
-0.045709
-0.192352
0.064525
-0.835651
-0.277669
-0.903052
-0.729267
-0.503964
-0.609422
-0.445265
-0.695960
0.008706
-0.290613
-0.614247
1.723292
4.537919
0.575001
-0.618909
-0.628748
-0.036915
-0.146332
0.041623
-0.663136
-0.589371
0.278160
2.234885
0.605817
-0.687804
0.058585
1.140109
-0.566672
-0.846105
-0.543400
-0.651846
-0.877623
-0.614369
-0.350709
-0.752121
0.283596
-0.767511
1.087162
1.568505
1.099094
-0.097882
-0.529967
-0.496213
-0.394408
0.223154
-0.621105
-0.716813
1.492025
0.433691
2.553336
-0.387497
0.120917
-0.759038
-0.578620
-0.504169
-0.746999
-0.839668
-0.280478
-0.635359
-0.882593
-0.480903
-0.726452
-0.011374
1.438246
3.230932
0.326798
-0.609750
-0.656688
-0.672830
-0.862676
-0.793840
-0.605408
-0.758879
0.323084
0.417101
2.287922
0.585628
-0.610503
0.574389
0.424193
-0.396805
-0.853528
-0.109139
0.210200
-0.948527
-0.790842
-0.692524
-0.409486
-0.109749
-0.804457
3.651508
2.547146
-0.340834
-0.838131
-0.810959
-0.722237
-0.209321
-0.799324
-0.831556
-0.354910
-0.462530
3.496298
-0.924680
-0.594020
-0.266896
0.068390
-0.069486
-0.646419
0.192117
-0.480543
-0.547437
0.157536
-0.566447
-0.849064
-0.628454
-0.737955
0.104376
4.626309
-0.344555
0.572664
-0.516845
0.714448
-0.044793
0.335889
0.235406
-0.136620
-0.213084
2.158472
1.577409
-0.545552
0.243296
-0.388709
-0.736330
-0.859242
-0.572477
-0.772634
-0.764154
-0.849280
-0.460947
-0.751021
-0.554858
-0.747465
1.202757
2.612350
2.600621
-0.510918
-0.419885
-0.806822
-0.221466
0.035812
-0.490031
-0.660192
-0.472261
0.772393
2.490165
-0.339511
0.630304
-0.434754
0.590153
-0.817063
-0.799483
-0.570244
-0.069023
0.049937
-0.624586
-0.506278
-0.725569
0.253458
-0.445280
1.715302
-0.637740
0.950860
-0.706314
-0.334297
-0.734869
-0.964753
-0.282348
-0.088882
-0.915648
3.307075
3.349332
0.596806
-0.316693
-0.210705
-0.146805
0.032407
-0.759279
-0.724497
-0.267794
-0.781932
-0.116922
-0.805267
-0.741467
-0.058571
-0.534929
-0.884354
1.490138
1.018944
-0.654814
-0.193165
-0.717936
-0.546967
-0.431550
-0.693158
-0.661253
-0.630459
3.545644
0.007064
-0.828665
-0.781275
0.466981
0.315057
-0.090199
-0.415004
-0.834746
-0.385212
-0.503094
-0.308151
-0.873577
-0.776171
-0.698549
0.033610
2.468589
1.191366
-0.388603
-0.799386
-0.705111
-0.515338
-0.676857
-0.317387
-0.552059
-0.782080
-0.639240
5.391355
-0.176308
0.024394
-0.324318
0.905066
0.519943
-0.537169
0.063403
-0.604579
-0.078165
-0.000517
-0.492822
-0.798020
-0.444086
-0.195157
0.038638
5.600845
-0.540450
0.928307
-0.132868
-0.125468
-0.569754
-0.259285
-0.421928
-0.710253
0.216611
2.625241
1.513618
-0.877025
0.172330
0.144408
-0.868692
-0.484463
-0.627003
-0.694587
-0.278898
-0.337248
-0.599814
-0.749933
-0.432814
1.001036
4.484436
2.486283
0.810991
-0.746967
-0.681538
0.074629
-0.289462
-0.398502
0.044273
0.045455
1.409518
1.757972
0.965955
0.428638
-0.259678
-0.348387
-0.548739
-0.149831
-0.384495
0.089845
-0.127114
-0.562957
0.417482
0.949042
1.861762
0.568888
4.204372
0.807362
-0.441293
-0.415998
-0.945442
-0.640760
-0.240215
-0.718132
-0.409094
0.050911
1.219197
2.592846
0.102053
-0.297830
-0.351470
0.110775
-0.833465
-0.690579
-0.298330
-0.598803
-0.332190
-0.837148
-0.250979
-0.431051
-0.138319
1.363787
1.992601
-0.055923
-0.636080
-0.281282
-0.941000
-0.748376
-0.613161
-0.418613
-0.605338
-0.281781
2.543676
0.031649
-0.545210
-0.054913
0.575833
-0.749265
-0.843328
-0.390148
0.017164
-0.849699
-0.931776
-0.732539
-0.956759
-0.562316
-0.655972
-0.541923
3.833407
-0.669343
0.281091
-0.525393
-0.423179
-0.517461
-0.207330
-0.696556
-0.758494
-0.549349
4.219094
-0.181868
-0.068894
0.158220
0.291871
-0.774601
-0.399602
-0.564809
-0.608844
-0.819896
-0.836557
-0.098729
-0.581254
-0.872697
0.145148
1.829060
-0.065635
0.542921
-0.578837
-0.812601
-0.150131
-0.062315
-0.211454
-0.654728
-0.449991
3.182865
0.772808
1.644581
-0.466253
-0.280817
0.212520
-0.013434
-0.571340
-0.527035
-0.228900
-0.863920
-0.262197
-0.320174
-0.738567
-0.088302
0.442634
3.561516
2.258832
0.270171
-0.648963
-0.076183
-0.662983
-0.555311
-0.907242
-0.892556
-0.185254
1.086184
2.726470
1.015056
-0.374565
-0.492655
-0.849361
-0.390208
-0.121819
-0.311792
-0.623706
-0.116695
-0.155615
-0.567318
-0.125922
0.008024
2.148187
3.545981
0.352117
-0.598947
-0.798244
-0.732360
-0.735184
-0.632336
-0.666228
-0.610853
0.906385
-0.054983
1.276802
0.203613
0.188210
0.183923
-0.781250
-0.323236
-0.412433
-0.503469
-0.520888
-0.385884
-0.534007
0.038213
-0.468630
0.078334
-0.628291
3.262161
-0.654143
-0.605891
-0.899573
-0.850484
-0.680912
-0.777792
-0.445971
-0.374120
1.280339
0.511445
0.781735
-0.128431
-0.073298
0.901073
0.006788
-0.688075
-0.456134
-0.841373
0.437905
0.488052
-0.071755
-0.660250
-0.331125
-0.809466
2.380813
2.990225
0.921189
-0.316012
-0.071544
-0.468631
0.362788
0.184025
-0.690301
-0.134520
2.112471
2.925371
0.265146
0.003108
0.115874
-0.593671
-0.473827
-0.803115
-0.517441
-0.478019
-0.576501
-0.165088
-0.859129
-0.301268
-0.667500
0.013068
-0.288043
2.578012
-0.047500
-0.181577
0.159000
-0.323397
-0.864568
-0.336155
-0.848350
0.448792
-0.199146
1.544193
-0.421374
-0.436018
-0.757961
-0.758418
-0.619500
-0.467893
-0.629142
-0.648573
-0.930512
-0.766994
0.154330
-0.214037
-0.742866
0.294079
1.048085
0.877172
-0.700017
-0.549102
-0.579961
-0.697005
-0.881966
-0.747721
-0.553465
-0.935779
0.331059
1.702494
-0.466291
-0.490947
-0.246337
-0.651619
-0.907226
-0.815514
-0.918346
-0.670885
-0.365349
-0.614345
-0.588463
-0.588938
-0.532117
-0.189344
2.926243
0.302550
-0.437819
-0.295174
-0.369826
0.142313
-0.375587
-0.156335
-0.786952
-0.682697
-0.076635
3.738009
0.889403
-0.247414
-0.585689
-0.801110
-0.719320
0.080743
-0.371134
-0.719142
-0.523184
-0.253660
0.220388
0.384299
-0.251188
0.816261
2.926285
3.762805
-0.338158
-0.149205
-0.523525
-0.627564
-0.626681
-0.816110
-0.972131
-0.861340
-0.367789
3.717049
1.723982
-0.322157
0.444976
0.489374
-0.873878
0.048383
-0.431696
-0.395164
-0.384519
-0.686170
-0.477071
-0.846757
-0.474840
-0.425306
0.882054
-0.179468
3.655517
-0.037231
-0.812289
-0.321931
-0.631215
0.184196
-0.387107
-0.704191
-0.734755
1.539353
0.698307
1.456959
-0.555089
-0.422636
0.024097
-0.737835
-0.769155
-0.772889
0.022461
-0.625067
-0.481110
-0.284888
-0.840502
-0.809556
-0.734942
-0.599476
5.148025
-0.978501
0.727090
-0.256752
0.067154
-0.258697
-0.876891
-0.476005
-0.316012
-0.590084
2.647576
1.593131
-0.151143
0.645741
-0.101755
1.222058
0.510308
-0.797170
-0.791989
-0.376882
-0.763249
-0.777499
-0.753230
-0.592579
-0.125452
-0.159307
1.176732
1.524316
-0.512668
-0.788665
-0.735526
-0.925326
0.133993
-0.024531
-0.822050
-0.746295
1.459404
4.141613
0.425148
-0.123101
-0.435750
-0.522482
-0.706788
-0.731505
-0.730885
-0.667515
-0.338365
-0.856470
-0.297736
-0.049079
0.024040
-0.598641
1.149968
2.181116
-0.383111
-0.565650
-0.910643
-0.904390
-0.585970
-0.433140
-0.331647
-0.681309
0.227339
-0.196761
2.509411
0.061632
-0.265849
-0.670622
-0.297272
-0.726625
-0.238534
-0.794916
-0.329552
-0.684986
-0.753471
-0.364994
-0.748315
-0.289756
-0.542561
0.187134
2.623630
-0.791724
-0.047033
-0.894157
-0.423608
-0.535560
-0.516403
-0.709852
-0.747800
-0.623726
5.102086
0.529039
-0.813822
0.191968
-0.736581
-0.546648
-0.465387
-0.282179
-0.788760
-0.641063
0.043308
-0.284006
-0.799281
-0.557518
-0.709750
0.317514
-0.248663
1.498310
-0.810287
-0.001336
-0.428867
-0.323183
-0.550017
-0.975771
-0.638070
-0.579283
2.130042
3.107629
-0.418110
-0.585788
0.488113
0.193946
-0.558543
-0.389746
-0.080862
-0.747830
-0.500940
-0.110610
-0.081052
-0.801270
-0.654035
-0.423058
4.460855
0.173681
-0.242973
-0.604733
-0.675883
0.103734
0.026383
-0.266449
-0.696368
-0.941781
0.632420
0.328268
1.072868
-0.163269
0.153552
0.099116
-0.937834
0.028675
-0.642110
-0.265684
0.094073
-0.528088
0.348958
-0.374633
0.041617
-0.286309
1.467337
4.019911
-0.827501
-0.230979
-0.643494
0.014473
-0.260997
0.088417
-0.267462
-0.752005
2.069914
2.976505
2.321668
0.205516
1.027173
-0.275510
-0.498467
-0.673054
0.224093
-0.626339
-0.603254
-0.525602
-0.763590
0.318846
-0.136552
0.550755
1.109445
4.700767
-0.282210
-0.700107
-0.813783
-0.617397
-0.572583
-0.439619
-0.261654
-0.634064
0.618276
4.182294
-0.814753
0.074574
-0.644661
-0.066854
0.391912
-0.444460
-0.413427
-0.578552
-0.290140
0.354479
-0.802923
-0.626375
-0.780226
-0.334324
-0.576522
2.509534
4.208077
1.022224
-0.591828
0.051503
0.349624
-0.201805
-0.275063
-0.087635
-0.673856
2.403657
0.150636
-0.136935
0.049332
-0.063061
-0.375037
-0.884681
-0.266449
-0.868724
-0.822615
-0.673941
-0.730899
-0.708719
-0.719166
-0.891714
-0.556481
2.399604
1.294671
0.373056
-0.305980
0.085760
-0.375603
-0.055598
-0.342530
-0.561281
-0.644744
1.693015
2.217472
-0.650057
-0.382043
-0.437882
-0.479995
-0.518738
-0.107132
-0.692584
-0.842599
-0.162769
-0.436895
-0.614865
-0.143697
-0.602301
0.689488
2.645261
2.670869
-0.741604
-0.867889
-0.806711
-0.713155
-0.025883
-0.179982
-0.555974
-0.965151
-0.873616
2.503141
0.497475
-0.778111
-0.092007
0.002329
-0.688754
-0.900425
-0.315442
-0.276560
-0.327737
-0.575751
-0.711462
-0.949130
0.112850
-0.895657
1.517760
0.727829
0.319535
-0.755149
-0.544413
0.081927
0.090255
-0.367129
-0.556326
-0.065126
0.358822
-0.086155
3.537887
-0.519186
0.041559
-0.644351
-0.855913
-0.646500
-0.776832
-0.452077
-0.233626
-0.834609
0.001413
-0.732274
-0.395613
-0.554201
-0.870462
2.677491
1.014093
-0.648063
-0.415105
-0.504680
-0.313330
-0.426772
-0.167583
-0.464675
-0.740046
-0.871129
5.103661
-0.346372
-0.585509
0.582474
1.331935
0.706268
-0.647115
-0.180249
-0.544817
-0.248087
-0.366198
0.486716
-0.246317
-0.404106
0.383720
2.506936
-0.477221
0.197834
-0.648538
-0.462806
-0.562675
-0.084044
-0.338123
-0.566179
-0.414875
-0.805594
4.685756
-0.213085
-0.708104
-0.251565
-0.944058
-0.617459
-0.306275
-0.274492
0.133180
-0.510193
-0.548030
1.233755
1.834914
1.154124
2.416322
-0.264403
3.706802
-0.877114
-0.228333
-0.378673
0.401156
-0.024321
-0.021422
-0.072875
-0.786476
2.451842
0.778763
1.092778
-0.218788
-0.238072
-0.817509
-0.667700
-0.553482
-0.751400
0.110299
-0.586760
-0.699870
-0.736893
-0.687953
0.048735
-0.109594
1.533119
0.026692
0.707312
-0.437873
-0.486994
-0.045446
-0.598296
0.008578
-0.887199
-0.865696
1.660715
1.533406
0.413103
-0.505407
-0.720932
-0.899359
-0.402242
-0.572643
-0.414567
-0.829291
-0.750321
-0.841611
-0.648007
-0.389355
-0.363428
-0.366408
0.852000
2.359765
-0.762142
-0.987712
-0.478501
-0.586916
-0.570250
0.292453
-0.763172
-0.513780
0.126743
-0.475226
2.899999
-0.246928
0.093959
-0.580602
-0.596012
-0.175757
-0.693764
-0.899324
-0.479545
-0.138203
-0.690925
-0.817588
-0.226641
-0.876379
1.443542
3.817389
0.304654
-0.733699
-0.485723
-0.912416
-0.972118
-0.800087
-0.849692
-0.663959
-0.231105
1.496570
0.337204
1.056333
0.647751
0.016978
0.771093
-0.500629
-0.684652
-0.567085
-0.489614
-0.650417
-0.796066
-0.502314
-0.370626
-0.645645
-0.891967
2.222208
1.789231
-0.266681
-0.653784
-0.575167
-0.689950
-0.353725
-0.653935
-0.679653
-0.745685
-0.321204
4.144576
0.923977
0.315834
-0.222836
-0.396996
-0.821650
-0.881756
-0.768093
-0.135904
-0.792900
-0.724898
-0.274565
-0.326454
-0.101494
-0.323163
0.013083
2.280098
2.205873
-0.422250
-0.769301
-0.244330
-0.543571
-0.617898
-0.298242
-0.843502
-0.288086
-0.735029
4.250390
-0.297699
-0.715071
0.391569
0.239745
0.498174
-0.711904
-0.546471
-0.670172
-0.922783
-0.569089
-0.333429
-0.868516
-0.695327
-0.515069
1.766612
1.571963
0.746912
-0.372348
-0.264538
-0.260995
-0.707136
-0.314106
-0.743956
-0.554279
-0.249319
3.628368
-0.156580
0.018841
1.213755
0.880812
0.865960
-0.906020
-0.910892
-0.374500
-0.567226
0.238505
0.451996
-0.498084
-0.234669
-0.520302
2.967032
0.663611
1.391485
-0.893397
-0.311252
-0.788731
-0.428403
-0.603537
-0.290213
0.635698
0.029216
4.293746
3.016435
-0.672935
-0.352231
0.383405
-0.054670
-0.725371
0.860602
1.256015
0.360592
1.791293
-0.022578
1.389698
1.192645
2.647983
1.694080
2.989540
-0.398215
-0.468225
-0.655594
0.305684
0.735431
0.304944
-0.013469
0.426878
1.441742
3.409364
0.372957
0.050638
-0.159506
-0.061030
-0.765738
-0.754594
-0.370442
-0.387820
-0.633899
-0.774602
-0.482317
-0.175180
-0.253444
0.151936
-0.351501
2.151958
-0.722431
-0.824777
-0.591381
-0.943643
-0.762224
-0.754110
-0.872117
-0.742846
-0.694912
2.311649
0.435231
-0.408140
0.226940
-0.237889
0.385406
-0.480144
-0.782307
-0.094858
-0.500186
-0.583817
-0.770649
-0.944974
-0.310797
-0.778149
0.681993
2.916929
0.089787
-0.270835
-0.495151
-0.320439
0.102177
-0.282772
-0.090968
-0.875149
-0.179969
0.140643
1.012032
-0.448501
-0.510254
-0.580330
-0.810047
-0.781141
-0.715635
-0.677168
-0.837646
-0.908774
-0.659133
-0.627881
-0.235033
-0.814319
0.171703
0.677348
0.550270
-0.451704
-0.835932
-0.171501
-0.816993
-0.342938
-0.741013
-0.708995
0.244468
0.183836
2.084249
-0.841019
0.006890
-0.888392
-0.869305
0.095313
-0.412616
-0.579298
-0.738130
-0.461144
-0.820771
-0.765345
-0.591190
-0.759977
0.240699
0.119234
0.484776
-0.842299
-0.707230
0.073581
-0.087583
-0.848744
-0.301951
-0.361810
0.131689
2.909964
1.006499
-0.053282
-0.592672
1.440617
0.882632
-0.374570
-0.289311
-0.462036
0.576312
-0.919739
-0.131153
-0.504442
-0.804081
0.048254
-0.569349
3.970079
1.370604
0.119074
-0.566403
-0.293387
-0.018159
0.258638
-0.247324
-0.463027
0.222308
2.678442
1.025690
0.125353
0.292114
-0.204935
-0.600360
-0.220951
-0.661660
-0.549741
-0.046201
-0.434167
-0.051924
-0.211170
0.447826
0.160038
0.699222
0.748237
3.802319
-0.845089
-0.852326
-0.657541
-0.822688
-0.289607
-0.798595
-0.588191
-0.645367
1.871119
2.486015
0.565264
-0.867514
-0.006654
-0.437503
-0.885105
-0.454102
-0.836520
-0.295815
-0.483420
0.015343
-0.171604
-0.573385
-0.934076
-0.701559
0.329607
2.781048
0.683062
0.038402
-0.742714
-0.216084
-0.284684
-0.687357
0.036550
-0.793177
-0.168515
3.191756
-0.654737
-0.585433
-0.324930
-0.167912
0.432582
-0.899193
-0.848048
-0.782049
-0.637907
-0.479778
-0.481002
-0.655489
-0.414401
-0.698134
-0.680497
2.369555
1.539676
-0.732616
-0.335976
-0.753302
0.092485
-0.414187
-0.214793
-0.872118
-0.430067
2.604874
-0.359444
-0.608428
-0.169392
0.729013
-0.602565
-0.372857
-0.815337
-0.413193
0.212426
-0.316818
-0.479776
-0.787125
-0.260342
-0.125496
1.270420
1.256216
1.786156
-0.719980
-0.054126
-0.865212
-0.177035
-0.910922
-0.227652
-0.795236
-0.489121
0.561171
0.575726
0.716774
-0.058616
-0.313359
-0.484584
-0.849068
-0.564274
-0.192986
-0.475522
-0.503941
-0.591992
-0.266027
-0.258711
0.256744
0.643129
-0.604373
4.570709
-0.784958
-0.556912
-0.205309
-0.370746
-0.731048
-0.599920
-0.875196
-0.685111
0.846329
-0.242771
2.116117
-0.530092
0.281734
0.317006
-0.716647
-0.460363
-0.809599
-0.659998
-0.438532
-0.081279
-0.944762
-0.571831
-0.241979
-0.134573
-0.530636
7.125264
1.603980
1.527103
-0.337502
0.509457
-0.406422
0.648528
-0.813823
-0.835817
-0.603641
3.313435
0.334837
-0.609699
0.036676
0.086181
0.527491
0.009873
-0.539609
-0.739372
-0.087374
-0.451212
-0.496078
-0.545005
-0.118428
-0.575311
1.328300
3.636390
0.476222
-0.901089
-0.317139
-0.946486
-0.569741
-0.484359
-0.869062
-0.786370
0.166825
-0.531209
2.990949
-0.772781
-0.611124
-0.490769
-0.396973
-0.266637
-0.369498
-0.796076
-0.467664
-0.136115
-0.803666
-0.410682
-0.920611
-0.904270
-0.359707
4.129543
-0.071281
0.322993
-0.599679
-0.003801
-0.692633
-0.031401
-0.218790
-0.561470
-0.709134
1.998786
1.536753
-0.760999
0.503448
-0.379846
-0.383494
0.332966
-0.849790
-0.372048
-0.384416
-0.939660
-0.114286
-0.647805
-0.774594
-0.867628
-0.607664
0.873020
1.179841
-0.721371
-0.894881
-0.888825
-0.597438
-0.653767
-0.916963
-0.726769
0.641346
2.187578
0.023681
-0.806154
-0.016651
0.114146
-0.053711
-0.427846
-0.855417
-0.308850
-0.027925
0.353729
0.593272
-0.472800
1.100353
1.701374
3.391855
2.588697
2.061848
-0.701198
-0.651310
-0.861911
-0.703103
-0.332028
0.334169
-0.561265
-0.538941
2.153872
3.585185
0.707965
-0.077801
1.710576
0.917125
0.238218
-0.562022
-0.290256
0.424686
-0.338337
-0.741090
-0.426845
-0.156373
-0.389698
-0.569767
0.577345
2.249636
-0.904245
-0.731559
-0.435542
0.111455
-0.244041
-0.171047
-0.712152
-0.125924
2.039281
1.943429
0.127375
0.362293
-0.512353
-0.248790
-0.588723
-0.805110
-0.565054
-0.689835
-0.507607
-0.820903
-0.120037
0.035475
-0.373679
-0.251878
1.738282
1.331809
-0.883269
-0.114735
-0.430360
-0.044357
-0.121144
-0.325053
-0.707246
0.223185
0.481309
2.219809
0.009261
-0.868381
-0.344937
-0.094135
-0.593861
-0.756810
-0.229721
-0.845979
-0.661910
-0.681430
-0.490944
-0.578632
-0.425022
-0.523778
-0.404454
1.316984
-0.870139
-0.798609
-0.827367
-0.402072
-0.140175
-0.289383
-0.171938
-0.594603
3.991492
0.796204
-0.530724
0.574274
-0.285492
-0.386983
-0.284388
-0.794936
-0.818496
-0.738298
-0.201290
-0.283828
-0.759057
-0.879815
-0.561091
-0.132652
5.685822
0.259386
-0.461261
-0.422246
-0.037565
0.046780
0.225945
0.312495
-0.596433
3.499091
0.498105
0.877557
-0.626425
-0.507998
0.606141
-0.624486
-0.125466
-0.522509
-0.308324
-0.820487
-0.709415
0.024377
-0.333997
0.414786
-0.047356
3.073254
1.113198
1.343053
-0.672561
-0.337203
-0.127791
-0.593123
-0.378934
-0.852471
-0.527695
2.549275
0.167192
1.192213
-0.175590
0.570749
0.040869
-0.679751
-0.468288
-0.394164
-0.650442
-0.213618
-0.500741
-0.776426
-0.662923
-0.735687
1.108460
1.879108
2.462040
0.439325
-0.638600
-0.833962
-0.692933
-0.480656
-0.712180
-0.182375
-0.619887
3.365788
2.058769
-0.099994
0.440921
-0.077700
-0.317703
-0.398921
-0.433759
0.001989
-0.350895
-0.872392
-0.232969
0.061638
-0.023237
-0.584424
0.242264
3.478579
0.397200
-0.723352
-0.733509
-0.647056
-0.763671
-0.812245
-0.115271
-0.241076
3.458927
2.095127
0.961110
0.545887
0.025275
0.344150
-0.543332
0.001441
-0.763525
-0.543660
0.143986
-0.009481
-0.706535
-0.310065
0.359232
-0.855983
2.704959
1.088954
0.157957
-0.130963
0.295538
-0.874169
-0.150320
-0.140221
-0.663715
-0.755148
1.705092
1.626992
-0.266303
0.262021
-0.639012
-0.834990
-0.951480
-0.719538
-0.788496
-0.699486
-0.691725
-0.897167
-0.625063
-0.232419
-0.696044
0.368237
1.159246
1.805650
-0.830292
-0.523204
-0.843189
-0.506530
-0.457427
-0.883615
-0.584404
-0.372174
1.171358
1.512150
-0.448012
-0.447208
-0.531243
0.296085
-0.804717
-0.878864
-0.851304
-0.082741
-0.380809
-0.823566
-0.036132
-0.913189
-0.207295
-0.152300
1.006929
0.919102
-0.404645
-0.556161
-0.478163
-0.299063
-0.824425
-0.360186
-0.775622
-0.150396
1.413547
0.209846
-0.077092
0.174599
0.003241
-0.356226
-0.567023
-0.632764
-0.584864
-0.477632
-0.850786
-0.640190
-0.682224
-0.348318
-0.749740
-0.620286
1.069665
-0.250385
-0.072592
-0.045579
-0.135173
-0.423667
-0.076733
-0.737202
-0.699727
-0.719408
0.901690
-0.205986
0.460549
-0.359912
-0.279155
-0.262125
0.306503
-0.519260
-0.129868
-0.351856
-0.464958
-0.627623
-0.369330
-0.704919
-0.477914
-0.446744
0.724688
1.536020
1.212926
-0.232921
-0.305780
-0.298453
-0.649347
0.503481
0.167527
-0.258170
2.165453
1.408941
1.222361
0.191418
-0.149314
0.607901
0.662231
-0.896045
-0.384959
0.253785
-0.430551
-0.720187
-0.701555
-0.262978
-0.238436
-0.672431
1.608536
3.965458
0.362533
-0.566850
-0.840826
-0.801364
-0.472656
-0.452669
-0.855165
-0.738661
-0.605428
2.263101
0.997193
0.067177
0.133684
0.043900
-0.603246
-0.256672
-0.593908
-0.785014
-0.722219
-0.420830
-0.827598
-0.889011
-0.571665
-0.426674
-0.318437
2.102715
1.251548
0.275555
-0.145064
-0.436550
0.326102
0.023727
-0.121129
-0.687926
-0.298831
1.859935
3.006812
-0.573923
-0.301319
-0.783618
-0.474685
-0.717587
-0.094288
-0.325867
-0.329186
-0.752330
-0.497186
-0.455444
-0.471316
-0.578109
-0.541831
1.570060
2.609398
-0.213872
-0.873887
-0.434609
-0.554623
0.184588
-0.094180
-0.685832
-0.564461
-0.237023
1.563658
0.347576
-0.395229
0.633068
0.327982
-0.083087
-0.554837
-0.311663
-0.644286
-0.613091
-0.645743
-0.424378
-0.713533
-0.777254
-0.383443
0.551019
4.286057
-0.443727
-0.682844
-0.548414
-0.175211
-0.306849
-0.956054
-0.515481
-0.581341
-0.846305
1.604763
0.279792
-0.552932
0.137686
0.480815
-0.566360
0.482179
-0.564775
0.089501
-0.180119
-0.411094
-0.074357
-0.459820
-0.913514
-0.235760
0.790153
3.449728
1.393029
-0.269903
0.488454
-0.287001
-0.092458
0.479666
-0.144666
-0.484915
0.676463
3.371871
1.310356
-0.927997
-0.039172
-0.801783
-0.593082
-0.118896
-0.869188
0.462632
-0.215462
-0.751740
-0.412160
0.897338
0.869179
-0.278645
1.026174
5.810386
0.158294
-0.900971
-0.843109
-0.251837
-0.469829
-0.637738
-0.692766
-0.403056
-0.716132
2.044649
2.869606
-0.018726
-0.682017
-0.294222
-0.786330
-0.092265
-0.735819
-0.460583
-0.384169
0.178026
-0.355347
-0.798191
-0.846025
-0.505243
-0.605812
2.989696
0.459829
-0.330829
-0.637245
-0.403278
-0.490582
-0.300893
-0.392272
-0.364714
-0.686549
2.722945
1.211805
-0.523545
0.118299
-0.646581
-0.023160
-0.273451
-0.878351
-0.877017
-0.799289
-0.540646
-0.420901
-0.814468
-0.800583
-0.822262
-0.184004
1.195893
-0.259648
0.742994
-0.480187
0.508520
-0.056148
-0.122465
0.127607
-0.005880
-0.100756
2.278963
3.930202
0.020707
-0.817968
-0.984143
-0.560950
-0.627293
0.313813
-0.637411
-0.853309
-0.812699
-0.534764
-0.808861
-0.414818
-0.150000
-0.899398
1.509316
3.402634
0.706448
-0.824509
-0.338529
-0.845066
0.050429
-0.013870
-0.669384
-0.797193
0.326615
3.959690
0.085046
-0.249470
0.113582
-0.002734
-0.638099
-0.824819
-0.775628
-0.615630
0.528385
-0.645715
-0.810639
-0.835078
-0.084366
-0.242828
-0.617191
0.695337
4.189480
-0.746242
-0.664360
-0.530889
-0.373470
0.050703
-0.697524
-0.908021
-0.797673
-0.245992
5.215738
-0.130488
-0.400519
0.071090
0.396544
0.454537
-0.312829
0.149878
-0.103139
-0.792771
0.635596
-0.163360
-0.772926
-0.076577
-0.682516
0.532827
4.978206
-0.146507
-0.114674
-0.538293
0.172725
0.253515
0.319276
-0.064390
-0.264471
0.656663
0.384166
1.231929
-0.566454
0.025301
0.366066
-0.417618
-0.729356
-0.632194
-0.615858
-0.619604
-0.744606
-0.828735
-0.514034
-0.754533
-0.850337
1.666912
2.611442
-0.196432
-0.909941
-0.829798
-0.711268
-0.232409
-0.650826
-0.606469
-0.426450
-0.037461
1.395191
0.001263
-0.437537
0.014014
-0.300755
0.053874
-0.843867
-0.656437
-0.616459
-0.851520
-0.150327
-0.696621
-0.835442
-0.855686
-0.931898
0.789046
2.970984
0.813690
-0.498685
-0.328881
-0.338896
-0.262113
0.050958
-0.845314
-0.326811
-0.227338
1.390709
1.506278
-0.741412
-0.588593
-0.716796
-0.558988
-0.577401
-0.827307
-0.860718
0.054972
-0.451787
-0.572002
-0.005167
0.321645
0.491941
0.381645
5.092092
-0.632682
-0.531750
-0.485581
-0.824872
-0.702638
-0.822207
-0.877207
-0.639822
-0.502061
2.349844
0.293689
-0.913454
0.077218
0.313850
-0.609292
-0.445338
-0.425981
-0.909843
-0.862997
0.476013
-0.294610
-0.668750
-0.102680
-0.780752
0.605502
6.164664
2.549127
0.684672
0.299602
-0.093081
-0.027469
0.323468
-0.508188
-0.807787
0.509789
3.299337
1.939861
-0.682483
0.686363
0.622760
0.341003
-0.571856
-0.341345
-0.350349
-0.808947
-0.417996
-0.944730
-0.373675
-0.128677
0.159689
0.936367
3.233555
-0.283292
-0.859175
-0.876361
-0.499948
-0.733232
-0.571609
-0.858626
-0.330613
2.512203
0.114946
0.680645
-0.508102
-0.703754
0.205169
-0.773176
-0.680925
-0.639163
-0.495881
-0.412041
-0.051289
-0.225036
-0.113266
-0.156148
0.561465
2.031973
1.750507
0.065659
-0.810516
-0.599423
-0.879215
-0.441802
-0.636035
-0.577417
-0.697866
1.849536
2.783537
0.263229
-0.806683
-0.083667
-0.413159
-0.638975
-0.518651
-0.620085
-0.779900
-0.248535
-0.314415
-0.776510
-0.368131
-0.571682
0.066528
-0.433863
1.448695
-0.607198
-0.628662
-0.548759
-0.235061
-0.484417
-0.067432
-0.661781
0.280171
-0.446205
2.019005
-0.314660
0.914652
-0.531359
-0.166849
-0.736934
-0.834550
-0.817457
-0.712349
-0.666412
-0.653043
-0.212833
-0.811416
-0.380236
-0.661232
1.794528
1.196905
-0.483173
-0.206114
-0.432214
-0.682319
-0.384139
-0.860443
-0.485308
0.306654
1.299811
1.943241
-0.096479
-0.251040
-0.086167
0.037592
-0.656787
-0.683608
-0.621768
-0.062761
-0.922899
-0.545900
-0.487750
-0.229452
0.427551
0.189565
-0.512175
1.867795
-0.105509
-0.931312
-0.727473
-0.593239
-0.380119
-0.110635
-0.625212
-0.480287
2.159720
1.826181
-0.867005
0.257447
-0.427378
-0.191725
-0.838673
-0.204113
-0.692827
-0.425315
-0.411189
-0.844622
-0.820943
-0.245128
-0.251646
0.416743
1.220270
3.818609
-0.745412
-0.684208
-0.718867
-0.336558
-0.233934
-0.121488
-0.660881
-0.723879
-0.264660
4.090465
0.801996
-0.732336
0.314410
0.327087
0.424928
-0.218452
0.046512
0.628452
-0.694780
-0.219696
-0.632857
-0.263372
-0.546284
-0.560330
1.352747
0.345601
0.688866
-0.488067
-0.497612
-0.109738
-0.184913
-0.755325
-0.688783
-0.618827
-0.593657
1.117453
1.216227
-0.809968
0.840840
0.447647
0.345222
-0.033525
-0.837316
-0.579612
-0.222316
-0.514276
-0.921280
-0.227864
-0.203592
-0.823520
-0.497133
5.244318
-0.259943
-0.187901
-0.370416
-0.582436
-0.558693
0.311205
-0.044531
-0.848286
-0.365077
1.922174
2.746579
-0.242093
-0.446657
-0.226445
-0.552854
-0.662668
-0.515915
-0.725166
-0.931280
-0.746836
-0.221844
-0.251668
-0.337489
-0.264587
1.818680
4.261289
1.307237
-0.611991
-0.732003
-0.569682
-0.251187
-0.850325
-0.509412
-0.241807
-0.731569
-0.820160
3.805335
-0.721090
-0.343509
-0.831711
-0.785463
0.071025
-0.393843
-0.369244
-0.906044
-0.561448
-0.826332
-0.895075
-0.822900
-0.713231
-0.508556
1.258845
2.169217
-0.746828
-0.097035
-0.632010
-0.254844
-0.668760
-0.762080
-0.118177
-0.557308
-0.427042
2.522746
1.017556
-0.212241
0.330665
0.029568
-0.344077
-0.621130
-0.022455
-0.106240
-0.443489
-0.047934
-0.701570
-0.297012
-0.541831
0.723125
-0.497605
5.492462
-0.385365
-0.691558
-0.596623
0.030859
0.027442
-0.771277
-0.377465
-0.712342
-0.946456
3.106091
1.685882
0.109415
1.059266
0.612645
1.017284
-0.250663
0.040148
-0.011441
-0.787046
-0.395510
-0.157999
-0.579583
-0.692109
-0.529193
-0.535628
3.474726
-0.035318
0.485653
-0.252744
0.208975
0.106871
0.177892
-0.627492
0.120878
-0.562751
1.992260
2.631245
-0.521278
0.245806
0.039255
-0.495541
-0.975655
-0.736642
-0.703398
-0.251100
-0.670717
-0.283297
-0.785436
-0.950123
-0.827935
0.334138
1.295094
0.886893
0.153542
-0.344668
-0.795724
-0.128481
0.070444
-0.271228
-0.968735
-0.670184
-0.359021
0.233033
1.301041
-0.110443
0.153252
-0.034827
-0.345707
-0.348631
-0.539999
-0.101632
-0.911042
-0.459098
-0.506299
-0.909307
-0.436472
-0.368563
1.410104
2.234114
-0.599968
-0.563440
-0.545369
-0.785884
-0.389202
-0.850193
-0.213261
-0.865722
0.767643
3.617410
0.634025
-0.470058
0.041158
-0.092275
-0.717883
-0.892424
0.737626
0.799817
1.275910
0.541745
0.400249
0.527045
0.741530
0.135082
0.722625
-0.045394
1.593147
-0.252724
-0.613021
0.308849
0.793345
0.828771
-0.158165
-0.218134
0.518278
1.824579
3.925426
0.127654
0.284358
0.464800
0.236097
-0.692930
-0.317347
-0.695711
-0.731083
-0.440321
-0.284027
-0.606649
-0.708165
-0.779576
-0.801015
-0.036149
3.370354
-0.505694
-0.207405
-0.773006
-0.595818
-0.420561
-0.378342
-0.452928
-0.639175
-0.065331
1.523753
1.223224
-0.600404
-0.783569
-0.206590
0.037020
-0.491021
0.093456
0.302118
-0.145342
-0.935729
-0.182705
0.069509
-0.449087
0.106168
0.446899
2.494085
1.728909
-0.101363
-0.405797
0.162826
0.142000
0.081781
-0.300988
-0.471352
-0.746708
0.894935
0.315323
0.704427
-0.560886
-0.012377
-0.114830
-0.910559
-0.432001
-0.447721
-0.853565
-0.681466
-0.229529
-0.662243
-0.782012
-0.733762
-0.824571
-0.145163
1.775124
0.567081
-0.647083
-0.746297
-0.827124
-0.612197
-0.253918
-0.590982
-0.933109
-0.069226
2.583503
1.028141
-0.069055
-0.456995
-0.168184
0.129768
-0.617070
-0.512803
-0.138486
-0.650468
-0.880873
-0.727582
-0.636128
-0.912529
-0.614965
-0.276892
2.600626
0.564983
-0.342549
-0.305988
-0.802941
-0.451853
-0.193986
-0.660493
-0.774106
-0.588096
1.378698
3.231888
0.259286
0.000907
0.289299
-0.483764
-0.927418
-0.412232
-0.230701
-0.706977
-0.519395
-0.499422
-0.851930
-0.531797
0.018179
0.126746
-0.259052
3.438488
-0.499169
-0.494169
-0.747362
-0.759282
-0.235791
0.545200
-0.792132
-0.292694
0.302056
0.500829
2.568723
0.891532
0.535102
0.446445
-0.883644
0.325451
-0.754001
-0.143606
-0.746879
-0.128532
-0.828112
-0.436831
-0.463889
0.030067
2.002504
2.949296
0.935309
-0.787426
-0.522381
-0.937425
-0.320634
-0.788015
-0.660606
-0.773047
0.364858
2.350912
0.397872
0.838618
0.828206
0.306006
0.252655
-0.809085
-0.911229
-0.606548
-0.203526
-0.486297
-0.088217
-0.836303
-0.521217
-0.593104
-0.604398
1.277270
0.504351
1.289079
-0.470117
-0.507507
-0.838990
0.052491
-0.741265
-0.702388
-0.608337
-0.403265
3.378470
1.051082
0.374820
0.302620
0.269641
0.514336
-0.886837
-0.628842
-0.723431
0.042991
-0.732420
-0.790868
-0.851859
-0.644884
-0.495139
-0.213058
1.307873
2.035319
-0.033843
-0.519123
-0.311788
-0.530464
0.157717
0.420805
-0.973685
-0.572364
1.646029
0.523667
1.641459
0.042347
0.525152
-0.134760
-0.698472
-0.504891
-0.737699
-0.163980
-0.762226
-0.915207
-0.261087
0.145928
0.140459
0.248517
0.964172
3.697417
3.465548
-0.147269
-0.723702
-0.199388
-0.250635
-0.398032
-0.946399
-0.575537
-0.369932
1.606463
2.088852
1.947519
-0.579053
-0.102632
-0.166787
0.166190
-0.544439
0.047352
0.067993
-0.796909
-0.823887
-0.855000
-0.902184
-0.894253
-0.952891
1.916368
2.713339
1.764623
0.677729
-0.623365
-0.008713
0.413431
-0.256019
-0.276226
-0.222141
-0.686395
3.510493
1.772864
-0.181970
0.376316
0.242174
-0.439163
-0.077517
-0.444085
-0.777944
0.125846
-0.611274
-0.781456
-0.057694
-0.171826
-0.057104
-0.148891
0.705913
2.663135
-0.246374
-0.817107
-0.851119
-0.881873
-0.057275
-0.243333
-0.695949
-0.159715
-0.685278
3.869591
0.588525
-0.593582
-0.623570
-0.185792
-0.172223
-0.694320
-0.457395
-0.865054
-0.313246
-0.899229
-0.889465
-0.495234
-0.471708
-0.240663
-0.615354
2.244050
0.781911
0.304672
-0.230151
0.354770
0.257471
-0.012614
0.192874
-0.459446
-0.701737
0.420846
0.314193
0.071588
-0.723591
-0.780338
-0.220851
-0.390070
-0.385878
-0.912526
-0.766891
-0.973048
-0.490540
-0.883143
-0.838646
-0.619587
-0.726145
0.400390
0.058347
1.604478
-0.420622
-0.532227
-0.692157
-0.464353
-0.191793
-0.159832
-0.296171
-0.565415
2.596651
0.951600
-0.375870
-0.204419
-0.639671
-0.790523
-0.451199
-0.435006
-0.832856
-0.789201
-0.507754
-0.196520
-0.895636
-0.796346
-0.447306
-0.230153
2.128528
0.155095
0.073212
-0.411721
-0.098698
-0.497208
0.108872
0.239966
-0.650614
-0.550222
-0.449275
3.470507
0.386707
-0.183692
0.083662
0.126598
-0.744388
-0.536679
-0.400963
-0.737412
-0.119250
-0.731197
-0.688215
-0.069049
-0.230985
1.574611
2.681497
4.647719
-0.506761
-0.371045
-0.546069
-0.908683
-0.444595
-0.761477
-0.759849
-0.629059
0.170669
-0.356012
1.006133
0.224160
0.325405
-0.340926
-0.178971
-0.994218
-0.403284
0.078345
-0.130323
-0.681609
0.387059
-0.720810
-0.399969
-0.500441
-0.635039
4.260134
0.364435
0.051376
-0.462187
-0.250435
-0.025691
0.223108
-0.204057
-0.216072
-0.609708
2.814944
0.467300
-0.726183
-0.270105
0.294841
-0.244061
-0.611882
-0.275133
-0.771033
-0.731328
-0.416365
-0.769626
-0.870306
-0.772222
-0.659229
-0.509837
-0.477389
3.228886
-0.727925
-0.002452
-0.652762
-0.091812
-0.121411
-0.743997
-0.378013
-0.364237
1.990930
1.516172
-0.360836
-0.673888
-0.029819
-0.516560
-0.771327
-0.297633
-0.405919
-0.935036
-0.927370
-0.306645
-0.178516
-0.669687
-0.528729
0.285967
0.397489
0.773321
2.816878
0.242263
-0.463402
-0.155402
-0.204026
-0.007678
-0.794099
-0.183693
-0.683020
4.263457
0.451589
-0.220017
-0.644528
0.097353
1.465298
-0.119988
0.868381
0.612883
0.575678
-0.925674
-0.260404
-0.504092
-0.774481
-0.890720
-0.709542
3.972969
0.055850
-0.078812
-0.111196
0.403775
-0.300856
0.439956
0.255630
-0.276757
-0.574450
1.315560
2.484489
-0.934922
0.030340
0.092594
-0.752990
-0.641561
-0.551569
-0.662887
-0.328501
-0.824814
-0.841942
-0.453836
-0.312710
0.598509
0.373036
0.781179
1.757226
-0.136867
-0.587604
-0.917793
-0.786101
-0.164929
-0.459352
-0.160438
-0.449566
1.719618
-0.454377
-0.056138
-0.282101
0.233925
-0.110144
-0.793157
-0.909641
-0.715551
-0.764736
-0.876644
-0.266557
-0.172037
-0.722195
-0.550424
-0.696406
2.126532
1.543668
0.900160
-0.254128
0.257533
-0.333809
0.479866
-0.019465
-0.567688
-0.622632
-0.473214
0.649932
1.540596
-0.137787
0.295884
0.042596
-0.222714
-0.790254
0.095175
-0.065239
-0.836089
-0.766827
0.015501
-0.470442
-0.305832
-0.465625
-0.609375
4.713394
-0.569408
-0.492918
-0.487337
-0.627171
-0.691697
-0.787647
-0.906786
-0.470024
1.495234
4.686837
-0.546682
-0.323483
0.188839
0.707502
-0.469991
0.655943
-0.478387
0.712123
0.005616
-0.751269
-0.394149
0.355310
0.140789
0.397603
1.311378
4.372479
0.171774
-0.104946
-0.485792
-0.134388
1.017480
0.544167
0.538244
0.197063
-0.206774
1.132581
3.072986
-0.452065
0.717053
0.040045
0.074912
-0.647693
-0.460607
0.165071
-0.625421
-0.816216
-0.772501
-0.929038
-0.576305
-0.583452
-0.104135
-0.187250
2.905930
-0.173230
-0.155688
-0.078470
-0.163081
-0.214897
-0.439979
-0.400808
-0.670526
1.745145
0.112747
1.032232
0.814041
0.537629
0.239065
-0.258598
-0.222352
-0.765114
-0.324165
-0.272105
-0.203959
-0.433441
-0.323602
-0.609476
-0.479869
0.042302
2.645897
0.820745
0.390722
-0.200929
0.210769
0.480334
-0.202908
0.288737
0.257184
-0.310101
2.702738
-0.283239
1.353993
1.185404
1.646484
0.940212
0.009867
-0.551801
-0.776076
-0.691628
-0.247726
-0.728573
-0.434338
-0.775960
-0.466042
0.118763
2.316279
0.420247
1.334716
0.860602
0.796992
-0.649326
-0.392790
-0.924683
-0.682513
0.008174
0.451117
-0.166267
0.135979
0.561046
-0.126331
0.122160
0.910070
1.299678
1.262352
0.396959
0.744502
-0.360975
0.013408
-0.054306
0.111307
0.397053
0.512470
-0.198343
-0.231035
-0.228467
0.240939
-0.498162
0.485212
0.246282
-0.358204
-0.710903
-0.874827
-0.447216
0.477168
0.441337
1.112224
2.063156
0.675370
0.570164
0.349802
0.155668
0.297730
0.107193
-0.451917
-0.524724
-0.871844
-0.617580
-0.813465
-0.106748
0.309983
0.313732
-0.108133
2.186790
0.094306
0.285030
0.089024
-0.355122
-0.355786
-0.130022
-0.275896
0.067300
-0.308142
0.867492
0.642068
-0.287252
-0.322055
-0.067957
-0.420129
-0.316072
-0.728245
-0.860579
-0.667269
-0.602512
-0.937192
-0.627358
-0.707870
0.159346
-0.275392
0.846462
0.265958
-0.815343
-0.768301
-0.805374
-0.345409
-0.480815
-0.415136
-0.647622
-0.496414
0.609252
-0.326580
-0.553114
-0.286560
-0.519661
-0.603585
-0.107435
-0.748701
-0.441329
-0.271020
-0.810895
-0.565388
-0.666908
-0.862888
-0.167883
-0.598104
0.917294
0.637820
-0.227869
-0.649574
-0.738510
-0.925108
-0.544025
-0.204109
-0.739829
-0.736369
0.756639
3.854295
-0.382150
-0.716979
0.292144
0.412049
-0.835801
0.071982
-0.569006
-0.778217
0.322854
-0.536748
-0.094317
-0.360106
0.077475
-0.396454
1.485186
1.907616
-0.249221
0.223746
-0.657950
0.124739
0.867106
-0.107524
0.044913
-0.811052
1.575150
1.098288
1.719537
-0.488404
-0.192571
0.011841
-0.666918
-0.699063
-0.715986
-0.014856
-0.857459
-0.868596
-0.457145
-0.328534
-0.282128
-0.604871
0.582019
-0.481418
0.096875
-0.685198
-0.918346
-0.257230
-0.674264
-0.065371
-0.746991
-0.527845
0.565545
3.269561
0.698390
-0.310977
-0.117315
-0.001555
-0.368883
-0.899634
-0.076148
-0.148646
-0.112831
-0.873921
-0.704277
-0.488895
0.464506
-0.044147
1.115448
1.686293
0.551629
-0.575509
-0.702750
-0.777049
-0.403621
-0.790084
-0.532355
-0.440407
-0.699741
1.165980
1.085554
-0.521584
-0.147525
0.363305
-0.731132
-0.621386
-0.522248
-0.800565
-0.553760
-0.356991
-0.503197
-0.013996
-0.489516
-0.726744
-0.060255
1.175433
1.038429
0.400040
-0.711537
0.129846
-0.910733
-0.331057
-0.582254
-0.778356
-0.576992
0.275988
1.269158
1.272411
-0.635565
-0.257629
0.004598
-0.497322
-0.435635
-0.701003
-0.352956
-0.588763
-0.904710
-0.402825
-0.188543
-0.492206
-0.845614
1.092939
1.704282
0.775892
-0.434713
-0.535514
-0.097661
-0.163404
-0.479348
-0.316587
-0.479832
-0.960555
0.499727
1.672587
-0.251407
0.360611
-0.612331
-0.526315
0.315067
-0.245569
-0.376782
-0.576942
-0.034581
-0.609370
-0.280243
-0.760399
-0.283382
-0.980200
0.084970
3.306569
-0.301490
-0.169525
-0.220481
-0.764897
0.138568
0.467170
-0.954899
-0.789007
0.725249
0.391437
2.189466
0.699654
0.289738
0.318279
-0.687168
0.232503
-0.241695
-0.660857
-0.477921
0.037518
-0.864463
-0.100260
-0.697060
-0.630582
1.499638
1.599645
1.133700
-0.844930
-0.808381
-0.193018
-0.479729
-0.699230
-0.148191
0.522900
-0.495557
4.247462
2.344061
0.784641
0.115832
-0.626913
0.079696
-0.013076
-0.283346
-0.415932
-0.199799
-0.626936
-0.930432
-0.617171
-0.942078
-0.699609
-0.367088
3.418376
-0.191625
2.306470
0.303451
-0.625082
-0.275277
-0.020124
-0.154011
-0.838924
-0.761580
-0.491150
4.357855
0.210118
0.462098
0.607199
1.138263
0.523013
0.937575
-0.485330
-0.930577
-0.919397
0.300293
0.358031
0.043843
-0.240688
-0.563069
-0.000216
3.780223
3.356339
0.664323
0.034162
-0.158808
-0.857845
-0.669174
-0.123479
-0.520345
-0.730313
-0.513080
5.885032
1.969057
0.033331
0.393801
-0.360390
-0.803370
0.771573
0.873488
0.748634
0.981653
-0.111292
-0.134653
-0.158713
1.272556
-0.130773
3.408828
0.752009
-0.735475
-0.439581
-0.598307
0.501786
-0.182904
-0.776825
-0.751834
-0.733677
2.820085
0.131833
0.307424
0.108209
0.755789
-0.534671
0.093072
-0.267027
-0.941483
-0.235723
-0.858581
-0.520238
0.074838
0.014489
1.443759
1.412899
1.696858
-0.838878
-0.771979
-0.625035
-0.423940
-0.781063
-0.572918
-0.389210
-0.816721
0.466243
-0.391522
2.001397
-0.105207
-0.829308
-0.851203
-0.542046
-0.896751
-0.769610
-0.608496
-0.634484
-0.800776
-0.626203
-0.781003
-0.867293
-0.785045
-0.116347
-0.258720
0.998989
-0.763876
-0.864936
-0.610010
-0.755891
-0.663644
-0.679224
-0.775502
-0.317392
1.168255
0.984647
-0.327903
-0.046982
-0.330340
-0.298916
-0.417760
-0.575973
-0.645720
-0.539155
-0.551940
-0.678891
-0.269313
-0.877689
-0.517349
-0.759760
0.113498
1.233578
0.592570
-0.674657
-0.722711
-0.980752
-0.781195
-0.491731
-0.922609
-0.772114
-0.971332
1.013151
0.915190
-0.576178
0.606002
0.114845
0.309858
-0.160159
-0.656436
-0.702643
-0.321851
-0.221567
-0.730994
-0.924857
-0.645254
-0.435216
-0.703119
3.422091
0.699888
0.294629
-0.336007
-0.248448
0.035509
-0.377525
0.324312
-0.428687
-0.267466
-0.205006
3.101027
0.749464
0.574452
-0.514262
-0.721247
-0.216121
-0.507092
-0.936443
-0.747999
-0.578031
-0.438387
-0.559246
-0.467638
0.047078
0.458707
2.605728
3.313573
-0.556053
-0.606520
-0.568340
-0.788100
-0.582396
-0.509904
-0.699392
-0.205672
2.006873
1.430380
0.136662
0.120218
0.085759
0.012591
-0.644101
-0.672703
-0.530247
-0.111350
-0.331770
-0.666885
-0.192473
-0.519924
-0.745713
-0.731017
0.007761
4.231709
1.399842
0.251163
-0.189164
-0.052434
0.325786
0.573568
-0.116189
0.067568
-0.090902
1.715264
1.557136
-0.265596
0.372650
-0.015138
0.488739
0.009375
-0.632721
-0.298030
-0.880984
-0.562326
-0.669539
-0.378327
-0.197188
-0.782133
0.027925
-0.109815
3.426759
-0.619319
-0.849934
-0.476696
-0.645636
-0.494272
-0.544628
-0.430419
-0.824271
1.478247
0.279685
0.487346
-0.270357
0.051502
-0.061057
-0.310237
-0.554432
-0.597534
-0.204099
-0.484950
-0.574428
-0.169057
-0.797537
-0.519979
-0.554553
-0.610673
1.172826
3.589483
1.111627
-0.561048
-0.592670
-0.356711
-0.279433
-0.644086
-0.294970
-0.964135
4.258234
2.818967
-0.282751
-0.402535
-0.549981
0.060324
0.353837
-0.534848
-0.811335
-0.696056
-0.748647
-0.421879
-0.522098
-0.695299
-0.540733
-0.485968
-0.005444
2.443233
1.189737
0.226559
-0.078978
-0.069953
0.048034
-0.216697
0.305049
-0.702657
0.375124
2.086422
1.642072
-0.693965
-0.102940
-0.448587
-0.045595
-0.410950
-0.921400
-0.004895
-0.638766
-0.320358
-0.487390
-0.727316
-0.463858
0.232479
-0.430363
1.526015
1.840677
-0.411278
-0.136410
-0.882560
-0.818421
-0.431671
-0.359019
-0.693308
-0.620054
0.049229
2.345012
0.638795
-0.984873
0.332472
0.176060
0.026249
-0.322924
-0.457106
-0.133542
0.109153
-0.467322
-0.901034
-0.578254
-0.487835
0.252833
0.813408
0.464365
0.437030
-0.756918
-0.826523
-0.417768
-0.531772
-0.028684
-0.689110
-0.714083
-0.541651
3.424202
1.712913
-0.837624
-0.285876
-0.763170
-0.043594
-0.411978
-0.649811
-0.923694
-0.206049
-0.872823
-0.725660
-0.864056
-0.722410
-0.908579
-0.266771
2.563461
0.394302
0.243677
-0.076797
0.032610
-0.905492
-0.182730
0.035452
0.144191
-0.498505
0.442431
3.950783
-0.302524
-0.577872
-0.125755
0.308773
-0.360289
-0.801356
-0.748939
-0.651489
-0.783471
-0.482482
-0.492614
-0.841020
0.078293
-0.692907
1.440057
3.295484
-0.572662
-0.796168
-0.594621
-0.101105
-0.794389
-0.456335
-0.711031
-0.234607
2.733308
1.011130
0.346686
-0.238933
-0.244126
-0.753586
-0.817798
-0.364992
0.116180
-0.629535
0.427238
-0.991646
-0.554256
-0.743804
-0.530177
-0.616087
2.477187
0.173116
0.586238
-0.870401
-0.169689
-0.495723
0.076858
-0.105518
-0.852193
-0.766877
2.669220
4.596540
0.775257
-0.392433
-0.839563
-0.724545
-0.427096
-0.033903
-0.659100
-0.753219
-0.330800
-0.620388
-0.239006
-0.641036
0.086215
0.819693
0.919523
5.745903
-0.654191
-0.324704
-0.886999
-0.326369
-0.762421
-0.590506
-0.776063
-0.361657
0.776735
3.929141
-0.314097
-0.239356
0.266268
0.025165
0.488902
-0.532648
-0.660080
-0.216802
-0.420509
-0.390586
-0.825922
-0.923069
-0.325588
-0.840587
0.102794
3.689680
-0.546680
0.223248
-0.312095
-0.104227
0.117817
-0.249390
-0.265724
-0.607992
-0.294183
2.059592
0.851887
-0.155695
-0.329528
-0.391526
-0.590624
-0.569008
-0.828264
-0.551557
-0.920747
-0.917031
-0.667348
-0.627480
-0.825764
-0.904839
-0.021047
1.523810
-0.829012
0.380743
-0.888764
-0.539306
-0.472578
-0.722631
-0.181637
0.966370
0.661865
2.485996
2.416702
-0.652808
-0.701228
-0.032127
-0.036086
0.235622
-0.554899
-0.564384
-0.180207
-0.629010
-0.776270
-0.449275
-0.804417
0.064385
-0.474759
1.856512
0.018043
1.059444
0.379257
-0.240582
0.443695
0.166701
-0.037568
-0.356391
-0.557674
1.555763
1.683010
0.641293
0.650367
-0.225799
-0.338758
-0.896296
-0.238813
-0.111534
-0.862580
-0.564648
-0.730281
0.049422
-0.072609
0.131958
-0.501401
0.570080
2.710284
0.898259
-0.690710
-0.392368
-0.525460
-0.754847
-0.755470
-0.901770
-0.646961
-0.744699
1.495498
2.054527
-0.505761
-0.615399
-0.440416
-0.453293
-0.628682
-0.633013
-0.916800
-0.658838
-0.601488
-0.786874
-0.668586
-0.767013
-0.769004
0.017177
3.114496
0.032074
0.744725
-0.223214
0.333265
0.025886
0.679232
0.594903
-0.468851
-0.785776
2.717292
1.124617
0.802274
0.584752
-0.756318
-0.572336
-0.879717
-0.501513
-0.697609
-0.647356
-0.652196
-0.819280
-0.898230
-0.658453
-0.176424
0.123511
-0.818299
5.316048
-0.186089
-0.631944
-0.768430
-0.732573
-0.617933
-0.399934
-0.882259
-0.544723
0.087640
3.868095
1.017390
-0.522539
0.613967
0.172557
0.177430
-0.769536
-0.437197
-0.639651
-0.603404
-0.791997
-0.161909
-0.611160
-0.503274
-0.574870
-0.824662
4.119289
0.407003
-0.022204
-0.328149
-0.658116
-0.245263
-0.145003
-0.315958
-0.781382
-0.713513
-0.746324
3.869823
-0.157632
-0.952008
0.372442
0.441486
0.075704
-0.567254
0.016863
-0.357108
-0.463438
-0.309816
-0.878105
-0.315541
0.201694
-0.350390
1.721050
1.106392
-0.250511
-0.832950
-0.844586
-0.792275
-0.062311
-0.269515
-0.192804
-0.221153
-0.194449
3.398459
0.633667
-0.167675
-0.435589
0.301310
0.679257
-0.944201
-0.497533
-0.620410
0.641277
-0.851723
-0.713398
-0.619484
-0.935457
-0.443818
1.035905
-0.002841
1.086927
-0.318738
-0.646027
-0.677042
-0.801963
-0.504845
-0.736636
-0.936722
-0.757568
1.203352
1.039516
-0.389933
0.016420
0.563680
0.978479
-0.531302
-0.169663
-0.492784
-0.618366
-0.285535
0.425787
0.586673
-0.653676
-0.737759
1.546222
4.593663
-0.957477
-0.267340
-0.427781
-0.628984
-0.368398
0.050406
-0.891538
-0.256490
-0.146939
1.184206
6.202384
0.061271
-0.579543
-0.394768
-0.003547
-0.427986
0.859898
0.099199
0.993042
0.330187
-0.130274
0.193393
0.850015
1.932408
1.674876
4.610164
0.105171
-0.412635
-0.711647
-0.431865
-0.244785
-0.191572
-0.919460
-0.869434
0.645962
-0.168517
2.438157
1.073642
-0.008748
-0.052233
-0.627411
-0.579944
-0.805366
-0.588561
-0.823695
0.074373
-0.803429
-0.720516
-0.216511
-0.576337
1.393888
2.378069
-0.533077
-0.696600
-0.725231
-0.213165
-0.275101
-0.767895
-0.411139
-0.731486
-0.785740
1.518942
0.590095
0.409962
-0.358102
-0.386143
-0.935790
-0.101446
-0.503330
-0.863889
-0.106297
-0.140503
-0.914765
-0.521512
-0.375185
-0.957626
0.043201
-0.834815
0.621581
-0.041252
-0.549355
0.026039
0.099755
0.423046
-0.480313
-0.761630
-0.580253
1.198741
1.178685
-0.614067
-0.174633
-0.750843
-0.576263
-0.445427
-0.677058
-0.885266
-0.866452
-0.906661
-0.611278
-0.431181
-0.199867
-0.791078
0.743626
1.533921
0.782617
-0.291512
-0.160326
-0.558996
0.015926
-0.581633
-0.614679
-0.790567
0.690479
2.159852
0.506800
0.497279
0.364923
0.882076
-0.323853
-0.240714
-0.679914
-0.681697
1.663135
-0.236959
0.859077
-0.073474
-0.382876
1.123208
3.321953
3.283548
3.038593
-0.745442
-0.763835
-0.809183
-0.875895
-0.488622
-0.504873
-0.500400
-0.746895
1.415122
0.662171
1.890950
-0.033317
0.427805
0.435330
-0.079494
-0.661502
-0.808043
-0.659119
-0.718726
-0.542736
-0.133418
-0.648960
-0.166246
-0.499893
-0.436701
5.208187
0.303123
0.758031
-0.568405
-0.145074
-0.266822
0.083818
-0.529709
-0.563650
-0.728241
3.155663
1.836164
-0.717904
0.692882
-0.493418
0.514778
0.292049
-0.535059
-0.281758
-0.391855
-0.730139
-0.943407
-0.535179
-0.696050
-0.431936
-0.665841
2.354714
0.431871
-0.833245
-0.883587
-0.285085
-0.577394
-0.456354
-0.674117
-0.568331
-0.148599
-0.108787
4.522136
-0.735736
-0.551163
-0.194334
0.230649
-0.658023
-0.614850
-0.403079
-0.744948
0.016431
-0.591108
-0.099493
-0.655365
-0.775419
-0.913775
1.421727
1.172956
0.138639
-0.463018
-0.354078
-0.637993
-0.425666
0.011524
-0.808993
-0.380227
2.218532
2.123867
0.106934
-0.540814
-0.459659
-0.231438
-0.357375
-0.867439
-0.876313
0.049947
-0.137096
-0.221122
-0.544089
-0.030383
0.992662
-0.265988
-0.071092
3.494532
-0.321878
-0.195619
-0.395805
-0.558326
-0.352382
-0.715688
-0.854003
-0.727180
1.194373
1.709940
0.903321
0.150083
-0.456569
-0.499039
-0.570196
-0.828582
0.014458
-0.626758
-0.283160
-0.414068
0.019044
-0.515844
-0.604055
-0.649284
-0.613934
1.151411
1.268012
-0.389074
-0.259207
-0.857966
-0.524940
-0.285013
-0.639186
-0.438875
-0.758562
1.416995
2.596305
-0.573749
0.224082
-0.692470
0.146559
0.086971
-0.528827
-0.445756
-0.485486
-0.667489
-0.709333
-0.579828
0.065114
-0.522877
-0.593975
1.294544
2.566345
-0.920881
-0.529597
-0.614108
-0.853104
-0.318659
-0.676325
-0.698714
-0.587973
-0.201605
4.637479
-0.352527
-0.449765
0.309886
-0.776595
-0.283460
-0.733660
-0.545379
0.034453
-0.154159
-0.696962
-0.658004
-0.510433
-0.721638
-0.543088
-0.195005
2.159213
0.494698
-0.604787
-0.423388
-0.293614
-0.004057
-0.457883
-0.453165
0.114392
0.280144
3.015480
0.918526
-0.557922
-0.523386
-0.385438
0.940811
-0.471291
-0.024307
-0.548941
-0.202821
-0.380578
-0.105728
-0.500080
-0.532697
-0.179896
-0.705390
3.599479
2.824337
0.942512
0.293207
0.254092
-0.422774
0.285166
-0.085520
-0.816375
0.316069
3.437797
-0.152030
-0.223785
0.354809
-0.219660
0.045649
-0.717780
-0.755693
-0.520325
0.368434
-0.581489
-0.208219
-0.671741
0.640350
-0.363838
1.536666
4.888279
0.771264
-0.722391
0.483483
-0.705085
-0.185868
-0.588882
-0.865990
-0.747871
0.016520
2.775351
-0.063944
-0.535307
0.383311
0.226756
-0.032223
-0.729792
0.673503
-0.662888
-0.273862
1.245046
-0.305124
-0.810443
-0.642837
-0.109969
0.319776
2.499050
0.487588
-0.678687
-0.873213
0.344680
-0.125495
0.078627
-0.927782
-0.333844
-0.614922
0.927565
2.036221
0.026119
0.044874
0.042342
-0.830244
-0.518409
-0.582404
-0.501272
0.124777
-0.270660
-0.403553
-0.375456
-0.523478
-0.558148
0.435465
2.191913
0.586299
0.384311
-0.485694
-0.494897
-0.872087
-0.603955
-0.777214
-0.739016
-0.431082
-0.601753
1.990507
0.289380
0.433929
0.589576
0.201587
-0.497856
-0.442580
-0.128428
0.057195
-0.474873
0.053135
0.033106
-0.559398
-0.473906
-0.403801
1.612298
1.240352
0.514739
-0.853699
-0.878510
-0.854399
0.074262
-0.542354
-0.803226
-0.430375
0.600944
1.189759
0.425093
0.146009
0.144454
-0.371582
-0.392527
-0.353103
0.571072
0.165320
-0.201654
-0.153291
0.838321
-0.718423
-0.128167
-0.712452
2.463197
1.416004
1.857633
0.409271
0.719643
-0.628988
-0.862793
-0.244901
-0.698809
0.517027
-0.282071
2.096751
0.480555
1.370986
0.312302
-0.528779
-0.759526
-0.546637
0.354512
0.082763
-0.957375
0.466070
2.873825
1.772385
0.880302
-0.753105
-0.374584
1.183464
-0.340126
10.157817
