0.000000
-0.646172
-0.853088
-0.666095
-0.268382
-0.632129
0.720906
-0.542455
-0.241307
0.347639
-0.482709
-0.173691
0.774584
0.212985
0.332219
0.445420
-0.320929
0.344454
-0.616468
-0.691887
-0.799897
-0.525055
-0.533600
-0.218801
-0.385283
-0.675969
-0.428779
-0.677618
-0.895005
-0.091217
-0.352204
-0.828850
-0.697115
-0.395155
0.367903
0.632275
0.549244
-0.202055
-0.525045
-0.760247
-0.639157
-0.731307
-0.287500
-0.951061
-0.460294
-0.265451
-0.264903
-0.637481
-0.701623
-0.781134
-0.066254
-0.691536
-0.688411
-0.309759
0.331050
-0.780790
-0.611873
-0.394981
-0.721497
-0.252383
-0.532538
-0.745873
-0.300164
0.446866
-0.218131
-0.650290
-0.218072
-0.073361
0.159513
-0.215758
-0.851831
-0.230655
-0.072643
0.452714
-0.460331
-0.891658
-0.621340
1.489074
0.084078
1.261068
-0.672887
-0.199953
1.220239
-0.671118
0.463050
0.577828
1.152663
-0.169271
-0.678380
-0.142635
-0.869253
0.174410
-0.324713
0.271281
0.900204
-0.510480
0.374643
-0.618470
-0.686172
-0.024239
-0.666980
-0.596649
-0.569329
-0.233150
-0.230485
-0.490060
-0.697404
-0.616487
-0.345136
-0.014866
-0.588358
0.658893
0.657343
0.279115
-0.277018
0.561780
-0.445271
-0.777523
-0.417816
-0.497319
1.367227
-0.787135
0.408681
0.895642
-0.899699
-0.728053
-0.176466
0.847870
-0.054886
-0.327180
-0.003544
-0.260097
0.003148
-0.268511
-0.579512
0.090018
0.615637
-0.447203
-0.662052
-0.680446
-0.114246
0.392867
-0.499017
-0.122410
-0.244402
-0.506813
-0.910904
-0.269367
-0.495218
-0.786391
1.690767
1.190466
1.224941
-0.119293
0.112869
-0.508622
-0.025149
0.105452
-0.196069
1.723809
-0.030423
-0.166779
-0.576334
-0.158950
1.502513
0.397611
-0.566702
0.886853
-0.560506
-0.795782
0.239124
0.486778
0.221998
0.706491
1.213258
0.556269
-0.767990
0.575311
1.769915
0.430187
0.305509
0.570887
-0.178961
0.213900
1.534082
0.442983
0.182166
0.311831
-0.751862
-0.306643
-0.675687
-0.007557
-0.100397
-0.687389
-0.063195
-0.732698
-0.398639
-0.405510
-0.118720
-0.165669
-0.569833
0.248407
0.542013
-0.851504
0.450327
-0.061925
0.589931
0.434155
-0.732421
-0.552465
-0.119831
-0.102193
0.569692
0.001649
-0.423484
-0.546939
-0.617698
0.157710
0.676639
-0.712441
-0.434066
-0.054244
1.574030
0.825012
-0.616512
0.389440
0.693856
-0.681082
-0.429409
0.096521
1.420219
0.199845
0.637928
-0.123260
-0.076468
-0.274114
0.178251
-0.020431
-0.172021
-0.806667
0.197422
-0.287372
0.300041
-0.127606
1.594306
0.382679
-0.553571
0.147963
0.251675
-0.376748
0.757297
-0.357216
-0.294057
-0.260809
-0.502959
-0.039334
-0.241699
-0.510225
-0.489900
-0.108298
0.467168
-0.421325
-0.799887
-0.908747
-0.246483
0.319349
-0.675994
-0.185615
0.625835
-0.223112
1.208819
0.172201
-0.713072
-0.561431
-0.563042
0.248550
0.257007
-0.369857
-0.653070
-0.523609
-0.153107
-0.446466
-0.775474
-0.538224
-0.251280
1.980640
0.054914
-0.169495
-0.224253
-0.649329
0.172948
-0.863878
-0.464586
1.082959
1.491621
0.511203
-0.223178
-0.539101
0.536365
-0.831223
-0.141977
-0.045166
0.312053
0.731911
1.708514
-0.672599
-0.546500
-0.376596
-0.562680
0.004436
0.701987
-0.787320
-0.583781
-0.581535
1.323441
-0.631524
0.700456
-0.625950
-0.777862
-0.503613
0.039018
1.066195
0.250090
0.326590
0.844428
-0.297849
-0.581593
1.051076
-0.648625
-0.530747
-0.053280
-0.448717
0.047954
-0.663338
-0.528976
-0.336139
-0.068684
-0.542984
0.219521
-0.358510
-0.174755
0.373239
-0.824480
0.192960
1.748846
-0.152783
-0.480796
0.726642
0.162779
0.072659
-0.608564
-0.759999
0.813191
-0.431760
-0.634404
-0.739873
0.239274
-0.617456
0.335269
0.795561
-0.658169
-0.326521
-0.339350
-0.674097
1.070445
0.368956
1.789489
-0.210315
-0.453070
-0.486749
0.589943
-0.503961
1.020376
0.920483
-0.553445
1.884285
0.216644
0.278397
-0.642231
-0.845863
-0.757592
-0.940713
-0.224103
0.590504
-0.708668
0.174701
-0.968668
-0.891084
2.392550
-0.005454
1.078531
-0.450102
0.013137
-0.410337
-0.247194
1.592733
0.283161
1.834461
-0.411789
-0.141272
1.523072
0.578798
-0.204653
-0.796772
0.153684
-0.059305
-0.077386
0.246519
-0.798392
-0.015024
-0.464840
-0.135533
0.901472
-0.634552
2.370599
-0.822245
-0.102976
1.518172
0.300637
-0.423433
-0.736873
0.165516
0.135269
2.105303
-0.661238
-0.296346
0.079034
0.542333
-0.339590
0.232555
0.261651
-0.259832
-0.131076
-0.578137
-0.518662
-0.555516
-0.781152
-0.197093
0.068418
1.353430
0.400346
-0.694611
1.710416
-0.158712
0.275425
0.638989
-0.510822
0.527388
-0.455664
-0.156922
-0.977021
-0.825958
-0.874594
-0.465280
-0.433082
-0.580622
-0.597600
-0.088617
0.092489
-0.048339
-0.133178
1.577626
1.924145
0.925987
-0.048435
-0.898652
0.540587
-0.691044
1.708550
0.366284
-0.874675
-0.561916
-0.455827
-0.519093
-0.881693
-0.959967
-0.862931
2.006620
0.128460
0.407161
-0.593367
-0.723099
-0.813316
1.024519
-0.906730
-0.780580
-0.774003
0.545764
-0.064952
0.240746
0.598496
0.185146
-0.611996
-0.810456
0.060193
-0.455200
-0.234793
-0.249831
0.251565
0.273665
-0.717225
-0.492932
0.005000
0.402920
0.671377
-0.110128
-0.130266
0.893569
0.730890
-0.266345
-0.625862
0.151980
-0.587659
-0.240385
1.217991
-0.643266
-0.417657
-0.401117
1.812177
0.753408
-0.569726
-0.365618
0.340214
-0.315954
-0.271517
0.209704
-0.039953
-0.536783
0.196243
1.197919
0.777649
0.744467
2.383648
-0.193638
-0.067912
0.396941
-0.401556
-0.284429
0.918607
0.565019
-0.259949
0.121584
-0.408836
-0.957720
-0.690661
-0.725488
0.291055
-0.014562
0.064038
1.515556
1.666379
0.322192
-0.451350
-0.399896
-0.585797
0.727424
0.455084
-0.597518
0.797782
-0.126287
1.290302
0.561612
-0.948528
-0.816385
0.261778
-0.741413
-0.678104
-0.388946
1.013344
0.714405
-0.615373
-0.043415
0.745869
-0.619421
0.332159
-0.810738
-0.782304
-0.048870
-0.703236
-0.224965
-0.700317
-0.766598
-0.188933
0.604916
0.582406
-0.872464
0.754432
-0.520454
0.125733
-0.291119
-0.158068
0.052881
0.705681
0.840567
-0.853166
-0.495875
0.630534
0.157060
-0.627157
-0.061545
-0.906781
0.178103
-0.672346
-0.815752
-0.737522
1.489319
-0.477975
-0.666437
-0.076915
-0.644365
-0.343817
0.078496
-0.422400
-0.122755
-0.170993
-0.148411
-0.249614
-0.630912
0.344652
-0.444749
-0.142522
-0.447585
-0.858384
-0.577713
-0.421733
-0.147658
0.036900
-0.839195
-0.365246
1.890651
0.176067
-0.243625
1.157329
-0.529810
-0.751471
-0.152774
1.231620
-0.533940
0.587436
-0.594678
0.075159
1.418768
1.671397
-0.331126
0.598576
-0.750293
-0.224274
0.029463
0.455166
-0.441407
-0.537895
-0.569171
2.465274
0.300558
1.087848
1.938231
-0.791604
4.242405
0.227184
-0.523296
0.769963
1.479665
-0.517174
-0.527072
1.030343
-0.244237
0.452356
-0.682576
-0.662964
0.442104
-0.497334
-0.006461
-0.613472
1.805305
-0.210506
0.584941
-0.787836
-0.850929
0.864667
-0.560567
-0.243356
0.230181
-0.065776
0.484819
0.243352
-0.856678
1.021763
-0.820344
-0.303261
1.844151
-0.241931
0.265771
-0.829274
-0.762686
-0.226513
-0.713192
-0.766246
-0.032366
-0.216154
-0.926465
-0.920103
-0.505993
-0.285235
0.190873
0.688901
-0.423164
-0.287496
-0.285493
-0.513491
-0.731793
-0.263961
-0.560016
0.376907
0.618937
-0.150385
-0.488577
-0.117136
-0.876699
-0.101389
-0.655499
0.717305
0.001377
0.354501
0.572751
0.146196
0.471810
2.100582
-0.554892
-0.804741
1.362297
1.786767
-0.623639
-0.000975
0.048655
-0.067016
-0.258520
0.511656
-0.783483
-0.690931
-0.646138
-0.367785
-0.762626
0.020944
0.465279
1.691878
-0.228842
-0.266097
-0.617415
-0.746554
-0.312930
0.976902
1.905222
-0.395346
-0.821710
0.144394
-0.327477
0.789065
0.194375
-0.037881
-0.410532
-0.352664
-0.735067
-0.208104
-0.690694
-0.738927
0.252301
-0.013028
0.352115
-0.485630
-0.437989
0.553565
-0.948837
0.240012
-0.944127
-0.280396
-0.754808
-0.648559
-0.744138
-0.285216
-0.694374
-0.525887
-0.137431
0.118839
-0.884525
-0.515452
-0.426609
-0.689841
-0.487264
0.214232
0.389199
-0.600085
0.280794
-0.759137
0.553373
-0.274805
-0.143309
0.156273
0.442637
1.045973
0.055178
0.264714
-0.890869
-0.410987
-0.624258
-0.658747
-0.190062
-0.478687
0.077392
-0.038989
-0.311013
-0.791991
0.579775
-0.392616
-0.670436
0.714166
-0.813434
-0.772524
0.011386
0.242370
-0.883509
0.769431
1.145413
1.390460
-0.403390
0.658063
0.180917
-0.585924
-0.215872
0.191240
0.447070
-0.909704
-0.639986
-0.786311
1.263024
0.679549
-0.652265
1.057828
-0.427674
2.617792
0.448206
-0.938978
-0.575270
-0.694076
0.243101
0.587189
0.267164
2.249625
2.706272
0.890747
0.944828
-0.804202
0.157617
0.010720
2.022866
1.929158
0.799196
-0.015294
1.263051
0.886253
0.614563
-0.539987
-0.635057
0.165109
-0.625648
-0.673903
0.509001
-0.400187
0.251392
0.364166
0.096290
0.125423
-0.552019
-0.412365
-0.730885
-0.062912
0.301362
0.358104
-0.566980
-0.728579
-0.480487
0.266298
-0.458210
-0.433864
1.279483
0.083286
-0.728101
0.451037
-0.650582
-0.754475
1.761145
0.185125
0.491832
0.627226
-0.541304
0.953539
-0.327729
0.409777
0.640835
-0.492887
-0.589642
-0.902333
1.002819
-0.305844
0.320423
-0.295580
1.304476
-0.646434
-0.546773
-0.363085
-0.855800
-0.174481
0.172270
-0.346102
0.294473
-0.833202
-0.669058
-0.223305
-0.617657
-0.624420
-0.348288
-0.576891
-0.087336
1.408719
-0.166247
-0.034663
-0.348340
-0.872344
-0.374913
0.825715
-0.603705
0.968058
-0.923679
0.704080
-0.115934
-0.745531
-0.665370
-0.804484
-0.509325
-0.416790
-0.701286
-0.418739
0.679414
0.192540
0.651251
-0.677764
0.205213
-0.560104
1.321275
0.675107
0.083155
-0.197264
0.092974
-0.084313
-0.916824
0.761533
-0.642347
0.138158
-0.519566
-0.749031
1.020354
-0.634236
0.614158
0.101705
0.308906
2.750236
0.054243
1.618276
-0.554702
-0.508647
0.456972
-0.436375
-0.694394
0.513355
2.380181
0.703333
-0.180421
0.147407
-0.631261
-0.577127
-0.396153
-0.764841
-0.570521
-0.194948
-0.678058
-0.648096
-0.053714
-0.787688
0.159964
-0.078317
-0.618679
0.859058
-0.546532
0.473012
0.980382
-0.951980
-0.446167
-0.061865
1.129135
-0.096095
0.652176
0.026180
1.263922
-0.515577
-0.812032
-0.793278
-0.689373
1.370621
0.113742
-0.189673
0.024573
-0.413980
0.982220
0.495044
-0.908808
2.035581
0.600290
0.569468
0.275233
1.043779
-0.520295
0.624205
-0.267124
-0.573978
2.055074
-0.815818
-0.610460
-0.182300
-0.355470
-0.413904
-0.846856
-0.304328
-0.433443
0.666643
0.079488
-0.687319
-0.571879
-0.598933
-0.256498
1.332616
2.135163
0.882179
-0.765904
-0.666151
-0.170583
-0.165877
-0.624670
-0.727476
-0.472297
-0.790964
0.043050
-0.722552
0.426303
0.230327
0.581563
-0.777532
0.693862
-0.753030
0.112889
-0.177916
0.333856
-0.463357
-0.013530
-0.453370
1.718825
0.517345
0.599375
-0.657466
-0.559521
-0.660563
0.278892
-0.655717
-0.727206
2.012429
0.446037
1.207024
-0.609025
-0.212407
0.354896
-0.272513
-0.782015
-0.177344
0.444157
-0.762986
0.322393
-0.544802
2.151864
-0.238830
1.825685
0.670187
-0.464554
0.087397
-0.660955
-0.431700
-0.603263
-0.585326
0.676503
0.839970
0.961239
-0.869862
0.933196
0.283617
0.233806
-0.131052
-0.131014
0.229269
-0.721665
-0.204591
-0.840312
-0.728860
-0.194783
1.039596
-0.325875
0.954605
-0.326806
-0.740332
0.763261
-0.519441
-0.568203
-0.540025
1.386010
-0.330217
0.175950
-0.637482
0.803001
0.067979
-0.265194
-0.690610
1.373231
0.237533
-0.619624
-0.703332
-0.514348
-0.943036
2.410002
0.208568
0.906830
1.574692
0.532144
-0.070334
0.160729
0.423141
0.205029
0.638711
0.777922
0.371477
0.729498
-0.491324
-0.611877
-0.754867
-0.617181
0.034972
-0.698754
-0.873175
-0.290022
-0.205548
-0.835084
0.219729
1.099931
-0.064359
0.899118
-0.661283
1.359851
-0.111740
0.136180
-0.813300
-0.244877
-0.867765
0.055624
-0.730161
-0.154081
-0.750799
0.475501
-0.666203
-0.147423
-0.621424
0.292564
-0.280004
-0.401138
-0.296376
-0.776207
-0.217252
1.021254
0.876786
-0.632890
0.768168
-0.126176
-0.036670
-0.841261
1.308360
-0.931339
-0.256510
-0.239103
-0.336141
1.373005
0.891837
-0.817455
1.027804
-0.520236
0.989907
-0.753407
-0.884229
-0.861184
-0.080918
-0.199247
-0.439638
0.420922
0.244551
-0.452663
-0.227236
-0.552098
0.824891
-0.185181
0.151339
-0.560361
1.841800
0.115441
-0.640395
1.899713
-0.650105
0.664949
-0.870550
0.235865
-0.708347
0.324465
-0.719868
-0.604265
0.041790
-0.866195
-0.577183
-0.805740
0.651441
-0.750394
0.429650
1.100314
-0.700840
-0.598659
-0.374805
-0.394216
0.692484
-0.281584
-0.813432
1.292425
-0.606911
-0.637417
-0.149167
-0.598453
0.260457
0.401410
-0.100963
-0.385694
0.156604
0.210281
0.063583
-0.839630
1.878350
0.424274
-0.124682
0.734579
0.245635
0.108472
0.216624
0.283737
-0.791806
-0.725872
1.483402
-0.319260
-0.363127
-0.594833
1.113471
-0.777609
-0.616326
0.403498
0.147341
-0.138897
0.333774
-0.919916
-0.846260
-0.372541
1.914472
2.314717
1.096498
2.589838
1.222755
0.071795
-0.740315
-0.592178
-0.504682
-0.370276
2.215768
-0.692962
-0.232312
-0.870522
-0.020840
-0.395024
-0.230799
-0.460275
-0.342303
-0.909255
0.581407
0.477122
1.467031
-0.785794
1.302018
-0.200411
-0.805735
-0.146588
1.209242
-0.140925
0.303368
-0.630943
0.438770
0.170027
-0.334756
-0.356670
-0.094105
-0.504579
0.042185
-0.768789
-0.683334
0.399255
-0.482031
-0.910533
-0.919792
-0.244834
-0.812560
0.089555
0.324845
0.058689
-0.425776
-0.550904
0.336398
-0.154631
-0.626136
-0.109262
0.005253
-0.900416
-0.000842
-0.616866
0.196428
0.481774
-0.877461
-0.017407
-0.523410
-0.608606
-0.736717
0.303875
-0.588371
0.517020
-0.014411
-0.041286
-0.845701
0.601466
0.243754
2.347788
-0.879141
-0.095304
0.073571
-0.414694
-0.199764
-0.518070
0.003944
0.693144
-0.480420
0.038733
-0.239804
-0.497591
1.767255
0.655868
0.173060
-0.225520
0.875480
0.027662
2.413078
0.724874
2.339043
1.604383
0.278558
0.653043
-0.390274
0.110253
-0.828441
-0.649969
0.366389
-0.760902
1.530745
-0.857470
-0.988322
1.057436
-0.156775
-0.358346
-0.285235
-0.231272
0.765417
2.029659
0.699069
-0.026120
0.501173
0.241464
1.923437
-0.598843
0.690877
0.807819
-0.294029
0.917202
-0.508533
0.578035
-0.684882
-0.682458
1.396215
0.411985
-0.459732
-0.450947
-0.801095
-0.715565
-0.496751
-0.906312
0.577038
-0.528575
-0.663789
-0.006107
-0.392365
-0.359449
1.583457
-0.130503
-0.123379
-0.679638
0.664004
-0.142068
0.622505
-0.820031
0.647720
0.741749
-0.307189
0.489713
-0.563944
-0.306826
-0.823396
0.170286
-0.201001
-0.004585
0.127172
-0.693382
-0.566229
-0.425172
-0.675350
1.391401
1.413966
-0.039942
0.706682
-0.203222
-0.064949
-0.554002
-0.515432
-0.139496
-0.880885
-0.602513
-0.901242
-0.258914
0.123673
-0.224869
-0.343708
-0.158243
0.260553
-0.378591
-0.311440
-0.828411
0.442335
-0.766241
-0.620923
0.117867
-0.832255
0.047704
-0.303911
-0.776017
-0.755106
-0.547715
-0.708785
-0.721973
0.329032
-0.937230
-0.556356
-0.810998
-0.386805
0.690947
-0.747660
0.614640
0.631884
2.122688
0.334270
-0.524171
0.705406
-0.211149
-0.010122
0.053128
1.587202
0.331092
1.151105
0.794840
-0.450521
-0.213158
0.177451
2.134178
0.620162
-0.793997
-0.139278
-0.391799
-0.942407
1.000429
-0.368450
0.228553
0.096986
0.310385
-0.270428
-0.897793
0.910782
0.018679
-0.994591
0.290108
0.822141
0.349702
0.185680
-0.621353
0.001962
-0.602327
-0.431352
-0.067806
-0.343128
-0.515302
-0.675260
0.759586
0.046553
-0.165690
-0.767120
-0.735620
-0.592358
-0.565028
-0.043631
-0.022556
-0.346449
-0.358294
0.190757
-0.689513
-0.539525
-0.633189
0.687278
-0.617352
-0.347971
0.541669
-0.399193
-0.398910
-0.029112
-0.473812
0.382453
-0.563877
-0.430936
-0.763671
-0.144440
0.905167
-0.213087
-0.399784
-0.791451
-0.567699
-0.053320
0.587573
-0.960035
-0.449861
-0.335753
2.375992
2.508343
-0.889463
0.492499
1.688746
0.278541
1.227770
-0.440540
0.082614
2.031229
-0.154817
-0.599838
1.050836
-0.326938
0.956979
0.053530
1.073090
-0.319193
-0.152583
-0.464072
-0.335165
-0.631512
-0.625389
2.782493
1.743973
-0.703452
1.806769
0.796190
-0.856579
-0.330707
-0.029378
1.273734
0.501629
-0.295253
0.734796
0.127246
-0.865332
-0.955922
-0.540105
0.494447
-0.179131
0.057644
-0.527645
-0.811591
0.239939
1.376434
-0.941648
0.049432
0.840321
-0.493772
0.363899
-0.402469
1.313028
0.367825
-0.421487
-0.311317
0.375082
-0.470935
0.410685
-0.936224
-0.474255
-0.405067
-0.803828
-0.540741
0.256647
1.075039
-0.439751
-0.758094
0.374604
-0.412172
-0.888034
0.286662
0.750250
-0.907382
-0.430410
-0.929895
0.119263
-0.487571
-0.087475
-0.482267
-0.734144
-0.351058
-0.457705
0.888037
-0.036031
-0.072960
-0.688921
-0.695641
-0.758186
-0.382675
0.079110
-0.797495
0.018044
-0.393344
-0.283789
1.681113
0.376357
-0.790822
-0.722146
-0.078111
-0.153070
0.908209
0.007803
2.237533
-0.364945
0.186418
-0.105930
0.070044
-0.231179
0.413540
0.059718
-0.413641
-0.756841
0.667797
1.506329
-0.489880
1.507594
-0.876390
-0.184584
3.530741
-0.469758
0.930676
3.063205
0.319075
-0.782996
-0.443117
0.065360
-0.672320
0.157328
1.939447
1.812605
-0.590072
0.515194
-0.053412
-0.603193
-0.389345
0.456717
-0.307398
-0.218067
-0.652370
-0.400974
0.447703
-0.457407
1.279149
-0.702474
-0.216470
0.536898
-0.603944
0.366151
-0.286545
0.490287
-0.219751
-0.364976
-0.137606
-0.599091
0.483513
-0.888053
-0.151763
-0.576324
-0.210799
-0.691995
-0.791688
-0.990371
-0.598420
0.386964
-0.491304
1.870631
1.152426
0.732220
-0.213846
-0.400158
0.743569
-0.809257
0.899613
0.376022
-0.603557
-0.453591
-0.915335
0.181662
-0.744265
-0.621818
-0.257395
-0.833612
0.671164
0.773277
0.163449
-0.792162
-0.030739
-0.561460
0.335586
0.426136
-0.385539
-0.463927
-0.414495
-0.519543
1.711366
-0.751780
-0.188613
-0.603807
-0.367347
-0.416183
0.968140
0.763112
-0.403112
-0.508257
-0.341565
-0.322025
-0.830142
-0.121664
-0.757670
-0.294960
-0.391653
-0.871172
0.304204
-0.282386
-0.092811
-0.370457
1.277562
0.264290
1.523520
-0.839801
0.212648
-0.952557
-0.618010
-0.751179
1.354416
0.846920
-0.519140
-0.444831
-0.790794
-0.806718
0.710883
-0.366868
-0.242156
-0.109348
0.073261
-0.849816
-0.338939
-0.282156
1.173112
-0.027694
-0.194143
-0.767148
0.428124
-0.731424
-0.675290
1.698447
-0.267463
-0.085873
-0.442099
2.094456
1.177831
0.098831
-0.686748
0.396470
-0.378492
0.312421
-0.112743
-0.881878
-0.051995
-0.882038
-0.486048
0.244508
1.894668
0.749930
-0.747862
-0.128450
0.721204
-0.304114
0.496801
2.289247
1.519155
2.043117
-0.003017
-0.579953
0.854208
-0.755928
-0.648063
-0.136437
-0.141044
-0.740362
-0.170907
-0.746121
0.686627
0.063478
0.117618
-0.373577
-0.090023
1.268329
-0.843971
-0.237512
-0.456596
-0.599045
0.555957
-0.372139
0.888269
-0.342503
0.239392
-0.540719
-0.884071
0.065999
-0.102414
-0.791450
-0.868026
-0.140603
-0.700269
0.779560
-0.427918
-0.867216
-0.233234
-0.865992
0.021324
-0.246121
0.502768
1.004935
0.247327
-0.168116
0.392991
0.113900
-0.243405
-0.445005
-0.102984
-0.902639
-0.690218
0.001347
-0.288002
0.008856
-0.960788
0.756530
-0.597413
0.449712
-0.705689
-0.737614
-0.587978
2.582343
2.412676
0.203292
-0.937589
1.602198
-0.120441
-0.371091
-0.213565
-0.878327
1.658676
-0.614761
0.854257
-0.198199
0.579101
-0.485579
-0.198303
-0.121395
0.823187
0.380288
-0.019916
-0.591557
-0.205452
-0.313278
0.046589
-0.187173
0.845910
-0.129236
0.075715
-0.237277
1.328017
-0.676746
-0.294001
-0.192488
0.059703
-0.698858
-0.373532
0.571782
0.876027
-0.642685
1.332028
-0.596505
-0.525856
-0.739945
0.836072
1.046116
-0.228134
-0.539779
1.259362
-0.638814
-0.051838
-0.551165
-0.258752
-0.675553
-0.928233
-0.730839
-0.628451
0.749382
-0.367489
0.464403
0.956108
1.093273
-0.748324
-0.796919
-0.792982
0.331777
-0.306741
0.703482
0.712052
-0.156816
0.259707
-0.164915
0.661872
0.566484
2.161283
-0.423962
-0.555332
-0.518338
0.207356
-0.242722
3.415300
0.734138
-0.213996
-0.166758
0.033196
-0.188020
-0.867201
0.149375
-0.257390
0.333200
0.234301
-0.862405
0.596823
0.646899
0.549495
-0.282987
-0.504584
-0.762287
-0.129294
0.784860
0.124491
-0.880567
-0.900748
-0.121514
-0.878373
-0.500984
-0.682466
-0.736412
1.651998
1.143731
0.589337
0.493576
-0.319991
0.465088
-0.871237
-0.057144
0.144718
-0.544252
-0.679009
-0.448789
0.772184
-0.725797
0.941765
-0.126420
0.293434
-0.679866
1.126798
2.867483
0.882949
-0.660269
-0.631329
-0.025794
-0.387173
-0.562422
0.610784
1.117125
-0.834825
0.591441
1.334130
-0.031230
0.134528
-0.424440
-0.137315
-0.682608
0.321253
-0.536371
1.233952
-0.447745
0.162766
0.357477
-0.865631
-0.565817
-0.417686
0.036126
0.242322
0.371528
-0.603669
-0.363955
0.684002
-0.278339
-0.844919
-0.821614
0.201674
-0.323996
-0.273794
-0.792070
-0.877197
-0.603435
-0.918427
0.387700
-0.784577
-0.633032
0.382320
-0.813756
-0.311414
-0.547952
-0.514679
-0.556748
-0.137286
1.289420
-0.550642
-0.868535
0.053250
-0.057731
0.544625
1.578426
1.524886
-0.070425
-0.644118
-0.095910
-0.616021
-0.054550
-0.357867
-0.364350
0.910448
-0.626252
-0.756556
-0.342286
0.329458
-0.476344
-0.718595
-0.310018
0.378792
-0.258561
-0.915339
-0.568568
0.992410
0.264072
-0.954276
0.788439
-0.369643
-0.198482
0.345984
-0.101475
-0.173222
-0.671864
-0.079062
-0.214851
-0.708200
0.486074
0.283168
0.642909
1.789945
-0.139645
1.744524
-0.770615
-0.505401
-0.342339
0.609187
0.712296
-0.797675
-0.705735
-0.515923
-0.170091
-0.154080
-0.715057
-0.830181
1.402617
-0.960150
1.305455
0.009659
0.190815
1.509123
0.693788
-0.173566
-0.162780
-0.537998
-0.662339
-0.383331
0.361911
0.085534
0.175412
1.090017
0.639940
1.029153
0.965376
-0.187653
-0.698889
0.631315
0.485437
-0.477583
1.455982
-0.357102
-0.603866
-0.070508
-0.171176
-0.048497
1.859542
-0.125993
-0.025573
0.056659
-0.280252
0.290781
0.068169
2.102845
-0.601931
0.112472
0.430264
0.441846
-0.825036
0.757869
-0.652038
-0.621484
-0.483746
1.043808
0.043567
-0.049427
-0.291412
-0.675198
1.217242
0.133950
1.028827
2.479106
-0.100434
0.831576
0.445962
0.530856
-0.592105
-0.496563
0.597577
0.920093
0.439260
-0.714324
-0.125495
-0.630432
0.089682
-0.043355
-0.442122
-0.389840
0.828490
-0.686747
1.420006
-0.690943
1.112212
0.428487
-0.832907
0.753770
0.900908
0.236592
-0.068326
2.042595
0.814413
0.671288
0.508234
-0.031501
1.595758
-0.677860
-0.629303
-0.684091
0.470903
0.519876
2.835190
3.166061
0.213516
-0.198919
-0.536508
-0.587003
-0.849306
0.081889
0.007184
0.908855
-0.177316
0.289500
-0.815680
-0.828561
0.101371
0.072210
-0.611273
-0.275255
-0.759035
-0.209439
0.049503
-0.728805
-0.769817
-0.376799
-0.747610
-0.293272
-0.813801
-0.586072
-0.452442
-0.695568
0.358173
1.552735
-0.471753
-0.252128
-0.851539
-0.689215
-0.194159
-0.849745
-0.797197
-0.706157
-0.250251
-0.423488
-0.775808
-0.389253
-0.067504
0.034941
-0.700204
-0.645268
0.080869
-0.279556
-0.431881
1.064288
-0.269503
0.776252
0.780185
1.937544
-0.111855
1.822560
-0.337383
0.001751
-0.758886
-0.044343
-0.090939
-0.395002
0.203955
0.882685
-0.611984
-0.871184
-0.751788
0.089747
-0.924646
0.845242
-0.538482
-0.621009
0.548029
-0.873834
-0.768822
-0.455426
0.498420
1.571166
-0.462498
0.400321
1.790132
-0.802503
-0.684664
-0.398685
-0.442102
1.490232
-0.655404
0.739030
1.419771
-0.919032
-0.007298
1.249238
-0.239271
-0.516327
0.381939
-0.595529
0.536530
-0.076586
0.604389
-0.355706
-0.280148
0.333353
-0.264571
0.263156
0.213709
-0.310272
-0.785519
1.098348
0.941946
0.486620
-0.008194
0.173631
-0.095543
-0.536499
0.270578
0.707212
-0.215087
-0.497928
-0.192503
-0.488831
-0.084970
-0.422061
-0.738238
-0.828715
-0.188450
0.299567
-0.756882
1.507280
0.143134
-0.139872
-0.807731
-0.754932
1.307227
0.320748
-0.511468
0.940823
-0.663760
1.632376
-0.134070
-0.153455
-0.367172
0.819401
-0.805117
-0.636896
-0.664217
-0.332824
-0.644608
-0.138816
-0.792483
-0.682861
-0.856192
0.685692
-0.806416
1.922728
-0.106558
-0.166449
0.225474
0.013718
-0.395588
-0.805317
-0.645619
-0.792222
-0.327087
0.483462
-0.365082
1.039474
-0.930452
0.388589
-0.471982
-0.334804
-0.230958
0.395186
1.044369
2.797584
0.959274
1.382614
-0.233311
0.293808
-0.534959
-0.296926
-0.646931
-0.716443
0.129685
-0.132739
0.704822
-0.238219
-0.812497
-0.105099
-0.680485
-0.443670
-0.845260
-0.345022
-0.645032
-0.595442
0.458726
0.239457
-0.933981
2.987739
0.262927
2.222012
1.549271
0.295581
-0.176961
-0.208954
-0.621527
-0.426583
1.397913
-0.833784
1.381439
-0.747216
0.325288
1.167488
-0.707769
-0.047510
0.362569
0.737728
-0.425912
0.460438
-0.205644
0.721590
-0.575344
1.869616
-0.526243
-0.814364
0.629070
0.178485
0.604884
-0.082356
-0.560988
-0.495864
0.176171
-0.327803
-0.041128
0.437346
-0.563348
-0.355563
-0.771925
0.393681
-0.742929
-0.634845
-0.627534
-0.561815
0.079084
-0.537392
-0.334790
0.155528
-0.243107
-0.439054
0.162295
-0.233458
-0.778699
-0.645062
-0.771518
-0.472720
-0.271295
0.318489
-0.915558
-0.242010
-0.639138
0.086337
-0.670132
0.153019
-0.906257
0.602822
-0.801274
0.290968
0.037426
0.468957
-0.269119
-0.859485
-0.703382
-0.349728
-0.637175
1.102914
-0.766280
-0.280669
-0.461184
0.043531
-0.162847
1.406165
0.211121
-0.754570
-0.029999
-0.071322
0.114996
-0.068656
-0.686353
1.396485
0.190109
1.753975
0.032129
0.784028
-0.361520
0.158965
-0.938122
-0.579513
0.092261
0.767312
-0.037666
0.263382
0.283919
-0.712210
0.447974
2.390047
-0.325340
0.473751
0.371920
0.653220
-0.147440
-0.343927
-0.578959
0.000173
-0.006466
1.286057
-0.221434
-0.258932
0.075136
0.131717
0.069051
0.075718
-0.074323
0.469872
-0.355305
0.570415
-0.336503
0.602124
0.307425
-0.232973
-0.771707
-0.673329
-0.272978
-0.690372
0.226725
-0.843943
-0.700121
-0.259256
0.177779
0.666830
-0.793662
-0.191899
0.686336
1.243748
0.599020
-0.667049
0.812228
0.150896
-0.246371
1.487422
0.348010
0.561678
-0.660531
0.450756
-0.483764
-0.582412
-0.294966
0.466951
-0.666815
-0.731081
0.236167
-0.797338
0.129158
-0.450784
-0.352352
-0.903814
-0.251517
-0.744408
-0.265928
-0.272350
-0.451032
0.778749
0.023523
-0.808624
-0.222651
-0.904387
-0.919400
0.475847
-0.798844
0.456932
-0.775128
-0.338206
0.719151
-0.751317
-0.748069
-0.172502
-0.380810
-0.927658
-0.863453
0.185004
0.049575
-0.682397
0.063813
-0.483480
-0.694861
1.645312
0.179711
-0.757347
0.165426
0.575580
1.499250
0.120278
0.352558
0.035491
-0.095972
0.203873
-0.315002
0.357716
1.031202
-0.082291
-0.445593
-0.061425
0.058306
-0.417637
0.089251
0.871405
-0.380158
0.556828
-0.112186
0.053425
-0.244595
-0.728328
1.905432
2.300248
1.788515
-0.410615
-0.802336
-0.099755
0.281660
0.184183
0.246650
-0.734274
-0.319507
-0.889137
-0.308656
-0.809759
-0.761243
0.010364
-0.713654
-0.247982
-0.304260
-0.092556
0.251826
0.290394
0.683496
-0.024949
-0.686815
-0.043665
0.585516
0.087427
-0.592495
0.216983
-0.634671
-0.305127
1.297179
0.413934
-0.842241
-0.602984
-0.440658
-0.578589
-0.641520
1.072595
0.527849
1.745860
1.213617
2.079071
-0.681512
-0.633510
-0.472949
-0.056531
-0.610018
0.189415
-0.011753
0.276777
0.733679
-0.323373
0.164364
0.932499
-0.567580
-0.165634
0.382128
-0.990302
0.466491
-0.487197
-0.145308
-0.620748
-0.211151
1.122536
0.187295
-0.285758
1.132920
-0.201646
0.343079
-0.485584
-0.559062
0.125437
0.092869
3.160296
0.886264
0.687248
-0.331240
-0.372071
-0.856442
-0.617798
-0.511481
-0.099293
-0.469805
0.036419
1.192821
0.386621
0.724305
2.329172
-0.649612
1.197768
0.885283
0.020931
-0.738099
-0.256300
0.399536
-0.388814
1.120125
-0.382103
-0.861531
-0.525409
0.256527
-0.776786
-0.146495
-0.910961
0.152348
-0.533432
-0.393940
-0.143993
-0.022267
0.081727
-0.292323
0.193418
-0.356563
-0.545865
-0.441810
2.290423
-0.629741
-0.602617
2.560468
-0.419586
-0.880066
-0.961499
-0.742391
-0.674908
-0.537989
-0.578302
0.072837
-0.617931
0.185223
0.389234
-0.503747
-0.017658
-0.594228
-0.889717
0.151400
-0.662577
-0.717475
0.268506
2.098277
-0.767766
-0.734459
0.714874
-0.775591
0.039799
0.253726
0.802056
0.610841
1.120765
-0.687273
-0.358502
0.606200
-0.251829
-0.349527
0.400076
-0.839900
0.524505
-0.267472
-0.508517
-0.736900
1.182929
-0.675028
-0.426392
0.844970
1.011392
-0.439062
0.937999
-0.635193
-0.881320
-0.560744
2.010096
2.967457
0.003223
1.365475
0.037157
-0.749413
-0.646370
-0.606773
0.020838
-0.196490
-0.659664
-0.470698
-0.739143
-0.944835
-0.281089
-0.365616
-0.267054
0.584989
-0.561890
-0.406541
-0.556393
-0.651886
-0.552040
-0.442856
0.596418
0.713324
-0.755792
0.642230
0.671829
0.393402
-0.460329
-0.777559
-0.458076
-0.925301
-0.774242
-0.257557
0.110305
0.554380
1.160950
-0.028752
-0.298508
0.072438
-0.776827
-0.636958
1.611471
-0.947338
-0.667127
-0.062896
-0.837702
-0.767591
-0.675722
-0.063540
-0.792120
1.077601
0.921522
0.222030
-0.540899
-0.692038
-0.427825
-0.360732
-0.469224
1.259960
0.226875
2.772665
-0.473145
-0.177731
-0.120020
0.383505
-0.817660
-0.399958
0.516660
-0.754385
0.203436
-0.676032
0.039112
-0.712046
-0.108700
-0.179485
0.040342
-0.436207
-0.580442
-0.722379
-0.156168
-0.390760
1.784031
-0.989943
-0.261119
-0.092881
-0.778642
0.767905
-0.030114
0.201267
1.042765
-0.566569
0.788617
-0.571408
0.705905
-0.867245
-0.015464
0.334343
0.632609
-0.428635
-0.849988
0.855507
0.940102
-0.723115
-0.729846
0.093715
-0.039993
0.831642
-0.230184
-0.040518
-0.598369
-0.907043
-0.879797
0.334309
0.154844
2.914527
-0.146984
0.021974
1.131194
0.575310
0.369547
-0.814752
-0.249307
0.880490
2.073896
1.302682
-0.104229
-0.016589
-0.095033
0.431267
0.062567
-0.434537
0.344625
-0.420374
-0.628575
0.519454
0.498683
0.174228
0.213028
0.193739
0.557370
1.583344
0.504690
-0.961598
-0.937113
-0.628866
-0.301061
-0.679794
0.223383
1.796732
1.552657
-0.616664
-0.594374
-0.609643
-0.087331
0.215653
3.732189
-0.216656
1.831491
1.742258
-0.069207
0.295616
-0.075345
0.010835
0.697376
0.686166
1.092439
-0.709122
1.760745
0.925580
-0.077875
0.377120
-0.099970
0.036481
-0.302890
-0.010819
-0.804389
-0.585498
-0.315467
-0.709560
0.770444
2.119572
-0.140005
1.154393
-0.630657
1.100243
0.487698
-0.597436
0.092913
-0.609789
-0.433330
0.514298
-0.570395
-0.726795
-0.043858
0.209179
-0.130181
-0.539173
-0.489685
-0.821075
-0.399252
-0.957626
0.073482
-0.641630
0.618757
0.122148
-0.631498
1.061267
0.160432
-0.089587
-0.281963
-0.230532
-0.493990
-0.033958
-0.293265
-0.766669
-0.416985
-0.326968
0.316375
0.228578
-0.350419
0.520843
-0.831177
-0.563232
-0.381290
-0.695407
-0.398454
-0.299538
-0.324330
0.038292
-0.666513
0.750320
-0.605836
0.046699
-0.360421
-0.653866
-0.083304
0.227852
1.684050
0.711394
-0.433396
-0.136224
-0.125305
0.163680
-0.711381
-0.918898
-0.804537
-0.108397
-0.725188
-0.769854
0.489041
0.133416
-0.845535
-0.047041
0.129534
0.504473
-0.421795
0.931604
1.549440
-0.870836
0.633142
0.285504
0.670021
-0.637628
-0.778387
0.531249
0.300512
0.593169
0.064730
0.795180
0.521393
0.012726
-0.287503
-0.144338
-0.182547
-0.990731
0.555132
-0.643165
0.120288
-0.216859
0.156789
-0.136156
0.547192
1.219446
0.345193
0.514507
-0.537255
-0.336089
-0.825848
0.340917
-0.905049
-0.886098
0.174719
-0.846427
-0.894959
-0.328316
-0.776085
0.249216
-0.586481
-0.190293
-0.664682
0.018509
-0.338302
-0.600081
0.290537
-0.141694
1.986790
-0.709692
0.381460
-0.075032
0.984039
-0.014779
0.598969
-0.209246
-0.439329
-0.895876
-0.408922
0.964596
-0.398321
-0.117046
-0.390575
-0.200115
-0.453433
-0.122694
-0.698454
0.314981
1.535224
-0.298105
1.717264
0.219155
-0.769087
4.318388
-0.696321
-0.716207
0.204756
-0.876635
0.142607
-0.179346
-0.457353
-0.188859
-0.814761
-0.115244
-0.781183
-0.799584
0.449158
-0.476086
-0.902211
-0.256463
0.500289
-0.112331
0.469769
0.499680
0.763739
-0.809561
0.396872
-0.346892
-0.250974
-0.514031
-0.147418
-0.193493
0.304595
-0.630384
-0.063657
0.140702
-0.676969
-0.893041
-0.483751
-0.878265
-0.761484
0.612298
-0.547916
2.101120
0.830866
-0.562791
1.087511
-0.377011
0.866763
0.496991
0.180289
-0.437328
0.997981
-0.403569
0.616025
0.166096
-0.745711
0.045316
-0.240184
0.176161
-0.777066
-0.947293
-0.570923
-0.516637
1.188138
-0.053090
-0.425718
0.629190
1.755922
0.793029
-0.442542
0.934608
-0.390005
-0.455877
-0.096854
1.153953
1.206503
0.488775
0.412198
-0.652200
-0.835393
-0.282671
0.150672
-0.467714
-0.347222
-0.802309
-0.319816
-0.787294
0.011205
-0.663816
-0.282887
0.590387
3.546307
-0.164572
-0.561740
-0.321485
1.433357
0.248392
0.054398
-0.265435
1.641131
-0.774864
-0.428767
0.397719
-0.790682
-0.859373
0.228876
-0.760212
0.305656
1.134162
-0.809978
0.325829
-0.404266
-0.623533
0.724080
0.625558
0.873792
0.742817
0.800457
1.754036
1.356864
0.340635
0.067623
-0.070845
0.463333
0.968951
-0.048197
0.127758
-0.776924
-0.572685
-0.557801
-0.621516
0.009320
-0.218370
0.965051
0.011249
-0.188360
0.469256
-0.464739
0.365593
1.993643
-0.048893
-0.417818
0.839269
0.260545
-0.599881
0.862788
0.647480
-0.474810
1.159458
-0.615614
-0.254507
-0.694936
0.826652
-0.746365
0.510456
-0.521737
-0.518717
0.344538
-0.727727
0.436323
-0.146900
0.351787
0.102397
1.001480
-0.711312
0.266610
1.387382
-0.824141
0.055885
0.185890
1.282824
-0.762089
-0.342971
-0.788465
0.185382
-0.579551
-0.859909
-0.814816
-0.884505
-0.354517
-0.490113
-0.030151
-0.255763
-0.391601
-0.224916
0.151573
0.491789
0.963514
0.241441
-0.434728
1.027452
-0.547539
-0.759557
-0.309067
0.307028
-0.888697
-0.087461
-0.757485
-0.692191
-0.387187
0.243010
-0.653181
-0.818772
-0.839461
-0.678696
1.025606
-0.640853
-0.774447
-0.852064
-0.708356
0.353511
-0.315836
-0.474761
0.648097
1.125301
-0.648781
-0.323222
-0.466506
-0.177553
0.328772
2.283277
-0.523887
1.571627
-0.798846
1.168462
-0.886604
-0.311587
0.154349
0.096188
-0.121516
1.163125
0.084140
-0.740867
-0.664060
-0.681228
-0.790212
-0.669556
-0.616724
-0.390123
-0.525955
1.140836
1.514140
0.154363
-0.572021
0.883551
-0.679674
-0.707272
-0.335166
0.022193
-0.804072
-0.247277
0.064720
-0.493914
-0.842959
-0.198489
-0.316835
-0.201680
-0.626103
0.636094
-0.872823
-0.851603
0.519408
-0.781554
0.646913
0.965339
-0.289316
-0.784035
-0.228266
-0.799770
-0.587359
1.655974
-0.396552
-0.807377
-0.965511
0.316795
-0.731905
0.526152
-0.760777
2.004711
-0.921466
0.766581
-0.549950
-0.541691
2.280186
0.216056
0.075161
-0.355399
-0.455651
1.653398
-0.541925
-0.767364
-0.702966
-0.086033
0.438123
0.413680
0.470159
-0.579347
0.439233
-0.221560
-0.814608
-0.065187
-0.951032
-0.788646
0.244384
-0.858872
-0.620613
-0.345185
-0.624373
1.770491
0.209632
0.226660
0.812593
0.315341
-0.301154
-0.335917
-0.475816
0.677727
-0.544016
0.296822
-0.232675
0.374838
0.006299
-0.000143
1.028431
0.129179
1.543839
0.073787
-0.366591
-0.190221
0.507762
-0.011677
1.432160
1.159573
0.431674
0.345620
-0.441536
-0.670248
-0.586894
1.380845
-0.695081
0.403862
0.221077
0.159158
0.747735
-0.486752
-0.046839
1.042279
-0.150990
0.450111
1.394671
0.835330
-0.292372
0.459637
-0.691043
0.410293
1.983609
0.266318
-0.285782
-0.495028
-0.665908
-0.087049
0.038783
-0.695597
1.111173
1.989997
0.240190
0.801071
-0.623893
-0.691723
-0.874541
0.423932
-0.209219
-0.200061
0.718437
0.380659
-0.240616
-0.820267
-0.167453
-0.782571
1.124228
0.149717
0.320811
-0.553925
-0.005544
-0.758370
1.804178
-0.697582
0.469615
-0.253742
-0.340739
0.209534
-0.047470
-0.834510
-0.744650
-0.471223
-0.734835
0.581422
-0.920266
0.134703
-0.536671
0.204139
-0.400600
-0.124432
2.414265
-0.535910
0.130140
0.044066
1.821611
0.301736
-0.664562
-0.657622
0.930804
-0.311904
-0.575301
-0.437511
-0.892573
-0.542663
-0.556062
-0.247053
-0.245152
-0.642745
-0.252312
1.177686
0.097788
-0.295442
-0.838447
0.142050
0.723512
-0.413212
-0.438863
1.073734
-0.250510
-0.790907
0.584757
-0.873563
0.326040
0.082800
0.035786
-0.328036
-0.725431
-0.078558
0.247232
-0.194375
-0.903413
-0.265771
-0.537045
0.771352
-0.739264
-0.738718
-0.447509
-0.609766
-0.905716
0.404507
-0.971440
0.497087
0.732756
-0.812427
0.692684
-0.631398
-0.147126
0.962923
-0.314403
1.416357
0.391808
-0.249494
-0.682805
0.325786
0.728972
1.186961
-0.338955
-0.543211
-0.797027
-0.400472
0.439958
-0.664495
0.288064
-0.377796
1.210136
1.036509
0.934564
0.494914
-0.097744
-0.242566
0.068967
-0.063700
0.638019
0.179296
0.169794
0.038259
0.139801
-0.725002
1.185990
-0.062321
0.570952
0.313514
0.254099
-0.324236
1.372503
-0.662550
1.430141
-0.751822
-0.808603
-0.751805
0.186719
0.672221
-0.139482
1.367318
0.115855
-0.673494
-0.840065
-0.554195
0.084253
-0.950720
0.405102
-0.898452
-0.466091
-0.349016
0.364646
-0.401451
-0.650394
-0.789900
1.335451
0.166870
0.203214
1.786899
-0.729526
0.405843
0.285339
-0.603411
0.329917
-0.655525
-0.102193
1.866562
-0.749520
-0.234508
-0.807026
-0.891235
0.395554
-0.904229
-0.004905
-0.791575
-0.605579
0.089166
-0.610140
-0.574582
0.447331
-0.314619
-0.581597
1.109388
-0.724603
0.497055
-0.829198
-0.091363
-0.105667
-0.870346
-0.773708
-0.342557
-0.246403
0.304930
1.387741
0.030953
-0.417330
0.919144
-0.733902
0.420108
0.719595
-0.778381
-0.344075
-0.493435
-0.826248
-0.773726
0.652966
0.774153
0.651984
0.340776
0.036491
1.629863
0.895578
1.158672
0.675461
-0.562093
-0.749027
-0.552360
-0.542657
-0.147434
0.743748
-0.332117
0.773355
0.075600
0.617123
-0.014793
-0.473841
-0.015224
-0.595604
0.024123
0.506350
0.022134
-0.394718
-0.072928
1.041291
0.330605
-0.725634
1.026096
-0.892844
0.376866
-0.540343
-0.370761
-0.840827
-0.272861
-0.766143
0.862032
1.588042
-0.502546
0.956656
-0.149726
-0.068288
-0.180216
0.345707
-0.724868
-0.883741
-0.094106
-0.686663
-0.714422
0.496701
-0.399465
-0.866104
2.781314
-0.019092
-0.177940
-0.967550
1.066392
0.431302
0.232647
0.787949
-0.193713
0.539101
-0.715593
-0.349182
-0.556156
0.401444
0.329034
-0.515071
-0.699361
0.471845
-0.654558
0.422643
0.732528
0.170225
-0.219704
1.222434
-0.654769
-0.719836
-0.580185
-0.731717
0.895147
-0.596223
0.266837
-0.679936
0.093117
-0.188708
-0.039665
-0.683167
-0.620602
0.154244
0.053224
-0.432949
1.844486
1.808070
0.584414
0.316327
-0.733709
1.721327
0.529397
2.427686
0.652197
0.771670
-0.834239
-0.646510
0.667552
-0.190541
-0.371382
-0.665772
-0.635997
-0.234067
0.208790
1.174183
-0.699773
0.332596
0.718079
-0.690536
0.023211
-0.793599
0.641615
-0.252682
0.217869
0.098320
-0.672116
-0.062393
-0.141239
-0.570245
-0.200792
-0.374387
-0.225804
0.378590
-0.477225
0.236043
-0.729799
-0.732993
-0.829862
0.289105
-0.919356
-0.636731
-0.123234
0.009926
-0.600229
-0.214518
0.531048
1.211344
-0.174691
1.978803
-0.661081
-0.812393
-0.842558
0.394480
-0.396326
-0.734621
0.057592
-0.679622
0.276018
1.026203
2.004739
-0.305733
0.403012
-0.879410
-0.638191
0.957954
2.090077
-0.302258
1.123338
1.971428
0.651727
1.533071
-0.040581
-0.719876
0.355730
-0.696633
0.499397
0.073840
0.982154
0.508874
0.958490
0.404574
-0.911504
1.876769
-0.274599
0.862457
-0.175306
-0.597821
-0.044002
-0.132552
-0.072568
1.081775
-0.805860
0.452896
0.535399
1.402838
-0.019412
0.349686
-0.518867
-0.192820
-0.600496
-0.786519
0.866095
-0.020653
-0.219665
0.013386
-0.919910
0.206047
-0.880989
-0.829580
-0.168491
-0.749000
0.040517
-0.665510
-0.125168
-0.675435
-0.567328
2.439409
0.185961
-0.653407
0.324064
0.656768
0.480773
-0.828903
-0.097832
-0.932155
-0.405226
-0.178375
-0.691432
-0.214517
-0.041266
-0.046505
-0.278032
-0.596777
0.264367
-0.626714
-0.907661
-0.750424
-0.107188
-0.690319
1.861885
-0.211103
-0.049417
-0.199466
1.373174
-0.028149
-0.469497
-0.811094
-0.736903
0.454475
-0.798047
-0.715204
-0.442086
-0.440339
-0.567162
1.933032
1.020564
-0.283834
1.204783
0.492083
-0.839158
-0.184388
0.547085
-0.280035
0.125301
-0.280426
0.129700
-0.871585
-0.166614
-0.419099
-0.304044
-0.660486
0.578592
0.296438
0.028117
-0.505524
1.017805
-0.757207
-0.741840
0.248125
0.434754
0.197489
-0.042324
0.226896
-0.716023
-0.776757
-0.764647
-0.722920
-0.682895
-0.351461
-0.658039
-0.139789
-0.012140
0.724897
0.729791
-0.165043
-0.847364
-0.384036
0.918995
0.100327
1.007794
1.143644
-0.321851
0.019867
-0.027939
-0.251316
-0.039700
-0.524898
0.042922
-0.257503
0.323593
-0.212763
-0.868518
0.779917
0.513351
-0.662062
-0.852296
-0.607934
0.521126
0.125303
-0.129752
-0.174545
1.051304
0.516230
0.216743
-0.265874
-0.484691
0.563134
2.099598
1.792048
0.231034
-0.834316
-0.058235
-0.742584
-0.112132
-0.425763
1.495252
1.558280
0.334244
0.153485
1.698726
1.303261
-0.009320
-0.616564
0.555303
-0.335713
-0.605999
0.889168
-0.063729
0.903547
-0.433787
0.131178
-0.615186
-0.244737
0.290814
-0.843371
-0.364369
-0.413542
1.942408
0.363531
0.246716
2.419193
-0.102487
2.228682
0.181168
0.407108
-0.202257
-0.213392
0.229438
-0.085162
0.660092
-0.419939
-0.492759
0.431207
-0.849018
-0.719330
-0.909275
-0.743758
-0.825278
1.078112
-0.380911
-0.064929
0.178166
-0.770677
-0.325992
0.889898
-0.664982
-0.736877
-0.769337
-0.171540
0.206437
0.323529
-0.246787
0.171199
0.328859
-0.426349
-0.144942
-0.496095
-0.269357
0.684051
-0.059310
-0.337039
-0.470095
0.005723
-0.608557
-0.812146
-0.845441
-0.059516
-0.520604
0.435693
0.729896
-0.773913
-0.384932
-0.406852
0.058107
0.601577
0.601034
-0.843531
0.104831
-0.393873
1.619820
-0.890832
-0.894960
-0.475939
-0.251519
0.224080
-0.427750
-0.385326
-0.642794
0.240016
-0.555620
-0.628040
0.705334
3.342773
-0.073853
2.662448
0.965467
-0.154659
0.428394
-0.607602
0.783358
-0.792735
0.489478
-0.786303
-0.404131
-0.332077
-0.080834
-0.580527
-0.973251
-0.282494
-0.031069
-0.321383
-0.214040
-0.276691
0.437117
0.243239
-0.439279
1.821317
-0.675045
-0.885429
0.476465
-0.572819
0.791818
0.584259
-0.335386
0.727378
-0.687314
-0.771491
-0.425581
-0.229664
-0.740156
-0.633207
-0.794484
-0.968038
-0.215999
-0.569731
-0.647203
0.082510
-0.146965
-0.048494
-0.077763
-0.707692
-0.667649
0.610666
1.204927
0.365061
-0.061720
-0.846699
-0.359208
-0.405483
-0.490730
-0.309621
0.839823
0.514725
-0.130825
-0.441062
-0.607769
-0.264941
0.859058
1.000870
1.862307
-0.774120
-0.243646
-0.777489
0.516791
0.524201
0.209058
-0.445667
-0.034599
0.538426
-0.159003
-0.751847
-0.361328
-0.391688
-0.246327
-0.521533
-0.277274
-0.205148
-0.407677
0.091602
0.325030
-0.509164
-0.720415
-0.473355
-0.449701
0.558529
2.693322
-0.648222
0.841832
-0.321406
0.103042
-0.407871
0.837354
-0.694503
0.151547
-0.362525
0.266453
-0.393629
1.133810
0.384040
1.252330
-0.072698
-0.438593
0.139057
0.076655
-0.122025
-0.224614
0.167771
0.844298
-0.969529
0.240014
-0.605050
0.047061
-0.446238
0.125875
-0.112922
0.119527
-0.796629
-0.861833
-0.516408
-0.815211
-0.569149
-0.829548
-0.037320
-0.908819
1.540508
-0.955212
0.714127
1.288533
-0.352652
0.120737
0.255379
0.241932
0.425195
-0.577982
-0.424290
-0.641187
-0.556849
-0.445737
-0.105972
0.048387
-0.356169
-0.451407
0.199190
-0.135146
-0.635840
-0.277567
-0.227731
0.088044
0.156802
-0.712072
-0.125789
-0.701044
-0.149417
-0.070257
-0.610048
1.038348
-0.043733
1.048853
0.839542
-0.153807
1.112383
0.066834
0.753334
0.273331
0.798004
-0.537682
2.232055
0.394496
-0.842644
-0.737610
-0.519580
1.103183
-0.283503
-0.597540
-0.092860
-0.558482
-0.596412
-0.792078
-0.737241
-0.122601
0.226580
1.346555
-0.132213
0.062893
-0.038727
-0.458949
0.307292
1.137427
-0.473404
-0.413909
-0.870568
0.161710
1.019114
-0.520479
-0.676521
-0.288799
-0.708333
-0.315674
0.590608
1.166470
0.418411
-0.528419
-0.316242
0.960344
-0.695671
-0.233056
-0.863642
-0.343425
1.782594
0.219800
0.266512
-0.174453
-0.765048
-0.238027
0.878385
-0.682201
-0.263366
0.373139
0.490667
-0.375908
0.101021
0.683539
1.069588
-0.661168
-0.835411
-0.740475
-0.362953
-0.943485
0.761240
0.120108
0.663542
1.899447
0.764925
1.458482
0.607621
0.773299
0.081442
0.770568
0.551711
2.277317
0.521197
-0.421772
-0.089217
0.253264
-0.864961
0.802504
-0.187792
-0.673889
-0.736673
-0.766193
0.029055
-0.082210
-0.517376
-0.363634
-0.638238
0.631456
-0.569331
-0.700096
0.037459
0.242143
-0.040748
-0.607903
-0.185383
-0.032297
-0.693101
-0.644774
2.018218
-0.186443
-0.810030
1.087611
1.270405
-0.146198
-0.441961
1.015733
-0.045700
0.709468
-0.938038
0.195731
-0.728068
2.225046
0.401362
-0.078788
-0.290348
-0.455421
-0.467464
-0.371387
0.333628
0.610332
0.354099
-0.552691
-0.736153
0.066184
-0.744499
-0.699473
-0.453733
0.734708
-0.482840
-0.561761
-0.137090
0.004651
-0.497295
-0.151223
-0.326064
-0.661614
0.800039
0.863883
-0.845580
-0.681662
1.410937
0.306677
-0.259091
-0.602465
-0.573281
0.171660
0.274424
0.799012
0.850171
-0.618525
-0.191854
-0.422694
0.503227
-0.679152
-0.447891
-0.572510
0.418790
0.418740
-0.492562
-0.233356
0.422405
-0.128969
-0.087541
0.655479
1.214273
0.376655
3.392272
-0.886565
-0.521207
0.520727
1.813126
0.955303
0.207652
-0.023305
0.411487
0.007762
0.898774
-0.547625
-0.811457
-0.514488
-0.296995
-0.232012
0.085179
-0.587646
2.396082
-0.655625
0.190235
-0.744882
-0.037747
-0.152831
0.675219
0.230410
-0.702843
-0.332646
-0.035147
-0.885191
0.709888
-0.477918
-0.370092
0.809490
-0.751088
-0.650926
0.120989
-0.541282
-0.814799
-0.544104
0.874780
-0.876387
-0.541140
-0.708057
-0.212323
-0.680928
0.058270
-0.828990
-0.872482
0.078065
-0.545117
-0.420736
-0.248934
1.154621
-0.524265
-0.601644
-0.079796
-0.468271
-0.356496
0.625480
1.168384
-0.388509
0.645994
0.266911
-0.347677
0.351541
3.806690
0.812937
2.177802
-0.127272
0.070464
-0.513500
0.259403
0.035069
0.326477
1.032270
0.736442
-0.161711
0.002165
-0.112881
0.606874
0.818402
-0.707483
-0.582598
2.761909
-0.628605
-0.292390
1.872269
-0.757220
0.052100
1.232172
-0.021784
-0.509444
-0.410679
-0.319256
-0.701890
-0.369008
0.136401
-0.884508
1.041803
0.381188
0.695464
-0.432310
0.768099
-0.458417
-0.704452
-0.611578
-0.585804
-0.693807
0.345570
-0.567910
-0.942163
0.024386
0.140324
2.785551
-0.165560
1.752238
0.879708
-0.725932
0.694918
-0.228188
-0.054119
-0.686420
-0.703511
0.969732
-0.546745
-0.846482
-0.345323
-0.704490
-0.200138
-0.880811
-0.614549
-0.647833
-0.213655
-0.906570
-0.484911
-0.401156
-0.030997
1.789725
-0.390730
-0.438914
-0.147693
0.726636
-0.225817
-0.779999
-0.193387
-0.836620
-0.360827
0.708428
-0.751771
-0.597135
-0.900145
0.698426
0.040593
-0.130088
-0.461600
-0.206264
-0.579804
-0.367242
-0.354467
-0.371950
0.870937
0.279161
0.338512
0.011900
-0.387660
-0.024259
1.022968
0.296820
-0.516877
-0.677165
-0.386215
-0.548075
0.083226
-0.873857
0.875816
-0.847106
-0.113422
-0.752736
-0.612286
-0.380724
-0.313807
-0.554464
1.060181
0.872116
0.461899
3.197778
-0.521522
-0.346777
2.183569
0.183934
1.801944
0.856455
0.995205
-0.524705
1.706279
-0.884116
0.610774
0.651966
-0.466908
-0.839184
-0.425660
-0.568517
-0.706697
-0.767388
-0.348739
-0.455031
0.326253
-0.600609
-0.507644
-0.503924
0.681703
-0.789690
-0.485211
-0.830999
0.075759
-0.117888
-0.500056
-0.245562
-0.170502
0.479125
-0.857089
0.210025
-0.072401
-0.555552
0.070690
-0.205452
-0.732728
-0.180233
1.579799
-0.488909
-0.368629
0.195951
-0.047534
-0.131161
0.715122
-0.667840
-0.104920
-0.050710
-0.470170
-0.394568
-0.770231
-0.833627
1.001669
-0.290382
-0.116333
-0.327543
2.026266
-0.718190
-0.526489
-0.761291
-0.169858
1.218087
0.561142
0.510220
1.706495
-0.175108
0.103436
2.574824
1.111504
0.747565
0.097280
0.995585
-0.689021
0.294489
1.019630
0.368661
0.405654
0.011384
0.204601
-0.515121
1.256344
-0.109054
1.923597
-0.400832
-0.087462
0.975998
-0.923762
0.498234
-0.240649
-0.456152
-0.279787
0.519835
-0.689853
-0.445045
0.582479
-0.274869
-0.038922
0.238571
-0.464323
-0.775685
-0.211602
2.350968
0.325704
0.201456
-0.325132
-0.433195
-0.600546
-0.742725
-0.547997
-0.911431
-0.241875
-0.243245
-0.744360
-0.695856
-0.347097
1.739371
-0.638518
-0.308750
0.255884
-0.662783
0.850644
1.002167
0.879326
-0.398103
-0.066179
-0.547064
0.970696
-0.994778
-0.892235
-0.869239
-0.473917
-0.682358
-0.201127
0.035392
-0.654849
0.525239
0.414976
0.042618
-0.478578
1.117316
0.033433
0.272916
0.394747
1.239620
-0.838747
0.571451
0.123339
1.675137
-0.760374
0.253532
-0.173968
-0.838476
1.144361
0.158546
-0.769494
0.665922
0.189446
-0.859471
0.231977
-0.820316
0.062605
-0.951013
-0.730108
1.639739
-0.840891
-0.282798
0.443511
0.981298
-0.035396
-0.731753
-0.355713
-0.993273
-0.755733
0.694779
-0.828776
-0.688800
-0.186695
-0.670863
0.757882
-0.058679
-0.614691
-0.746704
-0.727701
-0.603521
-0.101460
-0.361267
-0.157676
-0.676018
0.467171
-0.387181
-0.304387
-0.153996
-0.230649
0.531873
-0.469210
-0.158301
0.226735
-0.631844
-0.752911
-0.259777
-0.530142
0.330524
0.006059
-0.382247
0.844203
-0.325295
-0.499819
0.180453
0.297571
-0.752990
0.724003
-0.397404
-0.480559
-0.059602
-0.105899
-0.562692
0.124999
0.808961
-0.404708
0.135213
0.622180
0.000277
-0.611982
-0.769532
-0.225885
-0.179507
-0.449546
0.521874
0.734105
0.733530
0.334667
0.253232
-0.589330
-0.035943
1.719008
1.139544
1.015349
-0.937054
-0.119325
0.822863
1.246708
-0.561195
2.209364
3.501906
-0.312622
-0.285677
0.398706
-0.146007
-0.829638
-0.770314
-0.609060
-0.384556
-0.449125
-0.373309
-0.105761
0.080570
0.601973
-0.889069
-0.212702
2.205465
-0.050415
0.815922
0.188862
2.361994
-0.793731
-0.607794
0.810018
-0.111338
0.258579
-0.326198
1.492467
-0.045339
-0.389791
0.098328
-0.238853
1.607526
0.216820
0.317032
-0.097749
0.592033
-0.745775
-0.913267
0.261805
-0.807939
-0.775234
-0.253903
-0.543205
-0.591237
-0.502379
-0.833528
-0.374385
0.365828
0.392401
0.118590
-0.352496
-0.389337
-0.771192
0.054915
1.252845
-0.906335
-0.270106
-0.591593
-0.073691
-0.006785
0.810298
-0.619947
-0.615585
0.186513
-0.591634
-0.048592
0.257459
-0.510445
-0.684340
0.319701
-0.152953
-0.888746
0.865261
-0.223118
-0.447658
0.274548
-0.694622
0.394813
0.783199
0.497077
-0.926967
-0.507104
-0.388523
-0.542796
-0.513968
0.518480
1.599681
-0.392687
0.233203
-0.608739
0.058950
-0.304958
0.306287
-0.510820
-0.572353
0.213357
-0.782308
-0.226020
0.122034
0.591641
-0.244894
-0.772656
0.699517
1.085723
-0.730698
2.017177
0.686305
0.138859
1.618242
-0.701139
-0.145201
0.795900
0.671949
0.285727
1.912911
0.580639
-0.467979
-0.402625
0.165462
-0.066108
0.906571
0.444107
-0.883857
-0.054422
1.274933
-0.349557
-0.335016
-0.143245
-0.788692
-0.466623
-0.277647
-0.454349
-0.900227
-0.905027
2.365831
0.014239
0.397101
1.331800
1.086977
-0.924929
0.129375
-0.881083
-0.914534
-0.869618
-0.257497
1.491813
1.730849
-0.562022
-0.506500
-0.194943
-0.605455
0.938220
-0.676252
-0.307777
-0.091081
0.316070
-0.654114
-0.002925
-0.487042
1.893431
-0.219238
0.684084
-0.316192
-0.150988
1.670008
-0.822231
-0.090006
-0.514992
1.298573
-0.358268
-0.316408
-0.491795
-0.341326
0.575891
-0.499158
-0.414191
-0.777686
-0.332830
-0.850801
-0.495276
-0.043268
-0.814361
0.774839
0.458316
-0.435452
0.517168
-0.055216
1.275621
0.845400
-0.491041
-0.659809
-0.130886
-0.097342
-0.043705
-0.278246
-0.771561
-0.198418
-0.307928
0.731992
-0.019904
-0.347475
-0.431789
-0.052673
-0.923540
0.074657
-0.287842
0.288679
1.309544
-0.617612
-0.530478
0.364974
0.072198
0.645305
-0.699262
0.120422
-0.375077
0.856889
-0.077014
0.828269
0.114290
-0.169550
-0.930229
-0.072331
-0.221648
-0.828986
0.072470
-0.583227
0.437149
-0.545554
0.243423
2.123867
1.042486
1.880482
0.285281
-0.178740
-0.113797
-0.213649
-0.837834
-0.094155
-0.019825
-0.383414
0.716970
0.137751
-0.906434
-0.470483
0.723544
-0.337127
-0.257813
-0.527284
-0.473115
-0.823523
0.485956
-0.500481
-0.358424
-0.777356
1.483400
-0.284700
-0.069245
-0.621587
-0.823441
-0.316429
0.157910
0.382467
-0.251160
-0.601196
-0.572928
-0.278129
-0.589328
-0.679810
-0.770385
-0.731300
-0.113782
1.404436
0.478157
-0.694028
-0.860719
-0.372391
-0.015262
-0.394590
2.368242
-0.219139
0.231295
-0.553407
1.598517
0.682003
0.130614
0.060394
0.905291
0.062262
1.501516
0.274074
-0.355831
-0.706948
-0.198982
-0.502587
0.018889
-0.274999
-0.124323
0.235435
-0.104603
-0.521967
-0.275652
-0.512859
1.211196
1.307347
1.044115
-0.696176
-0.180588
-0.651671
-0.145565
0.975216
0.809514
-0.018698
-0.653745
0.053135
0.428079
-0.120855
0.043714
-0.566577
0.290815
-0.007177
-0.329326
-0.454782
-0.113216
-0.332651
-0.410010
0.502923
-0.732906
0.710047
-0.636350
0.011494
-0.904698
0.687928
-0.377804
0.818027
-0.941735
0.226995
-0.170934
-0.455536
-0.895775
0.023429
0.013951
0.075048
-0.888219
-0.522836
0.780910
-0.110991
0.911602
1.549999
-0.353145
-0.228805
0.405187
0.950804
-0.787098
0.295080
-0.390982
-0.486662
0.247813
1.515418
0.879969
-0.583768
0.347610
-0.783572
-0.591255
-0.806101
0.444751
-0.369428
-0.690774
0.409353
-0.672896
0.897078
-0.036978
-0.821813
-0.043172
-0.144587
0.400840
-0.511358
0.994457
0.298595
0.271738
-0.133081
-0.268273
-0.546372
0.278973
-0.821377
-0.734469
-0.708121
0.602520
-0.233062
0.850501
-0.206325
0.804818
2.061281
-0.431824
0.145734
-0.211474
0.483278
-0.324726
-0.636105
0.411578
-0.486305
2.070277
-0.390383
0.658101
0.061419
0.487957
-0.265571
-0.016977
-0.454552
-0.111591
-0.581313
-0.644458
1.036908
-0.324177
0.543314
-0.825619
0.575553
-0.581022
-0.415449
-0.531428
-0.645071
-0.619685
-0.819240
-0.872241
0.631241
1.331784
1.626914
1.478020
-0.495282
1.681346
-0.688725
-0.468280
1.377676
1.592032
1.615399
-0.829478
0.055200
-0.327236
-0.785292
-0.600738
1.746885
0.987679
0.305966
-0.734604
-0.827540
0.174496
-0.797775
-0.924896
-0.949465
1.325200
-0.495065
-0.815900
-0.149326
0.443550
-0.420631
-0.862994
-0.449421
-0.306708
-0.530506
-0.853087
-0.774544
-0.475412
0.082023
-0.455795
-0.843519
-0.456406
-0.327417
-0.548406
-0.394256
0.562120
0.872938
1.550566
1.437291
0.348342
-0.449543
-0.203038
-0.395461
-0.641537
-0.226321
-0.855558
1.641716
0.258338
0.643704
-0.724770
0.382336
-0.289163
-0.603727
-0.843938
-0.688418
-0.458582
-0.200298
0.354941
-0.476886
-0.119076
0.344607
3.024114
0.089307
0.066370
0.115151
0.577930
0.020127
1.123882
-0.448476
0.963346
-0.341463
0.246361
-0.526975
0.407345
0.392512
1.119490
-0.792989
0.043870
-0.822325
0.423506
-0.130346
-0.624401
-0.287384
-0.727813
0.315923
0.376933
-0.723732
-0.606210
0.639043
-0.202330
-0.376494
-0.353670
-0.019080
1.816891
1.532209
5.456112
1.532020
-0.780961
0.587322
0.171067
-0.751997
-0.484320
-0.856995
-0.780584
-0.771181
-0.564224
0.721071
0.443234
-0.050685
0.012975
0.030574
-0.643250
-0.474188
-0.303463
-0.697411
-0.379471
-0.208339
-0.770500
-0.160621
0.504264
0.467323
0.948544
-0.431475
-0.734333
-0.338388
-0.606444
-0.533031
-0.668317
0.289734
0.021060
-0.288544
-0.513722
0.731768
-0.026618
-0.128228
-0.910836
-0.621884
-0.506131
-0.576299
0.747787
-0.718239
-0.509559
-0.326075
-0.380374
-0.556851
-0.325792
-0.204988
0.311320
-0.170639
-0.880956
-0.517617
-0.334932
-0.308614
-0.108844
-0.410164
0.202112
-0.677038
0.674380
-0.253624
-0.420758
0.226972
0.760821
0.004344
0.799205
-0.625462
1.281376
-0.262037
-0.037926
-0.414305
0.488222
0.060183
-0.532684
0.270431
-0.371879
-0.652175
-0.070115
-0.456634
0.768531
1.164286
6.951386
3.967347
2.645603
1.003871
2.872610
0.770282
1.405395
2.295116
2.617441
1.408876
2.582573
-0.224561
4.105771
5.140337
-0.130696
-0.446019
3.681036
-0.002088
2.165876
-0.831787
0.747443
1.006010
2.275679
0.481573
1.520659
2.615867
2.454544
0.560080
1.343374
1.279453
1.592594
-0.921518
0.748373
1.199705
-0.931863
-0.869260
-0.137554
-0.664952
-0.426697
-0.559492
0.009748
-0.543524
-0.162081
-0.182985
-0.856525
0.282974
-0.698049
-0.228649
-0.115929
-0.560647
0.025886
-0.724069
-0.673268
-0.815036
0.021847
-0.656765
-0.606728
-0.603691
-0.547883
-0.921881
-0.519148
-0.859894
-0.589838
-0.880166
-0.452950
-0.569708
-0.424693
-0.234780
-0.456548
-0.777386
-0.758084
-0.665495
-0.952211
-0.416694
-0.501977
-0.603419
-0.712391
-0.760782
-0.591019
-0.683558
-0.744594
0.014415
-0.687366
-0.732075
-0.525890
-0.898712
-0.951046
-0.639600
-0.899619
-0.776782
-0.870538
0.025004
-0.611233
-0.043753
-0.679501
0.382793
-0.207149
0.157040
-0.675406
0.504249
0.058506
0.918395
-0.817747
0.917113
-0.690285
-0.649168
0.128575
0.655512
-0.582520
0.522363
-0.678900
-0.569956
-0.025542
-0.437810
0.740583
-0.644401
-0.643179
0.127136
-0.469885
0.662998
-0.206343
-0.220426
-0.169018
-0.457955
-0.430639
-0.610856
-0.665774
0.341597
-0.123879
0.103897
-0.758594
0.399102
1.000286
0.092402
0.145724
-0.256597
0.071981
-0.677676
-0.072779
-0.740304
-0.443595
-0.273318
-0.448966
-0.502590
0.012352
-0.353721
-0.381570
-0.241723
-0.158162
2.800237
0.763598
-0.191090
0.772179
-0.490708
0.643996
-0.541585
0.097395
0.142550
-0.498176
0.601307
-0.407808
0.498012
0.426844
-0.053930
1.244173
0.844713
-0.781012
-0.863709
0.070386
-0.401568
-0.062995
0.323384
-0.589208
-0.406303
-0.390947
0.841566
0.504667
-0.363448
-0.107887
0.007502
-0.410164
-0.809123
-0.024346
-0.734371
-0.614680
-0.640380
0.220733
-0.203369
-0.326577
0.726912
0.316153
1.247156
1.624607
-0.886073
1.476124
-0.833485
0.663822
0.150814
-0.275119
0.372837
-0.325143
-0.492220
0.467494
0.218079
-0.321284
1.052737
1.104405
0.763474
-0.361972
-0.233218
-0.319550
0.641238
0.276660
-0.843466
1.186295
-0.686471
-0.622783
0.080152
0.970282
0.095697
1.521258
-0.764318
1.314120
-0.248473
-0.519029
-0.388194
1.059854
-0.135082
-0.444330
0.141868
-0.869813
-0.521178
0.233132
-0.834710
-0.545279
-0.594875
-0.639599
-0.845438
-0.426396
-0.376363
-0.689160
-0.498590
2.514337
-0.931885
0.496013
-0.227888
0.349525
-0.069743
0.583227
0.675195
1.175813
-0.615177
0.700646
-0.830486
0.712551
-0.584212
-0.697410
-0.632998
-0.563719
-0.177623
-0.811061
-0.727922
-0.419376
-0.527014
0.826464
0.027514
-0.750440
-0.460522
-0.205489
0.802226
0.185222
0.416408
-0.398717
0.859543
3.366661
-0.575509
-0.969757
0.030113
0.469484
-0.844096
-0.455494
-0.263221
-0.694536
-0.745266
-0.433104
-0.089250
-0.705257
-0.882125
-0.327349
-0.163072
0.945561
0.665042
-0.375070
1.221605
-0.636667
1.831619
-0.412232
-0.830459
0.015049
0.710987
0.557733
-0.813396
-0.173455
0.174095
-0.495339
-0.826508
-0.754120
-0.841466
-0.351285
0.890087
-0.344706
-0.297952
0.107605
0.120075
0.173757
-0.429385
-0.302851
-0.182383
0.072354
-0.611533
-0.828716
1.044097
1.258670
-0.532182
-0.646208
-0.016692
0.106580
-0.387195
-0.158406
-0.845400
-0.898907
-0.718529
-0.513084
0.116768
-0.159931
-0.611937
-0.103318
2.134367
0.908369
1.313957
-0.595367
-0.813061
0.052622
-0.004634
0.675873
-0.133248
-0.313870
1.907035
-0.645594
2.275937
1.341373
0.224850
0.543738
-0.637511
-0.122075
0.277517
0.270631
0.618119
-0.479453
-0.509696
-0.889632
-0.418145
0.801362
0.191193
0.345702
0.719909
-0.275375
-0.654748
-0.773418
-0.142289
-0.405701
2.029930
1.280675
0.905257
-0.537019
0.372561
0.152925
-0.006432
-0.436568
-0.633889
0.380107
-0.683994
0.600021
-0.845545
0.299604
0.069463
0.458308
0.113564
-0.202762
-0.668940
-0.322826
-0.407151
1.584756
0.754269
-0.829483
-0.271409
-0.651052
-0.569420
-0.174478
-0.096556
-0.879812
-0.025887
-0.884729
4.493823
2.819414
0.794721
-0.698452
-0.601296
0.471701
-0.188527
1.534612
0.792519
1.221870
0.072216
-0.679268
-0.703553
-0.298479
-0.489015
-0.376177
0.018673
1.736953
-0.522410
-0.625962
-0.171312
0.410468
-0.385387
-0.708066
-0.578092
-0.600938
0.361220
-0.079594
0.964988
-0.422760
0.264764
1.879579
0.432760
1.669337
-0.489104
-0.588264
-0.490946
-0.179175
-0.293129
-0.814376
0.152747
1.346247
0.038708
-0.111835
0.176605
-0.178060
0.445297
-0.707634
-0.306990
-0.913289
-0.533951
0.344090
0.257202
-0.160590
1.359460
1.400311
1.713860
0.589529
-0.512986
-0.612717
-0.944902
-0.415006
-0.115660
0.299231
-0.132783
-0.251362
1.870238
-0.164407
0.523907
-0.619832
-0.103799
-0.627460
-0.650450
-0.141034
0.620471
-0.564980
-0.189452
-0.164840
-0.441068
1.128093
-0.018364
-0.527038
-0.169527
0.422577
-0.826320
-0.412669
-0.253058
-0.600999
0.131554
0.765877
-0.772305
-0.540866
-0.814458
-0.709960
0.069022
-0.143456
-0.249797
-0.486147
0.254214
-0.418749
-0.487100
-0.878751
-0.022609
0.226890
-0.536284
-0.479964
-0.705956
-0.901955
-0.823051
-0.563494
-0.828742
-0.049533
2.517359
-0.217978
0.089940
0.711826
-0.263543
0.547294
-0.268443
-0.351778
0.958596
-0.146536
-0.151028
0.692991
-0.822582
-0.925298
0.669398
0.594805
1.449268
0.621079
-0.856441
-0.391664
0.631674
-0.223544
-0.758428
-0.230109
-0.966263
-0.328932
0.038005
1.021450
-0.186151
0.578574
-0.829308
-0.142078
0.643820
-0.160271
0.827846
0.214211
0.242044
0.554869
-0.811416
2.809343
0.506524
1.357730
0.276295
-0.833073
0.372384
-0.814565
-0.331585
-0.880370
-0.608455
1.576037
2.178492
0.153616
1.407060
-0.359315
-0.452175
-0.484592
0.188814
0.704127
-0.827321
-0.520981
0.164249
-0.859070
-0.845273
-0.970664
2.118770
-0.300021
1.303365
-0.787435
-0.243723
0.785104
-0.512151
-0.901403
0.521982
-0.028562
1.277269
0.006940
-0.662527
-0.252277
-0.668918
-0.712711
-0.872700
-0.354452
0.354528
0.030049
-0.431608
-0.614603
-0.273240
-0.134611
-0.158216
0.956290
-0.133315
-0.640664
-0.369616
-0.028670
0.342747
0.660282
-0.051313
0.931489
-0.755716
-0.166144
-0.023727
-0.841615
-0.799947
0.296654
-0.284233
0.118384
-0.516439
-0.702422
-0.451750
-0.439820
-0.537280
1.157855
-0.355886
-0.397537
-0.227989
0.941888
0.147754
0.372313
-0.065251
-0.336580
-0.277322
-0.335188
0.201575
0.585424
0.986476
0.583356
-0.329870
0.978551
0.752928
-0.021197
-0.369830
-0.719468
-0.367512
-0.933482
0.578180
2.302640
-0.726242
0.496766
-0.838293
1.273868
0.164206
-0.080871
0.007778
-0.374521
0.284629
-0.941234
0.503006
-0.395460
-0.623688
0.071296
-0.877821
-0.714519
-0.380052
-0.685028
-0.022525
-0.561492
-0.502327
0.494942
-0.653959
3.127267
-0.132438
0.775100
-0.367646
-0.312083
0.708334
0.721173
-0.333250
0.093192
-0.730713
-0.518549
0.916378
-0.656024
-0.008041
0.116106
0.116156
-0.751840
0.123055
-0.615958
-0.556708
-0.835319
-0.862211
-0.006009
0.080547
1.956473
0.382676
-0.712791
1.027941
2.003267
-0.631295
-0.659015
-0.316444
0.519681
0.716296
0.729033
0.784139
-0.251242
-0.821191
0.243724
1.039355
-0.815194
-0.580070
-0.641605
1.016989
0.343974
-0.117027
-0.956381
0.117411
2.254116
-0.783388
-0.712227
0.787540
-0.696132
-0.975767
1.035089
-0.685286
-0.903895
0.980614
-0.440818
0.655264
-0.619502
-0.252591
0.993559
-0.305418
-0.425974
-0.085712
-0.760408
0.241904
-0.603097
-0.598732
-0.811524
0.590634
1.025630
-0.551501
-0.110126
0.225958
0.476604
0.833242
0.159615
-0.762876
-0.173116
1.687353
-0.759011
-0.791858
0.096115
-0.635595
-0.771817
-0.868353
-0.399617
-0.369120
-0.553355
-0.587684
-0.241782
-0.859622
-0.561574
-0.224676
1.151122
-0.197266
0.596885
0.018867
0.106615
-0.090332
-0.313555
-0.031126
-0.095281
-0.382432
-0.164950
-0.816499
0.093524
-0.234046
-0.764990
-0.257526
0.821811
0.520172
0.260841
0.266785
-0.423252
-0.287748
-0.775132
0.793732
2.803213
-0.747207
1.006026
0.854828
-0.570618
0.851464
0.301787
0.831858
-0.942826
-0.604332
0.311277
0.557450
-0.352146
-0.585628
-0.771475
-0.472563
-0.446339
0.571225
-0.880576
0.288433
-0.671496
-0.548727
-0.292638
-0.176748
4.468585
-0.132687
-0.248011
0.877082
-0.033005
-0.137590
0.567310
-0.024054
1.135800
0.474323
-0.363022
0.781984
-0.950422
-0.555516
-0.695214
0.553312
-0.624451
-0.595386
0.580981
-0.729440
0.514410
-0.088510
1.415414
0.467051
2.145445
-0.018212
-0.193230
2.803754
1.626629
-0.555581
0.564576
-0.035595
0.684771
-0.240963
0.346327
-0.470513
0.517733
-0.461205
-0.220669
-0.632402
-0.710636
-0.143809
-0.776360
0.773177
-0.703323
0.240741
-0.905016
-0.832889
-0.507557
-0.377504
-0.184476
-0.363168
-0.128638
0.078391
0.448400
-0.177618
-0.061321
0.187945
0.859488
-0.353897
-0.187168
-0.837042
-0.678312
-0.677416
-0.118935
0.353460
-0.576467
-0.111823
-0.457301
-0.500856
-0.716530
0.409367
-0.372940
-0.453355
-0.670161
-0.604142
0.164893
0.453311
-0.192795
-0.166910
-0.449719
-0.395838
0.137740
0.441131
-0.469907
-0.193375
-0.799804
-0.544404
-0.622330
-0.336166
-0.809676
-0.241320
-0.038668
-0.809363
-0.397294
-0.231064
-0.641414
-0.717124
-0.444524
-0.474345
0.979747
0.282522
-0.671119
-0.729836
-0.821234
0.034417
-0.148329
0.043308
-0.747756
-0.129369
1.069389
-0.788486
0.977698
-0.739719
-0.260857
-0.930857
-0.402040
0.222644
0.872236
2.066458
-0.169961
-0.849484
0.052703
0.413678
-0.583053
-0.500510
-0.190300
-0.377265
-0.554878
1.175278
-0.179504
0.153434
-0.812753
-0.474936
0.138490
-0.114963
3.725450
-0.097781
-0.057954
0.971803
0.287010
-0.387568
-0.867949
3.465193
1.139181
-0.771548
-0.971169
0.378265
0.995276
-0.517763
1.281567
0.138581
-0.219835
1.228894
-0.142030
0.299692
0.694948
-0.574120
-0.136402
-0.862866
0.836730
-0.292833
0.557894
0.718486
0.456679
0.289354
0.558754
0.150367
1.389391
-0.243893
0.426941
0.575082
0.109764
-0.707299
0.807605
0.421365
0.357460
-0.328224
-0.547417
-0.306169
-0.279772
-0.020799
-0.481871
-0.441983
-0.097246
1.445299
0.812122
-0.321902
-0.346549
0.193596
0.627342
-0.735230
-0.332510
-0.314448
-0.424313
1.323702
-0.295124
0.379687
-0.943529
0.975704
-0.606349
-0.404631
-0.154765
0.030752
-0.653139
-0.828858
-0.628030
-0.572046
-0.879104
-0.339116
-0.559927
0.081071
-0.430726
-0.626734
-0.771238
-0.633232
-0.859468
0.934276
-0.000280
0.361895
-0.587221
-0.163546
-0.687527
-0.438920
0.753862
-0.447849
-0.717194
-0.063156
-0.264796
0.093212
-0.106840
0.080694
1.435041
1.697590
2.419908
0.323505
-0.469289
0.916119
-0.357887
-0.061338
-0.206818
1.047611
0.475749
1.063625
-0.260504
0.095660
-0.283605
1.483159
-0.411442
0.307594
0.385864
1.815771
0.627370
0.341282
-0.498053
1.100503
-0.145445
-0.238283
0.583469
-0.192806
-0.112192
-0.311556
0.915855
-0.809027
2.701613
-0.104373
0.845889
2.264082
0.984176
-0.961013
-0.837621
1.599557
-0.750997
0.463988
0.493234
0.808329
-0.674165
0.318598
-0.641306
-0.405356
-0.871367
-0.680101
0.473483
-0.439576
-0.692630
-0.255237
-0.546466
-0.876832
0.808939
-0.203548
-0.670195
0.123388
-0.657088
0.796663
-0.020362
-0.682524
-0.020882
-0.617883
-0.201039
0.975475
-0.855361
-0.661957
0.102666
-0.112394
-0.867864
-0.647481
-0.823080
0.342432
0.069705
-0.806263
-0.110939
-0.501666
1.157195
0.806208
-0.764008
0.480023
-0.565498
-0.610216
-0.786073
0.350654
-0.569014
0.873882
0.210898
1.049105
-0.787704
-0.471690
0.671849
0.513125
0.377607
1.356195
0.866606
-0.633569
1.296483
-0.885510
-0.027474
0.815561
1.611340
-0.715668
-0.562732
0.143726
0.255298
-0.821888
-0.280915
-0.921668
1.924996
0.017685
-0.672806
-0.952847
-0.733317
-0.855547
0.985366
-0.819732
-0.076916
0.595843
-0.300388
-0.835561
-0.766216
-0.875625
-0.080685
-0.544177
-0.638275
0.201389
-0.500721
-0.071915
2.049301
-0.390761
0.250474
-0.526605
-0.405332
-0.889160
1.113317
0.043718
0.693541
0.482868
-0.915500
-0.888481
-0.499839
-0.286840
-0.552310
0.826881
-0.288903
-0.881233
0.573482
-0.173560
0.637898
-0.289013
0.844434
-0.867421
-0.344349
0.785585
0.617102
0.002633
-0.329069
0.008163
-0.803692
1.155434
-0.438552
-0.472562
0.303962
0.058150
-0.494033
-0.595266
0.623844
0.075227
-0.582074
0.060763
0.040881
-0.286174
0.640710
-0.497339
-0.114558
0.525595
0.106533
-0.816775
-0.287195
0.542210
-0.247544
-0.535264
-0.789295
-0.742995
1.537812
0.082737
-0.611263
1.624706
0.043981
1.077310
-0.638687
-0.620341
1.699402
0.301656
0.490301
-0.526891
0.757571
0.719094
1.102718
-0.926500
-0.464188
-0.714420
0.372642
-0.732576
-0.197448
-0.102275
-0.821837
0.060449
-0.146709
-0.356146
0.027710
1.002109
-0.525511
1.246356
0.672027
-0.559897
0.690151
0.397557
-0.315830
-0.691311
3.108723
0.606921
-0.749475
1.377379
-0.076417
-0.636171
0.044389
0.381686
-0.752586
-0.412120
0.858179
1.969605
-0.821724
-0.655385
0.429377
-0.606823
0.892326
0.465578
-0.448935
0.495707
-0.019954
-0.078306
-0.451987
-0.811765
-0.394503
0.985070
-0.223145
-0.113831
0.034688
0.040071
-0.715313
-0.484766
-0.689984
0.946313
0.682514
0.005546
-0.052045
-0.954550
-0.734610
-0.780477
-0.577956
-0.755272
-0.934671
-0.669533
-0.835999
0.182233
-0.630351
-0.178004
2.131816
0.171138
-0.956268
0.004233
-0.811620
0.376701
-0.539785
-0.448419
0.904304
-0.669086
0.993232
0.086573
-0.628039
-0.113397
-0.183602
-0.822996
-0.645455
-0.060239
0.025292
-0.430287
0.359256
0.746589
-0.734122
0.801566
1.804703
-0.795211
-0.703605
-0.377100
0.696037
-0.600776
1.438090
-0.105121
-0.006793
1.095664
-0.793123
-0.193047
0.145692
0.160555
-0.882195
-0.694760
-0.770150
0.400277
-0.478038
-0.085497
-0.186460
-0.903084
-0.748006
-0.855057
-0.485953
0.787874
0.358001
0.174757
0.899489
-0.513405
1.282655
-0.033185
0.214516
-0.745320
-0.066694
-0.755339
-0.232111
-0.064306
-0.740748
-0.138765
-0.637167
0.742668
0.119207
0.809127
-0.286057
-0.250841
-0.330498
-0.401582
0.088772
0.218150
-0.283524
-0.445809
-0.195096
1.294452
-0.707226
-0.265947
0.201025
-0.364234
-0.495736
1.133729
-0.181156
-0.530747
-0.625233
-0.756870
-0.769154
0.303520
-0.563007
-0.333834
0.791390
-0.724838
2.264629
1.753980
1.390969
-0.009746
-0.172079
0.237520
-0.277254
1.690098
0.469314
1.450757
-0.665607
-0.029190
0.985360
-0.549166
1.332869
0.028151
-0.731291
-0.258725
-0.655857
-0.706160
1.300520
-0.162928
-0.636060
-0.905040
0.052136
-0.778605
0.700044
-0.272319
-0.115055
1.197188
0.448489
1.531887
0.601905
-0.563777
2.150102
-0.478150
0.343449
0.394884
-0.425796
-0.234866
-0.613110
-0.911983
-0.746755
-0.937043
0.014483
-0.389971
-0.082203
-0.280221
-0.158199
0.058698
-0.673900
-0.586032
0.667036
-0.728826
-0.808473
0.527614
0.578380
-0.911571
0.261754
0.079847
-0.696148
-0.860971
-0.275653
-0.802470
1.249698
-0.817365
-0.375332
-0.614583
0.376787
0.385693
-0.443801
0.817607
0.212794
-0.672087
-0.719716
1.775360
-0.721793
-0.022016
0.272585
-0.896262
-0.610248
0.488825
-0.016422
-0.097936
-0.214410
-0.759766
0.502244
-0.576343
0.879704
-0.921409
0.046568
0.866050
0.243300
0.071303
-0.151658
0.110911
-0.803011
0.260999
-0.602529
2.568558
1.416405
-0.469437
-0.439546
-0.752877
-0.233263
0.019987
0.934734
0.146705
-0.107631
0.335185
-0.494491
-0.522367
-0.719047
0.105067
-0.388236
0.138588
-0.590879
-0.198754
0.171353
0.534762
-0.568519
0.751225
-0.024888
0.045017
0.720300
-0.643274
-0.817213
-0.831425
-0.503880
-0.691960
0.324351
-0.068422
-0.869376
0.689516
0.881618
-0.521612
-0.149721
-0.227345
-0.275023
0.511407
0.200339
0.821102
-0.041647
-0.923104
-0.428956
0.437260
2.122339
-0.701446
0.294494
0.218033
0.114994
0.355018
-0.017746
-0.544190
-0.019163
0.787167
0.943565
0.084867
-0.009197
-0.496351
0.401704
1.288745
-0.056566
-0.240260
0.726282
1.007870
0.847781
-0.290332
-0.366196
2.062976
2.461342
-0.509623
-0.357900
0.660780
-0.076919
-0.486496
2.067349
-0.654316
-0.013506
0.664683
0.268777
-0.445506
0.657155
-0.239667
-0.144309
-0.187723
-0.446088
1.144155
-0.923563
-0.505989
-0.876532
-0.809760
0.159473
0.477131
1.377833
-0.735072
-0.689275
-0.346100
-0.555858
0.274205
0.490973
-0.770996
0.357860
0.408141
-0.682321
0.910188
-0.669708
1.062086
-0.379260
1.809665
-0.776759
-0.163978
-0.418625
-0.553216
-0.796813
0.622826
-0.603256
0.982162
-0.956057
0.468958
-0.800026
0.640140
1.146165
0.622680
-0.198645
-0.022957
0.525405
-0.644086
-0.156886
0.475070
-0.330310
-0.002195
0.260946
-0.885770
0.119986
-0.296413
0.375422
-0.936520
-0.073046
0.028832
0.497229
-0.790805
-0.618039
0.163399
1.626621
0.313090
0.125186
0.789165
-0.015660
0.415401
-0.816336
0.825973
-0.026938
-0.694648
-0.021641
0.105339
-0.868144
-0.490050
-0.337824
-0.346979
-0.091281
-0.757311
0.893516
0.428200
0.038120
-0.778130
-0.713327
-0.075286
0.436735
-0.747234
-0.906094
-0.625572
1.369011
-0.037968
-0.675837
-0.480387
0.572097
0.107305
-0.319827
-0.815729
-0.264353
-0.358312
-0.936309
-0.663947
-0.375954
-0.916445
-0.763312
-0.479181
0.711103
-0.341533
0.849747
-0.494640
0.104602
0.186127
-0.757831
-0.797333
-0.723616
-0.071349
-0.432419
-0.009966
-0.047209
-0.497607
0.156596
0.121904
-0.476056
-0.599466
-0.578081
0.911995
0.861210
-0.624479
-0.348077
0.903695
-0.462722
-0.440219
1.544116
0.616040
1.706447
-0.190830
-0.834117
-0.268941
-0.920010
-0.735222
-0.259373
-0.133039
1.591362
0.554099
0.968044
0.250037
-0.469585
0.355435
1.303406
-0.875196
0.618707
0.211729
-0.626227
-0.221745
2.909161
0.664484
1.070185
0.274507
0.514720
-0.347480
-0.768717
1.032061
0.385391
1.797301
-0.580663
-0.560085
0.751240
-0.287096
2.350690
1.015184
0.678840
0.463525
-0.066273
-0.142921
0.130564
0.226158
-0.386945
2.477174
2.324928
0.363923
0.590071
-0.562335
-0.750615
-0.475523
-0.871228
-0.198397
-0.173689
-0.944215
-0.517553
-0.065736
-0.698387
0.737225
0.499637
-0.434523
-0.842250
-0.749627
1.729328
0.683618
0.937714
0.129020
0.225110
0.145453
0.708531
1.428253
1.234897
-0.420150
-0.503932
0.851396
-0.327621
-0.439023
-0.642674
0.848243
0.810071
-0.397098
0.463049
-0.418830
-0.865229
0.235644
-0.557878
-0.485023
0.531407
1.451094
0.125362
-0.440184
-0.745275
-0.144697
-0.935267
0.143221
0.779660
-0.920744
-0.488072
0.261856
-0.944230
-0.325070
-0.617806
1.159640
-0.668525
-0.165606
0.024748
0.158765
-0.136503
-0.819677
0.270826
-0.208014
-0.408559
-0.052732
-0.820992
-0.875422
-0.404864
0.304111
-0.452601
-0.917274
1.949118
-0.705410
-0.446788
-0.207532
0.523809
0.597070
0.755532
0.656816
-0.161568
0.473339
0.257693
-0.572853
-0.735767
1.050942
-0.473646
-0.093393
0.051763
-0.969698
-0.787886
-0.296995
-0.896604
-0.937712
-0.168718
1.768545
-0.520737
-0.545393
1.216275
-0.476574
1.387198
0.737180
-0.797441
-0.516714
0.181883
0.293803
-0.733424
0.106596
-0.701582
-0.732451
-0.688622
-0.507161
-0.797106
-0.351917
-0.651850
-0.773609
-0.530179
0.101033
-0.862564
-0.183542
-0.843575
-0.518228
0.115731
-0.528670
-0.168299
-0.488270
-0.154175
-0.027327
0.274172
-0.627130
-0.599028
0.335800
1.216434
-0.530908
0.109780
-0.509785
-0.397563
-0.895868
-0.288861
-0.494524
-0.544107
0.581172
-0.678399
-0.277505
-0.754820
0.562338
-0.328838
0.342399
0.483408
1.185096
-0.323817
-0.349309
-0.029969
-0.936423
-0.053555
-0.374768
-0.608659
-0.204228
0.532902
-0.488974
0.402946
-0.550134
0.146449
0.143685
-0.286116
-0.669758
-0.653607
-0.863476
-0.675865
-0.918056
0.303976
0.548216
0.213463
3.164484
1.660648
-0.755150
0.649376
1.633056
-0.221058
0.919882
0.675211
0.602357
0.184780
-0.001101
-0.668137
-0.697747
-0.807404
0.544543
0.090745
-0.221071
0.012497
0.364838
-0.184387
0.117779
-0.218006
-0.506955
0.406352
-0.658204
-0.852290
0.422072
-0.413546
-0.726655
-0.324326
0.362612
-0.187558
0.027220
0.114074
-0.915519
2.167711
0.133515
-0.452399
-0.190720
-0.104009
1.737418
-0.733685
1.812862
2.726776
2.083080
-0.091483
-0.139794
2.078608
0.994908
0.194006
1.670536
-0.087306
1.241310
1.079607
0.448790
-0.359078
0.358547
-0.206399
-0.090034
0.315812
0.215669
0.587008
-0.124549
-0.018429
-0.557404
0.530606
-0.840322
0.295352
0.121663
-0.592461
0.326271
0.545265
0.740321
0.144887
-0.297786
1.035770
-0.724252
-0.785396
-0.290161
-0.034219
-0.751353
-0.331648
-0.096038
-0.775920
-0.853662
-0.319785
0.218813
-0.381663
-0.124083
-0.167720
-0.785665
-0.933274
-0.886934
0.221372
-0.227121
0.191457
0.223291
0.180465
-0.360519
-0.552607
0.673327
-0.832016
-0.933545
-0.345714
-0.915791
-0.668403
-0.409123
-0.306102
-0.744993
0.115194
-0.109186
-0.738366
-0.506703
0.104269
0.228986
1.228904
-0.225635
0.451199
-0.636169
-0.838901
-0.402827
-0.565292
-0.663222
-0.780827
0.472616
-0.163028
-0.548871
-0.834500
-0.463743
1.290684
1.027465
0.754410
-0.401848
-0.182414
0.634580
1.532407
-0.848229
0.636929
0.750213
-0.504476
1.391654
1.307931
1.764547
1.465325
-0.356828
-0.811306
0.162766
1.691224
-0.020533
-0.581368
-0.144230
-0.632549
-0.007590
-0.286489
-0.773823
0.808263
-0.080749
0.029833
0.349409
-0.194250
0.083215
-0.048878
-0.829638
-0.461329
1.406909
0.005055
0.843045
-0.009968
0.416021
0.617148
-0.887117
-0.801747
-0.165767
0.117200
-0.402371
-0.541332
-0.083471
-0.870461
0.056359
0.660287
0.352757
-0.696218
1.381864
-0.658342
-0.692906
-0.748388
1.875307
1.661210
0.405413
-0.086497
0.758568
0.424983
-0.723912
0.233564
-0.136935
0.835896
-0.880288
-0.760803
-0.035479
-0.433502
-0.547793
-0.328706
0.095181
-0.791074
0.847628
-0.683428
-0.680115
-0.049863
1.106471
0.366449
0.621239
-0.949087
-0.656306
-0.321769
0.016668
0.281255
1.517772
-0.893783
-0.889771
-0.051967
1.345569
0.401298
-0.175954
-0.542694
0.930989
-0.730921
-0.801372
0.470807
-0.676710
-0.891702
0.216969
-0.711586
-0.683690
0.572609
-0.708955
0.653270
-0.609975
-0.074036
0.064519
0.512263
0.027839
-0.349926
0.886120
-0.275487
-0.809516
-0.151283
-0.515997
-0.798497
-0.018304
-0.122232
0.716509
1.419856
-0.619477
2.035683
1.648204
-0.933297
-0.520492
0.570173
-0.498208
-0.375109
-0.770059
-0.391712
-0.475959
-0.726070
0.516813
-0.325563
-0.596158
0.575707
-0.681842
1.654419
0.679724
0.171024
-0.526469
2.641572
-0.269529
0.561009
-0.749285
0.512775
0.927983
0.190950
-0.807309
0.813517
-0.794921
4.065242
-0.331913
1.465934
-0.008527
-0.080590
-0.694490
-0.477451
-0.272420
-0.139448
1.073511
-0.306970
-0.408430
-0.739395
1.052351
1.661077
1.841626
-0.494574
-0.219119
1.496680
1.430141
0.493205
0.300486
-0.104637
-0.620906
0.640168
-0.576437
0.055015
-0.461979
0.829691
0.089891
0.736115
-0.842315
-0.110770
-0.828731
0.086077
-0.893612
1.517709
-0.553761
-0.404017
-0.488077
0.230268
-0.197319
-0.669960
-0.471168
-0.805683
-0.672561
0.868968
1.162687
1.438609
-0.202454
-0.016559
0.819938
-0.073309
-0.398915
0.514226
-0.749160
0.408094
0.861701
0.833014
0.553033
0.535028
0.513171
-0.697446
0.483973
-0.674362
-0.617624
-0.201946
-0.373194
1.038552
0.286761
-0.813897
-0.011329
2.615353
0.899033
-0.767671
-0.961838
-0.556697
0.220820
-0.075304
0.667498
-0.073043
-0.736440
0.196521
-0.742311
-0.882525
-0.827510
-0.906397
-0.740529
-0.512401
-0.576454
-0.947484
-0.330054
-0.437121
-0.520783
-0.660168
0.045100
0.246037
-0.194985
-0.828211
1.021371
-0.677696
0.109949
0.235845
-0.534695
-0.384815
-0.523381
0.416005
-0.899366
-0.861106
0.142942
-0.633219
0.178351
0.346811
0.027021
0.082533
-0.132016
-0.643096
-0.496647
-0.649763
0.195826
-0.655823
-0.824057
-0.568773
-0.335316
-0.567223
0.548917
0.299882
-0.679403
0.665403
-0.584532
1.927498
0.037811
-0.418480
-0.026817
-0.552271
0.137388
-0.100145
-0.356188
1.100474
0.441978
-0.573299
0.306307
-0.577919
0.764425
-0.178512
-0.619418
0.227869
-0.529684
-0.236259
1.847028
0.235070
-0.126603
0.403564
0.887831
-0.802486
-0.111934
-0.491683
-0.010654
-0.163881
1.397585
-0.885217
2.236253
0.099964
-0.717350
-0.126287
0.348323
-0.949795
-0.014212
0.796240
-0.597482
-0.316879
-0.174822
-0.518337
-0.337313
-0.498492
-0.222181
-0.699600
-0.356935
-0.112392
-0.163652
-0.013676
-0.452990
-0.546209
-0.606538
1.049162
0.030635
-0.750583
-0.704021
-0.286830
-0.761116
0.971056
-0.076429
0.921823
0.244279
-0.601565
0.130155
-0.018638
-0.532499
0.301413
0.692240
-0.108947
0.265135
-0.327380
0.053733
0.620822
-0.252900
1.010446
-0.453181
-0.803371
-0.127564
1.069657
-0.757462
1.937732
2.260825
-0.431583
-0.386094
0.222714
-0.789946
-0.030823
0.023617
0.896351
-0.708371
-0.470409
-0.286372
0.166304
-0.122809
-0.279104
2.135372
-0.583885
-0.316099
-0.432336
0.394740
-0.466375
-0.355892
0.384001
-0.612052
0.102359
-0.306069
-0.391764
1.905214
0.413484
1.871379
-0.373642
0.374770
0.612281
1.728016
1.742649
-0.302448
-0.676787
1.302815
0.711753
-0.679539
0.358826
-0.904299
-0.480417
-0.832069
-0.673224
0.347864
0.317274
0.419287
-0.207896
-0.049352
-0.085951
0.747743
0.598426
-0.625322
0.378609
-0.292640
-0.280937
1.266162
-0.465770
0.330629
-0.171494
0.649096
1.600229
-0.432220
0.270397
0.336725
-0.788122
-0.197879
-0.636877
0.304072
-0.661381
-0.501039
-0.201758
-0.218041
-0.814410
0.127823
-0.694234
-0.450614
0.256494
-0.794364
-0.507407
-0.532263
0.342812
-0.643144
-0.673014
-0.326862
0.768569
0.088785
-0.287570
-0.953206
-0.727873
1.082248
0.519163
-0.629324
0.407464
-0.433688
-0.326716
-0.493443
0.065911
0.081904
0.463836
-0.509926
0.635037
1.312099
0.161138
0.099801
-0.348137
0.116636
-0.693502
-0.019960
-0.003292
-0.613188
-0.863723
0.240164
0.287735
-0.274116
0.174100
0.199719
-0.651141
-0.497630
-0.677220
-0.483304
0.190512
0.273937
0.744766
0.641659
-0.288291
-0.622676
-0.863985
-0.074977
-0.427776
0.788017
-0.346172
-0.214871
-0.874801
-0.823398
-0.244811
-0.284598
-0.729853
-0.101643
0.836517
-0.350081
-0.412959
-0.787572
-0.579531
1.948418
0.572223
-0.003068
3.405521
0.500289
1.172357
-0.360696
1.228691
-0.201686
0.334500
-0.230612
-0.166848
2.193439
0.463264
-0.018549
-0.348616
-0.723670
0.033444
-0.549704
-0.864171
-0.849259
-0.331987
1.678177
-0.735659
-0.095967
-0.638476
2.887227
0.967407
2.954726
-0.236678
2.286118
0.562653
0.913691
0.066499
1.465823
0.612285
1.087585
1.589677
-0.274577
-0.657099
0.290433
-0.924280
1.421130
1.221729
6.118286
