0.000000
-0.344404
-0.384824
0.395061
-0.214332
0.903574
-0.321805
0.731531
0.114199
-0.245976
-0.090400
-0.673969
-0.180888
-0.366694
1.373313
-0.502294
0.628751
0.444565
0.248807
-0.475558
0.962157
-0.555665
1.364086
0.386606
-0.178734
-0.623630
0.206192
0.606958
0.638618
-0.515374
-0.507388
0.697649
-0.541060
-0.244196
0.804186
-0.086884
0.205314
-0.330316
-0.181779
-0.334805
-0.342564
-0.051836
-0.281758
0.408229
-0.307498
-0.532913
-0.943993
-0.621592
0.026611
-0.234698
-0.386103
-0.777467
0.670920
-0.315089
-0.807809
-0.683042
-0.148683
-0.493974
-0.807900
-0.832297
-0.730968
-0.690591
-0.167552
-0.905776
0.802647
-0.157998
-0.641535
-0.546339
-0.821918
-0.589905
-0.442341
-0.613615
1.043504
-0.259377
0.170680
0.028912
0.918339
0.077863
-0.355546
-0.561772
1.322081
0.392505
-0.597617
0.593354
0.746618
1.269939
1.540668
0.692040
3.386863
1.279487
0.762304
0.771847
0.190364
1.910199
0.187143
-0.084217
0.246512
0.035419
-0.123497
0.292537
0.081670
-0.524863
-0.073160
-0.116224
-0.066625
-0.233318
0.063077
0.072069
-0.595425
-0.018556
0.200755
-0.629204
0.094092
-0.184755
-0.501240
-0.471803
0.114236
0.339539
-0.317961
-0.488632
-0.894672
-0.575292
-0.345532
-0.644876
-0.620657
-0.500164
0.543441
-0.597775
-0.108225
0.344439
-0.760881
0.257591
0.327646
0.961229
0.234901
-0.113237
0.391316
0.471804
1.289322
0.536736
-0.304158
-0.668111
1.625102
0.406604
0.673546
0.382857
-0.174398
-0.656129
-0.197159
-0.319531
-0.548161
-0.668802
-0.555910
-0.650764
-0.680860
-0.319427
-0.222317
-0.403919
-0.379014
-0.590216
0.818749
-0.714192
0.345266
-0.376149
0.175209
-0.385906
-0.051665
-0.626065
0.484234
0.127969
-0.424899
-0.394475
0.194063
-0.176019
0.152919
-0.277273
-0.397870
0.093836
-0.380106
-0.582195
-0.480312
-0.557234
-0.362771
0.489951
0.167061
-0.401747
-0.107804
1.232093
-0.209918
-0.481830
-0.539083
-0.206137
1.283122
-0.658235
0.232918
-0.304087
-0.480161
-0.158561
-0.707553
-0.649493
0.186746
-0.668699
-0.470726
-0.178782
-0.848415
2.075506
1.953371
-0.870315
1.112266
0.713580
0.383103
0.203140
-0.926690
0.616442
1.146556
1.144895
1.073135
1.701536
-0.758065
0.497011
-0.374609
-0.636918
-0.314116
0.728741
-0.533918
-0.705319
-0.694306
0.236695
0.807822
-0.498305
0.315408
0.404479
-0.755508
0.228207
-0.710347
-0.002756
-0.885958
1.262620
-0.938330
0.184751
-0.134104
0.461237
-0.810804
-0.949212
-0.818504
-0.802540
0.533484
-0.236848
0.596945
0.752462
-0.839923
-0.658160
0.012756
-0.929115
1.151211
-0.813780
-0.524837
-0.288673
1.044986
-0.207791
-0.428481
-0.609644
1.762646
0.009824
-0.178338
2.390384
-0.646630
-0.214690
1.246671
1.175022
0.257267
1.436060
0.449197
0.576694
0.081282
0.774496
0.366289
-0.068920
0.008741
0.406552
-0.074722
0.261015
0.260715
0.258236
0.621225
-0.369654
-0.194217
0.005008
-0.200441
0.872383
-0.313768
-0.298058
0.433876
-0.518771
0.671010
0.426118
-0.304638
-0.088237
0.506264
-0.558794
0.647787
-0.210733
0.512263
0.209335
0.411178
0.157337
-0.376915
0.817749
-0.050746
0.528970
1.082219
-0.332484
0.997521
-0.634247
0.174024
1.350241
0.480974
-0.880281
0.154620
1.335586
0.769697
1.135979
-0.395513
1.312121
0.567686
0.656212
-0.276228
-0.572429
-0.098492
-0.508318
-0.278786
0.442729
-0.506284
-0.108060
-0.486417
-0.111151
0.303038
-0.104635
-0.613403
-0.565256
-0.577374
-0.637024
-0.434840
-0.766001
-0.461747
0.114937
-0.397203
-0.628978
-0.543980
-0.875220
-0.151581
-0.130346
-0.788221
0.396059
-0.108752
-0.048498
-0.411451
-0.740098
-0.743810
-0.567906
-0.385652
-0.365003
-0.064119
-0.761114
-0.475306
-0.658040
0.112560
-0.430160
-0.816084
-0.093350
-0.212442
-0.679027
-0.228517
0.163535
-0.016258
-0.023257
-0.629245
-0.028795
0.974155
-0.387171
0.960268
-0.680248
-0.480716
-0.466440
0.512280
0.186877
-0.599610
-0.384621
1.375686
0.768532
-0.591853
-0.781169
-0.088601
0.975480
0.391418
0.259326
1.624055
0.281156
-0.317553
-0.750136
-0.304077
-0.397399
-0.334192
-0.432548
1.177059
-0.254078
-0.519307
1.016906
-0.217516
-0.406919
0.651490
-0.773176
-0.424358
0.323621
0.539394
-0.544864
-0.417247
1.753397
-0.595037
1.087573
-0.391686
0.167805
-0.300651
-0.453854
1.132934
-0.124908
-0.660512
-0.166434
0.722582
0.378941
-0.395958
0.576903
-0.603027
-0.357292
-0.246947
0.107890
-0.047337
-0.927493
-0.577685
0.248326
-0.753977
0.926855
-0.222448
0.023148
0.099360
-0.169731
-0.531511
1.340848
-0.215656
1.860182
0.438567
0.070792
0.305296
0.254036
1.040760
0.521534
1.269748
0.565614
-0.492940
0.704850
0.034799
0.042360
0.139786
-0.224557
-0.046154
-0.012616
0.027749
0.094563
0.118381
-0.089557
0.026572
-0.166400
-0.109106
-0.439509
0.665408
1.389727
-0.270922
-0.161048
0.013314
-0.364717
-0.391054
-0.448526
-0.470737
1.194591
0.158876
0.796714
0.409262
0.522090
0.410594
0.419072
0.746379
0.744979
0.469033
0.385340
0.799226
0.267955
-0.038769
1.282340
0.450669
0.150438
0.915596
1.466800
0.455925
0.882828
-0.437706
-0.291601
-0.038453
-0.134744
0.650955
-0.049778
-0.390467
-0.589040
-0.689433
-0.531112
-0.511120
-0.132205
-0.470366
-0.026024
-0.461142
-0.581422
-0.671251
-0.063361
-0.651503
-0.463757
0.439481
0.120615
-0.578349
-0.268059
0.092509
-0.249791
-0.830230
-0.692217
-0.196976
-0.092373
-0.843142
-0.427378
-0.448306
-0.837975
-0.708257
-0.767750
-0.568228
-0.074755
-0.647394
-0.500694
-0.667701
-0.214027
-0.132835
-0.419787
-0.109403
-0.725267
-0.733720
-0.371805
-0.870384
-0.020830
1.027752
-0.023441
-0.333640
-0.068653
-0.595915
-0.568484
-0.772265
0.160871
-0.428769
0.004425
0.359465
-0.373767
0.277471
-0.342280
0.800813
0.166272
-0.439524
-0.436009
-0.053707
-0.257235
-0.114074
0.793546
-0.326371
-0.385994
1.972406
0.505703
1.421500
1.763052
0.568022
1.093443
-0.044095
0.508227
-0.161906
-0.057768
-0.794243
-0.899463
-0.723230
-0.466015
0.932874
-0.684226
0.786172
-0.109222
0.691643
-0.787128
-0.294131
0.800305
0.294052
0.085719
-0.362501
-0.699733
0.289583
-0.104849
-0.672541
-0.873740
-0.719861
-0.709197
0.573647
-0.117738
-0.236838
-0.434979
-0.451891
0.764753
0.113527
0.711149
-0.815946
-0.440648
0.648657
-0.484873
-0.032416
-0.502938
-0.147583
-0.158688
0.306062
0.442988
1.230062
-0.814570
1.206196
0.517320
0.401930
0.844327
0.928585
-0.518021
1.444374
-0.746535
1.571152
-0.373859
0.355736
0.436298
-0.257111
-0.010051
-0.625661
-0.061307
0.710062
-0.436525
-0.202773
0.821094
-0.061038
-0.258224
1.015084
0.958294
-0.326595
1.078514
-0.315560
-0.319441
0.205189
-0.213394
-0.339981
-0.318800
0.026046
0.279549
0.011850
0.417632
0.855035
0.765799
0.961198
-0.271949
1.201327
0.469932
0.818239
0.368880
0.762310
0.660791
0.461933
1.362498
-0.061028
1.011537
0.762241
0.526688
1.181447
1.671094
0.066212
1.141042
1.348402
0.360740
-0.166338
0.604007
-0.232856
-0.209943
-0.190943
-0.847863
-0.715116
0.204399
0.855377
-0.350097
-0.809555
-0.093699
-0.812671
-0.684280
-0.626798
-0.380432
-0.532109
-0.312024
-0.726861
-0.481285
-0.652856
-0.677323
0.256312
-0.792903
-0.063099
-0.730837
0.745366
-0.446486
-0.838167
-0.380989
-0.351470
-0.716434
-0.360480
-0.630152
-0.587469
0.166846
-0.909186
-0.788167
-0.357439
-0.002513
-0.252462
-0.129572
-0.420893
-0.371310
-0.776940
-0.662472
-0.627184
-0.857585
-0.639224
-0.531358
0.176212
-0.820156
-0.810880
-0.649181
-0.426190
0.399768
-0.508217
-0.544436
-0.111140
-0.659699
1.353232
0.908618
-0.205670
0.087942
-0.389485
0.810579
-0.605784
0.232789
-0.586991
0.031926
0.273912
-0.641935
1.287279
0.684291
-0.139027
0.073325
-0.280359
-0.375852
1.162372
-0.127377
1.097727
-0.559976
0.098245
-0.330226
-0.322742
1.292735
-0.594050
-0.402934
-0.501259
-0.504685
-0.615146
-0.644262
-0.553594
-0.409952
1.547515
0.718215
-0.628517
-0.453936
0.970643
-0.753932
-0.667769
-0.190624
-0.056446
-0.683382
0.295212
0.714388
0.760318
0.444439
-0.644506
-0.654897
0.466724
-0.660067
0.249624
-0.502656
0.410503
0.285681
-0.684586
-0.490053
-0.008451
-0.436770
1.223799
0.810654
0.896289
-0.597602
0.883329
-0.214833
-0.355063
1.295465
-0.267129
1.184912
1.543465
0.549719
1.012152
1.627932
0.768648
-0.810706
-0.163128
-0.460428
0.065732
-0.712957
-0.308116
-0.565839
-0.226225
0.244466
0.236890
-0.000565
-0.177946
-0.178115
-0.437328
1.414065
0.915375
-0.295702
-0.045821
0.619750
-0.012290
0.425603
0.591953
1.307415
-0.554185
-0.143802
-0.271807
0.361499
0.171652
-0.295404
-0.395850
0.759805
0.660472
-0.840841
0.849390
1.661382
-0.723540
0.283978
0.952889
2.158290
0.722153
1.114277
1.562725
0.774127
1.152303
0.929569
1.386925
-0.415572
1.068774
0.104925
2.000773
0.931246
0.550030
0.626560
0.703195
0.565729
-0.081320
0.404586
-0.576410
-0.232304
-0.614989
-0.274956
-0.613882
-0.254753
-0.671627
-0.780303
-0.715995
-0.740243
-0.090171
-0.497962
0.224732
-0.624626
-0.063808
-0.753286
-0.827860
-0.798466
-0.118383
-0.814224
-0.654083
-0.833562
-0.292129
-0.480975
-0.739879
-0.476062
-0.381673
-0.636984
-0.286594
-0.511891
-0.376338
-0.217424
-0.871717
-0.898386
0.149221
-0.646350
-0.470652
-0.592901
-0.705406
-0.574896
-0.679687
-0.476115
0.589083
-0.634620
-0.449326
-0.745837
0.379154
0.284205
0.077050
-0.625365
-0.557879
0.375864
-0.424290
-0.250718
-0.196399
0.349618
0.273643
-0.178478
-0.472684
-0.280086
1.096622
0.514032
0.895859
-0.072505
1.615984
1.847197
0.160857
0.029269
-0.519069
-0.089469
0.772537
-0.269426
0.614266
-0.624501
0.747959
0.715354
-0.676298
-0.755741
-0.402188
0.457691
-0.802129
0.192527
-0.360355
0.153331
0.916315
0.680966
-0.231550
-0.675110
-0.694911
1.193412
-0.236179
-0.592915
-0.717910
-0.244837
-0.270037
-0.644328
-0.343901
-0.698738
-0.532856
-0.046380
0.407854
-0.458721
-0.358874
-0.636214
0.218479
-0.515883
-0.641435
-0.814707
0.250682
0.643299
-0.234167
-0.426523
0.752752
0.343704
0.930939
-0.692206
1.400872
1.307514
-0.145928
-0.355094
0.348639
0.966350
-0.595528
1.375655
0.710041
0.689326
1.146695
-0.318737
0.675378
1.742497
0.757528
-0.126955
0.120649
0.008834
0.063837
-0.160449
1.025751
-0.241978
0.061191
-0.331933
-0.218979
-0.244817
1.472006
0.079081
-0.307711
0.023426
0.885546
0.680171
-0.501852
0.996970
0.826196
-0.552391
-0.081523
-0.732064
-0.384022
0.115163
0.420684
-0.542960
0.870258
0.766237
-0.769250
0.051860
-0.183116
-0.570161
-0.246893
0.949745
-0.292835
-0.329261
0.059169
0.490082
0.231885
-0.377620
0.219272
-0.020341
0.210888
1.082453
0.062654
-0.348901
0.538861
-0.239482
-0.419699
-0.420703
0.697432
-0.320734
-0.177416
-0.050564
-0.394684
-0.382683
-0.512334
-0.378984
0.160442
-0.419840
-0.635743
-0.311680
-0.399826
-0.328826
-0.215046
0.021789
-0.236646
-0.489836
-0.788484
0.159741
0.350425
-0.355569
-0.604476
0.415692
-0.332460
0.154871
0.135432
-0.291339
-0.874871
-0.419114
-0.583337
0.190277
-0.257515
-0.517165
-0.125400
-0.503933
-0.657337
-0.721228
0.534870
-0.648666
-0.482929
-0.220330
-0.495938
0.533762
-0.388727
-0.392408
-0.329531
0.856186
-0.039053
0.300735
-0.255232
-0.319309
-0.179797
0.547951
0.443241
-0.093224
0.101490
0.244208
-0.260672
-0.412394
-0.147694
-0.092419
0.393530
2.242566
0.699387
2.102878
-0.406156
0.809432
-0.328104
-0.814480
-0.266661
0.343723
1.043918
-0.351105
-0.237743
-0.509159
1.762116
0.590390
0.663454
-0.336522
-0.459794
0.683964
-0.363998
-0.722069
-0.454934
1.325622
-0.523019
0.438990
0.499974
0.474549
-0.219362
-0.755499
0.376876
-0.900510
0.106736
-0.848137
1.102355
-0.729611
0.141313
-0.400325
-0.904923
0.542742
-0.759621
-0.138350
-0.821993
-0.842093
0.182131
-0.571323
-0.036961
-0.291142
-0.260795
-0.352179
-0.132687
-0.390782
-0.876614
-0.434129
1.755358
0.085172
-0.410832
0.301704
-0.306847
0.879833
1.599637
1.695741
-0.323009
0.432099
1.428135
-0.029161
0.101349
0.815176
0.159017
-0.351334
-0.035993
0.947140
-0.111194
0.367083
0.595873
0.615713
-0.050792
0.010913
-0.274630
0.087457
-0.193248
-0.162456
1.602172
0.662645
-0.069350
0.248259
-0.037273
-0.087225
-0.521727
1.082636
-0.404475
-0.520614
-0.455833
1.613241
0.243216
-0.244691
-0.430513
1.600500
-0.744371
0.893999
-0.606196
-0.028009
1.205962
-0.750106
0.496523
-0.373813
0.917396
0.894257
-0.444078
0.465840
0.997648
0.479729
0.442966
1.214036
0.523541
0.272535
-0.359702
-0.676320
1.006724
-0.675338
-0.309014
-0.562454
-0.531208
-0.594674
-0.269628
-0.242164
-0.568649
-0.634914
-0.474640
-0.652402
-0.054531
-0.325328
-0.726219
-0.441102
-0.629714
0.216668
-0.201688
-0.622088
-0.586313
-0.614111
-0.681455
-0.003311
0.422087
-0.331240
-0.427070
-0.684626
-0.205123
-0.115128
-0.329440
-0.146716
-0.471405
-0.637477
-0.051153
-0.306813
-0.663539
-0.732156
0.079460
-0.767643
-0.323322
0.244134
-0.491163
-0.754392
-0.378221
-0.395646
-0.175265
-0.059428
-0.217393
0.215591
0.423468
-0.346230
0.412554
0.870241
-0.367495
-0.540147
-0.404736
1.136459
0.614284
0.299751
-0.423466
-0.326351
-0.547622
0.762098
-0.612750
1.299728
1.016853
-0.102157
-0.633897
-0.556493
-0.862735
1.620348
0.534225
1.561046
0.528717
-0.479036
-0.003226
-0.681756
0.205270
0.687925
-0.366378
-0.462788
1.349399
0.827180
-0.171053
-0.582722
-0.864080
0.135078
0.565790
-0.786690
-0.279418
-0.178456
-0.392385
-0.703601
-0.736539
-0.033468
-0.380259
-0.794345
-0.202718
1.194352
-0.739177
1.381589
-0.551575
-0.903821
-0.614082
-0.631319
1.411597
0.091878
-0.475498
-0.872095
0.071264
1.080051
-0.498472
-0.178290
1.288026
0.114048
0.679994
-0.558164
-0.333538
2.147795
-0.067899
1.172000
-0.892828
0.428475
0.280217
0.110806
0.946023
0.485363
1.443727
1.144246
-0.246453
-0.052437
0.287630
-0.207860
-0.203021
-0.249052
-0.023427
-0.248284
0.208077
0.006740
-0.058896
-0.006875
1.048711
0.125125
1.014437
0.788602
-0.003991
0.732411
-0.302117
0.250283
-0.248034
-0.348244
-0.238046
-0.479753
-0.486411
-0.165459
0.159996
0.742968
0.754942
-0.484916
0.546077
1.326394
0.694918
0.794612
1.055608
0.101266
-0.211454
-0.314508
0.060542
-0.691510
1.433657
0.119441
0.282780
0.596945
1.184374
0.196031
-0.133951
0.467144
0.191465
0.364732
0.145133
0.259018
0.127294
-0.646294
-0.546697
-0.231930
-0.042348
-0.489904
-0.409890
-0.590090
-0.736067
-0.691755
-0.358926
-0.274708
-0.311062
0.041658
-0.400695
-0.215133
-0.252759
-0.612292
-0.629991
-0.081505
0.193328
-0.747039
-0.767723
-0.743227
-0.898048
-0.736817
-0.562460
-0.715031
0.529687
-0.453027
-0.200275
-0.157861
0.229695
-0.116148
-0.752681
-0.603759
0.102219
-0.938025
-0.424891
-0.531232
-0.322444
0.361905
-0.760104
-0.364050
-0.325027
-0.342288
-0.071045
0.242841
-0.177576
0.058958
-0.202361
-0.588125
1.270597
0.968728
0.280427
0.720590
0.021487
-0.416536
-0.322588
0.722122
-0.005117
0.185481
1.428848
0.647098
-0.768873
-0.292089
-0.653209
-0.346184
0.828403
-0.709602
1.112130
-0.180144
-0.425131
-0.295028
0.318942
0.336423
-0.597475
-0.597972
-0.662571
1.305878
-0.668144
0.144986
-0.057061
-0.666449
0.374887
-0.586798
0.300784
-0.668797
0.062957
0.304933
-0.781050
0.489272
-0.083992
-0.691152
-0.844009
-0.182149
0.363485
-0.909088
-0.431257
-0.862084
-0.833172
-0.834768
0.356394
-0.646235
-0.654609
0.026355
-0.658386
2.457314
1.309473
0.290009
1.862912
-0.587459
0.528245
-0.008545
-0.200951
-0.662499
0.005859
-0.737580
1.192996
1.816484
-0.570431
0.934343
1.213312
0.245160
0.024480
1.119251
0.985612
0.196639
0.821156
1.178527
0.425565
0.196480
-0.154876
-0.065170
0.128494
0.169594
0.055899
0.598708
1.260770
-0.128204
0.139818
-0.320013
0.044512
1.373515
0.892949
-0.035597
-0.096840
0.698133
-0.085751
0.026437
-0.225883
0.967341
-0.208845
-0.423471
0.139872
-0.430226
-0.362682
0.252506
-0.514393
-0.524628
0.295310
0.773082
0.788968
0.211544
1.062466
0.761835
0.890277
0.532439
0.817713
0.290599
0.229942
0.536952
0.201241
0.137315
0.491474
0.430462
0.674787
0.605156
-0.253031
0.622737
0.696827
0.405051
-0.441516
0.116897
0.047875
0.923736
-0.643109
-0.422382
-0.600098
-0.581473
-0.519050
-0.553713
-0.664735
-0.627757
0.401685
-0.501269
-0.543340
-0.072657
-0.173470
-0.669388
-0.713553
-0.572408
-0.557383
-0.240170
-0.301722
-0.482773
-0.793922
-0.457373
0.061130
0.878907
-0.554551
-0.653543
-0.224976
-0.435464
-0.690555
-0.193676
-0.289286
-0.006697
-0.873406
-0.708002
-0.423675
-0.468597
0.232412
-0.805159
-0.458372
0.115740
-0.606276
0.689088
-0.750806
-0.503438
0.721620
-0.594835
-0.512425
-0.060514
-0.112866
-0.586929
-0.009595
-0.642929
-0.093794
-0.693413
0.358451
-0.379537
-0.426801
-0.609465
2.285456
-0.481342
-0.427315
-0.086373
2.063405
-0.756179
-0.428589
0.526715
0.932146
-0.203984
-0.699781
1.511017
-0.574706
-0.886731
-0.897350
0.334950
0.934291
-0.141866
-0.255194
0.699552
-0.865405
0.553549
-0.756510
-0.455483
-0.119514
-0.749986
-0.690404
0.363643
0.146225
-0.884388
-0.162608
0.684127
-0.298486
-0.660595
-0.642217
-0.299507
-0.232505
0.986756
0.023583
-0.889434
-0.637589
-0.834721
-0.525140
0.629954
2.330602
0.020021
-0.304033
-0.385797
-0.183918
-0.556687
-0.118226
-0.590037
0.387255
1.059831
-0.535884
0.784666
0.751029
0.568743
0.099325
-0.641527
2.475144
0.468949
-0.338051
-0.640401
0.902523
1.424204
-0.010634
0.371262
-0.379621
-0.473605
1.029824
0.169393
-0.246988
-0.085501
-0.337560
-0.198349
-0.316256
-0.163656
0.818773
0.970050
-0.218009
0.005027
0.063670
0.726626
-0.059595
0.151650
0.980837
-0.160656
-0.009943
0.443543
0.484922
-0.189818
-0.149115
0.048834
0.502315
0.955390
-0.234932
0.940778
-0.227841
1.391401
1.440934
0.320656
-0.409714
-0.210585
1.195869
1.205545
0.583428
0.807103
1.103861
-0.405790
1.170820
1.825926
0.625714
1.021895
0.398591
0.605813
-0.194802
0.458688
-0.028171
1.244857
0.437732
1.122306
0.166836
0.732457
0.157026
-0.193738
-0.248066
-0.536938
-0.669979
-0.693644
-0.402516
-0.458493
-0.216669
-0.713586
-0.661099
-0.132527
-0.357835
-0.302934
0.316203
-0.190010
-0.540884
-0.413994
-0.626510
-0.339353
-0.699739
0.155919
-0.249354
-0.710428
-0.779351
-0.784419
-0.839739
-0.577104
-0.521955
-0.802647
-0.750707
-0.689913
0.327089
-0.265739
0.653739
-0.761334
-0.764607
-0.726025
-0.600705
-0.816397
0.718607
0.304795
0.067068
0.060858
-0.795890
-0.532007
-0.740638
-0.668887
-0.539239
-0.031498
-0.462773
0.074454
0.474949
0.606503
0.455440
0.135193
-0.619645
0.022489
-0.712663
-0.177730
0.041671
0.756134
-0.363576
-0.631978
-0.125668
-0.481813
-0.469360
-0.559984
-0.366786
0.322954
1.302760
0.266225
-0.419212
1.315678
-0.238042
-0.181832
1.084404
0.801097
-0.915334
-0.787863
0.089028
-0.404816
-0.300270
-0.830183
0.650033
0.520088
-0.435620
0.231858
-0.336112
-0.617829
-0.456078
-0.363652
-0.358130
0.087570
0.555440
-0.676714
-0.034117
-0.648843
-0.361788
0.216257
-0.533817
-0.659442
-0.304194
0.125458
1.140758
-0.565063
-0.372796
-0.844242
-0.734939
-0.761102
1.782842
-0.070590
0.099052
0.844347
0.006703
0.317465
-0.684130
1.034525
-0.330145
-0.608177
-0.311462
0.795659
0.301196
-0.633152
2.600141
0.177204
1.363087
2.095709
0.551951
-0.515081
0.121760
0.642514
-0.374756
-0.392197
-0.635102
0.075593
-0.363497
-0.029471
-0.316000
0.195242
-0.313582
2.064148
-0.363652
0.803508
0.502662
-0.274551
-0.029595
0.994843
-0.404399
-0.202543
0.249921
0.356547
0.317883
0.470760
0.888586
1.135804
-0.414389
0.098740
0.410463
-0.827617
0.215833
0.796102
0.580072
1.538150
-0.517161
-0.806862
0.393972
2.083791
-0.682720
1.267531
2.270846
1.067021
2.276565
0.108980
0.512297
0.336490
-0.064925
0.736051
1.345745
1.101370
0.190693
0.348700
1.174789
1.084032
-0.368889
-0.083887
-0.393288
-0.566458
-0.491609
-0.341729
-0.469463
-0.612386
-0.597427
-0.487844
-0.640650
0.111280
-0.528043
-0.516250
-0.354322
-0.512191
-0.840263
-0.251577
-0.801851
-0.559435
-0.842526
-0.633984
-0.742651
-0.743096
-0.044665
-0.598293
-0.894447
-0.599662
-0.696252
-0.210260
-0.526725
-0.521670
-0.762947
-0.265162
-0.857174
0.166222
-0.704127
-0.535602
-0.648356
-0.517551
-0.510328
-0.578721
0.444700
-0.089357
-0.525308
-0.502544
0.009933
0.887902
-0.033681
-0.763034
-0.626696
-0.280815
0.507044
1.042946
-0.016463
-0.362969
-0.399268
-0.060432
0.429433
0.268150
0.887728
0.129924
-0.463144
0.535196
-0.233743
-0.167073
1.762396
0.045464
-0.345136
-0.553562
-0.026500
0.456485
0.144281
-0.250513
2.241349
-0.287639
0.350706
0.318395
-0.855129
0.306288
0.551729
-0.843843
0.652106
-0.174274
-0.495248
0.138333
-0.090750
1.089815
0.844824
-0.355298
0.174017
-0.741383
-0.519903
0.148294
-0.430758
0.100788
-0.191197
-0.899167
-0.355699
-0.330085
-0.075241
-0.837628
0.200304
0.182070
0.241518
0.844987
-0.252071
-0.307657
0.857362
-0.481923
-0.725763
0.011436
-0.091357
0.977355
0.585669
-0.369212
0.348518
-0.676053
-0.325959
0.009080
-0.129385
1.217353
0.821922
-0.003248
0.062436
0.448973
-0.104521
1.103849
0.483182
-0.479771
0.513184
1.459039
0.459006
0.695833
0.137761
-0.347534
0.089014
-0.333666
-0.306539
-0.333781
-0.009687
-0.087593
-0.517825
-0.040050
-0.290382
-0.352234
-0.084062
-0.038815
0.805725
0.701260
-0.442727
-0.195665
-0.333992
0.638278
0.369588
-0.652451
-0.122239
-0.249137
0.007117
0.978657
0.306310
1.155444
-0.255430
0.172075
-0.783536
0.744604
-0.425711
-0.233549
0.404973
0.642556
0.774325
0.460813
1.475713
0.315591
0.004527
2.252735
-0.504120
0.476756
0.037682
0.101133
-0.458491
0.031736
0.627473
-0.308068
-0.636550
0.132650
-0.541457
-0.493276
-0.560897
1.077642
-0.492622
-0.400155
0.010203
-0.433233
0.469376
-0.373818
-0.755094
-0.519773
-0.366214
0.253853
-0.124037
-0.843993
-0.647307
-0.812377
-0.171950
-0.804105
-0.767569
-0.107506
-0.239170
0.230962
-0.762375
-0.406888
-0.268683
-0.518271
-0.287225
-0.320766
-0.735658
-0.704518
-0.648065
-0.529553
-0.114037
-0.374155
-0.676293
1.285456
-0.330234
-0.203930
-0.548380
0.459618
-0.517565
0.433146
-0.362607
-0.294834
-0.536408
0.194170
0.039537
0.915135
0.107366
-0.170900
0.656833
0.158311
0.510846
1.486148
0.346508
0.303876
-0.563399
-0.524548
-0.110174
0.978143
-0.304541
2.383002
-0.140161
0.558901
0.161294
0.940597
-0.505582
-0.334007
1.904560
-0.657067
0.339654
-0.814429
0.589139
0.592230
-0.312703
-0.383292
-0.665226
1.858529
-0.223206
-0.566930
0.283281
-0.617788
-0.672305
-0.756834
0.493620
-0.710781
0.602211
0.246277
0.634744
-0.311452
-0.825065
-0.426594
-0.097142
0.100258
-0.787803
-0.430725
-0.569871
1.404899
-0.908251
-0.650197
0.206333
0.119444
0.928311
-0.133188
0.455130
-0.748199
1.284893
-0.783110
0.522866
-0.870834
-0.025062
-0.300681
0.818954
-0.085653
-0.881896
0.034015
0.032291
0.093972
1.115631
0.317146
0.128884
1.616310
0.017909
1.264506
-0.396031
1.156966
0.964912
0.662552
-0.101097
-0.156893
-0.191015
0.510849
-0.137908
-0.319937
-0.067612
-0.398455
-0.019473
0.015438
0.420014
-0.135782
-0.161818
1.129632
-0.169799
-0.020661
0.071013
0.293039
0.573822
-0.352223
1.030602
0.224718
0.093234
0.030328
0.254955
-0.185374
0.039812
-0.243476
0.024530
0.114352
0.381552
-0.732517
1.274180
0.132783
-0.521160
0.425605
-0.181221
0.875438
-0.936008
0.766775
-0.426381
0.726575
-0.007076
0.438320
0.183546
-0.098061
-0.129770
0.393507
0.053765
1.193132
-0.685701
-0.673797
0.078536
-0.677766
-0.517877
0.122603
-0.538563
-0.577167
-0.585084
-0.632466
-0.480134
-0.402508
-0.114191
-0.406899
0.069425
-0.511222
0.269832
-0.789350
-0.567941
-0.740454
-0.522743
-0.469601
-0.464576
-0.657567
-0.331113
-0.857458
-0.658263
0.768882
-0.271055
-0.105558
-0.585011
-0.529578
-0.527243
-0.540959
-0.706010
-0.615311
-0.556200
-0.454702
-0.581483
0.678861
0.306239
-0.146327
-0.205877
-0.374079
-0.490080
-0.133677
0.432030
-0.122198
0.534573
-0.252670
0.803899
-0.486003
-0.190185
0.154403
-0.285415
0.585062
-0.001598
1.033191
-0.644979
0.164369
0.563309
-0.094435
1.114902
1.250117
1.066169
-0.385326
-0.028252
2.504833
-0.374248
1.171489
1.107931
0.142585
-0.677232
0.641673
0.636608
-0.168419
0.199438
-0.129592
0.829809
-0.397072
-0.422074
-0.405100
-0.829763
-0.130516
-0.515630
0.159911
-0.563977
-0.618973
0.286314
0.233883
-0.019056
0.357551
-0.752076
-0.308826
-0.567556
-0.812253
0.091326
0.365730
0.729349
-0.196381
-0.070890
-0.704806
-0.857133
0.872806
-0.815561
-0.639850
0.506839
0.357188
-0.793759
-0.820504
-0.106742
-0.260720
-0.537472
-0.805500
-0.755653
0.606594
-0.267869
0.700437
0.979457
0.395845
1.391068
1.285313
-0.290258
0.878028
1.720995
0.579068
2.214302
-0.356347
-0.360819
0.039229
0.070127
-0.053488
0.229099
0.007280
-0.302339
0.657050
-0.266407
-0.143588
0.332415
0.827390
-0.065446
-0.338807
0.730342
-0.262903
0.824931
0.795065
-0.431396
-0.199898
0.206019
1.759757
-0.392665
0.209551
-0.219959
-0.022479
0.328373
-0.611755
0.064377
0.331375
0.659139
-0.116524
-0.502915
0.543400
-0.044488
0.704625
0.733297
0.353189
-0.317860
0.094014
1.017078
0.967077
-0.658637
1.829240
1.422158
-0.053140
0.101564
0.697063
0.241149
-0.082344
-0.685590
0.394946
0.450553
-0.083031
-0.564904
-0.147909
-0.529869
-0.616635
0.117695
-0.734588
-0.256315
-0.717251
-0.436179
-0.710775
-0.543816
-0.293101
-0.579136
-0.648920
-0.504171
-0.640564
-0.553115
-0.415871
-0.765187
-0.867684
0.008655
-0.762143
-0.690067
-0.781966
-0.016912
-0.206096
-0.084450
-0.309837
0.117503
-0.863950
0.392371
-0.408154
-0.439603
-0.159969
-0.643853
-0.790854
-0.158834
0.672802
-0.187314
0.205700
0.266572
-0.455763
-0.269634
0.083120
0.403804
-0.267642
-0.198718
-0.208311
-0.253430
-0.108610
0.001688
-0.233128
-0.139782
0.138911
-0.432990
-0.376327
1.204975
-0.113636
-0.576968
0.451171
-0.153756
1.400954
-0.181524
0.006275
-0.440635
2.051216
0.343070
-0.143304
-0.379857
0.966297
0.009370
-0.310488
0.728653
0.838447
0.175946
-0.533370
0.518790
-0.482398
0.821375
0.034896
-0.757437
-0.309060
0.342887
0.558591
-0.167886
-0.431087
0.577021
-0.095488
-0.521297
-0.351673
-0.803423
0.157908
0.330752
0.421071
-0.114936
-0.837359
0.126233
-0.183239
-0.331321
0.157740
-0.101262
0.562524
-0.374599
-0.009463
-0.288507
0.901428
0.093898
0.448392
-0.568395
-0.643397
-0.627446
-0.746301
-0.058104
-0.466536
0.087990
0.949784
-0.271800
-0.392517
-0.171128
-0.033033
0.510587
0.825302
1.037096
0.560868
-0.541702
0.443807
1.317924
-0.273304
-0.208766
-0.292843
-0.384544
-0.109153
-0.261552
-0.158650
0.615595
0.561968
0.054832
0.021222
0.033586
-0.060729
0.053923
0.752434
0.258117
-0.262870
0.292127
0.757462
0.744545
0.163007
0.299266
0.476734
-0.211774
-0.112122
0.421598
0.583595
-0.089118
0.259158
1.036382
0.024271
-0.139312
0.837189
-0.349933
0.365815
1.076255
-0.111437
1.009248
1.159083
0.438665
1.773860
-0.280028
-0.346143
0.376070
-0.185047
1.202409
0.852925
-0.150576
0.640484
0.715837
0.426953
0.375251
1.318618
-0.032536
1.125541
0.047180
0.205374
-0.310515
0.180446
-0.425777
-0.098313
-0.515751
-0.301904
-0.548605
-0.315275
-0.380423
-0.615329
-0.665253
-0.674773
-0.454953
-0.306967
-0.777131
0.246580
-0.220925
-0.198931
0.025880
-0.726727
-0.501625
-0.762097
-0.087854
-0.873569
-0.333335
-0.147120
-0.770495
-0.870929
-0.468198
-0.496657
-0.527505
-0.118009
-0.509467
-0.698317
-0.014295
-0.703768
-0.757785
0.215826
-0.823778
-0.596859
-0.737490
-0.993461
-0.065758
-0.047764
0.305182
0.060696
1.056931
-0.364102
0.019229
-0.099225
0.358699
-0.343917
0.036737
0.303840
1.213075
-0.669173
0.180020
-0.316941
0.202208
-0.378063
1.767416
-0.157064
1.273974
-0.687070
-0.407931
-0.266905
1.719251
-0.009511
0.532558
-0.313251
0.415905
-0.606724
-0.807537
0.332426
-0.140113
0.580488
0.399587
-0.843339
0.714843
-0.165004
0.250435
-0.205267
-0.604329
-0.297117
0.096312
-0.195128
-0.252568
-0.462509
0.940954
0.082632
-0.805936
0.139062
-0.666197
0.046738
-0.271862
-0.644637
0.638275
0.125857
0.534911
0.020079
-0.232135
-0.308032
-0.266757
0.148068
-0.753810
-0.678315
-0.645019
0.521848
-0.291977
-0.855856
-0.601395
-0.547367
-0.323547
1.583200
-0.127699
0.725977
1.583759
0.783889
-0.778815
-0.778565
1.975928
0.128104
2.401861
-0.761214
-0.647293
-0.252712
-0.136229
1.435170
0.951538
0.284173
-0.030733
-0.477567
-0.333753
-0.438813
-0.347337
0.256652
0.684698
0.294319
0.114491
0.972612
0.658390
0.181829
1.812162
0.606142
-0.042915
0.168869
-0.044190
-0.168842
-0.127843
0.956034
0.438354
0.252973
-0.341916
0.444197
-0.615263
-0.017819
0.729644
-0.245644
-0.068756
-0.034461
0.281645
0.233702
0.742505
1.329905
0.547566
1.005340
0.673789
1.347087
0.180534
0.196736
0.425725
1.104007
0.814337
0.446645
0.788261
1.477166
-0.117928
0.548690
-0.195242
0.332592
-0.298882
-0.226651
-0.624424
-0.357479
-0.325987
0.674543
-0.789447
-0.731176
-0.212744
-0.547759
-0.762561
-0.716741
-0.211556
-0.684851
-0.420677
-0.208751
-0.327043
-0.450177
-0.790072
-0.319410
0.344825
-0.625365
0.182294
-0.725945
-0.662115
-0.664846
-0.598410
0.606213
-0.854596
-0.660324
-0.241070
-0.005282
-0.132955
-0.469181
-0.527140
-0.429961
-0.824234
-0.666807
-0.714366
0.098549
-0.783343
-0.599882
0.094745
0.011292
-0.688324
-0.779371
-0.607073
-0.410991
-0.633204
-0.779501
-0.659208
-0.248208
-0.235936
1.219479
-0.536195
-0.605075
-0.145834
-0.341617
-0.015917
-0.235852
0.727198
-0.393589
0.540974
0.630276
-0.637717
0.410115
0.074080
-0.620860
0.489031
-0.649065
-0.328287
0.977356
1.447089
-0.255283
-0.281659
0.819697
0.794089
-0.348254
0.318397
0.485101
-0.681574
-0.671612
-0.861844
1.060745
0.345825
-0.260151
-0.796764
1.353513
-0.808301
-0.204730
-0.486945
-0.159375
0.203305
-0.406600
0.200490
0.342723
0.124282
0.844490
-0.060137
-0.233000
-0.316715
-0.067017
0.750092
-0.554490
0.390507
-0.587422
-0.088898
-0.313130
-0.503908
0.370997
-0.272393
0.304812
-0.245302
-0.848978
-0.503897
0.397246
-0.590113
-0.779750
1.493435
1.098376
-0.040723
-0.517976
-0.236401
1.177032
-0.559812
1.257807
1.483190
-0.312427
1.399519
-0.129258
0.562058
1.220283
0.391120
-0.007218
0.766018
0.796711
0.665718
0.432367
-0.464808
-0.474551
-0.430738
1.315706
-0.020140
0.609381
-0.654332
0.259361
0.099176
0.946571
-0.554193
-0.164530
1.321858
-0.040746
-0.230163
-0.517893
-0.185233
0.120056
1.674798
1.035133
-0.732535
-0.008556
0.204828
0.777037
0.573400
0.290693
0.575176
1.076298
-0.194877
-0.570379
0.783373
-0.000614
0.860941
0.658873
0.935732
-0.140339
-0.152475
1.573397
-0.648780
0.107368
1.167526
0.477761
-0.254092
0.014853
1.297278
0.354297
0.783611
0.330687
0.741969
0.930562
-0.111673
0.486217
0.342450
-0.594376
-0.091444
-0.122170
-0.723027
-0.306684
-0.198121
-0.669090
-0.677875
-0.605620
-0.128447
-0.519862
-0.185918
-0.579738
-0.432133
-0.494590
-0.450428
-0.705997
-0.499133
-0.964696
-0.767750
-0.016867
-0.085656
-0.796809
-0.471898
-0.380860
-0.573960
-0.216249
-0.944950
-0.518440
0.063942
-0.537741
-0.792883
-0.477935
-0.525781
-0.144453
-0.688322
-0.633844
0.093350
-0.729436
-0.602047
0.059830
-0.512915
-0.689665
-0.154664
-0.283784
-0.304873
0.178243
-0.437697
-0.730522
-0.383474
0.207529
-0.503394
0.236864
0.663756
0.867635
-0.092132
-0.608635
-0.142746
1.813350
-0.533220
-0.505147
-0.434940
0.631398
-0.592898
0.150532
0.989556
0.169244
0.602573
-0.483834
-0.332154
-0.351136
-0.260660
-0.798378
-0.359817
-0.132240
-0.363451
0.487473
2.081958
-0.601972
-0.241676
-0.447840
0.305557
-0.701891
0.229652
0.914621
-0.127452
-0.322751
-0.287580
-0.630363
0.005890
-0.493686
1.190479
-0.744071
-0.932036
-0.682228
-0.176395
0.495833
-0.401005
-0.382883
-0.826039
-0.154384
1.223013
0.056396
2.011136
-0.153799
-0.501564
-0.279070
0.405437
-0.298482
-0.797300
-0.509113
-0.923591
0.683064
-0.640802
0.594798
-0.546306
1.835518
-0.477560
0.065654
0.757124
1.639758
0.139875
1.636959
-0.560353
-0.002398
0.908913
1.132490
-0.219488
1.442920
1.369678
-0.182560
0.461323
0.086152
0.631326
-0.147702
1.211299
-0.325603
-0.613592
-0.474258
-0.294038
-0.196111
1.019973
-0.239242
-0.398255
0.436785
-0.502167
0.875978
0.528346
0.105984
0.594267
0.095849
0.702734
-0.641585
-0.337562
-0.301914
0.719890
-0.728418
-0.287140
-0.892474
0.108868
-0.000647
1.061569
0.532131
1.164779
0.806582
0.767436
0.605739
0.290001
-0.570519
0.198841
1.046259
0.948453
-0.564790
0.777937
1.011123
0.247676
0.966986
-0.281209
-0.597081
-0.505580
-0.312329
-0.486254
0.637507
-0.202360
0.927454
-0.521345
-0.467702
0.367046
-0.438517
-0.359896
0.186835
-0.127711
-0.709093
-0.414250
0.106809
-0.654456
-0.652104
-0.498461
0.186131
-0.542810
0.263225
-0.867183
-0.858767
-0.730628
0.071439
-0.731945
0.087446
-0.042020
-0.032988
-0.393122
0.413246
-0.511818
0.550260
-0.301260
-0.547060
-0.591540
-0.524084
-0.166975
-0.245857
-0.324931
-0.762612
-0.430937
-0.788537
-0.306112
0.004166
-0.580675
-0.507777
-0.125667
-0.178512
-0.337900
0.227384
-0.255734
0.397890
0.166059
-0.113660
-0.284335
0.117124
-0.268986
0.191532
-0.552861
-0.215839
-0.414859
0.443321
-0.354180
-0.133710
0.784063
-0.078756
0.051862
0.675399
0.355642
0.566479
1.703986
0.631184
0.631216
-0.853273
0.140348
-0.374326
0.227032
0.444480
-0.789412
-0.407479
-0.443158
-0.459153
0.728881
-0.663603
0.099747
-0.743160
0.293989
0.002446
0.183972
0.452972
0.154560
0.442552
0.321318
1.713974
-0.625827
-0.681428
-0.117904
-0.094650
-0.898404
-0.756970
1.689710
-0.014331
-0.522632
-0.699511
0.228390
-0.006150
-0.173522
0.451728
-0.766675
-0.815141
0.227875
-0.339021
-0.711524
-0.372048
0.926128
-0.313459
1.152061
0.016091
-0.816446
-0.143676
0.855939
0.509690
1.331990
0.163282
2.483350
-0.430061
-0.630419
0.820493
0.470786
0.202520
0.048074
0.708343
0.379747
-0.065148
-0.043788
-0.244734
0.117084
-0.237386
0.083372
-0.013154
-0.176354
0.165012
-0.157592
0.270452
-0.371332
0.160985
1.550555
-0.245163
-0.230105
0.558386
-0.386206
-0.431630
1.053206
-0.074487
0.261184
-0.085846
-0.328336
0.080475
-0.518932
-0.693428
-0.410744
1.767799
0.090180
0.441076
0.640359
1.925486
-0.768537
1.043257
0.243551
0.683084
0.300326
-0.062371
0.013046
1.172238
-0.081885
0.193402
1.511100
-0.361242
0.987369
-0.467481
0.008777
-0.508631
0.377854
-0.497130
-0.188413
-0.336237
1.350208
-0.510615
0.308950
-0.199585
-0.496823
-0.600598
-0.384869
-0.238884
-0.174501
-0.006252
-0.373211
-0.717507
-0.051630
-0.642194
-0.506347
-0.626665
-0.752692
-0.581554
-0.626189
0.335525
-0.648041
-0.256568
-0.594366
-0.925133
-0.906885
-0.557140
-0.297734
-0.742239
-0.584500
-0.804471
-0.714356
0.048135
-0.522040
-0.410551
0.247486
0.195451
-0.419403
-0.647942
-0.231926
-0.596844
-0.629202
0.109384
-0.477362
-0.488691
-0.543702
-0.079767
0.260596
-0.422896
0.207814
0.021315
1.003667
0.714071
0.061024
-0.390051
2.181742
1.737011
0.704690
-0.423749
-0.562566
-0.441166
0.552547
-0.762040
1.202011
0.780215
-0.346396
-0.192099
0.941122
-0.544995
1.629764
1.561608
0.439413
0.965110
0.982666
-0.655197
-0.483200
-0.554101
0.114375
-0.212425
-0.073347
0.745853
-0.440181
-0.717321
0.558567
-0.181560
1.877639
-0.264697
-0.793083
-0.769208
-0.664541
0.417171
-0.604326
-0.531653
1.367369
-0.839862
-0.513257
0.856302
-0.380018
0.777591
0.130042
-0.426043
0.879568
-0.420165
-0.137662
0.163248
-0.882870
-0.108457
0.370771
-0.659673
0.857433
-0.548924
-0.244319
1.112829
0.301267
0.496130
0.231675
-0.762071
-0.284011
1.311575
0.191406
0.798131
0.631340
-0.093825
-0.329503
1.031414
0.099183
-0.256365
0.463275
-0.275883
-0.078644
0.299606
0.123521
-0.202167
0.142784
-0.227234
0.697223
0.115115
0.077901
0.434149
-0.225671
0.694465
0.120116
0.768848
-0.196092
-0.534398
-0.129395
0.368004
0.264225
-0.256864
-0.161225
0.718340
0.848064
-0.476397
-0.196405
0.090800
0.182009
0.300817
1.199741
0.715853
-0.205481
-0.105404
0.570120
0.542267
0.716545
0.945558
0.706347
0.748395
-0.218172
-0.050589
-0.256314
-0.353615
0.503120
0.390018
1.356863
0.475441
0.332571
0.510600
-0.519690
-0.419991
0.684973
0.007692
-0.331280
-0.421299
-0.656256
-0.452664
-0.611095
-0.463903
-0.240919
-0.389962
-0.233739
-0.489640
0.220523
-0.783082
-0.437975
-0.259761
-0.524733
-0.742319
-0.484721
-0.746712
-0.442156
-0.739457
-0.688650
-0.592214
-0.717938
-0.142248
-0.848850
-0.225698
-0.731236
0.211126
0.407605
-0.434514
-0.471725
-0.730324
-0.853656
-0.761725
-0.615848
-0.229778
-0.014077
0.105745
-0.102394
-0.116142
-0.111670
-0.576956
-0.527477
-0.645257
0.463540
-0.244161
-0.102074
0.475011
-0.829764
-0.230497
0.289034
-0.230460
-0.154293
-0.079583
0.830141
-0.412529
-0.038556
-0.454013
0.927819
-0.704101
0.431303
1.394051
0.707786
-0.353882
0.553208
0.883976
0.025218
0.818341
-0.625990
-0.859830
-0.623154
0.595217
-0.037394
0.138682
0.247720
1.160003
0.581605
1.246287
-0.892041
-0.442743
0.553814
0.522322
-0.685856
-0.183576
-0.728522
-0.306028
-0.306332
-0.300993
-0.111359
0.121269
-0.680391
0.253669
-0.313220
-0.783498
0.208393
0.443845
-0.535819
-0.658739
-0.285982
-0.735736
0.895463
0.498619
0.140391
0.085132
-0.000028
-0.879777
-0.366029
-0.607748
-0.724586
1.686191
-0.360663
0.446793
-0.621827
-0.033654
1.224255
1.218737
1.548904
1.132662
0.657304
0.811746
-0.557204
0.647871
0.512960
-0.492746
0.535211
-0.202276
0.283631
-0.288698
-0.490251
0.060108
-0.202254
-0.135493
-0.152237
0.542358
-0.167076
-0.265613
0.333887
-0.104616
-0.180703
-0.154215
-0.106475
-0.078351
1.535174
0.782413
0.105172
0.720286
-0.138469
0.259939
-0.532133
0.204920
0.167311
2.507801
0.922691
-0.246220
-0.247476
1.021731
-0.406694
0.360761
0.708118
-0.093269
0.354447
0.292578
1.125198
-0.380419
0.081673
-0.778448
0.465659
0.364943
-0.169270
0.479973
0.979160
2.049616
0.688498
0.439663
0.931914
0.386714
0.840360
0.174817
-0.010102
0.678366
-0.411778
-0.417640
-0.718753
-0.074841
0.160959
-0.004327
-0.496974
-0.439421
-0.716577
-0.619349
-0.004323
-0.569311
-0.757181
-0.391798
-0.341661
0.539449
0.168869
-0.594633
-0.256595
-0.074376
-0.266919
-0.463087
-0.839520
-0.846087
-0.792663
-0.031883
0.707725
-0.460935
0.025364
-0.357636
-0.254034
-0.794413
0.239992
-0.050983
0.323342
0.271124
-0.766154
-0.796197
-0.834106
-0.676102
-0.803334
-0.630511
-0.738028
-0.763128
-0.715679
-0.303533
0.202841
-0.625116
-0.097667
-0.612404
-0.678749
-0.200483
-0.323721
-0.516383
-0.481039
0.380971
-0.621485
1.236265
0.272100
-0.267571
0.319322
-0.493934
0.180018
0.488180
-0.388613
1.165102
0.232027
0.098473
1.129989
0.906094
1.436063
-0.659566
-0.547049
-0.297554
-0.843344
1.263042
0.722220
-0.177517
-0.259399
-0.712436
0.276048
1.195239
-0.803075
-0.528097
0.001006
0.621925
-0.639458
-0.291909
0.684137
-0.442214
0.271688
-0.556238
0.039201
-0.512561
0.593763
1.176923
-0.733751
0.694694
-0.178027
1.091338
-0.707946
-0.265447
-0.586238
0.035702
0.064124
-0.806529
-0.876256
-0.024961
0.092042
-0.543409
0.076922
0.020974
0.637667
-0.285760
-0.403385
-0.267237
-0.856062
1.968225
1.402302
0.223086
0.387184
0.582456
0.200513
-0.729559
0.269092
0.288266
0.132221
-0.302991
0.189357
-0.163698
0.557648
0.345368
-0.168371
0.393079
-0.143038
-0.395844
-0.205892
0.633856
0.269456
0.073101
-0.206825
0.335533
0.234837
-0.094488
0.262074
-0.214624
0.418169
0.331467
1.302232
-0.330601
-0.313055
0.455481
-0.323539
-0.396452
0.414040
0.386675
1.126650
0.621117
0.086350
-0.581862
-0.178929
0.695863
0.448056
1.037939
0.672860
1.810399
1.395582
1.351415
0.640791
-0.025358
1.553824
0.442795
1.073732
0.924065
-0.192634
-0.191022
0.450475
0.233264
0.109853
0.257163
-0.025770
0.718080
0.436747
0.276437
-0.288388
-0.349257
-0.264491
-0.385916
-0.659912
-0.456977
-0.614994
-0.576144
-0.602982
-0.740195
-0.665105
-0.687979
-0.251339
-0.534091
-0.808103
-0.561986
-0.674962
0.395558
0.094895
-0.787982
-0.804023
-0.929117
-0.523204
-0.702009
-0.928830
-0.566559
-0.302516
-0.550126
-0.833046
-0.742938
-0.398867
-0.686245
0.533342
0.652337
-0.188556
0.067909
0.080355
-0.744189
-0.903481
-0.287336
-0.676942
0.409128
-0.292390
-0.107844
-0.600167
-0.598968
-0.423836
0.763194
-0.431140
-0.041183
-0.553339
-0.586223
-0.757322
-0.420265
-0.737272
0.185452
1.375856
-0.059675
-0.388712
2.211984
0.113387
-0.410460
-0.139954
-0.278828
0.071541
-0.319904
0.480770
-0.691681
0.562158
0.383076
0.665852
-0.587765
-0.356978
1.554506
-0.201099
1.053845
0.694276
-0.009638
0.427702
1.152703
-0.452822
-0.143255
-0.055205
-0.257408
-0.421219
0.485934
0.954755
-0.173489
-0.027836
-0.447657
-0.344138
0.048156
-0.219713
-0.212109
-0.027700
0.330365
0.033385
-0.868020
0.697915
-0.781742
-0.292371
0.047939
-0.568440
0.862724
-0.032770
-0.625716
0.362214
0.497538
-0.277438
-0.581079
-0.023374
-0.312286
-0.743891
-0.765474
1.206459
0.230737
0.674913
-0.707691
-0.648848
0.444070
1.017747
-0.624171
0.306649
0.247637
1.938033
0.721432
-0.040015
1.838482
-0.563662
0.422055
0.641381
-0.660929
0.572076
-0.463348
0.433116
-0.646828
0.716213
-0.174761
-0.090284
-0.309981
0.033882
0.084309
1.291572
0.039632
0.130935
1.050221
-0.314055
0.333933
-0.384795
-0.193378
-0.128642
0.019038
-0.397729
0.697011
-0.437190
0.832168
-0.294595
1.138837
0.523540
-0.718076
0.574632
0.598932
1.483484
0.548866
0.127950
1.664989
1.861633
0.852708
1.407564
-0.183108
0.280332
-0.467084
0.512059
0.142603
0.873715
0.376000
1.171681
-0.163873
1.056576
0.102512
0.868725
1.082817
-0.176468
-0.646817
-0.026167
-0.497476
-0.597029
-0.539271
-0.670911
-0.828263
-0.158415
0.197659
-0.546216
-0.782865
-0.440972
-0.195417
0.292751
-0.713542
0.431236
0.166583
1.103934
1.777411
-0.969707
-0.832358
-0.399761
0.568108
-0.656506
0.616685
1.772877
0.926384
-0.591515
-0.745056
-0.111710
-0.459210
-0.527190
-0.499286
-0.913693
-0.818433
-0.307821
-0.640128
-0.681294
-0.589600
-0.443026
-0.762353
-0.674420
-0.526785
-0.108109
-0.718944
-0.365066
-0.642379
-0.391144
0.241689
0.408950
-0.656413
-0.693490
-0.318841
-0.594848
-0.711627
-0.291468
-0.566157
0.254608
0.016135
-0.478610
-0.258171
-0.071472
-0.185589
-0.467927
-0.097940
0.195018
0.238249
-0.052237
0.168685
0.135048
-0.784396
-0.630695
-0.528042
-0.481389
1.040087
-0.736331
1.000744
-0.173442
1.698121
-0.844378
-0.397786
-0.608576
-0.825177
1.067466
0.294151
0.081494
-0.264596
-0.745528
-0.229042
-0.528626
-0.762432
-0.244642
-0.279358
1.207841
-0.657165
-0.467392
-0.042229
-0.594100
0.577889
-0.567029
-0.537507
0.204256
0.599716
0.149075
-0.354848
-0.523119
0.739848
0.506546
0.246748
0.412248
-0.848835
-0.651528
0.589430
0.046378
0.089197
-0.595516
-0.379356
0.217847
-0.719078
-0.552645
0.786042
0.835182
-0.593977
0.829580
0.184348
1.013115
0.242625
1.167252
-0.740938
0.481664
-0.603811
0.029398
1.282957
0.286872
1.056295
0.265034
0.365942
0.114382
-0.486398
-0.373773
-0.584979
-0.305938
0.138056
-0.366635
-0.238716
-0.271995
0.281563
1.452120
0.540158
-0.443309
-0.525306
0.034967
0.057927
-0.332816
0.116771
0.472055
-0.279943
-0.355223
-0.629449
-0.152599
-0.349991
0.769078
0.129335
0.385759
0.594704
-0.268271
0.311369
0.171279
-0.150993
-0.626699
0.910244
-0.101519
0.701875
0.990411
1.007540
0.849627
0.701162
-0.153526
0.363552
0.270796
0.227564
1.838359
0.990137
0.577057
-0.383512
0.015920
-0.544102
0.382982
-0.500308
0.051504
0.546389
-0.401702
-0.096439
-0.666565
-0.495485
-0.631027
-0.715243
0.174826
-0.561383
-0.025603
-0.276208
-0.724547
-0.679698
1.165598
0.223452
-0.435122
-0.368703
-0.386694
0.687251
-0.788910
-0.634054
-0.832103
-0.520272
0.451054
-0.645808
-0.393286
1.129452
-0.586030
0.209714
-0.093828
-0.737493
-0.237280
-0.738090
-0.053586
-0.645298
-0.846032
-0.454594
-0.536300
-0.502036
-0.414765
-0.609768
0.117898
0.411400
-0.179016
-0.267641
-0.400546
0.294989
-0.394809
0.198318
-0.496272
-0.461311
0.044904
0.331936
-0.082163
0.081152
0.244707
0.418174
0.092925
-0.594620
0.912858
0.069183
-0.644134
0.454532
-0.231981
0.719268
0.867708
0.691222
1.470164
-0.032274
1.108899
-0.680573
-0.405520
-0.142345
0.016044
1.120815
0.525064
0.057085
-0.283387
-0.599504
0.093078
-0.273944
0.532139
-0.610107
0.482080
0.167792
-0.893774
0.269932
-0.202292
-0.510773
-0.332652
-0.325863
0.791975
-0.099430
-0.172996
-0.184649
-0.080096
-0.879877
-0.125411
-0.307398
0.606539
-0.775351
-0.580437
-0.610153
0.103577
-0.875767
-0.159001
1.224812
-0.679892
-0.607557
0.901825
0.556611
0.038889
-0.216381
-0.993896
1.249805
-0.462018
1.133900
0.997228
0.524767
-0.119645
0.333115
0.554867
0.374767
0.313300
0.129442
1.699546
0.393707
0.825003
-0.272800
0.877940
0.010133
0.108304
0.102937
-0.074038
-0.061317
-0.012838
-0.042618
-0.135326
0.113839
-0.329708
-0.008916
0.514921
-0.252420
0.811237
0.391526
-0.107808
0.318751
-0.439514
0.475562
0.315799
0.098257
1.270580
0.290237
0.152332
-0.141312
-0.000685
-0.456572
-0.362122
-0.087341
0.330301
0.247449
0.012290
1.545835
0.131450
-0.134177
1.091797
0.070901
0.931058
1.398542
0.201916
0.066877
-0.203264
-0.375444
0.161164
-0.095382
0.432622
0.425043
-0.550985
0.439609
-0.497119
-0.388538
-0.056328
-0.584735
-0.567249
0.035249
-0.717103
-0.662808
-0.532339
-0.517775
0.427718
-0.472786
-0.596988
0.074519
-0.356661
0.144542
0.241322
-0.331124
-0.048239
-0.049570
-0.453298
-0.509199
0.237113
0.310259
-0.576951
-0.147130
-0.314984
-0.598497
-0.602184
-0.001291
0.173594
-0.458753
-0.499601
0.423981
0.322526
-0.585582
-0.790803
0.056425
-0.212386
-0.578194
-0.223019
-0.584339
-0.215465
-0.442652
0.142076
-0.669931
-0.653161
0.435511
0.068134
0.488892
0.596444
-0.422895
-0.189013
0.045345
0.258667
0.963298
0.299468
1.259681
-0.276127
-0.471668
-0.217284
-0.374727
0.037015
-0.114459
0.034735
-0.161384
-0.498328
-0.239103
-0.484705
-0.399355
1.795031
0.036092
0.210478
-0.122070
0.488680
-0.094982
-0.495442
0.759483
-0.529883
-0.494857
-0.772378
-0.363541
0.309005
-0.126771
0.677786
0.796955
-0.509762
-0.163641
-0.546115
-0.776173
-0.726057
-0.385841
-0.519029
0.044325
0.846307
-0.705695
-0.575803
-0.663332
1.317841
0.633917
0.956448
0.425604
-0.266494
-0.690454
-0.856671
-0.755340
0.019290
-0.791855
1.234821
0.658198
0.016560
-0.785753
-0.806709
0.691608
-0.316818
-0.056998
0.188142
-0.519374
-0.776808
0.984470
-0.331781
2.243911
0.899127
1.137664
0.230879
-0.420080
1.567586
-0.374794
-0.019462
0.276067
1.045450
0.310357
0.590641
0.089200
-0.180662
0.190683
-0.124554
0.441651
1.308637
-0.283702
0.737464
-0.158901
0.295936
-0.407722
-0.032866
-0.293550
0.144880
1.117340
0.240357
-0.072458
-0.044754
-0.457313
0.170179
-0.509233
-0.237097
0.682018
-0.373463
-0.107052
0.282258
-0.231370
0.202925
0.689227
0.721976
-0.119191
0.579029
-0.450834
-0.076941
1.477258
0.745616
0.222752
0.962170
-0.415098
0.397492
0.388812
0.766388
-0.344310
-0.274238
1.056938
0.792331
0.712206
-0.218242
0.513662
0.244628
-0.211127
-0.126179
-0.336563
-0.600429
-0.284195
-0.744550
-0.050788
-0.305979
0.120465
-0.341919
-0.747847
-0.302545
-0.512707
-0.792216
-0.791718
-0.826390
-0.724321
-0.812701
-0.774139
-0.397613
0.620877
-0.182716
0.178639
0.047307
-0.731922
-0.301098
-0.496428
-0.354832
0.206523
-0.838974
-0.504463
-0.411918
-0.739579
0.622687
-0.639169
-0.399632
-0.584083
-0.586580
-0.169834
0.552635
-0.281249
-0.316668
-0.459388
0.052386
-0.484974
-0.603542
-0.527637
-0.251078
-0.179543
0.251730
-0.009016
0.323322
-0.314590
0.541274
0.719544
-0.261906
-0.324949
0.076641
-0.219241
1.123544
0.897106
0.210498
0.900782
0.136060
-0.216938
0.087462
-0.710884
0.517573
0.091889
0.130336
-0.329331
0.406556
-0.743277
-0.315667
1.245029
0.237673
-0.269174
-0.771633
0.190973
-0.811347
0.555742
-0.443206
-0.677256
1.194558
-0.397690
0.373231
-0.791754
-0.476746
-0.602879
1.187756
-0.066974
-0.888664
-0.538917
-0.181865
-0.370037
0.245675
0.055113
0.961762
-0.648106
0.983218
0.129349
-0.720991
-0.414645
-0.668327
-0.056748
-0.518163
0.610264
-0.321219
0.210908
0.256142
-0.028620
-0.835568
0.273641
-0.685808
0.693452
-0.056923
0.068227
0.678853
0.213901
1.166090
1.233192
0.363347
0.846922
-0.317969
1.932693
0.202961
-0.219918
-0.509748
0.819446
0.552078
-0.307678
-0.186528
-0.058185
0.837677
-0.121758
0.406332
0.051345
-0.224225
-0.130472
0.374214
0.382521
-0.171663
0.493457
0.353733
0.735904
0.041510
-0.067694
-0.373321
-0.147390
0.037928
-0.105357
0.700104
-0.192487
-0.306876
1.111169
1.367431
1.599511
-0.314514
-0.164820
-0.381091
-0.079468
1.595199
0.147210
0.105845
1.446982
0.319286
-0.274293
0.369335
0.580212
1.317313
0.925577
0.004327
0.846315
0.696406
0.457873
-0.386146
-0.251286
0.958774
-0.426431
0.604055
-0.276386
-0.115348
-0.101722
0.122417
0.649847
-0.622145
-0.644010
-0.617640
-0.493314
0.418678
-0.484961
-0.592116
-0.720043
0.011655
-0.472899
-0.748057
-0.404646
-0.391941
-0.290354
-0.906151
-0.585689
-0.378620
-0.460842
-0.862891
-0.477174
-0.420811
-0.800242
-0.712835
-0.746345
-0.575033
-0.709212
-0.156825
-0.661049
-0.610549
-0.571722
-0.432492
-0.550935
-0.558945
-0.528120
-0.456598
-0.123302
-0.541360
0.238475
-0.717085
-0.574552
-0.478158
0.928365
0.139461
-0.392165
-0.589817
-0.228468
-0.513469
-0.372343
-0.424662
-0.524770
-0.266839
-0.043087
2.821214
-0.199288
1.397433
-0.537019
0.726139
-0.077285
0.218804
1.245822
0.143547
1.187201
-0.640446
0.082664
-0.384001
1.513574
-0.350359
0.851253
0.752053
0.590506
1.285629
0.446076
0.367078
0.153662
0.407145
-0.743768
-0.371870
-0.280066
0.113928
-0.349683
1.077492
-0.769189
-0.290585
0.828586
-0.466635
-0.697360
-0.663649
-0.041818
-0.242992
0.657309
0.321921
0.831225
-0.117339
-0.618701
-0.583215
-0.142967
-0.671589
-0.643452
-0.302192
-0.613873
-0.731179
-0.895138
-0.687678
0.247639
-0.783245
-0.711448
-0.592086
0.319688
1.390325
0.327979
1.657163
-0.440559
-0.211710
-0.478069
-0.563638
-0.041666
1.654417
0.713022
0.173705
0.235298
0.496982
0.456761
-0.444498
-0.395232
0.566903
1.321818
0.390842
1.447868
0.562052
-0.146827
0.182453
-0.470175
0.246426
-0.372371
-0.264001
0.685678
0.722891
0.974597
-0.292558
0.601549
-0.184188
0.419051
1.213526
-0.346906
0.111851
0.223445
0.209302
-0.078374
0.924952
0.970544
-0.291563
0.730342
-0.584063
-0.172462
1.641999
1.267787
0.547659
1.951999
0.238067
-0.248313
0.477055
0.918818
0.809451
0.006269
0.606636
-0.590256
0.710330
1.264738
0.859789
1.224441
0.052352
0.598630
0.303933
0.803037
0.304864
-0.797116
0.253297
0.101259
-0.645704
-0.311938
0.622564
-0.214638
-0.504547
-0.717069
-0.649565
-0.589259
-0.549966
-0.091119
-0.575039
0.056615
-0.648711
-0.724352
-0.647786
-0.417309
-0.567567
-0.708592
-0.239880
0.241110
-0.482718
-0.403279
-0.771793
-0.534089
-0.329625
-0.808760
-0.343397
-0.008460
-0.728461
-0.880957
-0.264213
-0.272148
-0.735170
-0.554453
-0.287304
-0.318193
-0.234546
-0.177253
-0.442892
-0.321612
-0.607252
-0.692367
-0.721340
-0.213333
-0.560267
-0.250115
0.496648
-0.502264
-0.346670
-0.573110
0.289257
-0.088471
-0.531766
-0.348815
-0.726912
0.199841
-0.309142
1.060249
0.139411
0.327172
0.885342
-0.329700
0.153000
1.325476
1.133895
-0.442332
1.280094
0.360078
-0.678422
0.751704
-0.673927
-0.442187
-0.112830
0.344753
1.102324
0.217931
0.725662
-0.531109
-0.685553
-0.739927
0.305115
0.504526
-0.874706
-0.166654
-0.499972
0.047791
-0.042578
-0.469986
1.279207
-0.546943
-0.673294
-0.613618
0.004225
-0.585477
-0.152125
-0.532056
-0.118930
-0.840460
-0.619843
1.400360
-0.880300
0.120319
0.363807
-0.091270
-0.573662
0.203687
0.200288
-0.215529
-0.630668
0.728324
-0.309046
-0.858248
0.817212
-0.560967
-0.163932
-0.615393
-0.206966
-0.189125
-0.649868
0.059005
-0.681584
0.898781
0.214134
-0.460678
0.504026
1.898831
1.474924
1.385681
1.215448
0.286118
-0.666933
0.039398
-0.080099
-0.121777
0.163376
-0.513049
-0.446654
-0.317136
0.418964
-0.352414
0.862671
0.651670
1.446753
-0.169992
-0.169333
0.117344
-0.406388
1.395109
-0.062772
2.470288
-0.191588
-0.113521
0.442235
0.379161
0.683181
0.379550
-0.089255
-0.231702
0.073851
1.278482
0.892465
0.500603
1.919507
0.928071
1.047588
-0.115802
0.666452
1.295396
0.640165
1.095280
0.815520
1.434211
-0.447699
1.240203
0.326750
0.746177
0.120313
1.068410
1.205963
0.340834
0.398986
0.712729
0.261883
-0.135281
0.216922
0.484382
-0.635590
-0.057549
-0.118644
-0.052498
-0.331908
-0.114913
-0.535675
-0.724732
-0.695954
-0.447357
-0.414293
-0.605490
-0.391549
-0.476036
-0.233040
-0.574006
0.835530
-0.743748
0.209599
-0.497337
-0.900023
-0.414515
-0.414293
-0.210929
-0.468142
-0.618446
-0.819550
-0.209331
-0.436231
-0.454266
-0.486502
-0.838559
-0.643348
0.043406
-0.809037
-0.227223
0.241329
0.209798
-0.119868
0.116638
0.169585
-0.139224
-0.626342
-0.289220
-0.493610
-0.612699
0.001476
-0.276445
-0.528317
-0.143878
0.001325
-0.574264
-0.398517
-0.500269
-0.487820
0.647929
-0.388473
0.077619
-0.136861
-0.464464
-0.589267
-0.469827
0.849753
0.610964
1.531443
-0.758916
-0.466175
-0.488726
-0.618996
0.449922
-0.517066
1.370313
0.601948
-0.313235
0.011055
-0.043689
0.212755
1.366871
-0.388212
-0.206575
-0.158137
-0.430082
0.441718
-0.361266
0.011590
0.357353
0.856168
0.957104
-0.150034
-0.660211
-0.132190
-0.769369
0.694728
-0.164570
-0.697818
-0.588143
-0.074391
-0.147817
-0.242583
-0.604283
-0.011909
0.076319
-0.151702
-0.137500
0.859477
0.149137
-0.566698
1.174107
0.821589
0.973533
0.102789
-0.077844
-0.515765
-0.830406
0.123688
0.351140
-0.786717
-0.077221
-0.487040
0.497009
-0.540199
0.216287
0.714431
0.234065
1.030473
0.277388
-0.146815
0.271525
0.828682
0.577404
-0.044479
0.946544
0.152937
-0.498683
0.213467
-0.430147
-0.318342
-0.194112
0.006606
-0.397443
-0.406444
-0.133950
-0.465679
-0.228607
-0.225244
0.437341
0.064853
1.097788
-0.063618
-0.341982
0.206737
0.453783
-0.509496
-0.534775
1.032751
-0.411256
-0.470016
-0.358592
1.353781
0.356820
1.040251
1.452341
0.308481
0.583693
-0.824450
-0.786029
0.679813
0.702770
0.029589
0.346871
0.735125
-0.268742
0.497206
0.666528
-0.492431
0.216092
0.523632
0.630180
2.039705
0.727968
-0.471963
-0.533508
-0.270343
0.257627
-0.252346
-0.498778
-0.053953
-0.531594
0.275434
-0.587506
-0.537302
0.003985
-0.654392
-0.028930
0.037074
-0.303201
-0.666692
0.267270
-0.784439
-0.395432
-0.373182
-0.585106
-0.791352
0.229737
-0.738580
-0.707796
-0.692783
-0.527686
-0.789070
-0.078776
-0.288128
-0.485591
-0.299399
-0.829282
-0.383596
-0.683589
-0.762502
-0.638398
-0.653600
-0.477838
-0.571432
-0.852634
-0.268610
0.667521
0.068879
-0.440791
0.166239
-0.650166
0.780485
-0.132115
1.027270
-0.518549
-0.063470
0.453229
-0.013759
1.182899
-0.343430
0.001827
-0.291995
-0.091067
0.253812
0.356889
0.697188
-0.493580
0.182978
0.283500
-0.251713
-0.412131
0.642375
-0.571354
-0.581336
1.894829
-0.666543
-0.726204
0.942079
-0.400121
1.870687
-0.118202
-0.733894
-0.216362
1.096440
-0.683372
1.430925
-0.798577
0.107161
-0.059210
-0.196238
0.606056
0.309770
1.523187
-0.249398
-0.127051
-0.018242
0.080807
-0.485160
-0.233566
-0.694251
-0.042752
0.507628
-0.322066
-0.655066
0.162465
-0.153764
-0.174065
-0.559481
-0.379175
0.183583
-0.344850
-0.561855
0.193479
-0.280776
-0.393412
-0.442032
-0.595981
-0.595296
0.645415
0.649258
-0.925245
-0.920972
-0.041525
-0.249094
1.492117
-0.524000
-0.047384
-0.105411
0.470218
-0.386155
0.835980
0.894314
1.314253
-0.549542
0.519466
0.360700
-0.207038
1.215794
0.034617
0.852704
0.534237
0.416276
-0.036437
0.148329
-0.056603
0.430124
-0.150238
0.597216
0.107288
-0.054790
0.067881
0.080712
-0.278409
0.393566
1.553442
0.592360
-0.316698
-0.136861
0.083891
-0.074372
-0.020407
-0.443931
1.207181
0.379596
-0.441300
0.074312
-0.283248
-0.094925
1.006444
0.512978
1.150204
0.045467
1.595043
-0.298379
-0.438250
-0.300221
0.101219
0.175141
0.160473
0.951243
0.863146
-0.500830
1.373202
-0.508883
0.973219
0.632341
0.740448
0.134933
-0.310664
0.113778
-0.417829
-0.493514
-0.420461
-0.524920
0.261050
-0.708635
-0.646142
-0.234406
-0.068924
-0.198767
-0.524142
-0.385532
-0.445611
-0.699752
-0.589098
-0.059988
-0.361097
-0.322333
-0.746076
-0.790340
-0.752364
-0.622966
-0.046794
-0.571521
-0.494169
-0.033965
-0.501418
-0.708601
-0.573206
-0.339791
-0.817032
0.545594
-0.614754
0.230756
-0.858488
-0.808700
-0.587979
-0.362047
0.389863
0.301519
-0.540087
-0.619240
0.315229
-0.337362
0.510526
0.668842
-0.599320
-0.435527
-0.426168
-0.572621
-0.584204
0.199425
0.106185
0.136775
-0.001714
0.708347
-0.593624
-0.294319
0.462109
-0.487134
1.076492
0.375639
-0.450137
0.074708
1.434288
1.211945
0.134715
1.532682
0.258465
1.258485
0.875095
-0.145613
1.857290
-0.098890
0.082716
0.916579
-0.742371
0.686452
0.213784
0.314245
-0.325412
-0.837898
0.492743
-0.731838
-0.278978
0.260609
1.385522
-0.165306
0.356106
-0.674058
-0.244462
-0.884634
0.524539
-0.827599
-0.842205
-0.295740
0.073179
1.211489
1.260679
-0.572314
-0.095836
0.044579
0.479792
-0.790974
1.325689
0.439857
0.327989
-0.200402
-0.735446
-0.899611
-0.794343
0.467951
-0.224736
-0.755142
0.177929
0.439843
0.834788
0.136155
0.763761
-0.498972
0.412117
0.879597
0.203959
1.161430
0.148123
-0.353368
1.122918
0.283833
0.793635
0.446419
-0.006549
0.072371
0.328116
0.057673
0.200662
-0.398821
-0.293429
0.104354
-0.216314
-0.043497
0.647505
0.917067
-0.327281
0.271269
-0.300475
-0.229576
0.320030
-0.183156
0.002591
0.846162
0.510200
-0.148399
-0.409061
-0.514379
0.885764
1.272231
0.319919
-0.618657
0.342919
0.323415
1.356299
0.747012
0.484613
1.156953
-0.482027
0.375196
-0.597836
0.610438
0.314689
0.565775
-0.026273
-0.214138
0.830132
-0.066519
-0.175560
-0.018794
0.469543
0.745686
0.590616
-0.185254
-0.519938
-0.442388
-0.409972
-0.596373
-0.427537
-0.368286
-0.697979
-0.442976
-0.316498
-0.548985
-0.443981
-0.208453
-0.367196
-0.703256
0.121379
-0.739213
-0.658403
-0.477370
-0.224778
-0.828439
-0.118312
-0.485215
-0.645826
-0.193663
-0.784723
1.401156
-0.172969
-0.307331
-0.818839
-0.642304
-0.311955
-0.000031
-0.832187
-0.609824
-0.857358
-0.158047
-0.661277
-0.665786
-0.720815
-0.076091
-0.164817
0.001434
-0.796770
-0.511409
0.468870
-0.764935
0.039896
-0.027023
-0.163971
-0.520780
0.079012
0.363073
0.763224
-0.199867
0.383718
0.010830
-0.403633
2.284581
0.140911
0.248074
-0.650186
-0.418026
-0.432253
0.539433
0.051457
0.390495
0.435536
-0.443007
-0.781007
-0.568909
1.025065
0.887775
0.357163
0.716139
1.287869
0.650177
0.834319
-0.783610
0.008298
-0.230533
0.210737
-0.653012
0.328178
1.269090
-0.412196
0.497917
-0.937188
-0.101848
-0.699249
-0.265704
-0.305045
-0.385819
-0.199979
-0.723065
-0.013719
-0.541734
0.445847
-0.890290
-0.592704
-0.555329
-0.790449
0.693733
-0.400376
-0.629458
0.703077
0.679969
-0.624949
-0.901745
0.425935
-0.831236
-0.595636
1.605938
-0.845554
0.480446
-0.574304
-0.815463
-0.772744
0.539020
1.099623
-0.048179
-0.528113
2.128819
0.060673
-0.116753
0.552223
1.968192
0.208164
1.243279
1.333636
1.164562
-0.184787
-0.395393
-0.228875
0.343695
0.160778
0.881983
0.295659
0.339943
0.063141
-0.091094
1.038815
0.079602
0.068239
1.059435
-0.146664
0.205079
0.274092
-0.114877
0.671688
0.877698
-0.440096
-0.430712
-0.480372
-0.312747
-0.092355
-0.080379
0.266841
0.601895
0.033209
0.864007
1.769618
-0.218087
-0.169867
-0.548662
0.637490
-0.152731
0.028680
-0.018706
1.060284
2.219834
0.494395
-0.360612
0.823897
0.897252
0.879162
0.973203
0.654355
0.029081
0.331167
-0.306427
0.254811
-0.065556
0.372139
-0.596003
-0.532143
0.195644
0.024883
-0.669209
-0.661857
-0.238424
-0.171162
-0.391384
-0.471857
-0.255169
-0.616662
0.823778
-0.360655
-0.029371
-0.385004
-0.573276
-0.570704
-0.411344
-0.614706
-0.865615
-0.652963
-0.361112
-0.687718
0.434222
-0.629050
-0.696622
-0.324453
-0.683326
-0.753381
-0.746793
-0.720361
-0.370979
-0.684850
-0.573091
-0.179151
-0.670679
-0.038593
-0.553816
-0.227992
0.055382
-0.389409
0.005649
0.357488
0.420060
-0.663852
-0.542096
-0.120497
-0.561238
-0.064004
1.074266
-0.543604
-0.777695
-0.589655
-0.449202
-0.333308
-0.352805
-0.105724
0.430983
-0.131695
-0.666123
-0.462296
1.316116
0.222793
1.093157
0.027668
1.302354
-0.323377
-0.337181
-0.523056
2.539235
-0.580161
0.343611
1.366953
0.403021
1.480386
0.515174
0.346699
-0.037727
1.080789
-0.665819
-0.276411
-0.081093
-0.674732
0.342405
0.150241
-0.045500
0.280950
0.290679
-0.056889
0.345676
-0.162530
-0.894794
1.077533
-0.726995
0.095603
-0.307591
-0.028667
0.672580
-0.652823
-0.379657
-0.356770
-0.308457
-0.758819
-0.224006
-0.420469
-0.049828
-0.393848
-0.823118
1.238150
-0.852889
-0.362777
-0.516227
-0.394828
-0.406614
-0.755136
-0.414478
-0.880373
-0.148328
0.624976
1.839176
1.742191
1.388864
0.465232
0.988950
0.406885
0.490018
-0.325741
-0.464999
-0.337038
-0.473804
0.245992
-0.283150
0.014870
-0.110330
-0.329981
0.217168
-0.028476
0.092820
-0.288699
0.958442
0.398612
-0.075158
0.715224
0.194231
-0.327231
-0.020455
0.736379
-0.251419
1.669201
0.273116
0.072239
0.402419
1.542715
-0.325707
-0.155674
-0.146619
-0.443268
0.692936
1.233738
1.140962
1.672308
0.191681
1.287610
-0.105703
0.100528
0.383791
2.198954
0.893853
0.381604
0.035278
0.636102
1.005476
0.316236
0.758989
-0.488807
1.117475
-0.153101
0.428608
0.858056
-0.011748
-0.399300
0.683736
-0.074030
0.754317
0.307421
-0.742676
-0.738453
-0.400002
-0.546488
0.152935
-0.092561
-0.514675
-0.277209
-0.610543
-0.186814
-0.374618
-0.726449
-0.421311
-0.790771
-0.474453
-0.636380
-0.794511
-0.220371
-0.865421
-0.511767
-0.642674
-0.845187
-0.892158
-0.239650
-0.358105
-0.528124
-0.939301
-0.243214
-0.526787
-0.645016
-0.484642
-0.826055
-0.744283
-0.925557
-0.058968
-0.719743
-0.731284
-0.244008
-0.387140
-0.708229
-0.258451
0.454075
-0.612375
-0.337980
0.195264
-0.535892
-0.434602
-0.336761
-0.554553
-0.240564
-0.429837
-0.223152
0.469759
0.411347
-0.183216
0.324136
0.752916
-0.279720
-0.449689
-0.263399
0.012095
-0.087397
1.588823
1.780845
0.118824
0.574006
-0.213741
1.346122
-0.333618
-0.086108
1.061328
0.084316
1.798455
-0.226860
0.759821
-0.399709
0.213767
1.387905
1.058154
-0.588495
-0.639866
-0.770866
-0.649703
-0.499521
-0.619496
0.485227
0.589033
-0.659193
-0.378332
0.283215
0.032730
-0.526704
-0.322755
-0.824461
-0.442322
-0.333138
0.963193
-0.905145
-0.659612
-0.338499
-0.785041
-0.631463
-0.566264
0.281290
-0.240165
-0.890834
-0.316333
-0.768333
0.202569
-0.062972
1.055079
-0.821556
0.433967
-0.601825
0.801807
0.252746
-0.602670
0.091567
0.856942
0.958219
1.227982
0.587142
0.714392
0.963968
-0.544361
0.688790
0.130599
-0.494785
1.960634
-0.586309
-0.485044
-0.364670
1.098366
1.379965
-0.342571
-0.116166
-0.290864
1.861187
0.564386
0.663648
1.075516
0.551995
-0.101740
-0.004462
0.601762
0.039210
0.066520
0.702724
-0.036821
0.768332
1.475740
-0.199990
-0.314717
1.029672
0.714363
1.551431
0.877091
0.639594
1.048944
0.164910
0.314379
1.167307
1.106763
0.659036
1.064696
0.305865
0.786468
0.557642
1.484820
-0.121255
-0.529374
0.460178
-0.163175
0.886363
0.739367
0.705799
0.588431
0.473116
0.132348
-0.515693
0.730648
-0.228158
-0.204417
-0.614088
-0.146421
-0.298706
-0.476382
-0.789969
-0.363511
-0.416137
-0.430986
-0.446047
0.027704
-0.134715
-0.451036
-0.428478
-0.885254
-0.040976
-0.809963
-0.253390
0.083260
-0.638659
-0.135900
0.508890
-0.271505
-0.913382
-0.845652
-0.580875
-0.489275
-0.696784
-0.322360
-0.492987
-0.730482
0.165871
-0.447135
-0.660565
-0.411940
-0.660744
-0.125087
-0.829928
-0.850867
-0.599962
-0.424289
-0.140008
0.838309
-0.217875
-0.375591
-0.562945
-0.594836
-0.544830
-0.394162
0.724165
0.258718
-0.575029
-0.565679
-0.515159
-0.555498
0.641175
0.914184
-0.131594
0.639069
-0.443629
-0.254151
-0.074292
-0.368656
-0.559403
-0.250000
0.612135
1.535171
-0.310286
0.343545
-0.724305
-0.551140
-0.562349
0.832561
-0.301049
1.116295
-0.244668
0.173776
0.498039
-0.515523
-0.521047
-0.334753
0.973831
-0.379145
1.146061
-0.555491
0.207565
-0.613777
-0.166940
-0.366841
-0.683860
0.534273
-0.637050
0.007659
0.966750
-0.266578
-0.609885
0.847005
-0.666663
-0.769938
-0.710969
0.966043
-0.098855
-0.394736
-0.148934
-0.744516
0.756968
0.033426
0.428736
2.048086
-0.853877
-0.909695
0.311276
-0.359472
-0.622581
0.527526
0.078108
0.279876
0.891553
-0.457633
-0.391312
-0.206122
0.341750
0.533559
-0.266194
0.339604
-0.186238
0.615258
2.412907
-0.415813
-0.401644
0.166001
0.392215
0.134909
1.066638
-0.066762
-0.308647
-0.395824
0.154592
-0.080586
-0.365011
0.051241
0.093166
-0.105921
0.264040
-0.094400
0.330995
-0.360700
-0.034902
0.027180
-0.579427
0.567645
0.940004
-0.539123
-0.530707
1.187171
-0.590136
0.031882
-0.753673
1.437545
0.314240
1.286818
-0.605317
0.385028
-0.555918
-0.191411
0.645702
1.215138
-0.774683
0.219266
1.246260
0.144371
1.624255
1.587085
0.305943
0.589099
1.321681
1.079462
0.084299
0.171942
0.087233
-0.416373
1.248993
-0.409451
-0.436802
-0.098620
-0.560732
-0.435983
0.234990
-0.211267
-0.019609
-0.109244
0.366413
-0.518235
-0.581698
0.137179
-0.761037
0.308278
-0.211096
0.225880
0.017528
-0.858966
-0.660796
-0.334738
-0.747800
-0.028559
-0.172926
-0.658997
-0.632577
-0.519447
-0.079826
-0.540905
-0.688785
-0.259388
0.123507
-0.618672
-0.776886
-0.260965
-0.172495
-0.792364
-0.035708
-0.648308
-0.547208
-0.598844
-0.574651
-0.370890
-0.221519
1.439686
-0.480538
-0.112625
-0.097436
-0.101310
0.284161
0.686214
-0.480527
-0.529400
0.755348
0.569826
-0.456259
-0.527575
-0.456969
0.027288
0.051111
1.043040
-0.264188
0.383047
0.271690
-0.417678
-0.052917
-0.288490
0.594235
-0.673142
1.212338
-0.721759
0.522777
0.183831
0.493826
-0.410181
-0.660594
0.155560
0.544229
0.740421
-0.481994
0.211882
-0.572612
-0.454082
-0.666797
-0.559977
1.476065
-0.209720
-0.727463
-0.457445
-0.345131
-0.418004
1.016254
-0.408096
-0.605858
0.017787
0.511281
-0.138330
0.029029
-0.065530
-0.418675
0.298752
-0.032497
-0.573249
0.181679
-0.665059
-0.353893
-0.542565
-0.615065
0.169105
-0.885624
-0.555384
-0.371725
0.484556
-0.879866
1.770183
-0.802356
0.584933
-0.800406
1.113603
0.326287
-0.257839
-0.106928
-0.309896
-0.111790
-0.798629
1.546050
1.786921
-0.318270
0.523074
0.404280
0.298659
-0.047677
1.234683
0.343723
2.060382
0.524954
-0.483056
0.321284
-0.372663
-0.065058
-0.342642
0.066163
0.806543
-0.100958
0.120754
0.129943
-0.028287
-0.066008
-0.263105
0.368552
-0.382273
0.302284
0.559076
0.945469
-0.098573
-0.346214
0.443610
-0.490469
0.069899
-0.387199
0.649247
0.270458
0.361017
0.693836
0.730718
-0.575536
0.131424
0.799123
0.604699
0.180112
-0.416333
-0.205767
-0.199954
0.092897
0.595317
-0.719161
0.471406
1.383576
0.665357
0.581236
0.606481
0.305945
1.039204
-0.510472
-0.527382
-0.197968
-0.462710
-0.219216
-0.500860
0.320715
-0.492339
-0.624384
-0.469727
-0.524385
-0.226324
-0.161095
0.007053
0.295725
-0.678515
0.005684
0.320202
-0.494140
-0.469154
-0.677420
1.062911
-0.669690
-0.398461
-0.736622
-0.647828
-0.986687
-0.735256
-0.174709
0.114794
-0.848649
-0.543749
-0.375566
-0.728350
-0.377875
-0.736257
-0.342929
-0.628495
-0.066852
-0.423699
-0.331090
-0.405690
0.262822
-0.388722
0.715754
-0.612181
-0.603157
-0.038463
-0.246470
0.370221
-0.458748
-0.691655
0.240376
0.187121
0.152295
-0.202840
0.745772
-0.593568
2.745395
1.517251
3.176194
-0.435192
0.247017
-0.487320
0.234385
2.407460
0.971959
-0.567370
-0.403448
0.581330
0.230354
0.580128
0.777138
0.614739
-0.762903
0.203096
0.082746
-0.318128
-0.829125
-0.723748
-0.891036
-0.792068
0.121710
1.232556
0.419626
-0.418101
-0.181658
-0.617788
0.837934
0.215614
-0.288304
0.449274
-0.772823
-0.871746
-0.014236
-0.543455
-0.375591
-0.041350
-0.003226
-0.821296
-0.143286
-0.660004
-0.437341
-0.763020
-0.298150
-0.430755
-0.805168
-0.962071
-0.658079
0.192723
-0.374470
0.376097
-0.033858
0.802898
0.446107
-0.015199
-0.181973
-0.569622
0.359769
0.053124
1.002226
-0.573983
1.239677
0.729656
1.369108
0.389863
0.504963
-0.545442
0.759156
1.388255
-0.196672
0.159413
0.162331
0.356427
1.122957
0.142244
0.002476
-0.102280
0.074594
-0.146408
0.232905
-0.122962
0.409490
0.155179
-0.234933
-0.278897
1.329625
-0.348213
0.625158
-0.105914
0.413200
-0.436348
0.226155
-0.344792
0.272912
-0.265410
0.354373
0.960139
1.270723
0.547651
0.799591
-0.675318
0.197082
0.355355
-0.088747
-0.542628
0.735091
0.366618
1.675399
0.494703
-0.411077
0.603975
0.383471
-0.666262
1.136643
-0.647300
1.146438
1.139926
1.832549
0.894038
-0.181969
-0.149862
-0.042570
-0.319885
-0.217110
-0.395163
0.189081
-0.312006
-0.665275
-0.347511
0.095812
-0.507558
0.039480
-0.611011
-0.738823
-0.323655
-0.627542
0.412238
-0.499859
-0.567960
-0.114084
-0.729270
-0.429478
-0.794471
0.679291
-0.440341
-0.261709
-0.281000
-0.553544
-0.376913
-0.458356
-0.779138
-0.833678
-0.698681
-0.466256
-0.425782
-0.557428
-0.424025
-0.717239
-0.091940
-0.652618
-0.101296
-0.439392
-0.802019
0.224155
0.161666
0.134648
-0.362506
-0.622543
-0.382960
0.081270
-0.501158
0.221621
0.603843
0.119120
-0.068939
-0.567082
-0.367463
0.209108
0.871087
-0.467564
-0.456497
1.187402
1.511627
-0.497135
0.282330
-0.216636
-0.576007
-0.284986
0.233532
1.054923
-0.096985
0.602976
0.899135
1.349676
0.417305
-0.751092
-0.428304
-0.805695
-0.212896
0.679422
0.298734
0.313268
0.064009
-0.783135
-0.198523
-0.459944
-0.284430
0.131965
0.294885
0.186514
-0.772198
0.414184
-0.877393
-0.366291
0.298351
-0.582892
-0.676115
1.191758
0.383317
0.143197
0.328046
-0.810662
1.351905
-0.595309
0.480534
0.419921
-0.812759
-0.288037
-0.563106
-0.611210
1.353849
0.489469
-0.158898
-0.230441
0.960141
-0.712771
-0.763200
1.457621
-0.786152
0.172356
1.209025
-0.746383
1.002971
0.282296
1.243446
-0.424136
0.845216
0.201656
-0.186084
2.238436
0.370066
0.002588
0.096010
-0.217017
-0.046810
-0.314768
-0.277653
-0.368809
-0.140429
-0.284811
0.174213
0.229653
0.306796
-0.167792
-0.111490
0.164165
0.233434
0.148622
-0.205160
0.250475
0.469940
-0.084634
-0.216531
-0.349380
0.218867
1.337091
0.238866
-0.250048
0.167025
0.570640
-0.101014
-0.403325
-0.362509
1.192326
1.036152
0.284911
0.043685
0.550327
0.324969
1.102015
-0.661288
1.468579
-0.181658
0.420650
0.816780
0.747022
0.013867
0.819902
1.416013
-0.225235
0.792336
0.298825
0.097144
0.154335
-0.077845
-0.568376
-0.147494
-0.741950
-0.465256
-0.164360
-0.218865
-0.623176
-0.070960
0.114631
-0.024597
-0.677835
-0.615145
-0.742763
-0.452208
-0.153263
-0.384569
-0.692989
-0.722935
-0.779233
-0.921112
-0.353555
-0.337061
-0.592322
-0.360216
0.321870
-0.832770
-0.861827
-0.907398
-0.266233
-0.616237
-0.663877
0.298507
-0.924184
0.251485
-0.175359
-0.672622
-0.821445
-0.815365
-0.577392
-0.110629
-0.647265
-0.259176
-0.177634
-0.135868
-0.599169
-0.040328
-0.099734
-0.629765
-0.574677
-0.674158
-0.608357
0.046397
0.426974
-0.161240
-0.300583
-0.250168
-0.261966
0.842510
-0.159918
-0.078977
0.483916
0.595247
1.157919
0.139499
-0.008438
1.264178
0.772030
0.899421
0.091103
1.007959
1.292339
0.202205
0.254793
0.262299
-0.117886
-0.348426
0.106061
0.680145
-0.529653
1.728469
1.170409
-0.285403
0.006364
-0.704994
-0.582070
-0.410855
-0.632358
-0.879998
-0.424642
-0.536274
-0.078852
-0.073710
-0.379921
0.196034
0.016309
-0.271975
-0.376336
-0.263120
-0.126128
-0.155104
1.241331
-0.369046
-0.223063
-0.543898
-0.695574
0.000654
0.535806
1.585011
0.176383
-0.898691
-0.609136
-0.905133
-0.370559
0.929495
-0.740054
-0.176119
0.171335
0.457929
0.403906
0.471894
0.985082
0.884969
-0.564616
0.751557
0.258289
2.432326
-0.448704
0.000714
-0.071021
0.468231
0.291253
0.293561
-0.594592
-0.117856
-0.311011
0.161351
0.773936
0.397751
-0.146970
-0.104827
0.238258
-0.261126
0.976188
-0.063693
1.522593
2.134421
-0.322532
-0.232353
0.695663
-0.304425
0.332341
0.146872
-0.455260
0.666719
1.132478
0.130735
0.891945
-0.271659
0.216727
1.197050
0.223028
0.473126
0.991734
0.948154
1.063235
0.246167
0.586938
0.842919
0.620431
0.580913
-0.288877
0.601044
0.846955
0.303968
0.361973
0.204904
0.396348
0.837813
0.524774
-0.020451
0.768293
-0.402628
0.012214
-0.645471
-0.701550
-0.644511
-0.737549
-0.738346
-0.427273
0.239823
-0.454112
-0.338921
0.286630
-0.163723
-0.321183
-0.456860
-0.740961
0.027825
-0.492197
-0.676445
0.065092
-0.541884
-0.588304
-0.504994
-0.699775
-0.785089
-0.019918
-0.642218
-0.104714
-0.216726
-0.816511
-0.840018
-0.674377
-0.828539
-0.101904
-0.753704
-0.731918
-0.109007
-0.254500
-0.467367
-0.676481
-0.875900
0.687674
0.461718
-0.764373
-0.169456
-0.775261
-0.765358
0.237556
-0.331489
-0.368142
0.000839
-0.364771
0.312715
-0.045853
0.678503
0.140701
-0.394504
-0.148477
-0.156010
0.109061
-0.096559
0.574715
0.552337
-0.400474
-0.048551
1.500800
-0.603967
-0.049365
-0.853692
-0.252023
-0.126258
0.860130
-0.151010
-0.878049
0.221608
1.812787
-0.726426
-0.635531
2.040431
-0.685353
0.397038
-0.923961
0.414274
0.759238
0.677886
-0.453154
-0.682368
-0.711834
-0.236893
0.166942
-0.063296
0.644905
-0.700358
-0.879363
-0.301818
-0.269951
-0.862329
-0.776160
-0.497011
-0.843133
-0.062841
0.231379
-0.358040
-0.163666
1.432274
-0.619904
-0.169055
0.379113
0.444519
1.059913
-0.471505
0.251417
0.444479
1.437153
-0.711330
-0.153415
-0.431622
-0.202260
0.521904
-0.419548
0.321796
0.954822
-0.141916
0.028508
1.997877
0.351256
-0.720346
1.301028
0.174926
1.569788
-0.436043
-0.013422
-0.031097
0.030248
-0.588063
-0.604484
-0.801590
0.294718
-0.537056
-0.860926
-0.184206
0.349624
0.073190
-0.180313
0.890168
2.181067
0.753012
1.308990
0.183101
-0.368371
-0.009639
0.523316
1.228952
0.345509
-0.458784
-0.773590
-0.669711
-0.603867
-0.134322
1.268167
0.595394
1.376828
2.145561
1.420389
0.267034
-0.037200
-0.249286
1.040649
1.747405
1.443377
1.024677
0.587375
1.319726
0.583953
0.335814
0.612475
1.607844
0.164365
0.639981
0.301324
1.125444
0.294771
-0.030111
0.214348
0.580005
-0.602149
-0.078164
-0.828234
-0.466959
0.264270
-0.331762
-0.991354
-0.351938
-0.931394
-0.496089
-0.582431
-0.707559
0.007714
-0.685519
-0.640932
-0.727679
-0.690154
0.201899
-0.618463
-0.393291
-0.739333
0.074560
-0.110877
-0.931329
-0.343380
-0.498587
-0.620914
-0.547899
-0.547523
-0.622975
-0.164346
-0.377944
